8977,2583,4822,4949,1822,6557
8977,2583,4822,1468,5370,5919
8977,2583,4822,8081,8724,1044
8977,2583,4822,1190,7499,694
8977,2583,4822,5656,7020,4799
8977,2583,4822,3637,1860,9885
8977,2583,4822,596,4131,8852
8977,2583,4822,2579,766,3216
8977,2583,4822,5444,2416,956
8977,2583,4822,4860,6197,9279
8977,2583,4822,2289,2536,2567
8977,2583,4822,3376,868,3170
8977,2583,4822,3338,757,28
8977,2583,4822,2600,7707,7562
8977,2583,4822,205,37,3174
8977,2583,4822,6854,5823,3092
8977,2583,4822,8847,7244,2619
8977,2583,4822,163,9023,4714
8977,2583,4822,5495,1513,5964
8977,2583,4822,7585,2361,3392
8977,2583,4822,9926,2330,3595
8977,2583,4822,1634,1658,1068
8977,2583,4822,6479,6685,7404
8977,2583,4822,3080,6259,8586
8977,2583,4822,4462,2602,7098
8977,2583,4822,3804,7042,4468
8977,2583,4822,8799,1087,4674
8977,2583,4822,8826,9066,966
8977,2583,4822,5038,9213,4568
8977,2583,4822,3246,3513,7161
8977,2583,4822,4443,2852,2862
8977,2583,4822,5326,2788,1740
8977,2583,4822,3552,1856,3011
8977,2583,4822,5731,2748,142
8977,2583,4822,2574,8940,1541
8977,2583,4822,6624,8193,8450
8977,2583,4822,9696,5397,9030
8977,2583,4822,4645,8221,2980
8977,2583,4822,783,8693,5379
8977,2583,4822,6708,1124,7481
8977,2583,4822,3095,7643,9486
8977,2583,4822,2369,7484,3645
8977,2583,4822,77,4483,9343
8977,2583,4822,5507,6702,7442
8977,2583,4822,7951,9349,242
8977,2583,4822,3227,4324,9731
8977,2583,4822,9350,1141,5176
8977,2583,4822,5259,405,4132
8977,2583,4822,9032,9228,9834
8977,2583,4822,3314,6959,8464
8977,2583,4822,7179,5765,735
8977,2583,4822,4311,6506,4892
8977,2583,4822,5418,308,6105
8977,2583,4822,5173,2537,556
8977,2583,4822,627,5807,2545
8977,2583,4822,5838,754,1010
8977,2583,4822,1338,6421,1529
8977,2583,4822,297,7848,6278
8977,2583,4822,8739,3182,6003
8977,2583,4822,102,2243,2574
8977,2583,4822,418,2151,395
8977,2583,4822,4092,3522,8633
8977,2583,4822,3786,3934,6966
8977,2583,4822,7017,996,1706
8977,2583,4822,6577,6064,6577
8977,2583,4822,6445,2346,1244
8977,2583,4822,7414,8464,790
8977,2583,4822,8420,9675,5299
8977,2583,4822,1973,4671,8821
8977,2583,4822,581,9550,8476
8977,2583,4822,9891,1865,4247
8977,2583,4822,7102,7600,7103
8977,2583,4822,2,4052,6863
8977,2583,4822,7302,4882,5714
8977,2583,4822,4082,8623,1185
8977,2583,4822,9869,5441,2663
8977,2583,4822,6229,3274,2249
8977,2583,4822,136,5465,979
8977,2583,4822,7209,1188,6602
8977,2583,4822,6103,1745,6197
8977,2583,4822,4923,9403,3570
8977,2583,4822,2329,7003,9776
8977,2583,4822,623,5733,6988
8977,2583,4822,9253,759,315
8977,2583,4822,4517,7629,4645
8977,2583,4822,4318,3874,2645
8977,2583,4822,3849,6373,1466
8977,2583,4822,1066,7616,6513
8977,2583,4822,4492,9551,4749
8977,2583,4822,1757,5907,3378
8977,2583,4822,6760,4853,7140
8977,2583,4822,5282,875,3508
8977,2583,4822,5901,7629,4565
8977,2583,4822,9558,1809,2255
8977,2583,4822,3356,2758,8517
8977,2583,4822,7157,5487,4795
8977,2583,4822,6760,4942,3938
8977,2583,4822,4309,808,1876
8977,2583,4822,7714,9451,8104
8977,2583,4822,3458,4456,6248
8977,2583,4822,5924,8968,2872
8977,2583,4822,2881,4913,9863
8977,2583,4822,3878,4987,1640
8977,2583,4822,5355,3203,6607
8977,2583,4822,6958,6598,846
8977,2583,4822,717,6504,2426
8977,2583,4822,2138,8110,2843
8977,2583,4822,2454,5835,9416
8977,2583,4822,279,5191,8031
8977,2583,4822,7732,8463,2898
8977,2583,4822,3982,5516,6732
8977,2583,4822,6244,2250,455
8977,2583,4822,4811,1242,4096
8977,2583,4822,3962,2539,8446
8977,2583,4822,7698,3552,6656
8977,2583,4822,2664,5119,8926
8977,2583,4822,2851,2876,5959
8977,2583,4822,7805,4365,6154
8977,2583,4822,8673,5359,6270
8977,2583,4822,329,1183,3450
8977,2583,4822,9661,3221,658
8977,2583,4822,7512,7802,8777
8977,2583,4822,1219,8759,118
8977,2583,4822,2348,6156,3962
8977,2583,4822,1966,6962,7550
8977,2583,4822,6906,3646,9715
8977,2583,4822,3516,9350,8062
8977,2583,4822,4288,6120,2439
8977,2583,4822,921,6629,9207
8977,2583,4822,4842,3632,111
8977,2583,4822,7730,1233,6241
8977,2583,4822,4697,2841,8967
8977,2583,4822,4189,9726,3341
8977,2583,4822,8624,8836,697
8977,2583,4822,9547,8416,4797
8977,2583,4822,8798,9151,2128
8977,2583,4822,8998,7980,2680
8977,2583,4822,8630,691,6819
8977,2583,4822,6560,8415,1515
8977,2583,4822,1908,1914,6741
8977,2583,4822,5232,8286,5250
8977,2583,4822,9101,2254,7414
8977,2583,4822,9624,5033,3721
8977,2583,4822,8199,6570,7243
8977,2583,4822,8538,7797,8280
8977,2583,4822,8606,6067,4215
8977,2583,4822,5815,9443,8886
8977,2583,4822,1157,4766,5584
8977,2583,4822,2886,3429,1023
8977,2583,4822,561,9605,7341
8977,2583,4822,4547,4869,5741
8977,2583,4822,598,4850,6761
8977,2583,4822,8269,5964,5264
8977,2583,4822,2982,3959,6504
8977,2583,4822,8959,4184,1460
8977,2583,4822,2140,9705,6464
8977,2583,4822,42,6643,6481
8977,2583,4822,797,867,7885
8977,2583,4822,8830,7263,1840
8977,2583,4822,7284,8189,9753
8977,2583,4822,6990,6800,3284
8977,2583,4822,4497,3642,7450
8977,2583,4822,7003,6616,3798
8977,2583,4822,3585,5209,4131
8977,2583,4822,7997,2206,4413
8977,2583,4822,8728,9963,9687
8977,2583,4822,6649,6377,6579
8977,2583,4822,7993,1285,2440
8977,2583,4822,4979,394,5662
8977,2583,4822,5372,2721,1423
8977,2583,4822,4083,7489,2558
8977,2583,4822,5654,3838,208
8977,2583,4822,3961,6959,4532
8977,2583,4822,848,7687,7753
8977,2583,4822,362,3862,7587
8977,2583,4822,5975,3476,5415
8977,2583,4822,851,4697,8690
8977,2583,4822,8287,633,6980
8977,2583,4822,7960,4343,4603
8977,2583,4822,6450,5633,4184
8977,2583,4822,1042,2010,7825
8977,2583,4822,4569,6631,7797
8977,2583,4822,7071,1791,569
8977,2583,4822,695,6588,5023
8977,2583,4822,7946,5717,1879
8977,2583,4822,3398,9705,2577
8977,2583,4822,4949,8771,6843
8977,2583,4822,2370,8134,3335
8977,2583,4822,8787,4142,7556
8977,2583,4822,3859,7273,9832
8977,2583,4822,8906,1261,6213
8977,2583,4822,3836,6815,3700
8977,2583,4822,5858,8476,551
8977,2583,4822,402,9214,3052
8977,2583,4822,5948,7477,1194
8977,2583,4822,2861,3902,6430
8977,2583,4822,9365,9026,2035
8977,2583,4822,2999,1499,1838
8977,2583,4822,3759,7280,7535
8977,2583,4822,932,992,8681
8977,2583,4822,7694,8143,2985
8977,2583,4822,1054,2372,4815
8977,2583,4822,930,6776,7735
8977,2583,4822,9019,6490,6778
8977,2583,4822,1993,2218,8685
8977,2583,4822,9558,3428,6698
8977,2583,4822,7118,1813,4795
8977,2583,4822,8045,4436,2718
8977,2583,4822,9926,4480,7094
8977,2583,4822,4295,4869,4422
8977,2583,4822,1397,1879,702
8977,2583,4822,8358,467,1792
8977,2583,4822,5012,9784,3730
8977,2583,4822,7170,5172,9803
8977,2583,4822,1594,8147,6373
8977,2583,4822,458,2542,9767
8977,2583,4822,7148,1231,9177
8977,2583,4822,1125,7493,9750
8977,2583,4822,8490,8957,6468
8977,2583,4822,3395,1085,5306
8977,2583,4822,7352,3938,8358
8977,2583,4822,2411,4280,782
8977,2583,4822,6570,1229,9198
8977,2583,4822,9461,8630,5329
8977,2583,4822,3628,5913,3010
8977,2583,4822,8775,9668,4640
8977,2583,4822,4453,615,1983
8977,2583,4822,6955,1046,2284
8977,2583,4822,9247,2186,7579
8977,2583,4822,6193,1417,7402
8977,2583,4822,5309,1016,6458
8977,2583,4822,3297,3935,7225
8977,2583,4822,6823,6148,5216
8977,2583,4822,4608,1415,101
8977,2583,4822,9353,5069,1537
8977,2583,4822,6734,9710,1930
8977,2583,4822,519,7429,2443
8977,2583,4822,8618,5197,4749
8977,2583,4822,790,4796,7568
8977,2583,4822,6552,7345,54
8977,2583,4822,7945,2658,6319
8977,2583,4822,6252,5808,9295
8977,2583,4822,4617,9617,4467
8977,2583,4822,1401,5474,4710
8977,2583,4822,5183,3982,4568
8977,2583,4822,1012,357,7437
8977,2583,4822,7519,7363,3682
8977,2583,4822,9808,8547,7764
8977,2583,4822,1075,5411,1925
8977,2583,4822,2140,7794,1272
8977,2583,4822,7938,7416,7249
8977,2583,4822,2063,3169,1136
8977,2583,4822,6584,5789,7190
8977,2583,4822,261,9431,3744
8977,2583,4822,6254,3839,2441
8977,2583,4822,9214,4631,3488
8977,2583,4822,1926,3810,2035
8977,2583,4822,5891,1504,9668
8977,2583,4822,5318,6426,5605
8977,2583,4822,3870,4597,1176
8977,2583,4822,366,9692,2932
8977,2583,4822,3355,3657,9325
8977,2583,4822,1301,3588,1683
8977,2583,4822,7569,4363,8027
8977,2583,4822,3808,8258,3526
8977,2583,4822,8467,2237,1466
8977,2583,4822,4396,757,4653
8977,2583,4822,7138,8428,3017
8977,2583,4822,6864,9561,8754
8977,2583,4822,3149,2759,8254
8977,2583,4822,3770,2219,3705
8977,2583,4822,2292,1257,1076
8977,2583,4822,7931,506,2988
8977,2583,4822,7580,6688,3051
8977,2583,4822,6190,3169,3594
8977,2583,4822,9167,6084,9834
8977,2583,4822,7337,4230,4097
8977,2583,4822,2521,9189,1330
8977,2583,4822,203,5841,1422
8977,2583,4822,8356,9408,6943
8977,2583,4822,5505,6873,2417
8977,2583,4822,7215,3327,7927
8977,2583,4822,3354,7330,810
8977,2583,4822,4581,4766,9467
8977,2583,4822,1223,1078,5543
8977,2583,4822,4125,8944,2246
8977,2583,4822,6773,8304,2457
8977,2583,4822,7471,8170,8598
8977,2583,4822,9392,7649,9459
8977,2583,4822,663,5331,996
8977,2583,4822,6398,1058,7620
8977,2583,4822,47,8461,1818
8977,2583,4822,7653,662,8175
8977,2583,4822,6192,7724,1733
8977,2583,4822,8183,9800,1953
8977,2583,4822,8995,5370,7190
8977,2583,4822,4664,6847,9324
8977,2583,4822,7477,7189,6963
8977,2583,4822,6745,8292,7375
8977,2583,4822,4147,7967,6826
8977,2583,4822,4713,8627,682
8977,2583,4822,6682,6997,2029
8977,2583,4822,6439,2330,3575
8977,2583,4822,6997,9810,783
8977,2583,4822,8329,1754,1068
8977,2583,4822,4575,4386,2368
8977,2583,4822,795,5769,6157
8977,2583,4822,8763,9273,6877
8977,2583,4822,531,2027,9690
8977,2583,4822,5524,3860,5931
8977,2583,4822,7887,6933,5983
8977,2583,4822,334,9358,5779
8977,2583,4822,4866,4511,3215
8977,2583,4822,6554,8425,8403
8977,2583,4822,4167,4438,9672
8977,2583,4822,5583,753,3039
8977,2583,4822,7099,1688,7593
8977,2583,4822,2501,7453,2723
8977,2583,4822,8338,2822,4731
8977,2583,4822,9639,3040,45
8977,2583,4822,9373,3371,3305
8977,2583,4822,6835,9022,6363
8977,2583,4822,4335,7091,1393
8977,2583,4822,1318,8397,1648
8977,2583,4822,7392,3168,3916
8977,2583,4822,4116,4965,8009
8977,2583,4822,9959,7096,3707
8977,2583,4822,7464,916,682
8977,2583,4822,390,2492,2877
8977,2583,4822,5414,5830,2603
8977,2583,4822,5806,6275,2606
8977,2583,4822,5753,1106,8176
8977,2583,4822,8276,6160,164
8977,2583,4822,3459,438,6851
8977,2583,4822,8530,9148,3019
8977,2583,4822,3850,4560,5712
8977,2583,4822,4911,1670,610
8977,2583,4822,5110,4005,2003
8977,2583,4822,8237,8840,9408
8977,2583,4822,5193,3647,9114
8977,2583,4822,579,301,7021
8977,2583,4822,5565,9924,2861
8977,2583,4822,8363,3436,2993
8977,2583,4822,5744,3796,2572
8977,2583,4822,7164,296,8429
8977,2583,4822,5109,7707,4809
8977,2583,4822,7972,9178,7083
8977,2583,4822,6221,7602,4864
8977,2583,4822,7167,8814,1740
8977,2583,4822,7,1501,8347
8977,2583,4822,719,798,5743
8977,2583,4822,1635,7772,5516
8977,2583,4822,6632,9563,420
8977,2583,4822,1099,7257,8830
8977,2583,4822,1326,8756,7245
8977,2583,4822,83,902,374
8977,2583,4822,2893,9978,20
8977,2583,4822,5521,3246,2330
8977,2583,4822,8595,7962,890
8977,2583,4822,7314,7605,914
8977,2583,4822,7779,9270,1861
8977,2583,4822,38,4259,6221
8977,2583,4822,1013,7325,4493
8977,2583,4822,5386,616,9787
8977,2583,4822,2674,1578,2369
8977,2583,4822,8193,6488,1947
8977,2583,4822,6560,9485,4493
8977,2583,4822,5007,1343,3916
8977,2583,4822,5829,7613,2690
8977,2583,4822,8784,2595,843
8977,2583,4822,5304,8022,7734
8977,2583,4822,7183,7145,3909
8977,2583,4822,3306,9646,1772
8977,2583,4822,3698,3468,4344
8977,2583,4822,9897,9558,876
8977,2583,4822,4651,40,4387
8977,2583,4822,5576,3984,7684
8977,2583,4822,6468,680,5341
8977,2583,4822,2495,2560,7999
8977,2583,4822,6019,9181,6759
8977,2583,4822,6561,7834,7030
8977,2583,4822,3492,6179,5233
8977,2583,4822,1631,8046,4612
8977,2583,4822,2671,1102,5600
8977,2583,4822,4291,2501,8060
8977,2583,4822,8671,6216,8867
8977,2583,4822,8863,11,1980
8977,2583,4822,7492,2493,3314
8977,2583,4822,252,8676,7343
8977,2583,4822,8848,456,2689
8977,2583,4822,1131,2684,1759
8977,2583,4822,1671,5786,9072
8977,2583,4822,6441,5516,3209
8977,2583,4822,1160,6375,178
8977,2583,4822,4740,7694,672
8977,2583,4822,4416,3544,7492
8977,2583,4822,6405,2197,6904
8977,2583,4822,3603,2115,5871
8977,2583,4822,7490,8056,7661
8977,2583,4822,6566,6530,7327
8977,2583,4822,9960,1182,1201
8977,2583,4822,228,7280,2631
8977,2583,4822,8184,3431,3761
8977,2583,4822,1564,9281,8535
8977,2583,4822,6650,2968,5235
8977,2583,4822,4483,9895,8406
8977,2583,4822,8365,3267,8758
8977,2583,4822,3116,2610,483
8977,2583,4822,5540,388,9399
8977,2583,4822,931,2424,6113
8977,2583,4822,9477,1850,5354
8977,2583,4822,1569,9854,5803
8977,2583,4822,3550,2049,3767
8977,2583,4822,4984,5252,3833
8977,2583,4822,8911,9467,9417
8977,2583,4822,3349,5820,6516
8977,2583,4822,6838,6365,7268
8977,2583,4822,178,6521,7422
8977,2583,4822,9400,682,2654
8977,2583,4822,1852,3833,3101
8977,2583,4822,1409,8353,6152
8977,2583,4822,2000,2100,8735
8977,2583,4822,7167,9593,1160
8977,2583,4822,9338,6882,8149
8977,2583,4822,1920,9422,5974
8977,2583,4822,7240,7507,9544
8977,2583,4822,6392,6212,7203
8977,2583,4822,9964,679,6724
8977,2583,4822,1887,3292,7881
8977,2583,4822,3249,6300,3749
8977,2583,4822,7082,4023,9008
8977,2583,4822,7012,6306,1253
8977,2583,4822,7830,8312,2434
8977,2583,4822,5734,4685,1535
8977,2583,4822,163,7545,1856
8977,2583,4822,1552,8838,4397
8977,2583,4822,6064,2799,8006
8977,2583,4822,8859,5232,8457
8977,2583,4822,1865,2711,4791
8977,2583,4822,3347,5065,2173
8977,2583,4822,3120,3157,4608
8977,2583,4822,7858,3417,433
8977,2583,4822,9558,3230,430
8977,2583,4822,382,5209,3662
8977,2583,4822,3817,18,1169
8977,2583,4822,3187,9017,9751
8977,2583,4822,9972,6724,7459
8977,2583,4822,7360,6224,570
8977,2583,4822,9838,2574,331
8977,2583,4822,3858,5140,5221
8977,2583,4822,2272,4078,2569
8977,2583,4822,9890,235,1483
8977,2583,4822,5437,3875,5391
8977,2583,4822,482,3124,13
8977,2583,4822,1968,1051,3037
8977,2583,4822,2975,8172,9288
8977,2583,4822,3956,9798,5331
8977,2583,4822,5283,3216,8018
8977,2583,4822,1623,8673,348
8977,2583,4822,1107,3758,6793
8977,2583,4822,1619,5330,813
8977,2583,4822,4297,7039,8313
8977,2583,4822,2331,1029,2276
8977,2583,4822,7429,466,5679
8977,2583,4822,718,4192,1788
8977,2583,4822,6552,6137,5345
8977,2583,4822,956,6226,4771
8977,2583,4822,8982,8265,7935
8977,2583,4822,9550,9166,9448
8977,2583,4822,5831,929,336
8977,2583,4822,6165,878,6389
8977,2583,4822,3604,3429,6879
8977,2583,4822,1008,43,9307
8977,2583,4822,2981,6824,8330
8977,2583,4822,5854,2378,6366
8977,2583,4822,3440,1158,8726
8977,2583,4822,3883,4215,7063
8977,2583,4822,9356,8897,4351
8977,2583,4822,7515,9997,206
8977,2583,4822,8203,7197,3640
8977,2583,4822,1401,1840,6771
8977,2583,4822,5828,5262,7083
8977,2583,4822,4584,1892,5339
8977,2583,4822,8538,2405,3794
8977,2583,4822,8995,5946,9423
8977,2583,4822,6832,4894,9829
8977,2583,4822,4569,2626,4388
8977,2583,4822,8454,276,9113
8977,2583,4822,6210,8441,7593
8977,2583,4822,6836,465,3658
8977,2583,4822,7342,2621,7523
8977,2583,4822,7463,779,1541
8977,2583,4822,8101,967,5140
8977,2583,4822,4503,875,7003
8977,2583,4822,6440,4364,2526
8977,2583,4822,4392,1385,8300
8977,2583,4822,6651,6432,3955
8977,2583,4822,3361,926,4882
8977,2583,4822,7805,1988,8372
8977,2583,4822,1512,1077,7751
8977,2583,4822,6286,4443,7695
8977,2583,4822,4419,102,9134
8977,2583,4822,845,4019,5765
8977,2583,4822,9603,2652,3512
8977,2583,4822,3670,3308,5663
8977,2583,4822,7052,1410,1060
8977,2583,4822,7449,6076,4674
8977,2583,4822,9659,8508,4356
8977,2583,4822,5695,2206,1374
8977,2583,4822,7407,9764,8828
