2407,7540,6915,545,5334,4459
2407,7540,6915,8639,8270,1246
2407,7540,6915,6585,4141,3920
2407,7540,6915,6752,6160,8702
2407,7540,6915,5525,3991,3939
2407,7540,6915,6013,9258,115
2407,7540,6915,2395,1147,8641
2407,7540,6915,9396,2918,8701
2407,7540,6915,1012,7749,6609
2407,7540,6915,3846,719,4782
2407,7540,6915,7045,9503,3150
2407,7540,6915,3638,6284,8431
2407,7540,6915,1450,2017,3169
2407,7540,6915,1525,5444,8707
2407,7540,6915,6573,1493,7216
2407,7540,6915,5951,7505,2349
2407,7540,6915,4757,4288,8796
2407,7540,6915,8496,8907,5490
2407,7540,6915,1863,4308,290
2407,7540,6915,46,3140,5595
2407,7540,6915,2931,4004,1444
2407,7540,6915,7411,6790,3578
2407,7540,6915,2254,7152,1466
2407,7540,6915,5990,4511,587
2407,7540,6915,5470,9640,6233
2407,7540,6915,477,1470,3044
2407,7540,6915,1804,3506,5505
2407,7540,6915,5207,3394,6859
2407,7540,6915,9290,2910,9926
2407,7540,6915,3782,772,2376
2407,7540,6915,8912,1056,6150
2407,7540,6915,4474,9947,510
2407,7540,6915,1502,8841,6700
2407,7540,6915,5283,3829,3647
2407,7540,6915,1064,5378,8666
2407,7540,6915,3106,5074,9590
2407,7540,6915,9560,9792,9208
2407,7540,6915,9607,302,7916
2407,7540,6915,565,5932,3629
2407,7540,6915,9043,4461,4619
2407,7540,6915,6609,2259,2931
2407,7540,6915,4056,3381,9320
2407,7540,6915,1391,8723,6984
2407,7540,6915,788,5421,7707
2407,7540,6915,9471,2025,7887
2407,7540,6915,6204,2702,3915
2407,7540,6915,5424,597,2048
2407,7540,6915,4176,1072,3291
2407,7540,6915,5220,7611,661
2407,7540,6915,5606,8974,9396
2407,7540,6915,7526,3628,538
2407,7540,6915,5495,9616,9283
2407,7540,6915,6984,2020,5290
2407,7540,6915,4950,2977,1605
2407,7540,6915,3096,6836,1327
2407,7540,6915,5402,5234,8081
2407,7540,6915,2908,9273,9823
2407,7540,6915,9014,9462,204
2407,7540,6915,9360,1421,174
2407,7540,6915,6994,6671,8505
2407,7540,6915,4060,7705,1905
2407,7540,6915,9895,575,7971
2407,7540,6915,6177,7458,1397
2407,7540,6915,7306,8094,1413
2407,7540,6915,4823,7200,7374
2407,7540,6915,3973,3960,5597
2407,7540,6915,7401,6027,7593
2407,7540,6915,3415,4289,4406
2407,7540,6915,2008,8691,6032
2407,7540,6915,8996,7608,8746
2407,7540,6915,2360,934,9109
2407,7540,6915,3670,438,4556
2407,7540,6915,8918,4180,1616
2407,7540,6915,6167,9187,3680
2407,7540,6915,6641,9780,789
2407,7540,6915,8363,4423,5221
2407,7540,6915,7987,2524,4250
2407,7540,6915,5197,2250,4007
2407,7540,6915,8274,3085,8564
2407,7540,6915,2591,672,5167
2407,7540,6915,3691,2106,6644
2407,7540,6915,1588,9844,9840
2407,7540,6915,3907,2070,9414
2407,7540,6915,5500,2577,3022
2407,7540,6915,5462,2630,7338
2407,7540,6915,588,223,7368
2407,7540,6915,1965,8365,3221
2407,7540,6915,3568,1268,8955
2407,7540,6915,5809,3375,3014
2407,7540,6915,3326,4989,4096
2407,7540,6915,1566,395,5439
2407,7540,6915,7823,2162,4633
2407,7540,6915,5282,5030,6046
2407,7540,6915,6932,4009,8693
2407,7540,6915,7569,4786,4547
2407,7540,6915,1917,1143,5683
2407,7540,6915,5655,5270,7271
2407,7540,6915,7251,5277,9970
2407,7540,6915,3104,2848,3593
2407,7540,6915,9066,1173,2676
2407,7540,6915,6825,6265,5795
2407,7540,6915,8149,9779,4255
2407,7540,6915,6578,2427,528
2407,7540,6915,9064,5735,2458
2407,7540,6915,9122,3891,6961
2407,7540,6915,7173,7167,946
2407,7540,6915,8608,4254,8958
2407,7540,6915,4356,2659,4982
2407,7540,6915,3312,8220,2395
2407,7540,6915,6533,965,1695
2407,7540,6915,7040,4561,526
2407,7540,6915,3970,2009,4212
2407,7540,6915,971,3714,8863
2407,7540,6915,8298,7952,804
2407,7540,6915,8485,9053,9340
2407,7540,6915,641,7836,6575
2407,7540,6915,3409,3737,9925
2407,7540,6915,7568,660,218
2407,7540,6915,3504,4897,950
2407,7540,6915,6892,7759,9436
2407,7540,6915,3981,1032,3412
2407,7540,6915,1291,9079,2923
2407,7540,6915,1123,9463,4598
2407,7540,6915,8879,7510,1398
2407,7540,6915,126,9658,6462
2407,7540,6915,4534,9174,1561
2407,7540,6915,7060,3556,3773
2407,7540,6915,2611,9350,1637
2407,7540,6915,8440,5746,7558
2407,7540,6915,6550,6476,2500
2407,7540,6915,3553,3288,6104
2407,7540,6915,3406,5013,6659
2407,7540,6915,4775,4756,485
2407,7540,6915,2424,7446,816
2407,7540,6915,7270,5657,7631
2407,7540,6915,8226,4286,3156
2407,7540,6915,5663,244,3509
2407,7540,6915,9049,2744,1934
2407,7540,6915,8958,3953,9040
2407,7540,6915,8254,5131,9766
2407,7540,6915,4835,1881,3400
2407,7540,6915,5957,3013,4400
2407,7540,6915,8296,2485,6671
2407,7540,6915,9906,9495,7717
2407,7540,6915,9644,6796,7224
2407,7540,6915,4322,9982,2733
2407,7540,6915,4446,1798,6305
2407,7540,6915,302,8534,8296
2407,7540,6915,3689,1476,1361
2407,7540,6915,905,7218,6887
2407,7540,6915,9791,8296,8918
2407,7540,6915,3887,8715,5660
2407,7540,6915,248,8550,9948
2407,7540,6915,6914,8446,9002
2407,7540,6915,5460,768,4863
2407,7540,6915,4302,129,4287
2407,7540,6915,3284,9215,2009
2407,7540,6915,2977,8117,3263
2407,7540,6915,4496,3977,5498
2407,7540,6915,4951,2849,7610
2407,7540,6915,4592,5886,3162
2407,7540,6915,3427,2929,5153
2407,7540,6915,8847,4339,7858
2407,7540,6915,2673,7462,5874
2407,7540,6915,6321,5285,4137
2407,7540,6915,9506,3835,4844
2407,7540,6915,647,1414,2399
2407,7540,6915,3948,4351,9343
2407,7540,6915,7705,6234,452
2407,7540,6915,308,5644,9822
2407,7540,6915,888,1942,7670
2407,7540,6915,5688,8083,3949
2407,7540,6915,7991,3024,7296
2407,7540,6915,8953,4352,2181
2407,7540,6915,9485,9230,5520
2407,7540,6915,5543,6984,3665
2407,7540,6915,2706,9365,8077
2407,7540,6915,5627,7660,1018
2407,7540,6915,2334,6081,7874
2407,7540,6915,5178,9163,2011
2407,7540,6915,6366,4449,2322
2407,7540,6915,1277,7153,8811
2407,7540,6915,8021,9596,113
2407,7540,6915,399,1710,5459
2407,7540,6915,9042,8857,3924
2407,7540,6915,387,4058,4508
2407,7540,6915,2304,5119,1468
2407,7540,6915,6969,3954,2690
2407,7540,6915,7974,9524,2478
2407,7540,6915,9404,9550,5818
2407,7540,6915,6925,4257,4022
2407,7540,6915,529,3500,9609
2407,7540,6915,6421,1404,7004
2407,7540,6915,7324,9047,4198
2407,7540,6915,6712,3961,3387
2407,7540,6915,3481,1219,8145
2407,7540,6915,7804,7205,5266
2407,7540,6915,707,2333,5247
2407,7540,6915,2495,76,4457
2407,7540,6915,2221,1081,1570
2407,7540,6915,2686,1211,7965
2407,7540,6915,6403,1281,4235
2407,7540,6915,6776,1982,3153
2407,7540,6915,8233,7179,5678
2407,7540,6915,1938,9280,1583
2407,7540,6915,6538,9936,1306
2407,7540,6915,7535,2291,9339
2407,7540,6915,9944,9368,7957
2407,7540,6915,8766,1476,6189
2407,7540,6915,592,9073,5189
2407,7540,6915,8544,6607,4652
2407,7540,6915,8038,2737,4254
2407,7540,6915,6021,5112,3254
2407,7540,6915,7453,426,4969
2407,7540,6915,6599,1694,4629
2407,7540,6915,2749,8635,5153
2407,7540,6915,7833,6687,7715
2407,7540,6915,1153,1335,6521
2407,7540,6915,1370,4680,4160
2407,7540,6915,7865,1005,2552
2407,7540,6915,4888,1085,8086
2407,7540,6915,3640,836,1724
2407,7540,6915,7545,6403,3048
2407,7540,6915,2294,9758,6602
2407,7540,6915,951,6580,3550
2407,7540,6915,7257,2872,8817
2407,7540,6915,1815,1176,6995
2407,7540,6915,2995,8169,737
2407,7540,6915,4807,1988,4459
2407,7540,6915,5769,9818,9827
2407,7540,6915,1064,6326,2704
2407,7540,6915,7737,9784,7689
2407,7540,6915,5175,4875,8070
2407,7540,6915,3424,2530,3873
2407,7540,6915,8794,33,776
2407,7540,6915,9004,1410,6919
2407,7540,6915,1471,7857,3852
2407,7540,6915,6067,226,1424
2407,7540,6915,9521,8268,3248
2407,7540,6915,5448,7014,8189
2407,7540,6915,9909,7222,474
2407,7540,6915,3126,4697,8172
2407,7540,6915,1432,3455,2615
2407,7540,6915,5627,2061,2207
2407,7540,6915,969,645,300
2407,7540,6915,4959,4771,4753
2407,7540,6915,1904,9497,4714
2407,7540,6915,2501,6082,7974
2407,7540,6915,4786,2904,9964
2407,7540,6915,8099,4875,4153
2407,7540,6915,400,216,6227
2407,7540,6915,4026,7365,8023
2407,7540,6915,1986,1660,2583
2407,7540,6915,4434,6101,6862
2407,7540,6915,9962,3154,8379
2407,7540,6915,555,5604,7861
2407,7540,6915,8625,3686,4576
2407,7540,6915,6514,910,91
2407,7540,6915,830,9795,3266
2407,7540,6915,269,48,6647
2407,7540,6915,2635,2600,4040
2407,7540,6915,5068,4541,7728
2407,7540,6915,9119,4886,3026
2407,7540,6915,3753,1872,1771
2407,7540,6915,4419,5626,7432
2407,7540,6915,7128,5262,6447
2407,7540,6915,3937,1222,2336
2407,7540,6915,9065,7115,9319
2407,7540,6915,4982,1072,4624
2407,7540,6915,2861,6084,5429
2407,7540,6915,8966,7524,733
2407,7540,6915,783,275,6894
2407,7540,6915,6424,5279,7646
2407,7540,6915,464,7795,860
2407,7540,6915,7813,5997,5645
2407,7540,6915,3418,7967,3880
2407,7540,6915,7960,1271,97
2407,7540,6915,2806,5904,7702
2407,7540,6915,8071,3839,3297
2407,7540,6915,7289,420,7767
2407,7540,6915,7592,293,7655
2407,7540,6915,7853,6189,7135
2407,7540,6915,6523,1173,1597
2407,7540,6915,5756,9370,3341
2407,7540,6915,1734,9213,4756
2407,7540,6915,2034,4685,9625
2407,7540,6915,360,3767,4379
2407,7540,6915,7387,9568,9006
2407,7540,6915,7583,2955,6405
2407,7540,6915,485,5183,7002
2407,7540,6915,6352,8662,1649
2407,7540,6915,2711,6142,181
2407,7540,6915,1519,9849,3978
2407,7540,6915,7184,5461,5836
2407,7540,6915,1736,7705,84
2407,7540,6915,4055,5833,7084
2407,7540,6915,4265,1790,2234
2407,7540,6915,3105,5344,8222
2407,7540,6915,8490,7503,4348
2407,7540,6915,4252,6660,2271
2407,7540,6915,2078,4414,5649
2407,7540,6915,9008,7580,9403
2407,7540,6915,7129,8020,1369
2407,7540,6915,1521,6855,545
2407,7540,6915,9591,4137,9044
2407,7540,6915,8754,5202,2145
2407,7540,6915,7832,7178,5691
2407,7540,6915,9058,7044,2805
2407,7540,6915,5255,1567,2781
2407,7540,6915,8313,1680,1621
2407,7540,6915,6369,2101,4737
2407,7540,6915,7289,8472,9722
2407,7540,6915,4499,8503,861
2407,7540,6915,4830,268,5409
2407,7540,6915,3852,7064,5263
2407,7540,6915,4559,5581,8327
2407,7540,6915,5365,947,9530
2407,7540,6915,6894,616,6447
2407,7540,6915,3916,9575,8669
2407,7540,6915,7403,8578,905
2407,7540,6915,6353,4306,3682
2407,7540,6915,8289,5905,9572
2407,7540,6915,3048,4461,4666
2407,7540,6915,5582,8406,8492
2407,7540,6915,5422,6658,2312
2407,7540,6915,3900,8574,5543
2407,7540,6915,1901,6764,9793
2407,7540,6915,7908,7642,1780
2407,7540,6915,7185,442,8809
2407,7540,6915,3632,1562,5194
2407,7540,6915,6112,9705,2358
2407,7540,6915,9279,6153,4917
2407,7540,6915,4003,3771,6283
2407,7540,6915,3775,899,3875
2407,7540,6915,4838,7365,1697
2407,7540,6915,3498,7854,1259
2407,7540,6915,7801,6176,277
2407,7540,6915,3615,39,2097
2407,7540,6915,1623,4211,7177
2407,7540,6915,2189,650,6834
2407,7540,6915,5006,4630,3078
2407,7540,6915,2147,9540,3549
2407,7540,6915,4065,1507,412
2407,7540,6915,4806,6900,6391
2407,7540,6915,6523,1223,4660
2407,7540,6915,9375,7328,176
2407,7540,6915,5606,3561,3146
2407,7540,6915,4679,3283,573
2407,7540,6915,9193,260,694
2407,7540,6915,5488,5090,6014
2407,7540,6915,4204,1916,571
2407,7540,6915,4768,3285,2170
2407,7540,6915,3996,3930,8149
2407,7540,6915,2139,8845,4697
2407,7540,6915,503,7507,9102
2407,7540,6915,1235,2227,534
2407,7540,6915,9377,1209,5052
2407,7540,6915,4354,5487,4828
2407,7540,6915,9702,6187,2337
2407,7540,6915,9546,6476,1880
2407,7540,6915,7426,4773,7121
2407,7540,6915,782,8929,2013
2407,7540,6915,2636,7036,7463
2407,7540,6915,90,1047,64
2407,7540,6915,3707,6573,7185
2407,7540,6915,1479,8076,68
2407,7540,6915,1169,25,9121
2407,7540,6915,7096,6981,4259
2407,7540,6915,6719,440,1890
2407,7540,6915,2801,3739,2769
2407,7540,6915,8642,9633,7154
2407,7540,6915,9443,8027,8221
2407,7540,6915,3716,8944,2856
2407,7540,6915,9603,7879,1249
2407,7540,6915,5341,5587,8403
2407,7540,6915,3818,2897,9645
2407,7540,6915,6959,4202,6957
2407,7540,6915,7652,137,2718
2407,7540,6915,1091,8036,5284
2407,7540,6915,7792,7528,9099
2407,7540,6915,2562,2231,787
2407,7540,6915,6076,5932,6322
2407,7540,6915,680,3088,751
2407,7540,6915,7367,7931,5291
2407,7540,6915,1087,9401,415
2407,7540,6915,9432,1533,9923
2407,7540,6915,7210,4694,9749
2407,7540,6915,9226,7874,5988
2407,7540,6915,5531,4751,3549
2407,7540,6915,2525,7907,8256
2407,7540,6915,9588,4281,5892
2407,7540,6915,9594,3917,5107
2407,7540,6915,3951,4463,4338
2407,7540,6915,5427,7911,4388
2407,7540,6915,2607,2051,1069
2407,7540,6915,3520,5389,5567
2407,7540,6915,4128,1019,5608
2407,7540,6915,6665,4035,1766
2407,7540,6915,4043,302,8940
2407,7540,6915,2836,2755,9111
2407,7540,6915,5719,7799,5789
2407,7540,6915,307,3512,3231
2407,7540,6915,7702,7683,5383
2407,7540,6915,2569,2846,6728
2407,7540,6915,6323,4072,7145
2407,7540,6915,6104,8278,4032
2407,7540,6915,2762,1180,1533
2407,7540,6915,1275,4940,5765
2407,7540,6915,494,9501,9165
2407,7540,6915,7474,5459,6824
2407,7540,6915,7216,4106,4936
2407,7540,6915,8858,2256,2533
2407,7540,6915,1869,269,7204
2407,7540,6915,5608,7916,1812
2407,7540,6915,3479,2892,573
2407,7540,6915,8583,4116,2051
2407,7540,6915,333,3950,7036
2407,7540,6915,6887,9564,189
2407,7540,6915,1253,2210,8001
2407,7540,6915,1550,6778,9754
2407,7540,6915,3419,727,8684
2407,7540,6915,4453,7897,6903
2407,7540,6915,4200,1636,5474
2407,7540,6915,5319,7361,7102
2407,7540,6915,8982,4883,2621
2407,7540,6915,8179,5123,6015
2407,7540,6915,1458,6315,4042
2407,7540,6915,4093,7585,858
2407,7540,6915,714,1374,7246
2407,7540,6915,745,7267,1875
2407,7540,6915,1985,461,381
2407,7540,6915,2735,6025,5661
2407,7540,6915,4047,7242,817
2407,7540,6915,2871,1296,1433
2407,7540,6915,8623,8894,5279
2407,7540,6915,4187,1707,5093
2407,7540,6915,1883,2293,8375
2407,7540,6915,7101,1941,6551
2407,7540,6915,6205,2108,9522
2407,7540,6915,3238,5638,9713
2407,7540,6915,5808,3824,348
2407,7540,6915,203,3223,1155
2407,7540,6915,841,7792,1293
2407,7540,6915,8657,6416,9850
2407,7540,6915,2188,223,71
2407,7540,6915,4413,9775,4130
2407,7540,6915,4894,9574,9122
2407,7540,6915,4077,212,2587
2407,7540,6915,9091,8198,3526
2407,7540,6915,2010,3096,4684
2407,7540,6915,2,2956,3580
2407,7540,6915,2296,1454,9640
2407,7540,6915,1370,6132,8705
2407,7540,6915,8795,6210,3750
2407,7540,6915,4099,2408,6820
2407,7540,6915,3903,3972,8800
2407,7540,6915,2005,90,8067
2407,7540,6915,5643,8866,3592
2407,7540,6915,5903,9371,4379
2407,7540,6915,3539,5787,6342
2407,7540,6915,4328,2419,2304
2407,7540,6915,8421,9944,4906
2407,7540,6915,6718,2485,7646
2407,7540,6915,6197,4013,2648
2407,7540,6915,5704,4277,1654
2407,7540,6915,7922,12,3250
2407,7540,6915,8880,5401,3983
2407,7540,6915,1772,381,3201
2407,7540,6915,9654,5530,6544
2407,7540,6915,7570,9936,8397
2407,7540,6915,9093,3115,7030
2407,7540,6915,3567,2492,4687
2407,7540,6915,3452,1535,7739
2407,7540,6915,7498,886,5219
2407,7540,6915,3998,9454,2141
2407,7540,6915,8561,3237,7784
2407,7540,6915,8218,8869,4980
2407,7540,6915,4485,5592,4330
2407,7540,6915,4172,5000,9953
2407,7540,6915,5878,61,6960
2407,7540,6915,8283,7812,4045
2407,7540,6915,6327,3457,3131
2407,7540,6915,2949,2639,825
2407,7540,6915,9957,2711,5019
2407,7540,6915,2950,8494,2811
2407,7540,6915,8975,2867,9289
2407,7540,6915,5417,1654,5396
2407,7540,6915,237,2878,494
2407,7540,6915,2636,1420,3884
2407,7540,6915,9198,5049,3905
2407,7540,6915,3489,852,6516
2407,7540,6915,6665,3830,7150
2407,7540,6915,4066,3225,9803
2407,7540,6915,7998,6579,1991
2407,7540,6915,6924,8197,5329
2407,7540,6915,8151,7223,5336
2407,7540,6915,245,2623,6852
2407,7540,6915,1473,1874,1588
2407,7540,6915,4325,2303,7620
2407,7540,6915,636,5531,4336
2407,7540,6915,3240,9592,544
2407,7540,6915,1299,2541,197
2407,7540,6915,9939,6157,1793
2407,7540,6915,7460,6432,8991
2407,7540,6915,2911,7609,2880
2407,7540,6915,3060,4467,2029
2407,7540,6915,4549,2716,7182
2407,7540,6915,7383,7732,5401
2407,7540,6915,9299,6640,4238
2407,7540,6915,9860,5042,8708
