4341,121,8403,1795,8872,5728
4341,121,8403,7189,8797,1650
4341,121,8403,3784,1292,2387
4341,121,8403,1730,8188,423
4341,121,8403,1703,3043,5092
4341,121,8403,5129,2811,3849
4341,121,8403,197,2451,6700
4341,121,8403,8918,8888,6277
4341,121,8403,4538,9619,2008
4341,121,8403,5302,6281,7225
4341,121,8403,8388,3645,6313
4341,121,8403,6255,5309,265
4341,121,8403,2938,3267,2182
4341,121,8403,8661,1161,3897
4341,121,8403,4157,4967,5227
4341,121,8403,3136,2352,4144
4341,121,8403,6857,9293,9894
4341,121,8403,1193,9479,9091
4341,121,8403,1775,8443,1584
4341,121,8403,3963,9682,1850
4341,121,8403,755,7636,5998
4341,121,8403,8605,1726,1128
4341,121,8403,3603,356,9743
4341,121,8403,4752,3447,8672
4341,121,8403,756,2634,4469
4341,121,8403,4283,561,2760
4341,121,8403,751,7381,4815
4341,121,8403,3604,6539,8301
4341,121,8403,4143,2054,3013
4341,121,8403,3395,501,5312
4341,121,8403,7343,528,1232
4341,121,8403,8748,6159,3151
4341,121,8403,1966,9282,2840
4341,121,8403,6676,2586,3446
4341,121,8403,726,3344,3225
4341,121,8403,3418,5693,8560
4341,121,8403,1464,2865,2166
4341,121,8403,9291,4358,6806
4341,121,8403,4764,159,4149
4341,121,8403,1102,7960,3446
4341,121,8403,1060,9375,7806
4341,121,8403,6480,4804,5665
4341,121,8403,9398,4378,8907
4341,121,8403,9389,3193,8423
4341,121,8403,8841,9297,3037
4341,121,8403,7610,3013,9224
4341,121,8403,3013,1426,1088
4341,121,8403,5806,4453,7899
4341,121,8403,546,2193,5549
4341,121,8403,4033,5603,8944
4341,121,8403,8257,3642,9388
4341,121,8403,2971,7794,7119
4341,121,8403,2060,2013,3382
4341,121,8403,4085,910,3023
4341,121,8403,7987,1031,2689
4341,121,8403,4504,6210,1438
4341,121,8403,7290,543,8608
4341,121,8403,999,9664,8520
4341,121,8403,4015,1557,7815
4341,121,8403,6825,2997,9429
4341,121,8403,7376,3069,3758
4341,121,8403,6384,4491,9487
4341,121,8403,208,3975,9434
4341,121,8403,4092,8305,7725
4341,121,8403,9455,8263,3745
4341,121,8403,4521,7270,3517
4341,121,8403,1915,9872,2824
4341,121,8403,2727,2257,3013
4341,121,8403,3501,8411,7081
4341,121,8403,4379,9705,9807
4341,121,8403,7207,4776,2957
4341,121,8403,8423,5258,3340
4341,121,8403,4251,4546,1535
4341,121,8403,4635,9307,3866
4341,121,8403,4194,7110,8289
4341,121,8403,8329,5714,5741
4341,121,8403,101,224,3062
4341,121,8403,6517,8467,8615
4341,121,8403,7254,3717,2222
4341,121,8403,9930,442,9152
4341,121,8403,4831,482,5804
4341,121,8403,49,6552,448
4341,121,8403,1036,7770,1788
4341,121,8403,4233,3953,7671
4341,121,8403,8517,3423,1378
4341,121,8403,8903,2526,4111
4341,121,8403,4974,1640,7537
4341,121,8403,8721,823,7911
4341,121,8403,6341,950,5026
4341,121,8403,9761,9756,9825
4341,121,8403,5796,10,9243
4341,121,8403,3337,3745,2818
4341,121,8403,6020,5148,2826
4341,121,8403,6585,2385,1380
4341,121,8403,3379,7957,1390
4341,121,8403,2595,3951,4699
4341,121,8403,7334,8497,1039
4341,121,8403,3988,4661,5867
4341,121,8403,2047,9466,7554
4341,121,8403,5484,1038,6478
4341,121,8403,8949,3882,14
4341,121,8403,9643,3925,1720
4341,121,8403,6387,9171,7123
4341,121,8403,4129,4804,669
4341,121,8403,3232,870,9254
4341,121,8403,1149,5780,9397
4341,121,8403,8545,2297,1945
4341,121,8403,5366,6832,8633
4341,121,8403,9113,7155,6431
4341,121,8403,3359,3380,7373
4341,121,8403,6946,709,1032
4341,121,8403,1259,8739,1351
4341,121,8403,5463,9657,5130
4341,121,8403,8857,5393,4210
4341,121,8403,2804,334,194
4341,121,8403,5460,1351,3458
4341,121,8403,1178,3345,8561
4341,121,8403,9930,1906,2833
4341,121,8403,6193,6227,6530
4341,121,8403,3561,4078,4501
4341,121,8403,5289,7990,518
4341,121,8403,6923,5462,2753
4341,121,8403,1864,5658,4011
4341,121,8403,4060,7421,6668
4341,121,8403,3914,4461,2228
4341,121,8403,96,5257,2766
4341,121,8403,5886,579,2289
4341,121,8403,1604,1249,3831
4341,121,8403,8303,93,3772
4341,121,8403,7479,2371,9259
4341,121,8403,9293,4107,435
4341,121,8403,5319,6694,5416
4341,121,8403,4605,5293,7752
4341,121,8403,4502,4414,6685
4341,121,8403,2848,5878,5498
4341,121,8403,2409,1866,9978
4341,121,8403,9902,2496,5389
4341,121,8403,9175,68,5057
4341,121,8403,2414,1725,8156
4341,121,8403,3898,1483,6350
4341,121,8403,4283,8174,9372
4341,121,8403,1351,1679,7989
4341,121,8403,5045,4905,3133
4341,121,8403,9291,1485,5073
4341,121,8403,5720,7563,72
4341,121,8403,6557,6157,8185
4341,121,8403,9661,428,2398
4341,121,8403,7572,3591,262
4341,121,8403,1458,142,3171
4341,121,8403,8058,1816,7550
4341,121,8403,3301,5912,2998
4341,121,8403,9224,3931,1565
4341,121,8403,8473,7212,4849
4341,121,8403,8268,6857,5742
4341,121,8403,9698,5571,1683
4341,121,8403,7887,7691,546
4341,121,8403,1894,7328,8678
4341,121,8403,3494,7803,5197
4341,121,8403,8370,4068,5795
4341,121,8403,1709,9728,1343
4341,121,8403,7205,1992,7714
4341,121,8403,5088,7010,2567
4341,121,8403,7090,4653,4712
4341,121,8403,6974,5768,5125
4341,121,8403,8422,7260,522
4341,121,8403,3326,738,8988
4341,121,8403,7018,9157,8958
4341,121,8403,9080,721,9260
4341,121,8403,8621,8315,9712
4341,121,8403,2964,5316,3004
4341,121,8403,1694,7866,2125
4341,121,8403,2352,9306,513
4341,121,8403,8238,4544,6941
4341,121,8403,1137,8250,5357
4341,121,8403,8313,4048,3532
4341,121,8403,2892,4718,7791
4341,121,8403,3729,7519,2321
4341,121,8403,7228,7690,8748
4341,121,8403,154,4717,1125
4341,121,8403,2964,2507,6178
4341,121,8403,8811,3431,4777
4341,121,8403,4237,188,5792
4341,121,8403,5036,6035,7938
4341,121,8403,3609,5435,7353
4341,121,8403,1983,8722,3131
4341,121,8403,1603,1877,8527
4341,121,8403,554,3749,7583
4341,121,8403,2129,3770,4810
4341,121,8403,1711,2592,1030
4341,121,8403,7126,8327,1428
4341,121,8403,1898,3940,1813
4341,121,8403,714,5246,8197
4341,121,8403,6686,4814,9377
4341,121,8403,1355,3600,3887
4341,121,8403,8005,5018,6885
4341,121,8403,7812,6858,9948
4341,121,8403,2900,5391,6624
4341,121,8403,3989,4578,3108
4341,121,8403,2438,1395,7474
4341,121,8403,9742,6322,5191
4341,121,8403,3977,8834,2685
4341,121,8403,8510,7787,8963
4341,121,8403,6623,9925,2957
4341,121,8403,4819,9819,7823
4341,121,8403,9623,1883,6826
4341,121,8403,2123,4955,1613
4341,121,8403,4339,6940,1944
4341,121,8403,4933,7347,8665
4341,121,8403,3245,6754,1548
4341,121,8403,5899,1580,3390
4341,121,8403,1818,7973,6467
4341,121,8403,7987,5594,8176
4341,121,8403,3395,5742,3542
4341,121,8403,4531,6110,3103
4341,121,8403,4762,1706,3281
4341,121,8403,6494,7067,354
4341,121,8403,4401,9321,5539
4341,121,8403,1282,177,1012
4341,121,8403,2084,5216,7018
4341,121,8403,8400,2722,9191
4341,121,8403,7116,389,8878
4341,121,8403,8658,4055,5507
4341,121,8403,7315,4884,1540
4341,121,8403,9078,276,6151
4341,121,8403,8021,2090,125
4341,121,8403,7056,5566,8643
4341,121,8403,9219,4906,9356
4341,121,8403,1423,5313,172
4341,121,8403,7052,7388,6649
4341,121,8403,4174,6671,160
4341,121,8403,8753,8553,8817
4341,121,8403,925,4808,2259
4341,121,8403,5085,9432,1210
4341,121,8403,2404,7400,1590
4341,121,8403,1830,7817,8102
4341,121,8403,197,9991,3899
4341,121,8403,1620,5590,3043
4341,121,8403,2200,4756,271
4341,121,8403,8,4437,838
4341,121,8403,4380,8716,6316
4341,121,8403,2672,8133,6780
4341,121,8403,971,6471,2252
4341,121,8403,5907,7377,5510
4341,121,8403,4590,441,3805
4341,121,8403,1148,1049,5097
4341,121,8403,9697,6946,4281
4341,121,8403,282,8181,940
4341,121,8403,5662,55,788
4341,121,8403,2819,2417,2620
4341,121,8403,2647,6322,8968
4341,121,8403,5346,5713,2694
4341,121,8403,4890,1525,4519
4341,121,8403,7939,1450,8924
4341,121,8403,5129,6807,7584
4341,121,8403,2831,4067,5850
4341,121,8403,9121,5312,8506
4341,121,8403,2933,6975,6202
4341,121,8403,1344,2292,9012
4341,121,8403,9772,2606,3316
4341,121,8403,7778,160,2720
4341,121,8403,7333,4062,7939
4341,121,8403,3328,7657,8692
4341,121,8403,4312,6417,9324
4341,121,8403,5471,7346,2147
4341,121,8403,4427,3851,4907
4341,121,8403,9565,3101,8988
4341,121,8403,4446,681,2160
4341,121,8403,1288,9735,6276
4341,121,8403,2985,8806,8816
4341,121,8403,7403,5433,3523
4341,121,8403,967,1418,7210
4341,121,8403,5233,6043,7305
4341,121,8403,4303,437,7536
4341,121,8403,566,3984,6965
4341,121,8403,4229,1812,167
4341,121,8403,4043,2005,5921
4341,121,8403,3846,9809,289
4341,121,8403,5939,5083,392
4341,121,8403,8474,6408,9627
4341,121,8403,8152,1631,9401
4341,121,8403,5880,4780,8535
4341,121,8403,7014,4414,1513
4341,121,8403,7244,2723,9268
4341,121,8403,8420,9832,5774
4341,121,8403,3792,7407,639
4341,121,8403,7406,9390,6310
4341,121,8403,8917,4098,4794
4341,121,8403,1396,9915,8910
4341,121,8403,9497,3010,5600
4341,121,8403,3836,793,3426
4341,121,8403,8657,944,8306
4341,121,8403,8202,1748,7422
4341,121,8403,7137,2574,3751
4341,121,8403,3731,7795,812
4341,121,8403,6392,8348,600
4341,121,8403,5999,4178,3496
4341,121,8403,3241,6524,5231
4341,121,8403,2701,4603,5455
4341,121,8403,7366,8999,6415
4341,121,8403,6724,4692,4724
4341,121,8403,4704,5210,1502
4341,121,8403,535,8162,6375
4341,121,8403,1944,7165,2770
4341,121,8403,7243,9664,2983
4341,121,8403,3946,1647,2139
4341,121,8403,7257,8887,3418
4341,121,8403,662,3556,8180
4341,121,8403,7647,7978,1468
4341,121,8403,8621,9491,7592
4341,121,8403,5876,2290,7682
4341,121,8403,8936,6646,7727
4341,121,8403,9152,4506,4037
4341,121,8403,8582,8611,683
4341,121,8403,7653,2356,5443
4341,121,8403,4930,2089,9498
4341,121,8403,7472,6808,1496
4341,121,8403,2913,9479,7255
4341,121,8403,7188,2351,563
4341,121,8403,7891,2344,9068
4341,121,8403,1585,1368,8881
4341,121,8403,2265,2825,7331
4341,121,8403,3224,4371,6596
4341,121,8403,7615,3008,641
4341,121,8403,5826,4347,2776
4341,121,8403,5278,3923,1863
4341,121,8403,6137,5978,3473
4341,121,8403,7499,8155,3985
4341,121,8403,4274,913,4363
4341,121,8403,2808,5144,8372
4341,121,8403,656,1921,2456
4341,121,8403,2148,3414,4864
4341,121,8403,6358,3121,710
4341,121,8403,9187,6219,7007
4341,121,8403,524,8151,5327
4341,121,8403,7298,4565,811
4341,121,8403,6993,7562,3818
4341,121,8403,2946,4588,3925
4341,121,8403,2106,3311,6754
4341,121,8403,2602,2805,9872
4341,121,8403,6000,7277,6033
4341,121,8403,3259,4854,9296
4341,121,8403,5282,5852,602
4341,121,8403,3551,6460,7197
4341,121,8403,7878,7043,8434
4341,121,8403,67,753,7245
4341,121,8403,6618,6174,2700
4341,121,8403,6716,3798,9125
4341,121,8403,9328,5732,3456
4341,121,8403,7401,8941,4665
4341,121,8403,9138,1752,6316
4341,121,8403,2190,3427,1222
4341,121,8403,1311,14,4472
4341,121,8403,8,7075,8898
4341,121,8403,2591,7039,407
4341,121,8403,6144,8871,676
4341,121,8403,4890,3790,4859
4341,121,8403,858,1566,6807
4341,121,8403,5318,3586,7509
4341,121,8403,4962,4452,7702
4341,121,8403,8370,3963,1818
4341,121,8403,9841,7454,5298
4341,121,8403,7117,8819,6305
4341,121,8403,6575,7951,2063
4341,121,8403,576,6841,5851
4341,121,8403,2629,4090,2412
4341,121,8403,8290,1999,2519
4341,121,8403,8096,7716,6381
4341,121,8403,9691,3685,4246
4341,121,8403,7347,6373,6776
4341,121,8403,7099,7083,7830
4341,121,8403,3852,2439,6994
4341,121,8403,4474,5265,9420
4341,121,8403,7725,9698,6557
4341,121,8403,831,6924,9189
4341,121,8403,7214,6193,7536
4341,121,8403,5987,3972,9266
4341,121,8403,9369,6148,2204
4341,121,8403,4425,3976,2245
4341,121,8403,620,6601,9333
4341,121,8403,7097,2370,530
4341,121,8403,68,876,6248
4341,121,8403,8806,229,7430
4341,121,8403,577,2378,6180
4341,121,8403,4601,4072,8704
4341,121,8403,4162,8364,3724
4341,121,8403,2637,1410,8860
4341,121,8403,1219,9931,7062
4341,121,8403,4720,4092,4910
4341,121,8403,1447,9984,5864
4341,121,8403,762,4120,6449
4341,121,8403,5551,5844,2566
4341,121,8403,2200,5763,9636
4341,121,8403,9939,2893,2345
4341,121,8403,8479,2473,1124
4341,121,8403,7241,1581,2083
4341,121,8403,4155,6569,8
4341,121,8403,197,9433,542
4341,121,8403,9316,1714,3336
4341,121,8403,4523,2676,5004
4341,121,8403,1026,6628,2841
4341,121,8403,8363,2365,7179
4341,121,8403,2558,6715,5136
4341,121,8403,9617,5627,2724
4341,121,8403,8019,4248,7578
4341,121,8403,369,220,7729
4341,121,8403,7144,8510,6230
4341,121,8403,3390,9422,1355
4341,121,8403,7012,4557,7078
4341,121,8403,4423,1353,723
4341,121,8403,9796,2420,8601
4341,121,8403,4819,1805,2230
4341,121,8403,1934,9748,1751
4341,121,8403,7682,5105,4226
4341,121,8403,5387,9380,3759
4341,121,8403,2731,6677,917
4341,121,8403,5302,5742,7454
4341,121,8403,1636,1093,7874
4341,121,8403,9149,5590,9279
4341,121,8403,6772,1009,1708
4341,121,8403,412,6459,865
4341,121,8403,102,1917,838
4341,121,8403,1010,904,3876
4341,121,8403,7687,5133,7441
4341,121,8403,2358,1587,5284
4341,121,8403,8662,1697,8956
4341,121,8403,4251,4325,6383
4341,121,8403,4353,3903,1419
4341,121,8403,7264,3180,815
4341,121,8403,2229,1681,9813
4341,121,8403,1374,7900,8690
4341,121,8403,8643,9062,398
4341,121,8403,3275,3169,4093
4341,121,8403,791,4228,229
4341,121,8403,5116,7262,7411
4341,121,8403,8321,4742,5116
4341,121,8403,1110,9909,9867
4341,121,8403,5775,2004,6334
4341,121,8403,6995,4281,7418
4341,121,8403,7615,9500,3273
4341,121,8403,764,3467,3032
4341,121,8403,9041,9386,7399
4341,121,8403,880,368,3416
4341,121,8403,9269,5894,9328
4341,121,8403,8680,5116,29
4341,121,8403,2874,2258,9896
4341,121,8403,3795,1909,7492
4341,121,8403,2357,1879,6989
4341,121,8403,6918,4635,1905
4341,121,8403,8339,4634,2678
4341,121,8403,1610,2452,3253
4341,121,8403,2771,8706,7428
4341,121,8403,53,3450,4338
4341,121,8403,6473,2315,9288
4341,121,8403,3718,9494,7314
4341,121,8403,6519,8962,5097
4341,121,8403,8887,6153,1768
4341,121,8403,3904,6696,4880
4341,121,8403,8774,4971,7549
4341,121,8403,7535,6731,581
4341,121,8403,5626,3654,6376
4341,121,8403,509,1233,8652
4341,121,8403,4632,113,3712
4341,121,8403,30,180,2104
4341,121,8403,380,8666,6577
4341,121,8403,5473,6806,9998
4341,121,8403,2827,9326,322
4341,121,8403,5822,9593,6022
4341,121,8403,4076,4897,5911
4341,121,8403,6491,5675,7715
4341,121,8403,1903,554,6984
4341,121,8403,6893,7566,6574
4341,121,8403,5535,6944,3841
4341,121,8403,7468,4,9185
4341,121,8403,3307,5057,7245
4341,121,8403,6780,3688,1162
4341,121,8403,7462,7346,5355
4341,121,8403,7548,848,970
4341,121,8403,5109,4012,7084
4341,121,8403,7021,8875,2205
4341,121,8403,664,2198,9349
4341,121,8403,2455,8398,2859
4341,121,8403,6368,9284,4920
4341,121,8403,2419,1027,7362
4341,121,8403,1092,2297,6132
4341,121,8403,284,9890,3676
4341,121,8403,9081,9521,5271
4341,121,8403,4443,3243,8129
4341,121,8403,4739,2597,5539
4341,121,8403,503,4718,3450
4341,121,8403,6542,9463,3459
4341,121,8403,2185,2519,1289
4341,121,8403,2145,2651,190
4341,121,8403,5076,9160,117
4341,121,8403,9066,4801,5734
4341,121,8403,8248,4020,1520
4341,121,8403,6202,5810,8419
4341,121,8403,468,1251,2747
4341,121,8403,3282,282,3862
4341,121,8403,4011,1859,2392
4341,121,8403,744,797,5636
4341,121,8403,7190,9123,222
4341,121,8403,8328,3422,4151
4341,121,8403,276,8299,4863
4341,121,8403,9285,9512,8499
4341,121,8403,3657,4561,402
4341,121,8403,5407,5734,4337
4341,121,8403,4474,8679,696
4341,121,8403,1189,9757,9454
4341,121,8403,4953,2726,3188
4341,121,8403,343,7820,3756
