9814,5542,4716,35,953,7756
9814,5542,4716,5284,8010,2658
9814,5542,4716,9371,4797,8351
9814,5542,4716,1251,4520,2423
9814,5542,4716,938,5513,5153
9814,5542,4716,5637,3402,2488
9814,5542,4716,3499,4607,7115
9814,5542,4716,1616,8278,9881
9814,5542,4716,1853,5857,7789
9814,5542,4716,3246,7209,5712
9814,5542,4716,5926,2514,5605
9814,5542,4716,8199,836,8054
9814,5542,4716,6778,7215,3447
9814,5542,4716,630,6144,6305
9814,5542,4716,8654,2729,9002
9814,5542,4716,6580,2766,1517
9814,5542,4716,3209,3792,9381
9814,5542,4716,4242,4693,8378
9814,5542,4716,4569,3145,8079
9814,5542,4716,5539,5617,8903
9814,5542,4716,9488,1696,993
9814,5542,4716,9087,7703,7025
9814,5542,4716,8474,4008,7534
9814,5542,4716,4645,6102,6933
9814,5542,4716,3863,2046,7573
9814,5542,4716,2026,556,2450
9814,5542,4716,4619,9505,1780
9814,5542,4716,1300,9104,9335
9814,5542,4716,3366,1912,837
9814,5542,4716,2545,6860,5157
9814,5542,4716,8594,6503,8094
9814,5542,4716,8981,9305,8592
9814,5542,4716,9543,8239,8903
9814,5542,4716,3319,7158,8121
9814,5542,4716,2315,5632,1338
9814,5542,4716,3199,435,1826
9814,5542,4716,1485,5818,3553
9814,5542,4716,7377,8186,5447
9814,5542,4716,8569,3083,9559
9814,5542,4716,2282,9075,724
9814,5542,4716,8693,6915,7626
9814,5542,4716,3303,5190,8976
9814,5542,4716,125,6325,238
9814,5542,4716,6030,8767,5224
9814,5542,4716,623,3770,1468
9814,5542,4716,9603,7755,3861
9814,5542,4716,3316,3201,6842
9814,5542,4716,8800,1730,8468
9814,5542,4716,511,7010,8445
9814,5542,4716,6071,377,6178
9814,5542,4716,3082,9087,3438
9814,5542,4716,8226,4643,2128
9814,5542,4716,9605,9501,3197
9814,5542,4716,2948,4519,5772
9814,5542,4716,8852,4041,1059
9814,5542,4716,7424,7638,5394
9814,5542,4716,6843,6722,4259
9814,5542,4716,3601,5014,2772
9814,5542,4716,5344,6697,3771
9814,5542,4716,5891,9766,9234
9814,5542,4716,361,2155,41
9814,5542,4716,3790,9552,6805
9814,5542,4716,6742,6848,9803
9814,5542,4716,2821,4246,5585
9814,5542,4716,523,2676,9093
9814,5542,4716,9285,6831,6664
9814,5542,4716,1217,6797,3227
9814,5542,4716,8819,94,9892
9814,5542,4716,2579,7833,2639
9814,5542,4716,5875,6651,718
9814,5542,4716,4380,8,1487
9814,5542,4716,2733,2019,6291
9814,5542,4716,8474,1387,5820
9814,5542,4716,8070,6943,2979
9814,5542,4716,5358,7757,5351
9814,5542,4716,681,5384,6753
9814,5542,4716,9135,7554,3069
9814,5542,4716,4498,3625,1816
9814,5542,4716,5479,7478,4320
9814,5542,4716,7402,4608,1046
9814,5542,4716,1580,9940,3636
9814,5542,4716,4545,6519,6238
9814,5542,4716,8303,4247,5708
9814,5542,4716,3122,6270,1064
9814,5542,4716,5995,8747,7409
9814,5542,4716,5861,560,3565
9814,5542,4716,6450,8025,5545
9814,5542,4716,6401,1669,9809
9814,5542,4716,9499,4993,2333
9814,5542,4716,2117,6084,2745
9814,5542,4716,4101,9787,8249
9814,5542,4716,4813,8682,8780
9814,5542,4716,3968,9823,1985
9814,5542,4716,7762,286,6911
9814,5542,4716,5222,2242,5876
9814,5542,4716,4503,5202,7718
9814,5542,4716,4335,3833,3099
9814,5542,4716,7709,6226,8628
9814,5542,4716,1115,153,3182
9814,5542,4716,1681,7188,5658
9814,5542,4716,7411,4516,3298
9814,5542,4716,3097,435,4179
9814,5542,4716,7127,8021,2654
9814,5542,4716,1160,8761,1672
9814,5542,4716,5233,2344,6240
9814,5542,4716,9530,7349,8111
9814,5542,4716,8684,6294,660
9814,5542,4716,7372,1561,3396
9814,5542,4716,1779,3761,5656
9814,5542,4716,6497,7914,5178
9814,5542,4716,3242,1230,7005
9814,5542,4716,4200,6650,3305
9814,5542,4716,8455,2996,8596
9814,5542,4716,1872,2975,1313
9814,5542,4716,8589,1015,2107
9814,5542,4716,260,8799,4240
9814,5542,4716,4832,5634,7448
9814,5542,4716,8233,2425,9106
9814,5542,4716,8132,9061,8075
9814,5542,4716,6166,6459,6829
9814,5542,4716,3492,7026,9244
9814,5542,4716,4529,2288,6409
9814,5542,4716,1587,5581,5988
9814,5542,4716,1580,1235,4136
9814,5542,4716,5628,9502,3096
9814,5542,4716,7942,4389,7539
9814,5542,4716,9353,362,7848
9814,5542,4716,2757,3187,507
9814,5542,4716,5063,3334,1424
9814,5542,4716,3328,3798,5707
9814,5542,4716,2154,4830,5562
9814,5542,4716,8001,3383,6702
9814,5542,4716,7489,3732,8534
9814,5542,4716,5675,9295,2139
9814,5542,4716,6326,798,9485
9814,5542,4716,7190,2333,8565
9814,5542,4716,2487,7810,3290
9814,5542,4716,4282,6375,4430
9814,5542,4716,8668,1881,5485
9814,5542,4716,4014,2404,2255
9814,5542,4716,657,8187,7597
9814,5542,4716,5967,4333,396
9814,5542,4716,5584,5766,1193
9814,5542,4716,8408,2709,9910
9814,5542,4716,5127,5999,1119
9814,5542,4716,8097,7706,1336
9814,5542,4716,4017,3413,8962
9814,5542,4716,4699,7685,540
9814,5542,4716,1821,9044,2784
9814,5542,4716,1701,3421,7255
9814,5542,4716,7716,4829,2001
9814,5542,4716,3548,5318,9843
9814,5542,4716,2317,857,9989
9814,5542,4716,2597,5973,5472
9814,5542,4716,5510,3832,3469
9814,5542,4716,7850,5740,3266
9814,5542,4716,5463,8324,3501
9814,5542,4716,9191,8616,4243
9814,5542,4716,9252,7232,1311
9814,5542,4716,2698,1851,7525
9814,5542,4716,1294,1891,4026
9814,5542,4716,4058,9194,5226
9814,5542,4716,2466,768,4456
9814,5542,4716,6657,3105,3569
9814,5542,4716,704,1363,3388
9814,5542,4716,6357,6538,8803
9814,5542,4716,6959,6463,6967
9814,5542,4716,577,4582,7090
9814,5542,4716,8499,7671,4180
9814,5542,4716,2850,2497,8306
9814,5542,4716,496,7133,2756
9814,5542,4716,9842,2430,7540
9814,5542,4716,5613,9127,1015
9814,5542,4716,3797,9998,4695
9814,5542,4716,5675,9914,9280
9814,5542,4716,7534,2474,9045
9814,5542,4716,2597,1869,9546
9814,5542,4716,2121,7351,4661
9814,5542,4716,8075,247,1201
9814,5542,4716,7963,4536,3838
9814,5542,4716,312,3699,6344
9814,5542,4716,166,6738,3442
9814,5542,4716,3860,3337,4097
9814,5542,4716,2973,1013,6833
9814,5542,4716,7844,9619,1285
9814,5542,4716,2381,7991,3819
9814,5542,4716,9914,5772,7414
9814,5542,4716,4882,973,6874
9814,5542,4716,3856,980,1231
9814,5542,4716,496,7494,3260
9814,5542,4716,2733,2512,4250
9814,5542,4716,3195,6750,7671
9814,5542,4716,1532,9338,4279
9814,5542,4716,2376,3870,3907
9814,5542,4716,1406,1129,3072
9814,5542,4716,6812,8697,743
9814,5542,4716,8713,354,7717
9814,5542,4716,7240,1313,3177
9814,5542,4716,463,449,3241
9814,5542,4716,3087,8160,155
9814,5542,4716,7932,2952,7456
9814,5542,4716,4612,6794,1708
9814,5542,4716,3638,3433,3589
9814,5542,4716,7987,2535,3710
9814,5542,4716,5530,9981,4205
9814,5542,4716,8173,3182,4529
9814,5542,4716,7678,5065,7826
9814,5542,4716,5720,863,4507
9814,5542,4716,7397,3454,5985
9814,5542,4716,6362,364,5864
9814,5542,4716,4331,9077,6250
9814,5542,4716,9553,5217,5062
9814,5542,4716,5320,2312,9319
9814,5542,4716,9976,1463,8926
9814,5542,4716,2021,6308,9041
9814,5542,4716,4225,9175,2781
9814,5542,4716,5235,6565,5037
9814,5542,4716,1833,9851,3627
9814,5542,4716,6855,7943,5367
9814,5542,4716,7692,703,5278
9814,5542,4716,5430,1438,5606
9814,5542,4716,7040,7127,5408
9814,5542,4716,1201,6608,841
9814,5542,4716,7424,8239,3902
9814,5542,4716,3678,4881,6077
9814,5542,4716,1544,573,1527
9814,5542,4716,7823,1232,266
9814,5542,4716,5933,8760,761
9814,5542,4716,5455,9364,6273
9814,5542,4716,7071,1904,688
9814,5542,4716,123,5538,6732
9814,5542,4716,2897,4586,7285
9814,5542,4716,46,6557,1427
9814,5542,4716,2041,8055,6685
9814,5542,4716,5114,9432,9290
9814,5542,4716,283,6403,4377
9814,5542,4716,9122,4848,7640
9814,5542,4716,1287,3489,3997
9814,5542,4716,8813,6455,8784
9814,5542,4716,9097,4789,6913
9814,5542,4716,9103,3834,5147
9814,5542,4716,5762,9899,833
9814,5542,4716,2571,2733,8902
9814,5542,4716,5454,8228,7446
9814,5542,4716,5475,3058,3601
9814,5542,4716,196,9142,2444
9814,5542,4716,3859,4144,7639
9814,5542,4716,2874,1321,2916
9814,5542,4716,2560,1380,4198
9814,5542,4716,8605,228,3252
9814,5542,4716,9425,9829,2689
9814,5542,4716,9574,4461,292
9814,5542,4716,7243,6119,4519
9814,5542,4716,3072,934,2213
9814,5542,4716,3015,5499,9322
9814,5542,4716,7789,4585,7868
9814,5542,4716,7652,2222,7950
9814,5542,4716,8656,5034,4075
9814,5542,4716,8383,8493,1629
9814,5542,4716,1094,7454,1341
9814,5542,4716,8532,5192,5172
9814,5542,4716,6013,4779,3165
9814,5542,4716,974,264,8716
9814,5542,4716,616,5003,3429
9814,5542,4716,7883,397,1292
9814,5542,4716,871,1509,6815
9814,5542,4716,694,5011,8529
9814,5542,4716,4136,1928,7612
9814,5542,4716,7016,1895,3931
9814,5542,4716,1516,6989,1298
9814,5542,4716,3244,2203,7246
9814,5542,4716,3974,2636,9487
9814,5542,4716,3470,7010,8657
9814,5542,4716,8281,6782,1950
9814,5542,4716,2867,8529,1369
9814,5542,4716,2114,1129,2455
9814,5542,4716,7369,1720,7974
9814,5542,4716,2035,8873,3014
9814,5542,4716,4443,8244,5621
9814,5542,4716,7436,7963,494
9814,5542,4716,8499,3501,2250
9814,5542,4716,7328,8369,9964
9814,5542,4716,1431,4909,8832
9814,5542,4716,6091,3147,5777
9814,5542,4716,7219,2988,3344
9814,5542,4716,303,990,3348
9814,5542,4716,5541,3072,2875
9814,5542,4716,1071,7323,3274
9814,5542,4716,1504,9502,6787
9814,5542,4716,6251,6514,4637
9814,5542,4716,7983,3513,4483
9814,5542,4716,6087,9140,5659
9814,5542,4716,8972,206,1356
9814,5542,4716,7723,7112,3527
9814,5542,4716,1963,2633,2464
9814,5542,4716,3223,7001,194
9814,5542,4716,7227,5363,9126
9814,5542,4716,8470,9147,1679
9814,5542,4716,4173,4702,5981
9814,5542,4716,251,9938,534
9814,5542,4716,6063,9418,5694
9814,5542,4716,4428,532,9757
9814,5542,4716,6920,6442,676
9814,5542,4716,3418,8253,1879
9814,5542,4716,6728,5882,3887
9814,5542,4716,1614,4409,1336
9814,5542,4716,5867,9230,7849
9814,5542,4716,7410,7525,7023
9814,5542,4716,1345,7007,2229
9814,5542,4716,1867,1865,6959
9814,5542,4716,725,7053,4020
9814,5542,4716,254,2694,1127
9814,5542,4716,1782,6131,5367
9814,5542,4716,6816,3505,132
9814,5542,4716,877,4137,4634
9814,5542,4716,6997,9020,8593
9814,5542,4716,3279,8581,7462
9814,5542,4716,628,9134,8752
9814,5542,4716,4666,1966,3493
9814,5542,4716,6598,6834,829
9814,5542,4716,959,6562,3176
9814,5542,4716,6464,5974,3779
9814,5542,4716,222,5414,6640
9814,5542,4716,717,6926,8080
9814,5542,4716,4441,7072,8138
9814,5542,4716,4576,3687,3161
9814,5542,4716,2624,7604,5664
9814,5542,4716,5797,608,2340
9814,5542,4716,4113,1992,9304
9814,5542,4716,1100,917,8317
9814,5542,4716,1027,2253,7494
9814,5542,4716,4891,8995,8162
9814,5542,4716,2202,6426,9806
9814,5542,4716,340,7524,8753
9814,5542,4716,4518,5588,6048
9814,5542,4716,4222,581,5339
9814,5542,4716,9012,9259,3954
9814,5542,4716,4917,1866,7725
9814,5542,4716,9156,4269,2102
9814,5542,4716,8166,421,9018
9814,5542,4716,5370,9169,140
9814,5542,4716,9892,3454,1476
9814,5542,4716,7825,6518,7958
9814,5542,4716,7578,4992,2414
9814,5542,4716,8442,3251,3586
9814,5542,4716,3791,9801,9664
9814,5542,4716,8723,8533,9688
9814,5542,4716,7613,9938,92
9814,5542,4716,7304,6336,7477
9814,5542,4716,42,942,2839
9814,5542,4716,6535,6809,2392
9814,5542,4716,3539,3696,47
9814,5542,4716,4598,2131,7437
9814,5542,4716,5375,8775,7673
9814,5542,4716,3988,7224,3107
9814,5542,4716,1606,6843,591
9814,5542,4716,7315,3869,8356
9814,5542,4716,1280,9723,762
9814,5542,4716,7393,2820,1857
9814,5542,4716,8516,355,3459
9814,5542,4716,8083,1824,6022
9814,5542,4716,5368,7821,8932
9814,5542,4716,5843,829,3489
9814,5542,4716,7292,7506,4764
9814,5542,4716,5850,1343,8495
9814,5542,4716,1803,6373,879
9814,5542,4716,3537,7922,7373
9814,5542,4716,7938,3503,6703
9814,5542,4716,2194,457,8719
9814,5542,4716,2435,1903,324
9814,5542,4716,332,7037,9263
9814,5542,4716,1428,3502,6176
9814,5542,4716,4381,7759,3889
9814,5542,4716,5631,7814,3521
9814,5542,4716,8431,8307,5652
9814,5542,4716,4148,2932,8263
9814,5542,4716,9720,5166,4663
9814,5542,4716,8403,9469,1875
9814,5542,4716,6054,2041,7773
9814,5542,4716,583,714,1837
9814,5542,4716,5188,7760,5119
9814,5542,4716,8765,3299,3698
9814,5542,4716,772,5683,664
9814,5542,4716,5838,4574,7754
9814,5542,4716,4641,6474,499
9814,5542,4716,2557,8525,1089
9814,5542,4716,6066,913,6545
9814,5542,4716,1647,1614,5776
9814,5542,4716,5896,5446,3615
9814,5542,4716,5951,4549,628
9814,5542,4716,7973,9776,4863
9814,5542,4716,4393,6793,9878
9814,5542,4716,3695,8378,3509
9814,5542,4716,2856,5867,182
9814,5542,4716,5203,345,5370
9814,5542,4716,7006,5147,555
9814,5542,4716,4757,6580,3297
9814,5542,4716,64,9346,9508
9814,5542,4716,9695,8179,3303
9814,5542,4716,2307,1611,8620
9814,5542,4716,1175,5521,7230
9814,5542,4716,7537,9591,607
9814,5542,4716,3218,6229,6339
9814,5542,4716,2290,7119,30
9814,5542,4716,4763,7807,9791
9814,5542,4716,7193,2285,3065
9814,5542,4716,7073,2713,7199
9814,5542,4716,6186,3518,1752
9814,5542,4716,1304,5672,4783
9814,5542,4716,879,2781,1317
9814,5542,4716,5464,5373,7766
9814,5542,4716,1409,8449,2920
9814,5542,4716,6345,6763,8007
9814,5542,4716,7449,5893,4076
9814,5542,4716,5133,5065,5990
9814,5542,4716,2754,3874,8038
9814,5542,4716,4735,418,4402
9814,5542,4716,1123,1636,7367
9814,5542,4716,4185,1696,9486
9814,5542,4716,3412,9761,771
9814,5542,4716,9719,7600,4362
9814,5542,4716,947,9043,8887
9814,5542,4716,4416,773,6836
9814,5542,4716,124,2706,9702
9814,5542,4716,8868,959,4293
9814,5542,4716,7588,8408,9821
9814,5542,4716,6500,4739,153
9814,5542,4716,2387,4041,1991
9814,5542,4716,2626,1221,8004
9814,5542,4716,6562,3794,8553
9814,5542,4716,9476,6520,5131
9814,5542,4716,6758,4524,6166
9814,5542,4716,2007,5683,887
9814,5542,4716,814,7990,1109
9814,5542,4716,7531,5144,9400
9814,5542,4716,861,5711,8989
9814,5542,4716,4302,5420,7346
9814,5542,4716,6001,7933,5195
9814,5542,4716,2918,3647,4651
9814,5542,4716,7527,8628,1307
9814,5542,4716,1869,6685,6265
9814,5542,4716,8884,5971,6111
9814,5542,4716,826,8528,5847
9814,5542,4716,7597,3878,9859
9814,5542,4716,1450,1142,6472
9814,5542,4716,9314,4948,9794
9814,5542,4716,2719,8668,7128
9814,5542,4716,5940,1027,4596
9814,5542,4716,6282,3383,5480
9814,5542,4716,9729,3333,2948
9814,5542,4716,1495,6292,9737
9814,5542,4716,7692,2142,7476
9814,5542,4716,147,439,662
9814,5542,4716,8722,9612,5947
9814,5542,4716,2887,4563,1463
9814,5542,4716,3351,9878,882
9814,5542,4716,9600,8113,4504
9814,5542,4716,9417,3940,2444
9814,5542,4716,6822,699,3798
9814,5542,4716,1935,3565,5511
9814,5542,4716,6287,4703,4754
9814,5542,4716,7235,7315,2645
9814,5542,4716,5072,3097,5920
9814,5542,4716,3682,3122,2918
9814,5542,4716,9966,811,5887
9814,5542,4716,3191,6657,7823
9814,5542,4716,1412,429,5922
9814,5542,4716,6084,4564,6119
9814,5542,4716,4534,2869,5284
9814,5542,4716,6367,789,8466
9814,5542,4716,660,2626,796
9814,5542,4716,8760,3957,1400
9814,5542,4716,7531,1250,5651
9814,5542,4716,1409,7376,6221
9814,5542,4716,9922,5884,9947
9814,5542,4716,6182,7003,6520
9814,5542,4716,9640,7827,6007
9814,5542,4716,1588,7655,8890
9814,5542,4716,6031,8684,2022
9814,5542,4716,3510,8133,9927
9814,5542,4716,2072,3186,5003
9814,5542,4716,3702,5728,7811
9814,5542,4716,665,3403,6747
9814,5542,4716,5982,6284,8355
9814,5542,4716,1824,1344,283
9814,5542,4716,667,1324,3647
9814,5542,4716,5956,9132,5391
9814,5542,4716,3837,7297,3347
9814,5542,4716,8796,4967,3679
9814,5542,4716,8578,3357,744
9814,5542,4716,7468,4462,1678
9814,5542,4716,2474,9227,1077
9814,5542,4716,7540,8092,4527
9814,5542,4716,474,5577,3532
9814,5542,4716,4014,1815,6812
9814,5542,4716,7314,5393,9105
9814,5542,4716,1209,7408,2068
9814,5542,4716,3091,3927,1767
9814,5542,4716,3104,3669,8138
9814,5542,4716,9482,8776,689
9814,5542,4716,4831,8514,6598
9814,5542,4716,1907,6883,7771
9814,5542,4716,5618,2986,8944
9814,5542,4716,2741,6823,6265
9814,5542,4716,2380,8626,2029
9814,5542,4716,7972,1204,6730
9814,5542,4716,5743,2417,6566
9814,5542,4716,7036,7078,3089
9814,5542,4716,2862,6832,1483
9814,5542,4716,9940,4505,3281
