1486,7167,4570,4996,5689,2288
1486,7167,4570,3808,918,9732
1486,7167,4570,8803,5504,7821
1486,7167,4570,21,515,4836
1486,7167,4570,4641,1594,7779
1486,7167,4570,9267,1179,5083
1486,7167,4570,10,4957,6258
1486,7167,4570,3202,5970,5460
1486,7167,4570,581,9474,9715
1486,7167,4570,9740,9290,4439
1486,7167,4570,3014,22,9098
1486,7167,4570,6468,9843,9242
1486,7167,4570,6424,873,8186
1486,7167,4570,1591,2408,894
1486,7167,4570,862,55,6927
1486,7167,4570,6245,846,6400
1486,7167,4570,8955,7619,7363
1486,7167,4570,5989,6715,9199
1486,7167,4570,2700,6579,5846
1486,7167,4570,3881,408,6001
1486,7167,4570,4868,2650,4791
1486,7167,4570,8806,763,7897
1486,7167,4570,1189,5436,983
1486,7167,4570,1353,352,7973
1486,7167,4570,6692,6961,3155
1486,7167,4570,4129,7232,60
1486,7167,4570,2512,6796,5420
1486,7167,4570,5789,6864,9739
1486,7167,4570,2433,8472,891
1486,7167,4570,8752,9944,7154
1486,7167,4570,3863,2878,7320
1486,7167,4570,3778,156,3252
1486,7167,4570,8354,4056,9992
1486,7167,4570,5508,8929,2052
1486,7167,4570,3514,3124,9701
1486,7167,4570,5658,9257,6419
1486,7167,4570,6559,4119,1329
1486,7167,4570,734,2880,8751
1486,7167,4570,2250,4860,5174
1486,7167,4570,4274,2824,4378
1486,7167,4570,6979,8212,8750
1486,7167,4570,4467,8030,5373
1486,7167,4570,5065,4875,5950
1486,7167,4570,7700,5887,9380
1486,7167,4570,8484,233,1227
1486,7167,4570,3383,2272,3108
1486,7167,4570,4191,3334,2075
1486,7167,4570,7519,4728,1211
1486,7167,4570,3760,4082,5552
1486,7167,4570,6288,5254,5777
1486,7167,4570,4593,372,5083
1486,7167,4570,1571,8961,3082
1486,7167,4570,3157,4317,5008
1486,7167,4570,4580,4700,6242
1486,7167,4570,4915,9212,6566
1486,7167,4570,2637,2348,6595
1486,7167,4570,352,1343,7440
1486,7167,4570,7775,285,2165
1486,7167,4570,2135,9176,6138
1486,7167,4570,277,6176,9169
1486,7167,4570,5589,4102,2698
1486,7167,4570,9109,4658,7847
1486,7167,4570,4175,8439,2407
1486,7167,4570,4554,6951,9642
1486,7167,4570,2094,2118,6030
1486,7167,4570,2913,9168,4449
1486,7167,4570,4885,2497,2043
1486,7167,4570,8244,5851,4507
1486,7167,4570,5839,2841,9384
1486,7167,4570,6827,7678,8984
1486,7167,4570,2535,4104,3368
1486,7167,4570,5503,5492,9287
1486,7167,4570,252,2017,1428
1486,7167,4570,9981,6635,2143
1486,7167,4570,3305,6263,393
1486,7167,4570,1698,4143,8636
1486,7167,4570,4452,7457,8409
1486,7167,4570,8364,7673,7365
1486,7167,4570,3707,218,3175
1486,7167,4570,1547,9074,8844
1486,7167,4570,7318,2722,8211
1486,7167,4570,2452,7638,2322
1486,7167,4570,7765,6857,8663
1486,7167,4570,6092,7826,4370
1486,7167,4570,3374,4845,2336
1486,7167,4570,6998,3278,9641
1486,7167,4570,6017,4909,3303
1486,7167,4570,2426,4677,4620
1486,7167,4570,9004,5574,6561
1486,7167,4570,4899,866,6337
1486,7167,4570,7901,8145,7514
1486,7167,4570,980,9868,3723
1486,7167,4570,5894,4321,8038
1486,7167,4570,9896,4483,6597
1486,7167,4570,2113,8283,6297
1486,7167,4570,9322,2764,7787
1486,7167,4570,3821,728,2696
1486,7167,4570,3902,8264,3398
1486,7167,4570,352,7879,4990
1486,7167,4570,879,4684,4664
1486,7167,4570,9573,9032,9160
1486,7167,4570,2812,2085,2081
1486,7167,4570,8056,5199,3053
1486,7167,4570,5637,7618,9226
1486,7167,4570,4828,1855,1699
1486,7167,4570,2046,3670,7190
1486,7167,4570,1835,5833,6066
1486,7167,4570,6076,5861,2783
1486,7167,4570,5622,7287,5475
1486,7167,4570,6389,2067,211
1486,7167,4570,3514,4826,2984
1486,7167,4570,3614,2712,3242
1486,7167,4570,5977,9892,8968
1486,7167,4570,408,8354,8587
1486,7167,4570,3727,9744,2586
1486,7167,4570,555,7454,5350
1486,7167,4570,6727,6527,8105
1486,7167,4570,6795,9294,5425
1486,7167,4570,3953,4680,9119
1486,7167,4570,1578,9719,8313
1486,7167,4570,6679,4959,1267
1486,7167,4570,5487,5338,4078
1486,7167,4570,3932,5057,8973
1486,7167,4570,6309,2605,2268
1486,7167,4570,4638,141,7642
1486,7167,4570,3970,1284,5802
1486,7167,4570,6125,8903,7819
1486,7167,4570,3311,5032,1744
1486,7167,4570,2378,1965,1445
1486,7167,4570,6658,5723,2233
1486,7167,4570,1166,3478,2326
1486,7167,4570,274,605,9532
1486,7167,4570,2200,216,3372
1486,7167,4570,4108,8374,2118
1486,7167,4570,1334,187,1242
1486,7167,4570,8208,9053,917
1486,7167,4570,651,6146,9737
1486,7167,4570,3051,6330,3997
1486,7167,4570,7612,6967,8667
1486,7167,4570,6472,820,6214
1486,7167,4570,7350,7525,8260
1486,7167,4570,7968,2102,6150
1486,7167,4570,8258,9920,1346
1486,7167,4570,5321,788,2935
1486,7167,4570,4551,2254,4340
1486,7167,4570,8898,6828,9492
1486,7167,4570,7884,9329,7024
1486,7167,4570,4237,9865,3437
1486,7167,4570,5442,7729,9046
1486,7167,4570,7843,5268,1522
1486,7167,4570,1224,478,320
1486,7167,4570,6112,5349,1397
1486,7167,4570,5748,3354,1145
1486,7167,4570,438,9573,4262
1486,7167,4570,2336,7438,4097
1486,7167,4570,4042,5416,6631
1486,7167,4570,1502,981,973
1486,7167,4570,1923,135,2184
1486,7167,4570,4877,4396,4512
1486,7167,4570,1075,3685,5571
1486,7167,4570,991,2082,1983
1486,7167,4570,1489,7538,1335
1486,7167,4570,6025,5369,8942
1486,7167,4570,7106,6925,7924
1486,7167,4570,6947,7511,763
1486,7167,4570,3354,447,9841
1486,7167,4570,4506,8265,3483
1486,7167,4570,6769,8361,4805
1486,7167,4570,7991,8345,6361
1486,7167,4570,760,139,4545
1486,7167,4570,3240,131,1644
1486,7167,4570,1268,7409,2006
1486,7167,4570,9189,1899,3283
1486,7167,4570,583,4974,7476
1486,7167,4570,5652,3627,6694
1486,7167,4570,1221,3366,7555
1486,7167,4570,2112,5900,2861
1486,7167,4570,5951,9079,4442
1486,7167,4570,409,7079,8112
1486,7167,4570,1610,2827,6331
1486,7167,4570,6083,3782,1715
1486,7167,4570,6090,9672,8473
1486,7167,4570,1852,7404,2136
1486,7167,4570,4479,4236,7289
1486,7167,4570,512,7531,8019
1486,7167,4570,9280,5765,5698
1486,7167,4570,7563,7265,6215
1486,7167,4570,2389,9211,3043
1486,7167,4570,6432,3588,4257
1486,7167,4570,7804,3642,3897
1486,7167,4570,6139,8307,6182
1486,7167,4570,9316,3321,6010
1486,7167,4570,4669,2356,8207
1486,7167,4570,1629,2944,1327
1486,7167,4570,1368,4104,8643
1486,7167,4570,7413,6865,3391
1486,7167,4570,1327,5335,6088
1486,7167,4570,7067,8272,1796
1486,7167,4570,6610,409,407
1486,7167,4570,5738,3249,1768
1486,7167,4570,136,4426,7365
1486,7167,4570,829,8576,3135
1486,7167,4570,7247,3182,2264
1486,7167,4570,1893,8034,6793
1486,7167,4570,7726,6575,3230
1486,7167,4570,7223,5718,2347
1486,7167,4570,8792,7920,4413
1486,7167,4570,159,5489,2739
1486,7167,4570,805,5256,8138
1486,7167,4570,4969,963,8868
1486,7167,4570,2462,6426,1811
1486,7167,4570,3595,8599,6634
1486,7167,4570,4010,4907,8350
1486,7167,4570,8430,7701,135
1486,7167,4570,6998,1136,5616
1486,7167,4570,1064,3553,1233
1486,7167,4570,5486,2557,1998
1486,7167,4570,8419,2723,6695
1486,7167,4570,7779,8565,2810
1486,7167,4570,3725,8374,6790
1486,7167,4570,8351,3340,5064
1486,7167,4570,2766,7113,796
1486,7167,4570,9884,1067,6511
1486,7167,4570,3938,7154,4370
1486,7167,4570,8569,2486,7901
1486,7167,4570,3373,3105,3418
1486,7167,4570,6552,7871,5147
1486,7167,4570,1421,3717,4558
1486,7167,4570,3039,7198,4011
1486,7167,4570,9316,8829,617
1486,7167,4570,786,4385,5310
1486,7167,4570,5634,5830,4093
1486,7167,4570,804,5841,1031
1486,7167,4570,965,3548,4297
1486,7167,4570,3616,2381,2236
1486,7167,4570,3390,9820,2669
1486,7167,4570,5806,1806,5269
1486,7167,4570,990,8114,937
1486,7167,4570,4375,879,6031
1486,7167,4570,7125,4545,2183
1486,7167,4570,6733,9280,893
1486,7167,4570,7499,5831,293
1486,7167,4570,1977,9038,465
1486,7167,4570,1681,8250,6980
1486,7167,4570,2094,8645,5586
1486,7167,4570,546,4883,9690
1486,7167,4570,2679,9600,6476
1486,7167,4570,7923,121,6237
1486,7167,4570,6844,7873,2723
1486,7167,4570,5481,3898,691
1486,7167,4570,7705,5542,9719
1486,7167,4570,563,1810,2111
1486,7167,4570,883,9649,8203
1486,7167,4570,2190,8730,4767
1486,7167,4570,2716,9684,928
1486,7167,4570,6580,1037,5385
1486,7167,4570,627,5913,3613
1486,7167,4570,7354,2637,8916
1486,7167,4570,2148,1250,8046
1486,7167,4570,1540,2293,8147
1486,7167,4570,9630,7108,7572
1486,7167,4570,1472,7003,3367
1486,7167,4570,5566,5667,9938
1486,7167,4570,7156,8757,45
1486,7167,4570,8857,9930,3681
1486,7167,4570,9129,705,1691
1486,7167,4570,9601,4277,2249
1486,7167,4570,4876,4161,384
1486,7167,4570,2600,3982,8342
1486,7167,4570,567,5509,2257
1486,7167,4570,7457,1800,5278
1486,7167,4570,9509,6652,4541
1486,7167,4570,6292,1745,8186
1486,7167,4570,4241,5929,3117
1486,7167,4570,9108,9160,8977
1486,7167,4570,7796,2713,1417
1486,7167,4570,9494,6380,4335
1486,7167,4570,7646,3089,8048
1486,7167,4570,7088,1156,4619
1486,7167,4570,9207,1656,1060
1486,7167,4570,9637,7113,811
1486,7167,4570,956,2135,9664
1486,7167,4570,5516,7866,1706
1486,7167,4570,6071,8084,3156
1486,7167,4570,2472,4021,5223
1486,7167,4570,6403,3503,1841
1486,7167,4570,9751,6564,1451
1486,7167,4570,1051,7413,9375
1486,7167,4570,7316,6908,9730
1486,7167,4570,6491,5526,9716
1486,7167,4570,7727,9914,2725
1486,7167,4570,1817,455,9466
1486,7167,4570,5613,2441,6232
1486,7167,4570,5727,3776,7531
1486,7167,4570,381,9838,6987
1486,7167,4570,4257,1869,4363
1486,7167,4570,5077,1493,5180
1486,7167,4570,7989,9909,6482
1486,7167,4570,9280,9160,9194
1486,7167,4570,9484,6666,6613
1486,7167,4570,7894,655,8420
1486,7167,4570,975,7417,8783
1486,7167,4570,7230,4976,2815
1486,7167,4570,9285,1695,5329
1486,7167,4570,1070,979,4834
1486,7167,4570,7665,1744,7921
1486,7167,4570,7726,4808,8280
1486,7167,4570,2720,4805,6232
1486,7167,4570,9271,1635,1721
1486,7167,4570,4451,9364,2464
1486,7167,4570,292,5955,4517
1486,7167,4570,7655,3156,5525
1486,7167,4570,3064,5884,7234
1486,7167,4570,6211,6182,6839
1486,7167,4570,909,4037,6351
1486,7167,4570,345,9384,6665
1486,7167,4570,2693,4380,3847
1486,7167,4570,4871,3887,1139
1486,7167,4570,1631,9204,7786
1486,7167,4570,1702,1176,2966
1486,7167,4570,2571,1737,2882
1486,7167,4570,3141,6033,7963
1486,7167,4570,7087,5225,2027
1486,7167,4570,84,3810,5588
1486,7167,4570,5218,7035,6632
1486,7167,4570,1443,7878,9664
1486,7167,4570,847,8442,8661
1486,7167,4570,8229,8930,5596
1486,7167,4570,7045,3980,9748
1486,7167,4570,7451,2397,5622
1486,7167,4570,1346,9397,4556
1486,7167,4570,4980,848,857
1486,7167,4570,9087,9215,8115
1486,7167,4570,7038,646,7432
1486,7167,4570,5312,8192,2135
1486,7167,4570,4482,1719,2589
1486,7167,4570,4953,456,3400
1486,7167,4570,109,488,848
1486,7167,4570,3615,8107,3831
1486,7167,4570,1047,7187,3786
1486,7167,4570,8250,3819,9576
1486,7167,4570,8081,9320,5404
1486,7167,4570,796,6759,5199
1486,7167,4570,1031,4281,42
1486,7167,4570,7703,3595,9088
1486,7167,4570,683,5580,1794
1486,7167,4570,4008,1125,5390
1486,7167,4570,3394,654,9218
1486,7167,4570,5144,1756,8072
1486,7167,4570,4004,2811,6685
1486,7167,4570,7356,4706,4321
1486,7167,4570,2478,9012,5557
1486,7167,4570,3102,2671,3960
1486,7167,4570,7810,9386,2867
1486,7167,4570,7569,482,3231
1486,7167,4570,8333,6158,4915
1486,7167,4570,6125,3594,2354
1486,7167,4570,9608,437,6292
1486,7167,4570,1510,3368,7327
1486,7167,4570,2930,3213,6619
1486,7167,4570,8226,5354,1893
1486,7167,4570,8333,8025,988
1486,7167,4570,1289,4760,5793
1486,7167,4570,3864,1928,2409
1486,7167,4570,2713,9602,6989
1486,7167,4570,4605,3750,7258
1486,7167,4570,441,3135,5224
1486,7167,4570,7368,5516,799
1486,7167,4570,8698,3154,7165
1486,7167,4570,2692,360,9388
1486,7167,4570,7363,5712,1691
1486,7167,4570,2818,2086,9821
1486,7167,4570,3265,516,1759
1486,7167,4570,8823,5520,3014
1486,7167,4570,5857,7823,6772
1486,7167,4570,8469,3752,4617
1486,7167,4570,3239,5377,46
1486,7167,4570,2205,3787,7019
1486,7167,4570,36,7984,2602
1486,7167,4570,8476,8353,7309
1486,7167,4570,6241,4901,6547
1486,7167,4570,7342,7695,7118
1486,7167,4570,2518,6239,2303
1486,7167,4570,4683,642,6502
1486,7167,4570,7153,7154,6969
1486,7167,4570,8136,994,6190
1486,7167,4570,8979,9215,9731
1486,7167,4570,2247,952,5900
1486,7167,4570,5586,4950,3432
1486,7167,4570,2259,2794,6897
1486,7167,4570,8360,4405,8994
1486,7167,4570,1025,1312,1490
1486,7167,4570,839,3290,6008
1486,7167,4570,4892,4577,4603
1486,7167,4570,8879,5353,3186
1486,7167,4570,9840,6528,8013
1486,7167,4570,1902,4205,1332
1486,7167,4570,4476,1693,5668
1486,7167,4570,4622,2965,8608
1486,7167,4570,9772,1461,4227
1486,7167,4570,2131,293,7630
1486,7167,4570,6484,7193,8519
1486,7167,4570,5021,8387,3639
1486,7167,4570,4644,2644,2194
1486,7167,4570,1005,3861,9114
1486,7167,4570,3004,1782,2286
1486,7167,4570,3266,7560,4115
1486,7167,4570,1655,4734,2073
1486,7167,4570,311,8067,7510
1486,7167,4570,31,5075,385
1486,7167,4570,9930,9150,536
1486,7167,4570,5098,6022,5207
1486,7167,4570,9780,2369,823
1486,7167,4570,4751,9312,1800
1486,7167,4570,4432,8,3299
1486,7167,4570,23,14,5885
1486,7167,4570,3663,7658,3817
1486,7167,4570,5932,5443,1070
1486,7167,4570,1983,7555,1550
1486,7167,4570,1420,1762,4598
1486,7167,4570,9404,7069,4885
1486,7167,4570,3552,2998,795
1486,7167,4570,4495,3163,1341
1486,7167,4570,5976,4717,1969
1486,7167,4570,797,9656,7845
1486,7167,4570,4198,1478,2838
1486,7167,4570,6802,9868,6451
1486,7167,4570,8353,6300,2823
1486,7167,4570,512,8285,9247
1486,7167,4570,8395,1678,5954
1486,7167,4570,7811,9636,3168
1486,7167,4570,9722,3031,2836
1486,7167,4570,1653,9235,1205
1486,7167,4570,8510,8239,6486
1486,7167,4570,8063,3105,6939
1486,7167,4570,5643,4944,8195
1486,7167,4570,6416,8973,9717
1486,7167,4570,9156,3258,4299
1486,7167,4570,4443,1130,2780
1486,7167,4570,5349,7535,746
1486,7167,4570,3940,4132,5212
1486,7167,4570,5025,5344,951
1486,7167,4570,3771,6822,7788
1486,7167,4570,9430,8120,4572
1486,7167,4570,9587,9290,5410
1486,7167,4570,5373,5961,5626
1486,7167,4570,9162,9569,9209
1486,7167,4570,8839,8694,1696
1486,7167,4570,874,8849,9476
1486,7167,4570,1533,4011,1977
1486,7167,4570,9647,1640,6243
1486,7167,4570,9514,6171,6792
1486,7167,4570,9281,929,4699
1486,7167,4570,112,2225,3961
1486,7167,4570,9875,6934,6142
1486,7167,4570,8280,5013,6848
1486,7167,4570,2881,4322,6411
1486,7167,4570,3273,176,5635
1486,7167,4570,3536,4988,4659
1486,7167,4570,7542,5792,6391
1486,7167,4570,4587,7551,8713
1486,7167,4570,7743,2432,6287
1486,7167,4570,4070,3771,3573
1486,7167,4570,7087,1182,5495
1486,7167,4570,3487,4685,1782
1486,7167,4570,5986,4825,4183
1486,7167,4570,1124,5101,8528
1486,7167,4570,9334,580,3287
1486,7167,4570,3618,5403,3822
1486,7167,4570,9495,2736,4769
1486,7167,4570,1143,3087,3148
1486,7167,4570,1945,7304,3856
1486,7167,4570,6749,7196,1454
1486,7167,4570,7444,2400,6367
1486,7167,4570,5854,2452,2176
1486,7167,4570,7597,9304,7542
1486,7167,4570,8999,7289,7117
1486,7167,4570,6052,336,1581
1486,7167,4570,317,4956,3273
1486,7167,4570,374,7826,3539
1486,7167,4570,7188,4372,4930
1486,7167,4570,230,596,3676
1486,7167,4570,8440,2596,9422
1486,7167,4570,4308,2718,6765
1486,7167,4570,556,3692,8964
1486,7167,4570,4101,2053,2398
1486,7167,4570,2051,4303,4666
1486,7167,4570,3937,9008,2296
1486,7167,4570,4754,8262,6680
1486,7167,4570,6312,7848,5485
1486,7167,4570,9523,8239,7783
1486,7167,4570,3549,7767,5464
1486,7167,4570,4500,1970,6074
1486,7167,4570,5681,7890,4938
1486,7167,4570,6553,777,9025
1486,7167,4570,8666,8636,330
1486,7167,4570,4895,7976,8183
1486,7167,4570,1868,7533,9854
1486,7167,4570,8743,7046,9261
1486,7167,4570,1422,7468,8720
1486,7167,4570,9705,9277,1661
1486,7167,4570,404,2420,2065
1486,7167,4570,8087,3672,5713
1486,7167,4570,6450,2874,6972
1486,7167,4570,5930,9035,3085
1486,7167,4570,5122,8776,4961
1486,7167,4570,910,9650,8798
1486,7167,4570,9642,3332,9124
1486,7167,4570,591,2339,7873
1486,7167,4570,6755,7082,5240
