7978,6627,255,4166,212,4278
7978,6627,255,4419,1297,158
7978,6627,255,5900,90,9036
7978,6627,255,9887,3343,1895
7978,6627,255,1572,9612,4007
7978,6627,255,118,6553,5453
7978,6627,255,9810,5636,2818
7978,6627,255,1918,181,2706
7978,6627,255,497,9141,6579
7978,6627,255,826,4634,6660
7978,6627,255,5497,2451,6392
7978,6627,255,7827,2540,7831
7978,6627,255,9706,7824,8427
7978,6627,255,8179,3663,9035
7978,6627,255,5490,1253,7594
7978,6627,255,5348,3326,9896
7978,6627,255,1545,4603,2063
7978,6627,255,3033,3763,3273
7978,6627,255,6853,9813,5136
7978,6627,255,5473,8110,6138
7978,6627,255,1318,5137,6887
7978,6627,255,1858,5031,4773
7978,6627,255,341,3139,4855
7978,6627,255,2954,4670,6863
7978,6627,255,5951,5146,8256
7978,6627,255,3784,238,6430
7978,6627,255,2915,3900,3343
7978,6627,255,8770,2106,8196
7978,6627,255,545,7071,8942
7978,6627,255,6986,6030,6831
7978,6627,255,5391,782,7083
7978,6627,255,1628,98,2291
7978,6627,255,9006,2460,7011
7978,6627,255,3532,9444,8614
7978,6627,255,3028,19,167
7978,6627,255,6867,567,3660
7978,6627,255,2940,7744,5910
7978,6627,255,9970,6529,875
7978,6627,255,880,5215,9889
7978,6627,255,719,9752,6573
7978,6627,255,1119,4539,6162
7978,6627,255,7541,4504,7714
7978,6627,255,657,5469,3364
7978,6627,255,6040,8765,9752
7978,6627,255,5890,6750,2127
7978,6627,255,874,59,4078
7978,6627,255,4636,7992,6649
7978,6627,255,5911,7625,3694
7978,6627,255,548,5019,5372
7978,6627,255,5484,9938,1216
7978,6627,255,1765,8259,6291
7978,6627,255,8598,7204,7831
7978,6627,255,3890,7113,3343
7978,6627,255,9697,5293,2676
7978,6627,255,2523,5004,7685
7978,6627,255,2074,6365,8772
7978,6627,255,8799,7708,5253
7978,6627,255,542,8524,8277
7978,6627,255,263,6879,7418
7978,6627,255,6788,3090,4800
7978,6627,255,3501,5684,9783
7978,6627,255,6331,1660,1533
7978,6627,255,734,5733,8008
7978,6627,255,1169,334,7453
7978,6627,255,4950,8198,96
7978,6627,255,8857,8978,8359
7978,6627,255,8619,6925,6842
7978,6627,255,5180,385,6557
7978,6627,255,3603,3496,9733
7978,6627,255,2864,942,6242
7978,6627,255,9835,7773,602
7978,6627,255,4770,884,850
7978,6627,255,3011,4352,7677
7978,6627,255,9504,2414,6106
7978,6627,255,2519,4909,8860
7978,6627,255,9054,5846,8304
7978,6627,255,8545,301,9186
7978,6627,255,1800,4333,1148
7978,6627,255,5082,3384,5793
7978,6627,255,8692,5587,3463
7978,6627,255,4110,685,617
7978,6627,255,5829,8009,8569
7978,6627,255,4634,8468,9315
7978,6627,255,1452,8512,3451
7978,6627,255,1256,8975,3010
7978,6627,255,8426,2744,1573
7978,6627,255,7963,9977,3371
7978,6627,255,6433,3554,3482
7978,6627,255,5744,8178,5306
7978,6627,255,4097,4790,8202
7978,6627,255,2295,6584,6918
7978,6627,255,4429,2212,3026
7978,6627,255,7495,3556,1990
7978,6627,255,2825,4324,3823
7978,6627,255,8852,4064,9752
7978,6627,255,9989,1392,537
7978,6627,255,2301,6241,5955
7978,6627,255,4424,625,1924
7978,6627,255,8270,9831,9336
7978,6627,255,7021,7532,6103
7978,6627,255,444,2714,9811
7978,6627,255,5164,1011,8635
7978,6627,255,9156,3895,7060
7978,6627,255,1742,421,5975
7978,6627,255,4254,2572,4766
7978,6627,255,6498,3224,6776
7978,6627,255,8309,3990,4502
7978,6627,255,1720,9014,2036
7978,6627,255,8474,7317,2106
7978,6627,255,9466,2891,4981
7978,6627,255,4738,1680,4132
7978,6627,255,494,5760,6796
7978,6627,255,3961,4615,3817
7978,6627,255,4470,9794,5449
7978,6627,255,9887,174,891
7978,6627,255,7497,6335,5313
7978,6627,255,3895,3945,6157
7978,6627,255,956,5751,7128
7978,6627,255,8431,5925,4196
7978,6627,255,6580,2680,9905
7978,6627,255,6713,2505,7370
7978,6627,255,4297,9446,8213
7978,6627,255,3699,7119,6829
7978,6627,255,5063,7187,1543
7978,6627,255,5417,1854,9340
7978,6627,255,4225,3751,5709
7978,6627,255,3915,2051,9910
7978,6627,255,6722,7702,299
7978,6627,255,7340,9754,6869
7978,6627,255,9693,1938,9221
7978,6627,255,9938,5032,6419
7978,6627,255,4617,421,8218
7978,6627,255,5866,7385,8380
7978,6627,255,6835,1365,9819
7978,6627,255,1866,2445,2984
7978,6627,255,5613,5181,9895
7978,6627,255,6582,1259,1845
7978,6627,255,584,9680,8822
7978,6627,255,8906,2173,8833
7978,6627,255,6406,8951,1869
7978,6627,255,9133,6329,9699
7978,6627,255,9382,8116,4901
7978,6627,255,9796,2813,3906
7978,6627,255,916,1401,1718
7978,6627,255,7273,629,7926
7978,6627,255,2762,8432,3399
7978,6627,255,4829,7777,9965
7978,6627,255,8852,5933,8227
7978,6627,255,7667,3321,2926
7978,6627,255,3911,3061,8058
7978,6627,255,8980,9045,8235
7978,6627,255,7936,4362,7141
7978,6627,255,9331,2168,8595
7978,6627,255,7718,4028,1523
7978,6627,255,2000,4076,3403
7978,6627,255,2918,2053,9971
7978,6627,255,1120,8684,2242
7978,6627,255,794,9055,5320
7978,6627,255,1626,1088,4116
7978,6627,255,9915,4806,5693
7978,6627,255,4744,8119,1068
7978,6627,255,6469,2240,276
7978,6627,255,7692,2283,3117
7978,6627,255,4279,4566,7293
7978,6627,255,5164,6439,5784
7978,6627,255,1237,2549,6238
7978,6627,255,9565,7455,5226
7978,6627,255,6277,9361,5764
7978,6627,255,648,6564,9202
7978,6627,255,8721,6224,1935
7978,6627,255,841,1821,2865
7978,6627,255,4000,2872,7341
7978,6627,255,3649,7619,8136
7978,6627,255,6955,369,7884
7978,6627,255,7475,4851,3479
7978,6627,255,8603,5070,4705
7978,6627,255,6654,655,9711
7978,6627,255,5531,4446,4943
7978,6627,255,63,6425,3535
7978,6627,255,8715,9925,5162
7978,6627,255,3557,9765,6505
7978,6627,255,1771,4519,6921
7978,6627,255,931,6329,6125
7978,6627,255,8292,5140,5303
7978,6627,255,4230,5025,77
7978,6627,255,7276,4276,3058
7978,6627,255,9912,4169,4523
7978,6627,255,3207,3836,6077
7978,6627,255,9388,5184,7310
7978,6627,255,3158,4637,157
7978,6627,255,3542,356,1081
7978,6627,255,3709,904,7934
7978,6627,255,3602,100,7182
7978,6627,255,8547,9317,9896
7978,6627,255,478,3394,4570
7978,6627,255,9491,8735,8030
7978,6627,255,2762,3068,3671
7978,6627,255,1905,3485,1050
7978,6627,255,5763,940,6119
7978,6627,255,7247,1728,9564
7978,6627,255,5988,8081,5386
7978,6627,255,122,1335,7092
7978,6627,255,4688,9891,2041
7978,6627,255,9016,4911,1388
7978,6627,255,9903,9795,413
7978,6627,255,8899,542,7560
7978,6627,255,1154,3293,5801
7978,6627,255,8202,9287,3395
7978,6627,255,6509,6071,3952
7978,6627,255,8271,5244,9193
7978,6627,255,9356,1704,246
7978,6627,255,5871,768,1107
7978,6627,255,8539,9596,4203
7978,6627,255,5389,4790,5442
7978,6627,255,8042,6429,1475
7978,6627,255,8023,6400,1467
7978,6627,255,7517,8220,528
7978,6627,255,2675,668,5377
7978,6627,255,5760,1568,7075
7978,6627,255,1576,2352,2907
7978,6627,255,8611,9219,530
7978,6627,255,8233,2143,5830
7978,6627,255,5475,6450,1547
7978,6627,255,2972,6943,5396
7978,6627,255,7370,8946,7703
7978,6627,255,2021,1449,4390
7978,6627,255,6335,8558,9650
7978,6627,255,5128,1913,5506
7978,6627,255,4199,3240,3189
7978,6627,255,1587,295,7205
7978,6627,255,4396,7654,8704
7978,6627,255,1283,5497,4556
7978,6627,255,910,4105,6781
7978,6627,255,8581,2559,5147
7978,6627,255,1081,3977,7171
7978,6627,255,1376,5654,1353
7978,6627,255,320,2611,8948
7978,6627,255,9213,9275,6368
7978,6627,255,5584,6307,9242
7978,6627,255,5692,5577,8461
7978,6627,255,5034,9165,1089
7978,6627,255,2121,1646,7713
7978,6627,255,4976,7879,2969
7978,6627,255,2020,7327,8422
7978,6627,255,4386,8551,2779
7978,6627,255,8749,7298,2834
7978,6627,255,2260,126,4727
7978,6627,255,7271,9818,6031
7978,6627,255,9772,7039,4487
7978,6627,255,2023,3941,6877
7978,6627,255,6773,5992,8237
7978,6627,255,8685,3319,5993
7978,6627,255,6908,2381,7155
7978,6627,255,2758,197,7463
7978,6627,255,4130,344,7782
7978,6627,255,2528,3546,1529
7978,6627,255,6342,928,5141
7978,6627,255,5379,3641,1328
7978,6627,255,8384,486,8500
7978,6627,255,4539,7607,5482
7978,6627,255,1279,1001,9897
7978,6627,255,7474,3211,9319
7978,6627,255,697,7119,4149
7978,6627,255,2233,9651,2146
7978,6627,255,4928,8065,1233
7978,6627,255,8437,4391,8906
7978,6627,255,5875,4466,7452
7978,6627,255,6116,6674,5002
7978,6627,255,5419,9703,9807
7978,6627,255,743,8595,8543
7978,6627,255,2025,8472,4976
7978,6627,255,6566,7147,6929
7978,6627,255,4733,15,2184
7978,6627,255,4609,7854,5069
7978,6627,255,6803,3260,5141
7978,6627,255,5521,2104,4707
7978,6627,255,8395,7313,590
7978,6627,255,4709,1173,6510
7978,6627,255,6499,7039,8771
7978,6627,255,9078,6742,7441
7978,6627,255,6521,1514,1681
7978,6627,255,1819,7796,1113
7978,6627,255,9352,731,7009
7978,6627,255,3813,3247,7546
7978,6627,255,4487,1858,6556
7978,6627,255,9225,6379,9829
7978,6627,255,1352,1032,5922
7978,6627,255,7681,8948,2679
7978,6627,255,5150,6915,9641
7978,6627,255,6735,5954,2420
7978,6627,255,5980,6279,9851
7978,6627,255,1766,1884,7543
7978,6627,255,4064,2832,4253
7978,6627,255,6245,3867,2288
7978,6627,255,475,9776,3424
7978,6627,255,9128,1295,7412
7978,6627,255,2486,9776,6987
7978,6627,255,903,5614,9568
7978,6627,255,3988,4580,5423
7978,6627,255,2707,7463,4141
7978,6627,255,6366,1088,6067
7978,6627,255,8861,5908,274
7978,6627,255,2684,3397,5668
7978,6627,255,232,218,8977
7978,6627,255,3175,8872,577
7978,6627,255,4928,3344,3432
7978,6627,255,6118,6004,9056
7978,6627,255,5795,7965,7065
7978,6627,255,185,9722,466
7978,6627,255,5763,8125,9321
7978,6627,255,7489,9779,3437
7978,6627,255,4886,7630,8695
7978,6627,255,2008,4662,3094
7978,6627,255,3019,2260,9754
7978,6627,255,8968,5665,4268
7978,6627,255,9288,6553,1820
7978,6627,255,3472,501,2428
7978,6627,255,4807,7557,4748
7978,6627,255,3074,2183,4541
7978,6627,255,5111,1306,5381
7978,6627,255,6009,7374,8207
7978,6627,255,7319,8973,789
7978,6627,255,2533,7094,5484
7978,6627,255,1243,6910,7397
7978,6627,255,6034,4973,6678
7978,6627,255,2067,9899,1647
7978,6627,255,3913,3629,8430
7978,6627,255,2952,827,3489
7978,6627,255,6778,7866,5098
7978,6627,255,2182,7329,5559
7978,6627,255,8587,7595,763
7978,6627,255,4465,7347,7563
7978,6627,255,9140,5304,56
7978,6627,255,1788,3926,6399
7978,6627,255,8313,7021,8542
7978,6627,255,5904,8716,6185
7978,6627,255,6594,8273,4381
7978,6627,255,6065,4391,6985
7978,6627,255,7181,9474,8196
7978,6627,255,1992,7691,445
7978,6627,255,7970,1844,1852
7978,6627,255,2398,6929,4278
7978,6627,255,7302,1893,7114
7978,6627,255,5203,7288,8689
7978,6627,255,9045,1694,9551
7978,6627,255,4883,2080,7446
7978,6627,255,3819,1293,7371
7978,6627,255,2857,3663,7166
7978,6627,255,5337,7144,7183
7978,6627,255,1886,1095,5062
7978,6627,255,8321,77,5766
7978,6627,255,2039,5559,2493
7978,6627,255,6205,3935,1860
7978,6627,255,4848,5210,24
7978,6627,255,1438,949,2316
7978,6627,255,5089,5759,4176
7978,6627,255,9599,9293,6513
7978,6627,255,9012,704,2305
7978,6627,255,4534,7462,892
7978,6627,255,1648,7049,5735
7978,6627,255,8098,2426,3136
7978,6627,255,3797,9075,4682
7978,6627,255,615,3828,910
7978,6627,255,22,8720,8053
7978,6627,255,3391,9433,7173
7978,6627,255,1188,6985,6692
7978,6627,255,489,4674,6222
7978,6627,255,1758,5447,18
7978,6627,255,4796,7725,2136
7978,6627,255,3622,4267,388
7978,6627,255,550,482,5830
7978,6627,255,6629,6533,2971
7978,6627,255,7655,3423,1520
7978,6627,255,7851,3519,1789
7978,6627,255,3591,7876,6459
7978,6627,255,2331,6924,7489
7978,6627,255,4012,876,8081
7978,6627,255,4114,2243,4927
7978,6627,255,1046,9128,5448
7978,6627,255,1966,6455,4921
7978,6627,255,2569,540,9222
7978,6627,255,225,3054,3431
7978,6627,255,8320,1039,1832
7978,6627,255,9581,6518,958
7978,6627,255,5349,9781,1173
7978,6627,255,2567,7347,9761
7978,6627,255,7593,7148,6243
7978,6627,255,4038,7326,1204
7978,6627,255,1267,7247,1542
7978,6627,255,3695,9728,4154
7978,6627,255,8087,6427,4271
7978,6627,255,7514,495,7190
7978,6627,255,417,2355,5596
7978,6627,255,9322,9159,9710
7978,6627,255,123,770,7797
7978,6627,255,8117,5271,4706
7978,6627,255,2612,7391,9958
7978,6627,255,7746,4663,8415
7978,6627,255,2766,8235,8733
7978,6627,255,3134,5853,9614
7978,6627,255,3528,2140,9318
7978,6627,255,7169,7684,1935
7978,6627,255,666,4372,9817
7978,6627,255,2403,8696,9369
7978,6627,255,4650,5088,7582
7978,6627,255,1251,1942,6524
7978,6627,255,4978,6947,4031
7978,6627,255,7198,9063,3222
7978,6627,255,3941,7520,5915
7978,6627,255,5313,981,2964
7978,6627,255,530,1726,4928
7978,6627,255,5972,8203,4229
7978,6627,255,2268,3823,5493
7978,6627,255,1803,4301,1214
7978,6627,255,9975,3380,4990
7978,6627,255,1122,2478,1924
7978,6627,255,7171,9827,9737
7978,6627,255,8466,5636,3339
7978,6627,255,5155,3243,6537
7978,6627,255,4122,7921,2052
7978,6627,255,9324,4817,2492
7978,6627,255,9670,6831,1725
7978,6627,255,9039,8005,2030
7978,6627,255,2816,235,6265
7978,6627,255,1122,7241,2064
7978,6627,255,2249,7692,4066
7978,6627,255,1188,5140,9244
7978,6627,255,1216,8292,5785
7978,6627,255,6848,8280,2084
7978,6627,255,812,9629,6307
7978,6627,255,6483,3036,8949
7978,6627,255,8317,4440,8421
7978,6627,255,5700,9884,9356
7978,6627,255,1526,4991,8027
7978,6627,255,1642,16,5030
7978,6627,255,2913,6512,2752
7978,6627,255,5287,891,6949
7978,6627,255,4204,6299,6511
7978,6627,255,6808,1064,2136
7978,6627,255,9611,849,6414
7978,6627,255,3834,4205,2828
7978,6627,255,2897,7452,9927
7978,6627,255,954,167,3594
7978,6627,255,269,4389,9864
7978,6627,255,7190,3664,8296
7978,6627,255,5438,3631,6510
7978,6627,255,5422,203,5280
7978,6627,255,6470,8318,5739
7978,6627,255,10000,8661,5994
7978,6627,255,5846,8136,5235
7978,6627,255,4925,3926,7994
7978,6627,255,8060,7554,853
7978,6627,255,2513,6619,1312
7978,6627,255,6074,3360,5330
7978,6627,255,2388,5455,1389
7978,6627,255,5650,9678,6521
7978,6627,255,8978,8543,5928
7978,6627,255,3493,12,5279
7978,6627,255,5395,6726,8921
7978,6627,255,5695,7680,6585
7978,6627,255,5931,8964,6424
7978,6627,255,2769,4952,6661
7978,6627,255,1132,7016,3512
7978,6627,255,9334,2975,3682
7978,6627,255,2512,7533,5232
7978,6627,255,3819,4929,477
7978,6627,255,56,7049,1713
7978,6627,255,5473,9534,5594
7978,6627,255,9847,2290,2579
7978,6627,255,1172,7081,8917
7978,6627,255,1472,235,8633
7978,6627,255,1238,5108,9965
7978,6627,255,4195,7399,7600
7978,6627,255,2473,9347,5881
7978,6627,255,3459,7150,269
7978,6627,255,9429,9901,7349
7978,6627,255,3344,1825,1384
7978,6627,255,9173,9583,111
7978,6627,255,1051,9973,582
7978,6627,255,1901,962,5776
7978,6627,255,4718,6398,3025
7978,6627,255,2702,7359,9188
7978,6627,255,2561,1373,3334
7978,6627,255,5626,8304,359
7978,6627,255,9895,6390,4453
7978,6627,255,2343,3284,7038
7978,6627,255,2008,5161,2070
7978,6627,255,5101,2894,5432
7978,6627,255,4173,1790,2402
7978,6627,255,27,6633,659
7978,6627,255,9994,8743,2045
7978,6627,255,6236,3475,9507
7978,6627,255,3883,3968,2732
7978,6627,255,2050,9957,8859
7978,6627,255,2351,8247,2607
7978,6627,255,4369,7851,1528
7978,6627,255,5606,5612,4504
7978,6627,255,2907,8219,3764
7978,6627,255,8911,6558,8218
7978,6627,255,9979,9548,5506
7978,6627,255,8438,3133,7413
7978,6627,255,9755,6340,6682
7978,6627,255,6164,5004,9233
7978,6627,255,5275,875,9026
7978,6627,255,964,4609,8208
7978,6627,255,6910,3821,319
7978,6627,255,4310,5860,3022
7978,6627,255,2246,1676,12
7978,6627,255,6120,9549,3067
7978,6627,255,1657,4942,2778
