9814,5542,4716,3113,954,2866
9814,5542,4716,453,5368,426
9814,5542,4716,5938,7874,7016
9814,5542,4716,5872,6226,6616
9814,5542,4716,9250,2787,9193
9814,5542,4716,6114,3878,8289
9814,5542,4716,7442,4395,6646
9814,5542,4716,614,9871,1273
9814,5542,4716,6574,8334,2013
9814,5542,4716,7876,2046,1155
9814,5542,4716,2469,7833,3160
9814,5542,4716,3039,7847,609
9814,5542,4716,1028,6760,217
9814,5542,4716,8264,9271,8609
9814,5542,4716,1556,8251,6873
9814,5542,4716,5354,8976,4900
9814,5542,4716,3169,8797,2544
9814,5542,4716,6712,9861,1489
9814,5542,4716,5006,2368,1967
9814,5542,4716,4209,486,6374
9814,5542,4716,5325,7163,390
9814,5542,4716,1533,6864,8176
9814,5542,4716,2918,4148,7029
9814,5542,4716,7491,4100,61
9814,5542,4716,3370,6025,6430
9814,5542,4716,5348,8421,3630
9814,5542,4716,2879,3662,394
9814,5542,4716,4227,9264,5866
9814,5542,4716,3619,6015,1008
9814,5542,4716,6710,6039,1994
9814,5542,4716,5191,7510,5943
9814,5542,4716,9706,898,4034
9814,5542,4716,5705,8244,2796
9814,5542,4716,5881,4349,1194
9814,5542,4716,484,6439,5959
9814,5542,4716,3066,64,5603
9814,5542,4716,9451,6257,988
9814,5542,4716,3947,3941,28
9814,5542,4716,4493,2537,2935
9814,5542,4716,2266,8289,9397
9814,5542,4716,2842,4442,2301
9814,5542,4716,5054,8089,2024
9814,5542,4716,8079,1301,7802
9814,5542,4716,9228,9931,8295
9814,5542,4716,8929,2801,290
9814,5542,4716,7267,8282,5886
9814,5542,4716,4869,5596,6845
9814,5542,4716,8033,8839,1722
9814,5542,4716,7616,9405,5893
9814,5542,4716,3645,4391,4005
9814,5542,4716,1257,1703,2936
9814,5542,4716,3474,319,5991
9814,5542,4716,9771,7159,332
9814,5542,4716,354,5415,9786
9814,5542,4716,2663,1900,7596
9814,5542,4716,8878,4366,7786
9814,5542,4716,9145,2874,5134
9814,5542,4716,8864,3919,765
9814,5542,4716,321,9137,9707
9814,5542,4716,9157,6850,7480
9814,5542,4716,2097,7971,4103
9814,5542,4716,253,6835,9124
9814,5542,4716,58,8482,7971
9814,5542,4716,6050,6247,6932
9814,5542,4716,5116,6493,4674
9814,5542,4716,6440,59,5259
9814,5542,4716,1587,2590,3813
9814,5542,4716,9334,9516,5886
9814,5542,4716,9274,6145,6354
9814,5542,4716,8061,1364,9126
9814,5542,4716,7800,5284,5575
9814,5542,4716,4496,9411,5508
9814,5542,4716,7335,8830,9466
9814,5542,4716,3574,8306,8
9814,5542,4716,5611,9985,9894
9814,5542,4716,1798,9598,8781
9814,5542,4716,7916,7100,300
9814,5542,4716,9373,1751,2968
9814,5542,4716,8816,3696,45
9814,5542,4716,8591,8870,9560
9814,5542,4716,3349,8647,7511
9814,5542,4716,6234,6180,4814
9814,5542,4716,6852,8313,8679
9814,5542,4716,8537,6352,1324
9814,5542,4716,7382,7427,8669
9814,5542,4716,5032,2260,5128
9814,5542,4716,8012,6268,7558
9814,5542,4716,8826,277,5832
9814,5542,4716,2747,1936,6756
9814,5542,4716,9566,4009,4437
9814,5542,4716,568,4336,2105
9814,5542,4716,4445,2874,6702
9814,5542,4716,1443,7663,2572
9814,5542,4716,84,3008,1997
9814,5542,4716,4608,9581,3405
9814,5542,4716,260,6997,1108
9814,5542,4716,6357,7282,5279
9814,5542,4716,1086,3030,3545
9814,5542,4716,8294,1736,2948
9814,5542,4716,2356,83,1065
9814,5542,4716,968,6772,4599
9814,5542,4716,5600,6359,9565
9814,5542,4716,1393,1563,1191
9814,5542,4716,7977,3745,5665
9814,5542,4716,934,782,1561
9814,5542,4716,6100,4384,3955
9814,5542,4716,2901,890,8898
9814,5542,4716,6320,384,75
9814,5542,4716,3095,3171,8255
9814,5542,4716,5514,2533,5424
9814,5542,4716,6562,3449,7318
9814,5542,4716,4179,1068,740
9814,5542,4716,881,5411,8377
9814,5542,4716,3593,5878,1345
9814,5542,4716,6555,1964,3989
9814,5542,4716,4663,178,5491
9814,5542,4716,3488,3621,1520
9814,5542,4716,890,8819,3500
9814,5542,4716,9162,8006,399
9814,5542,4716,5835,6309,7082
9814,5542,4716,5448,4769,5240
9814,5542,4716,1253,6369,12
9814,5542,4716,4574,29,7550
9814,5542,4716,6677,6820,3247
9814,5542,4716,5636,9778,7988
9814,5542,4716,1442,5795,7018
9814,5542,4716,5657,1641,1728
9814,5542,4716,9053,5772,2954
9814,5542,4716,1457,7768,9594
9814,5542,4716,9252,5915,1842
9814,5542,4716,9432,2746,4299
9814,5542,4716,4795,5975,9373
9814,5542,4716,3209,5003,6110
9814,5542,4716,8165,8952,469
9814,5542,4716,7963,4671,7226
9814,5542,4716,5386,3209,5965
9814,5542,4716,1602,8741,6857
9814,5542,4716,7424,241,3039
9814,5542,4716,2915,5833,7113
9814,5542,4716,5395,3651,4289
9814,5542,4716,9025,6943,72
9814,5542,4716,3118,9475,6816
9814,5542,4716,2317,4037,9647
9814,5542,4716,7453,890,8797
9814,5542,4716,8224,8619,3174
9814,5542,4716,5326,4925,4005
9814,5542,4716,5951,4147,5466
9814,5542,4716,5801,5359,7435
9814,5542,4716,9878,394,9641
9814,5542,4716,8848,9542,2775
9814,5542,4716,9059,2450,5828
9814,5542,4716,5205,7517,7702
9814,5542,4716,4497,6167,4428
9814,5542,4716,9743,5843,8918
9814,5542,4716,2422,5152,9268
9814,5542,4716,1722,6222,1846
9814,5542,4716,1483,8102,9599
9814,5542,4716,8279,6855,8545
9814,5542,4716,6126,5854,2567
9814,5542,4716,5962,2024,2387
9814,5542,4716,9905,3292,5433
9814,5542,4716,272,5526,283
9814,5542,4716,9615,6799,7765
9814,5542,4716,5250,7027,5004
9814,5542,4716,5557,9630,8164
9814,5542,4716,2267,4277,4224
9814,5542,4716,9599,8431,5466
9814,5542,4716,9623,9417,5517
9814,5542,4716,590,3864,9321
9814,5542,4716,866,5387,9016
9814,5542,4716,8318,8632,3097
9814,5542,4716,6268,8984,1005
9814,5542,4716,720,5228,5051
9814,5542,4716,9027,7294,2656
9814,5542,4716,8161,4342,3475
9814,5542,4716,8333,1449,4521
9814,5542,4716,573,4469,8796
9814,5542,4716,6859,1609,1841
9814,5542,4716,7633,39,6233
9814,5542,4716,9889,2059,389
9814,5542,4716,6676,2048,9045
9814,5542,4716,4216,9250,5378
9814,5542,4716,796,2668,107
9814,5542,4716,8507,5690,3698
9814,5542,4716,8598,670,8386
9814,5542,4716,7739,3994,4022
9814,5542,4716,8235,180,7979
9814,5542,4716,8231,3865,416
9814,5542,4716,2457,4955,7212
9814,5542,4716,543,9407,3838
9814,5542,4716,833,3859,7026
9814,5542,4716,7014,3179,9886
9814,5542,4716,47,4820,7993
9814,5542,4716,2935,7244,738
9814,5542,4716,1325,3703,7446
9814,5542,4716,7775,6762,2789
9814,5542,4716,1007,3456,382
9814,5542,4716,9088,3344,6930
9814,5542,4716,4614,4835,9482
9814,5542,4716,2551,7699,563
9814,5542,4716,1795,8872,5728
9814,5542,4716,7189,8797,1650
9814,5542,4716,3784,1292,2387
9814,5542,4716,1730,8188,423
9814,5542,4716,1703,3043,5092
9814,5542,4716,5129,2811,3849
9814,5542,4716,197,2451,6700
9814,5542,4716,8918,8888,6277
9814,5542,4716,4538,9619,2008
9814,5542,4716,5302,6281,7225
9814,5542,4716,8388,3645,6313
9814,5542,4716,6255,5309,265
9814,5542,4716,2938,3267,2182
9814,5542,4716,8661,1161,3897
9814,5542,4716,4157,4967,5227
9814,5542,4716,3136,2352,4144
9814,5542,4716,6857,9293,9894
9814,5542,4716,1193,9479,9091
9814,5542,4716,1775,8443,1584
9814,5542,4716,3963,9682,1850
9814,5542,4716,755,7636,5998
9814,5542,4716,8605,1726,1128
9814,5542,4716,3603,356,9743
9814,5542,4716,4752,3447,8672
9814,5542,4716,756,2634,4469
9814,5542,4716,4283,561,2760
9814,5542,4716,751,7381,4815
9814,5542,4716,3604,6539,8301
9814,5542,4716,4143,2054,3013
9814,5542,4716,3395,501,5312
9814,5542,4716,7343,528,1232
9814,5542,4716,8748,6159,3151
9814,5542,4716,1966,9282,2840
9814,5542,4716,6676,2586,3446
9814,5542,4716,726,3344,3225
9814,5542,4716,3418,5693,8560
9814,5542,4716,1464,2865,2166
9814,5542,4716,9291,4358,6806
9814,5542,4716,4764,159,4149
9814,5542,4716,1102,7960,3446
9814,5542,4716,1060,9375,7806
9814,5542,4716,6480,4804,5665
9814,5542,4716,9398,4378,8907
9814,5542,4716,9389,3193,8423
9814,5542,4716,8841,9297,3037
9814,5542,4716,7610,3013,9224
9814,5542,4716,3013,1426,1088
9814,5542,4716,5806,4453,7899
9814,5542,4716,546,2193,5549
9814,5542,4716,4033,5603,8944
9814,5542,4716,8257,3642,9388
9814,5542,4716,2971,7794,7119
9814,5542,4716,2060,2013,3382
9814,5542,4716,4085,910,3023
9814,5542,4716,7987,1031,2689
9814,5542,4716,4504,6210,1438
9814,5542,4716,7290,543,8608
9814,5542,4716,999,9664,8520
9814,5542,4716,4015,1557,7815
9814,5542,4716,6825,2997,9429
9814,5542,4716,7376,3069,3758
9814,5542,4716,6384,4491,9487
9814,5542,4716,208,3975,9434
9814,5542,4716,4092,8305,7725
9814,5542,4716,9455,8263,3745
9814,5542,4716,4521,7270,3517
9814,5542,4716,1915,9872,2824
9814,5542,4716,2727,2257,3013
9814,5542,4716,3501,8411,7081
9814,5542,4716,4379,9705,9807
9814,5542,4716,7207,4776,2957
9814,5542,4716,8423,5258,3340
9814,5542,4716,4251,4546,1535
9814,5542,4716,4635,9307,3866
9814,5542,4716,4194,7110,8289
9814,5542,4716,8329,5714,5741
9814,5542,4716,101,224,3062
9814,5542,4716,6517,8467,8615
9814,5542,4716,7254,3717,2222
9814,5542,4716,9930,442,9152
9814,5542,4716,4831,482,5804
9814,5542,4716,49,6552,448
9814,5542,4716,1036,7770,1788
9814,5542,4716,4233,3953,7671
9814,5542,4716,8517,3423,1378
9814,5542,4716,8903,2526,4111
9814,5542,4716,4974,1640,7537
9814,5542,4716,8721,823,7911
9814,5542,4716,6341,950,5026
9814,5542,4716,9761,9756,9825
9814,5542,4716,5796,10,9243
9814,5542,4716,3337,3745,2818
9814,5542,4716,6020,5148,2826
9814,5542,4716,6585,2385,1380
9814,5542,4716,3379,7957,1390
9814,5542,4716,2595,3951,4699
9814,5542,4716,7334,8497,1039
9814,5542,4716,3988,4661,5867
9814,5542,4716,2047,9466,7554
9814,5542,4716,5484,1038,6478
9814,5542,4716,8949,3882,14
9814,5542,4716,9643,3925,1720
9814,5542,4716,6387,9171,7123
9814,5542,4716,4129,4804,669
9814,5542,4716,3232,870,9254
9814,5542,4716,1149,5780,9397
9814,5542,4716,8545,2297,1945
9814,5542,4716,5366,6832,8633
9814,5542,4716,9113,7155,6431
9814,5542,4716,3359,3380,7373
9814,5542,4716,6946,709,1032
9814,5542,4716,1259,8739,1351
9814,5542,4716,5463,9657,5130
9814,5542,4716,8857,5393,4210
9814,5542,4716,2804,334,194
9814,5542,4716,5460,1351,3458
9814,5542,4716,1178,3345,8561
9814,5542,4716,9930,1906,2833
9814,5542,4716,6193,6227,6530
9814,5542,4716,3561,4078,4501
9814,5542,4716,5289,7990,518
9814,5542,4716,6923,5462,2753
9814,5542,4716,1864,5658,4011
9814,5542,4716,4060,7421,6668
9814,5542,4716,3914,4461,2228
9814,5542,4716,96,5257,2766
9814,5542,4716,5886,579,2289
9814,5542,4716,1604,1249,3831
9814,5542,4716,8303,93,3772
9814,5542,4716,7479,2371,9259
9814,5542,4716,9293,4107,435
9814,5542,4716,5319,6694,5416
9814,5542,4716,4605,5293,7752
9814,5542,4716,4502,4414,6685
9814,5542,4716,2848,5878,5498
9814,5542,4716,2409,1866,9978
9814,5542,4716,9902,2496,5389
9814,5542,4716,9175,68,5057
9814,5542,4716,2414,1725,8156
9814,5542,4716,3898,1483,6350
9814,5542,4716,4283,8174,9372
9814,5542,4716,1351,1679,7989
9814,5542,4716,5045,4905,3133
9814,5542,4716,9291,1485,5073
9814,5542,4716,5720,7563,72
9814,5542,4716,6557,6157,8185
9814,5542,4716,9661,428,2398
9814,5542,4716,7572,3591,262
9814,5542,4716,1458,142,3171
9814,5542,4716,8058,1816,7550
9814,5542,4716,3301,5912,2998
9814,5542,4716,9224,3931,1565
9814,5542,4716,8473,7212,4849
9814,5542,4716,8268,6857,5742
9814,5542,4716,9698,5571,1683
9814,5542,4716,7887,7691,546
9814,5542,4716,1894,7328,8678
9814,5542,4716,3494,7803,5197
9814,5542,4716,8370,4068,5795
9814,5542,4716,1709,9728,1343
9814,5542,4716,7205,1992,7714
9814,5542,4716,5088,7010,2567
9814,5542,4716,7090,4653,4712
9814,5542,4716,6974,5768,5125
9814,5542,4716,8422,7260,522
9814,5542,4716,3326,738,8988
9814,5542,4716,7018,9157,8958
9814,5542,4716,9080,721,9260
9814,5542,4716,8621,8315,9712
9814,5542,4716,2964,5316,3004
9814,5542,4716,1694,7866,2125
9814,5542,4716,2352,9306,513
9814,5542,4716,8238,4544,6941
9814,5542,4716,1137,8250,5357
9814,5542,4716,8313,4048,3532
9814,5542,4716,2892,4718,7791
9814,5542,4716,3729,7519,2321
9814,5542,4716,7228,7690,8748
9814,5542,4716,154,4717,1125
9814,5542,4716,2964,2507,6178
9814,5542,4716,8811,3431,4777
9814,5542,4716,4237,188,5792
9814,5542,4716,5036,6035,7938
9814,5542,4716,3609,5435,7353
9814,5542,4716,1983,8722,3131
9814,5542,4716,1603,1877,8527
9814,5542,4716,554,3749,7583
9814,5542,4716,2129,3770,4810
9814,5542,4716,1711,2592,1030
9814,5542,4716,7126,8327,1428
9814,5542,4716,1898,3940,1813
9814,5542,4716,714,5246,8197
9814,5542,4716,6686,4814,9377
9814,5542,4716,1355,3600,3887
9814,5542,4716,8005,5018,6885
9814,5542,4716,7812,6858,9948
9814,5542,4716,2900,5391,6624
9814,5542,4716,3989,4578,3108
9814,5542,4716,2438,1395,7474
9814,5542,4716,9742,6322,5191
9814,5542,4716,3977,8834,2685
9814,5542,4716,8510,7787,8963
9814,5542,4716,6623,9925,2957
9814,5542,4716,4819,9819,7823
9814,5542,4716,9623,1883,6826
9814,5542,4716,2123,4955,1613
9814,5542,4716,4339,6940,1944
9814,5542,4716,4933,7347,8665
9814,5542,4716,3245,6754,1548
9814,5542,4716,5899,1580,3390
9814,5542,4716,1818,7973,6467
9814,5542,4716,7987,5594,8176
9814,5542,4716,3395,5742,3542
9814,5542,4716,4531,6110,3103
9814,5542,4716,4762,1706,3281
9814,5542,4716,6494,7067,354
9814,5542,4716,4401,9321,5539
9814,5542,4716,1282,177,1012
9814,5542,4716,2084,5216,7018
9814,5542,4716,8400,2722,9191
9814,5542,4716,7116,389,8878
9814,5542,4716,8658,4055,5507
9814,5542,4716,7315,4884,1540
9814,5542,4716,9078,276,6151
9814,5542,4716,8021,2090,125
9814,5542,4716,7056,5566,8643
9814,5542,4716,9219,4906,9356
9814,5542,4716,1423,5313,172
9814,5542,4716,7052,7388,6649
9814,5542,4716,4174,6671,160
9814,5542,4716,8753,8553,8817
9814,5542,4716,925,4808,2259
9814,5542,4716,5085,9432,1210
9814,5542,4716,2404,7400,1590
9814,5542,4716,1830,7817,8102
9814,5542,4716,197,9991,3899
9814,5542,4716,1620,5590,3043
9814,5542,4716,2200,4756,271
9814,5542,4716,8,4437,838
9814,5542,4716,4380,8716,6316
9814,5542,4716,2672,8133,6780
9814,5542,4716,971,6471,2252
9814,5542,4716,5907,7377,5510
9814,5542,4716,4590,441,3805
9814,5542,4716,1148,1049,5097
9814,5542,4716,9697,6946,4281
9814,5542,4716,282,8181,940
9814,5542,4716,5662,55,788
9814,5542,4716,2819,2417,2620
9814,5542,4716,2647,6322,8968
9814,5542,4716,5346,5713,2694
9814,5542,4716,4890,1525,4519
9814,5542,4716,7939,1450,8924
9814,5542,4716,5129,6807,7584
9814,5542,4716,2831,4067,5850
9814,5542,4716,9121,5312,8506
9814,5542,4716,2933,6975,6202
9814,5542,4716,1344,2292,9012
9814,5542,4716,9772,2606,3316
9814,5542,4716,7778,160,2720
9814,5542,4716,7333,4062,7939
9814,5542,4716,3328,7657,8692
9814,5542,4716,4312,6417,9324
9814,5542,4716,5471,7346,2147
9814,5542,4716,4427,3851,4907
9814,5542,4716,9565,3101,8988
9814,5542,4716,4446,681,2160
9814,5542,4716,1288,9735,6276
9814,5542,4716,2985,8806,8816
9814,5542,4716,7403,5433,3523
9814,5542,4716,967,1418,7210
9814,5542,4716,5233,6043,7305
9814,5542,4716,4303,437,7536
9814,5542,4716,566,3984,6965
9814,5542,4716,4229,1812,167
9814,5542,4716,4043,2005,5921
9814,5542,4716,3846,9809,289
9814,5542,4716,5939,5083,392
9814,5542,4716,8474,6408,9627
9814,5542,4716,8152,1631,9401
9814,5542,4716,5880,4780,8535
9814,5542,4716,7014,4414,1513
9814,5542,4716,7244,2723,9268
9814,5542,4716,8420,9832,5774
9814,5542,4716,3792,7407,639
9814,5542,4716,7406,9390,6310
9814,5542,4716,8917,4098,4794
9814,5542,4716,1396,9915,8910
9814,5542,4716,9497,3010,5600
9814,5542,4716,3836,793,3426
9814,5542,4716,8657,944,8306
9814,5542,4716,8202,1748,7422
9814,5542,4716,7137,2574,3751
9814,5542,4716,3731,7795,812
9814,5542,4716,6392,8348,600
9814,5542,4716,5999,4178,3496
9814,5542,4716,3241,6524,5231
9814,5542,4716,2701,4603,5455
9814,5542,4716,7366,8999,6415
9814,5542,4716,6724,4692,4724
9814,5542,4716,4704,5210,1502
9814,5542,4716,535,8162,6375
9814,5542,4716,1944,7165,2770
9814,5542,4716,7243,9664,2983
9814,5542,4716,3946,1647,2139
9814,5542,4716,7257,8887,3418
9814,5542,4716,662,3556,8180
9814,5542,4716,7647,7978,1468
9814,5542,4716,8621,9491,7592
9814,5542,4716,5876,2290,7682
