1074,3467,4483,2372,8701,3593
1074,3467,4483,9998,9702,728
1074,3467,4483,5687,5886,948
1074,3467,4483,5905,9061,5218
1074,3467,4483,1540,8708,7214
1074,3467,4483,8459,3505,9462
1074,3467,4483,237,8711,2197
1074,3467,4483,21,2378,8692
1074,3467,4483,4220,6442,7461
1074,3467,4483,3009,541,9828
1074,3467,4483,6468,2150,8037
1074,3467,4483,5415,9702,4950
1074,3467,4483,9205,907,422
1074,3467,4483,8112,8632,9763
1074,3467,4483,508,5718,4384
1074,3467,4483,4406,1553,8832
1074,3467,4483,8743,5727,9519
1074,3467,4483,7901,9430,4164
1074,3467,4483,8598,9800,6952
1074,3467,4483,4379,4724,5737
1074,3467,4483,6042,4511,4290
1074,3467,4483,8192,7012,5841
1074,3467,4483,6812,7859,4280
1074,3467,4483,7218,1644,4109
1074,3467,4483,5851,386,796
1074,3467,4483,9086,2211,9617
1074,3467,4483,6995,9890,3449
1074,3467,4483,9668,132,8430
1074,3467,4483,2076,3050,5107
1074,3467,4483,3021,7385,2644
1074,3467,4483,5974,6504,4975
1074,3467,4483,7371,6069,3355
1074,3467,4483,3578,8686,3403
1074,3467,4483,6968,1261,2985
1074,3467,4483,8531,995,3623
1074,3467,4483,768,2419,7218
1074,3467,4483,2683,3333,900
1074,3467,4483,4477,8873,2230
1074,3467,4483,7407,3428,5213
1074,3467,4483,1414,1399,5371
1074,3467,4483,4022,788,4566
1074,3467,4483,9229,7851,6265
1074,3467,4483,7700,3420,404
1074,3467,4483,3477,2485,5762
1074,3467,4483,390,1801,6644
1074,3467,4483,835,6376,6093
1074,3467,4483,912,6444,5029
1074,3467,4483,7015,5093,229
1074,3467,4483,5984,3651,1231
1074,3467,4483,8364,41,8633
1074,3467,4483,7828,1587,5313
1074,3467,4483,8335,3434,7993
1074,3467,4483,8771,3699,8212
1074,3467,4483,8811,5772,3668
1074,3467,4483,692,4265,7734
1074,3467,4483,4008,8517,1738
1074,3467,4483,6964,8545,4804
1074,3467,4483,7482,8810,8039
1074,3467,4483,9612,1762,6594
1074,3467,4483,4280,9196,1781
1074,3467,4483,2289,8502,5469
1074,3467,4483,1558,6566,5923
1074,3467,4483,7244,1963,3005
1074,3467,4483,6291,6355,5130
1074,3467,4483,5976,2428,3134
1074,3467,4483,9977,8531,5426
1074,3467,4483,486,2103,3160
1074,3467,4483,3420,2256,6384
1074,3467,4483,6911,8113,1953
1074,3467,4483,8167,9021,5030
1074,3467,4483,3005,5350,3602
1074,3467,4483,3372,2992,5692
1074,3467,4483,1541,4708,1986
1074,3467,4483,6372,5246,6938
1074,3467,4483,6158,4853,861
1074,3467,4483,7734,3093,3494
1074,3467,4483,9704,3070,1285
1074,3467,4483,4931,1442,5019
1074,3467,4483,2088,5254,766
1074,3467,4483,9964,7138,4280
1074,3467,4483,2269,1121,1004
1074,3467,4483,1210,9024,1142
1074,3467,4483,8978,6500,437
1074,3467,4483,9817,7279,2658
1074,3467,4483,9187,9522,8595
1074,3467,4483,7087,1589,8777
1074,3467,4483,1804,4050,2150
1074,3467,4483,8800,6869,7167
1074,3467,4483,1478,7366,4730
1074,3467,4483,2575,8737,1127
1074,3467,4483,2179,8632,2314
1074,3467,4483,2219,7211,8939
1074,3467,4483,3157,5256,4477
1074,3467,4483,4585,4726,4496
1074,3467,4483,2278,7609,8853
1074,3467,4483,7679,4385,8494
1074,3467,4483,961,1675,8466
1074,3467,4483,7292,8167,3190
1074,3467,4483,4848,3696,5454
1074,3467,4483,9033,8637,5472
1074,3467,4483,3180,2790,3529
1074,3467,4483,5953,6603,5571
1074,3467,4483,9980,8138,261
1074,3467,4483,9989,6720,7915
1074,3467,4483,5435,200,1355
1074,3467,4483,5190,181,8284
1074,3467,4483,9953,4432,4098
1074,3467,4483,8954,626,4053
1074,3467,4483,1894,7337,4865
1074,3467,4483,2065,8101,8472
1074,3467,4483,1234,5114,981
1074,3467,4483,5440,6782,3121
1074,3467,4483,2325,141,4748
1074,3467,4483,8783,4102,6297
1074,3467,4483,8440,9804,9057
1074,3467,4483,3052,9865,7382
1074,3467,4483,2198,6532,998
1074,3467,4483,5580,1685,179
1074,3467,4483,8038,8135,3520
1074,3467,4483,4880,7793,6179
1074,3467,4483,6175,9138,5331
1074,3467,4483,6204,318,5533
1074,3467,4483,3667,4283,1527
1074,3467,4483,7281,2070,2878
1074,3467,4483,2815,8645,6204
1074,3467,4483,3121,8000,6521
1074,3467,4483,5349,8770,3826
1074,3467,4483,636,7856,459
1074,3467,4483,5437,9909,5521
1074,3467,4483,759,322,5493
1074,3467,4483,1947,1783,2943
1074,3467,4483,3456,8688,6085
1074,3467,4483,9808,9776,4815
1074,3467,4483,4801,5393,9941
1074,3467,4483,1908,8969,6765
1074,3467,4483,2390,8960,2724
1074,3467,4483,2183,986,9922
1074,3467,4483,3393,8145,9997
1074,3467,4483,6592,1286,5628
1074,3467,4483,1391,3107,5899
1074,3467,4483,4425,1534,9995
1074,3467,4483,3095,9972,3926
1074,3467,4483,425,4984,8499
1074,3467,4483,8252,6298,4370
1074,3467,4483,6738,4892,8898
1074,3467,4483,6107,6017,3227
1074,3467,4483,6371,5980,4096
1074,3467,4483,2261,4562,4261
1074,3467,4483,5805,6215,9742
1074,3467,4483,7879,1342,7292
1074,3467,4483,298,1501,7379
1074,3467,4483,8615,7768,1509
1074,3467,4483,7151,2781,9511
1074,3467,4483,6665,2553,8694
1074,3467,4483,4393,8976,9218
1074,3467,4483,8390,324,657
1074,3467,4483,9734,7181,6593
1074,3467,4483,3659,5787,3741
1074,3467,4483,4872,4333,3444
1074,3467,4483,3558,6806,9206
1074,3467,4483,9845,2932,2214
1074,3467,4483,4808,676,1771
1074,3467,4483,252,1916,5717
1074,3467,4483,8497,1946,8058
1074,3467,4483,8178,4998,3815
1074,3467,4483,7697,3963,8077
1074,3467,4483,8628,1199,3811
1074,3467,4483,5913,1379,1377
1074,3467,4483,8532,1270,6298
1074,3467,4483,5287,2341,9819
1074,3467,4483,5750,5444,1905
1074,3467,4483,3317,2299,6818
1074,3467,4483,2804,2819,2720
1074,3467,4483,4341,2735,4663
1074,3467,4483,4940,2827,7208
1074,3467,4483,4432,7713,3736
1074,3467,4483,3722,2357,7676
1074,3467,4483,7635,723,1775
1074,3467,4483,6317,2492,6594
1074,3467,4483,47,1110,3417
1074,3467,4483,9906,8781,1039
1074,3467,4483,1986,563,3764
1074,3467,4483,8784,5449,2217
1074,3467,4483,9290,3624,9954
1074,3467,4483,9662,1108,1639
1074,3467,4483,6859,2975,2907
1074,3467,4483,6820,7078,4429
1074,3467,4483,3069,5438,551
1074,3467,4483,3011,3281,8392
1074,3467,4483,161,7973,4251
1074,3467,4483,7790,5781,3857
1074,3467,4483,5243,9140,6123
1074,3467,4483,8285,9697,3398
1074,3467,4483,2,9310,7776
1074,3467,4483,2657,5927,4826
1074,3467,4483,3860,5295,3666
1074,3467,4483,1277,5412,4379
1074,3467,4483,1356,8084,4539
1074,3467,4483,9942,181,8977
1074,3467,4483,7382,9469,9005
1074,3467,4483,4930,4885,5699
1074,3467,4483,5339,7882,3018
1074,3467,4483,7317,8118,6201
1074,3467,4483,5743,2754,8635
1074,3467,4483,1855,5346,5968
1074,3467,4483,6536,9685,877
1074,3467,4483,3993,9265,541
1074,3467,4483,4216,7291,4518
1074,3467,4483,7887,9175,4554
1074,3467,4483,5908,7700,6477
1074,3467,4483,3372,3472,6893
1074,3467,4483,4155,10000,5551
1074,3467,4483,4279,5483,2069
1074,3467,4483,3586,4186,9674
1074,3467,4483,5505,1740,4051
1074,3467,4483,6727,4362,7708
1074,3467,4483,4691,6624,5599
1074,3467,4483,9120,6806,1464
1074,3467,4483,5192,4771,9579
1074,3467,4483,8075,7647,7240
1074,3467,4483,4901,857,1536
1074,3467,4483,6894,4518,8873
1074,3467,4483,786,8291,2981
1074,3467,4483,2053,7615,3797
1074,3467,4483,4087,2111,7285
1074,3467,4483,8351,5502,1710
1074,3467,4483,2207,2419,3542
1074,3467,4483,4572,328,2697
1074,3467,4483,1721,8444,3294
1074,3467,4483,3854,8559,3073
1074,3467,4483,5099,3459,6253
1074,3467,4483,8620,7936,8613
1074,3467,4483,9361,3897,2166
1074,3467,4483,4442,2682,4267
1074,3467,4483,4007,3754,7037
1074,3467,4483,3257,3869,590
1074,3467,4483,8419,2657,7955
1074,3467,4483,8178,1059,706
1074,3467,4483,4610,8435,4777
1074,3467,4483,4639,6702,9911
1074,3467,4483,465,3501,1498
1074,3467,4483,9057,168,6121
1074,3467,4483,9643,7183,4409
1074,3467,4483,3533,8003,4588
1074,3467,4483,9698,4266,5029
1074,3467,4483,9567,8233,5662
1074,3467,4483,4560,1154,2591
1074,3467,4483,2210,4265,9953
1074,3467,4483,5428,7402,1200
1074,3467,4483,1205,9126,5630
1074,3467,4483,7396,3074,8914
1074,3467,4483,3313,4197,6469
1074,3467,4483,6966,507,691
1074,3467,4483,7053,7288,3758
1074,3467,4483,2219,212,7852
1074,3467,4483,6402,7363,8985
1074,3467,4483,2852,485,1353
1074,3467,4483,1000,8294,324
1074,3467,4483,2224,8429,5147
1074,3467,4483,5852,594,4510
1074,3467,4483,6751,4288,5935
1074,3467,4483,8795,4534,7537
1074,3467,4483,9567,1658,5342
1074,3467,4483,8474,7249,6996
1074,3467,4483,5400,7300,865
1074,3467,4483,394,6893,8808
1074,3467,4483,6804,5559,5906
1074,3467,4483,5215,1559,2509
1074,3467,4483,5092,2296,2700
1074,3467,4483,2632,6520,7800
1074,3467,4483,3585,8418,9674
1074,3467,4483,1904,2596,342
1074,3467,4483,2241,6634,2916
1074,3467,4483,231,7385,5719
1074,3467,4483,5021,2314,2368
1074,3467,4483,1408,3635,3626
1074,3467,4483,7910,8085,7122
1074,3467,4483,3002,1863,8669
1074,3467,4483,2968,8256,7215
1074,3467,4483,415,3948,7873
1074,3467,4483,5362,423,8059
1074,3467,4483,8981,1574,6933
1074,3467,4483,2928,8773,3050
1074,3467,4483,5870,4137,3951
1074,3467,4483,7667,6163,4722
1074,3467,4483,3902,4264,2005
1074,3467,4483,9026,6193,5899
1074,3467,4483,4240,5960,8286
1074,3467,4483,3102,4725,8163
1074,3467,4483,640,3753,9369
1074,3467,4483,3420,2672,4634
1074,3467,4483,8068,186,4484
1074,3467,4483,8701,2575,889
1074,3467,4483,7249,5194,4757
1074,3467,4483,1596,8078,4100
1074,3467,4483,2941,7333,3515
1074,3467,4483,7414,3767,308
1074,3467,4483,3234,8260,9547
1074,3467,4483,939,6306,8
1074,3467,4483,4715,5681,4187
1074,3467,4483,8940,8196,1992
1074,3467,4483,1795,1401,7430
1074,3467,4483,133,8859,3633
1074,3467,4483,4444,4232,7636
1074,3467,4483,1161,2874,9043
1074,3467,4483,5578,9638,2396
1074,3467,4483,5266,9150,5714
1074,3467,4483,6587,6220,4498
1074,3467,4483,9370,3319,8777
1074,3467,4483,49,184,6374
1074,3467,4483,8175,8411,5898
1074,3467,4483,9252,1621,9631
1074,3467,4483,7071,1457,3242
1074,3467,4483,4860,9126,7846
1074,3467,4483,6896,1747,1587
1074,3467,4483,1935,248,4321
1074,3467,4483,1141,3371,5770
1074,3467,4483,2313,9519,2567
1074,3467,4483,2182,328,1069
1074,3467,4483,7384,8626,2039
1074,3467,4483,9018,81,1727
1074,3467,4483,2267,7230,8601
1074,3467,4483,6487,2913,966
1074,3467,4483,1303,3294,8243
1074,3467,4483,5099,822,3147
1074,3467,4483,9473,6141,5617
1074,3467,4483,9613,4954,2616
1074,3467,4483,9209,9949,5391
1074,3467,4483,6483,8032,51
1074,3467,4483,188,6006,2860
1074,3467,4483,1965,4799,7205
1074,3467,4483,9815,1098,3790
1074,3467,4483,2599,6373,2964
1074,3467,4483,5963,8262,9440
1074,3467,4483,4765,8174,8936
1074,3467,4483,2517,6278,1258
1074,3467,4483,3719,5914,8345
1074,3467,4483,4430,1000,7506
1074,3467,4483,1852,8469,5852
1074,3467,4483,671,1348,2495
1074,3467,4483,6593,9791,4548
1074,3467,4483,3693,5602,6473
1074,3467,4483,7488,9933,3948
1074,3467,4483,9633,8761,7701
1074,3467,4483,9396,3779,4999
1074,3467,4483,7258,3252,6989
1074,3467,4483,132,8845,8260
1074,3467,4483,1281,3373,8344
1074,3467,4483,3093,9333,5647
1074,3467,4483,7616,7434,1706
1074,3467,4483,7932,3755,7111
1074,3467,4483,7298,2455,9845
1074,3467,4483,9696,813,3015
1074,3467,4483,2962,3383,93
1074,3467,4483,4129,896,5704
1074,3467,4483,3243,6175,1633
1074,3467,4483,3736,9409,7353
1074,3467,4483,8986,6316,1309
1074,3467,4483,3994,1362,6115
1074,3467,4483,8079,2563,6937
1074,3467,4483,2368,3182,6450
1074,3467,4483,3321,356,4137
1074,3467,4483,1574,4363,605
1074,3467,4483,6329,6650,3540
1074,3467,4483,5468,9466,2526
1074,3467,4483,5642,4373,4051
1074,3467,4483,7473,2542,7980
1074,3467,4483,8501,6131,1108
1074,3467,4483,6725,5627,153
1074,3467,4483,6968,8324,9128
1074,3467,4483,3749,2096,1023
1074,3467,4483,4601,9949,9618
1074,3467,4483,9294,1935,5498
1074,3467,4483,3726,6000,7109
1074,3467,4483,8215,1723,2181
1074,3467,4483,9638,8453,8292
1074,3467,4483,3143,4503,2716
1074,3467,4483,5809,4092,9202
1074,3467,4483,8289,2563,7709
1074,3467,4483,8266,4959,6957
1074,3467,4483,2191,1317,7527
1074,3467,4483,2199,6215,373
1074,3467,4483,1086,113,2465
1074,3467,4483,4511,7933,4308
1074,3467,4483,4809,8389,314
1074,3467,4483,8675,912,6467
1074,3467,4483,6115,5708,7571
1074,3467,4483,8039,6566,9566
1074,3467,4483,7077,8331,2049
1074,3467,4483,7521,5009,3795
1074,3467,4483,2636,4564,7336
1074,3467,4483,8155,9025,3944
1074,3467,4483,2183,4436,8196
1074,3467,4483,2470,9802,9884
1074,3467,4483,3520,9150,3209
1074,3467,4483,2589,3742,7656
1074,3467,4483,6491,278,2024
1074,3467,4483,3894,4506,3423
1074,3467,4483,1074,3118,8219
1074,3467,4483,1554,4262,8067
1074,3467,4483,4996,5689,2288
1074,3467,4483,3808,918,9732
1074,3467,4483,8803,5504,7821
1074,3467,4483,21,515,4836
1074,3467,4483,4641,1594,7779
1074,3467,4483,9267,1179,5083
1074,3467,4483,10,4957,6258
1074,3467,4483,3202,5970,5460
1074,3467,4483,581,9474,9715
1074,3467,4483,9740,9290,4439
1074,3467,4483,3014,22,9098
1074,3467,4483,6468,9843,9242
1074,3467,4483,6424,873,8186
1074,3467,4483,1591,2408,894
1074,3467,4483,862,55,6927
1074,3467,4483,6245,846,6400
1074,3467,4483,8955,7619,7363
1074,3467,4483,5989,6715,9199
1074,3467,4483,2700,6579,5846
1074,3467,4483,3881,408,6001
1074,3467,4483,4868,2650,4791
1074,3467,4483,8806,763,7897
1074,3467,4483,1189,5436,983
1074,3467,4483,1353,352,7973
1074,3467,4483,6692,6961,3155
1074,3467,4483,4129,7232,60
1074,3467,4483,2512,6796,5420
1074,3467,4483,5789,6864,9739
1074,3467,4483,2433,8472,891
1074,3467,4483,8752,9944,7154
1074,3467,4483,3863,2878,7320
1074,3467,4483,3778,156,3252
1074,3467,4483,8354,4056,9992
1074,3467,4483,5508,8929,2052
1074,3467,4483,3514,3124,9701
1074,3467,4483,5658,9257,6419
1074,3467,4483,6559,4119,1329
1074,3467,4483,734,2880,8751
1074,3467,4483,2250,4860,5174
1074,3467,4483,4274,2824,4378
1074,3467,4483,6979,8212,8750
1074,3467,4483,4467,8030,5373
1074,3467,4483,5065,4875,5950
1074,3467,4483,7700,5887,9380
1074,3467,4483,8484,233,1227
1074,3467,4483,3383,2272,3108
1074,3467,4483,4191,3334,2075
1074,3467,4483,7519,4728,1211
1074,3467,4483,3760,4082,5552
1074,3467,4483,6288,5254,5777
1074,3467,4483,4593,372,5083
1074,3467,4483,1571,8961,3082
1074,3467,4483,3157,4317,5008
1074,3467,4483,4580,4700,6242
1074,3467,4483,4915,9212,6566
1074,3467,4483,2637,2348,6595
1074,3467,4483,352,1343,7440
1074,3467,4483,7775,285,2165
1074,3467,4483,2135,9176,6138
1074,3467,4483,277,6176,9169
1074,3467,4483,5589,4102,2698
1074,3467,4483,9109,4658,7847
1074,3467,4483,4175,8439,2407
1074,3467,4483,4554,6951,9642
1074,3467,4483,2094,2118,6030
1074,3467,4483,2913,9168,4449
1074,3467,4483,4885,2497,2043
1074,3467,4483,8244,5851,4507
1074,3467,4483,5839,2841,9384
1074,3467,4483,6827,7678,8984
1074,3467,4483,2535,4104,3368
1074,3467,4483,5503,5492,9287
1074,3467,4483,252,2017,1428
1074,3467,4483,9981,6635,2143
1074,3467,4483,3305,6263,393
1074,3467,4483,1698,4143,8636
1074,3467,4483,4452,7457,8409
1074,3467,4483,8364,7673,7365
1074,3467,4483,3707,218,3175
1074,3467,4483,1547,9074,8844
1074,3467,4483,7318,2722,8211
1074,3467,4483,2452,7638,2322
1074,3467,4483,7765,6857,8663
1074,3467,4483,6092,7826,4370
1074,3467,4483,3374,4845,2336
1074,3467,4483,6998,3278,9641
1074,3467,4483,6017,4909,3303
1074,3467,4483,2426,4677,4620
1074,3467,4483,9004,5574,6561
1074,3467,4483,4899,866,6337
1074,3467,4483,7901,8145,7514
1074,3467,4483,980,9868,3723
1074,3467,4483,5894,4321,8038
1074,3467,4483,9896,4483,6597
1074,3467,4483,2113,8283,6297
1074,3467,4483,9322,2764,7787
1074,3467,4483,3821,728,2696
1074,3467,4483,3902,8264,3398
1074,3467,4483,352,7879,4990
1074,3467,4483,879,4684,4664
1074,3467,4483,9573,9032,9160
1074,3467,4483,2812,2085,2081
1074,3467,4483,8056,5199,3053
1074,3467,4483,5637,7618,9226
1074,3467,4483,4828,1855,1699
1074,3467,4483,2046,3670,7190
1074,3467,4483,1835,5833,6066
1074,3467,4483,6076,5861,2783
1074,3467,4483,5622,7287,5475
1074,3467,4483,6389,2067,211
