1736,9499,390,1003,984,5386
1736,9499,390,250,8186,4994
1736,9499,390,121,3828,5189
1736,9499,390,7897,2289,8241
1736,9499,390,9215,3271,1785
1736,9499,390,897,7079,5690
1736,9499,390,7436,7548,5001
1736,9499,390,6506,767,285
1736,9499,390,2128,8312,5121
1736,9499,390,3510,3277,8036
1736,9499,390,1080,1209,3542
1736,9499,390,5204,3357,710
1736,9499,390,9940,1123,9276
1736,9499,390,3952,1053,804
1736,9499,390,1378,3381,868
1736,9499,390,4926,1254,9879
1736,9499,390,494,5483,4496
1736,9499,390,9191,1499,4330
1736,9499,390,8501,3907,6376
1736,9499,390,3473,5347,2415
1736,9499,390,2372,8701,3593
1736,9499,390,9998,9702,728
1736,9499,390,5687,5886,948
1736,9499,390,5905,9061,5218
1736,9499,390,1540,8708,7214
1736,9499,390,8459,3505,9462
1736,9499,390,237,8711,2197
1736,9499,390,21,2378,8692
1736,9499,390,4220,6442,7461
1736,9499,390,3009,541,9828
1736,9499,390,6468,2150,8037
1736,9499,390,5415,9702,4950
1736,9499,390,9205,907,422
1736,9499,390,8112,8632,9763
1736,9499,390,508,5718,4384
1736,9499,390,4406,1553,8832
1736,9499,390,8743,5727,9519
1736,9499,390,7901,9430,4164
1736,9499,390,8598,9800,6952
1736,9499,390,4379,4724,5737
1736,9499,390,6042,4511,4290
1736,9499,390,8192,7012,5841
1736,9499,390,6812,7859,4280
1736,9499,390,7218,1644,4109
1736,9499,390,5851,386,796
1736,9499,390,9086,2211,9617
1736,9499,390,6995,9890,3449
1736,9499,390,9668,132,8430
1736,9499,390,2076,3050,5107
1736,9499,390,3021,7385,2644
1736,9499,390,5974,6504,4975
1736,9499,390,7371,6069,3355
1736,9499,390,3578,8686,3403
1736,9499,390,6968,1261,2985
1736,9499,390,8531,995,3623
1736,9499,390,768,2419,7218
1736,9499,390,2683,3333,900
1736,9499,390,4477,8873,2230
1736,9499,390,7407,3428,5213
1736,9499,390,1414,1399,5371
1736,9499,390,4022,788,4566
1736,9499,390,9229,7851,6265
1736,9499,390,7700,3420,404
1736,9499,390,3477,2485,5762
1736,9499,390,390,1801,6644
1736,9499,390,835,6376,6093
1736,9499,390,912,6444,5029
1736,9499,390,7015,5093,229
1736,9499,390,5984,3651,1231
1736,9499,390,8364,41,8633
1736,9499,390,7828,1587,5313
1736,9499,390,8335,3434,7993
1736,9499,390,8771,3699,8212
1736,9499,390,8811,5772,3668
1736,9499,390,692,4265,7734
1736,9499,390,4008,8517,1738
1736,9499,390,6964,8545,4804
1736,9499,390,7482,8810,8039
1736,9499,390,9612,1762,6594
1736,9499,390,4280,9196,1781
1736,9499,390,2289,8502,5469
1736,9499,390,1558,6566,5923
1736,9499,390,7244,1963,3005
1736,9499,390,6291,6355,5130
1736,9499,390,5976,2428,3134
1736,9499,390,9977,8531,5426
1736,9499,390,486,2103,3160
1736,9499,390,3420,2256,6384
1736,9499,390,6911,8113,1953
1736,9499,390,8167,9021,5030
1736,9499,390,3005,5350,3602
1736,9499,390,3372,2992,5692
1736,9499,390,1541,4708,1986
1736,9499,390,6372,5246,6938
1736,9499,390,6158,4853,861
1736,9499,390,7734,3093,3494
1736,9499,390,9704,3070,1285
1736,9499,390,4931,1442,5019
1736,9499,390,2088,5254,766
1736,9499,390,9964,7138,4280
1736,9499,390,2269,1121,1004
1736,9499,390,1210,9024,1142
1736,9499,390,8978,6500,437
1736,9499,390,9817,7279,2658
1736,9499,390,9187,9522,8595
1736,9499,390,7087,1589,8777
1736,9499,390,1804,4050,2150
1736,9499,390,8800,6869,7167
1736,9499,390,1478,7366,4730
1736,9499,390,2575,8737,1127
1736,9499,390,2179,8632,2314
1736,9499,390,2219,7211,8939
1736,9499,390,3157,5256,4477
1736,9499,390,4585,4726,4496
1736,9499,390,2278,7609,8853
1736,9499,390,7679,4385,8494
1736,9499,390,961,1675,8466
1736,9499,390,7292,8167,3190
1736,9499,390,4848,3696,5454
1736,9499,390,9033,8637,5472
1736,9499,390,3180,2790,3529
1736,9499,390,5953,6603,5571
1736,9499,390,9980,8138,261
1736,9499,390,9989,6720,7915
1736,9499,390,5435,200,1355
1736,9499,390,5190,181,8284
1736,9499,390,9953,4432,4098
1736,9499,390,8954,626,4053
1736,9499,390,1894,7337,4865
1736,9499,390,2065,8101,8472
1736,9499,390,1234,5114,981
1736,9499,390,5440,6782,3121
1736,9499,390,2325,141,4748
1736,9499,390,8783,4102,6297
1736,9499,390,8440,9804,9057
1736,9499,390,3052,9865,7382
1736,9499,390,2198,6532,998
1736,9499,390,5580,1685,179
1736,9499,390,8038,8135,3520
1736,9499,390,4880,7793,6179
1736,9499,390,6175,9138,5331
1736,9499,390,6204,318,5533
1736,9499,390,3667,4283,1527
1736,9499,390,7281,2070,2878
1736,9499,390,2815,8645,6204
1736,9499,390,3121,8000,6521
1736,9499,390,5349,8770,3826
1736,9499,390,636,7856,459
1736,9499,390,5437,9909,5521
1736,9499,390,759,322,5493
1736,9499,390,1947,1783,2943
1736,9499,390,3456,8688,6085
1736,9499,390,9808,9776,4815
1736,9499,390,4801,5393,9941
1736,9499,390,1908,8969,6765
1736,9499,390,2390,8960,2724
1736,9499,390,2183,986,9922
1736,9499,390,3393,8145,9997
1736,9499,390,6592,1286,5628
1736,9499,390,1391,3107,5899
1736,9499,390,4425,1534,9995
1736,9499,390,3095,9972,3926
1736,9499,390,425,4984,8499
1736,9499,390,8252,6298,4370
1736,9499,390,6738,4892,8898
1736,9499,390,6107,6017,3227
1736,9499,390,6371,5980,4096
1736,9499,390,2261,4562,4261
1736,9499,390,5805,6215,9742
1736,9499,390,7879,1342,7292
1736,9499,390,298,1501,7379
1736,9499,390,8615,7768,1509
1736,9499,390,7151,2781,9511
1736,9499,390,6665,2553,8694
1736,9499,390,4393,8976,9218
1736,9499,390,8390,324,657
1736,9499,390,9734,7181,6593
1736,9499,390,3659,5787,3741
1736,9499,390,4872,4333,3444
1736,9499,390,3558,6806,9206
1736,9499,390,9845,2932,2214
1736,9499,390,4808,676,1771
1736,9499,390,252,1916,5717
1736,9499,390,8497,1946,8058
1736,9499,390,8178,4998,3815
1736,9499,390,7697,3963,8077
1736,9499,390,8628,1199,3811
1736,9499,390,5913,1379,1377
1736,9499,390,8532,1270,6298
1736,9499,390,5287,2341,9819
1736,9499,390,5750,5444,1905
1736,9499,390,3317,2299,6818
1736,9499,390,2804,2819,2720
1736,9499,390,4341,2735,4663
1736,9499,390,4940,2827,7208
1736,9499,390,4432,7713,3736
1736,9499,390,3722,2357,7676
1736,9499,390,7635,723,1775
1736,9499,390,6317,2492,6594
1736,9499,390,47,1110,3417
1736,9499,390,9906,8781,1039
1736,9499,390,1986,563,3764
1736,9499,390,8784,5449,2217
1736,9499,390,9290,3624,9954
1736,9499,390,9662,1108,1639
1736,9499,390,6859,2975,2907
1736,9499,390,6820,7078,4429
1736,9499,390,3069,5438,551
1736,9499,390,3011,3281,8392
1736,9499,390,161,7973,4251
1736,9499,390,7790,5781,3857
1736,9499,390,5243,9140,6123
1736,9499,390,8285,9697,3398
1736,9499,390,2,9310,7776
1736,9499,390,2657,5927,4826
1736,9499,390,3860,5295,3666
1736,9499,390,1277,5412,4379
1736,9499,390,1356,8084,4539
1736,9499,390,9942,181,8977
1736,9499,390,7382,9469,9005
1736,9499,390,4930,4885,5699
1736,9499,390,5339,7882,3018
1736,9499,390,7317,8118,6201
1736,9499,390,5743,2754,8635
1736,9499,390,1855,5346,5968
1736,9499,390,6536,9685,877
1736,9499,390,3993,9265,541
1736,9499,390,4216,7291,4518
1736,9499,390,7887,9175,4554
1736,9499,390,5908,7700,6477
1736,9499,390,3372,3472,6893
1736,9499,390,4155,10000,5551
1736,9499,390,4279,5483,2069
1736,9499,390,3586,4186,9674
1736,9499,390,5505,1740,4051
1736,9499,390,6727,4362,7708
1736,9499,390,4691,6624,5599
1736,9499,390,9120,6806,1464
1736,9499,390,5192,4771,9579
1736,9499,390,8075,7647,7240
1736,9499,390,4901,857,1536
1736,9499,390,6894,4518,8873
1736,9499,390,786,8291,2981
1736,9499,390,2053,7615,3797
1736,9499,390,4087,2111,7285
1736,9499,390,8351,5502,1710
1736,9499,390,2207,2419,3542
1736,9499,390,4572,328,2697
1736,9499,390,1721,8444,3294
1736,9499,390,3854,8559,3073
1736,9499,390,5099,3459,6253
1736,9499,390,8620,7936,8613
1736,9499,390,9361,3897,2166
1736,9499,390,4442,2682,4267
1736,9499,390,4007,3754,7037
1736,9499,390,3257,3869,590
1736,9499,390,8419,2657,7955
1736,9499,390,8178,1059,706
1736,9499,390,4610,8435,4777
1736,9499,390,4639,6702,9911
1736,9499,390,465,3501,1498
1736,9499,390,9057,168,6121
1736,9499,390,9643,7183,4409
1736,9499,390,3533,8003,4588
1736,9499,390,9698,4266,5029
1736,9499,390,9567,8233,5662
1736,9499,390,4560,1154,2591
1736,9499,390,2210,4265,9953
1736,9499,390,5428,7402,1200
1736,9499,390,1205,9126,5630
1736,9499,390,7396,3074,8914
1736,9499,390,3313,4197,6469
1736,9499,390,6966,507,691
1736,9499,390,7053,7288,3758
1736,9499,390,2219,212,7852
1736,9499,390,6402,7363,8985
1736,9499,390,2852,485,1353
1736,9499,390,1000,8294,324
1736,9499,390,2224,8429,5147
1736,9499,390,5852,594,4510
1736,9499,390,6751,4288,5935
1736,9499,390,8795,4534,7537
1736,9499,390,9567,1658,5342
1736,9499,390,8474,7249,6996
1736,9499,390,5400,7300,865
1736,9499,390,394,6893,8808
1736,9499,390,6804,5559,5906
1736,9499,390,5215,1559,2509
1736,9499,390,5092,2296,2700
1736,9499,390,2632,6520,7800
1736,9499,390,3585,8418,9674
1736,9499,390,1904,2596,342
1736,9499,390,2241,6634,2916
1736,9499,390,231,7385,5719
1736,9499,390,5021,2314,2368
1736,9499,390,1408,3635,3626
1736,9499,390,7910,8085,7122
1736,9499,390,3002,1863,8669
1736,9499,390,2968,8256,7215
1736,9499,390,415,3948,7873
1736,9499,390,5362,423,8059
1736,9499,390,8981,1574,6933
1736,9499,390,2928,8773,3050
1736,9499,390,5870,4137,3951
1736,9499,390,7667,6163,4722
1736,9499,390,3902,4264,2005
1736,9499,390,9026,6193,5899
1736,9499,390,4240,5960,8286
1736,9499,390,3102,4725,8163
1736,9499,390,640,3753,9369
1736,9499,390,3420,2672,4634
1736,9499,390,8068,186,4484
1736,9499,390,8701,2575,889
1736,9499,390,7249,5194,4757
1736,9499,390,1596,8078,4100
1736,9499,390,2941,7333,3515
1736,9499,390,7414,3767,308
1736,9499,390,3234,8260,9547
1736,9499,390,939,6306,8
1736,9499,390,4715,5681,4187
1736,9499,390,8940,8196,1992
1736,9499,390,1795,1401,7430
1736,9499,390,133,8859,3633
1736,9499,390,4444,4232,7636
1736,9499,390,1161,2874,9043
1736,9499,390,5578,9638,2396
1736,9499,390,5266,9150,5714
1736,9499,390,6587,6220,4498
1736,9499,390,9370,3319,8777
1736,9499,390,49,184,6374
1736,9499,390,8175,8411,5898
1736,9499,390,9252,1621,9631
1736,9499,390,7071,1457,3242
1736,9499,390,4860,9126,7846
1736,9499,390,6896,1747,1587
1736,9499,390,1935,248,4321
1736,9499,390,1141,3371,5770
1736,9499,390,2313,9519,2567
1736,9499,390,2182,328,1069
1736,9499,390,7384,8626,2039
1736,9499,390,9018,81,1727
1736,9499,390,2267,7230,8601
1736,9499,390,6487,2913,966
1736,9499,390,1303,3294,8243
1736,9499,390,5099,822,3147
1736,9499,390,9473,6141,5617
1736,9499,390,9613,4954,2616
1736,9499,390,9209,9949,5391
1736,9499,390,6483,8032,51
1736,9499,390,188,6006,2860
1736,9499,390,1965,4799,7205
1736,9499,390,9815,1098,3790
1736,9499,390,2599,6373,2964
1736,9499,390,5963,8262,9440
1736,9499,390,4765,8174,8936
1736,9499,390,2517,6278,1258
1736,9499,390,3719,5914,8345
1736,9499,390,4430,1000,7506
1736,9499,390,1852,8469,5852
1736,9499,390,671,1348,2495
1736,9499,390,6593,9791,4548
1736,9499,390,3693,5602,6473
1736,9499,390,7488,9933,3948
1736,9499,390,9633,8761,7701
1736,9499,390,9396,3779,4999
1736,9499,390,7258,3252,6989
1736,9499,390,132,8845,8260
1736,9499,390,1281,3373,8344
1736,9499,390,3093,9333,5647
1736,9499,390,7616,7434,1706
1736,9499,390,7932,3755,7111
1736,9499,390,7298,2455,9845
1736,9499,390,9696,813,3015
1736,9499,390,2962,3383,93
1736,9499,390,4129,896,5704
1736,9499,390,3243,6175,1633
1736,9499,390,3736,9409,7353
1736,9499,390,8986,6316,1309
1736,9499,390,3994,1362,6115
1736,9499,390,8079,2563,6937
1736,9499,390,2368,3182,6450
1736,9499,390,3321,356,4137
1736,9499,390,1574,4363,605
1736,9499,390,6329,6650,3540
1736,9499,390,5468,9466,2526
1736,9499,390,5642,4373,4051
1736,9499,390,7473,2542,7980
1736,9499,390,8501,6131,1108
1736,9499,390,6725,5627,153
1736,9499,390,6968,8324,9128
1736,9499,390,3749,2096,1023
1736,9499,390,4601,9949,9618
1736,9499,390,9294,1935,5498
1736,9499,390,3726,6000,7109
1736,9499,390,8215,1723,2181
1736,9499,390,9638,8453,8292
1736,9499,390,3143,4503,2716
1736,9499,390,5809,4092,9202
1736,9499,390,8289,2563,7709
1736,9499,390,8266,4959,6957
1736,9499,390,2191,1317,7527
1736,9499,390,2199,6215,373
1736,9499,390,1086,113,2465
1736,9499,390,4511,7933,4308
1736,9499,390,4809,8389,314
1736,9499,390,8675,912,6467
1736,9499,390,6115,5708,7571
1736,9499,390,8039,6566,9566
1736,9499,390,7077,8331,2049
1736,9499,390,7521,5009,3795
1736,9499,390,2636,4564,7336
1736,9499,390,8155,9025,3944
1736,9499,390,2183,4436,8196
1736,9499,390,2470,9802,9884
1736,9499,390,3520,9150,3209
1736,9499,390,2589,3742,7656
1736,9499,390,6491,278,2024
1736,9499,390,3894,4506,3423
1736,9499,390,1074,3118,8219
1736,9499,390,1554,4262,8067
1736,9499,390,4996,5689,2288
1736,9499,390,3808,918,9732
1736,9499,390,8803,5504,7821
1736,9499,390,21,515,4836
1736,9499,390,4641,1594,7779
1736,9499,390,9267,1179,5083
1736,9499,390,10,4957,6258
1736,9499,390,3202,5970,5460
1736,9499,390,581,9474,9715
1736,9499,390,9740,9290,4439
1736,9499,390,3014,22,9098
1736,9499,390,6468,9843,9242
1736,9499,390,6424,873,8186
1736,9499,390,1591,2408,894
1736,9499,390,862,55,6927
1736,9499,390,6245,846,6400
1736,9499,390,8955,7619,7363
1736,9499,390,5989,6715,9199
1736,9499,390,2700,6579,5846
1736,9499,390,3881,408,6001
1736,9499,390,4868,2650,4791
1736,9499,390,8806,763,7897
1736,9499,390,1189,5436,983
1736,9499,390,1353,352,7973
1736,9499,390,6692,6961,3155
1736,9499,390,4129,7232,60
1736,9499,390,2512,6796,5420
1736,9499,390,5789,6864,9739
1736,9499,390,2433,8472,891
1736,9499,390,8752,9944,7154
1736,9499,390,3863,2878,7320
1736,9499,390,3778,156,3252
1736,9499,390,8354,4056,9992
1736,9499,390,5508,8929,2052
1736,9499,390,3514,3124,9701
1736,9499,390,5658,9257,6419
1736,9499,390,6559,4119,1329
1736,9499,390,734,2880,8751
1736,9499,390,2250,4860,5174
1736,9499,390,4274,2824,4378
1736,9499,390,6979,8212,8750
1736,9499,390,4467,8030,5373
1736,9499,390,5065,4875,5950
1736,9499,390,7700,5887,9380
1736,9499,390,8484,233,1227
1736,9499,390,3383,2272,3108
1736,9499,390,4191,3334,2075
1736,9499,390,7519,4728,1211
1736,9499,390,3760,4082,5552
1736,9499,390,6288,5254,5777
1736,9499,390,4593,372,5083
1736,9499,390,1571,8961,3082
1736,9499,390,3157,4317,5008
1736,9499,390,4580,4700,6242
1736,9499,390,4915,9212,6566
1736,9499,390,2637,2348,6595
1736,9499,390,352,1343,7440
1736,9499,390,7775,285,2165
1736,9499,390,2135,9176,6138
1736,9499,390,277,6176,9169
1736,9499,390,5589,4102,2698
1736,9499,390,9109,4658,7847
1736,9499,390,4175,8439,2407
1736,9499,390,4554,6951,9642
1736,9499,390,2094,2118,6030
1736,9499,390,2913,9168,4449
1736,9499,390,4885,2497,2043
1736,9499,390,8244,5851,4507
1736,9499,390,5839,2841,9384
1736,9499,390,6827,7678,8984
1736,9499,390,2535,4104,3368
1736,9499,390,5503,5492,9287
1736,9499,390,252,2017,1428
1736,9499,390,9981,6635,2143
1736,9499,390,3305,6263,393
1736,9499,390,1698,4143,8636
1736,9499,390,4452,7457,8409
1736,9499,390,8364,7673,7365
1736,9499,390,3707,218,3175
1736,9499,390,1547,9074,8844
1736,9499,390,7318,2722,8211
1736,9499,390,2452,7638,2322
1736,9499,390,7765,6857,8663
1736,9499,390,6092,7826,4370
1736,9499,390,3374,4845,2336
1736,9499,390,6998,3278,9641
1736,9499,390,6017,4909,3303
1736,9499,390,2426,4677,4620
1736,9499,390,9004,5574,6561
1736,9499,390,4899,866,6337
