8695,3505,4644,2422,1227,9166
8695,3505,4644,4489,9960,1570
8695,3505,4644,366,3820,1825
8695,3505,4644,3924,7767,1542
8695,3505,4644,4460,8907,665
8695,3505,4644,1116,159,8010
8695,3505,4644,4404,501,9359
8695,3505,4644,5753,9731,8260
8695,3505,4644,6541,7529,1842
8695,3505,4644,6501,1699,2867
8695,3505,4644,4304,7463,2071
8695,3505,4644,9655,230,3655
8695,3505,4644,5643,431,8571
8695,3505,4644,3809,3680,5972
8695,3505,4644,6508,3062,3628
8695,3505,4644,335,2973,6133
8695,3505,4644,7935,5658,7888
8695,3505,4644,2878,1517,3604
8695,3505,4644,3193,5419,9951
8695,3505,4644,1057,9375,9316
8695,3505,4644,7666,4829,5678
8695,3505,4644,8905,6685,8492
8695,3505,4644,2460,9145,811
8695,3505,4644,456,2819,9677
8695,3505,4644,3379,9587,4943
8695,3505,4644,2478,5115,2419
8695,3505,4644,8800,7937,8447
8695,3505,4644,8166,1094,4128
8695,3505,4644,2618,7655,6502
8695,3505,4644,9590,4514,5729
8695,3505,4644,6742,6014,6748
8695,3505,4644,8411,7744,6735
8695,3505,4644,2384,2127,8842
8695,3505,4644,4874,418,6115
8695,3505,4644,5749,1098,6551
8695,3505,4644,3874,2027,2027
8695,3505,4644,194,4959,1238
8695,3505,4644,4405,3376,1686
8695,3505,4644,6775,1043,8308
8695,3505,4644,9679,6453,4181
8695,3505,4644,5568,5561,9434
8695,3505,4644,3202,9232,9137
8695,3505,4644,2850,3610,976
8695,3505,4644,4251,3105,613
8695,3505,4644,9886,5157,1755
8695,3505,4644,1836,5553,5658
8695,3505,4644,3954,7242,2228
8695,3505,4644,2838,3286,8448
8695,3505,4644,8421,1622,5054
8695,3505,4644,7711,1766,8307
8695,3505,4644,7917,5642,6874
8695,3505,4644,5862,7332,8999
8695,3505,4644,6664,2048,7308
8695,3505,4644,633,4702,2398
8695,3505,4644,3707,6735,4699
8695,3505,4644,4855,5262,2127
8695,3505,4644,8340,3271,7322
8695,3505,4644,6648,7720,7207
8695,3505,4644,9592,3317,3304
8695,3505,4644,4290,4857,2766
8695,3505,4644,9002,4226,452
8695,3505,4644,6035,8727,3833
8695,3505,4644,3751,3710,3093
8695,3505,4644,7225,9641,257
8695,3505,4644,9689,9940,8213
8695,3505,4644,3664,7431,9865
8695,3505,4644,6598,1145,5074
8695,3505,4644,720,368,2324
8695,3505,4644,1902,9058,8897
8695,3505,4644,3870,6359,3254
8695,3505,4644,9997,9654,1765
8695,3505,4644,9314,7612,5079
8695,3505,4644,477,2472,7341
8695,3505,4644,253,7012,4631
8695,3505,4644,8131,4027,5311
8695,3505,4644,8627,6045,6172
8695,3505,4644,5299,2920,3189
8695,3505,4644,3213,9123,2100
8695,3505,4644,4295,5275,7944
8695,3505,4644,2095,3786,491
8695,3505,4644,3599,4528,5985
8695,3505,4644,8951,6858,1819
8695,3505,4644,2015,1017,7098
8695,3505,4644,9785,5115,3897
8695,3505,4644,1970,5488,5846
8695,3505,4644,715,8721,6131
8695,3505,4644,7321,2057,1065
8695,3505,4644,5773,8369,5968
8695,3505,4644,6304,6379,6183
8695,3505,4644,593,2847,9067
8695,3505,4644,2198,4659,7766
8695,3505,4644,5076,6123,9094
8695,3505,4644,5505,5209,3119
8695,3505,4644,8509,153,4531
8695,3505,4644,1287,1453,7604
8695,3505,4644,8951,6039,4984
8695,3505,4644,3134,9814,8694
8695,3505,4644,3818,437,817
8695,3505,4644,4411,2272,5269
8695,3505,4644,266,4166,2549
8695,3505,4644,8038,343,7335
8695,3505,4644,9025,1871,1541
8695,3505,4644,1540,4855,3732
8695,3505,4644,7657,6447,1808
8695,3505,4644,4992,3754,764
8695,3505,4644,3322,8257,3644
8695,3505,4644,5315,2905,3733
8695,3505,4644,2262,7716,3340
8695,3505,4644,644,9716,1028
8695,3505,4644,1129,3189,3918
8695,3505,4644,3900,9747,181
8695,3505,4644,8407,7176,6208
8695,3505,4644,7309,1206,6987
8695,3505,4644,8530,5749,9789
8695,3505,4644,7660,6348,3404
8695,3505,4644,2524,9811,1463
8695,3505,4644,1220,197,7965
8695,3505,4644,5860,3507,7370
8695,3505,4644,4222,7411,6316
8695,3505,4644,4863,9180,8535
8695,3505,4644,9852,1966,22
8695,3505,4644,3741,4237,5946
8695,3505,4644,3455,3960,9408
8695,3505,4644,9651,9006,5647
8695,3505,4644,782,356,251
8695,3505,4644,6682,7899,73
8695,3505,4644,9715,5896,2289
8695,3505,4644,6763,9434,5898
8695,3505,4644,4845,8183,3461
8695,3505,4644,8709,2508,8950
8695,3505,4644,1408,9775,6263
8695,3505,4644,6609,2944,9588
8695,3505,4644,4588,668,2416
8695,3505,4644,9337,303,1715
8695,3505,4644,7900,2307,8615
8695,3505,4644,9660,4853,7148
8695,3505,4644,5278,7861,5756
8695,3505,4644,7131,2003,7395
8695,3505,4644,6347,7022,1059
8695,3505,4644,3130,6247,4875
8695,3505,4644,9051,6266,738
8695,3505,4644,6264,3816,1710
8695,3505,4644,4151,4455,8398
8695,3505,4644,5863,6397,317
8695,3505,4644,36,8379,4819
8695,3505,4644,1356,8266,1675
8695,3505,4644,1072,9975,4754
8695,3505,4644,7546,4862,1445
8695,3505,4644,2737,1276,5677
8695,3505,4644,4701,6906,4022
8695,3505,4644,866,5795,5575
8695,3505,4644,2103,696,4623
8695,3505,4644,3368,8665,5757
8695,3505,4644,8179,2734,7968
8695,3505,4644,1201,7221,6037
8695,3505,4644,8808,9412,4793
8695,3505,4644,7829,5032,7425
8695,3505,4644,6387,6459,895
8695,3505,4644,432,4539,9713
8695,3505,4644,1549,5070,1314
8695,3505,4644,9031,8910,8763
8695,3505,4644,6516,1387,4998
8695,3505,4644,9587,8141,4085
8695,3505,4644,7877,7207,5107
8695,3505,4644,8243,3135,1379
8695,3505,4644,789,5454,1848
8695,3505,4644,3085,3651,2858
8695,3505,4644,1597,554,3805
8695,3505,4644,6942,6077,455
8695,3505,4644,5583,3934,9312
8695,3505,4644,8790,9814,6493
8695,3505,4644,3755,4135,9461
8695,3505,4644,2208,1654,988
8695,3505,4644,757,8679,6325
8695,3505,4644,2197,9259,1967
8695,3505,4644,7269,9908,7894
8695,3505,4644,6946,2685,9104
8695,3505,4644,2238,506,4208
8695,3505,4644,3926,7101,9368
8695,3505,4644,8326,7402,3177
8695,3505,4644,6897,1833,9416
8695,3505,4644,3320,9058,7606
8695,3505,4644,8395,5795,3412
8695,3505,4644,4427,7718,2071
8695,3505,4644,3794,4270,6773
8695,3505,4644,1563,3780,5351
8695,3505,4644,384,1470,6397
8695,3505,4644,5419,6918,7405
8695,3505,4644,5446,8200,1982
8695,3505,4644,7325,1790,7006
8695,3505,4644,3272,9255,8286
8695,3505,4644,1321,567,1864
8695,3505,4644,4483,3049,6375
8695,3505,4644,5805,3082,6098
8695,3505,4644,7705,9179,8169
8695,3505,4644,2351,1174,6097
8695,3505,4644,7354,2869,6876
8695,3505,4644,237,4244,8951
8695,3505,4644,5210,5411,5865
8695,3505,4644,2356,823,3132
8695,3505,4644,1492,6750,5644
8695,3505,4644,9498,3297,6833
8695,3505,4644,4300,9372,5742
8695,3505,4644,5059,1717,6270
8695,3505,4644,490,2881,5188
8695,3505,4644,3353,8094,5685
8695,3505,4644,8539,4085,4455
8695,3505,4644,8986,4099,5090
8695,3505,4644,4583,634,1901
8695,3505,4644,3022,9376,1518
8695,3505,4644,9759,5346,346
8695,3505,4644,3123,3177,7386
8695,3505,4644,1585,9185,8731
8695,3505,4644,3476,6148,2689
8695,3505,4644,8620,1740,1436
8695,3505,4644,1207,5210,823
8695,3505,4644,9569,2651,3828
8695,3505,4644,3370,831,5036
8695,3505,4644,5274,3109,2641
8695,3505,4644,8936,8267,7005
8695,3505,4644,1942,9385,1521
8695,3505,4644,6385,4085,8847
8695,3505,4644,5357,7704,1794
8695,3505,4644,3029,9763,4504
8695,3505,4644,6583,3459,594
8695,3505,4644,5469,598,2734
8695,3505,4644,9891,4072,4238
8695,3505,4644,5300,690,2419
8695,3505,4644,5419,2331,7854
8695,3505,4644,9046,9426,7387
8695,3505,4644,9734,297,4860
8695,3505,4644,33,2583,9598
8695,3505,4644,6409,4538,915
8695,3505,4644,2891,6357,1146
8695,3505,4644,88,518,8473
8695,3505,4644,1966,6384,2378
8695,3505,4644,240,7738,1533
8695,3505,4644,4288,4454,7679
8695,3505,4644,6387,7632,5163
8695,3505,4644,9100,7508,105
8695,3505,4644,3664,9404,3510
8695,3505,4644,885,5531,5039
8695,3505,4644,6146,5610,7506
8695,3505,4644,3544,3426,9928
8695,3505,4644,6190,3742,142
8695,3505,4644,2614,7771,9820
8695,3505,4644,6412,8445,8878
8695,3505,4644,2125,9669,518
8695,3505,4644,4297,6856,7103
8695,3505,4644,4895,227,7525
8695,3505,4644,5873,9571,7671
8695,3505,4644,93,6939,6285
8695,3505,4644,5222,4682,920
8695,3505,4644,1820,8769,2075
8695,3505,4644,2348,6541,1631
8695,3505,4644,3985,3874,5197
8695,3505,4644,103,1165,4229
8695,3505,4644,1830,1986,1754
8695,3505,4644,7082,5672,5106
8695,3505,4644,5392,1037,417
8695,3505,4644,2650,4237,9304
8695,3505,4644,4514,2680,8129
8695,3505,4644,9431,1804,4437
8695,3505,4644,1533,5034,9197
8695,3505,4644,7618,8036,3684
8695,3505,4644,1473,536,6682
8695,3505,4644,5393,32,7204
8695,3505,4644,4929,5269,1795
8695,3505,4644,506,6053,8706
8695,3505,4644,4888,6180,2984
8695,3505,4644,5107,5524,8330
8695,3505,4644,9027,1381,5592
8695,3505,4644,9175,9722,8657
8695,3505,4644,7938,8998,5190
8695,3505,4644,1112,4089,9306
8695,3505,4644,9767,1491,5146
8695,3505,4644,6431,3199,444
8695,3505,4644,5000,5290,6968
8695,3505,4644,6771,2603,4633
8695,3505,4644,3266,8418,4003
8695,3505,4644,9698,1717,5406
8695,3505,4644,8568,3835,3501
8695,3505,4644,1818,2574,6681
8695,3505,4644,9429,8953,1259
8695,3505,4644,796,3105,2973
8695,3505,4644,1951,8038,1036
8695,3505,4644,9000,5462,4617
8695,3505,4644,2748,115,3374
8695,3505,4644,431,599,9910
8695,3505,4644,9518,6479,8237
8695,3505,4644,9781,8235,7572
8695,3505,4644,9690,9913,7558
8695,3505,4644,6543,7948,5602
8695,3505,4644,5997,5323,3338
8695,3505,4644,9659,1195,6027
8695,3505,4644,7472,1618,2839
8695,3505,4644,9397,3783,7055
8695,3505,4644,6173,7249,6399
8695,3505,4644,160,3491,9373
8695,3505,4644,4005,9866,4393
8695,3505,4644,3703,1021,3600
8695,3505,4644,2017,1453,6886
8695,3505,4644,342,8553,1759
8695,3505,4644,5987,3420,9935
8695,3505,4644,7924,3121,3525
8695,3505,4644,2754,7791,3892
8695,3505,4644,9312,2055,6387
8695,3505,4644,8182,4916,9296
8695,3505,4644,7738,1272,2566
8695,3505,4644,4342,9216,6601
8695,3505,4644,7507,125,2016
8695,3505,4644,7757,518,4475
8695,3505,4644,4651,3740,4385
8695,3505,4644,734,1002,4986
8695,3505,4644,8802,5789,8187
8695,3505,4644,9519,3672,8085
8695,3505,4644,9708,1191,1880
8695,3505,4644,4729,9242,8311
8695,3505,4644,5627,4702,7070
8695,3505,4644,2559,860,476
8695,3505,4644,2862,2275,3921
8695,3505,4644,4410,9444,2360
8695,3505,4644,2577,6326,8295
8695,3505,4644,6837,2481,2344
8695,3505,4644,516,9161,1939
8695,3505,4644,4765,7252,4235
8695,3505,4644,8760,2115,4982
8695,3505,4644,1165,3417,1226
8695,3505,4644,2080,9746,8361
8695,3505,4644,232,9744,4651
8695,3505,4644,1684,6351,847
8695,3505,4644,4538,3313,5882
8695,3505,4644,2197,767,1181
8695,3505,4644,8887,487,9169
8695,3505,4644,373,2529,940
8695,3505,4644,1377,4826,5658
8695,3505,4644,7715,3437,3175
8695,3505,4644,5662,8631,8088
8695,3505,4644,575,9733,6571
8695,3505,4644,8939,4539,6824
8695,3505,4644,2702,1741,2566
8695,3505,4644,5097,3551,6680
8695,3505,4644,624,9556,3097
8695,3505,4644,5709,4827,1292
8695,3505,4644,6465,7538,6492
8695,3505,4644,7272,1816,7646
8695,3505,4644,4152,8396,1118
8695,3505,4644,9946,1907,7213
8695,3505,4644,1934,4136,3570
8695,3505,4644,8586,7040,495
8695,3505,4644,2508,6319,7115
8695,3505,4644,4523,7028,550
8695,3505,4644,6566,2470,4281
8695,3505,4644,6823,1599,4042
8695,3505,4644,9987,1959,6063
8695,3505,4644,9120,506,8789
8695,3505,4644,9409,605,1208
8695,3505,4644,7993,2119,7816
8695,3505,4644,5339,2186,3282
8695,3505,4644,761,8945,5779
8695,3505,4644,4748,6238,8727
8695,3505,4644,6739,6397,8013
8695,3505,4644,6976,6936,8296
8695,3505,4644,2143,5030,6893
8695,3505,4644,2057,7052,5295
8695,3505,4644,9347,6789,6245
8695,3505,4644,6711,671,7994
8695,3505,4644,2171,330,7782
8695,3505,4644,446,6989,6270
8695,3505,4644,9503,162,1650
8695,3505,4644,6880,6065,5782
8695,3505,4644,798,7505,2104
8695,3505,4644,9524,1940,8107
8695,3505,4644,6917,1020,5412
8695,3505,4644,2854,4165,1149
8695,3505,4644,8706,9674,5882
8695,3505,4644,8527,3575,739
8695,3505,4644,4832,9362,7337
8695,3505,4644,5723,7671,8447
8695,3505,4644,6792,6575,3751
8695,3505,4644,5387,8699,1344
8695,3505,4644,9539,4860,2528
8695,3505,4644,1288,7852,9504
8695,3505,4644,108,5547,5725
8695,3505,4644,7417,844,1344
8695,3505,4644,5675,587,4724
8695,3505,4644,807,4713,2760
8695,3505,4644,2437,1397,8810
8695,3505,4644,881,2814,5740
8695,3505,4644,9227,3195,3055
8695,3505,4644,2059,7914,5541
8695,3505,4644,2219,476,3503
8695,3505,4644,3834,6327,5468
8695,3505,4644,8352,5781,9085
8695,3505,4644,2012,2284,7309
8695,3505,4644,9024,7993,5551
8695,3505,4644,9776,4999,516
8695,3505,4644,9333,3437,1058
8695,3505,4644,7692,7312,8842
8695,3505,4644,7913,8793,4695
8695,3505,4644,2818,2693,3724
8695,3505,4644,8157,7988,1519
8695,3505,4644,6274,134,8277
8695,3505,4644,996,9121,1096
8695,3505,4644,6394,9889,3451
8695,3505,4644,7204,4191,5320
8695,3505,4644,3801,6598,5916
8695,3505,4644,350,5077,4950
8695,3505,4644,1262,5992,5590
8695,3505,4644,4916,6828,256
8695,3505,4644,2098,9629,7677
8695,3505,4644,5428,9876,1621
8695,3505,4644,2542,3728,210
8695,3505,4644,5275,3359,9312
8695,3505,4644,3519,3288,8387
8695,3505,4644,1742,2901,1582
8695,3505,4644,4139,7802,6958
8695,3505,4644,2917,7882,473
8695,3505,4644,7042,6265,8558
8695,3505,4644,5422,6734,7614
8695,3505,4644,4761,4820,3425
8695,3505,4644,9442,3305,1915
8695,3505,4644,908,608,7089
8695,3505,4644,4069,1388,8702
8695,3505,4644,5365,4767,6864
8695,3505,4644,5881,7185,5298
8695,3505,4644,4277,6997,2629
8695,3505,4644,8794,7981,8576
8695,3505,4644,6948,9175,2809
8695,3505,4644,9140,4033,9048
8695,3505,4644,7670,3353,6795
8695,3505,4644,6721,5688,6038
8695,3505,4644,9585,4390,5733
8695,3505,4644,9756,33,2528
8695,3505,4644,5222,5239,4950
8695,3505,4644,7020,9723,4624
8695,3505,4644,7170,4399,6240
8695,3505,4644,4935,9925,8627
8695,3505,4644,7557,6516,1588
8695,3505,4644,5690,9814,2998
8695,3505,4644,1638,5251,4860
8695,3505,4644,5736,9302,8408
8695,3505,4644,2082,832,4626
8695,3505,4644,8324,1944,6367
8695,3505,4644,4833,2751,7904
8695,3505,4644,7635,347,4793
8695,3505,4644,6995,1800,6907
8695,3505,4644,7607,6283,7697
8695,3505,4644,1424,9500,3985
8695,3505,4644,3,206,9771
8695,3505,4644,1332,6041,9326
8695,3505,4644,2957,5306,4559
8695,3505,4644,4758,610,9755
8695,3505,4644,8909,1929,4162
8695,3505,4644,7926,3745,5375
8695,3505,4644,1928,8944,6754
8695,3505,4644,6642,6396,9491
8695,3505,4644,8498,4773,1496
8695,3505,4644,9219,4143,889
8695,3505,4644,4782,863,1850
8695,3505,4644,3616,7160,3372
8695,3505,4644,6865,826,507
8695,3505,4644,3242,1673,5720
8695,3505,4644,2292,8625,4971
8695,3505,4644,7646,8195,5966
8695,3505,4644,4145,6971,5084
8695,3505,4644,2234,1377,952
8695,3505,4644,4472,4994,4039
8695,3505,4644,1905,1274,5882
8695,3505,4644,436,5118,5473
8695,3505,4644,4382,2157,3007
8695,3505,4644,4523,8083,8905
8695,3505,4644,1357,5982,8925
8695,3505,4644,3678,4419,4064
8695,3505,4644,8446,6117,5445
8695,3505,4644,6460,1117,5015
8695,3505,4644,9275,1428,1368
8695,3505,4644,4241,5558,3760
8695,3505,4644,4906,4873,5045
8695,3505,4644,8062,2994,3171
8695,3505,4644,7463,9364,1156
8695,3505,4644,1390,8747,9379
8695,3505,4644,4644,7757,5836
8695,3505,4644,8844,1323,227
8695,3505,4644,2730,5216,9938
8695,3505,4644,3166,688,1308
8695,3505,4644,5385,5658,3736
8695,3505,4644,1867,4854,6600
8695,3505,4644,176,5521,2534
8695,3505,4644,8463,3176,6440
8695,3505,4644,2958,5355,5742
8695,3505,4644,4414,757,6282
8695,3505,4644,3864,7034,6692
8695,3505,4644,8084,744,1173
8695,3505,4644,7515,4276,3151
8695,3505,4644,2053,2298,6364
8695,3505,4644,2991,5599,1979
8695,3505,4644,9625,9744,2905
8695,3505,4644,7746,4426,9227
8695,3505,4644,379,5593,8794
8695,3505,4644,9456,3269,8631
8695,3505,4644,2614,6842,6988
8695,3505,4644,3396,9207,5936
8695,3505,4644,4671,9653,7998
8695,3505,4644,1735,1014,2460
8695,3505,4644,3621,5846,3076
8695,3505,4644,8807,7478,7021
8695,3505,4644,1433,3812,2121
8695,3505,4644,6088,4139,7475
8695,3505,4644,977,4717,6760
