8517,3674,4511,9905,3292,5433
8517,3674,4511,272,5526,283
8517,3674,4511,9615,6799,7765
8517,3674,4511,5250,7027,5004
8517,3674,4511,5557,9630,8164
8517,3674,4511,2267,4277,4224
8517,3674,4511,9599,8431,5466
8517,3674,4511,9623,9417,5517
8517,3674,4511,590,3864,9321
8517,3674,4511,866,5387,9016
8517,3674,4511,8318,8632,3097
8517,3674,4511,6268,8984,1005
8517,3674,4511,720,5228,5051
8517,3674,4511,9027,7294,2656
8517,3674,4511,8161,4342,3475
8517,3674,4511,8333,1449,4521
8517,3674,4511,573,4469,8796
8517,3674,4511,6859,1609,1841
8517,3674,4511,7633,39,6233
8517,3674,4511,9889,2059,389
8517,3674,4511,6676,2048,9045
8517,3674,4511,4216,9250,5378
8517,3674,4511,796,2668,107
8517,3674,4511,8507,5690,3698
8517,3674,4511,8598,670,8386
8517,3674,4511,7739,3994,4022
8517,3674,4511,8235,180,7979
8517,3674,4511,8231,3865,416
8517,3674,4511,2457,4955,7212
8517,3674,4511,543,9407,3838
8517,3674,4511,833,3859,7026
8517,3674,4511,7014,3179,9886
8517,3674,4511,47,4820,7993
8517,3674,4511,2935,7244,738
8517,3674,4511,1325,3703,7446
8517,3674,4511,7775,6762,2789
8517,3674,4511,1007,3456,382
8517,3674,4511,9088,3344,6930
8517,3674,4511,4614,4835,9482
8517,3674,4511,2551,7699,563
8517,3674,4511,1795,8872,5728
8517,3674,4511,7189,8797,1650
8517,3674,4511,3784,1292,2387
8517,3674,4511,1730,8188,423
8517,3674,4511,1703,3043,5092
8517,3674,4511,5129,2811,3849
8517,3674,4511,197,2451,6700
8517,3674,4511,8918,8888,6277
8517,3674,4511,4538,9619,2008
8517,3674,4511,5302,6281,7225
8517,3674,4511,8388,3645,6313
8517,3674,4511,6255,5309,265
8517,3674,4511,2938,3267,2182
8517,3674,4511,8661,1161,3897
8517,3674,4511,4157,4967,5227
8517,3674,4511,3136,2352,4144
8517,3674,4511,6857,9293,9894
8517,3674,4511,1193,9479,9091
8517,3674,4511,1775,8443,1584
8517,3674,4511,3963,9682,1850
8517,3674,4511,755,7636,5998
8517,3674,4511,8605,1726,1128
8517,3674,4511,3603,356,9743
8517,3674,4511,4752,3447,8672
8517,3674,4511,756,2634,4469
8517,3674,4511,4283,561,2760
8517,3674,4511,751,7381,4815
8517,3674,4511,3604,6539,8301
8517,3674,4511,4143,2054,3013
8517,3674,4511,3395,501,5312
8517,3674,4511,7343,528,1232
8517,3674,4511,8748,6159,3151
8517,3674,4511,1966,9282,2840
8517,3674,4511,6676,2586,3446
8517,3674,4511,726,3344,3225
8517,3674,4511,3418,5693,8560
8517,3674,4511,1464,2865,2166
8517,3674,4511,9291,4358,6806
8517,3674,4511,4764,159,4149
8517,3674,4511,1102,7960,3446
8517,3674,4511,1060,9375,7806
8517,3674,4511,6480,4804,5665
8517,3674,4511,9398,4378,8907
8517,3674,4511,9389,3193,8423
8517,3674,4511,8841,9297,3037
8517,3674,4511,7610,3013,9224
8517,3674,4511,3013,1426,1088
8517,3674,4511,5806,4453,7899
8517,3674,4511,546,2193,5549
8517,3674,4511,4033,5603,8944
8517,3674,4511,8257,3642,9388
8517,3674,4511,2971,7794,7119
8517,3674,4511,2060,2013,3382
8517,3674,4511,4085,910,3023
8517,3674,4511,7987,1031,2689
8517,3674,4511,4504,6210,1438
8517,3674,4511,7290,543,8608
8517,3674,4511,999,9664,8520
8517,3674,4511,4015,1557,7815
8517,3674,4511,6825,2997,9429
8517,3674,4511,7376,3069,3758
8517,3674,4511,6384,4491,9487
8517,3674,4511,208,3975,9434
8517,3674,4511,4092,8305,7725
8517,3674,4511,9455,8263,3745
8517,3674,4511,4521,7270,3517
8517,3674,4511,1915,9872,2824
8517,3674,4511,2727,2257,3013
8517,3674,4511,3501,8411,7081
8517,3674,4511,4379,9705,9807
8517,3674,4511,7207,4776,2957
8517,3674,4511,8423,5258,3340
8517,3674,4511,4251,4546,1535
8517,3674,4511,4635,9307,3866
8517,3674,4511,4194,7110,8289
8517,3674,4511,8329,5714,5741
8517,3674,4511,101,224,3062
8517,3674,4511,6517,8467,8615
8517,3674,4511,7254,3717,2222
8517,3674,4511,9930,442,9152
8517,3674,4511,4831,482,5804
8517,3674,4511,49,6552,448
8517,3674,4511,1036,7770,1788
8517,3674,4511,4233,3953,7671
8517,3674,4511,8517,3423,1378
8517,3674,4511,8903,2526,4111
8517,3674,4511,4974,1640,7537
8517,3674,4511,8721,823,7911
8517,3674,4511,6341,950,5026
8517,3674,4511,9761,9756,9825
8517,3674,4511,5796,10,9243
8517,3674,4511,3337,3745,2818
8517,3674,4511,6020,5148,2826
8517,3674,4511,6585,2385,1380
8517,3674,4511,3379,7957,1390
8517,3674,4511,2595,3951,4699
8517,3674,4511,7334,8497,1039
8517,3674,4511,3988,4661,5867
8517,3674,4511,2047,9466,7554
8517,3674,4511,5484,1038,6478
8517,3674,4511,8949,3882,14
8517,3674,4511,9643,3925,1720
8517,3674,4511,6387,9171,7123
8517,3674,4511,4129,4804,669
8517,3674,4511,3232,870,9254
8517,3674,4511,1149,5780,9397
8517,3674,4511,8545,2297,1945
8517,3674,4511,5366,6832,8633
8517,3674,4511,9113,7155,6431
8517,3674,4511,3359,3380,7373
8517,3674,4511,6946,709,1032
8517,3674,4511,1259,8739,1351
8517,3674,4511,5463,9657,5130
8517,3674,4511,8857,5393,4210
8517,3674,4511,2804,334,194
8517,3674,4511,5460,1351,3458
8517,3674,4511,1178,3345,8561
8517,3674,4511,9930,1906,2833
8517,3674,4511,6193,6227,6530
8517,3674,4511,3561,4078,4501
8517,3674,4511,5289,7990,518
8517,3674,4511,6923,5462,2753
8517,3674,4511,1864,5658,4011
8517,3674,4511,4060,7421,6668
8517,3674,4511,3914,4461,2228
8517,3674,4511,96,5257,2766
8517,3674,4511,5886,579,2289
8517,3674,4511,1604,1249,3831
8517,3674,4511,8303,93,3772
8517,3674,4511,7479,2371,9259
8517,3674,4511,9293,4107,435
8517,3674,4511,5319,6694,5416
8517,3674,4511,4605,5293,7752
8517,3674,4511,4502,4414,6685
8517,3674,4511,2848,5878,5498
8517,3674,4511,2409,1866,9978
8517,3674,4511,9902,2496,5389
8517,3674,4511,9175,68,5057
8517,3674,4511,2414,1725,8156
8517,3674,4511,3898,1483,6350
8517,3674,4511,4283,8174,9372
8517,3674,4511,1351,1679,7989
8517,3674,4511,5045,4905,3133
8517,3674,4511,9291,1485,5073
8517,3674,4511,5720,7563,72
8517,3674,4511,6557,6157,8185
8517,3674,4511,9661,428,2398
8517,3674,4511,7572,3591,262
8517,3674,4511,1458,142,3171
8517,3674,4511,8058,1816,7550
8517,3674,4511,3301,5912,2998
8517,3674,4511,9224,3931,1565
8517,3674,4511,8473,7212,4849
8517,3674,4511,8268,6857,5742
8517,3674,4511,9698,5571,1683
8517,3674,4511,7887,7691,546
8517,3674,4511,1894,7328,8678
8517,3674,4511,3494,7803,5197
8517,3674,4511,8370,4068,5795
8517,3674,4511,1709,9728,1343
8517,3674,4511,7205,1992,7714
8517,3674,4511,5088,7010,2567
8517,3674,4511,7090,4653,4712
8517,3674,4511,6974,5768,5125
8517,3674,4511,8422,7260,522
8517,3674,4511,3326,738,8988
8517,3674,4511,7018,9157,8958
8517,3674,4511,9080,721,9260
8517,3674,4511,8621,8315,9712
8517,3674,4511,2964,5316,3004
8517,3674,4511,1694,7866,2125
8517,3674,4511,2352,9306,513
8517,3674,4511,8238,4544,6941
8517,3674,4511,1137,8250,5357
8517,3674,4511,8313,4048,3532
8517,3674,4511,2892,4718,7791
8517,3674,4511,3729,7519,2321
8517,3674,4511,7228,7690,8748
8517,3674,4511,154,4717,1125
8517,3674,4511,2964,2507,6178
8517,3674,4511,8811,3431,4777
8517,3674,4511,4237,188,5792
8517,3674,4511,5036,6035,7938
8517,3674,4511,3609,5435,7353
8517,3674,4511,1983,8722,3131
8517,3674,4511,1603,1877,8527
8517,3674,4511,554,3749,7583
8517,3674,4511,2129,3770,4810
8517,3674,4511,1711,2592,1030
8517,3674,4511,7126,8327,1428
8517,3674,4511,1898,3940,1813
8517,3674,4511,714,5246,8197
8517,3674,4511,6686,4814,9377
8517,3674,4511,1355,3600,3887
8517,3674,4511,8005,5018,6885
8517,3674,4511,7812,6858,9948
8517,3674,4511,2900,5391,6624
8517,3674,4511,3989,4578,3108
8517,3674,4511,2438,1395,7474
8517,3674,4511,9742,6322,5191
8517,3674,4511,3977,8834,2685
8517,3674,4511,8510,7787,8963
8517,3674,4511,6623,9925,2957
8517,3674,4511,4819,9819,7823
8517,3674,4511,9623,1883,6826
8517,3674,4511,2123,4955,1613
8517,3674,4511,4339,6940,1944
8517,3674,4511,4933,7347,8665
8517,3674,4511,3245,6754,1548
8517,3674,4511,5899,1580,3390
8517,3674,4511,1818,7973,6467
8517,3674,4511,7987,5594,8176
8517,3674,4511,3395,5742,3542
8517,3674,4511,4531,6110,3103
8517,3674,4511,4762,1706,3281
8517,3674,4511,6494,7067,354
8517,3674,4511,4401,9321,5539
8517,3674,4511,1282,177,1012
8517,3674,4511,2084,5216,7018
8517,3674,4511,8400,2722,9191
8517,3674,4511,7116,389,8878
8517,3674,4511,8658,4055,5507
8517,3674,4511,7315,4884,1540
8517,3674,4511,9078,276,6151
8517,3674,4511,8021,2090,125
8517,3674,4511,7056,5566,8643
8517,3674,4511,9219,4906,9356
8517,3674,4511,1423,5313,172
8517,3674,4511,7052,7388,6649
8517,3674,4511,4174,6671,160
8517,3674,4511,8753,8553,8817
8517,3674,4511,925,4808,2259
8517,3674,4511,5085,9432,1210
8517,3674,4511,2404,7400,1590
8517,3674,4511,1830,7817,8102
8517,3674,4511,197,9991,3899
8517,3674,4511,1620,5590,3043
8517,3674,4511,2200,4756,271
8517,3674,4511,8,4437,838
8517,3674,4511,4380,8716,6316
8517,3674,4511,2672,8133,6780
8517,3674,4511,971,6471,2252
8517,3674,4511,5907,7377,5510
8517,3674,4511,4590,441,3805
8517,3674,4511,1148,1049,5097
8517,3674,4511,9697,6946,4281
8517,3674,4511,282,8181,940
8517,3674,4511,5662,55,788
8517,3674,4511,2819,2417,2620
8517,3674,4511,2647,6322,8968
8517,3674,4511,5346,5713,2694
8517,3674,4511,4890,1525,4519
8517,3674,4511,7939,1450,8924
8517,3674,4511,5129,6807,7584
8517,3674,4511,2831,4067,5850
8517,3674,4511,9121,5312,8506
8517,3674,4511,2933,6975,6202
8517,3674,4511,1344,2292,9012
8517,3674,4511,9772,2606,3316
8517,3674,4511,7778,160,2720
8517,3674,4511,7333,4062,7939
8517,3674,4511,3328,7657,8692
8517,3674,4511,4312,6417,9324
8517,3674,4511,5471,7346,2147
8517,3674,4511,4427,3851,4907
8517,3674,4511,9565,3101,8988
8517,3674,4511,4446,681,2160
8517,3674,4511,1288,9735,6276
8517,3674,4511,2985,8806,8816
8517,3674,4511,7403,5433,3523
8517,3674,4511,967,1418,7210
8517,3674,4511,5233,6043,7305
8517,3674,4511,4303,437,7536
8517,3674,4511,566,3984,6965
8517,3674,4511,4229,1812,167
8517,3674,4511,4043,2005,5921
8517,3674,4511,3846,9809,289
8517,3674,4511,5939,5083,392
8517,3674,4511,8474,6408,9627
8517,3674,4511,8152,1631,9401
8517,3674,4511,5880,4780,8535
8517,3674,4511,7014,4414,1513
8517,3674,4511,7244,2723,9268
8517,3674,4511,8420,9832,5774
8517,3674,4511,3792,7407,639
8517,3674,4511,7406,9390,6310
8517,3674,4511,8917,4098,4794
8517,3674,4511,1396,9915,8910
8517,3674,4511,9497,3010,5600
8517,3674,4511,3836,793,3426
8517,3674,4511,8657,944,8306
8517,3674,4511,8202,1748,7422
8517,3674,4511,7137,2574,3751
8517,3674,4511,3731,7795,812
8517,3674,4511,6392,8348,600
8517,3674,4511,5999,4178,3496
8517,3674,4511,3241,6524,5231
8517,3674,4511,2701,4603,5455
8517,3674,4511,7366,8999,6415
8517,3674,4511,6724,4692,4724
8517,3674,4511,4704,5210,1502
8517,3674,4511,535,8162,6375
8517,3674,4511,1944,7165,2770
8517,3674,4511,7243,9664,2983
8517,3674,4511,3946,1647,2139
8517,3674,4511,7257,8887,3418
8517,3674,4511,662,3556,8180
8517,3674,4511,7647,7978,1468
8517,3674,4511,8621,9491,7592
8517,3674,4511,5876,2290,7682
8517,3674,4511,8936,6646,7727
8517,3674,4511,9152,4506,4037
8517,3674,4511,8582,8611,683
8517,3674,4511,7653,2356,5443
8517,3674,4511,4930,2089,9498
8517,3674,4511,7472,6808,1496
8517,3674,4511,2913,9479,7255
8517,3674,4511,7188,2351,563
8517,3674,4511,7891,2344,9068
8517,3674,4511,1585,1368,8881
8517,3674,4511,2265,2825,7331
8517,3674,4511,3224,4371,6596
8517,3674,4511,7615,3008,641
8517,3674,4511,5826,4347,2776
8517,3674,4511,5278,3923,1863
8517,3674,4511,6137,5978,3473
8517,3674,4511,7499,8155,3985
8517,3674,4511,4274,913,4363
8517,3674,4511,2808,5144,8372
8517,3674,4511,656,1921,2456
8517,3674,4511,2148,3414,4864
8517,3674,4511,6358,3121,710
8517,3674,4511,9187,6219,7007
8517,3674,4511,524,8151,5327
8517,3674,4511,7298,4565,811
8517,3674,4511,6993,7562,3818
8517,3674,4511,2946,4588,3925
8517,3674,4511,2106,3311,6754
8517,3674,4511,2602,2805,9872
8517,3674,4511,6000,7277,6033
8517,3674,4511,3259,4854,9296
8517,3674,4511,5282,5852,602
8517,3674,4511,3551,6460,7197
8517,3674,4511,7878,7043,8434
8517,3674,4511,67,753,7245
8517,3674,4511,6618,6174,2700
8517,3674,4511,6716,3798,9125
8517,3674,4511,9328,5732,3456
8517,3674,4511,7401,8941,4665
8517,3674,4511,9138,1752,6316
8517,3674,4511,2190,3427,1222
8517,3674,4511,1311,14,4472
8517,3674,4511,8,7075,8898
8517,3674,4511,2591,7039,407
8517,3674,4511,6144,8871,676
8517,3674,4511,4890,3790,4859
8517,3674,4511,858,1566,6807
8517,3674,4511,5318,3586,7509
8517,3674,4511,4962,4452,7702
8517,3674,4511,8370,3963,1818
8517,3674,4511,9841,7454,5298
8517,3674,4511,7117,8819,6305
8517,3674,4511,6575,7951,2063
8517,3674,4511,576,6841,5851
8517,3674,4511,2629,4090,2412
8517,3674,4511,8290,1999,2519
8517,3674,4511,8096,7716,6381
8517,3674,4511,9691,3685,4246
8517,3674,4511,7347,6373,6776
8517,3674,4511,7099,7083,7830
8517,3674,4511,3852,2439,6994
8517,3674,4511,4474,5265,9420
8517,3674,4511,7725,9698,6557
8517,3674,4511,831,6924,9189
8517,3674,4511,7214,6193,7536
8517,3674,4511,5987,3972,9266
8517,3674,4511,9369,6148,2204
8517,3674,4511,4425,3976,2245
8517,3674,4511,620,6601,9333
8517,3674,4511,7097,2370,530
8517,3674,4511,68,876,6248
8517,3674,4511,8806,229,7430
8517,3674,4511,577,2378,6180
8517,3674,4511,4601,4072,8704
8517,3674,4511,4162,8364,3724
8517,3674,4511,2637,1410,8860
8517,3674,4511,1219,9931,7062
8517,3674,4511,4720,4092,4910
8517,3674,4511,1447,9984,5864
8517,3674,4511,762,4120,6449
8517,3674,4511,5551,5844,2566
8517,3674,4511,2200,5763,9636
8517,3674,4511,9939,2893,2345
8517,3674,4511,8479,2473,1124
8517,3674,4511,7241,1581,2083
8517,3674,4511,4155,6569,8
8517,3674,4511,197,9433,542
8517,3674,4511,9316,1714,3336
8517,3674,4511,4523,2676,5004
8517,3674,4511,1026,6628,2841
8517,3674,4511,8363,2365,7179
8517,3674,4511,2558,6715,5136
8517,3674,4511,9617,5627,2724
8517,3674,4511,8019,4248,7578
8517,3674,4511,369,220,7729
8517,3674,4511,7144,8510,6230
8517,3674,4511,3390,9422,1355
8517,3674,4511,7012,4557,7078
8517,3674,4511,4423,1353,723
8517,3674,4511,9796,2420,8601
8517,3674,4511,4819,1805,2230
8517,3674,4511,1934,9748,1751
8517,3674,4511,7682,5105,4226
8517,3674,4511,5387,9380,3759
8517,3674,4511,2731,6677,917
8517,3674,4511,5302,5742,7454
8517,3674,4511,1636,1093,7874
8517,3674,4511,9149,5590,9279
8517,3674,4511,6772,1009,1708
8517,3674,4511,412,6459,865
8517,3674,4511,102,1917,838
8517,3674,4511,1010,904,3876
8517,3674,4511,7687,5133,7441
8517,3674,4511,2358,1587,5284
8517,3674,4511,8662,1697,8956
8517,3674,4511,4251,4325,6383
8517,3674,4511,4353,3903,1419
8517,3674,4511,7264,3180,815
8517,3674,4511,2229,1681,9813
8517,3674,4511,1374,7900,8690
8517,3674,4511,8643,9062,398
8517,3674,4511,3275,3169,4093
8517,3674,4511,791,4228,229
8517,3674,4511,5116,7262,7411
8517,3674,4511,8321,4742,5116
8517,3674,4511,1110,9909,9867
8517,3674,4511,5775,2004,6334
8517,3674,4511,6995,4281,7418
8517,3674,4511,7615,9500,3273
8517,3674,4511,764,3467,3032
8517,3674,4511,9041,9386,7399
8517,3674,4511,880,368,3416
8517,3674,4511,9269,5894,9328
8517,3674,4511,8680,5116,29
8517,3674,4511,2874,2258,9896
8517,3674,4511,3795,1909,7492
8517,3674,4511,2357,1879,6989
8517,3674,4511,6918,4635,1905
8517,3674,4511,8339,4634,2678
8517,3674,4511,1610,2452,3253
8517,3674,4511,2771,8706,7428
8517,3674,4511,53,3450,4338
8517,3674,4511,6473,2315,9288
8517,3674,4511,3718,9494,7314
8517,3674,4511,6519,8962,5097
8517,3674,4511,8887,6153,1768
8517,3674,4511,3904,6696,4880
8517,3674,4511,8774,4971,7549
8517,3674,4511,7535,6731,581
8517,3674,4511,5626,3654,6376
8517,3674,4511,509,1233,8652
8517,3674,4511,4632,113,3712
8517,3674,4511,30,180,2104
8517,3674,4511,380,8666,6577
8517,3674,4511,5473,6806,9998
8517,3674,4511,2827,9326,322
8517,3674,4511,5822,9593,6022
8517,3674,4511,4076,4897,5911
8517,3674,4511,6491,5675,7715
8517,3674,4511,1903,554,6984
