758,9085,1549,2926,1218,2889
758,9085,1549,1384,7421,4794
758,9085,1549,4059,834,1622
758,9085,1549,9622,8767,6285
758,9085,1549,8513,3307,1716
758,9085,1549,6865,1628,8318
758,9085,1549,7824,5887,7971
758,9085,1549,2949,1227,9085
758,9085,1549,4414,3867,253
758,9085,1549,2712,5305,1926
758,9085,1549,3382,5885,827
758,9085,1549,4923,3541,5501
758,9085,1549,711,8969,487
758,9085,1549,2392,9183,3157
758,9085,1549,3988,3606,9971
758,9085,1549,6436,6559,2628
758,9085,1549,2069,7508,7395
758,9085,1549,8468,7712,4556
758,9085,1549,5613,6959,4417
758,9085,1549,9189,3715,8067
758,9085,1549,4165,7812,3643
758,9085,1549,1112,4524,4258
758,9085,1549,1525,2157,9213
758,9085,1549,2723,5737,2040
758,9085,1549,9099,316,3303
758,9085,1549,5414,1875,8835
758,9085,1549,1511,8315,3421
758,9085,1549,9081,6146,8023
758,9085,1549,6266,828,9570
758,9085,1549,6809,339,4047
758,9085,1549,4841,4910,7451
758,9085,1549,7300,3283,8208
758,9085,1549,3259,132,1926
758,9085,1549,1630,8264,5516
758,9085,1549,4344,4177,5336
758,9085,1549,8215,169,8129
758,9085,1549,1328,8859,2397
758,9085,1549,2467,2030,897
758,9085,1549,7232,8934,6327
758,9085,1549,1484,9577,558
758,9085,1549,3174,4462,5015
758,9085,1549,230,9659,3745
758,9085,1549,1055,5165,8967
758,9085,1549,9795,3551,1799
758,9085,1549,958,2320,8608
758,9085,1549,8607,2036,276
758,9085,1549,704,3123,4992
758,9085,1549,8951,6361,4161
758,9085,1549,5938,6184,8834
758,9085,1549,3297,5571,8991
758,9085,1549,8046,195,8846
758,9085,1549,1168,2018,3383
758,9085,1549,7039,8300,6847
758,9085,1549,1247,8372,2432
758,9085,1549,3796,5628,2865
758,9085,1549,6561,3935,8969
758,9085,1549,6192,5089,7864
758,9085,1549,1899,6489,8904
758,9085,1549,5301,7124,3032
758,9085,1549,551,7831,5366
758,9085,1549,4949,1822,6557
758,9085,1549,1468,5370,5919
758,9085,1549,8081,8724,1044
758,9085,1549,1190,7499,694
758,9085,1549,5656,7020,4799
758,9085,1549,3637,1860,9885
758,9085,1549,596,4131,8852
758,9085,1549,2579,766,3216
758,9085,1549,5444,2416,956
758,9085,1549,4860,6197,9279
758,9085,1549,2289,2536,2567
758,9085,1549,3376,868,3170
758,9085,1549,3338,757,28
758,9085,1549,2600,7707,7562
758,9085,1549,205,37,3174
758,9085,1549,6854,5823,3092
758,9085,1549,8847,7244,2619
758,9085,1549,163,9023,4714
758,9085,1549,5495,1513,5964
758,9085,1549,7585,2361,3392
758,9085,1549,9926,2330,3595
758,9085,1549,1634,1658,1068
758,9085,1549,6479,6685,7404
758,9085,1549,3080,6259,8586
758,9085,1549,4462,2602,7098
758,9085,1549,3804,7042,4468
758,9085,1549,8799,1087,4674
758,9085,1549,8826,9066,966
758,9085,1549,5038,9213,4568
758,9085,1549,3246,3513,7161
758,9085,1549,4443,2852,2862
758,9085,1549,5326,2788,1740
758,9085,1549,3552,1856,3011
758,9085,1549,5731,2748,142
758,9085,1549,2574,8940,1541
758,9085,1549,6624,8193,8450
758,9085,1549,9696,5397,9030
758,9085,1549,4645,8221,2980
758,9085,1549,783,8693,5379
758,9085,1549,6708,1124,7481
758,9085,1549,3095,7643,9486
758,9085,1549,2369,7484,3645
758,9085,1549,77,4483,9343
758,9085,1549,5507,6702,7442
758,9085,1549,7951,9349,242
758,9085,1549,3227,4324,9731
758,9085,1549,9350,1141,5176
758,9085,1549,5259,405,4132
758,9085,1549,9032,9228,9834
758,9085,1549,3314,6959,8464
758,9085,1549,7179,5765,735
758,9085,1549,4311,6506,4892
758,9085,1549,5418,308,6105
758,9085,1549,5173,2537,556
758,9085,1549,627,5807,2545
758,9085,1549,5838,754,1010
758,9085,1549,1338,6421,1529
758,9085,1549,297,7848,6278
758,9085,1549,8739,3182,6003
758,9085,1549,102,2243,2574
758,9085,1549,418,2151,395
758,9085,1549,4092,3522,8633
758,9085,1549,3786,3934,6966
758,9085,1549,7017,996,1706
758,9085,1549,6577,6064,6577
758,9085,1549,6445,2346,1244
758,9085,1549,7414,8464,790
758,9085,1549,8420,9675,5299
758,9085,1549,1973,4671,8821
758,9085,1549,581,9550,8476
758,9085,1549,9891,1865,4247
758,9085,1549,7102,7600,7103
758,9085,1549,2,4052,6863
758,9085,1549,7302,4882,5714
758,9085,1549,4082,8623,1185
758,9085,1549,9869,5441,2663
758,9085,1549,6229,3274,2249
758,9085,1549,136,5465,979
758,9085,1549,7209,1188,6602
758,9085,1549,6103,1745,6197
758,9085,1549,4923,9403,3570
758,9085,1549,2329,7003,9776
758,9085,1549,623,5733,6988
758,9085,1549,9253,759,315
758,9085,1549,4517,7629,4645
758,9085,1549,4318,3874,2645
758,9085,1549,3849,6373,1466
758,9085,1549,1066,7616,6513
758,9085,1549,4492,9551,4749
758,9085,1549,1757,5907,3378
758,9085,1549,6760,4853,7140
758,9085,1549,5282,875,3508
758,9085,1549,5901,7629,4565
758,9085,1549,9558,1809,2255
758,9085,1549,3356,2758,8517
758,9085,1549,7157,5487,4795
758,9085,1549,6760,4942,3938
758,9085,1549,4309,808,1876
758,9085,1549,7714,9451,8104
758,9085,1549,3458,4456,6248
758,9085,1549,5924,8968,2872
758,9085,1549,2881,4913,9863
758,9085,1549,3878,4987,1640
758,9085,1549,5355,3203,6607
758,9085,1549,6958,6598,846
758,9085,1549,717,6504,2426
758,9085,1549,2138,8110,2843
758,9085,1549,2454,5835,9416
758,9085,1549,279,5191,8031
758,9085,1549,7732,8463,2898
758,9085,1549,3982,5516,6732
758,9085,1549,6244,2250,455
758,9085,1549,4811,1242,4096
758,9085,1549,3962,2539,8446
758,9085,1549,7698,3552,6656
758,9085,1549,2664,5119,8926
758,9085,1549,2851,2876,5959
758,9085,1549,7805,4365,6154
758,9085,1549,8673,5359,6270
758,9085,1549,329,1183,3450
758,9085,1549,9661,3221,658
758,9085,1549,7512,7802,8777
758,9085,1549,1219,8759,118
758,9085,1549,2348,6156,3962
758,9085,1549,1966,6962,7550
758,9085,1549,6906,3646,9715
758,9085,1549,3516,9350,8062
758,9085,1549,4288,6120,2439
758,9085,1549,921,6629,9207
758,9085,1549,4842,3632,111
758,9085,1549,7730,1233,6241
758,9085,1549,4697,2841,8967
758,9085,1549,4189,9726,3341
758,9085,1549,8624,8836,697
758,9085,1549,9547,8416,4797
758,9085,1549,8798,9151,2128
758,9085,1549,8998,7980,2680
758,9085,1549,8630,691,6819
758,9085,1549,6560,8415,1515
758,9085,1549,1908,1914,6741
758,9085,1549,5232,8286,5250
758,9085,1549,9101,2254,7414
758,9085,1549,9624,5033,3721
758,9085,1549,8199,6570,7243
758,9085,1549,8538,7797,8280
758,9085,1549,8606,6067,4215
758,9085,1549,5815,9443,8886
758,9085,1549,1157,4766,5584
758,9085,1549,2886,3429,1023
758,9085,1549,561,9605,7341
758,9085,1549,4547,4869,5741
758,9085,1549,598,4850,6761
758,9085,1549,8269,5964,5264
758,9085,1549,2982,3959,6504
758,9085,1549,8959,4184,1460
758,9085,1549,2140,9705,6464
758,9085,1549,42,6643,6481
758,9085,1549,797,867,7885
758,9085,1549,8830,7263,1840
758,9085,1549,7284,8189,9753
758,9085,1549,6990,6800,3284
758,9085,1549,4497,3642,7450
758,9085,1549,7003,6616,3798
758,9085,1549,3585,5209,4131
758,9085,1549,7997,2206,4413
758,9085,1549,8728,9963,9687
758,9085,1549,6649,6377,6579
758,9085,1549,7993,1285,2440
758,9085,1549,4979,394,5662
758,9085,1549,5372,2721,1423
758,9085,1549,4083,7489,2558
758,9085,1549,5654,3838,208
758,9085,1549,3961,6959,4532
758,9085,1549,848,7687,7753
758,9085,1549,362,3862,7587
758,9085,1549,5975,3476,5415
758,9085,1549,851,4697,8690
758,9085,1549,8287,633,6980
758,9085,1549,7960,4343,4603
758,9085,1549,6450,5633,4184
758,9085,1549,1042,2010,7825
758,9085,1549,4569,6631,7797
758,9085,1549,7071,1791,569
758,9085,1549,695,6588,5023
758,9085,1549,7946,5717,1879
758,9085,1549,3398,9705,2577
758,9085,1549,4949,8771,6843
758,9085,1549,2370,8134,3335
758,9085,1549,8787,4142,7556
758,9085,1549,3859,7273,9832
758,9085,1549,8906,1261,6213
758,9085,1549,3836,6815,3700
758,9085,1549,5858,8476,551
758,9085,1549,402,9214,3052
758,9085,1549,5948,7477,1194
758,9085,1549,2861,3902,6430
758,9085,1549,9365,9026,2035
758,9085,1549,2999,1499,1838
758,9085,1549,3759,7280,7535
758,9085,1549,932,992,8681
758,9085,1549,7694,8143,2985
758,9085,1549,1054,2372,4815
758,9085,1549,930,6776,7735
758,9085,1549,9019,6490,6778
758,9085,1549,1993,2218,8685
758,9085,1549,9558,3428,6698
758,9085,1549,7118,1813,4795
758,9085,1549,8045,4436,2718
758,9085,1549,9926,4480,7094
758,9085,1549,4295,4869,4422
758,9085,1549,1397,1879,702
758,9085,1549,8358,467,1792
758,9085,1549,5012,9784,3730
758,9085,1549,7170,5172,9803
758,9085,1549,1594,8147,6373
758,9085,1549,458,2542,9767
758,9085,1549,7148,1231,9177
758,9085,1549,1125,7493,9750
758,9085,1549,8490,8957,6468
758,9085,1549,3395,1085,5306
758,9085,1549,7352,3938,8358
758,9085,1549,2411,4280,782
758,9085,1549,6570,1229,9198
758,9085,1549,9461,8630,5329
758,9085,1549,3628,5913,3010
758,9085,1549,8775,9668,4640
758,9085,1549,4453,615,1983
758,9085,1549,6955,1046,2284
758,9085,1549,9247,2186,7579
758,9085,1549,6193,1417,7402
758,9085,1549,5309,1016,6458
758,9085,1549,3297,3935,7225
758,9085,1549,6823,6148,5216
758,9085,1549,4608,1415,101
758,9085,1549,9353,5069,1537
758,9085,1549,6734,9710,1930
758,9085,1549,519,7429,2443
758,9085,1549,8618,5197,4749
758,9085,1549,790,4796,7568
758,9085,1549,6552,7345,54
758,9085,1549,7945,2658,6319
758,9085,1549,6252,5808,9295
758,9085,1549,4617,9617,4467
758,9085,1549,1401,5474,4710
758,9085,1549,5183,3982,4568
758,9085,1549,1012,357,7437
758,9085,1549,7519,7363,3682
758,9085,1549,9808,8547,7764
758,9085,1549,1075,5411,1925
758,9085,1549,2140,7794,1272
758,9085,1549,7938,7416,7249
758,9085,1549,2063,3169,1136
758,9085,1549,6584,5789,7190
758,9085,1549,261,9431,3744
758,9085,1549,6254,3839,2441
758,9085,1549,9214,4631,3488
758,9085,1549,1926,3810,2035
758,9085,1549,5891,1504,9668
758,9085,1549,5318,6426,5605
758,9085,1549,3870,4597,1176
758,9085,1549,366,9692,2932
758,9085,1549,3355,3657,9325
758,9085,1549,1301,3588,1683
758,9085,1549,7569,4363,8027
758,9085,1549,3808,8258,3526
758,9085,1549,8467,2237,1466
758,9085,1549,4396,757,4653
758,9085,1549,7138,8428,3017
758,9085,1549,6864,9561,8754
758,9085,1549,3149,2759,8254
758,9085,1549,3770,2219,3705
758,9085,1549,2292,1257,1076
758,9085,1549,7931,506,2988
758,9085,1549,7580,6688,3051
758,9085,1549,6190,3169,3594
758,9085,1549,9167,6084,9834
758,9085,1549,7337,4230,4097
758,9085,1549,2521,9189,1330
758,9085,1549,203,5841,1422
758,9085,1549,8356,9408,6943
758,9085,1549,5505,6873,2417
758,9085,1549,7215,3327,7927
758,9085,1549,3354,7330,810
758,9085,1549,4581,4766,9467
758,9085,1549,1223,1078,5543
758,9085,1549,4125,8944,2246
758,9085,1549,6773,8304,2457
758,9085,1549,7471,8170,8598
758,9085,1549,9392,7649,9459
758,9085,1549,663,5331,996
758,9085,1549,6398,1058,7620
758,9085,1549,47,8461,1818
758,9085,1549,7653,662,8175
758,9085,1549,6192,7724,1733
758,9085,1549,8183,9800,1953
758,9085,1549,8995,5370,7190
758,9085,1549,4664,6847,9324
758,9085,1549,7477,7189,6963
758,9085,1549,6745,8292,7375
758,9085,1549,4147,7967,6826
758,9085,1549,4713,8627,682
758,9085,1549,6682,6997,2029
758,9085,1549,6439,2330,3575
758,9085,1549,6997,9810,783
758,9085,1549,8329,1754,1068
758,9085,1549,4575,4386,2368
758,9085,1549,795,5769,6157
758,9085,1549,8763,9273,6877
758,9085,1549,531,2027,9690
758,9085,1549,5524,3860,5931
758,9085,1549,7887,6933,5983
758,9085,1549,334,9358,5779
758,9085,1549,4866,4511,3215
758,9085,1549,6554,8425,8403
758,9085,1549,4167,4438,9672
758,9085,1549,5583,753,3039
758,9085,1549,7099,1688,7593
758,9085,1549,2501,7453,2723
758,9085,1549,8338,2822,4731
758,9085,1549,9639,3040,45
758,9085,1549,9373,3371,3305
758,9085,1549,6835,9022,6363
758,9085,1549,4335,7091,1393
758,9085,1549,1318,8397,1648
758,9085,1549,7392,3168,3916
758,9085,1549,4116,4965,8009
758,9085,1549,9959,7096,3707
758,9085,1549,7464,916,682
758,9085,1549,390,2492,2877
758,9085,1549,5414,5830,2603
758,9085,1549,5806,6275,2606
758,9085,1549,5753,1106,8176
758,9085,1549,8276,6160,164
758,9085,1549,3459,438,6851
758,9085,1549,8530,9148,3019
758,9085,1549,3850,4560,5712
758,9085,1549,4911,1670,610
758,9085,1549,5110,4005,2003
758,9085,1549,8237,8840,9408
758,9085,1549,5193,3647,9114
758,9085,1549,579,301,7021
758,9085,1549,5565,9924,2861
758,9085,1549,8363,3436,2993
758,9085,1549,5744,3796,2572
758,9085,1549,7164,296,8429
758,9085,1549,5109,7707,4809
758,9085,1549,7972,9178,7083
758,9085,1549,6221,7602,4864
758,9085,1549,7167,8814,1740
758,9085,1549,7,1501,8347
758,9085,1549,719,798,5743
758,9085,1549,1635,7772,5516
758,9085,1549,6632,9563,420
758,9085,1549,1099,7257,8830
758,9085,1549,1326,8756,7245
758,9085,1549,83,902,374
758,9085,1549,2893,9978,20
758,9085,1549,5521,3246,2330
758,9085,1549,8595,7962,890
758,9085,1549,7314,7605,914
758,9085,1549,7779,9270,1861
758,9085,1549,38,4259,6221
758,9085,1549,1013,7325,4493
758,9085,1549,5386,616,9787
758,9085,1549,2674,1578,2369
758,9085,1549,8193,6488,1947
758,9085,1549,6560,9485,4493
758,9085,1549,5007,1343,3916
758,9085,1549,5829,7613,2690
758,9085,1549,8784,2595,843
758,9085,1549,5304,8022,7734
758,9085,1549,7183,7145,3909
758,9085,1549,3306,9646,1772
758,9085,1549,3698,3468,4344
758,9085,1549,9897,9558,876
758,9085,1549,4651,40,4387
758,9085,1549,5576,3984,7684
758,9085,1549,6468,680,5341
758,9085,1549,2495,2560,7999
758,9085,1549,6019,9181,6759
758,9085,1549,6561,7834,7030
758,9085,1549,3492,6179,5233
758,9085,1549,1631,8046,4612
758,9085,1549,2671,1102,5600
758,9085,1549,4291,2501,8060
758,9085,1549,8671,6216,8867
758,9085,1549,8863,11,1980
758,9085,1549,7492,2493,3314
758,9085,1549,252,8676,7343
758,9085,1549,8848,456,2689
758,9085,1549,1131,2684,1759
758,9085,1549,1671,5786,9072
758,9085,1549,6441,5516,3209
758,9085,1549,1160,6375,178
758,9085,1549,4740,7694,672
758,9085,1549,4416,3544,7492
758,9085,1549,6405,2197,6904
758,9085,1549,3603,2115,5871
758,9085,1549,7490,8056,7661
758,9085,1549,6566,6530,7327
758,9085,1549,9960,1182,1201
758,9085,1549,228,7280,2631
758,9085,1549,8184,3431,3761
758,9085,1549,1564,9281,8535
758,9085,1549,6650,2968,5235
758,9085,1549,4483,9895,8406
758,9085,1549,8365,3267,8758
758,9085,1549,3116,2610,483
758,9085,1549,5540,388,9399
758,9085,1549,931,2424,6113
758,9085,1549,9477,1850,5354
758,9085,1549,1569,9854,5803
758,9085,1549,3550,2049,3767
758,9085,1549,4984,5252,3833
758,9085,1549,8911,9467,9417
758,9085,1549,3349,5820,6516
758,9085,1549,6838,6365,7268
758,9085,1549,178,6521,7422
758,9085,1549,9400,682,2654
758,9085,1549,1852,3833,3101
758,9085,1549,1409,8353,6152
758,9085,1549,2000,2100,8735
758,9085,1549,7167,9593,1160
758,9085,1549,9338,6882,8149
758,9085,1549,1920,9422,5974
758,9085,1549,7240,7507,9544
758,9085,1549,6392,6212,7203
758,9085,1549,9964,679,6724
758,9085,1549,1887,3292,7881
758,9085,1549,3249,6300,3749
758,9085,1549,7082,4023,9008
758,9085,1549,7012,6306,1253
758,9085,1549,7830,8312,2434
758,9085,1549,5734,4685,1535
758,9085,1549,163,7545,1856
758,9085,1549,1552,8838,4397
758,9085,1549,6064,2799,8006
758,9085,1549,8859,5232,8457
758,9085,1549,1865,2711,4791
758,9085,1549,3347,5065,2173
758,9085,1549,3120,3157,4608
758,9085,1549,7858,3417,433
758,9085,1549,9558,3230,430
758,9085,1549,382,5209,3662
758,9085,1549,3817,18,1169
758,9085,1549,3187,9017,9751
758,9085,1549,9972,6724,7459
758,9085,1549,7360,6224,570
758,9085,1549,9838,2574,331
758,9085,1549,3858,5140,5221
