9814,5542,4716,1300,5047,1512
9814,5542,4716,9486,1607,1258
9814,5542,4716,3735,9250,5327
9814,5542,4716,490,2518,1286
9814,5542,4716,3509,3513,2027
9814,5542,4716,9031,5881,1343
9814,5542,4716,3908,5882,9974
9814,5542,4716,242,5673,8803
9814,5542,4716,4243,3756,5187
9814,5542,4716,7483,3997,2719
9814,5542,4716,2313,4514,1164
9814,5542,4716,6307,2464,3916
9814,5542,4716,8319,4967,7178
9814,5542,4716,9783,2577,582
9814,5542,4716,4286,671,5155
9814,5542,4716,1048,525,3804
9814,5542,4716,7659,4698,476
9814,5542,4716,5795,590,1716
9814,5542,4716,7277,3801,1587
9814,5542,4716,4589,4791,3378
9814,5542,4716,998,5312,1391
9814,5542,4716,1805,7058,6973
9814,5542,4716,6172,6204,8953
9814,5542,4716,5836,3225,8304
9814,5542,4716,2043,7936,4528
9814,5542,4716,6286,7118,5952
9814,5542,4716,9357,2923,9310
9814,5542,4716,7856,7119,2976
9814,5542,4716,9492,5218,7769
9814,5542,4716,5945,6720,9743
9814,5542,4716,8253,3850,8643
9814,5542,4716,9039,257,2226
9814,5542,4716,5109,958,4094
9814,5542,4716,3820,4686,4853
9814,5542,4716,6210,5249,1127
9814,5542,4716,4191,9533,298
9814,5542,4716,4839,9052,9461
9814,5542,4716,9169,5104,3272
9814,5542,4716,597,3000,2849
9814,5542,4716,8914,3112,655
9814,5542,4716,9020,9561,2944
9814,5542,4716,6561,123,8607
9814,5542,4716,9668,122,3958
9814,5542,4716,7735,5209,87
9814,5542,4716,6339,6179,5765
9814,5542,4716,2780,2293,795
9814,5542,4716,7898,4075,3403
9814,5542,4716,6046,3975,1008
9814,5542,4716,5874,8696,6071
9814,5542,4716,8042,7515,4081
9814,5542,4716,6330,7438,1960
9814,5542,4716,7009,800,6425
9814,5542,4716,6139,4753,2137
9814,5542,4716,7195,5272,2585
9814,5542,4716,3728,8294,5464
9814,5542,4716,4559,5833,4898
9814,5542,4716,3987,2352,818
9814,5542,4716,1084,4738,2003
9814,5542,4716,4696,2119,1726
9814,5542,4716,9912,3945,3472
9814,5542,4716,3697,2846,692
9814,5542,4716,7267,7900,6601
9814,5542,4716,8470,1012,6439
9814,5542,4716,8638,7076,7618
9814,5542,4716,642,9081,5199
9814,5542,4716,1264,3849,9276
9814,5542,4716,791,726,4248
9814,5542,4716,4338,7343,952
9814,5542,4716,7672,3180,7096
9814,5542,4716,3461,6981,2641
9814,5542,4716,6145,9329,5733
9814,5542,4716,6957,5595,8218
9814,5542,4716,2218,3541,473
9814,5542,4716,3731,2839,5085
9814,5542,4716,6292,4908,1180
9814,5542,4716,5786,3292,3329
9814,5542,4716,3235,2320,8768
9814,5542,4716,5413,2258,3376
9814,5542,4716,3116,5288,8044
9814,5542,4716,8139,9110,810
9814,5542,4716,7501,2677,805
9814,5542,4716,11,3823,1524
9814,5542,4716,8513,4858,3488
9814,5542,4716,2956,4441,5527
9814,5542,4716,1373,8047,8366
9814,5542,4716,8723,9961,5192
9814,5542,4716,366,4509,6178
9814,5542,4716,1729,5016,9086
9814,5542,4716,1784,9425,3805
9814,5542,4716,1134,7067,8335
9814,5542,4716,8756,818,2701
9814,5542,4716,856,8551,2663
9814,5542,4716,5738,93,1797
9814,5542,4716,3726,7289,2579
9814,5542,4716,7181,6530,2383
9814,5542,4716,9527,1222,6359
9814,5542,4716,7462,3356,6562
9814,5542,4716,4645,2240,2382
9814,5542,4716,4135,688,1189
9814,5542,4716,3263,9061,4325
9814,5542,4716,5133,6153,1226
9814,5542,4716,3311,2883,3033
9814,5542,4716,3949,2705,7322
9814,5542,4716,8705,2026,1488
9814,5542,4716,6860,3365,2541
9814,5542,4716,7297,7601,6130
9814,5542,4716,6808,4469,8771
9814,5542,4716,9607,5906,8960
9814,5542,4716,8557,2246,2067
9814,5542,4716,2327,6425,7768
9814,5542,4716,7640,165,1722
9814,5542,4716,6419,2065,4291
9814,5542,4716,6939,4602,1799
9814,5542,4716,2080,9730,9417
9814,5542,4716,4487,7025,7981
9814,5542,4716,5717,9331,6759
9814,5542,4716,7311,3373,9374
9814,5542,4716,2240,2411,9394
9814,5542,4716,7717,6800,9544
9814,5542,4716,9331,9091,6621
9814,5542,4716,1952,6632,1978
9814,5542,4716,797,7510,3210
9814,5542,4716,9318,6530,6751
9814,5542,4716,7857,5346,1703
9814,5542,4716,9788,8218,4520
9814,5542,4716,4830,7932,6090
9814,5542,4716,4243,6239,3441
9814,5542,4716,3312,8593,8820
9814,5542,4716,8790,169,5009
9814,5542,4716,9367,5017,2712
9814,5542,4716,5041,1539,6513
9814,5542,4716,9329,6089,3401
9814,5542,4716,9339,437,2549
9814,5542,4716,5184,3832,8804
9814,5542,4716,2572,932,4918
9814,5542,4716,3470,9402,8022
9814,5542,4716,8990,9998,9174
9814,5542,4716,3705,5171,1302
9814,5542,4716,5701,331,2703
9814,5542,4716,9618,1443,6591
9814,5542,4716,2053,6715,926
9814,5542,4716,2351,7126,4598
9814,5542,4716,9668,1273,3585
9814,5542,4716,7431,8407,2089
9814,5542,4716,7260,7306,3339
9814,5542,4716,173,9037,4442
9814,5542,4716,5212,5117,9242
9814,5542,4716,2153,4908,6248
9814,5542,4716,5575,7942,4768
9814,5542,4716,2224,859,7980
9814,5542,4716,8801,9189,3098
9814,5542,4716,4853,9526,2919
9814,5542,4716,9005,5569,6611
9814,5542,4716,9559,4034,5055
9814,5542,4716,2536,2906,4932
9814,5542,4716,3440,9207,3742
9814,5542,4716,4086,5748,1797
9814,5542,4716,8280,7916,4392
9814,5542,4716,6740,1718,9998
9814,5542,4716,2299,6989,7677
9814,5542,4716,7784,5694,2709
9814,5542,4716,5836,6460,3393
9814,5542,4716,6698,7360,1254
9814,5542,4716,169,1889,4931
9814,5542,4716,3554,5756,5303
9814,5542,4716,6191,1804,8849
9814,5542,4716,3816,2619,2263
9814,5542,4716,4335,4874,8862
9814,5542,4716,8048,3670,7561
9814,5542,4716,3980,3300,7384
9814,5542,4716,4420,4865,2412
9814,5542,4716,3552,3508,4150
9814,5542,4716,2252,5769,1687
9814,5542,4716,1323,943,9936
9814,5542,4716,5289,9351,1063
9814,5542,4716,7377,1720,7765
9814,5542,4716,5760,5884,1631
9814,5542,4716,7458,4453,1013
9814,5542,4716,2989,1182,1505
9814,5542,4716,282,5315,9771
9814,5542,4716,9639,5534,7033
9814,5542,4716,6759,7680,5417
9814,5542,4716,9959,4633,3959
9814,5542,4716,5529,5178,116
9814,5542,4716,4026,9503,6451
9814,5542,4716,1879,2875,6581
9814,5542,4716,3305,5632,6938
9814,5542,4716,2036,770,6897
9814,5542,4716,5539,1284,1629
9814,5542,4716,5472,7810,5098
9814,5542,4716,1159,1336,308
9814,5542,4716,4961,3225,68
9814,5542,4716,7274,230,3495
9814,5542,4716,4109,4088,4741
9814,5542,4716,5763,2137,4640
9814,5542,4716,1258,5990,5362
9814,5542,4716,5526,8208,333
9814,5542,4716,204,8512,2145
9814,5542,4716,7152,5319,9457
9814,5542,4716,5329,6780,410
9814,5542,4716,3456,4555,4159
9814,5542,4716,9311,3847,7297
9814,5542,4716,6109,6441,8613
9814,5542,4716,4723,3953,757
9814,5542,4716,2489,6327,7705
9814,5542,4716,9929,8816,3917
9814,5542,4716,2233,868,815
9814,5542,4716,4234,5223,5364
9814,5542,4716,4947,9147,1930
9814,5542,4716,6710,5430,3758
9814,5542,4716,7510,7293,6899
9814,5542,4716,3877,6675,6255
9814,5542,4716,4483,1977,7857
9814,5542,4716,6319,6516,5894
9814,5542,4716,8573,8920,6322
9814,5542,4716,9701,4154,370
9814,5542,4716,5761,854,1865
9814,5542,4716,1904,1545,1905
9814,5542,4716,8479,3458,4161
9814,5542,4716,6122,4562,1491
9814,5542,4716,6399,3606,1534
9814,5542,4716,1043,2957,6699
9814,5542,4716,5212,7996,6078
9814,5542,4716,4869,1691,448
9814,5542,4716,3107,5866,4346
9814,5542,4716,5221,4837,4644
9814,5542,4716,6760,1122,5722
9814,5542,4716,4531,6211,698
9814,5542,4716,259,6077,9011
9814,5542,4716,8977,2555,6585
9814,5542,4716,5936,2688,2953
9814,5542,4716,2539,4400,6378
9814,5542,4716,7777,3976,7656
9814,5542,4716,3183,5215,4809
9814,5542,4716,4388,8664,1637
9814,5542,4716,4059,1490,5835
9814,5542,4716,1793,4176,9667
9814,5542,4716,3746,2970,8225
9814,5542,4716,7889,1806,3283
9814,5542,4716,9648,528,7244
9814,5542,4716,708,694,5756
9814,5542,4716,5079,3765,3008
9814,5542,4716,2440,7887,5873
9814,5542,4716,6366,4580,7692
9814,5542,4716,349,1152,3172
9814,5542,4716,9541,5466,6050
9814,5542,4716,3778,451,6415
9814,5542,4716,9184,3430,5830
9814,5542,4716,6731,1978,3388
9814,5542,4716,9160,4242,4677
9814,5542,4716,3097,8555,8717
9814,5542,4716,3217,1355,9345
9814,5542,4716,2897,4911,2889
9814,5542,4716,5746,1540,3151
9814,5542,4716,7247,1564,900
9814,5542,4716,2465,3929,7346
9814,5542,4716,4194,7892,1872
9814,5542,4716,3073,1483,9309
9814,5542,4716,4392,2732,2637
9814,5542,4716,6940,2503,1515
9814,5542,4716,7491,9433,6757
9814,5542,4716,9482,9737,363
9814,5542,4716,769,5694,90
9814,5542,4716,2514,8833,4567
9814,5542,4716,986,2768,1545
9814,5542,4716,7267,9951,2997
9814,5542,4716,4094,8760,6335
9814,5542,4716,1136,4883,4914
9814,5542,4716,3219,2651,7213
9814,5542,4716,7242,6732,105
9814,5542,4716,2597,6741,4534
9814,5542,4716,5050,4320,3939
9814,5542,4716,8860,2992,2635
9814,5542,4716,7088,4683,6358
9814,5542,4716,237,1404,189
9814,5542,4716,3116,8904,2933
9814,5542,4716,9636,1373,3328
9814,5542,4716,7983,3441,4690
9814,5542,4716,7086,5205,149
9814,5542,4716,9571,1789,9167
9814,5542,4716,9699,4795,4335
9814,5542,4716,9109,6546,3803
9814,5542,4716,5441,6321,9121
9814,5542,4716,1118,4942,1931
9814,5542,4716,7903,7552,9832
9814,5542,4716,4159,7798,6701
9814,5542,4716,7755,6926,4158
9814,5542,4716,1377,5642,7302
9814,5542,4716,9403,4138,9631
9814,5542,4716,1146,9755,7170
9814,5542,4716,3327,9004,1777
9814,5542,4716,6625,886,6501
9814,5542,4716,5869,6694,4186
9814,5542,4716,5967,6064,6666
9814,5542,4716,9259,5005,6932
9814,5542,4716,2445,447,7278
9814,5542,4716,4550,175,6785
9814,5542,4716,2780,7939,8485
9814,5542,4716,4980,2502,8263
9814,5542,4716,8679,4954,9807
9814,5542,4716,5958,8164,3559
9814,5542,4716,6439,2226,1994
9814,5542,4716,7505,2781,66
9814,5542,4716,1865,1107,9683
9814,5542,4716,7287,2137,3012
9814,5542,4716,7075,283,1855
9814,5542,4716,739,3527,5072
9814,5542,4716,1947,686,1145
9814,5542,4716,4637,7412,1973
9814,5542,4716,3754,2585,7993
9814,5542,4716,798,4842,1453
9814,5542,4716,1524,1592,6169
9814,5542,4716,8093,3430,4867
9814,5542,4716,9007,7123,3129
9814,5542,4716,192,2346,6234
9814,5542,4716,4275,8319,4894
9814,5542,4716,9556,1741,3452
9814,5542,4716,8167,6693,3098
9814,5542,4716,8482,3188,3459
9814,5542,4716,5123,6595,4861
9814,5542,4716,1434,8866,4771
9814,5542,4716,4081,1664,3963
9814,5542,4716,506,1494,4590
9814,5542,4716,7935,1433,6556
9814,5542,4716,3484,2839,1096
9814,5542,4716,1752,6064,2280
9814,5542,4716,3982,5279,9269
9814,5542,4716,882,6373,5182
9814,5542,4716,2015,7454,1902
9814,5542,4716,2076,4467,527
9814,5542,4716,7378,6905,5656
9814,5542,4716,9594,9299,3026
9814,5542,4716,1377,4570,4670
9814,5542,4716,6899,178,6312
9814,5542,4716,637,5582,5112
9814,5542,4716,9475,4387,3206
9814,5542,4716,8348,236,2454
9814,5542,4716,8503,8466,4321
9814,5542,4716,9363,1296,3103
9814,5542,4716,3892,6635,7000
9814,5542,4716,603,2099,2226
9814,5542,4716,4284,8173,7377
9814,5542,4716,9866,4886,7625
9814,5542,4716,5687,4947,7026
9814,5542,4716,6483,3838,1698
9814,5542,4716,1065,597,5772
9814,5542,4716,5028,2375,3715
9814,5542,4716,561,1836,7126
9814,5542,4716,401,8129,8391
9814,5542,4716,8527,4526,8876
9814,5542,4716,4691,7724,6842
9814,5542,4716,6495,3622,4354
9814,5542,4716,7265,1340,8742
9814,5542,4716,5158,3857,6934
9814,5542,4716,9241,7877,6445
9814,5542,4716,9741,7430,2023
9814,5542,4716,5910,6448,229
9814,5542,4716,1424,6246,5975
9814,5542,4716,9324,2782,9678
9814,5542,4716,2382,4560,9413
9814,5542,4716,2926,1218,2889
9814,5542,4716,1384,7421,4794
9814,5542,4716,4059,834,1622
9814,5542,4716,9622,8767,6285
9814,5542,4716,8513,3307,1716
9814,5542,4716,6865,1628,8318
9814,5542,4716,7824,5887,7971
9814,5542,4716,2949,1227,9085
9814,5542,4716,4414,3867,253
9814,5542,4716,2712,5305,1926
9814,5542,4716,3382,5885,827
9814,5542,4716,4923,3541,5501
9814,5542,4716,711,8969,487
9814,5542,4716,2392,9183,3157
9814,5542,4716,3988,3606,9971
9814,5542,4716,6436,6559,2628
9814,5542,4716,2069,7508,7395
9814,5542,4716,8468,7712,4556
9814,5542,4716,5613,6959,4417
9814,5542,4716,9189,3715,8067
9814,5542,4716,4165,7812,3643
9814,5542,4716,1112,4524,4258
9814,5542,4716,1525,2157,9213
9814,5542,4716,2723,5737,2040
9814,5542,4716,9099,316,3303
9814,5542,4716,5414,1875,8835
9814,5542,4716,1511,8315,3421
9814,5542,4716,9081,6146,8023
9814,5542,4716,6266,828,9570
9814,5542,4716,6809,339,4047
9814,5542,4716,4841,4910,7451
9814,5542,4716,7300,3283,8208
9814,5542,4716,3259,132,1926
9814,5542,4716,1630,8264,5516
9814,5542,4716,4344,4177,5336
9814,5542,4716,8215,169,8129
9814,5542,4716,1328,8859,2397
9814,5542,4716,2467,2030,897
9814,5542,4716,7232,8934,6327
9814,5542,4716,1484,9577,558
9814,5542,4716,3174,4462,5015
9814,5542,4716,230,9659,3745
9814,5542,4716,1055,5165,8967
9814,5542,4716,9795,3551,1799
9814,5542,4716,958,2320,8608
9814,5542,4716,8607,2036,276
9814,5542,4716,704,3123,4992
9814,5542,4716,8951,6361,4161
9814,5542,4716,5938,6184,8834
9814,5542,4716,3297,5571,8991
9814,5542,4716,8046,195,8846
9814,5542,4716,1168,2018,3383
9814,5542,4716,7039,8300,6847
9814,5542,4716,1247,8372,2432
9814,5542,4716,3796,5628,2865
9814,5542,4716,6561,3935,8969
9814,5542,4716,6192,5089,7864
9814,5542,4716,1899,6489,8904
9814,5542,4716,5301,7124,3032
9814,5542,4716,551,7831,5366
9814,5542,4716,4949,1822,6557
9814,5542,4716,1468,5370,5919
9814,5542,4716,8081,8724,1044
9814,5542,4716,1190,7499,694
9814,5542,4716,5656,7020,4799
9814,5542,4716,3637,1860,9885
9814,5542,4716,596,4131,8852
9814,5542,4716,2579,766,3216
9814,5542,4716,5444,2416,956
9814,5542,4716,4860,6197,9279
9814,5542,4716,2289,2536,2567
9814,5542,4716,3376,868,3170
9814,5542,4716,3338,757,28
9814,5542,4716,2600,7707,7562
9814,5542,4716,205,37,3174
9814,5542,4716,6854,5823,3092
9814,5542,4716,8847,7244,2619
9814,5542,4716,163,9023,4714
9814,5542,4716,5495,1513,5964
9814,5542,4716,7585,2361,3392
9814,5542,4716,9926,2330,3595
9814,5542,4716,1634,1658,1068
9814,5542,4716,6479,6685,7404
9814,5542,4716,3080,6259,8586
9814,5542,4716,4462,2602,7098
9814,5542,4716,3804,7042,4468
9814,5542,4716,8799,1087,4674
9814,5542,4716,8826,9066,966
9814,5542,4716,5038,9213,4568
9814,5542,4716,3246,3513,7161
9814,5542,4716,4443,2852,2862
9814,5542,4716,5326,2788,1740
9814,5542,4716,3552,1856,3011
9814,5542,4716,5731,2748,142
9814,5542,4716,2574,8940,1541
9814,5542,4716,6624,8193,8450
9814,5542,4716,9696,5397,9030
9814,5542,4716,4645,8221,2980
9814,5542,4716,783,8693,5379
9814,5542,4716,6708,1124,7481
9814,5542,4716,3095,7643,9486
9814,5542,4716,2369,7484,3645
9814,5542,4716,77,4483,9343
9814,5542,4716,5507,6702,7442
9814,5542,4716,7951,9349,242
9814,5542,4716,3227,4324,9731
9814,5542,4716,9350,1141,5176
9814,5542,4716,5259,405,4132
9814,5542,4716,9032,9228,9834
9814,5542,4716,3314,6959,8464
9814,5542,4716,7179,5765,735
9814,5542,4716,4311,6506,4892
9814,5542,4716,5418,308,6105
9814,5542,4716,5173,2537,556
9814,5542,4716,627,5807,2545
9814,5542,4716,5838,754,1010
9814,5542,4716,1338,6421,1529
9814,5542,4716,297,7848,6278
9814,5542,4716,8739,3182,6003
9814,5542,4716,102,2243,2574
9814,5542,4716,418,2151,395
9814,5542,4716,4092,3522,8633
9814,5542,4716,3786,3934,6966
9814,5542,4716,7017,996,1706
9814,5542,4716,6577,6064,6577
9814,5542,4716,6445,2346,1244
9814,5542,4716,7414,8464,790
9814,5542,4716,8420,9675,5299
9814,5542,4716,1973,4671,8821
9814,5542,4716,581,9550,8476
9814,5542,4716,9891,1865,4247
9814,5542,4716,7102,7600,7103
9814,5542,4716,2,4052,6863
9814,5542,4716,7302,4882,5714
9814,5542,4716,4082,8623,1185
9814,5542,4716,9869,5441,2663
9814,5542,4716,6229,3274,2249
9814,5542,4716,136,5465,979
9814,5542,4716,7209,1188,6602
9814,5542,4716,6103,1745,6197
9814,5542,4716,4923,9403,3570
9814,5542,4716,2329,7003,9776
9814,5542,4716,623,5733,6988
9814,5542,4716,9253,759,315
9814,5542,4716,4517,7629,4645
9814,5542,4716,4318,3874,2645
9814,5542,4716,3849,6373,1466
9814,5542,4716,1066,7616,6513
9814,5542,4716,4492,9551,4749
9814,5542,4716,1757,5907,3378
