7022,7899,2504,2041,6577,5730
7022,7899,2504,6914,5907,7269
7022,7899,2504,8235,4175,6879
7022,7899,2504,2398,7478,9378
7022,7899,2504,2190,7422,9456
7022,7899,2504,2426,5943,4218
7022,7899,2504,7850,3439,408
7022,7899,2504,6298,623,6970
7022,7899,2504,8185,8300,8273
7022,7899,2504,4583,9879,5800
7022,7899,2504,3472,7225,5264
7022,7899,2504,3656,4456,9831
7022,7899,2504,2522,1838,1124
7022,7899,2504,8070,9032,9234
7022,7899,2504,1830,3697,2040
7022,7899,2504,5619,2024,3047
7022,7899,2504,1370,228,2845
7022,7899,2504,2444,968,8364
7022,7899,2504,482,4953,982
7022,7899,2504,5998,5069,1486
7022,7899,2504,4997,6853,692
7022,7899,2504,4118,5550,3640
7022,7899,2504,8498,8067,8725
7022,7899,2504,334,5870,597
7022,7899,2504,527,2957,7349
7022,7899,2504,5290,940,2370
7022,7899,2504,7129,9516,3464
7022,7899,2504,3351,37,4455
7022,7899,2504,8832,1570,7894
7022,7899,2504,2298,285,3700
7022,7899,2504,3705,1842,1874
7022,7899,2504,8722,5465,9216
7022,7899,2504,270,6043,3483
7022,7899,2504,7939,9783,2551
7022,7899,2504,791,7410,8494
7022,7899,2504,8354,5870,9057
7022,7899,2504,6988,2001,1788
7022,7899,2504,4012,1178,5259
7022,7899,2504,7644,598,4995
7022,7899,2504,4689,1146,9933
7022,7899,2504,5470,4324,1713
7022,7899,2504,4658,963,838
7022,7899,2504,173,1090,1928
7022,7899,2504,4198,2641,4549
7022,7899,2504,8507,5467,7791
7022,7899,2504,485,7586,2406
7022,7899,2504,5693,7607,1744
7022,7899,2504,6785,5493,5042
7022,7899,2504,6815,8383,527
7022,7899,2504,5454,3680,9309
7022,7899,2504,9147,4050,6687
7022,7899,2504,162,1885,1629
7022,7899,2504,6758,3220,8912
7022,7899,2504,8670,4213,5005
7022,7899,2504,4231,2383,3183
7022,7899,2504,77,5140,7869
7022,7899,2504,2409,8979,2332
7022,7899,2504,3380,5200,2096
7022,7899,2504,1863,5677,8248
7022,7899,2504,7394,2295,5992
7022,7899,2504,9547,8864,3324
7022,7899,2504,504,9020,7922
7022,7899,2504,8592,1773,3569
7022,7899,2504,1370,7488,8886
7022,7899,2504,8572,761,6275
7022,7899,2504,5802,7433,5541
7022,7899,2504,7266,268,1598
7022,7899,2504,2820,2121,9497
7022,7899,2504,2490,6426,375
7022,7899,2504,1377,1850,5383
7022,7899,2504,4673,8421,7582
7022,7899,2504,9756,5917,3596
7022,7899,2504,3375,3835,3892
7022,7899,2504,9844,2446,1099
7022,7899,2504,8568,4866,1172
7022,7899,2504,1834,920,1939
7022,7899,2504,5070,787,3235
7022,7899,2504,1718,5639,6561
7022,7899,2504,663,7887,9775
7022,7899,2504,7471,4469,2846
7022,7899,2504,7347,8413,1294
7022,7899,2504,4962,622,9903
7022,7899,2504,2030,2324,1872
7022,7899,2504,6549,3567,4656
7022,7899,2504,1540,4489,150
7022,7899,2504,2656,7647,1408
7022,7899,2504,5326,9971,1499
7022,7899,2504,6966,6838,1404
7022,7899,2504,8003,8107,6283
7022,7899,2504,6434,508,8750
7022,7899,2504,1594,9560,6897
7022,7899,2504,2308,9549,2856
7022,7899,2504,8474,6935,6996
7022,7899,2504,3463,9950,9009
7022,7899,2504,2136,428,3799
7022,7899,2504,7944,3778,6338
7022,7899,2504,9580,5397,7561
7022,7899,2504,627,5496,7062
7022,7899,2504,9691,7111,9446
7022,7899,2504,6706,7244,4190
7022,7899,2504,2536,9855,2084
7022,7899,2504,9689,1781,7832
7022,7899,2504,8210,3294,4659
7022,7899,2504,296,3198,748
7022,7899,2504,2694,271,8892
7022,7899,2504,3409,7037,16
7022,7899,2504,9320,8438,7717
7022,7899,2504,6878,6870,9926
7022,7899,2504,9691,4485,9174
7022,7899,2504,7176,5912,494
7022,7899,2504,7505,2365,2831
7022,7899,2504,5076,9976,9321
7022,7899,2504,5483,546,2055
7022,7899,2504,8265,6927,46
7022,7899,2504,1902,9805,1707
7022,7899,2504,9845,460,5841
7022,7899,2504,5926,8366,3804
7022,7899,2504,4123,2305,1081
7022,7899,2504,1121,8824,6330
7022,7899,2504,8542,9681,8880
7022,7899,2504,7436,9190,7022
7022,7899,2504,154,7666,5942
7022,7899,2504,9409,9460,4086
7022,7899,2504,4150,2256,8403
7022,7899,2504,9998,9268,9155
7022,7899,2504,1625,210,1958
7022,7899,2504,6831,6583,1759
7022,7899,2504,1895,9274,8540
7022,7899,2504,5836,3825,7531
7022,7899,2504,3278,82,8876
7022,7899,2504,557,1317,367
7022,7899,2504,7475,6271,1732
7022,7899,2504,6123,1849,529
7022,7899,2504,2021,9034,176
7022,7899,2504,2393,6314,9615
7022,7899,2504,2104,219,7201
7022,7899,2504,58,6379,8231
7022,7899,2504,5540,8753,8485
7022,7899,2504,7925,6851,6155
7022,7899,2504,9426,6251,9732
7022,7899,2504,7494,2766,6581
7022,7899,2504,6862,3040,7839
7022,7899,2504,4539,2691,3340
7022,7899,2504,3,9901,4977
7022,7899,2504,4755,1949,3765
7022,7899,2504,9028,4521,8935
7022,7899,2504,9949,3923,1304
7022,7899,2504,1902,4381,435
7022,7899,2504,3502,4964,7350
7022,7899,2504,9574,4425,6373
7022,7899,2504,6959,3942,1318
7022,7899,2504,4051,2672,1426
7022,7899,2504,9368,9511,5083
7022,7899,2504,9805,7095,7263
7022,7899,2504,2851,1900,822
7022,7899,2504,9213,9861,6710
7022,7899,2504,7582,5798,6295
7022,7899,2504,7749,6920,2861
7022,7899,2504,8136,7391,5585
7022,7899,2504,6710,3062,8463
7022,7899,2504,6414,1685,9668
7022,7899,2504,6323,9065,7647
7022,7899,2504,5753,4687,2069
7022,7899,2504,373,4636,1312
7022,7899,2504,3055,3158,6812
7022,7899,2504,9565,7101,9761
7022,7899,2504,1980,4041,8068
7022,7899,2504,7720,7603,6066
7022,7899,2504,7113,1540,5514
7022,7899,2504,2480,5639,9759
7022,7899,2504,7888,8775,7823
7022,7899,2504,5982,1776,9842
7022,7899,2504,9938,7854,6235
7022,7899,2504,2052,3029,9287
7022,7899,2504,3028,9454,128
7022,7899,2504,4824,8754,7795
7022,7899,2504,8527,2237,9708
7022,7899,2504,3529,4170,902
7022,7899,2504,6275,2776,1743
7022,7899,2504,382,420,4141
7022,7899,2504,3501,9317,6193
7022,7899,2504,3150,2958,1839
7022,7899,2504,1498,4135,3837
7022,7899,2504,8724,5567,3640
7022,7899,2504,6818,4912,7935
7022,7899,2504,8915,6338,1230
7022,7899,2504,3893,7379,7495
7022,7899,2504,5152,9301,7680
7022,7899,2504,3436,7445,1904
7022,7899,2504,9787,3424,9010
7022,7899,2504,2512,5204,1668
7022,7899,2504,6977,949,7566
7022,7899,2504,6070,7469,9985
7022,7899,2504,5703,8465,4983
7022,7899,2504,1559,3643,9684
7022,7899,2504,9270,6791,2421
7022,7899,2504,6464,7673,370
7022,7899,2504,5610,9400,585
7022,7899,2504,1240,5836,4508
7022,7899,2504,3524,8337,2857
7022,7899,2504,2531,3202,8384
7022,7899,2504,1444,6373,9214
7022,7899,2504,2903,5376,635
7022,7899,2504,3387,9526,6200
7022,7899,2504,6331,6098,3490
7022,7899,2504,222,8763,6429
7022,7899,2504,1396,8426,2078
7022,7899,2504,6612,4412,5583
7022,7899,2504,2250,294,306
7022,7899,2504,9576,28,2274
7022,7899,2504,4797,6315,1241
7022,7899,2504,1929,2671,5159
7022,7899,2504,8867,6746,711
7022,7899,2504,9110,1317,96
7022,7899,2504,3977,8458,2600
7022,7899,2504,5491,4491,2259
7022,7899,2504,4599,6499,6440
7022,7899,2504,1629,8737,6613
7022,7899,2504,88,8809,523
7022,7899,2504,6808,3447,638
7022,7899,2504,4376,7967,951
7022,7899,2504,3988,3005,5544
7022,7899,2504,308,950,8356
7022,7899,2504,2740,2100,9278
7022,7899,2504,620,5522,8510
7022,7899,2504,2465,9820,465
7022,7899,2504,9119,3402,1440
7022,7899,2504,7717,3954,6967
7022,7899,2504,1542,1664,7405
7022,7899,2504,1289,6625,5827
7022,7899,2504,4775,3081,6874
7022,7899,2504,7042,6033,4692
7022,7899,2504,1342,2818,9786
7022,7899,2504,3296,4059,7552
7022,7899,2504,1099,7408,1467
7022,7899,2504,6685,8330,3412
7022,7899,2504,8373,799,1432
7022,7899,2504,819,1912,8135
7022,7899,2504,7376,9362,1096
7022,7899,2504,7808,6349,5351
7022,7899,2504,5207,5786,9726
7022,7899,2504,5520,916,1522
7022,7899,2504,5135,4227,2403
7022,7899,2504,4832,2948,2795
7022,7899,2504,8130,5847,7956
7022,7899,2504,4225,2022,70
7022,7899,2504,1056,3492,8426
7022,7899,2504,2357,8259,4475
7022,7899,2504,9770,2469,5848
7022,7899,2504,487,1854,7986
7022,7899,2504,4387,8190,7544
7022,7899,2504,8716,7928,3284
7022,7899,2504,4250,3886,4180
7022,7899,2504,8104,678,2018
7022,7899,2504,2859,5282,650
7022,7899,2504,1038,1592,9316
7022,7899,2504,4565,1610,4822
7022,7899,2504,3038,2707,2627
7022,7899,2504,2970,3271,5651
7022,7899,2504,7179,1658,8057
7022,7899,2504,364,9590,6962
7022,7899,2504,7246,2010,3657
7022,7899,2504,5808,658,2724
7022,7899,2504,9716,9607,7
7022,7899,2504,7107,8342,4387
7022,7899,2504,3149,3615,6718
7022,7899,2504,1230,8683,5539
7022,7899,2504,8896,6796,5707
7022,7899,2504,9981,9390,4731
7022,7899,2504,4167,911,6384
7022,7899,2504,7631,3183,9940
7022,7899,2504,3481,68,7968
7022,7899,2504,5690,590,1148
7022,7899,2504,877,3328,1802
7022,7899,2504,9180,4208,317
7022,7899,2504,4043,9898,8451
7022,7899,2504,1020,4321,2994
7022,7899,2504,2413,5823,8689
7022,7899,2504,9300,2994,4755
7022,7899,2504,3184,3368,2465
7022,7899,2504,6911,3568,1173
7022,7899,2504,1080,4135,300
7022,7899,2504,9366,1658,7767
7022,7899,2504,2311,3556,4840
7022,7899,2504,2566,8793,1826
7022,7899,2504,481,3816,897
7022,7899,2504,3071,85,4990
7022,7899,2504,5334,6759,2390
7022,7899,2504,7083,9609,2317
7022,7899,2504,9275,9054,8597
7022,7899,2504,9993,1567,7764
7022,7899,2504,2258,3969,109
7022,7899,2504,2626,7175,2441
7022,7899,2504,5697,9449,60
7022,7899,2504,9925,8946,7650
7022,7899,2504,3134,6451,9453
7022,7899,2504,3847,1731,8916
7022,7899,2504,893,168,2483
7022,7899,2504,1226,1487,8342
7022,7899,2504,5799,3311,5377
7022,7899,2504,2287,2870,7572
7022,7899,2504,936,714,37
7022,7899,2504,2348,5537,715
7022,7899,2504,2795,8404,612
7022,7899,2504,4592,4935,5216
7022,7899,2504,8413,1938,3269
7022,7899,2504,847,9369,9959
7022,7899,2504,4901,9733,2068
7022,7899,2504,2783,5951,7078
7022,7899,2504,2524,7261,2827
7022,7899,2504,8038,5646,1032
7022,7899,2504,595,4007,2160
7022,7899,2504,6731,6924,9274
7022,7899,2504,1061,8577,7211
7022,7899,2504,1197,8164,1463
7022,7899,2504,7666,1474,6983
7022,7899,2504,1838,7582,1747
7022,7899,2504,1420,862,3815
7022,7899,2504,512,7483,1492
7022,7899,2504,2115,7275,4386
7022,7899,2504,2723,2908,9744
7022,7899,2504,3810,3959,5221
7022,7899,2504,6241,1077,9804
7022,7899,2504,3065,1328,6419
7022,7899,2504,4921,7828,3203
7022,7899,2504,5477,1679,1728
7022,7899,2504,9511,1603,6083
7022,7899,2504,7192,8496,3761
7022,7899,2504,7010,3575,8430
7022,7899,2504,1804,8596,4360
7022,7899,2504,7604,3577,8093
7022,7899,2504,3718,3681,6661
7022,7899,2504,1776,686,9036
7022,7899,2504,141,2147,508
7022,7899,2504,1632,5206,7161
7022,7899,2504,5811,7960,2357
7022,7899,2504,9196,3738,1465
7022,7899,2504,6451,1854,6687
7022,7899,2504,7566,3289,3361
7022,7899,2504,5403,2258,8813
7022,7899,2504,1657,2589,4361
7022,7899,2504,509,7653,6548
7022,7899,2504,3531,6547,8008
7022,7899,2504,5542,453,2548
7022,7899,2504,2428,1044,6677
7022,7899,2504,9565,315,1932
7022,7899,2504,3730,4362,1090
7022,7899,2504,7468,651,9771
7022,7899,2504,9772,1837,9925
7022,7899,2504,434,7513,6528
7022,7899,2504,8623,2430,5493
7022,7899,2504,9429,7965,9059
7022,7899,2504,3716,8032,6376
7022,7899,2504,4109,9390,1801
7022,7899,2504,7417,6596,6357
7022,7899,2504,4600,1539,2941
7022,7899,2504,7012,4974,5629
7022,7899,2504,7176,7022,4574
7022,7899,2504,2571,2500,6005
7022,7899,2504,3087,7858,9557
7022,7899,2504,6921,9221,4646
7022,7899,2504,5212,1621,2971
7022,7899,2504,189,3293,8285
7022,7899,2504,146,3906,4946
7022,7899,2504,6815,310,4721
7022,7899,2504,3671,5211,1843
7022,7899,2504,5490,2137,7315
7022,7899,2504,8505,5646,2150
7022,7899,2504,770,7365,757
7022,7899,2504,1582,4336,3585
7022,7899,2504,330,187,6101
7022,7899,2504,8533,8513,9058
7022,7899,2504,4263,2669,4083
7022,7899,2504,2595,9404,259
7022,7899,2504,9218,6813,4021
7022,7899,2504,4666,4134,4901
7022,7899,2504,6436,4888,5978
7022,7899,2504,8232,6121,4811
7022,7899,2504,9849,2063,9092
7022,7899,2504,147,8105,5355
7022,7899,2504,1818,5144,6738
7022,7899,2504,1438,4793,5945
7022,7899,2504,5345,930,6257
7022,7899,2504,7762,7506,7757
7022,7899,2504,5888,2963,2802
7022,7899,2504,3190,5466,276
7022,7899,2504,5869,9766,4318
7022,7899,2504,4360,6243,329
7022,7899,2504,7436,4755,1333
7022,7899,2504,196,1564,6929
7022,7899,2504,3323,3332,7908
7022,7899,2504,2556,5655,777
7022,7899,2504,9905,8481,4525
7022,7899,2504,6190,9355,3948
7022,7899,2504,9360,6256,4286
7022,7899,2504,3052,4118,6812
7022,7899,2504,6257,4131,3374
7022,7899,2504,6899,6282,7020
7022,7899,2504,522,7087,9166
7022,7899,2504,3711,2803,7484
7022,7899,2504,9129,3670,8269
7022,7899,2504,2964,1515,7426
7022,7899,2504,6583,5972,2463
7022,7899,2504,9912,5284,7224
7022,7899,2504,1995,431,8353
7022,7899,2504,7445,2856,9198
7022,7899,2504,491,3377,2928
7022,7899,2504,5401,7273,6856
7022,7899,2504,328,9461,9358
7022,7899,2504,7545,9389,4799
7022,7899,2504,6762,2969,2245
7022,7899,2504,8766,2552,6969
7022,7899,2504,1520,6316,2387
7022,7899,2504,3560,2944,5854
7022,7899,2504,6164,2645,669
7022,7899,2504,3354,5538,9346
7022,7899,2504,1591,3080,2386
7022,7899,2504,7381,3535,2427
7022,7899,2504,6919,5993,1330
7022,7899,2504,1555,1120,1112
7022,7899,2504,9914,2212,5620
7022,7899,2504,1261,7745,2682
7022,7899,2504,1483,90,5504
7022,7899,2504,8424,4433,2639
7022,7899,2504,7286,3906,9530
7022,7899,2504,8840,6305,1456
7022,7899,2504,2618,3998,7889
7022,7899,2504,7069,9529,1073
7022,7899,2504,7515,2414,6802
7022,7899,2504,3384,9556,2473
7022,7899,2504,4225,6560,8866
7022,7899,2504,9989,5892,4375
7022,7899,2504,987,6897,8836
7022,7899,2504,1036,9202,6202
7022,7899,2504,7339,882,9925
7022,7899,2504,9825,5347,2066
7022,7899,2504,726,7058,793
7022,7899,2504,9031,2588,8431
7022,7899,2504,2034,6120,5159
7022,7899,2504,6716,9481,1014
7022,7899,2504,494,7513,659
7022,7899,2504,2613,5165,1945
7022,7899,2504,7997,8122,5624
7022,7899,2504,4153,9710,8945
7022,7899,2504,2308,9024,5633
7022,7899,2504,8011,3190,4724
7022,7899,2504,8914,6955,9792
7022,7899,2504,1710,9985,3158
7022,7899,2504,9778,5619,2682
7022,7899,2504,5651,9003,4221
7022,7899,2504,3074,1612,3382
7022,7899,2504,4268,1288,7559
7022,7899,2504,8801,1078,5534
7022,7899,2504,7783,7309,3705
7022,7899,2504,384,8846,9613
7022,7899,2504,9810,1902,424
7022,7899,2504,1566,4500,37
7022,7899,2504,5831,7389,4716
7022,7899,2504,453,3599,7765
7022,7899,2504,7561,8501,3907
7022,7899,2504,5621,1416,187
7022,7899,2504,8392,2106,701
7022,7899,2504,8444,4764,1619
7022,7899,2504,9646,2617,4805
7022,7899,2504,7456,1112,1784
7022,7899,2504,9209,51,6840
7022,7899,2504,3610,4378,4479
7022,7899,2504,2718,5364,9049
7022,7899,2504,4744,7410,6179
7022,7899,2504,2027,576,9338
7022,7899,2504,5661,9224,9633
7022,7899,2504,2995,14,564
7022,7899,2504,9425,370,2153
7022,7899,2504,9367,1756,9484
7022,7899,2504,2840,3568,8790
7022,7899,2504,3026,5333,2796
7022,7899,2504,8448,702,3840
7022,7899,2504,8133,2853,2489
7022,7899,2504,493,6940,4405
7022,7899,2504,8425,626,8622
7022,7899,2504,5229,9004,5054
7022,7899,2504,291,3787,9924
7022,7899,2504,513,4788,4634
7022,7899,2504,3896,5824,2248
7022,7899,2504,3195,9485,7085
7022,7899,2504,5148,9577,4365
7022,7899,2504,7812,974,3793
7022,7899,2504,5622,4746,9150
7022,7899,2504,9606,9368,9073
7022,7899,2504,8455,6012,7678
7022,7899,2504,2907,622,8161
7022,7899,2504,7265,6273,8209
7022,7899,2504,5294,7278,3255
7022,7899,2504,9438,9945,5423
7022,7899,2504,448,5177,1113
7022,7899,2504,8219,3547,1152
7022,7899,2504,2083,1560,7828
7022,7899,2504,4562,4531,3197
7022,7899,2504,6295,3778,6352
7022,7899,2504,7842,7062,8184
7022,7899,2504,3209,7028,3379
7022,7899,2504,8989,2033,2616
7022,7899,2504,421,4749,8521
7022,7899,2504,8161,5615,8049
7022,7899,2504,4922,6391,4456
7022,7899,2504,496,5600,170
7022,7899,2504,1710,4263,7287
7022,7899,2504,352,1275,302
7022,7899,2504,6074,6494,2322
7022,7899,2504,6581,7279,6681
