5507,1238,6645,8421,664,6665
5507,1238,6645,965,1239,4764
5507,1238,6645,2171,2500,4508
5507,1238,6645,4572,9920,4204
5507,1238,6645,219,4710,1754
5507,1238,6645,8685,2035,8066
5507,1238,6645,8807,5414,6095
5507,1238,6645,7988,7163,3049
5507,1238,6645,4626,8809,7620
5507,1238,6645,2978,3155,789
5507,1238,6645,2816,4699,8069
5507,1238,6645,641,5551,9334
5507,1238,6645,5408,495,1304
5507,1238,6645,2953,4203,9382
5507,1238,6645,1178,9275,3695
5507,1238,6645,4904,7287,5449
5507,1238,6645,694,516,2944
5507,1238,6645,1449,8493,4446
5507,1238,6645,2216,3842,9903
5507,1238,6645,475,8936,9320
5507,1238,6645,3308,6059,839
5507,1238,6645,1183,6604,9839
5507,1238,6645,1104,323,2087
5507,1238,6645,9513,2455,224
5507,1238,6645,3530,5922,6964
5507,1238,6645,6951,2616,102
5507,1238,6645,9150,1885,7574
5507,1238,6645,5270,9794,2046
5507,1238,6645,2939,7643,6496
5507,1238,6645,8841,1218,8147
5507,1238,6645,4579,8677,6191
5507,1238,6645,4936,2486,550
5507,1238,6645,6383,3287,9662
5507,1238,6645,7435,1829,6910
5507,1238,6645,1180,4341,1717
5507,1238,6645,1040,4481,1344
5507,1238,6645,5458,6877,8563
5507,1238,6645,4036,319,9224
5507,1238,6645,8460,7755,9287
5507,1238,6645,4231,5247,1483
5507,1238,6645,438,4446,2227
5507,1238,6645,7917,8993,3292
5507,1238,6645,3451,5394,3570
5507,1238,6645,5255,8619,706
5507,1238,6645,8123,3650,3530
5507,1238,6645,1171,7050,8714
5507,1238,6645,5399,8168,3249
5507,1238,6645,9003,5954,2246
5507,1238,6645,9661,6606,5816
5507,1238,6645,4466,735,7635
5507,1238,6645,1791,9483,7630
5507,1238,6645,7989,4865,5319
5507,1238,6645,4526,9269,9895
5507,1238,6645,8492,8315,222
5507,1238,6645,5956,5402,9693
5507,1238,6645,702,1460,5603
5507,1238,6645,9117,7045,9156
5507,1238,6645,9608,3963,3768
5507,1238,6645,2334,4345,6686
5507,1238,6645,1529,1924,2595
5507,1238,6645,5085,1301,9293
5507,1238,6645,8164,7997,1509
5507,1238,6645,9664,2407,5961
5507,1238,6645,9629,9071,4500
5507,1238,6645,838,4248,604
5507,1238,6645,5412,9169,5716
5507,1238,6645,2953,7690,7017
5507,1238,6645,6712,8050,2811
5507,1238,6645,6061,3749,9024
5507,1238,6645,6911,524,3547
5507,1238,6645,9813,7132,7916
5507,1238,6645,4969,4747,7760
5507,1238,6645,412,4352,2639
5507,1238,6645,1241,4415,4491
5507,1238,6645,946,5868,2995
5507,1238,6645,4709,889,6695
5507,1238,6645,626,4243,5116
5507,1238,6645,5674,9934,3669
5507,1238,6645,5616,5667,4574
5507,1238,6645,6353,412,6607
5507,1238,6645,3627,9895,8889
5507,1238,6645,2511,8156,9750
5507,1238,6645,2903,2139,4180
5507,1238,6645,6729,9231,4849
5507,1238,6645,5226,3537,8993
5507,1238,6645,2824,55,5816
5507,1238,6645,1671,2987,4875
5507,1238,6645,9183,5218,6302
5507,1238,6645,6394,54,3559
5507,1238,6645,9439,3887,8829
5507,1238,6645,1843,6358,4205
5507,1238,6645,7507,8886,513
5507,1238,6645,3412,5941,8861
5507,1238,6645,2558,8194,6685
5507,1238,6645,3886,3915,615
5507,1238,6645,1967,9809,831
5507,1238,6645,6884,1139,2791
5507,1238,6645,3715,9293,3692
5507,1238,6645,7946,1211,7771
5507,1238,6645,5039,7362,3794
5507,1238,6645,1976,1337,2675
5507,1238,6645,5932,9217,7112
5507,1238,6645,191,4064,3086
5507,1238,6645,7498,3848,1780
5507,1238,6645,7240,1284,9099
5507,1238,6645,7981,735,84
5507,1238,6645,3288,3192,3253
5507,1238,6645,3568,5131,7697
5507,1238,6645,8356,6637,7370
5507,1238,6645,2491,4780,1433
5507,1238,6645,6924,4668,1643
5507,1238,6645,9514,4478,4107
5507,1238,6645,8337,4937,98
5507,1238,6645,4353,9386,7073
5507,1238,6645,2128,5660,2072
5507,1238,6645,5105,2371,2889
5507,1238,6645,5713,1268,9172
5507,1238,6645,4348,3566,5226
5507,1238,6645,4749,4445,7937
5507,1238,6645,1797,9427,9996
5507,1238,6645,1756,7922,6462
5507,1238,6645,1275,2909,6456
5507,1238,6645,9011,7408,8175
5507,1238,6645,3258,8675,2483
5507,1238,6645,3663,6638,3230
5507,1238,6645,4509,6338,3737
5507,1238,6645,181,2466,5006
5507,1238,6645,3860,9827,793
5507,1238,6645,5708,3742,4632
5507,1238,6645,3705,1363,2560
5507,1238,6645,2652,9195,7442
5507,1238,6645,2737,5609,8907
5507,1238,6645,9177,9890,2117
5507,1238,6645,1507,7480,3962
5507,1238,6645,9482,7673,7146
5507,1238,6645,9755,4239,1446
5507,1238,6645,2955,7044,7724
5507,1238,6645,6727,9908,2512
5507,1238,6645,6958,9146,5381
5507,1238,6645,5239,6376,6617
5507,1238,6645,5726,6053,3746
5507,1238,6645,4807,9737,1591
5507,1238,6645,1950,7642,8859
5507,1238,6645,2792,9862,5964
5507,1238,6645,5042,6627,7742
5507,1238,6645,3518,4028,8057
5507,1238,6645,2804,6985,876
5507,1238,6645,6352,7009,4317
5507,1238,6645,7676,9933,1609
5507,1238,6645,9668,9577,4761
5507,1238,6645,6555,11,1310
5507,1238,6645,4129,9220,9578
5507,1238,6645,788,5975,4250
5507,1238,6645,6056,1066,7320
5507,1238,6645,9490,9462,445
5507,1238,6645,2857,2292,5418
5507,1238,6645,4347,9957,3731
5507,1238,6645,7081,6407,25
5507,1238,6645,2620,5804,9112
5507,1238,6645,1609,7804,4808
5507,1238,6645,5522,1258,8695
5507,1238,6645,965,8836,1351
5507,1238,6645,6200,205,6823
5507,1238,6645,7077,4087,550
5507,1238,6645,2166,5422,6951
5507,1238,6645,5931,7812,4058
5507,1238,6645,9293,3310,5707
5507,1238,6645,1918,606,2031
5507,1238,6645,6271,3266,427
5507,1238,6645,4431,3148,9863
5507,1238,6645,545,5334,4459
5507,1238,6645,8639,8270,1246
5507,1238,6645,6585,4141,3920
5507,1238,6645,6752,6160,8702
5507,1238,6645,5525,3991,3939
5507,1238,6645,6013,9258,115
5507,1238,6645,2395,1147,8641
5507,1238,6645,9396,2918,8701
5507,1238,6645,1012,7749,6609
5507,1238,6645,3846,719,4782
5507,1238,6645,7045,9503,3150
5507,1238,6645,3638,6284,8431
5507,1238,6645,1450,2017,3169
5507,1238,6645,1525,5444,8707
5507,1238,6645,6573,1493,7216
5507,1238,6645,5951,7505,2349
5507,1238,6645,4757,4288,8796
5507,1238,6645,8496,8907,5490
5507,1238,6645,1863,4308,290
5507,1238,6645,46,3140,5595
5507,1238,6645,2931,4004,1444
5507,1238,6645,7411,6790,3578
5507,1238,6645,2254,7152,1466
5507,1238,6645,5990,4511,587
5507,1238,6645,5470,9640,6233
5507,1238,6645,477,1470,3044
5507,1238,6645,1804,3506,5505
5507,1238,6645,5207,3394,6859
5507,1238,6645,9290,2910,9926
5507,1238,6645,3782,772,2376
5507,1238,6645,8912,1056,6150
5507,1238,6645,4474,9947,510
5507,1238,6645,1502,8841,6700
5507,1238,6645,5283,3829,3647
5507,1238,6645,1064,5378,8666
5507,1238,6645,3106,5074,9590
5507,1238,6645,9560,9792,9208
5507,1238,6645,9607,302,7916
5507,1238,6645,565,5932,3629
5507,1238,6645,9043,4461,4619
5507,1238,6645,6609,2259,2931
5507,1238,6645,4056,3381,9320
5507,1238,6645,1391,8723,6984
5507,1238,6645,788,5421,7707
5507,1238,6645,9471,2025,7887
5507,1238,6645,6204,2702,3915
5507,1238,6645,5424,597,2048
5507,1238,6645,4176,1072,3291
5507,1238,6645,5220,7611,661
5507,1238,6645,5606,8974,9396
5507,1238,6645,7526,3628,538
5507,1238,6645,5495,9616,9283
5507,1238,6645,6984,2020,5290
5507,1238,6645,4950,2977,1605
5507,1238,6645,3096,6836,1327
5507,1238,6645,5402,5234,8081
5507,1238,6645,2908,9273,9823
5507,1238,6645,9014,9462,204
5507,1238,6645,9360,1421,174
5507,1238,6645,6994,6671,8505
5507,1238,6645,4060,7705,1905
5507,1238,6645,9895,575,7971
5507,1238,6645,6177,7458,1397
5507,1238,6645,7306,8094,1413
5507,1238,6645,4823,7200,7374
5507,1238,6645,3973,3960,5597
5507,1238,6645,7401,6027,7593
5507,1238,6645,3415,4289,4406
5507,1238,6645,2008,8691,6032
5507,1238,6645,8996,7608,8746
5507,1238,6645,2360,934,9109
5507,1238,6645,3670,438,4556
5507,1238,6645,8918,4180,1616
5507,1238,6645,6167,9187,3680
5507,1238,6645,6641,9780,789
5507,1238,6645,8363,4423,5221
5507,1238,6645,7987,2524,4250
5507,1238,6645,5197,2250,4007
5507,1238,6645,8274,3085,8564
5507,1238,6645,2591,672,5167
5507,1238,6645,3691,2106,6644
5507,1238,6645,1588,9844,9840
5507,1238,6645,3907,2070,9414
5507,1238,6645,5500,2577,3022
5507,1238,6645,5462,2630,7338
5507,1238,6645,588,223,7368
5507,1238,6645,1965,8365,3221
5507,1238,6645,3568,1268,8955
5507,1238,6645,5809,3375,3014
5507,1238,6645,3326,4989,4096
5507,1238,6645,1566,395,5439
5507,1238,6645,7823,2162,4633
5507,1238,6645,5282,5030,6046
5507,1238,6645,6932,4009,8693
5507,1238,6645,7569,4786,4547
5507,1238,6645,1917,1143,5683
5507,1238,6645,5655,5270,7271
5507,1238,6645,7251,5277,9970
5507,1238,6645,3104,2848,3593
5507,1238,6645,9066,1173,2676
5507,1238,6645,6825,6265,5795
5507,1238,6645,8149,9779,4255
5507,1238,6645,6578,2427,528
5507,1238,6645,9064,5735,2458
5507,1238,6645,9122,3891,6961
5507,1238,6645,7173,7167,946
5507,1238,6645,8608,4254,8958
5507,1238,6645,4356,2659,4982
5507,1238,6645,3312,8220,2395
5507,1238,6645,6533,965,1695
5507,1238,6645,7040,4561,526
5507,1238,6645,3970,2009,4212
5507,1238,6645,971,3714,8863
5507,1238,6645,8298,7952,804
5507,1238,6645,8485,9053,9340
5507,1238,6645,641,7836,6575
5507,1238,6645,3409,3737,9925
5507,1238,6645,7568,660,218
5507,1238,6645,3504,4897,950
5507,1238,6645,6892,7759,9436
5507,1238,6645,3981,1032,3412
5507,1238,6645,1291,9079,2923
5507,1238,6645,1123,9463,4598
5507,1238,6645,8879,7510,1398
5507,1238,6645,126,9658,6462
5507,1238,6645,4534,9174,1561
5507,1238,6645,7060,3556,3773
5507,1238,6645,2611,9350,1637
5507,1238,6645,8440,5746,7558
5507,1238,6645,6550,6476,2500
5507,1238,6645,3553,3288,6104
5507,1238,6645,3406,5013,6659
5507,1238,6645,4775,4756,485
5507,1238,6645,2424,7446,816
5507,1238,6645,7270,5657,7631
5507,1238,6645,8226,4286,3156
5507,1238,6645,5663,244,3509
5507,1238,6645,9049,2744,1934
5507,1238,6645,8958,3953,9040
5507,1238,6645,8254,5131,9766
5507,1238,6645,4835,1881,3400
5507,1238,6645,5957,3013,4400
5507,1238,6645,8296,2485,6671
5507,1238,6645,9906,9495,7717
5507,1238,6645,9644,6796,7224
5507,1238,6645,4322,9982,2733
5507,1238,6645,4446,1798,6305
5507,1238,6645,302,8534,8296
5507,1238,6645,3689,1476,1361
5507,1238,6645,905,7218,6887
5507,1238,6645,9791,8296,8918
5507,1238,6645,3887,8715,5660
5507,1238,6645,248,8550,9948
5507,1238,6645,6914,8446,9002
5507,1238,6645,5460,768,4863
5507,1238,6645,4302,129,4287
5507,1238,6645,3284,9215,2009
5507,1238,6645,2977,8117,3263
5507,1238,6645,4496,3977,5498
5507,1238,6645,4951,2849,7610
5507,1238,6645,4592,5886,3162
5507,1238,6645,3427,2929,5153
5507,1238,6645,8847,4339,7858
5507,1238,6645,2673,7462,5874
5507,1238,6645,6321,5285,4137
5507,1238,6645,9506,3835,4844
5507,1238,6645,647,1414,2399
5507,1238,6645,3948,4351,9343
5507,1238,6645,7705,6234,452
5507,1238,6645,308,5644,9822
5507,1238,6645,888,1942,7670
5507,1238,6645,5688,8083,3949
5507,1238,6645,7991,3024,7296
5507,1238,6645,8953,4352,2181
5507,1238,6645,9485,9230,5520
5507,1238,6645,5543,6984,3665
5507,1238,6645,2706,9365,8077
5507,1238,6645,5627,7660,1018
5507,1238,6645,2334,6081,7874
5507,1238,6645,5178,9163,2011
5507,1238,6645,6366,4449,2322
5507,1238,6645,1277,7153,8811
5507,1238,6645,8021,9596,113
5507,1238,6645,399,1710,5459
5507,1238,6645,9042,8857,3924
5507,1238,6645,387,4058,4508
5507,1238,6645,2304,5119,1468
5507,1238,6645,6969,3954,2690
5507,1238,6645,7974,9524,2478
5507,1238,6645,9404,9550,5818
5507,1238,6645,6925,4257,4022
5507,1238,6645,529,3500,9609
5507,1238,6645,6421,1404,7004
5507,1238,6645,7324,9047,4198
5507,1238,6645,6712,3961,3387
5507,1238,6645,3481,1219,8145
5507,1238,6645,7804,7205,5266
5507,1238,6645,707,2333,5247
5507,1238,6645,2495,76,4457
5507,1238,6645,2221,1081,1570
5507,1238,6645,2686,1211,7965
5507,1238,6645,6403,1281,4235
5507,1238,6645,6776,1982,3153
5507,1238,6645,8233,7179,5678
5507,1238,6645,1938,9280,1583
5507,1238,6645,6538,9936,1306
5507,1238,6645,7535,2291,9339
5507,1238,6645,9944,9368,7957
5507,1238,6645,8766,1476,6189
5507,1238,6645,592,9073,5189
5507,1238,6645,8544,6607,4652
5507,1238,6645,8038,2737,4254
5507,1238,6645,6021,5112,3254
5507,1238,6645,7453,426,4969
5507,1238,6645,6599,1694,4629
5507,1238,6645,2749,8635,5153
5507,1238,6645,7833,6687,7715
5507,1238,6645,1153,1335,6521
5507,1238,6645,1370,4680,4160
5507,1238,6645,7865,1005,2552
5507,1238,6645,4888,1085,8086
5507,1238,6645,3640,836,1724
5507,1238,6645,7545,6403,3048
5507,1238,6645,2294,9758,6602
5507,1238,6645,951,6580,3550
5507,1238,6645,7257,2872,8817
5507,1238,6645,1815,1176,6995
5507,1238,6645,2995,8169,737
5507,1238,6645,4807,1988,4459
5507,1238,6645,5769,9818,9827
5507,1238,6645,1064,6326,2704
5507,1238,6645,7737,9784,7689
5507,1238,6645,5175,4875,8070
5507,1238,6645,3424,2530,3873
5507,1238,6645,8794,33,776
5507,1238,6645,9004,1410,6919
5507,1238,6645,1471,7857,3852
5507,1238,6645,6067,226,1424
5507,1238,6645,9521,8268,3248
5507,1238,6645,5448,7014,8189
5507,1238,6645,9909,7222,474
5507,1238,6645,3126,4697,8172
5507,1238,6645,1432,3455,2615
5507,1238,6645,5627,2061,2207
5507,1238,6645,969,645,300
5507,1238,6645,4959,4771,4753
5507,1238,6645,1904,9497,4714
5507,1238,6645,2501,6082,7974
5507,1238,6645,4786,2904,9964
5507,1238,6645,8099,4875,4153
5507,1238,6645,400,216,6227
5507,1238,6645,4026,7365,8023
5507,1238,6645,1986,1660,2583
5507,1238,6645,4434,6101,6862
5507,1238,6645,9962,3154,8379
5507,1238,6645,555,5604,7861
5507,1238,6645,8625,3686,4576
5507,1238,6645,6514,910,91
5507,1238,6645,830,9795,3266
5507,1238,6645,269,48,6647
5507,1238,6645,2635,2600,4040
5507,1238,6645,5068,4541,7728
5507,1238,6645,9119,4886,3026
5507,1238,6645,3753,1872,1771
5507,1238,6645,4419,5626,7432
5507,1238,6645,7128,5262,6447
5507,1238,6645,3937,1222,2336
5507,1238,6645,9065,7115,9319
5507,1238,6645,4982,1072,4624
5507,1238,6645,2861,6084,5429
5507,1238,6645,8966,7524,733
5507,1238,6645,783,275,6894
5507,1238,6645,6424,5279,7646
5507,1238,6645,464,7795,860
5507,1238,6645,7813,5997,5645
5507,1238,6645,3418,7967,3880
5507,1238,6645,7960,1271,97
5507,1238,6645,2806,5904,7702
5507,1238,6645,8071,3839,3297
5507,1238,6645,7289,420,7767
5507,1238,6645,7592,293,7655
5507,1238,6645,7853,6189,7135
5507,1238,6645,6523,1173,1597
5507,1238,6645,5756,9370,3341
5507,1238,6645,1734,9213,4756
5507,1238,6645,2034,4685,9625
5507,1238,6645,360,3767,4379
5507,1238,6645,7387,9568,9006
5507,1238,6645,7583,2955,6405
5507,1238,6645,485,5183,7002
5507,1238,6645,6352,8662,1649
5507,1238,6645,2711,6142,181
5507,1238,6645,1519,9849,3978
5507,1238,6645,7184,5461,5836
5507,1238,6645,1736,7705,84
5507,1238,6645,4055,5833,7084
5507,1238,6645,4265,1790,2234
5507,1238,6645,3105,5344,8222
5507,1238,6645,8490,7503,4348
5507,1238,6645,4252,6660,2271
5507,1238,6645,2078,4414,5649
5507,1238,6645,9008,7580,9403
5507,1238,6645,7129,8020,1369
5507,1238,6645,1521,6855,545
5507,1238,6645,9591,4137,9044
5507,1238,6645,8754,5202,2145
5507,1238,6645,7832,7178,5691
5507,1238,6645,9058,7044,2805
5507,1238,6645,5255,1567,2781
5507,1238,6645,8313,1680,1621
5507,1238,6645,6369,2101,4737
5507,1238,6645,7289,8472,9722
5507,1238,6645,4499,8503,861
5507,1238,6645,4830,268,5409
5507,1238,6645,3852,7064,5263
5507,1238,6645,4559,5581,8327
5507,1238,6645,5365,947,9530
5507,1238,6645,6894,616,6447
5507,1238,6645,3916,9575,8669
5507,1238,6645,7403,8578,905
5507,1238,6645,6353,4306,3682
5507,1238,6645,8289,5905,9572
5507,1238,6645,3048,4461,4666
5507,1238,6645,5582,8406,8492
5507,1238,6645,5422,6658,2312
5507,1238,6645,3900,8574,5543
5507,1238,6645,1901,6764,9793
5507,1238,6645,7908,7642,1780
5507,1238,6645,7185,442,8809
5507,1238,6645,3632,1562,5194
5507,1238,6645,6112,9705,2358
5507,1238,6645,9279,6153,4917
5507,1238,6645,4003,3771,6283
5507,1238,6645,3775,899,3875
5507,1238,6645,4838,7365,1697
5507,1238,6645,3498,7854,1259
5507,1238,6645,7801,6176,277
5507,1238,6645,3615,39,2097
5507,1238,6645,1623,4211,7177
5507,1238,6645,2189,650,6834
