2710,9827,1444,4835,1881,3400
2710,9827,1444,5957,3013,4400
2710,9827,1444,8296,2485,6671
2710,9827,1444,9906,9495,7717
2710,9827,1444,9644,6796,7224
2710,9827,1444,4322,9982,2733
2710,9827,1444,4446,1798,6305
2710,9827,1444,302,8534,8296
2710,9827,1444,3689,1476,1361
2710,9827,1444,905,7218,6887
2710,9827,1444,9791,8296,8918
2710,9827,1444,3887,8715,5660
2710,9827,1444,248,8550,9948
2710,9827,1444,6914,8446,9002
2710,9827,1444,5460,768,4863
2710,9827,1444,4302,129,4287
2710,9827,1444,3284,9215,2009
2710,9827,1444,2977,8117,3263
2710,9827,1444,4496,3977,5498
2710,9827,1444,4951,2849,7610
2710,9827,1444,4592,5886,3162
2710,9827,1444,3427,2929,5153
2710,9827,1444,8847,4339,7858
2710,9827,1444,2673,7462,5874
2710,9827,1444,6321,5285,4137
2710,9827,1444,9506,3835,4844
2710,9827,1444,647,1414,2399
2710,9827,1444,3948,4351,9343
2710,9827,1444,7705,6234,452
2710,9827,1444,308,5644,9822
2710,9827,1444,888,1942,7670
2710,9827,1444,5688,8083,3949
2710,9827,1444,7991,3024,7296
2710,9827,1444,8953,4352,2181
2710,9827,1444,9485,9230,5520
2710,9827,1444,5543,6984,3665
2710,9827,1444,2706,9365,8077
2710,9827,1444,5627,7660,1018
2710,9827,1444,2334,6081,7874
2710,9827,1444,5178,9163,2011
2710,9827,1444,6366,4449,2322
2710,9827,1444,1277,7153,8811
2710,9827,1444,8021,9596,113
2710,9827,1444,399,1710,5459
2710,9827,1444,9042,8857,3924
2710,9827,1444,387,4058,4508
2710,9827,1444,2304,5119,1468
2710,9827,1444,6969,3954,2690
2710,9827,1444,7974,9524,2478
2710,9827,1444,9404,9550,5818
2710,9827,1444,6925,4257,4022
2710,9827,1444,529,3500,9609
2710,9827,1444,6421,1404,7004
2710,9827,1444,7324,9047,4198
2710,9827,1444,6712,3961,3387
2710,9827,1444,3481,1219,8145
2710,9827,1444,7804,7205,5266
2710,9827,1444,707,2333,5247
2710,9827,1444,2495,76,4457
2710,9827,1444,2221,1081,1570
2710,9827,1444,2686,1211,7965
2710,9827,1444,6403,1281,4235
2710,9827,1444,6776,1982,3153
2710,9827,1444,8233,7179,5678
2710,9827,1444,1938,9280,1583
2710,9827,1444,6538,9936,1306
2710,9827,1444,7535,2291,9339
2710,9827,1444,9944,9368,7957
2710,9827,1444,8766,1476,6189
2710,9827,1444,592,9073,5189
2710,9827,1444,8544,6607,4652
2710,9827,1444,8038,2737,4254
2710,9827,1444,6021,5112,3254
2710,9827,1444,7453,426,4969
2710,9827,1444,6599,1694,4629
2710,9827,1444,2749,8635,5153
2710,9827,1444,7833,6687,7715
2710,9827,1444,1153,1335,6521
2710,9827,1444,1370,4680,4160
2710,9827,1444,7865,1005,2552
2710,9827,1444,4888,1085,8086
2710,9827,1444,3640,836,1724
2710,9827,1444,7545,6403,3048
2710,9827,1444,2294,9758,6602
2710,9827,1444,951,6580,3550
2710,9827,1444,7257,2872,8817
2710,9827,1444,1815,1176,6995
2710,9827,1444,2995,8169,737
2710,9827,1444,4807,1988,4459
2710,9827,1444,5769,9818,9827
2710,9827,1444,1064,6326,2704
2710,9827,1444,7737,9784,7689
2710,9827,1444,5175,4875,8070
2710,9827,1444,3424,2530,3873
2710,9827,1444,8794,33,776
2710,9827,1444,9004,1410,6919
2710,9827,1444,1471,7857,3852
2710,9827,1444,6067,226,1424
2710,9827,1444,9521,8268,3248
2710,9827,1444,5448,7014,8189
2710,9827,1444,9909,7222,474
2710,9827,1444,3126,4697,8172
2710,9827,1444,1432,3455,2615
2710,9827,1444,5627,2061,2207
2710,9827,1444,969,645,300
2710,9827,1444,4959,4771,4753
2710,9827,1444,1904,9497,4714
2710,9827,1444,2501,6082,7974
2710,9827,1444,4786,2904,9964
2710,9827,1444,8099,4875,4153
2710,9827,1444,400,216,6227
2710,9827,1444,4026,7365,8023
2710,9827,1444,1986,1660,2583
2710,9827,1444,4434,6101,6862
2710,9827,1444,9962,3154,8379
2710,9827,1444,555,5604,7861
2710,9827,1444,8625,3686,4576
2710,9827,1444,6514,910,91
2710,9827,1444,830,9795,3266
2710,9827,1444,269,48,6647
2710,9827,1444,2635,2600,4040
2710,9827,1444,5068,4541,7728
2710,9827,1444,9119,4886,3026
2710,9827,1444,3753,1872,1771
2710,9827,1444,4419,5626,7432
2710,9827,1444,7128,5262,6447
2710,9827,1444,3937,1222,2336
2710,9827,1444,9065,7115,9319
2710,9827,1444,4982,1072,4624
2710,9827,1444,2861,6084,5429
2710,9827,1444,8966,7524,733
2710,9827,1444,783,275,6894
2710,9827,1444,6424,5279,7646
2710,9827,1444,464,7795,860
2710,9827,1444,7813,5997,5645
2710,9827,1444,3418,7967,3880
2710,9827,1444,7960,1271,97
2710,9827,1444,2806,5904,7702
2710,9827,1444,8071,3839,3297
2710,9827,1444,7289,420,7767
2710,9827,1444,7592,293,7655
2710,9827,1444,7853,6189,7135
2710,9827,1444,6523,1173,1597
2710,9827,1444,5756,9370,3341
2710,9827,1444,1734,9213,4756
2710,9827,1444,2034,4685,9625
2710,9827,1444,360,3767,4379
2710,9827,1444,7387,9568,9006
2710,9827,1444,7583,2955,6405
2710,9827,1444,485,5183,7002
2710,9827,1444,6352,8662,1649
2710,9827,1444,2711,6142,181
2710,9827,1444,1519,9849,3978
2710,9827,1444,7184,5461,5836
2710,9827,1444,1736,7705,84
2710,9827,1444,4055,5833,7084
2710,9827,1444,4265,1790,2234
2710,9827,1444,3105,5344,8222
2710,9827,1444,8490,7503,4348
2710,9827,1444,4252,6660,2271
2710,9827,1444,2078,4414,5649
2710,9827,1444,9008,7580,9403
2710,9827,1444,7129,8020,1369
2710,9827,1444,1521,6855,545
2710,9827,1444,9591,4137,9044
2710,9827,1444,8754,5202,2145
2710,9827,1444,7832,7178,5691
2710,9827,1444,9058,7044,2805
2710,9827,1444,5255,1567,2781
2710,9827,1444,8313,1680,1621
2710,9827,1444,6369,2101,4737
2710,9827,1444,7289,8472,9722
2710,9827,1444,4499,8503,861
2710,9827,1444,4830,268,5409
2710,9827,1444,3852,7064,5263
2710,9827,1444,4559,5581,8327
2710,9827,1444,5365,947,9530
2710,9827,1444,6894,616,6447
2710,9827,1444,3916,9575,8669
2710,9827,1444,7403,8578,905
2710,9827,1444,6353,4306,3682
2710,9827,1444,8289,5905,9572
2710,9827,1444,3048,4461,4666
2710,9827,1444,5582,8406,8492
2710,9827,1444,5422,6658,2312
2710,9827,1444,3900,8574,5543
2710,9827,1444,1901,6764,9793
2710,9827,1444,7908,7642,1780
2710,9827,1444,7185,442,8809
2710,9827,1444,3632,1562,5194
2710,9827,1444,6112,9705,2358
2710,9827,1444,9279,6153,4917
2710,9827,1444,4003,3771,6283
2710,9827,1444,3775,899,3875
2710,9827,1444,4838,7365,1697
2710,9827,1444,3498,7854,1259
2710,9827,1444,7801,6176,277
2710,9827,1444,3615,39,2097
2710,9827,1444,1623,4211,7177
2710,9827,1444,2189,650,6834
2710,9827,1444,5006,4630,3078
2710,9827,1444,2147,9540,3549
2710,9827,1444,4065,1507,412
2710,9827,1444,4806,6900,6391
2710,9827,1444,6523,1223,4660
2710,9827,1444,9375,7328,176
2710,9827,1444,5606,3561,3146
2710,9827,1444,4679,3283,573
2710,9827,1444,9193,260,694
2710,9827,1444,5488,5090,6014
2710,9827,1444,4204,1916,571
2710,9827,1444,4768,3285,2170
2710,9827,1444,3996,3930,8149
2710,9827,1444,2139,8845,4697
2710,9827,1444,503,7507,9102
2710,9827,1444,1235,2227,534
2710,9827,1444,9377,1209,5052
2710,9827,1444,4354,5487,4828
2710,9827,1444,9702,6187,2337
2710,9827,1444,9546,6476,1880
2710,9827,1444,7426,4773,7121
2710,9827,1444,782,8929,2013
2710,9827,1444,2636,7036,7463
2710,9827,1444,90,1047,64
2710,9827,1444,3707,6573,7185
2710,9827,1444,1479,8076,68
2710,9827,1444,1169,25,9121
2710,9827,1444,7096,6981,4259
2710,9827,1444,6719,440,1890
2710,9827,1444,2801,3739,2769
2710,9827,1444,8642,9633,7154
2710,9827,1444,9443,8027,8221
2710,9827,1444,3716,8944,2856
2710,9827,1444,9603,7879,1249
2710,9827,1444,5341,5587,8403
2710,9827,1444,3818,2897,9645
2710,9827,1444,6959,4202,6957
2710,9827,1444,7652,137,2718
2710,9827,1444,1091,8036,5284
2710,9827,1444,7792,7528,9099
2710,9827,1444,2562,2231,787
2710,9827,1444,6076,5932,6322
2710,9827,1444,680,3088,751
2710,9827,1444,7367,7931,5291
2710,9827,1444,1087,9401,415
2710,9827,1444,9432,1533,9923
2710,9827,1444,7210,4694,9749
2710,9827,1444,9226,7874,5988
2710,9827,1444,5531,4751,3549
2710,9827,1444,2525,7907,8256
2710,9827,1444,9588,4281,5892
2710,9827,1444,9594,3917,5107
2710,9827,1444,3951,4463,4338
2710,9827,1444,5427,7911,4388
2710,9827,1444,2607,2051,1069
2710,9827,1444,3520,5389,5567
2710,9827,1444,4128,1019,5608
2710,9827,1444,6665,4035,1766
2710,9827,1444,4043,302,8940
2710,9827,1444,2836,2755,9111
2710,9827,1444,5719,7799,5789
2710,9827,1444,307,3512,3231
2710,9827,1444,7702,7683,5383
2710,9827,1444,2569,2846,6728
2710,9827,1444,6323,4072,7145
2710,9827,1444,6104,8278,4032
2710,9827,1444,2762,1180,1533
2710,9827,1444,1275,4940,5765
2710,9827,1444,494,9501,9165
2710,9827,1444,7474,5459,6824
2710,9827,1444,7216,4106,4936
2710,9827,1444,8858,2256,2533
2710,9827,1444,1869,269,7204
2710,9827,1444,5608,7916,1812
2710,9827,1444,3479,2892,573
2710,9827,1444,8583,4116,2051
2710,9827,1444,333,3950,7036
2710,9827,1444,6887,9564,189
2710,9827,1444,1253,2210,8001
2710,9827,1444,1550,6778,9754
2710,9827,1444,3419,727,8684
2710,9827,1444,4453,7897,6903
2710,9827,1444,4200,1636,5474
2710,9827,1444,5319,7361,7102
2710,9827,1444,8982,4883,2621
2710,9827,1444,8179,5123,6015
2710,9827,1444,1458,6315,4042
2710,9827,1444,4093,7585,858
2710,9827,1444,714,1374,7246
2710,9827,1444,745,7267,1875
2710,9827,1444,1985,461,381
2710,9827,1444,2735,6025,5661
2710,9827,1444,4047,7242,817
2710,9827,1444,2871,1296,1433
2710,9827,1444,8623,8894,5279
2710,9827,1444,4187,1707,5093
2710,9827,1444,1883,2293,8375
2710,9827,1444,7101,1941,6551
2710,9827,1444,6205,2108,9522
2710,9827,1444,3238,5638,9713
2710,9827,1444,5808,3824,348
2710,9827,1444,203,3223,1155
2710,9827,1444,841,7792,1293
2710,9827,1444,8657,6416,9850
2710,9827,1444,2188,223,71
2710,9827,1444,4413,9775,4130
2710,9827,1444,4894,9574,9122
2710,9827,1444,4077,212,2587
2710,9827,1444,9091,8198,3526
2710,9827,1444,2010,3096,4684
2710,9827,1444,2,2956,3580
2710,9827,1444,2296,1454,9640
2710,9827,1444,1370,6132,8705
2710,9827,1444,8795,6210,3750
2710,9827,1444,4099,2408,6820
2710,9827,1444,3903,3972,8800
2710,9827,1444,2005,90,8067
2710,9827,1444,5643,8866,3592
2710,9827,1444,5903,9371,4379
2710,9827,1444,3539,5787,6342
2710,9827,1444,4328,2419,2304
2710,9827,1444,8421,9944,4906
2710,9827,1444,6718,2485,7646
2710,9827,1444,6197,4013,2648
2710,9827,1444,5704,4277,1654
2710,9827,1444,7922,12,3250
2710,9827,1444,8880,5401,3983
2710,9827,1444,1772,381,3201
2710,9827,1444,9654,5530,6544
2710,9827,1444,7570,9936,8397
2710,9827,1444,9093,3115,7030
2710,9827,1444,3567,2492,4687
2710,9827,1444,3452,1535,7739
2710,9827,1444,7498,886,5219
2710,9827,1444,3998,9454,2141
2710,9827,1444,8561,3237,7784
2710,9827,1444,8218,8869,4980
2710,9827,1444,4485,5592,4330
2710,9827,1444,4172,5000,9953
2710,9827,1444,5878,61,6960
2710,9827,1444,8283,7812,4045
2710,9827,1444,6327,3457,3131
2710,9827,1444,2949,2639,825
2710,9827,1444,9957,2711,5019
2710,9827,1444,2950,8494,2811
2710,9827,1444,8975,2867,9289
2710,9827,1444,5417,1654,5396
2710,9827,1444,237,2878,494
2710,9827,1444,2636,1420,3884
2710,9827,1444,9198,5049,3905
2710,9827,1444,3489,852,6516
2710,9827,1444,6665,3830,7150
2710,9827,1444,4066,3225,9803
2710,9827,1444,7998,6579,1991
2710,9827,1444,6924,8197,5329
2710,9827,1444,8151,7223,5336
2710,9827,1444,245,2623,6852
2710,9827,1444,1473,1874,1588
2710,9827,1444,4325,2303,7620
2710,9827,1444,636,5531,4336
2710,9827,1444,3240,9592,544
2710,9827,1444,1299,2541,197
2710,9827,1444,9939,6157,1793
2710,9827,1444,7460,6432,8991
2710,9827,1444,2911,7609,2880
2710,9827,1444,3060,4467,2029
2710,9827,1444,4549,2716,7182
2710,9827,1444,7383,7732,5401
2710,9827,1444,9299,6640,4238
2710,9827,1444,9860,5042,8708
2710,9827,1444,8691,5583,4418
2710,9827,1444,5012,839,3901
2710,9827,1444,3234,1850,7025
2710,9827,1444,1903,2898,1406
2710,9827,1444,1395,6271,6734
2710,9827,1444,6618,7249,47
2710,9827,1444,213,1061,7590
2710,9827,1444,5439,6093,146
2710,9827,1444,3142,7209,6111
2710,9827,1444,5564,2503,1667
2710,9827,1444,6774,3391,1192
2710,9827,1444,6632,112,3610
2710,9827,1444,9001,5317,4082
2710,9827,1444,9636,2457,4063
2710,9827,1444,171,361,8258
2710,9827,1444,6584,8319,451
2710,9827,1444,2836,863,1609
2710,9827,1444,2009,9637,433
2710,9827,1444,6112,1519,9415
2710,9827,1444,6387,5886,8941
2710,9827,1444,9225,5427,1360
2710,9827,1444,2990,3895,419
2710,9827,1444,6216,1265,7864
2710,9827,1444,6844,1033,9830
2710,9827,1444,4425,8323,533
2710,9827,1444,9970,2578,6533
2710,9827,1444,331,9103,4144
2710,9827,1444,3838,9341,1154
2710,9827,1444,6777,6242,2369
2710,9827,1444,7228,6283,1833
2710,9827,1444,7276,1492,2995
2710,9827,1444,8141,6940,5782
2710,9827,1444,7368,7161,6881
2710,9827,1444,8197,219,7465
2710,9827,1444,9511,2727,1786
2710,9827,1444,9360,7176,3062
2710,9827,1444,3753,1177,7396
2710,9827,1444,6280,3344,8639
2710,9827,1444,6595,5490,2147
2710,9827,1444,8717,7817,6858
2710,9827,1444,5844,575,1409
2710,9827,1444,359,1832,5057
2710,9827,1444,3769,2761,9737
2710,9827,1444,7384,3253,4322
2710,9827,1444,4625,8656,7505
2710,9827,1444,2470,6794,5285
2710,9827,1444,5004,4743,7530
2710,9827,1444,6252,1440,3735
2710,9827,1444,924,1932,6593
2710,9827,1444,7032,7468,1105
2710,9827,1444,8506,9872,8384
2710,9827,1444,8705,9542,4818
2710,9827,1444,7910,3769,6839
2710,9827,1444,9225,8301,6888
2710,9827,1444,426,9482,4372
2710,9827,1444,4047,3967,7293
2710,9827,1444,8482,3688,2777
2710,9827,1444,460,7701,9529
2710,9827,1444,34,9804,5955
2710,9827,1444,250,1760,317
2710,9827,1444,6830,7590,3561
2710,9827,1444,4946,1214,9002
2710,9827,1444,1678,5644,4958
2710,9827,1444,6867,4863,6129
2710,9827,1444,8299,3466,8956
2710,9827,1444,1712,7003,3007
2710,9827,1444,8825,4406,7852
2710,9827,1444,9163,2083,9089
2710,9827,1444,6312,1199,3730
2710,9827,1444,5728,3977,6742
2710,9827,1444,7409,8409,6387
2710,9827,1444,4448,2927,7090
2710,9827,1444,337,4802,7611
2710,9827,1444,1595,7608,23
2710,9827,1444,1506,5985,9749
2710,9827,1444,5257,6741,1475
2710,9827,1444,9422,6921,9382
2710,9827,1444,705,1263,2425
2710,9827,1444,3800,4387,892
2710,9827,1444,4776,9629,8359
2710,9827,1444,5877,4632,2745
2710,9827,1444,4538,904,5751
2710,9827,1444,8728,2192,9724
2710,9827,1444,1626,2,2313
2710,9827,1444,8492,799,8681
2710,9827,1444,7447,8997,6842
2710,9827,1444,6836,5012,8949
2710,9827,1444,1837,7552,8904
2710,9827,1444,9454,7382,7069
2710,9827,1444,6074,5589,236
2710,9827,1444,5336,936,6543
2710,9827,1444,1834,5032,9817
2710,9827,1444,536,6681,5772
2710,9827,1444,4456,1769,5349
2710,9827,1444,6655,5892,7576
2710,9827,1444,9353,7468,7663
2710,9827,1444,6467,5599,4266
2710,9827,1444,6096,2136,4604
2710,9827,1444,4266,8984,6333
2710,9827,1444,7936,1731,70
2710,9827,1444,694,9853,1002
2710,9827,1444,4552,8829,7951
2710,9827,1444,2425,4408,4452
2710,9827,1444,4911,7535,7727
2710,9827,1444,6726,1363,2367
2710,9827,1444,995,2499,4471
2710,9827,1444,6798,1178,4523
2710,9827,1444,2273,1214,940
2710,9827,1444,8730,3211,4711
2710,9827,1444,6656,3988,1361
2710,9827,1444,9183,3256,6870
2710,9827,1444,4105,956,4173
2710,9827,1444,813,3793,8609
2710,9827,1444,4784,1457,6082
2710,9827,1444,8054,4900,9293
2710,9827,1444,8914,5960,4433
2710,9827,1444,59,1513,1910
2710,9827,1444,9829,5838,4543
2710,9827,1444,4454,716,9573
2710,9827,1444,1986,1031,4192
2710,9827,1444,6097,4657,490
2710,9827,1444,4938,4520,7044
2710,9827,1444,6669,9952,534
2710,9827,1444,6242,8553,7967
2710,9827,1444,4225,9496,1743
2710,9827,1444,7119,65,4558
2710,9827,1444,1991,1127,7623
2710,9827,1444,5670,1654,545
2710,9827,1444,3244,4518,3306
2710,9827,1444,9385,4563,2877
2710,9827,1444,9895,6107,1858
2710,9827,1444,5608,6457,1470
2710,9827,1444,6000,365,9018
2710,9827,1444,8779,9411,1308
2710,9827,1444,6060,9397,239
2710,9827,1444,350,9918,1333
2710,9827,1444,9053,6199,1164
2710,9827,1444,5226,0,6054
2710,9827,1444,167,4964,9812
2710,9827,1444,14,8771,5892
