5507,1238,6645,2368,3182,6450
5507,1238,6645,3321,356,4137
5507,1238,6645,1574,4363,605
5507,1238,6645,6329,6650,3540
5507,1238,6645,5468,9466,2526
5507,1238,6645,5642,4373,4051
5507,1238,6645,7473,2542,7980
5507,1238,6645,8501,6131,1108
5507,1238,6645,6725,5627,153
5507,1238,6645,6968,8324,9128
5507,1238,6645,3749,2096,1023
5507,1238,6645,4601,9949,9618
5507,1238,6645,9294,1935,5498
5507,1238,6645,3726,6000,7109
5507,1238,6645,8215,1723,2181
5507,1238,6645,9638,8453,8292
5507,1238,6645,3143,4503,2716
5507,1238,6645,5809,4092,9202
5507,1238,6645,8289,2563,7709
5507,1238,6645,8266,4959,6957
5507,1238,6645,2191,1317,7527
5507,1238,6645,2199,6215,373
5507,1238,6645,1086,113,2465
5507,1238,6645,4511,7933,4308
5507,1238,6645,4809,8389,314
5507,1238,6645,8675,912,6467
5507,1238,6645,6115,5708,7571
5507,1238,6645,8039,6566,9566
5507,1238,6645,7077,8331,2049
5507,1238,6645,7521,5009,3795
5507,1238,6645,2636,4564,7336
5507,1238,6645,8155,9025,3944
5507,1238,6645,2183,4436,8196
5507,1238,6645,2470,9802,9884
5507,1238,6645,3520,9150,3209
5507,1238,6645,2589,3742,7656
5507,1238,6645,6491,278,2024
5507,1238,6645,3894,4506,3423
5507,1238,6645,1074,3118,8219
5507,1238,6645,1554,4262,8067
5507,1238,6645,4996,5689,2288
5507,1238,6645,3808,918,9732
5507,1238,6645,8803,5504,7821
5507,1238,6645,21,515,4836
5507,1238,6645,4641,1594,7779
5507,1238,6645,9267,1179,5083
5507,1238,6645,10,4957,6258
5507,1238,6645,3202,5970,5460
5507,1238,6645,581,9474,9715
5507,1238,6645,9740,9290,4439
5507,1238,6645,3014,22,9098
5507,1238,6645,6468,9843,9242
5507,1238,6645,6424,873,8186
5507,1238,6645,1591,2408,894
5507,1238,6645,862,55,6927
5507,1238,6645,6245,846,6400
5507,1238,6645,8955,7619,7363
5507,1238,6645,5989,6715,9199
5507,1238,6645,2700,6579,5846
5507,1238,6645,3881,408,6001
5507,1238,6645,4868,2650,4791
5507,1238,6645,8806,763,7897
5507,1238,6645,1189,5436,983
5507,1238,6645,1353,352,7973
5507,1238,6645,6692,6961,3155
5507,1238,6645,4129,7232,60
5507,1238,6645,2512,6796,5420
5507,1238,6645,5789,6864,9739
5507,1238,6645,2433,8472,891
5507,1238,6645,8752,9944,7154
5507,1238,6645,3863,2878,7320
5507,1238,6645,3778,156,3252
5507,1238,6645,8354,4056,9992
5507,1238,6645,5508,8929,2052
5507,1238,6645,3514,3124,9701
5507,1238,6645,5658,9257,6419
5507,1238,6645,6559,4119,1329
5507,1238,6645,734,2880,8751
5507,1238,6645,2250,4860,5174
5507,1238,6645,4274,2824,4378
5507,1238,6645,6979,8212,8750
5507,1238,6645,4467,8030,5373
5507,1238,6645,5065,4875,5950
5507,1238,6645,7700,5887,9380
5507,1238,6645,8484,233,1227
5507,1238,6645,3383,2272,3108
5507,1238,6645,4191,3334,2075
5507,1238,6645,7519,4728,1211
5507,1238,6645,3760,4082,5552
5507,1238,6645,6288,5254,5777
5507,1238,6645,4593,372,5083
5507,1238,6645,1571,8961,3082
5507,1238,6645,3157,4317,5008
5507,1238,6645,4580,4700,6242
5507,1238,6645,4915,9212,6566
5507,1238,6645,2637,2348,6595
5507,1238,6645,352,1343,7440
5507,1238,6645,7775,285,2165
5507,1238,6645,2135,9176,6138
5507,1238,6645,277,6176,9169
5507,1238,6645,5589,4102,2698
5507,1238,6645,9109,4658,7847
5507,1238,6645,4175,8439,2407
5507,1238,6645,4554,6951,9642
5507,1238,6645,2094,2118,6030
5507,1238,6645,2913,9168,4449
5507,1238,6645,4885,2497,2043
5507,1238,6645,8244,5851,4507
5507,1238,6645,5839,2841,9384
5507,1238,6645,6827,7678,8984
5507,1238,6645,2535,4104,3368
5507,1238,6645,5503,5492,9287
5507,1238,6645,252,2017,1428
5507,1238,6645,9981,6635,2143
5507,1238,6645,3305,6263,393
5507,1238,6645,1698,4143,8636
5507,1238,6645,4452,7457,8409
5507,1238,6645,8364,7673,7365
5507,1238,6645,3707,218,3175
5507,1238,6645,1547,9074,8844
5507,1238,6645,7318,2722,8211
5507,1238,6645,2452,7638,2322
5507,1238,6645,7765,6857,8663
5507,1238,6645,6092,7826,4370
5507,1238,6645,3374,4845,2336
5507,1238,6645,6998,3278,9641
5507,1238,6645,6017,4909,3303
5507,1238,6645,2426,4677,4620
5507,1238,6645,9004,5574,6561
5507,1238,6645,4899,866,6337
5507,1238,6645,7901,8145,7514
5507,1238,6645,980,9868,3723
5507,1238,6645,5894,4321,8038
5507,1238,6645,9896,4483,6597
5507,1238,6645,2113,8283,6297
5507,1238,6645,9322,2764,7787
5507,1238,6645,3821,728,2696
5507,1238,6645,3902,8264,3398
5507,1238,6645,352,7879,4990
5507,1238,6645,879,4684,4664
5507,1238,6645,9573,9032,9160
5507,1238,6645,2812,2085,2081
5507,1238,6645,8056,5199,3053
5507,1238,6645,5637,7618,9226
5507,1238,6645,4828,1855,1699
5507,1238,6645,2046,3670,7190
5507,1238,6645,1835,5833,6066
5507,1238,6645,6076,5861,2783
5507,1238,6645,5622,7287,5475
5507,1238,6645,6389,2067,211
5507,1238,6645,3514,4826,2984
5507,1238,6645,3614,2712,3242
5507,1238,6645,5977,9892,8968
5507,1238,6645,408,8354,8587
5507,1238,6645,3727,9744,2586
5507,1238,6645,555,7454,5350
5507,1238,6645,6727,6527,8105
5507,1238,6645,6795,9294,5425
5507,1238,6645,3953,4680,9119
5507,1238,6645,1578,9719,8313
5507,1238,6645,6679,4959,1267
5507,1238,6645,5487,5338,4078
5507,1238,6645,3932,5057,8973
5507,1238,6645,6309,2605,2268
5507,1238,6645,4638,141,7642
5507,1238,6645,3970,1284,5802
5507,1238,6645,6125,8903,7819
5507,1238,6645,3311,5032,1744
5507,1238,6645,2378,1965,1445
5507,1238,6645,6658,5723,2233
5507,1238,6645,1166,3478,2326
5507,1238,6645,274,605,9532
5507,1238,6645,2200,216,3372
5507,1238,6645,4108,8374,2118
5507,1238,6645,1334,187,1242
5507,1238,6645,8208,9053,917
5507,1238,6645,651,6146,9737
5507,1238,6645,3051,6330,3997
5507,1238,6645,7612,6967,8667
5507,1238,6645,6472,820,6214
5507,1238,6645,7350,7525,8260
5507,1238,6645,7968,2102,6150
5507,1238,6645,8258,9920,1346
5507,1238,6645,5321,788,2935
5507,1238,6645,4551,2254,4340
5507,1238,6645,8898,6828,9492
5507,1238,6645,7884,9329,7024
5507,1238,6645,4237,9865,3437
5507,1238,6645,5442,7729,9046
5507,1238,6645,7843,5268,1522
5507,1238,6645,1224,478,320
5507,1238,6645,6112,5349,1397
5507,1238,6645,5748,3354,1145
5507,1238,6645,438,9573,4262
5507,1238,6645,2336,7438,4097
5507,1238,6645,4042,5416,6631
5507,1238,6645,1502,981,973
5507,1238,6645,1923,135,2184
5507,1238,6645,4877,4396,4512
5507,1238,6645,1075,3685,5571
5507,1238,6645,991,2082,1983
5507,1238,6645,1489,7538,1335
5507,1238,6645,6025,5369,8942
5507,1238,6645,7106,6925,7924
5507,1238,6645,6947,7511,763
5507,1238,6645,3354,447,9841
5507,1238,6645,4506,8265,3483
5507,1238,6645,6769,8361,4805
5507,1238,6645,7991,8345,6361
5507,1238,6645,760,139,4545
5507,1238,6645,3240,131,1644
5507,1238,6645,1268,7409,2006
5507,1238,6645,9189,1899,3283
5507,1238,6645,583,4974,7476
5507,1238,6645,5652,3627,6694
5507,1238,6645,1221,3366,7555
5507,1238,6645,2112,5900,2861
5507,1238,6645,5951,9079,4442
5507,1238,6645,409,7079,8112
5507,1238,6645,1610,2827,6331
5507,1238,6645,6083,3782,1715
5507,1238,6645,6090,9672,8473
5507,1238,6645,1852,7404,2136
5507,1238,6645,4479,4236,7289
5507,1238,6645,512,7531,8019
5507,1238,6645,9280,5765,5698
5507,1238,6645,7563,7265,6215
5507,1238,6645,2389,9211,3043
5507,1238,6645,6432,3588,4257
5507,1238,6645,7804,3642,3897
5507,1238,6645,6139,8307,6182
5507,1238,6645,9316,3321,6010
5507,1238,6645,4669,2356,8207
5507,1238,6645,1629,2944,1327
5507,1238,6645,1368,4104,8643
5507,1238,6645,7413,6865,3391
5507,1238,6645,1327,5335,6088
5507,1238,6645,7067,8272,1796
5507,1238,6645,6610,409,407
5507,1238,6645,5738,3249,1768
5507,1238,6645,136,4426,7365
5507,1238,6645,829,8576,3135
5507,1238,6645,7247,3182,2264
5507,1238,6645,1893,8034,6793
5507,1238,6645,7726,6575,3230
5507,1238,6645,7223,5718,2347
5507,1238,6645,8792,7920,4413
5507,1238,6645,159,5489,2739
5507,1238,6645,805,5256,8138
5507,1238,6645,4969,963,8868
5507,1238,6645,2462,6426,1811
5507,1238,6645,3595,8599,6634
5507,1238,6645,4010,4907,8350
5507,1238,6645,8430,7701,135
5507,1238,6645,6998,1136,5616
5507,1238,6645,1064,3553,1233
5507,1238,6645,5486,2557,1998
5507,1238,6645,8419,2723,6695
5507,1238,6645,7779,8565,2810
5507,1238,6645,3725,8374,6790
5507,1238,6645,8351,3340,5064
5507,1238,6645,2766,7113,796
5507,1238,6645,9884,1067,6511
5507,1238,6645,3938,7154,4370
5507,1238,6645,8569,2486,7901
5507,1238,6645,3373,3105,3418
5507,1238,6645,6552,7871,5147
5507,1238,6645,1421,3717,4558
5507,1238,6645,3039,7198,4011
5507,1238,6645,9316,8829,617
5507,1238,6645,786,4385,5310
5507,1238,6645,5634,5830,4093
5507,1238,6645,804,5841,1031
5507,1238,6645,965,3548,4297
5507,1238,6645,3616,2381,2236
5507,1238,6645,3390,9820,2669
5507,1238,6645,5806,1806,5269
5507,1238,6645,990,8114,937
5507,1238,6645,4375,879,6031
5507,1238,6645,7125,4545,2183
5507,1238,6645,6733,9280,893
5507,1238,6645,7499,5831,293
5507,1238,6645,1977,9038,465
5507,1238,6645,1681,8250,6980
5507,1238,6645,2094,8645,5586
5507,1238,6645,546,4883,9690
5507,1238,6645,2679,9600,6476
5507,1238,6645,7923,121,6237
5507,1238,6645,6844,7873,2723
5507,1238,6645,5481,3898,691
5507,1238,6645,7705,5542,9719
5507,1238,6645,563,1810,2111
5507,1238,6645,883,9649,8203
5507,1238,6645,2190,8730,4767
5507,1238,6645,2716,9684,928
5507,1238,6645,6580,1037,5385
5507,1238,6645,627,5913,3613
5507,1238,6645,7354,2637,8916
5507,1238,6645,2148,1250,8046
5507,1238,6645,1540,2293,8147
5507,1238,6645,9630,7108,7572
5507,1238,6645,1472,7003,3367
5507,1238,6645,5566,5667,9938
5507,1238,6645,7156,8757,45
5507,1238,6645,8857,9930,3681
5507,1238,6645,9129,705,1691
5507,1238,6645,9601,4277,2249
5507,1238,6645,4876,4161,384
5507,1238,6645,2600,3982,8342
5507,1238,6645,567,5509,2257
5507,1238,6645,7457,1800,5278
5507,1238,6645,9509,6652,4541
5507,1238,6645,6292,1745,8186
5507,1238,6645,4241,5929,3117
5507,1238,6645,9108,9160,8977
5507,1238,6645,7796,2713,1417
5507,1238,6645,9494,6380,4335
5507,1238,6645,7646,3089,8048
5507,1238,6645,7088,1156,4619
5507,1238,6645,9207,1656,1060
5507,1238,6645,9637,7113,811
5507,1238,6645,956,2135,9664
5507,1238,6645,5516,7866,1706
5507,1238,6645,6071,8084,3156
5507,1238,6645,2472,4021,5223
5507,1238,6645,6403,3503,1841
5507,1238,6645,9751,6564,1451
5507,1238,6645,1051,7413,9375
5507,1238,6645,7316,6908,9730
5507,1238,6645,6491,5526,9716
5507,1238,6645,7727,9914,2725
5507,1238,6645,1817,455,9466
5507,1238,6645,5613,2441,6232
5507,1238,6645,5727,3776,7531
5507,1238,6645,381,9838,6987
5507,1238,6645,4257,1869,4363
5507,1238,6645,5077,1493,5180
5507,1238,6645,7989,9909,6482
5507,1238,6645,9280,9160,9194
5507,1238,6645,9484,6666,6613
5507,1238,6645,7894,655,8420
5507,1238,6645,975,7417,8783
5507,1238,6645,7230,4976,2815
5507,1238,6645,9285,1695,5329
5507,1238,6645,1070,979,4834
5507,1238,6645,7665,1744,7921
5507,1238,6645,7726,4808,8280
5507,1238,6645,2720,4805,6232
5507,1238,6645,9271,1635,1721
5507,1238,6645,4451,9364,2464
5507,1238,6645,292,5955,4517
5507,1238,6645,7655,3156,5525
5507,1238,6645,3064,5884,7234
5507,1238,6645,6211,6182,6839
5507,1238,6645,909,4037,6351
5507,1238,6645,345,9384,6665
5507,1238,6645,2693,4380,3847
5507,1238,6645,4871,3887,1139
5507,1238,6645,1631,9204,7786
5507,1238,6645,1702,1176,2966
5507,1238,6645,2571,1737,2882
5507,1238,6645,3141,6033,7963
5507,1238,6645,7087,5225,2027
5507,1238,6645,84,3810,5588
5507,1238,6645,5218,7035,6632
5507,1238,6645,1443,7878,9664
5507,1238,6645,847,8442,8661
5507,1238,6645,8229,8930,5596
5507,1238,6645,7045,3980,9748
5507,1238,6645,7451,2397,5622
5507,1238,6645,1346,9397,4556
5507,1238,6645,4980,848,857
5507,1238,6645,9087,9215,8115
5507,1238,6645,7038,646,7432
5507,1238,6645,5312,8192,2135
5507,1238,6645,4482,1719,2589
5507,1238,6645,4953,456,3400
5507,1238,6645,109,488,848
5507,1238,6645,3615,8107,3831
5507,1238,6645,1047,7187,3786
5507,1238,6645,8250,3819,9576
5507,1238,6645,8081,9320,5404
5507,1238,6645,796,6759,5199
5507,1238,6645,1031,4281,42
5507,1238,6645,7703,3595,9088
5507,1238,6645,683,5580,1794
5507,1238,6645,4008,1125,5390
5507,1238,6645,3394,654,9218
5507,1238,6645,5144,1756,8072
5507,1238,6645,4004,2811,6685
5507,1238,6645,7356,4706,4321
5507,1238,6645,2478,9012,5557
5507,1238,6645,3102,2671,3960
5507,1238,6645,7810,9386,2867
5507,1238,6645,7569,482,3231
5507,1238,6645,8333,6158,4915
5507,1238,6645,6125,3594,2354
5507,1238,6645,9608,437,6292
5507,1238,6645,1510,3368,7327
5507,1238,6645,2930,3213,6619
5507,1238,6645,8226,5354,1893
5507,1238,6645,8333,8025,988
5507,1238,6645,1289,4760,5793
5507,1238,6645,3864,1928,2409
5507,1238,6645,2713,9602,6989
5507,1238,6645,4605,3750,7258
5507,1238,6645,441,3135,5224
5507,1238,6645,7368,5516,799
5507,1238,6645,8698,3154,7165
5507,1238,6645,2692,360,9388
5507,1238,6645,7363,5712,1691
5507,1238,6645,2818,2086,9821
5507,1238,6645,3265,516,1759
5507,1238,6645,8823,5520,3014
5507,1238,6645,5857,7823,6772
5507,1238,6645,8469,3752,4617
5507,1238,6645,3239,5377,46
5507,1238,6645,2205,3787,7019
5507,1238,6645,36,7984,2602
5507,1238,6645,8476,8353,7309
5507,1238,6645,6241,4901,6547
5507,1238,6645,7342,7695,7118
5507,1238,6645,2518,6239,2303
5507,1238,6645,4683,642,6502
5507,1238,6645,7153,7154,6969
5507,1238,6645,8136,994,6190
5507,1238,6645,8979,9215,9731
5507,1238,6645,2247,952,5900
5507,1238,6645,5586,4950,3432
5507,1238,6645,2259,2794,6897
5507,1238,6645,8360,4405,8994
5507,1238,6645,1025,1312,1490
5507,1238,6645,839,3290,6008
5507,1238,6645,4892,4577,4603
5507,1238,6645,8879,5353,3186
5507,1238,6645,9840,6528,8013
5507,1238,6645,1902,4205,1332
5507,1238,6645,4476,1693,5668
5507,1238,6645,4622,2965,8608
5507,1238,6645,9772,1461,4227
5507,1238,6645,2131,293,7630
5507,1238,6645,6484,7193,8519
5507,1238,6645,5021,8387,3639
5507,1238,6645,4644,2644,2194
5507,1238,6645,1005,3861,9114
5507,1238,6645,3004,1782,2286
5507,1238,6645,3266,7560,4115
5507,1238,6645,1655,4734,2073
5507,1238,6645,311,8067,7510
5507,1238,6645,31,5075,385
5507,1238,6645,9930,9150,536
5507,1238,6645,5098,6022,5207
5507,1238,6645,9780,2369,823
5507,1238,6645,4751,9312,1800
5507,1238,6645,4432,8,3299
5507,1238,6645,23,14,5885
5507,1238,6645,3663,7658,3817
5507,1238,6645,5932,5443,1070
5507,1238,6645,1983,7555,1550
5507,1238,6645,1420,1762,4598
5507,1238,6645,9404,7069,4885
5507,1238,6645,3552,2998,795
5507,1238,6645,4495,3163,1341
5507,1238,6645,5976,4717,1969
5507,1238,6645,797,9656,7845
5507,1238,6645,4198,1478,2838
5507,1238,6645,6802,9868,6451
5507,1238,6645,8353,6300,2823
5507,1238,6645,512,8285,9247
5507,1238,6645,8395,1678,5954
5507,1238,6645,7811,9636,3168
5507,1238,6645,9722,3031,2836
5507,1238,6645,1653,9235,1205
5507,1238,6645,8510,8239,6486
5507,1238,6645,8063,3105,6939
5507,1238,6645,5643,4944,8195
5507,1238,6645,6416,8973,9717
5507,1238,6645,9156,3258,4299
5507,1238,6645,4443,1130,2780
5507,1238,6645,5349,7535,746
5507,1238,6645,3940,4132,5212
5507,1238,6645,5025,5344,951
5507,1238,6645,3771,6822,7788
5507,1238,6645,9430,8120,4572
5507,1238,6645,9587,9290,5410
5507,1238,6645,5373,5961,5626
5507,1238,6645,9162,9569,9209
5507,1238,6645,8839,8694,1696
5507,1238,6645,874,8849,9476
5507,1238,6645,1533,4011,1977
5507,1238,6645,9647,1640,6243
5507,1238,6645,9514,6171,6792
5507,1238,6645,9281,929,4699
5507,1238,6645,112,2225,3961
5507,1238,6645,9875,6934,6142
5507,1238,6645,8280,5013,6848
5507,1238,6645,2881,4322,6411
5507,1238,6645,3273,176,5635
5507,1238,6645,3536,4988,4659
5507,1238,6645,7542,5792,6391
5507,1238,6645,4587,7551,8713
5507,1238,6645,7743,2432,6287
5507,1238,6645,4070,3771,3573
5507,1238,6645,7087,1182,5495
5507,1238,6645,3487,4685,1782
5507,1238,6645,5986,4825,4183
5507,1238,6645,1124,5101,8528
5507,1238,6645,9334,580,3287
5507,1238,6645,3618,5403,3822
5507,1238,6645,9495,2736,4769
