3878,1898,8871,7082,4023,9008
3878,1898,8871,7012,6306,1253
3878,1898,8871,7830,8312,2434
3878,1898,8871,5734,4685,1535
3878,1898,8871,163,7545,1856
3878,1898,8871,1552,8838,4397
3878,1898,8871,6064,2799,8006
3878,1898,8871,8859,5232,8457
3878,1898,8871,1865,2711,4791
3878,1898,8871,3347,5065,2173
3878,1898,8871,3120,3157,4608
3878,1898,8871,7858,3417,433
3878,1898,8871,9558,3230,430
3878,1898,8871,382,5209,3662
3878,1898,8871,3817,18,1169
3878,1898,8871,3187,9017,9751
3878,1898,8871,9972,6724,7459
3878,1898,8871,7360,6224,570
3878,1898,8871,9838,2574,331
3878,1898,8871,3858,5140,5221
3878,1898,8871,2272,4078,2569
3878,1898,8871,9890,235,1483
3878,1898,8871,5437,3875,5391
3878,1898,8871,482,3124,13
3878,1898,8871,1968,1051,3037
3878,1898,8871,2975,8172,9288
3878,1898,8871,3956,9798,5331
3878,1898,8871,5283,3216,8018
3878,1898,8871,1623,8673,348
3878,1898,8871,1107,3758,6793
3878,1898,8871,1619,5330,813
3878,1898,8871,4297,7039,8313
3878,1898,8871,2331,1029,2276
3878,1898,8871,7429,466,5679
3878,1898,8871,718,4192,1788
3878,1898,8871,6552,6137,5345
3878,1898,8871,956,6226,4771
3878,1898,8871,8982,8265,7935
3878,1898,8871,9550,9166,9448
3878,1898,8871,5831,929,336
3878,1898,8871,6165,878,6389
3878,1898,8871,3604,3429,6879
3878,1898,8871,1008,43,9307
3878,1898,8871,2981,6824,8330
3878,1898,8871,5854,2378,6366
3878,1898,8871,3440,1158,8726
3878,1898,8871,3883,4215,7063
3878,1898,8871,9356,8897,4351
3878,1898,8871,7515,9997,206
3878,1898,8871,8203,7197,3640
3878,1898,8871,1401,1840,6771
3878,1898,8871,5828,5262,7083
3878,1898,8871,4584,1892,5339
3878,1898,8871,8538,2405,3794
3878,1898,8871,8995,5946,9423
3878,1898,8871,6832,4894,9829
3878,1898,8871,4569,2626,4388
3878,1898,8871,8454,276,9113
3878,1898,8871,6210,8441,7593
3878,1898,8871,6836,465,3658
3878,1898,8871,7342,2621,7523
3878,1898,8871,7463,779,1541
3878,1898,8871,8101,967,5140
3878,1898,8871,4503,875,7003
3878,1898,8871,6440,4364,2526
3878,1898,8871,4392,1385,8300
3878,1898,8871,6651,6432,3955
3878,1898,8871,3361,926,4882
3878,1898,8871,7805,1988,8372
3878,1898,8871,1512,1077,7751
3878,1898,8871,6286,4443,7695
3878,1898,8871,4419,102,9134
3878,1898,8871,845,4019,5765
3878,1898,8871,9603,2652,3512
3878,1898,8871,3670,3308,5663
3878,1898,8871,7052,1410,1060
3878,1898,8871,7449,6076,4674
3878,1898,8871,9659,8508,4356
3878,1898,8871,5695,2206,1374
3878,1898,8871,7407,9764,8828
3878,1898,8871,4077,8271,7856
3878,1898,8871,585,2285,3639
3878,1898,8871,4670,5058,6940
3878,1898,8871,5655,1893,7368
3878,1898,8871,9581,7056,1968
3878,1898,8871,9588,4339,4598
3878,1898,8871,694,2776,4821
3878,1898,8871,5821,3461,5464
3878,1898,8871,114,9071,9161
3878,1898,8871,7958,1018,7920
3878,1898,8871,8989,1196,8523
3878,1898,8871,8342,9647,5879
3878,1898,8871,4789,4054,4292
3878,1898,8871,2919,2594,5926
3878,1898,8871,150,5971,4662
3878,1898,8871,5905,1274,7760
3878,1898,8871,6778,6993,9363
3878,1898,8871,7871,7209,8573
3878,1898,8871,9979,3842,7796
3878,1898,8871,651,7209,6433
3878,1898,8871,3878,2558,9510
3878,1898,8871,5163,4089,2453
3878,1898,8871,1354,3379,8948
3878,1898,8871,6587,4303,4839
3878,1898,8871,1982,8615,6016
3878,1898,8871,567,6805,9315
3878,1898,8871,2263,4058,8826
3878,1898,8871,3476,5144,5089
3878,1898,8871,1294,6617,1675
3878,1898,8871,7196,9137,7495
3878,1898,8871,3885,8859,8141
3878,1898,8871,6248,5751,8337
3878,1898,8871,3417,4010,2889
3878,1898,8871,660,1242,1682
3878,1898,8871,9897,5045,8481
3878,1898,8871,5408,6496,7981
3878,1898,8871,9709,8183,7077
3878,1898,8871,6241,976,9252
3878,1898,8871,9243,4599,4645
3878,1898,8871,5277,8097,2664
3878,1898,8871,3957,6732,5754
3878,1898,8871,4258,1983,7780
3878,1898,8871,8049,3570,9421
3878,1898,8871,2206,9757,7635
3878,1898,8871,6530,2662,8091
3878,1898,8871,2527,4366,1127
3878,1898,8871,5447,3438,1444
3878,1898,8871,4585,313,5205
3878,1898,8871,8631,6257,831
3878,1898,8871,1521,7270,1854
3878,1898,8871,8133,2655,363
3878,1898,8871,6581,3424,9309
3878,1898,8871,5215,299,7376
3878,1898,8871,2599,2651,2860
3878,1898,8871,828,6570,9177
3878,1898,8871,6407,5779,2082
3878,1898,8871,908,3178,3587
3878,1898,8871,4319,4758,6158
3878,1898,8871,861,649,2594
3878,1898,8871,6485,6867,765
3878,1898,8871,1076,188,3323
3878,1898,8871,7167,2257,438
3878,1898,8871,4987,3511,4841
3878,1898,8871,4977,8131,683
3878,1898,8871,9382,1756,1107
3878,1898,8871,3596,5782,3950
3878,1898,8871,6466,9272,9310
3878,1898,8871,1845,3831,8597
3878,1898,8871,8815,1182,581
3878,1898,8871,3301,8104,6913
3878,1898,8871,1957,5185,5714
3878,1898,8871,6982,2184,6481
3878,1898,8871,4616,8460,6911
3878,1898,8871,5205,379,5031
3878,1898,8871,2860,5322,8671
3878,1898,8871,9785,3654,2121
3878,1898,8871,5848,9770,154
3878,1898,8871,3482,8018,4518
3878,1898,8871,2687,577,7346
3878,1898,8871,964,4907,4132
3878,1898,8871,5170,4834,4336
3878,1898,8871,8272,7135,3749
3878,1898,8871,590,9170,8863
3878,1898,8871,9808,8421,1045
3878,1898,8871,9284,5084,5829
3878,1898,8871,281,4743,2749
3878,1898,8871,9730,3708,8648
3878,1898,8871,4222,7019,6262
3878,1898,8871,9509,3994,8044
3878,1898,8871,2424,8239,7222
3878,1898,8871,8147,9649,8230
3878,1898,8871,7232,820,5059
3878,1898,8871,2033,4828,6714
3878,1898,8871,2331,8749,6996
3878,1898,8871,3919,3865,6721
3878,1898,8871,8434,2343,1537
3878,1898,8871,8362,5419,4879
3878,1898,8871,4886,3135,5464
3878,1898,8871,8829,6682,8846
3878,1898,8871,6687,7341,2966
3878,1898,8871,6296,5703,1773
3878,1898,8871,6036,9858,7039
3878,1898,8871,3834,9437,408
3878,1898,8871,4561,1720,3132
3878,1898,8871,8186,4923,8602
3878,1898,8871,1841,7911,1313
3878,1898,8871,8791,2846,2139
3878,1898,8871,5349,9695,1715
3878,1898,8871,2196,8338,3376
3878,1898,8871,9531,8761,6784
3878,1898,8871,6743,8770,8216
3878,1898,8871,3719,7416,2602
3878,1898,8871,4579,4518,5773
3878,1898,8871,3995,3708,8081
3878,1898,8871,7471,5510,9595
3878,1898,8871,4737,1030,665
3878,1898,8871,9914,4480,9507
3878,1898,8871,3527,5134,4771
3878,1898,8871,44,286,2093
3878,1898,8871,7054,7148,4047
3878,1898,8871,2978,309,7156
3878,1898,8871,4948,9964,4997
3878,1898,8871,8241,4385,6740
3878,1898,8871,4440,5713,7932
3878,1898,8871,4914,2635,9988
3878,1898,8871,636,5580,9948
3878,1898,8871,1355,8867,1961
3878,1898,8871,3168,9263,5575
3878,1898,8871,4625,873,5233
3878,1898,8871,6835,1645,7792
3878,1898,8871,4824,6585,8224
3878,1898,8871,7578,470,4987
3878,1898,8871,9602,602,7766
3878,1898,8871,7285,5238,5160
3878,1898,8871,2382,3674,9318
3878,1898,8871,9001,5311,9305
3878,1898,8871,4057,3843,5913
3878,1898,8871,5364,8478,8982
3878,1898,8871,8757,5144,2557
3878,1898,8871,7395,3445,4379
3878,1898,8871,6898,7828,252
3878,1898,8871,7037,2321,952
3878,1898,8871,7746,3260,3574
3878,1898,8871,701,798,7747
3878,1898,8871,5550,3476,279
3878,1898,8871,1564,4280,2334
3878,1898,8871,1127,1021,2678
3878,1898,8871,515,1579,4483
3878,1898,8871,8178,5237,2487
3878,1898,8871,6106,544,582
3878,1898,8871,6221,7312,6306
3878,1898,8871,2134,8565,9192
3878,1898,8871,8813,8839,3592
3878,1898,8871,7934,7392,1037
3878,1898,8871,4553,1752,3225
3878,1898,8871,8951,4769,9236
3878,1898,8871,8325,2055,1070
3878,1898,8871,1000,9671,5044
3878,1898,8871,1596,3197,7245
3878,1898,8871,7002,8852,5231
3878,1898,8871,2773,3717,208
3878,1898,8871,2799,2786,826
3878,1898,8871,8696,5155,9824
3878,1898,8871,4978,56,5474
3878,1898,8871,2997,5920,4042
3878,1898,8871,791,73,4300
3878,1898,8871,4369,3074,2444
3878,1898,8871,9004,5593,1406
3878,1898,8871,2097,8068,6560
3878,1898,8871,8000,3972,4289
3878,1898,8871,8796,9449,8545
3878,1898,8871,6306,1179,137
3878,1898,8871,2751,2211,7039
3878,1898,8871,7708,8688,448
3878,1898,8871,7776,4470,4053
3878,1898,8871,1615,2750,96
3878,1898,8871,7502,4955,6616
3878,1898,8871,59,4559,7012
3878,1898,8871,3346,8357,236
3878,1898,8871,1960,3929,6445
3878,1898,8871,3161,2096,8072
3878,1898,8871,7475,8116,9674
3878,1898,8871,3170,2316,6617
3878,1898,8871,9628,1793,270
3878,1898,8871,2187,9104,6928
3878,1898,8871,1848,3315,1648
3878,1898,8871,1698,7384,7933
3878,1898,8871,1742,1116,609
3878,1898,8871,5610,9608,2655
3878,1898,8871,6393,5076,8175
3878,1898,8871,3774,2625,3072
3878,1898,8871,7137,1565,4004
3878,1898,8871,3064,5855,8012
3878,1898,8871,7983,8456,7415
3878,1898,8871,5718,484,1187
3878,1898,8871,4349,551,1923
3878,1898,8871,7921,5737,4280
3878,1898,8871,9541,1223,4608
3878,1898,8871,498,9647,3696
3878,1898,8871,3575,9986,5481
3878,1898,8871,9763,8041,5995
3878,1898,8871,8125,6447,3573
3878,1898,8871,3097,9652,5068
3878,1898,8871,7496,5889,4240
3878,1898,8871,9272,9599,7701
3878,1898,8871,8948,8725,9350
3878,1898,8871,5799,5982,2453
3878,1898,8871,3091,6252,8452
3878,1898,8871,2692,8385,9912
3878,1898,8871,827,8485,3827
3878,1898,8871,7412,96,1725
3878,1898,8871,2864,9748,6400
3878,1898,8871,1917,3276,4066
3878,1898,8871,5900,3808,6734
3878,1898,8871,1464,4456,6193
3878,1898,8871,9859,3814,496
3878,1898,8871,1090,8872,8642
3878,1898,8871,3040,3149,9341
3878,1898,8871,1794,2608,3689
3878,1898,8871,9885,908,5466
3878,1898,8871,4733,7873,7093
3878,1898,8871,2688,4719,3971
3878,1898,8871,8668,4496,1939
3878,1898,8871,5884,4321,8740
3878,1898,8871,6814,5883,3979
3878,1898,8871,3674,9598,4217
3878,1898,8871,3668,2007,2850
3878,1898,8871,739,810,7892
3878,1898,8871,9891,7535,6585
3878,1898,8871,8161,5942,9985
3878,1898,8871,3868,2753,6383
3878,1898,8871,1310,2580,6000
3878,1898,8871,965,8797,4765
3878,1898,8871,2526,830,9360
3878,1898,8871,800,9771,1378
3878,1898,8871,9541,768,6578
3878,1898,8871,6448,7164,6529
3878,1898,8871,1370,3778,5976
3878,1898,8871,3435,7391,1492
3878,1898,8871,1988,9396,839
3878,1898,8871,888,4095,4805
3878,1898,8871,3297,1634,6155
3878,1898,8871,9296,7907,9198
3878,1898,8871,6925,6248,7523
3878,1898,8871,2556,3582,7031
3878,1898,8871,9229,1942,6335
3878,1898,8871,1508,3063,4503
3878,1898,8871,2948,1372,8382
3878,1898,8871,5403,2872,1050
3878,1898,8871,8049,9067,515
3878,1898,8871,8539,8699,4944
3878,1898,8871,8405,3162,8574
3878,1898,8871,5636,5075,7526
3878,1898,8871,2363,1710,813
3878,1898,8871,3737,6926,280
3878,1898,8871,3067,9600,6471
3878,1898,8871,2000,3982,1277
3878,1898,8871,5574,6273,22
3878,1898,8871,3461,8472,4874
3878,1898,8871,7589,931,4309
3878,1898,8871,6711,2736,872
3878,1898,8871,4652,2990,197
3878,1898,8871,8021,8009,7112
3878,1898,8871,52,3213,2082
3878,1898,8871,5950,2429,8244
3878,1898,8871,2128,5096,5172
3878,1898,8871,8734,5921,1175
3878,1898,8871,6702,6792,5913
3878,1898,8871,7366,2022,550
3878,1898,8871,5605,6276,5159
3878,1898,8871,6034,1382,554
3878,1898,8871,7072,9463,4143
3878,1898,8871,3488,3943,1272
3878,1898,8871,1962,8284,5373
3878,1898,8871,4802,6245,2950
3878,1898,8871,9974,5378,6263
3878,1898,8871,8959,7431,6632
3878,1898,8871,8021,62,3210
3878,1898,8871,2249,1659,1849
3878,1898,8871,8362,3160,469
3878,1898,8871,8184,541,307
3878,1898,8871,907,4055,8915
3878,1898,8871,9199,8288,9356
3878,1898,8871,9296,6747,5888
3878,1898,8871,4416,7981,7864
3878,1898,8871,1809,6004,9148
3878,1898,8871,8095,1756,3561
3878,1898,8871,370,1563,6712
3878,1898,8871,7293,4133,6483
3878,1898,8871,3426,3665,1375
3878,1898,8871,2319,5678,9752
3878,1898,8871,7932,1652,387
3878,1898,8871,5687,3458,6470
3878,1898,8871,1865,9690,9199
3878,1898,8871,8470,2252,6656
3878,1898,8871,5402,7952,4747
3878,1898,8871,8319,479,6449
3878,1898,8871,6727,8814,7009
3878,1898,8871,9434,5468,6226
3878,1898,8871,3220,5104,3600
3878,1898,8871,1515,5522,7069
3878,1898,8871,3811,874,9818
3878,1898,8871,9693,562,9131
3878,1898,8871,9702,9230,8447
3878,1898,8871,2642,6645,5164
3878,1898,8871,6360,2046,3774
3878,1898,8871,146,4587,4159
3878,1898,8871,1979,5104,78
3878,1898,8871,5100,7048,9747
3878,1898,8871,9848,5242,9857
3878,1898,8871,439,6207,8454
3878,1898,8871,682,2665,7079
3878,1898,8871,7361,8910,9031
3878,1898,8871,7910,9591,9617
3878,1898,8871,7607,8702,4537
3878,1898,8871,4783,4673,9377
3878,1898,8871,2525,2864,7909
3878,1898,8871,5651,342,5702
3878,1898,8871,3241,7592,2989
3878,1898,8871,9909,9616,6141
3878,1898,8871,4130,3797,5667
3878,1898,8871,5807,4149,3204
3878,1898,8871,700,9823,3714
3878,1898,8871,5500,9192,9707
3878,1898,8871,9681,9360,9501
3878,1898,8871,9376,9354,2451
3878,1898,8871,9228,5533,6772
3878,1898,8871,394,7553,4833
3878,1898,8871,1994,1008,3303
3878,1898,8871,8865,9950,2162
3878,1898,8871,5107,2241,840
3878,1898,8871,4136,6746,5363
3878,1898,8871,5087,6439,4536
3878,1898,8871,4794,9834,922
3878,1898,8871,4938,389,9270
3878,1898,8871,1825,5649,1129
3878,1898,8871,3074,8729,8476
3878,1898,8871,5744,9679,4451
3878,1898,8871,939,9598,7604
3878,1898,8871,1435,6750,7702
3878,1898,8871,7764,3023,1725
3878,1898,8871,279,5412,6986
3878,1898,8871,4725,4511,4215
3878,1898,8871,3631,961,7960
3878,1898,8871,717,6165,9759
3878,1898,8871,5377,7839,6640
3878,1898,8871,9390,1363,4094
3878,1898,8871,185,1997,221
3878,1898,8871,6036,5185,7032
3878,1898,8871,4679,2130,430
3878,1898,8871,792,3068,3996
3878,1898,8871,9631,6832,9041
3878,1898,8871,4263,3356,4273
3878,1898,8871,1903,4994,297
3878,1898,8871,7166,4634,1178
3878,1898,8871,9312,6186,1583
3878,1898,8871,7860,8553,495
3878,1898,8871,4826,645,6652
3878,1898,8871,6625,9163,7237
3878,1898,8871,1079,8428,6552
3878,1898,8871,1003,984,5386
3878,1898,8871,250,8186,4994
3878,1898,8871,121,3828,5189
3878,1898,8871,7897,2289,8241
3878,1898,8871,9215,3271,1785
3878,1898,8871,897,7079,5690
3878,1898,8871,7436,7548,5001
3878,1898,8871,6506,767,285
3878,1898,8871,2128,8312,5121
3878,1898,8871,3510,3277,8036
3878,1898,8871,1080,1209,3542
3878,1898,8871,5204,3357,710
3878,1898,8871,9940,1123,9276
3878,1898,8871,3952,1053,804
3878,1898,8871,1378,3381,868
3878,1898,8871,4926,1254,9879
3878,1898,8871,494,5483,4496
3878,1898,8871,9191,1499,4330
3878,1898,8871,8501,3907,6376
3878,1898,8871,3473,5347,2415
3878,1898,8871,2372,8701,3593
3878,1898,8871,9998,9702,728
3878,1898,8871,5687,5886,948
3878,1898,8871,5905,9061,5218
3878,1898,8871,1540,8708,7214
3878,1898,8871,8459,3505,9462
3878,1898,8871,237,8711,2197
3878,1898,8871,21,2378,8692
3878,1898,8871,4220,6442,7461
3878,1898,8871,3009,541,9828
3878,1898,8871,6468,2150,8037
3878,1898,8871,5415,9702,4950
3878,1898,8871,9205,907,422
3878,1898,8871,8112,8632,9763
3878,1898,8871,508,5718,4384
3878,1898,8871,4406,1553,8832
3878,1898,8871,8743,5727,9519
3878,1898,8871,7901,9430,4164
3878,1898,8871,8598,9800,6952
3878,1898,8871,4379,4724,5737
3878,1898,8871,6042,4511,4290
3878,1898,8871,8192,7012,5841
3878,1898,8871,6812,7859,4280
3878,1898,8871,7218,1644,4109
3878,1898,8871,5851,386,796
3878,1898,8871,9086,2211,9617
3878,1898,8871,6995,9890,3449
3878,1898,8871,9668,132,8430
3878,1898,8871,2076,3050,5107
3878,1898,8871,3021,7385,2644
3878,1898,8871,5974,6504,4975
3878,1898,8871,7371,6069,3355
3878,1898,8871,3578,8686,3403
3878,1898,8871,6968,1261,2985
3878,1898,8871,8531,995,3623
3878,1898,8871,768,2419,7218
3878,1898,8871,2683,3333,900
3878,1898,8871,4477,8873,2230
3878,1898,8871,7407,3428,5213
3878,1898,8871,1414,1399,5371
3878,1898,8871,4022,788,4566
3878,1898,8871,9229,7851,6265
3878,1898,8871,7700,3420,404
3878,1898,8871,3477,2485,5762
3878,1898,8871,390,1801,6644
3878,1898,8871,835,6376,6093
3878,1898,8871,912,6444,5029
3878,1898,8871,7015,5093,229
3878,1898,8871,5984,3651,1231
3878,1898,8871,8364,41,8633
