6732,2753,67,7402,1331,3983
6732,2753,67,4389,5667,9672
6732,2753,67,7960,2755,2292
6732,2753,67,9919,6618,6432
6732,2753,67,1136,8018,2343
6732,2753,67,5176,2181,4581
6732,2753,67,9242,6129,8326
6732,2753,67,3908,6354,3169
6732,2753,67,6735,4533,1395
6732,2753,67,6691,4346,7338
6732,2753,67,3604,4307,9623
6732,2753,67,6761,8856,3284
6732,2753,67,2347,8008,3001
6732,2753,67,3932,5541,2316
6732,2753,67,4184,2054,7162
6732,2753,67,3511,6685,2898
6732,2753,67,6569,1765,7039
6732,2753,67,1964,2715,45
6732,2753,67,4712,3208,8591
6732,2753,67,1998,2599,7623
6732,2753,67,2501,4216,2176
6732,2753,67,9219,9545,951
6732,2753,67,1327,2582,5597
6732,2753,67,5382,7495,1047
6732,2753,67,9481,802,9204
6732,2753,67,525,2402,4833
6732,2753,67,3003,5683,7964
6732,2753,67,7271,8360,2966
6732,2753,67,3034,8176,2617
6732,2753,67,9734,7087,5194
6732,2753,67,1421,6895,9654
6732,2753,67,65,8980,9525
6732,2753,67,9242,4187,8539
6732,2753,67,8137,4224,4469
6732,2753,67,6401,3865,1657
6732,2753,67,7672,250,7708
6732,2753,67,4024,7592,1164
6732,2753,67,6644,5185,8981
6732,2753,67,531,6229,2655
6732,2753,67,8603,2599,4610
6732,2753,67,2422,1227,9166
6732,2753,67,4489,9960,1570
6732,2753,67,366,3820,1825
6732,2753,67,3924,7767,1542
6732,2753,67,4460,8907,665
6732,2753,67,1116,159,8010
6732,2753,67,4404,501,9359
6732,2753,67,5753,9731,8260
6732,2753,67,6541,7529,1842
6732,2753,67,6501,1699,2867
6732,2753,67,4304,7463,2071
6732,2753,67,9655,230,3655
6732,2753,67,5643,431,8571
6732,2753,67,3809,3680,5972
6732,2753,67,6508,3062,3628
6732,2753,67,335,2973,6133
6732,2753,67,7935,5658,7888
6732,2753,67,2878,1517,3604
6732,2753,67,3193,5419,9951
6732,2753,67,1057,9375,9316
6732,2753,67,7666,4829,5678
6732,2753,67,8905,6685,8492
6732,2753,67,2460,9145,811
6732,2753,67,456,2819,9677
6732,2753,67,3379,9587,4943
6732,2753,67,2478,5115,2419
6732,2753,67,8800,7937,8447
6732,2753,67,8166,1094,4128
6732,2753,67,2618,7655,6502
6732,2753,67,9590,4514,5729
6732,2753,67,6742,6014,6748
6732,2753,67,8411,7744,6735
6732,2753,67,2384,2127,8842
6732,2753,67,4874,418,6115
6732,2753,67,5749,1098,6551
6732,2753,67,3874,2027,2027
6732,2753,67,194,4959,1238
6732,2753,67,4405,3376,1686
6732,2753,67,6775,1043,8308
6732,2753,67,9679,6453,4181
6732,2753,67,5568,5561,9434
6732,2753,67,3202,9232,9137
6732,2753,67,2850,3610,976
6732,2753,67,4251,3105,613
6732,2753,67,9886,5157,1755
6732,2753,67,1836,5553,5658
6732,2753,67,3954,7242,2228
6732,2753,67,2838,3286,8448
6732,2753,67,8421,1622,5054
6732,2753,67,7711,1766,8307
6732,2753,67,7917,5642,6874
6732,2753,67,5862,7332,8999
6732,2753,67,6664,2048,7308
6732,2753,67,633,4702,2398
6732,2753,67,3707,6735,4699
6732,2753,67,4855,5262,2127
6732,2753,67,8340,3271,7322
6732,2753,67,6648,7720,7207
6732,2753,67,9592,3317,3304
6732,2753,67,4290,4857,2766
6732,2753,67,9002,4226,452
6732,2753,67,6035,8727,3833
6732,2753,67,3751,3710,3093
6732,2753,67,7225,9641,257
6732,2753,67,9689,9940,8213
6732,2753,67,3664,7431,9865
6732,2753,67,6598,1145,5074
6732,2753,67,720,368,2324
6732,2753,67,1902,9058,8897
6732,2753,67,3870,6359,3254
6732,2753,67,9997,9654,1765
6732,2753,67,9314,7612,5079
6732,2753,67,477,2472,7341
6732,2753,67,253,7012,4631
6732,2753,67,8131,4027,5311
6732,2753,67,8627,6045,6172
6732,2753,67,5299,2920,3189
6732,2753,67,3213,9123,2100
6732,2753,67,4295,5275,7944
6732,2753,67,2095,3786,491
6732,2753,67,3599,4528,5985
6732,2753,67,8951,6858,1819
6732,2753,67,2015,1017,7098
6732,2753,67,9785,5115,3897
6732,2753,67,1970,5488,5846
6732,2753,67,715,8721,6131
6732,2753,67,7321,2057,1065
6732,2753,67,5773,8369,5968
6732,2753,67,6304,6379,6183
6732,2753,67,593,2847,9067
6732,2753,67,2198,4659,7766
6732,2753,67,5076,6123,9094
6732,2753,67,5505,5209,3119
6732,2753,67,8509,153,4531
6732,2753,67,1287,1453,7604
6732,2753,67,8951,6039,4984
6732,2753,67,3134,9814,8694
6732,2753,67,3818,437,817
6732,2753,67,4411,2272,5269
6732,2753,67,266,4166,2549
6732,2753,67,8038,343,7335
6732,2753,67,9025,1871,1541
6732,2753,67,1540,4855,3732
6732,2753,67,7657,6447,1808
6732,2753,67,4992,3754,764
6732,2753,67,3322,8257,3644
6732,2753,67,5315,2905,3733
6732,2753,67,2262,7716,3340
6732,2753,67,644,9716,1028
6732,2753,67,1129,3189,3918
6732,2753,67,3900,9747,181
6732,2753,67,8407,7176,6208
6732,2753,67,7309,1206,6987
6732,2753,67,8530,5749,9789
6732,2753,67,7660,6348,3404
6732,2753,67,2524,9811,1463
6732,2753,67,1220,197,7965
6732,2753,67,5860,3507,7370
6732,2753,67,4222,7411,6316
6732,2753,67,4863,9180,8535
6732,2753,67,9852,1966,22
6732,2753,67,3741,4237,5946
6732,2753,67,3455,3960,9408
6732,2753,67,9651,9006,5647
6732,2753,67,782,356,251
6732,2753,67,6682,7899,73
6732,2753,67,9715,5896,2289
6732,2753,67,6763,9434,5898
6732,2753,67,4845,8183,3461
6732,2753,67,8709,2508,8950
6732,2753,67,1408,9775,6263
6732,2753,67,6609,2944,9588
6732,2753,67,4588,668,2416
6732,2753,67,9337,303,1715
6732,2753,67,7900,2307,8615
6732,2753,67,9660,4853,7148
6732,2753,67,5278,7861,5756
6732,2753,67,7131,2003,7395
6732,2753,67,6347,7022,1059
6732,2753,67,3130,6247,4875
6732,2753,67,9051,6266,738
6732,2753,67,6264,3816,1710
6732,2753,67,4151,4455,8398
6732,2753,67,5863,6397,317
6732,2753,67,36,8379,4819
6732,2753,67,1356,8266,1675
6732,2753,67,1072,9975,4754
6732,2753,67,7546,4862,1445
6732,2753,67,2737,1276,5677
6732,2753,67,4701,6906,4022
6732,2753,67,866,5795,5575
6732,2753,67,2103,696,4623
6732,2753,67,3368,8665,5757
6732,2753,67,8179,2734,7968
6732,2753,67,1201,7221,6037
6732,2753,67,8808,9412,4793
6732,2753,67,7829,5032,7425
6732,2753,67,6387,6459,895
6732,2753,67,432,4539,9713
6732,2753,67,1549,5070,1314
6732,2753,67,9031,8910,8763
6732,2753,67,6516,1387,4998
6732,2753,67,9587,8141,4085
6732,2753,67,7877,7207,5107
6732,2753,67,8243,3135,1379
6732,2753,67,789,5454,1848
6732,2753,67,3085,3651,2858
6732,2753,67,1597,554,3805
6732,2753,67,6942,6077,455
6732,2753,67,5583,3934,9312
6732,2753,67,8790,9814,6493
6732,2753,67,3755,4135,9461
6732,2753,67,2208,1654,988
6732,2753,67,757,8679,6325
6732,2753,67,2197,9259,1967
6732,2753,67,7269,9908,7894
6732,2753,67,6946,2685,9104
6732,2753,67,2238,506,4208
6732,2753,67,3926,7101,9368
6732,2753,67,8326,7402,3177
6732,2753,67,6897,1833,9416
6732,2753,67,3320,9058,7606
6732,2753,67,8395,5795,3412
6732,2753,67,4427,7718,2071
6732,2753,67,3794,4270,6773
6732,2753,67,1563,3780,5351
6732,2753,67,384,1470,6397
6732,2753,67,5419,6918,7405
6732,2753,67,5446,8200,1982
6732,2753,67,7325,1790,7006
6732,2753,67,3272,9255,8286
6732,2753,67,1321,567,1864
6732,2753,67,4483,3049,6375
6732,2753,67,5805,3082,6098
6732,2753,67,7705,9179,8169
6732,2753,67,2351,1174,6097
6732,2753,67,7354,2869,6876
6732,2753,67,237,4244,8951
6732,2753,67,5210,5411,5865
6732,2753,67,2356,823,3132
6732,2753,67,1492,6750,5644
6732,2753,67,9498,3297,6833
6732,2753,67,4300,9372,5742
6732,2753,67,5059,1717,6270
6732,2753,67,490,2881,5188
6732,2753,67,3353,8094,5685
6732,2753,67,8539,4085,4455
6732,2753,67,8986,4099,5090
6732,2753,67,4583,634,1901
6732,2753,67,3022,9376,1518
6732,2753,67,9759,5346,346
6732,2753,67,3123,3177,7386
6732,2753,67,1585,9185,8731
6732,2753,67,3476,6148,2689
6732,2753,67,8620,1740,1436
6732,2753,67,1207,5210,823
6732,2753,67,9569,2651,3828
6732,2753,67,3370,831,5036
6732,2753,67,5274,3109,2641
6732,2753,67,8936,8267,7005
6732,2753,67,1942,9385,1521
6732,2753,67,6385,4085,8847
6732,2753,67,5357,7704,1794
6732,2753,67,3029,9763,4504
6732,2753,67,6583,3459,594
6732,2753,67,5469,598,2734
6732,2753,67,9891,4072,4238
6732,2753,67,5300,690,2419
6732,2753,67,5419,2331,7854
6732,2753,67,9046,9426,7387
6732,2753,67,9734,297,4860
6732,2753,67,33,2583,9598
6732,2753,67,6409,4538,915
6732,2753,67,2891,6357,1146
6732,2753,67,88,518,8473
6732,2753,67,1966,6384,2378
6732,2753,67,240,7738,1533
6732,2753,67,4288,4454,7679
6732,2753,67,6387,7632,5163
6732,2753,67,9100,7508,105
6732,2753,67,3664,9404,3510
6732,2753,67,885,5531,5039
6732,2753,67,6146,5610,7506
6732,2753,67,3544,3426,9928
6732,2753,67,6190,3742,142
6732,2753,67,2614,7771,9820
6732,2753,67,6412,8445,8878
6732,2753,67,2125,9669,518
6732,2753,67,4297,6856,7103
6732,2753,67,4895,227,7525
6732,2753,67,5873,9571,7671
6732,2753,67,93,6939,6285
6732,2753,67,5222,4682,920
6732,2753,67,1820,8769,2075
6732,2753,67,2348,6541,1631
6732,2753,67,3985,3874,5197
6732,2753,67,103,1165,4229
6732,2753,67,1830,1986,1754
6732,2753,67,7082,5672,5106
6732,2753,67,5392,1037,417
6732,2753,67,2650,4237,9304
6732,2753,67,4514,2680,8129
6732,2753,67,9431,1804,4437
6732,2753,67,1533,5034,9197
6732,2753,67,7618,8036,3684
6732,2753,67,1473,536,6682
6732,2753,67,5393,32,7204
6732,2753,67,4929,5269,1795
6732,2753,67,506,6053,8706
6732,2753,67,4888,6180,2984
6732,2753,67,5107,5524,8330
6732,2753,67,9027,1381,5592
6732,2753,67,9175,9722,8657
6732,2753,67,7938,8998,5190
6732,2753,67,1112,4089,9306
6732,2753,67,9767,1491,5146
6732,2753,67,6431,3199,444
6732,2753,67,5000,5290,6968
6732,2753,67,6771,2603,4633
6732,2753,67,3266,8418,4003
6732,2753,67,9698,1717,5406
6732,2753,67,8568,3835,3501
6732,2753,67,1818,2574,6681
6732,2753,67,9429,8953,1259
6732,2753,67,796,3105,2973
6732,2753,67,1951,8038,1036
6732,2753,67,9000,5462,4617
6732,2753,67,2748,115,3374
6732,2753,67,431,599,9910
6732,2753,67,9518,6479,8237
6732,2753,67,9781,8235,7572
6732,2753,67,9690,9913,7558
6732,2753,67,6543,7948,5602
6732,2753,67,5997,5323,3338
6732,2753,67,9659,1195,6027
6732,2753,67,7472,1618,2839
6732,2753,67,9397,3783,7055
6732,2753,67,6173,7249,6399
6732,2753,67,160,3491,9373
6732,2753,67,4005,9866,4393
6732,2753,67,3703,1021,3600
6732,2753,67,2017,1453,6886
6732,2753,67,342,8553,1759
6732,2753,67,5987,3420,9935
6732,2753,67,7924,3121,3525
6732,2753,67,2754,7791,3892
6732,2753,67,9312,2055,6387
6732,2753,67,8182,4916,9296
6732,2753,67,7738,1272,2566
6732,2753,67,4342,9216,6601
6732,2753,67,7507,125,2016
6732,2753,67,7757,518,4475
6732,2753,67,4651,3740,4385
6732,2753,67,734,1002,4986
6732,2753,67,8802,5789,8187
6732,2753,67,9519,3672,8085
6732,2753,67,9708,1191,1880
6732,2753,67,4729,9242,8311
6732,2753,67,5627,4702,7070
6732,2753,67,2559,860,476
6732,2753,67,2862,2275,3921
6732,2753,67,4410,9444,2360
6732,2753,67,2577,6326,8295
6732,2753,67,6837,2481,2344
6732,2753,67,516,9161,1939
6732,2753,67,4765,7252,4235
6732,2753,67,8760,2115,4982
6732,2753,67,1165,3417,1226
6732,2753,67,2080,9746,8361
6732,2753,67,232,9744,4651
6732,2753,67,1684,6351,847
6732,2753,67,4538,3313,5882
6732,2753,67,2197,767,1181
6732,2753,67,8887,487,9169
6732,2753,67,373,2529,940
6732,2753,67,1377,4826,5658
6732,2753,67,7715,3437,3175
6732,2753,67,5662,8631,8088
6732,2753,67,575,9733,6571
6732,2753,67,8939,4539,6824
6732,2753,67,2702,1741,2566
6732,2753,67,5097,3551,6680
6732,2753,67,624,9556,3097
6732,2753,67,5709,4827,1292
6732,2753,67,6465,7538,6492
6732,2753,67,7272,1816,7646
6732,2753,67,4152,8396,1118
6732,2753,67,9946,1907,7213
6732,2753,67,1934,4136,3570
6732,2753,67,8586,7040,495
6732,2753,67,2508,6319,7115
6732,2753,67,4523,7028,550
6732,2753,67,6566,2470,4281
6732,2753,67,6823,1599,4042
6732,2753,67,9987,1959,6063
6732,2753,67,9120,506,8789
6732,2753,67,9409,605,1208
6732,2753,67,7993,2119,7816
6732,2753,67,5339,2186,3282
6732,2753,67,761,8945,5779
6732,2753,67,4748,6238,8727
6732,2753,67,6739,6397,8013
6732,2753,67,6976,6936,8296
6732,2753,67,2143,5030,6893
6732,2753,67,2057,7052,5295
6732,2753,67,9347,6789,6245
6732,2753,67,6711,671,7994
6732,2753,67,2171,330,7782
6732,2753,67,446,6989,6270
6732,2753,67,9503,162,1650
6732,2753,67,6880,6065,5782
6732,2753,67,798,7505,2104
6732,2753,67,9524,1940,8107
6732,2753,67,6917,1020,5412
6732,2753,67,2854,4165,1149
6732,2753,67,8706,9674,5882
6732,2753,67,8527,3575,739
6732,2753,67,4832,9362,7337
6732,2753,67,5723,7671,8447
6732,2753,67,6792,6575,3751
6732,2753,67,5387,8699,1344
6732,2753,67,9539,4860,2528
6732,2753,67,1288,7852,9504
6732,2753,67,108,5547,5725
6732,2753,67,7417,844,1344
6732,2753,67,5675,587,4724
6732,2753,67,807,4713,2760
6732,2753,67,2437,1397,8810
6732,2753,67,881,2814,5740
6732,2753,67,9227,3195,3055
6732,2753,67,2059,7914,5541
6732,2753,67,2219,476,3503
6732,2753,67,3834,6327,5468
6732,2753,67,8352,5781,9085
6732,2753,67,2012,2284,7309
6732,2753,67,9024,7993,5551
6732,2753,67,9776,4999,516
6732,2753,67,9333,3437,1058
6732,2753,67,7692,7312,8842
6732,2753,67,7913,8793,4695
6732,2753,67,2818,2693,3724
6732,2753,67,8157,7988,1519
6732,2753,67,6274,134,8277
6732,2753,67,996,9121,1096
6732,2753,67,6394,9889,3451
6732,2753,67,7204,4191,5320
6732,2753,67,3801,6598,5916
6732,2753,67,350,5077,4950
6732,2753,67,1262,5992,5590
6732,2753,67,4916,6828,256
6732,2753,67,2098,9629,7677
6732,2753,67,5428,9876,1621
6732,2753,67,2542,3728,210
6732,2753,67,5275,3359,9312
6732,2753,67,3519,3288,8387
6732,2753,67,1742,2901,1582
6732,2753,67,4139,7802,6958
6732,2753,67,2917,7882,473
6732,2753,67,7042,6265,8558
6732,2753,67,5422,6734,7614
6732,2753,67,4761,4820,3425
6732,2753,67,9442,3305,1915
6732,2753,67,908,608,7089
6732,2753,67,4069,1388,8702
6732,2753,67,5365,4767,6864
6732,2753,67,5881,7185,5298
6732,2753,67,4277,6997,2629
6732,2753,67,8794,7981,8576
6732,2753,67,6948,9175,2809
6732,2753,67,9140,4033,9048
6732,2753,67,7670,3353,6795
6732,2753,67,6721,5688,6038
6732,2753,67,9585,4390,5733
6732,2753,67,9756,33,2528
6732,2753,67,5222,5239,4950
6732,2753,67,7020,9723,4624
6732,2753,67,7170,4399,6240
6732,2753,67,4935,9925,8627
6732,2753,67,7557,6516,1588
6732,2753,67,5690,9814,2998
6732,2753,67,1638,5251,4860
6732,2753,67,5736,9302,8408
6732,2753,67,2082,832,4626
6732,2753,67,8324,1944,6367
6732,2753,67,4833,2751,7904
6732,2753,67,7635,347,4793
6732,2753,67,6995,1800,6907
6732,2753,67,7607,6283,7697
6732,2753,67,1424,9500,3985
6732,2753,67,3,206,9771
6732,2753,67,1332,6041,9326
6732,2753,67,2957,5306,4559
6732,2753,67,4758,610,9755
6732,2753,67,8909,1929,4162
6732,2753,67,7926,3745,5375
6732,2753,67,1928,8944,6754
6732,2753,67,6642,6396,9491
6732,2753,67,8498,4773,1496
6732,2753,67,9219,4143,889
6732,2753,67,4782,863,1850
6732,2753,67,3616,7160,3372
6732,2753,67,6865,826,507
6732,2753,67,3242,1673,5720
6732,2753,67,2292,8625,4971
6732,2753,67,7646,8195,5966
6732,2753,67,4145,6971,5084
6732,2753,67,2234,1377,952
6732,2753,67,4472,4994,4039
6732,2753,67,1905,1274,5882
6732,2753,67,436,5118,5473
