6828,3167,9083,4923,9403,3570
6828,3167,9083,2329,7003,9776
6828,3167,9083,623,5733,6988
6828,3167,9083,9253,759,315
6828,3167,9083,4517,7629,4645
6828,3167,9083,4318,3874,2645
6828,3167,9083,3849,6373,1466
6828,3167,9083,1066,7616,6513
6828,3167,9083,4492,9551,4749
6828,3167,9083,1757,5907,3378
6828,3167,9083,6760,4853,7140
6828,3167,9083,5282,875,3508
6828,3167,9083,5901,7629,4565
6828,3167,9083,9558,1809,2255
6828,3167,9083,3356,2758,8517
6828,3167,9083,7157,5487,4795
6828,3167,9083,6760,4942,3938
6828,3167,9083,4309,808,1876
6828,3167,9083,7714,9451,8104
6828,3167,9083,3458,4456,6248
6828,3167,9083,5924,8968,2872
6828,3167,9083,2881,4913,9863
6828,3167,9083,3878,4987,1640
6828,3167,9083,5355,3203,6607
6828,3167,9083,6958,6598,846
6828,3167,9083,717,6504,2426
6828,3167,9083,2138,8110,2843
6828,3167,9083,2454,5835,9416
6828,3167,9083,279,5191,8031
6828,3167,9083,7732,8463,2898
6828,3167,9083,3982,5516,6732
6828,3167,9083,6244,2250,455
6828,3167,9083,4811,1242,4096
6828,3167,9083,3962,2539,8446
6828,3167,9083,7698,3552,6656
6828,3167,9083,2664,5119,8926
6828,3167,9083,2851,2876,5959
6828,3167,9083,7805,4365,6154
6828,3167,9083,8673,5359,6270
6828,3167,9083,329,1183,3450
6828,3167,9083,9661,3221,658
6828,3167,9083,7512,7802,8777
6828,3167,9083,1219,8759,118
6828,3167,9083,2348,6156,3962
6828,3167,9083,1966,6962,7550
6828,3167,9083,6906,3646,9715
6828,3167,9083,3516,9350,8062
6828,3167,9083,4288,6120,2439
6828,3167,9083,921,6629,9207
6828,3167,9083,4842,3632,111
6828,3167,9083,7730,1233,6241
6828,3167,9083,4697,2841,8967
6828,3167,9083,4189,9726,3341
6828,3167,9083,8624,8836,697
6828,3167,9083,9547,8416,4797
6828,3167,9083,8798,9151,2128
6828,3167,9083,8998,7980,2680
6828,3167,9083,8630,691,6819
6828,3167,9083,6560,8415,1515
6828,3167,9083,1908,1914,6741
6828,3167,9083,5232,8286,5250
6828,3167,9083,9101,2254,7414
6828,3167,9083,9624,5033,3721
6828,3167,9083,8199,6570,7243
6828,3167,9083,8538,7797,8280
6828,3167,9083,8606,6067,4215
6828,3167,9083,5815,9443,8886
6828,3167,9083,1157,4766,5584
6828,3167,9083,2886,3429,1023
6828,3167,9083,561,9605,7341
6828,3167,9083,4547,4869,5741
6828,3167,9083,598,4850,6761
6828,3167,9083,8269,5964,5264
6828,3167,9083,2982,3959,6504
6828,3167,9083,8959,4184,1460
6828,3167,9083,2140,9705,6464
6828,3167,9083,42,6643,6481
6828,3167,9083,797,867,7885
6828,3167,9083,8830,7263,1840
6828,3167,9083,7284,8189,9753
6828,3167,9083,6990,6800,3284
6828,3167,9083,4497,3642,7450
6828,3167,9083,7003,6616,3798
6828,3167,9083,3585,5209,4131
6828,3167,9083,7997,2206,4413
6828,3167,9083,8728,9963,9687
6828,3167,9083,6649,6377,6579
6828,3167,9083,7993,1285,2440
6828,3167,9083,4979,394,5662
6828,3167,9083,5372,2721,1423
6828,3167,9083,4083,7489,2558
6828,3167,9083,5654,3838,208
6828,3167,9083,3961,6959,4532
6828,3167,9083,848,7687,7753
6828,3167,9083,362,3862,7587
6828,3167,9083,5975,3476,5415
6828,3167,9083,851,4697,8690
6828,3167,9083,8287,633,6980
6828,3167,9083,7960,4343,4603
6828,3167,9083,6450,5633,4184
6828,3167,9083,1042,2010,7825
6828,3167,9083,4569,6631,7797
6828,3167,9083,7071,1791,569
6828,3167,9083,695,6588,5023
6828,3167,9083,7946,5717,1879
6828,3167,9083,3398,9705,2577
6828,3167,9083,4949,8771,6843
6828,3167,9083,2370,8134,3335
6828,3167,9083,8787,4142,7556
6828,3167,9083,3859,7273,9832
6828,3167,9083,8906,1261,6213
6828,3167,9083,3836,6815,3700
6828,3167,9083,5858,8476,551
6828,3167,9083,402,9214,3052
6828,3167,9083,5948,7477,1194
6828,3167,9083,2861,3902,6430
6828,3167,9083,9365,9026,2035
6828,3167,9083,2999,1499,1838
6828,3167,9083,3759,7280,7535
6828,3167,9083,932,992,8681
6828,3167,9083,7694,8143,2985
6828,3167,9083,1054,2372,4815
6828,3167,9083,930,6776,7735
6828,3167,9083,9019,6490,6778
6828,3167,9083,1993,2218,8685
6828,3167,9083,9558,3428,6698
6828,3167,9083,7118,1813,4795
6828,3167,9083,8045,4436,2718
6828,3167,9083,9926,4480,7094
6828,3167,9083,4295,4869,4422
6828,3167,9083,1397,1879,702
6828,3167,9083,8358,467,1792
6828,3167,9083,5012,9784,3730
6828,3167,9083,7170,5172,9803
6828,3167,9083,1594,8147,6373
6828,3167,9083,458,2542,9767
6828,3167,9083,7148,1231,9177
6828,3167,9083,1125,7493,9750
6828,3167,9083,8490,8957,6468
6828,3167,9083,3395,1085,5306
6828,3167,9083,7352,3938,8358
6828,3167,9083,2411,4280,782
6828,3167,9083,6570,1229,9198
6828,3167,9083,9461,8630,5329
6828,3167,9083,3628,5913,3010
6828,3167,9083,8775,9668,4640
6828,3167,9083,4453,615,1983
6828,3167,9083,6955,1046,2284
6828,3167,9083,9247,2186,7579
6828,3167,9083,6193,1417,7402
6828,3167,9083,5309,1016,6458
6828,3167,9083,3297,3935,7225
6828,3167,9083,6823,6148,5216
6828,3167,9083,4608,1415,101
6828,3167,9083,9353,5069,1537
6828,3167,9083,6734,9710,1930
6828,3167,9083,519,7429,2443
6828,3167,9083,8618,5197,4749
6828,3167,9083,790,4796,7568
6828,3167,9083,6552,7345,54
6828,3167,9083,7945,2658,6319
6828,3167,9083,6252,5808,9295
6828,3167,9083,4617,9617,4467
6828,3167,9083,1401,5474,4710
6828,3167,9083,5183,3982,4568
6828,3167,9083,1012,357,7437
6828,3167,9083,7519,7363,3682
6828,3167,9083,9808,8547,7764
6828,3167,9083,1075,5411,1925
6828,3167,9083,2140,7794,1272
6828,3167,9083,7938,7416,7249
6828,3167,9083,2063,3169,1136
6828,3167,9083,6584,5789,7190
6828,3167,9083,261,9431,3744
6828,3167,9083,6254,3839,2441
6828,3167,9083,9214,4631,3488
6828,3167,9083,1926,3810,2035
6828,3167,9083,5891,1504,9668
6828,3167,9083,5318,6426,5605
6828,3167,9083,3870,4597,1176
6828,3167,9083,366,9692,2932
6828,3167,9083,3355,3657,9325
6828,3167,9083,1301,3588,1683
6828,3167,9083,7569,4363,8027
6828,3167,9083,3808,8258,3526
6828,3167,9083,8467,2237,1466
6828,3167,9083,4396,757,4653
6828,3167,9083,7138,8428,3017
6828,3167,9083,6864,9561,8754
6828,3167,9083,3149,2759,8254
6828,3167,9083,3770,2219,3705
6828,3167,9083,2292,1257,1076
6828,3167,9083,7931,506,2988
6828,3167,9083,7580,6688,3051
6828,3167,9083,6190,3169,3594
6828,3167,9083,9167,6084,9834
6828,3167,9083,7337,4230,4097
6828,3167,9083,2521,9189,1330
6828,3167,9083,203,5841,1422
6828,3167,9083,8356,9408,6943
6828,3167,9083,5505,6873,2417
6828,3167,9083,7215,3327,7927
6828,3167,9083,3354,7330,810
6828,3167,9083,4581,4766,9467
6828,3167,9083,1223,1078,5543
6828,3167,9083,4125,8944,2246
6828,3167,9083,6773,8304,2457
6828,3167,9083,7471,8170,8598
6828,3167,9083,9392,7649,9459
6828,3167,9083,663,5331,996
6828,3167,9083,6398,1058,7620
6828,3167,9083,47,8461,1818
6828,3167,9083,7653,662,8175
6828,3167,9083,6192,7724,1733
6828,3167,9083,8183,9800,1953
6828,3167,9083,8995,5370,7190
6828,3167,9083,4664,6847,9324
6828,3167,9083,7477,7189,6963
6828,3167,9083,6745,8292,7375
6828,3167,9083,4147,7967,6826
6828,3167,9083,4713,8627,682
6828,3167,9083,6682,6997,2029
6828,3167,9083,6439,2330,3575
6828,3167,9083,6997,9810,783
6828,3167,9083,8329,1754,1068
6828,3167,9083,4575,4386,2368
6828,3167,9083,795,5769,6157
6828,3167,9083,8763,9273,6877
6828,3167,9083,531,2027,9690
6828,3167,9083,5524,3860,5931
6828,3167,9083,7887,6933,5983
6828,3167,9083,334,9358,5779
6828,3167,9083,4866,4511,3215
6828,3167,9083,6554,8425,8403
6828,3167,9083,4167,4438,9672
6828,3167,9083,5583,753,3039
6828,3167,9083,7099,1688,7593
6828,3167,9083,2501,7453,2723
6828,3167,9083,8338,2822,4731
6828,3167,9083,9639,3040,45
6828,3167,9083,9373,3371,3305
6828,3167,9083,6835,9022,6363
6828,3167,9083,4335,7091,1393
6828,3167,9083,1318,8397,1648
6828,3167,9083,7392,3168,3916
6828,3167,9083,4116,4965,8009
6828,3167,9083,9959,7096,3707
6828,3167,9083,7464,916,682
6828,3167,9083,390,2492,2877
6828,3167,9083,5414,5830,2603
6828,3167,9083,5806,6275,2606
6828,3167,9083,5753,1106,8176
6828,3167,9083,8276,6160,164
6828,3167,9083,3459,438,6851
6828,3167,9083,8530,9148,3019
6828,3167,9083,3850,4560,5712
6828,3167,9083,4911,1670,610
6828,3167,9083,5110,4005,2003
6828,3167,9083,8237,8840,9408
6828,3167,9083,5193,3647,9114
6828,3167,9083,579,301,7021
6828,3167,9083,5565,9924,2861
6828,3167,9083,8363,3436,2993
6828,3167,9083,5744,3796,2572
6828,3167,9083,7164,296,8429
6828,3167,9083,5109,7707,4809
6828,3167,9083,7972,9178,7083
6828,3167,9083,6221,7602,4864
6828,3167,9083,7167,8814,1740
6828,3167,9083,7,1501,8347
6828,3167,9083,719,798,5743
6828,3167,9083,1635,7772,5516
6828,3167,9083,6632,9563,420
6828,3167,9083,1099,7257,8830
6828,3167,9083,1326,8756,7245
6828,3167,9083,83,902,374
6828,3167,9083,2893,9978,20
6828,3167,9083,5521,3246,2330
6828,3167,9083,8595,7962,890
6828,3167,9083,7314,7605,914
6828,3167,9083,7779,9270,1861
6828,3167,9083,38,4259,6221
6828,3167,9083,1013,7325,4493
6828,3167,9083,5386,616,9787
6828,3167,9083,2674,1578,2369
6828,3167,9083,8193,6488,1947
6828,3167,9083,6560,9485,4493
6828,3167,9083,5007,1343,3916
6828,3167,9083,5829,7613,2690
6828,3167,9083,8784,2595,843
6828,3167,9083,5304,8022,7734
6828,3167,9083,7183,7145,3909
6828,3167,9083,3306,9646,1772
6828,3167,9083,3698,3468,4344
6828,3167,9083,9897,9558,876
6828,3167,9083,4651,40,4387
6828,3167,9083,5576,3984,7684
6828,3167,9083,6468,680,5341
6828,3167,9083,2495,2560,7999
6828,3167,9083,6019,9181,6759
6828,3167,9083,6561,7834,7030
6828,3167,9083,3492,6179,5233
6828,3167,9083,1631,8046,4612
6828,3167,9083,2671,1102,5600
6828,3167,9083,4291,2501,8060
6828,3167,9083,8671,6216,8867
6828,3167,9083,8863,11,1980
6828,3167,9083,7492,2493,3314
6828,3167,9083,252,8676,7343
6828,3167,9083,8848,456,2689
6828,3167,9083,1131,2684,1759
6828,3167,9083,1671,5786,9072
6828,3167,9083,6441,5516,3209
6828,3167,9083,1160,6375,178
6828,3167,9083,4740,7694,672
6828,3167,9083,4416,3544,7492
6828,3167,9083,6405,2197,6904
6828,3167,9083,3603,2115,5871
6828,3167,9083,7490,8056,7661
6828,3167,9083,6566,6530,7327
6828,3167,9083,9960,1182,1201
6828,3167,9083,228,7280,2631
6828,3167,9083,8184,3431,3761
6828,3167,9083,1564,9281,8535
6828,3167,9083,6650,2968,5235
6828,3167,9083,4483,9895,8406
6828,3167,9083,8365,3267,8758
6828,3167,9083,3116,2610,483
6828,3167,9083,5540,388,9399
6828,3167,9083,931,2424,6113
6828,3167,9083,9477,1850,5354
6828,3167,9083,1569,9854,5803
6828,3167,9083,3550,2049,3767
6828,3167,9083,4984,5252,3833
6828,3167,9083,8911,9467,9417
6828,3167,9083,3349,5820,6516
6828,3167,9083,6838,6365,7268
6828,3167,9083,178,6521,7422
6828,3167,9083,9400,682,2654
6828,3167,9083,1852,3833,3101
6828,3167,9083,1409,8353,6152
6828,3167,9083,2000,2100,8735
6828,3167,9083,7167,9593,1160
6828,3167,9083,9338,6882,8149
6828,3167,9083,1920,9422,5974
6828,3167,9083,7240,7507,9544
6828,3167,9083,6392,6212,7203
6828,3167,9083,9964,679,6724
6828,3167,9083,1887,3292,7881
6828,3167,9083,3249,6300,3749
6828,3167,9083,7082,4023,9008
6828,3167,9083,7012,6306,1253
6828,3167,9083,7830,8312,2434
6828,3167,9083,5734,4685,1535
6828,3167,9083,163,7545,1856
6828,3167,9083,1552,8838,4397
6828,3167,9083,6064,2799,8006
6828,3167,9083,8859,5232,8457
6828,3167,9083,1865,2711,4791
6828,3167,9083,3347,5065,2173
6828,3167,9083,3120,3157,4608
6828,3167,9083,7858,3417,433
6828,3167,9083,9558,3230,430
6828,3167,9083,382,5209,3662
6828,3167,9083,3817,18,1169
6828,3167,9083,3187,9017,9751
6828,3167,9083,9972,6724,7459
6828,3167,9083,7360,6224,570
6828,3167,9083,9838,2574,331
6828,3167,9083,3858,5140,5221
6828,3167,9083,2272,4078,2569
6828,3167,9083,9890,235,1483
6828,3167,9083,5437,3875,5391
6828,3167,9083,482,3124,13
6828,3167,9083,1968,1051,3037
6828,3167,9083,2975,8172,9288
6828,3167,9083,3956,9798,5331
6828,3167,9083,5283,3216,8018
6828,3167,9083,1623,8673,348
6828,3167,9083,1107,3758,6793
6828,3167,9083,1619,5330,813
6828,3167,9083,4297,7039,8313
6828,3167,9083,2331,1029,2276
6828,3167,9083,7429,466,5679
6828,3167,9083,718,4192,1788
6828,3167,9083,6552,6137,5345
6828,3167,9083,956,6226,4771
6828,3167,9083,8982,8265,7935
6828,3167,9083,9550,9166,9448
6828,3167,9083,5831,929,336
6828,3167,9083,6165,878,6389
6828,3167,9083,3604,3429,6879
6828,3167,9083,1008,43,9307
6828,3167,9083,2981,6824,8330
6828,3167,9083,5854,2378,6366
6828,3167,9083,3440,1158,8726
6828,3167,9083,3883,4215,7063
6828,3167,9083,9356,8897,4351
6828,3167,9083,7515,9997,206
6828,3167,9083,8203,7197,3640
6828,3167,9083,1401,1840,6771
6828,3167,9083,5828,5262,7083
6828,3167,9083,4584,1892,5339
6828,3167,9083,8538,2405,3794
6828,3167,9083,8995,5946,9423
6828,3167,9083,6832,4894,9829
6828,3167,9083,4569,2626,4388
6828,3167,9083,8454,276,9113
6828,3167,9083,6210,8441,7593
6828,3167,9083,6836,465,3658
6828,3167,9083,7342,2621,7523
6828,3167,9083,7463,779,1541
6828,3167,9083,8101,967,5140
6828,3167,9083,4503,875,7003
6828,3167,9083,6440,4364,2526
6828,3167,9083,4392,1385,8300
6828,3167,9083,6651,6432,3955
6828,3167,9083,3361,926,4882
6828,3167,9083,7805,1988,8372
6828,3167,9083,1512,1077,7751
6828,3167,9083,6286,4443,7695
6828,3167,9083,4419,102,9134
6828,3167,9083,845,4019,5765
6828,3167,9083,9603,2652,3512
6828,3167,9083,3670,3308,5663
6828,3167,9083,7052,1410,1060
6828,3167,9083,7449,6076,4674
6828,3167,9083,9659,8508,4356
6828,3167,9083,5695,2206,1374
6828,3167,9083,7407,9764,8828
6828,3167,9083,4077,8271,7856
6828,3167,9083,585,2285,3639
6828,3167,9083,4670,5058,6940
6828,3167,9083,5655,1893,7368
6828,3167,9083,9581,7056,1968
6828,3167,9083,9588,4339,4598
6828,3167,9083,694,2776,4821
6828,3167,9083,5821,3461,5464
6828,3167,9083,114,9071,9161
6828,3167,9083,7958,1018,7920
6828,3167,9083,8989,1196,8523
6828,3167,9083,8342,9647,5879
6828,3167,9083,4789,4054,4292
6828,3167,9083,2919,2594,5926
6828,3167,9083,150,5971,4662
6828,3167,9083,5905,1274,7760
6828,3167,9083,6778,6993,9363
6828,3167,9083,7871,7209,8573
6828,3167,9083,9979,3842,7796
6828,3167,9083,651,7209,6433
6828,3167,9083,3878,2558,9510
6828,3167,9083,5163,4089,2453
6828,3167,9083,1354,3379,8948
6828,3167,9083,6587,4303,4839
6828,3167,9083,1982,8615,6016
6828,3167,9083,567,6805,9315
6828,3167,9083,2263,4058,8826
6828,3167,9083,3476,5144,5089
6828,3167,9083,1294,6617,1675
6828,3167,9083,7196,9137,7495
6828,3167,9083,3885,8859,8141
6828,3167,9083,6248,5751,8337
6828,3167,9083,3417,4010,2889
6828,3167,9083,660,1242,1682
6828,3167,9083,9897,5045,8481
6828,3167,9083,5408,6496,7981
6828,3167,9083,9709,8183,7077
6828,3167,9083,6241,976,9252
6828,3167,9083,9243,4599,4645
6828,3167,9083,5277,8097,2664
6828,3167,9083,3957,6732,5754
6828,3167,9083,4258,1983,7780
6828,3167,9083,8049,3570,9421
6828,3167,9083,2206,9757,7635
6828,3167,9083,6530,2662,8091
6828,3167,9083,2527,4366,1127
6828,3167,9083,5447,3438,1444
6828,3167,9083,4585,313,5205
6828,3167,9083,8631,6257,831
6828,3167,9083,1521,7270,1854
6828,3167,9083,8133,2655,363
6828,3167,9083,6581,3424,9309
6828,3167,9083,5215,299,7376
6828,3167,9083,2599,2651,2860
6828,3167,9083,828,6570,9177
6828,3167,9083,6407,5779,2082
6828,3167,9083,908,3178,3587
6828,3167,9083,4319,4758,6158
6828,3167,9083,861,649,2594
6828,3167,9083,6485,6867,765
6828,3167,9083,1076,188,3323
6828,3167,9083,7167,2257,438
6828,3167,9083,4987,3511,4841
6828,3167,9083,4977,8131,683
6828,3167,9083,9382,1756,1107
6828,3167,9083,3596,5782,3950
6828,3167,9083,6466,9272,9310
6828,3167,9083,1845,3831,8597
6828,3167,9083,8815,1182,581
6828,3167,9083,3301,8104,6913
6828,3167,9083,1957,5185,5714
6828,3167,9083,6982,2184,6481
6828,3167,9083,4616,8460,6911
6828,3167,9083,5205,379,5031
6828,3167,9083,2860,5322,8671
6828,3167,9083,9785,3654,2121
6828,3167,9083,5848,9770,154
6828,3167,9083,3482,8018,4518
6828,3167,9083,2687,577,7346
6828,3167,9083,964,4907,4132
