5504,9923,4608,5133,6153,1226
5504,9923,4608,3311,2883,3033
5504,9923,4608,3949,2705,7322
5504,9923,4608,8705,2026,1488
5504,9923,4608,6860,3365,2541
5504,9923,4608,7297,7601,6130
5504,9923,4608,6808,4469,8771
5504,9923,4608,9607,5906,8960
5504,9923,4608,8557,2246,2067
5504,9923,4608,2327,6425,7768
5504,9923,4608,7640,165,1722
5504,9923,4608,6419,2065,4291
5504,9923,4608,6939,4602,1799
5504,9923,4608,2080,9730,9417
5504,9923,4608,4487,7025,7981
5504,9923,4608,5717,9331,6759
5504,9923,4608,7311,3373,9374
5504,9923,4608,2240,2411,9394
5504,9923,4608,7717,6800,9544
5504,9923,4608,9331,9091,6621
5504,9923,4608,1952,6632,1978
5504,9923,4608,797,7510,3210
5504,9923,4608,9318,6530,6751
5504,9923,4608,7857,5346,1703
5504,9923,4608,9788,8218,4520
5504,9923,4608,4830,7932,6090
5504,9923,4608,4243,6239,3441
5504,9923,4608,3312,8593,8820
5504,9923,4608,8790,169,5009
5504,9923,4608,9367,5017,2712
5504,9923,4608,5041,1539,6513
5504,9923,4608,9329,6089,3401
5504,9923,4608,9339,437,2549
5504,9923,4608,5184,3832,8804
5504,9923,4608,2572,932,4918
5504,9923,4608,3470,9402,8022
5504,9923,4608,8990,9998,9174
5504,9923,4608,3705,5171,1302
5504,9923,4608,5701,331,2703
5504,9923,4608,9618,1443,6591
5504,9923,4608,2053,6715,926
5504,9923,4608,2351,7126,4598
5504,9923,4608,9668,1273,3585
5504,9923,4608,7431,8407,2089
5504,9923,4608,7260,7306,3339
5504,9923,4608,173,9037,4442
5504,9923,4608,5212,5117,9242
5504,9923,4608,2153,4908,6248
5504,9923,4608,5575,7942,4768
5504,9923,4608,2224,859,7980
5504,9923,4608,8801,9189,3098
5504,9923,4608,4853,9526,2919
5504,9923,4608,9005,5569,6611
5504,9923,4608,9559,4034,5055
5504,9923,4608,2536,2906,4932
5504,9923,4608,3440,9207,3742
5504,9923,4608,4086,5748,1797
5504,9923,4608,8280,7916,4392
5504,9923,4608,6740,1718,9998
5504,9923,4608,2299,6989,7677
5504,9923,4608,7784,5694,2709
5504,9923,4608,5836,6460,3393
5504,9923,4608,6698,7360,1254
5504,9923,4608,169,1889,4931
5504,9923,4608,3554,5756,5303
5504,9923,4608,6191,1804,8849
5504,9923,4608,3816,2619,2263
5504,9923,4608,4335,4874,8862
5504,9923,4608,8048,3670,7561
5504,9923,4608,3980,3300,7384
5504,9923,4608,4420,4865,2412
5504,9923,4608,3552,3508,4150
5504,9923,4608,2252,5769,1687
5504,9923,4608,1323,943,9936
5504,9923,4608,5289,9351,1063
5504,9923,4608,7377,1720,7765
5504,9923,4608,5760,5884,1631
5504,9923,4608,7458,4453,1013
5504,9923,4608,2989,1182,1505
5504,9923,4608,282,5315,9771
5504,9923,4608,9639,5534,7033
5504,9923,4608,6759,7680,5417
5504,9923,4608,9959,4633,3959
5504,9923,4608,5529,5178,116
5504,9923,4608,4026,9503,6451
5504,9923,4608,1879,2875,6581
5504,9923,4608,3305,5632,6938
5504,9923,4608,2036,770,6897
5504,9923,4608,5539,1284,1629
5504,9923,4608,5472,7810,5098
5504,9923,4608,1159,1336,308
5504,9923,4608,4961,3225,68
5504,9923,4608,7274,230,3495
5504,9923,4608,4109,4088,4741
5504,9923,4608,5763,2137,4640
5504,9923,4608,1258,5990,5362
5504,9923,4608,5526,8208,333
5504,9923,4608,204,8512,2145
5504,9923,4608,7152,5319,9457
5504,9923,4608,5329,6780,410
5504,9923,4608,3456,4555,4159
5504,9923,4608,9311,3847,7297
5504,9923,4608,6109,6441,8613
5504,9923,4608,4723,3953,757
5504,9923,4608,2489,6327,7705
5504,9923,4608,9929,8816,3917
5504,9923,4608,2233,868,815
5504,9923,4608,4234,5223,5364
5504,9923,4608,4947,9147,1930
5504,9923,4608,6710,5430,3758
5504,9923,4608,7510,7293,6899
5504,9923,4608,3877,6675,6255
5504,9923,4608,4483,1977,7857
5504,9923,4608,6319,6516,5894
5504,9923,4608,8573,8920,6322
5504,9923,4608,9701,4154,370
5504,9923,4608,5761,854,1865
5504,9923,4608,1904,1545,1905
5504,9923,4608,8479,3458,4161
5504,9923,4608,6122,4562,1491
5504,9923,4608,6399,3606,1534
5504,9923,4608,1043,2957,6699
5504,9923,4608,5212,7996,6078
5504,9923,4608,4869,1691,448
5504,9923,4608,3107,5866,4346
5504,9923,4608,5221,4837,4644
5504,9923,4608,6760,1122,5722
5504,9923,4608,4531,6211,698
5504,9923,4608,259,6077,9011
5504,9923,4608,8977,2555,6585
5504,9923,4608,5936,2688,2953
5504,9923,4608,2539,4400,6378
5504,9923,4608,7777,3976,7656
5504,9923,4608,3183,5215,4809
5504,9923,4608,4388,8664,1637
5504,9923,4608,4059,1490,5835
5504,9923,4608,1793,4176,9667
5504,9923,4608,3746,2970,8225
5504,9923,4608,7889,1806,3283
5504,9923,4608,9648,528,7244
5504,9923,4608,708,694,5756
5504,9923,4608,5079,3765,3008
5504,9923,4608,2440,7887,5873
5504,9923,4608,6366,4580,7692
5504,9923,4608,349,1152,3172
5504,9923,4608,9541,5466,6050
5504,9923,4608,3778,451,6415
5504,9923,4608,9184,3430,5830
5504,9923,4608,6731,1978,3388
5504,9923,4608,9160,4242,4677
5504,9923,4608,3097,8555,8717
5504,9923,4608,3217,1355,9345
5504,9923,4608,2897,4911,2889
5504,9923,4608,5746,1540,3151
5504,9923,4608,7247,1564,900
5504,9923,4608,2465,3929,7346
5504,9923,4608,4194,7892,1872
5504,9923,4608,3073,1483,9309
5504,9923,4608,4392,2732,2637
5504,9923,4608,6940,2503,1515
5504,9923,4608,7491,9433,6757
5504,9923,4608,9482,9737,363
5504,9923,4608,769,5694,90
5504,9923,4608,2514,8833,4567
5504,9923,4608,986,2768,1545
5504,9923,4608,7267,9951,2997
5504,9923,4608,4094,8760,6335
5504,9923,4608,1136,4883,4914
5504,9923,4608,3219,2651,7213
5504,9923,4608,7242,6732,105
5504,9923,4608,2597,6741,4534
5504,9923,4608,5050,4320,3939
5504,9923,4608,8860,2992,2635
5504,9923,4608,7088,4683,6358
5504,9923,4608,237,1404,189
5504,9923,4608,3116,8904,2933
5504,9923,4608,9636,1373,3328
5504,9923,4608,7983,3441,4690
5504,9923,4608,7086,5205,149
5504,9923,4608,9571,1789,9167
5504,9923,4608,9699,4795,4335
5504,9923,4608,9109,6546,3803
5504,9923,4608,5441,6321,9121
5504,9923,4608,1118,4942,1931
5504,9923,4608,7903,7552,9832
5504,9923,4608,4159,7798,6701
5504,9923,4608,7755,6926,4158
5504,9923,4608,1377,5642,7302
5504,9923,4608,9403,4138,9631
5504,9923,4608,1146,9755,7170
5504,9923,4608,3327,9004,1777
5504,9923,4608,6625,886,6501
5504,9923,4608,5869,6694,4186
5504,9923,4608,5967,6064,6666
5504,9923,4608,9259,5005,6932
5504,9923,4608,2445,447,7278
5504,9923,4608,4550,175,6785
5504,9923,4608,2780,7939,8485
5504,9923,4608,4980,2502,8263
5504,9923,4608,8679,4954,9807
5504,9923,4608,5958,8164,3559
5504,9923,4608,6439,2226,1994
5504,9923,4608,7505,2781,66
5504,9923,4608,1865,1107,9683
5504,9923,4608,7287,2137,3012
5504,9923,4608,7075,283,1855
5504,9923,4608,739,3527,5072
5504,9923,4608,1947,686,1145
5504,9923,4608,4637,7412,1973
5504,9923,4608,3754,2585,7993
5504,9923,4608,798,4842,1453
5504,9923,4608,1524,1592,6169
5504,9923,4608,8093,3430,4867
5504,9923,4608,9007,7123,3129
5504,9923,4608,192,2346,6234
5504,9923,4608,4275,8319,4894
5504,9923,4608,9556,1741,3452
5504,9923,4608,8167,6693,3098
5504,9923,4608,8482,3188,3459
5504,9923,4608,5123,6595,4861
5504,9923,4608,1434,8866,4771
5504,9923,4608,4081,1664,3963
5504,9923,4608,506,1494,4590
5504,9923,4608,7935,1433,6556
5504,9923,4608,3484,2839,1096
5504,9923,4608,1752,6064,2280
5504,9923,4608,3982,5279,9269
5504,9923,4608,882,6373,5182
5504,9923,4608,2015,7454,1902
5504,9923,4608,2076,4467,527
5504,9923,4608,7378,6905,5656
5504,9923,4608,9594,9299,3026
5504,9923,4608,1377,4570,4670
5504,9923,4608,6899,178,6312
5504,9923,4608,637,5582,5112
5504,9923,4608,9475,4387,3206
5504,9923,4608,8348,236,2454
5504,9923,4608,8503,8466,4321
5504,9923,4608,9363,1296,3103
5504,9923,4608,3892,6635,7000
5504,9923,4608,603,2099,2226
5504,9923,4608,4284,8173,7377
5504,9923,4608,9866,4886,7625
5504,9923,4608,5687,4947,7026
5504,9923,4608,6483,3838,1698
5504,9923,4608,1065,597,5772
5504,9923,4608,5028,2375,3715
5504,9923,4608,561,1836,7126
5504,9923,4608,401,8129,8391
5504,9923,4608,8527,4526,8876
5504,9923,4608,4691,7724,6842
5504,9923,4608,6495,3622,4354
5504,9923,4608,7265,1340,8742
5504,9923,4608,5158,3857,6934
5504,9923,4608,9241,7877,6445
5504,9923,4608,9741,7430,2023
5504,9923,4608,5910,6448,229
5504,9923,4608,1424,6246,5975
5504,9923,4608,9324,2782,9678
5504,9923,4608,2382,4560,9413
5504,9923,4608,2926,1218,2889
5504,9923,4608,1384,7421,4794
5504,9923,4608,4059,834,1622
5504,9923,4608,9622,8767,6285
5504,9923,4608,8513,3307,1716
5504,9923,4608,6865,1628,8318
5504,9923,4608,7824,5887,7971
5504,9923,4608,2949,1227,9085
5504,9923,4608,4414,3867,253
5504,9923,4608,2712,5305,1926
5504,9923,4608,3382,5885,827
5504,9923,4608,4923,3541,5501
5504,9923,4608,711,8969,487
5504,9923,4608,2392,9183,3157
5504,9923,4608,3988,3606,9971
5504,9923,4608,6436,6559,2628
5504,9923,4608,2069,7508,7395
5504,9923,4608,8468,7712,4556
5504,9923,4608,5613,6959,4417
5504,9923,4608,9189,3715,8067
5504,9923,4608,4165,7812,3643
5504,9923,4608,1112,4524,4258
5504,9923,4608,1525,2157,9213
5504,9923,4608,2723,5737,2040
5504,9923,4608,9099,316,3303
5504,9923,4608,5414,1875,8835
5504,9923,4608,1511,8315,3421
5504,9923,4608,9081,6146,8023
5504,9923,4608,6266,828,9570
5504,9923,4608,6809,339,4047
5504,9923,4608,4841,4910,7451
5504,9923,4608,7300,3283,8208
5504,9923,4608,3259,132,1926
5504,9923,4608,1630,8264,5516
5504,9923,4608,4344,4177,5336
5504,9923,4608,8215,169,8129
5504,9923,4608,1328,8859,2397
5504,9923,4608,2467,2030,897
5504,9923,4608,7232,8934,6327
5504,9923,4608,1484,9577,558
5504,9923,4608,3174,4462,5015
5504,9923,4608,230,9659,3745
5504,9923,4608,1055,5165,8967
5504,9923,4608,9795,3551,1799
5504,9923,4608,958,2320,8608
5504,9923,4608,8607,2036,276
5504,9923,4608,704,3123,4992
5504,9923,4608,8951,6361,4161
5504,9923,4608,5938,6184,8834
5504,9923,4608,3297,5571,8991
5504,9923,4608,8046,195,8846
5504,9923,4608,1168,2018,3383
5504,9923,4608,7039,8300,6847
5504,9923,4608,1247,8372,2432
5504,9923,4608,3796,5628,2865
5504,9923,4608,6561,3935,8969
5504,9923,4608,6192,5089,7864
5504,9923,4608,1899,6489,8904
5504,9923,4608,5301,7124,3032
5504,9923,4608,551,7831,5366
5504,9923,4608,4949,1822,6557
5504,9923,4608,1468,5370,5919
5504,9923,4608,8081,8724,1044
5504,9923,4608,1190,7499,694
5504,9923,4608,5656,7020,4799
5504,9923,4608,3637,1860,9885
5504,9923,4608,596,4131,8852
5504,9923,4608,2579,766,3216
5504,9923,4608,5444,2416,956
5504,9923,4608,4860,6197,9279
5504,9923,4608,2289,2536,2567
5504,9923,4608,3376,868,3170
5504,9923,4608,3338,757,28
5504,9923,4608,2600,7707,7562
5504,9923,4608,205,37,3174
5504,9923,4608,6854,5823,3092
5504,9923,4608,8847,7244,2619
5504,9923,4608,163,9023,4714
5504,9923,4608,5495,1513,5964
5504,9923,4608,7585,2361,3392
5504,9923,4608,9926,2330,3595
5504,9923,4608,1634,1658,1068
5504,9923,4608,6479,6685,7404
5504,9923,4608,3080,6259,8586
5504,9923,4608,4462,2602,7098
5504,9923,4608,3804,7042,4468
5504,9923,4608,8799,1087,4674
5504,9923,4608,8826,9066,966
5504,9923,4608,5038,9213,4568
5504,9923,4608,3246,3513,7161
5504,9923,4608,4443,2852,2862
5504,9923,4608,5326,2788,1740
5504,9923,4608,3552,1856,3011
5504,9923,4608,5731,2748,142
5504,9923,4608,2574,8940,1541
5504,9923,4608,6624,8193,8450
5504,9923,4608,9696,5397,9030
5504,9923,4608,4645,8221,2980
5504,9923,4608,783,8693,5379
5504,9923,4608,6708,1124,7481
5504,9923,4608,3095,7643,9486
5504,9923,4608,2369,7484,3645
5504,9923,4608,77,4483,9343
5504,9923,4608,5507,6702,7442
5504,9923,4608,7951,9349,242
5504,9923,4608,3227,4324,9731
5504,9923,4608,9350,1141,5176
5504,9923,4608,5259,405,4132
5504,9923,4608,9032,9228,9834
5504,9923,4608,3314,6959,8464
5504,9923,4608,7179,5765,735
5504,9923,4608,4311,6506,4892
5504,9923,4608,5418,308,6105
5504,9923,4608,5173,2537,556
5504,9923,4608,627,5807,2545
5504,9923,4608,5838,754,1010
5504,9923,4608,1338,6421,1529
5504,9923,4608,297,7848,6278
5504,9923,4608,8739,3182,6003
5504,9923,4608,102,2243,2574
5504,9923,4608,418,2151,395
5504,9923,4608,4092,3522,8633
5504,9923,4608,3786,3934,6966
5504,9923,4608,7017,996,1706
5504,9923,4608,6577,6064,6577
5504,9923,4608,6445,2346,1244
5504,9923,4608,7414,8464,790
5504,9923,4608,8420,9675,5299
5504,9923,4608,1973,4671,8821
5504,9923,4608,581,9550,8476
5504,9923,4608,9891,1865,4247
5504,9923,4608,7102,7600,7103
5504,9923,4608,2,4052,6863
5504,9923,4608,7302,4882,5714
5504,9923,4608,4082,8623,1185
5504,9923,4608,9869,5441,2663
5504,9923,4608,6229,3274,2249
5504,9923,4608,136,5465,979
5504,9923,4608,7209,1188,6602
5504,9923,4608,6103,1745,6197
5504,9923,4608,4923,9403,3570
5504,9923,4608,2329,7003,9776
5504,9923,4608,623,5733,6988
5504,9923,4608,9253,759,315
5504,9923,4608,4517,7629,4645
5504,9923,4608,4318,3874,2645
5504,9923,4608,3849,6373,1466
5504,9923,4608,1066,7616,6513
5504,9923,4608,4492,9551,4749
5504,9923,4608,1757,5907,3378
5504,9923,4608,6760,4853,7140
5504,9923,4608,5282,875,3508
5504,9923,4608,5901,7629,4565
5504,9923,4608,9558,1809,2255
5504,9923,4608,3356,2758,8517
5504,9923,4608,7157,5487,4795
5504,9923,4608,6760,4942,3938
5504,9923,4608,4309,808,1876
5504,9923,4608,7714,9451,8104
5504,9923,4608,3458,4456,6248
5504,9923,4608,5924,8968,2872
5504,9923,4608,2881,4913,9863
5504,9923,4608,3878,4987,1640
5504,9923,4608,5355,3203,6607
5504,9923,4608,6958,6598,846
5504,9923,4608,717,6504,2426
5504,9923,4608,2138,8110,2843
5504,9923,4608,2454,5835,9416
5504,9923,4608,279,5191,8031
5504,9923,4608,7732,8463,2898
5504,9923,4608,3982,5516,6732
5504,9923,4608,6244,2250,455
5504,9923,4608,4811,1242,4096
5504,9923,4608,3962,2539,8446
5504,9923,4608,7698,3552,6656
5504,9923,4608,2664,5119,8926
5504,9923,4608,2851,2876,5959
5504,9923,4608,7805,4365,6154
5504,9923,4608,8673,5359,6270
5504,9923,4608,329,1183,3450
5504,9923,4608,9661,3221,658
5504,9923,4608,7512,7802,8777
5504,9923,4608,1219,8759,118
5504,9923,4608,2348,6156,3962
5504,9923,4608,1966,6962,7550
5504,9923,4608,6906,3646,9715
5504,9923,4608,3516,9350,8062
5504,9923,4608,4288,6120,2439
5504,9923,4608,921,6629,9207
5504,9923,4608,4842,3632,111
5504,9923,4608,7730,1233,6241
5504,9923,4608,4697,2841,8967
5504,9923,4608,4189,9726,3341
5504,9923,4608,8624,8836,697
5504,9923,4608,9547,8416,4797
5504,9923,4608,8798,9151,2128
5504,9923,4608,8998,7980,2680
5504,9923,4608,8630,691,6819
5504,9923,4608,6560,8415,1515
5504,9923,4608,1908,1914,6741
5504,9923,4608,5232,8286,5250
5504,9923,4608,9101,2254,7414
5504,9923,4608,9624,5033,3721
5504,9923,4608,8199,6570,7243
5504,9923,4608,8538,7797,8280
5504,9923,4608,8606,6067,4215
5504,9923,4608,5815,9443,8886
5504,9923,4608,1157,4766,5584
5504,9923,4608,2886,3429,1023
5504,9923,4608,561,9605,7341
5504,9923,4608,4547,4869,5741
5504,9923,4608,598,4850,6761
5504,9923,4608,8269,5964,5264
5504,9923,4608,2982,3959,6504
5504,9923,4608,8959,4184,1460
5504,9923,4608,2140,9705,6464
5504,9923,4608,42,6643,6481
5504,9923,4608,797,867,7885
5504,9923,4608,8830,7263,1840
5504,9923,4608,7284,8189,9753
5504,9923,4608,6990,6800,3284
5504,9923,4608,4497,3642,7450
5504,9923,4608,7003,6616,3798
5504,9923,4608,3585,5209,4131
5504,9923,4608,7997,2206,4413
5504,9923,4608,8728,9963,9687
5504,9923,4608,6649,6377,6579
5504,9923,4608,7993,1285,2440
5504,9923,4608,4979,394,5662
5504,9923,4608,5372,2721,1423
5504,9923,4608,4083,7489,2558
5504,9923,4608,5654,3838,208
5504,9923,4608,3961,6959,4532
5504,9923,4608,848,7687,7753
5504,9923,4608,362,3862,7587
5504,9923,4608,5975,3476,5415
5504,9923,4608,851,4697,8690
5504,9923,4608,8287,633,6980
5504,9923,4608,7960,4343,4603
5504,9923,4608,6450,5633,4184
5504,9923,4608,1042,2010,7825
5504,9923,4608,4569,6631,7797
5504,9923,4608,7071,1791,569
5504,9923,4608,695,6588,5023
5504,9923,4608,7946,5717,1879
5504,9923,4608,3398,9705,2577
5504,9923,4608,4949,8771,6843
5504,9923,4608,2370,8134,3335
5504,9923,4608,8787,4142,7556
5504,9923,4608,3859,7273,9832
