2156,6899,6607,6468,2150,8037
2156,6899,6607,5415,9702,4950
2156,6899,6607,9205,907,422
2156,6899,6607,8112,8632,9763
2156,6899,6607,508,5718,4384
2156,6899,6607,4406,1553,8832
2156,6899,6607,8743,5727,9519
2156,6899,6607,7901,9430,4164
2156,6899,6607,8598,9800,6952
2156,6899,6607,4379,4724,5737
2156,6899,6607,6042,4511,4290
2156,6899,6607,8192,7012,5841
2156,6899,6607,6812,7859,4280
2156,6899,6607,7218,1644,4109
2156,6899,6607,5851,386,796
2156,6899,6607,9086,2211,9617
2156,6899,6607,6995,9890,3449
2156,6899,6607,9668,132,8430
2156,6899,6607,2076,3050,5107
2156,6899,6607,3021,7385,2644
2156,6899,6607,5974,6504,4975
2156,6899,6607,7371,6069,3355
2156,6899,6607,3578,8686,3403
2156,6899,6607,6968,1261,2985
2156,6899,6607,8531,995,3623
2156,6899,6607,768,2419,7218
2156,6899,6607,2683,3333,900
2156,6899,6607,4477,8873,2230
2156,6899,6607,7407,3428,5213
2156,6899,6607,1414,1399,5371
2156,6899,6607,4022,788,4566
2156,6899,6607,9229,7851,6265
2156,6899,6607,7700,3420,404
2156,6899,6607,3477,2485,5762
2156,6899,6607,390,1801,6644
2156,6899,6607,835,6376,6093
2156,6899,6607,912,6444,5029
2156,6899,6607,7015,5093,229
2156,6899,6607,5984,3651,1231
2156,6899,6607,8364,41,8633
2156,6899,6607,7828,1587,5313
2156,6899,6607,8335,3434,7993
2156,6899,6607,8771,3699,8212
2156,6899,6607,8811,5772,3668
2156,6899,6607,692,4265,7734
2156,6899,6607,4008,8517,1738
2156,6899,6607,6964,8545,4804
2156,6899,6607,7482,8810,8039
2156,6899,6607,9612,1762,6594
2156,6899,6607,4280,9196,1781
2156,6899,6607,2289,8502,5469
2156,6899,6607,1558,6566,5923
2156,6899,6607,7244,1963,3005
2156,6899,6607,6291,6355,5130
2156,6899,6607,5976,2428,3134
2156,6899,6607,9977,8531,5426
2156,6899,6607,486,2103,3160
2156,6899,6607,3420,2256,6384
2156,6899,6607,6911,8113,1953
2156,6899,6607,8167,9021,5030
2156,6899,6607,3005,5350,3602
2156,6899,6607,3372,2992,5692
2156,6899,6607,1541,4708,1986
2156,6899,6607,6372,5246,6938
2156,6899,6607,6158,4853,861
2156,6899,6607,7734,3093,3494
2156,6899,6607,9704,3070,1285
2156,6899,6607,4931,1442,5019
2156,6899,6607,2088,5254,766
2156,6899,6607,9964,7138,4280
2156,6899,6607,2269,1121,1004
2156,6899,6607,1210,9024,1142
2156,6899,6607,8978,6500,437
2156,6899,6607,9817,7279,2658
2156,6899,6607,9187,9522,8595
2156,6899,6607,7087,1589,8777
2156,6899,6607,1804,4050,2150
2156,6899,6607,8800,6869,7167
2156,6899,6607,1478,7366,4730
2156,6899,6607,2575,8737,1127
2156,6899,6607,2179,8632,2314
2156,6899,6607,2219,7211,8939
2156,6899,6607,3157,5256,4477
2156,6899,6607,4585,4726,4496
2156,6899,6607,2278,7609,8853
2156,6899,6607,7679,4385,8494
2156,6899,6607,961,1675,8466
2156,6899,6607,7292,8167,3190
2156,6899,6607,4848,3696,5454
2156,6899,6607,9033,8637,5472
2156,6899,6607,3180,2790,3529
2156,6899,6607,5953,6603,5571
2156,6899,6607,9980,8138,261
2156,6899,6607,9989,6720,7915
2156,6899,6607,5435,200,1355
2156,6899,6607,5190,181,8284
2156,6899,6607,9953,4432,4098
2156,6899,6607,8954,626,4053
2156,6899,6607,1894,7337,4865
2156,6899,6607,2065,8101,8472
2156,6899,6607,1234,5114,981
2156,6899,6607,5440,6782,3121
2156,6899,6607,2325,141,4748
2156,6899,6607,8783,4102,6297
2156,6899,6607,8440,9804,9057
2156,6899,6607,3052,9865,7382
2156,6899,6607,2198,6532,998
2156,6899,6607,5580,1685,179
2156,6899,6607,8038,8135,3520
2156,6899,6607,4880,7793,6179
2156,6899,6607,6175,9138,5331
2156,6899,6607,6204,318,5533
2156,6899,6607,3667,4283,1527
2156,6899,6607,7281,2070,2878
2156,6899,6607,2815,8645,6204
2156,6899,6607,3121,8000,6521
2156,6899,6607,5349,8770,3826
2156,6899,6607,636,7856,459
2156,6899,6607,5437,9909,5521
2156,6899,6607,759,322,5493
2156,6899,6607,1947,1783,2943
2156,6899,6607,3456,8688,6085
2156,6899,6607,9808,9776,4815
2156,6899,6607,4801,5393,9941
2156,6899,6607,1908,8969,6765
2156,6899,6607,2390,8960,2724
2156,6899,6607,2183,986,9922
2156,6899,6607,3393,8145,9997
2156,6899,6607,6592,1286,5628
2156,6899,6607,1391,3107,5899
2156,6899,6607,4425,1534,9995
2156,6899,6607,3095,9972,3926
2156,6899,6607,425,4984,8499
2156,6899,6607,8252,6298,4370
2156,6899,6607,6738,4892,8898
2156,6899,6607,6107,6017,3227
2156,6899,6607,6371,5980,4096
2156,6899,6607,2261,4562,4261
2156,6899,6607,5805,6215,9742
2156,6899,6607,7879,1342,7292
2156,6899,6607,298,1501,7379
2156,6899,6607,8615,7768,1509
2156,6899,6607,7151,2781,9511
2156,6899,6607,6665,2553,8694
2156,6899,6607,4393,8976,9218
2156,6899,6607,8390,324,657
2156,6899,6607,9734,7181,6593
2156,6899,6607,3659,5787,3741
2156,6899,6607,4872,4333,3444
2156,6899,6607,3558,6806,9206
2156,6899,6607,9845,2932,2214
2156,6899,6607,4808,676,1771
2156,6899,6607,252,1916,5717
2156,6899,6607,8497,1946,8058
2156,6899,6607,8178,4998,3815
2156,6899,6607,7697,3963,8077
2156,6899,6607,8628,1199,3811
2156,6899,6607,5913,1379,1377
2156,6899,6607,8532,1270,6298
2156,6899,6607,5287,2341,9819
2156,6899,6607,5750,5444,1905
2156,6899,6607,3317,2299,6818
2156,6899,6607,2804,2819,2720
2156,6899,6607,4341,2735,4663
2156,6899,6607,4940,2827,7208
2156,6899,6607,4432,7713,3736
2156,6899,6607,3722,2357,7676
2156,6899,6607,7635,723,1775
2156,6899,6607,6317,2492,6594
2156,6899,6607,47,1110,3417
2156,6899,6607,9906,8781,1039
2156,6899,6607,1986,563,3764
2156,6899,6607,8784,5449,2217
2156,6899,6607,9290,3624,9954
2156,6899,6607,9662,1108,1639
2156,6899,6607,6859,2975,2907
2156,6899,6607,6820,7078,4429
2156,6899,6607,3069,5438,551
2156,6899,6607,3011,3281,8392
2156,6899,6607,161,7973,4251
2156,6899,6607,7790,5781,3857
2156,6899,6607,5243,9140,6123
2156,6899,6607,8285,9697,3398
2156,6899,6607,2,9310,7776
2156,6899,6607,2657,5927,4826
2156,6899,6607,3860,5295,3666
2156,6899,6607,1277,5412,4379
2156,6899,6607,1356,8084,4539
2156,6899,6607,9942,181,8977
2156,6899,6607,7382,9469,9005
2156,6899,6607,4930,4885,5699
2156,6899,6607,5339,7882,3018
2156,6899,6607,7317,8118,6201
2156,6899,6607,5743,2754,8635
2156,6899,6607,1855,5346,5968
2156,6899,6607,6536,9685,877
2156,6899,6607,3993,9265,541
2156,6899,6607,4216,7291,4518
2156,6899,6607,7887,9175,4554
2156,6899,6607,5908,7700,6477
2156,6899,6607,3372,3472,6893
2156,6899,6607,4155,10000,5551
2156,6899,6607,4279,5483,2069
2156,6899,6607,3586,4186,9674
2156,6899,6607,5505,1740,4051
2156,6899,6607,6727,4362,7708
2156,6899,6607,4691,6624,5599
2156,6899,6607,9120,6806,1464
2156,6899,6607,5192,4771,9579
2156,6899,6607,8075,7647,7240
2156,6899,6607,4901,857,1536
2156,6899,6607,6894,4518,8873
2156,6899,6607,786,8291,2981
2156,6899,6607,2053,7615,3797
2156,6899,6607,4087,2111,7285
2156,6899,6607,8351,5502,1710
2156,6899,6607,2207,2419,3542
2156,6899,6607,4572,328,2697
2156,6899,6607,1721,8444,3294
2156,6899,6607,3854,8559,3073
2156,6899,6607,5099,3459,6253
2156,6899,6607,8620,7936,8613
2156,6899,6607,9361,3897,2166
2156,6899,6607,4442,2682,4267
2156,6899,6607,4007,3754,7037
2156,6899,6607,3257,3869,590
2156,6899,6607,8419,2657,7955
2156,6899,6607,8178,1059,706
2156,6899,6607,4610,8435,4777
2156,6899,6607,4639,6702,9911
2156,6899,6607,465,3501,1498
2156,6899,6607,9057,168,6121
2156,6899,6607,9643,7183,4409
2156,6899,6607,3533,8003,4588
2156,6899,6607,9698,4266,5029
2156,6899,6607,9567,8233,5662
2156,6899,6607,4560,1154,2591
2156,6899,6607,2210,4265,9953
2156,6899,6607,5428,7402,1200
2156,6899,6607,1205,9126,5630
2156,6899,6607,7396,3074,8914
2156,6899,6607,3313,4197,6469
2156,6899,6607,6966,507,691
2156,6899,6607,7053,7288,3758
2156,6899,6607,2219,212,7852
2156,6899,6607,6402,7363,8985
2156,6899,6607,2852,485,1353
2156,6899,6607,1000,8294,324
2156,6899,6607,2224,8429,5147
2156,6899,6607,5852,594,4510
2156,6899,6607,6751,4288,5935
2156,6899,6607,8795,4534,7537
2156,6899,6607,9567,1658,5342
2156,6899,6607,8474,7249,6996
2156,6899,6607,5400,7300,865
2156,6899,6607,394,6893,8808
2156,6899,6607,6804,5559,5906
2156,6899,6607,5215,1559,2509
2156,6899,6607,5092,2296,2700
2156,6899,6607,2632,6520,7800
2156,6899,6607,3585,8418,9674
2156,6899,6607,1904,2596,342
2156,6899,6607,2241,6634,2916
2156,6899,6607,231,7385,5719
2156,6899,6607,5021,2314,2368
2156,6899,6607,1408,3635,3626
2156,6899,6607,7910,8085,7122
2156,6899,6607,3002,1863,8669
2156,6899,6607,2968,8256,7215
2156,6899,6607,415,3948,7873
2156,6899,6607,5362,423,8059
2156,6899,6607,8981,1574,6933
2156,6899,6607,2928,8773,3050
2156,6899,6607,5870,4137,3951
2156,6899,6607,7667,6163,4722
2156,6899,6607,3902,4264,2005
2156,6899,6607,9026,6193,5899
2156,6899,6607,4240,5960,8286
2156,6899,6607,3102,4725,8163
2156,6899,6607,640,3753,9369
2156,6899,6607,3420,2672,4634
2156,6899,6607,8068,186,4484
2156,6899,6607,8701,2575,889
2156,6899,6607,7249,5194,4757
2156,6899,6607,1596,8078,4100
2156,6899,6607,2941,7333,3515
2156,6899,6607,7414,3767,308
2156,6899,6607,3234,8260,9547
2156,6899,6607,939,6306,8
2156,6899,6607,4715,5681,4187
2156,6899,6607,8940,8196,1992
2156,6899,6607,1795,1401,7430
2156,6899,6607,133,8859,3633
2156,6899,6607,4444,4232,7636
2156,6899,6607,1161,2874,9043
2156,6899,6607,5578,9638,2396
2156,6899,6607,5266,9150,5714
2156,6899,6607,6587,6220,4498
2156,6899,6607,9370,3319,8777
2156,6899,6607,49,184,6374
2156,6899,6607,8175,8411,5898
2156,6899,6607,9252,1621,9631
2156,6899,6607,7071,1457,3242
2156,6899,6607,4860,9126,7846
2156,6899,6607,6896,1747,1587
2156,6899,6607,1935,248,4321
2156,6899,6607,1141,3371,5770
2156,6899,6607,2313,9519,2567
2156,6899,6607,2182,328,1069
2156,6899,6607,7384,8626,2039
2156,6899,6607,9018,81,1727
2156,6899,6607,2267,7230,8601
2156,6899,6607,6487,2913,966
2156,6899,6607,1303,3294,8243
2156,6899,6607,5099,822,3147
2156,6899,6607,9473,6141,5617
2156,6899,6607,9613,4954,2616
2156,6899,6607,9209,9949,5391
2156,6899,6607,6483,8032,51
2156,6899,6607,188,6006,2860
2156,6899,6607,1965,4799,7205
2156,6899,6607,9815,1098,3790
2156,6899,6607,2599,6373,2964
2156,6899,6607,5963,8262,9440
2156,6899,6607,4765,8174,8936
2156,6899,6607,2517,6278,1258
2156,6899,6607,3719,5914,8345
2156,6899,6607,4430,1000,7506
2156,6899,6607,1852,8469,5852
2156,6899,6607,671,1348,2495
2156,6899,6607,6593,9791,4548
2156,6899,6607,3693,5602,6473
2156,6899,6607,7488,9933,3948
2156,6899,6607,9633,8761,7701
2156,6899,6607,9396,3779,4999
2156,6899,6607,7258,3252,6989
2156,6899,6607,132,8845,8260
2156,6899,6607,1281,3373,8344
2156,6899,6607,3093,9333,5647
2156,6899,6607,7616,7434,1706
2156,6899,6607,7932,3755,7111
2156,6899,6607,7298,2455,9845
2156,6899,6607,9696,813,3015
2156,6899,6607,2962,3383,93
2156,6899,6607,4129,896,5704
2156,6899,6607,3243,6175,1633
2156,6899,6607,3736,9409,7353
2156,6899,6607,8986,6316,1309
2156,6899,6607,3994,1362,6115
2156,6899,6607,8079,2563,6937
2156,6899,6607,2368,3182,6450
2156,6899,6607,3321,356,4137
2156,6899,6607,1574,4363,605
2156,6899,6607,6329,6650,3540
2156,6899,6607,5468,9466,2526
2156,6899,6607,5642,4373,4051
2156,6899,6607,7473,2542,7980
2156,6899,6607,8501,6131,1108
2156,6899,6607,6725,5627,153
2156,6899,6607,6968,8324,9128
2156,6899,6607,3749,2096,1023
2156,6899,6607,4601,9949,9618
2156,6899,6607,9294,1935,5498
2156,6899,6607,3726,6000,7109
2156,6899,6607,8215,1723,2181
2156,6899,6607,9638,8453,8292
2156,6899,6607,3143,4503,2716
2156,6899,6607,5809,4092,9202
2156,6899,6607,8289,2563,7709
2156,6899,6607,8266,4959,6957
2156,6899,6607,2191,1317,7527
2156,6899,6607,2199,6215,373
2156,6899,6607,1086,113,2465
2156,6899,6607,4511,7933,4308
2156,6899,6607,4809,8389,314
2156,6899,6607,8675,912,6467
2156,6899,6607,6115,5708,7571
2156,6899,6607,8039,6566,9566
2156,6899,6607,7077,8331,2049
2156,6899,6607,7521,5009,3795
2156,6899,6607,2636,4564,7336
2156,6899,6607,8155,9025,3944
2156,6899,6607,2183,4436,8196
2156,6899,6607,2470,9802,9884
2156,6899,6607,3520,9150,3209
2156,6899,6607,2589,3742,7656
2156,6899,6607,6491,278,2024
2156,6899,6607,3894,4506,3423
2156,6899,6607,1074,3118,8219
2156,6899,6607,1554,4262,8067
2156,6899,6607,4996,5689,2288
2156,6899,6607,3808,918,9732
2156,6899,6607,8803,5504,7821
2156,6899,6607,21,515,4836
2156,6899,6607,4641,1594,7779
2156,6899,6607,9267,1179,5083
2156,6899,6607,10,4957,6258
2156,6899,6607,3202,5970,5460
2156,6899,6607,581,9474,9715
2156,6899,6607,9740,9290,4439
2156,6899,6607,3014,22,9098
2156,6899,6607,6468,9843,9242
2156,6899,6607,6424,873,8186
2156,6899,6607,1591,2408,894
2156,6899,6607,862,55,6927
2156,6899,6607,6245,846,6400
2156,6899,6607,8955,7619,7363
2156,6899,6607,5989,6715,9199
2156,6899,6607,2700,6579,5846
2156,6899,6607,3881,408,6001
2156,6899,6607,4868,2650,4791
2156,6899,6607,8806,763,7897
2156,6899,6607,1189,5436,983
2156,6899,6607,1353,352,7973
2156,6899,6607,6692,6961,3155
2156,6899,6607,4129,7232,60
2156,6899,6607,2512,6796,5420
2156,6899,6607,5789,6864,9739
2156,6899,6607,2433,8472,891
2156,6899,6607,8752,9944,7154
2156,6899,6607,3863,2878,7320
2156,6899,6607,3778,156,3252
2156,6899,6607,8354,4056,9992
2156,6899,6607,5508,8929,2052
2156,6899,6607,3514,3124,9701
2156,6899,6607,5658,9257,6419
2156,6899,6607,6559,4119,1329
2156,6899,6607,734,2880,8751
2156,6899,6607,2250,4860,5174
2156,6899,6607,4274,2824,4378
2156,6899,6607,6979,8212,8750
2156,6899,6607,4467,8030,5373
2156,6899,6607,5065,4875,5950
2156,6899,6607,7700,5887,9380
2156,6899,6607,8484,233,1227
2156,6899,6607,3383,2272,3108
2156,6899,6607,4191,3334,2075
2156,6899,6607,7519,4728,1211
2156,6899,6607,3760,4082,5552
2156,6899,6607,6288,5254,5777
2156,6899,6607,4593,372,5083
2156,6899,6607,1571,8961,3082
2156,6899,6607,3157,4317,5008
2156,6899,6607,4580,4700,6242
2156,6899,6607,4915,9212,6566
2156,6899,6607,2637,2348,6595
2156,6899,6607,352,1343,7440
2156,6899,6607,7775,285,2165
2156,6899,6607,2135,9176,6138
2156,6899,6607,277,6176,9169
2156,6899,6607,5589,4102,2698
2156,6899,6607,9109,4658,7847
2156,6899,6607,4175,8439,2407
2156,6899,6607,4554,6951,9642
2156,6899,6607,2094,2118,6030
2156,6899,6607,2913,9168,4449
2156,6899,6607,4885,2497,2043
2156,6899,6607,8244,5851,4507
2156,6899,6607,5839,2841,9384
2156,6899,6607,6827,7678,8984
2156,6899,6607,2535,4104,3368
2156,6899,6607,5503,5492,9287
2156,6899,6607,252,2017,1428
2156,6899,6607,9981,6635,2143
2156,6899,6607,3305,6263,393
2156,6899,6607,1698,4143,8636
2156,6899,6607,4452,7457,8409
2156,6899,6607,8364,7673,7365
2156,6899,6607,3707,218,3175
2156,6899,6607,1547,9074,8844
2156,6899,6607,7318,2722,8211
2156,6899,6607,2452,7638,2322
2156,6899,6607,7765,6857,8663
2156,6899,6607,6092,7826,4370
2156,6899,6607,3374,4845,2336
2156,6899,6607,6998,3278,9641
2156,6899,6607,6017,4909,3303
2156,6899,6607,2426,4677,4620
2156,6899,6607,9004,5574,6561
2156,6899,6607,4899,866,6337
2156,6899,6607,7901,8145,7514
2156,6899,6607,980,9868,3723
2156,6899,6607,5894,4321,8038
2156,6899,6607,9896,4483,6597
2156,6899,6607,2113,8283,6297
2156,6899,6607,9322,2764,7787
2156,6899,6607,3821,728,2696
2156,6899,6607,3902,8264,3398
2156,6899,6607,352,7879,4990
2156,6899,6607,879,4684,4664
2156,6899,6607,9573,9032,9160
2156,6899,6607,2812,2085,2081
2156,6899,6607,8056,5199,3053
2156,6899,6607,5637,7618,9226
2156,6899,6607,4828,1855,1699
2156,6899,6607,2046,3670,7190
2156,6899,6607,1835,5833,6066
2156,6899,6607,6076,5861,2783
2156,6899,6607,5622,7287,5475
2156,6899,6607,6389,2067,211
2156,6899,6607,3514,4826,2984
2156,6899,6607,3614,2712,3242
2156,6899,6607,5977,9892,8968
2156,6899,6607,408,8354,8587
2156,6899,6607,3727,9744,2586
2156,6899,6607,555,7454,5350
2156,6899,6607,6727,6527,8105
2156,6899,6607,6795,9294,5425
2156,6899,6607,3953,4680,9119
2156,6899,6607,1578,9719,8313
