8513,2105,3707,8587,7595,763
8513,2105,3707,4465,7347,7563
8513,2105,3707,9140,5304,56
8513,2105,3707,1788,3926,6399
8513,2105,3707,8313,7021,8542
8513,2105,3707,5904,8716,6185
8513,2105,3707,6594,8273,4381
8513,2105,3707,6065,4391,6985
8513,2105,3707,7181,9474,8196
8513,2105,3707,1992,7691,445
8513,2105,3707,7970,1844,1852
8513,2105,3707,2398,6929,4278
8513,2105,3707,7302,1893,7114
8513,2105,3707,5203,7288,8689
8513,2105,3707,9045,1694,9551
8513,2105,3707,4883,2080,7446
8513,2105,3707,3819,1293,7371
8513,2105,3707,2857,3663,7166
8513,2105,3707,5337,7144,7183
8513,2105,3707,1886,1095,5062
8513,2105,3707,8321,77,5766
8513,2105,3707,2039,5559,2493
8513,2105,3707,6205,3935,1860
8513,2105,3707,4848,5210,24
8513,2105,3707,1438,949,2316
8513,2105,3707,5089,5759,4176
8513,2105,3707,9599,9293,6513
8513,2105,3707,9012,704,2305
8513,2105,3707,4534,7462,892
8513,2105,3707,1648,7049,5735
8513,2105,3707,8098,2426,3136
8513,2105,3707,3797,9075,4682
8513,2105,3707,615,3828,910
8513,2105,3707,22,8720,8053
8513,2105,3707,3391,9433,7173
8513,2105,3707,1188,6985,6692
8513,2105,3707,489,4674,6222
8513,2105,3707,1758,5447,18
8513,2105,3707,4796,7725,2136
8513,2105,3707,3622,4267,388
8513,2105,3707,550,482,5830
8513,2105,3707,6629,6533,2971
8513,2105,3707,7655,3423,1520
8513,2105,3707,7851,3519,1789
8513,2105,3707,3591,7876,6459
8513,2105,3707,2331,6924,7489
8513,2105,3707,4012,876,8081
8513,2105,3707,4114,2243,4927
8513,2105,3707,1046,9128,5448
8513,2105,3707,1966,6455,4921
8513,2105,3707,2569,540,9222
8513,2105,3707,225,3054,3431
8513,2105,3707,8320,1039,1832
8513,2105,3707,9581,6518,958
8513,2105,3707,5349,9781,1173
8513,2105,3707,2567,7347,9761
8513,2105,3707,7593,7148,6243
8513,2105,3707,4038,7326,1204
8513,2105,3707,1267,7247,1542
8513,2105,3707,3695,9728,4154
8513,2105,3707,8087,6427,4271
8513,2105,3707,7514,495,7190
8513,2105,3707,417,2355,5596
8513,2105,3707,9322,9159,9710
8513,2105,3707,123,770,7797
8513,2105,3707,8117,5271,4706
8513,2105,3707,2612,7391,9958
8513,2105,3707,7746,4663,8415
8513,2105,3707,2766,8235,8733
8513,2105,3707,3134,5853,9614
8513,2105,3707,3528,2140,9318
8513,2105,3707,7169,7684,1935
8513,2105,3707,666,4372,9817
8513,2105,3707,2403,8696,9369
8513,2105,3707,4650,5088,7582
8513,2105,3707,1251,1942,6524
8513,2105,3707,4978,6947,4031
8513,2105,3707,7198,9063,3222
8513,2105,3707,3941,7520,5915
8513,2105,3707,5313,981,2964
8513,2105,3707,530,1726,4928
8513,2105,3707,5972,8203,4229
8513,2105,3707,2268,3823,5493
8513,2105,3707,1803,4301,1214
8513,2105,3707,9975,3380,4990
8513,2105,3707,1122,2478,1924
8513,2105,3707,7171,9827,9737
8513,2105,3707,8466,5636,3339
8513,2105,3707,5155,3243,6537
8513,2105,3707,4122,7921,2052
8513,2105,3707,9324,4817,2492
8513,2105,3707,9670,6831,1725
8513,2105,3707,9039,8005,2030
8513,2105,3707,2816,235,6265
8513,2105,3707,1122,7241,2064
8513,2105,3707,2249,7692,4066
8513,2105,3707,1188,5140,9244
8513,2105,3707,1216,8292,5785
8513,2105,3707,6848,8280,2084
8513,2105,3707,812,9629,6307
8513,2105,3707,6483,3036,8949
8513,2105,3707,8317,4440,8421
8513,2105,3707,5700,9884,9356
8513,2105,3707,1526,4991,8027
8513,2105,3707,1642,16,5030
8513,2105,3707,2913,6512,2752
8513,2105,3707,5287,891,6949
8513,2105,3707,4204,6299,6511
8513,2105,3707,6808,1064,2136
8513,2105,3707,9611,849,6414
8513,2105,3707,3834,4205,2828
8513,2105,3707,2897,7452,9927
8513,2105,3707,954,167,3594
8513,2105,3707,269,4389,9864
8513,2105,3707,7190,3664,8296
8513,2105,3707,5438,3631,6510
8513,2105,3707,5422,203,5280
8513,2105,3707,6470,8318,5739
8513,2105,3707,10000,8661,5994
8513,2105,3707,5846,8136,5235
8513,2105,3707,4925,3926,7994
8513,2105,3707,8060,7554,853
8513,2105,3707,2513,6619,1312
8513,2105,3707,6074,3360,5330
8513,2105,3707,2388,5455,1389
8513,2105,3707,5650,9678,6521
8513,2105,3707,8978,8543,5928
8513,2105,3707,3493,12,5279
8513,2105,3707,5395,6726,8921
8513,2105,3707,5695,7680,6585
8513,2105,3707,5931,8964,6424
8513,2105,3707,2769,4952,6661
8513,2105,3707,1132,7016,3512
8513,2105,3707,9334,2975,3682
8513,2105,3707,2512,7533,5232
8513,2105,3707,3819,4929,477
8513,2105,3707,56,7049,1713
8513,2105,3707,5473,9534,5594
8513,2105,3707,9847,2290,2579
8513,2105,3707,1172,7081,8917
8513,2105,3707,1472,235,8633
8513,2105,3707,1238,5108,9965
8513,2105,3707,4195,7399,7600
8513,2105,3707,2473,9347,5881
8513,2105,3707,3459,7150,269
8513,2105,3707,9429,9901,7349
8513,2105,3707,3344,1825,1384
8513,2105,3707,9173,9583,111
8513,2105,3707,1051,9973,582
8513,2105,3707,1901,962,5776
8513,2105,3707,4718,6398,3025
8513,2105,3707,2702,7359,9188
8513,2105,3707,2561,1373,3334
8513,2105,3707,5626,8304,359
8513,2105,3707,9895,6390,4453
8513,2105,3707,2343,3284,7038
8513,2105,3707,2008,5161,2070
8513,2105,3707,5101,2894,5432
8513,2105,3707,4173,1790,2402
8513,2105,3707,27,6633,659
8513,2105,3707,9994,8743,2045
8513,2105,3707,6236,3475,9507
8513,2105,3707,3883,3968,2732
8513,2105,3707,2050,9957,8859
8513,2105,3707,2351,8247,2607
8513,2105,3707,4369,7851,1528
8513,2105,3707,5606,5612,4504
8513,2105,3707,2907,8219,3764
8513,2105,3707,8911,6558,8218
8513,2105,3707,9979,9548,5506
8513,2105,3707,8438,3133,7413
8513,2105,3707,9755,6340,6682
8513,2105,3707,6164,5004,9233
8513,2105,3707,5275,875,9026
8513,2105,3707,964,4609,8208
8513,2105,3707,6910,3821,319
8513,2105,3707,4310,5860,3022
8513,2105,3707,2246,1676,12
8513,2105,3707,6120,9549,3067
8513,2105,3707,1657,4942,2778
8513,2105,3707,3988,78,2102
8513,2105,3707,7550,6006,7413
8513,2105,3707,3082,5237,6685
8513,2105,3707,286,6800,6390
8513,2105,3707,3183,8587,122
8513,2105,3707,7663,908,4253
8513,2105,3707,1966,6933,7762
8513,2105,3707,7759,5940,5183
8513,2105,3707,4301,9305,4033
8513,2105,3707,3400,9956,4164
8513,2105,3707,4440,7002,2002
8513,2105,3707,7765,50,1053
8513,2105,3707,1371,2429,7192
8513,2105,3707,7074,5622,5319
8513,2105,3707,320,9905,4017
8513,2105,3707,5201,2305,980
8513,2105,3707,2581,2850,89
8513,2105,3707,9789,3814,7855
8513,2105,3707,6657,7808,7348
8513,2105,3707,6743,6757,8636
8513,2105,3707,733,3708,6417
8513,2105,3707,962,9530,518
8513,2105,3707,8497,2572,8366
8513,2105,3707,5064,5874,9692
8513,2105,3707,9501,7609,7450
8513,2105,3707,4781,313,7890
8513,2105,3707,5369,6060,1823
8513,2105,3707,1863,7550,8559
8513,2105,3707,5173,4765,8702
8513,2105,3707,416,1285,884
8513,2105,3707,4030,4328,472
8513,2105,3707,7777,242,1796
8513,2105,3707,5871,6023,6722
8513,2105,3707,6386,728,2331
8513,2105,3707,7529,6099,2767
8513,2105,3707,498,8204,1149
8513,2105,3707,2214,7449,3618
8513,2105,3707,2298,8826,4742
8513,2105,3707,4840,3995,6371
8513,2105,3707,7562,2412,2355
8513,2105,3707,8390,9989,1308
8513,2105,3707,8469,2206,7417
8513,2105,3707,14,3636,7646
8513,2105,3707,2048,3468,4375
8513,2105,3707,8598,2194,612
8513,2105,3707,6394,438,9076
8513,2105,3707,8995,6134,3610
8513,2105,3707,4362,4300,6113
8513,2105,3707,441,6682,7578
8513,2105,3707,544,4712,9715
8513,2105,3707,2897,8413,5597
8513,2105,3707,6420,1996,5667
8513,2105,3707,2148,1663,3686
8513,2105,3707,1379,1265,9946
8513,2105,3707,8365,4666,7822
8513,2105,3707,471,6702,2475
8513,2105,3707,983,3833,456
8513,2105,3707,6348,6466,2952
8513,2105,3707,6763,9861,1786
8513,2105,3707,6006,9810,7464
8513,2105,3707,3470,4933,4220
8513,2105,3707,7738,5892,7896
8513,2105,3707,3152,9229,1881
8513,2105,3707,7869,3966,2880
8513,2105,3707,7041,7920,5866
8513,2105,3707,7583,5023,9331
8513,2105,3707,9187,4098,1459
8513,2105,3707,3814,3021,2790
8513,2105,3707,1522,8671,6015
8513,2105,3707,2945,2677,2562
8513,2105,3707,296,678,520
8513,2105,3707,6348,1362,1902
8513,2105,3707,7306,4668,6965
8513,2105,3707,7776,3888,3200
8513,2105,3707,9767,249,6123
8513,2105,3707,223,4521,6121
8513,2105,3707,1211,7435,8033
8513,2105,3707,9430,6688,1827
8513,2105,3707,3049,5348,6312
8513,2105,3707,3787,4053,1655
8513,2105,3707,9241,1708,2433
8513,2105,3707,5592,5698,39
8513,2105,3707,7341,1676,467
8513,2105,3707,3840,5974,2723
8513,2105,3707,9739,4505,4019
8513,2105,3707,1735,7989,2882
8513,2105,3707,6299,213,9777
8513,2105,3707,4894,8025,8318
8513,2105,3707,9615,6491,9944
8513,2105,3707,1074,7401,6220
8513,2105,3707,6956,4140,3581
8513,2105,3707,6095,389,633
8513,2105,3707,2502,5146,4851
8513,2105,3707,7557,8361,8241
8513,2105,3707,2712,578,4839
8513,2105,3707,5509,6355,1647
8513,2105,3707,1849,2897,8007
8513,2105,3707,1981,1170,5558
8513,2105,3707,5517,559,9731
8513,2105,3707,2231,3823,993
8513,2105,3707,5327,4308,5440
8513,2105,3707,3607,2454,5194
8513,2105,3707,4555,4990,4223
8513,2105,3707,7240,5239,4690
8513,2105,3707,5418,1362,933
8513,2105,3707,1496,3416,1598
8513,2105,3707,7846,9763,3204
8513,2105,3707,9662,616,760
8513,2105,3707,599,2754,827
8513,2105,3707,7172,2968,2094
8513,2105,3707,2022,8232,9450
8513,2105,3707,3945,5484,2847
8513,2105,3707,8809,1847,7534
8513,2105,3707,2765,880,7201
8513,2105,3707,909,9097,5598
8513,2105,3707,384,5848,3736
8513,2105,3707,7091,861,2757
8513,2105,3707,5263,791,9848
8513,2105,3707,7148,8815,1320
8513,2105,3707,8329,9925,2637
8513,2105,3707,7501,8510,1828
8513,2105,3707,1440,9822,9496
8513,2105,3707,8903,3748,741
8513,2105,3707,570,9440,6722
8513,2105,3707,7350,6595,5062
8513,2105,3707,1819,8997,4961
8513,2105,3707,7837,3294,8017
8513,2105,3707,5655,3448,2598
8513,2105,3707,3000,2368,6307
8513,2105,3707,7908,3397,2403
8513,2105,3707,5577,3883,4252
8513,2105,3707,7653,4997,4150
8513,2105,3707,8966,3252,3189
8513,2105,3707,568,9812,6704
8513,2105,3707,5111,1968,144
8513,2105,3707,2080,268,5458
8513,2105,3707,9315,3312,4369
8513,2105,3707,8360,3162,7778
8513,2105,3707,118,1875,8495
8513,2105,3707,3265,6046,6856
8513,2105,3707,3175,9174,6433
8513,2105,3707,534,5473,1261
8513,2105,3707,8791,4810,7723
8513,2105,3707,4651,9941,9010
8513,2105,3707,5395,266,1412
8513,2105,3707,7866,8619,7104
8513,2105,3707,4657,6171,8790
8513,2105,3707,4875,4320,6789
8513,2105,3707,2352,7900,6945
8513,2105,3707,892,7094,5281
8513,2105,3707,4750,9635,3099
8513,2105,3707,6361,8785,7870
8513,2105,3707,175,5789,6646
8513,2105,3707,1681,3668,2346
8513,2105,3707,2848,401,7607
8513,2105,3707,7410,6457,8010
8513,2105,3707,4832,1840,2337
8513,2105,3707,6200,1808,2686
8513,2105,3707,2370,5954,9637
8513,2105,3707,4577,4438,8749
8513,2105,3707,2405,9520,192
8513,2105,3707,1249,7643,7481
8513,2105,3707,9800,8019,6854
8513,2105,3707,3908,5065,1651
8513,2105,3707,8496,3885,2894
8513,2105,3707,4929,8418,4431
8513,2105,3707,2733,2458,5668
8513,2105,3707,5812,4669,8336
8513,2105,3707,602,3422,7159
8513,2105,3707,4822,1339,1833
8513,2105,3707,4358,8646,7463
8513,2105,3707,712,8552,1988
8513,2105,3707,4989,5890,6672
8513,2105,3707,6605,8458,8742
8513,2105,3707,427,7429,5804
8513,2105,3707,4712,5276,6446
8513,2105,3707,3503,8294,3728
8513,2105,3707,4009,7938,7672
8513,2105,3707,8216,4137,8255
8513,2105,3707,9324,8455,9199
8513,2105,3707,5873,4175,3598
8513,2105,3707,4427,743,4568
8513,2105,3707,4437,6996,5104
8513,2105,3707,7538,1847,2240
8513,2105,3707,6512,5049,5270
8513,2105,3707,818,7565,6142
8513,2105,3707,583,1218,5525
8513,2105,3707,4031,5826,6433
8513,2105,3707,4949,6593,19
8513,2105,3707,4396,1622,9928
8513,2105,3707,1307,7038,6416
8513,2105,3707,2327,8178,6605
8513,2105,3707,3820,8728,9622
8513,2105,3707,8046,2188,9622
8513,2105,3707,3874,7640,8073
8513,2105,3707,7460,8793,8688
8513,2105,3707,7767,5904,1741
8513,2105,3707,7982,8421,7584
8513,2105,3707,5072,7835,3315
8513,2105,3707,6212,7404,4126
8513,2105,3707,7265,9221,5984
8513,2105,3707,3980,1024,7482
8513,2105,3707,1600,2903,3215
8513,2105,3707,7967,3059,49
8513,2105,3707,7057,5480,8936
8513,2105,3707,8197,9393,5374
8513,2105,3707,3603,2863,9328
8513,2105,3707,6281,3326,9459
8513,2105,3707,6092,1186,2161
8513,2105,3707,5183,6129,2630
8513,2105,3707,9698,4411,520
8513,2105,3707,5830,3516,6215
8513,2105,3707,2397,8718,1447
8513,2105,3707,2899,7116,2998
8513,2105,3707,7448,68,9287
8513,2105,3707,500,4773,1394
8513,2105,3707,1033,2243,4523
8513,2105,3707,5164,3590,7562
8513,2105,3707,8517,9022,8065
8513,2105,3707,8518,5807,3677
8513,2105,3707,696,4965,8517
8513,2105,3707,6629,9747,1877
8513,2105,3707,7321,9245,9364
8513,2105,3707,4033,2208,5028
8513,2105,3707,1405,4895,7878
8513,2105,3707,4569,4977,2691
8513,2105,3707,1758,8769,8914
8513,2105,3707,5554,3642,8222
8513,2105,3707,5244,3110,9797
8513,2105,3707,7445,9254,2404
8513,2105,3707,5427,2962,8026
8513,2105,3707,745,1626,5675
8513,2105,3707,7235,6235,2592
8513,2105,3707,5361,6961,7292
8513,2105,3707,8795,3064,7605
8513,2105,3707,8214,552,6454
8513,2105,3707,5362,1814,3131
8513,2105,3707,2252,6803,899
8513,2105,3707,4978,7140,2269
8513,2105,3707,5431,9440,6952
8513,2105,3707,6712,1195,48
8513,2105,3707,4665,9323,2001
8513,2105,3707,460,7729,2841
8513,2105,3707,468,5005,3487
8513,2105,3707,4999,8486,4129
8513,2105,3707,3909,5814,6790
8513,2105,3707,346,5235,4261
8513,2105,3707,740,8056,4426
8513,2105,3707,3372,4094,2437
8513,2105,3707,9380,6711,4935
8513,2105,3707,4826,6733,5077
8513,2105,3707,5538,2999,3825
8513,2105,3707,1793,498,4754
8513,2105,3707,8102,3218,4088
8513,2105,3707,6105,2038,8438
8513,2105,3707,9919,7133,7288
8513,2105,3707,8200,4718,7070
8513,2105,3707,215,2077,8886
8513,2105,3707,2487,4729,6387
8513,2105,3707,323,2496,7343
8513,2105,3707,2627,4308,1392
8513,2105,3707,7616,9008,5988
8513,2105,3707,7427,4590,2824
8513,2105,3707,3676,8674,6072
8513,2105,3707,1882,1103,4777
8513,2105,3707,4457,8426,1385
8513,2105,3707,9394,777,8553
8513,2105,3707,5674,1953,3282
8513,2105,3707,786,7875,3928
8513,2105,3707,6933,1739,6735
8513,2105,3707,6143,5964,4082
8513,2105,3707,969,4719,9579
8513,2105,3707,2956,5330,3284
8513,2105,3707,5494,5630,810
8513,2105,3707,2693,4112,3235
8513,2105,3707,2659,9719,5305
8513,2105,3707,8671,9909,69
8513,2105,3707,1655,9164,3904
8513,2105,3707,7137,8238,4394
8513,2105,3707,2808,6731,3344
8513,2105,3707,7967,191,5263
8513,2105,3707,3274,3256,8365
8513,2105,3707,7015,8421,362
8513,2105,3707,4176,8100,4690
8513,2105,3707,2984,948,774
8513,2105,3707,9503,5553,4212
8513,2105,3707,5825,6877,6783
8513,2105,3707,3360,556,7005
8513,2105,3707,527,321,8625
8513,2105,3707,6512,1468,4103
8513,2105,3707,9641,5681,4819
8513,2105,3707,2788,3961,8928
8513,2105,3707,4291,4579,9512
8513,2105,3707,1739,3723,212
8513,2105,3707,8415,1230,2709
8513,2105,3707,4610,7042,1711
8513,2105,3707,72,9862,513
8513,2105,3707,8818,2035,1588
8513,2105,3707,7391,3103,1603
8513,2105,3707,2707,3612,5587
8513,2105,3707,2051,9829,638
8513,2105,3707,6488,3001,3604
8513,2105,3707,4331,9225,1849
8513,2105,3707,8397,5719,5439
8513,2105,3707,5660,3654,7164
8513,2105,3707,6594,9090,3718
8513,2105,3707,6180,7545,144
8513,2105,3707,433,9340,6604
8513,2105,3707,7020,355,2463
8513,2105,3707,9827,5066,6132
8513,2105,3707,9906,4387,8814
8513,2105,3707,6458,7557,1247
8513,2105,3707,7666,2532,9319
8513,2105,3707,1176,9732,2686
8513,2105,3707,595,4945,8194
8513,2105,3707,2322,6048,1686
8513,2105,3707,5755,3154,873
8513,2105,3707,7755,5394,590
8513,2105,3707,1855,5765,8159
8513,2105,3707,5223,9611,5121
8513,2105,3707,2019,3456,2171
8513,2105,3707,8933,2583,4145
8513,2105,3707,7068,2118,931
8513,2105,3707,1719,6793,1989
8513,2105,3707,7442,1999,4100
8513,2105,3707,1257,2745,6184
8513,2105,3707,6288,338,5861
8513,2105,3707,1606,9448,4652
8513,2105,3707,2416,7537,6461
8513,2105,3707,6048,8458,9043
