7290,3749,5983,5497,2451,6392
7290,3749,5983,7827,2540,7831
7290,3749,5983,9706,7824,8427
7290,3749,5983,8179,3663,9035
7290,3749,5983,5490,1253,7594
7290,3749,5983,5348,3326,9896
7290,3749,5983,1545,4603,2063
7290,3749,5983,3033,3763,3273
7290,3749,5983,6853,9813,5136
7290,3749,5983,5473,8110,6138
7290,3749,5983,1318,5137,6887
7290,3749,5983,1858,5031,4773
7290,3749,5983,341,3139,4855
7290,3749,5983,2954,4670,6863
7290,3749,5983,5951,5146,8256
7290,3749,5983,3784,238,6430
7290,3749,5983,2915,3900,3343
7290,3749,5983,8770,2106,8196
7290,3749,5983,545,7071,8942
7290,3749,5983,6986,6030,6831
7290,3749,5983,5391,782,7083
7290,3749,5983,1628,98,2291
7290,3749,5983,9006,2460,7011
7290,3749,5983,3532,9444,8614
7290,3749,5983,3028,19,167
7290,3749,5983,6867,567,3660
7290,3749,5983,2940,7744,5910
7290,3749,5983,9970,6529,875
7290,3749,5983,880,5215,9889
7290,3749,5983,719,9752,6573
7290,3749,5983,1119,4539,6162
7290,3749,5983,7541,4504,7714
7290,3749,5983,657,5469,3364
7290,3749,5983,6040,8765,9752
7290,3749,5983,5890,6750,2127
7290,3749,5983,874,59,4078
7290,3749,5983,4636,7992,6649
7290,3749,5983,5911,7625,3694
7290,3749,5983,548,5019,5372
7290,3749,5983,5484,9938,1216
7290,3749,5983,1765,8259,6291
7290,3749,5983,8598,7204,7831
7290,3749,5983,3890,7113,3343
7290,3749,5983,9697,5293,2676
7290,3749,5983,2523,5004,7685
7290,3749,5983,2074,6365,8772
7290,3749,5983,8799,7708,5253
7290,3749,5983,542,8524,8277
7290,3749,5983,263,6879,7418
7290,3749,5983,6788,3090,4800
7290,3749,5983,3501,5684,9783
7290,3749,5983,6331,1660,1533
7290,3749,5983,734,5733,8008
7290,3749,5983,1169,334,7453
7290,3749,5983,4950,8198,96
7290,3749,5983,8857,8978,8359
7290,3749,5983,8619,6925,6842
7290,3749,5983,5180,385,6557
7290,3749,5983,3603,3496,9733
7290,3749,5983,2864,942,6242
7290,3749,5983,9835,7773,602
7290,3749,5983,4770,884,850
7290,3749,5983,3011,4352,7677
7290,3749,5983,9504,2414,6106
7290,3749,5983,2519,4909,8860
7290,3749,5983,9054,5846,8304
7290,3749,5983,8545,301,9186
7290,3749,5983,1800,4333,1148
7290,3749,5983,5082,3384,5793
7290,3749,5983,8692,5587,3463
7290,3749,5983,4110,685,617
7290,3749,5983,5829,8009,8569
7290,3749,5983,4634,8468,9315
7290,3749,5983,1452,8512,3451
7290,3749,5983,1256,8975,3010
7290,3749,5983,8426,2744,1573
7290,3749,5983,7963,9977,3371
7290,3749,5983,6433,3554,3482
7290,3749,5983,5744,8178,5306
7290,3749,5983,4097,4790,8202
7290,3749,5983,2295,6584,6918
7290,3749,5983,4429,2212,3026
7290,3749,5983,7495,3556,1990
7290,3749,5983,2825,4324,3823
7290,3749,5983,8852,4064,9752
7290,3749,5983,9989,1392,537
7290,3749,5983,2301,6241,5955
7290,3749,5983,4424,625,1924
7290,3749,5983,8270,9831,9336
7290,3749,5983,7021,7532,6103
7290,3749,5983,444,2714,9811
7290,3749,5983,5164,1011,8635
7290,3749,5983,9156,3895,7060
7290,3749,5983,1742,421,5975
7290,3749,5983,4254,2572,4766
7290,3749,5983,6498,3224,6776
7290,3749,5983,8309,3990,4502
7290,3749,5983,1720,9014,2036
7290,3749,5983,8474,7317,2106
7290,3749,5983,9466,2891,4981
7290,3749,5983,4738,1680,4132
7290,3749,5983,494,5760,6796
7290,3749,5983,3961,4615,3817
7290,3749,5983,4470,9794,5449
7290,3749,5983,9887,174,891
7290,3749,5983,7497,6335,5313
7290,3749,5983,3895,3945,6157
7290,3749,5983,956,5751,7128
7290,3749,5983,8431,5925,4196
7290,3749,5983,6580,2680,9905
7290,3749,5983,6713,2505,7370
7290,3749,5983,4297,9446,8213
7290,3749,5983,3699,7119,6829
7290,3749,5983,5063,7187,1543
7290,3749,5983,5417,1854,9340
7290,3749,5983,4225,3751,5709
7290,3749,5983,3915,2051,9910
7290,3749,5983,6722,7702,299
7290,3749,5983,7340,9754,6869
7290,3749,5983,9693,1938,9221
7290,3749,5983,9938,5032,6419
7290,3749,5983,4617,421,8218
7290,3749,5983,5866,7385,8380
7290,3749,5983,6835,1365,9819
7290,3749,5983,1866,2445,2984
7290,3749,5983,5613,5181,9895
7290,3749,5983,6582,1259,1845
7290,3749,5983,584,9680,8822
7290,3749,5983,8906,2173,8833
7290,3749,5983,6406,8951,1869
7290,3749,5983,9133,6329,9699
7290,3749,5983,9382,8116,4901
7290,3749,5983,9796,2813,3906
7290,3749,5983,916,1401,1718
7290,3749,5983,7273,629,7926
7290,3749,5983,2762,8432,3399
7290,3749,5983,4829,7777,9965
7290,3749,5983,8852,5933,8227
7290,3749,5983,7667,3321,2926
7290,3749,5983,3911,3061,8058
7290,3749,5983,8980,9045,8235
7290,3749,5983,7936,4362,7141
7290,3749,5983,9331,2168,8595
7290,3749,5983,7718,4028,1523
7290,3749,5983,2000,4076,3403
7290,3749,5983,2918,2053,9971
7290,3749,5983,1120,8684,2242
7290,3749,5983,794,9055,5320
7290,3749,5983,1626,1088,4116
7290,3749,5983,9915,4806,5693
7290,3749,5983,4744,8119,1068
7290,3749,5983,6469,2240,276
7290,3749,5983,7692,2283,3117
7290,3749,5983,4279,4566,7293
7290,3749,5983,5164,6439,5784
7290,3749,5983,1237,2549,6238
7290,3749,5983,9565,7455,5226
7290,3749,5983,6277,9361,5764
7290,3749,5983,648,6564,9202
7290,3749,5983,8721,6224,1935
7290,3749,5983,841,1821,2865
7290,3749,5983,4000,2872,7341
7290,3749,5983,3649,7619,8136
7290,3749,5983,6955,369,7884
7290,3749,5983,7475,4851,3479
7290,3749,5983,8603,5070,4705
7290,3749,5983,6654,655,9711
7290,3749,5983,5531,4446,4943
7290,3749,5983,63,6425,3535
7290,3749,5983,8715,9925,5162
7290,3749,5983,3557,9765,6505
7290,3749,5983,1771,4519,6921
7290,3749,5983,931,6329,6125
7290,3749,5983,8292,5140,5303
7290,3749,5983,4230,5025,77
7290,3749,5983,7276,4276,3058
7290,3749,5983,9912,4169,4523
7290,3749,5983,3207,3836,6077
7290,3749,5983,9388,5184,7310
7290,3749,5983,3158,4637,157
7290,3749,5983,3542,356,1081
7290,3749,5983,3709,904,7934
7290,3749,5983,3602,100,7182
7290,3749,5983,8547,9317,9896
7290,3749,5983,478,3394,4570
7290,3749,5983,9491,8735,8030
7290,3749,5983,2762,3068,3671
7290,3749,5983,1905,3485,1050
7290,3749,5983,5763,940,6119
7290,3749,5983,7247,1728,9564
7290,3749,5983,5988,8081,5386
7290,3749,5983,122,1335,7092
7290,3749,5983,4688,9891,2041
7290,3749,5983,9016,4911,1388
7290,3749,5983,9903,9795,413
7290,3749,5983,8899,542,7560
7290,3749,5983,1154,3293,5801
7290,3749,5983,8202,9287,3395
7290,3749,5983,6509,6071,3952
7290,3749,5983,8271,5244,9193
7290,3749,5983,9356,1704,246
7290,3749,5983,5871,768,1107
7290,3749,5983,8539,9596,4203
7290,3749,5983,5389,4790,5442
7290,3749,5983,8042,6429,1475
7290,3749,5983,8023,6400,1467
7290,3749,5983,7517,8220,528
7290,3749,5983,2675,668,5377
7290,3749,5983,5760,1568,7075
7290,3749,5983,1576,2352,2907
7290,3749,5983,8611,9219,530
7290,3749,5983,8233,2143,5830
7290,3749,5983,5475,6450,1547
7290,3749,5983,2972,6943,5396
7290,3749,5983,7370,8946,7703
7290,3749,5983,2021,1449,4390
7290,3749,5983,6335,8558,9650
7290,3749,5983,5128,1913,5506
7290,3749,5983,4199,3240,3189
7290,3749,5983,1587,295,7205
7290,3749,5983,4396,7654,8704
7290,3749,5983,1283,5497,4556
7290,3749,5983,910,4105,6781
7290,3749,5983,8581,2559,5147
7290,3749,5983,1081,3977,7171
7290,3749,5983,1376,5654,1353
7290,3749,5983,320,2611,8948
7290,3749,5983,9213,9275,6368
7290,3749,5983,5584,6307,9242
7290,3749,5983,5692,5577,8461
7290,3749,5983,5034,9165,1089
7290,3749,5983,2121,1646,7713
7290,3749,5983,4976,7879,2969
7290,3749,5983,2020,7327,8422
7290,3749,5983,4386,8551,2779
7290,3749,5983,8749,7298,2834
7290,3749,5983,2260,126,4727
7290,3749,5983,7271,9818,6031
7290,3749,5983,9772,7039,4487
7290,3749,5983,2023,3941,6877
7290,3749,5983,6773,5992,8237
7290,3749,5983,8685,3319,5993
7290,3749,5983,6908,2381,7155
7290,3749,5983,2758,197,7463
7290,3749,5983,4130,344,7782
7290,3749,5983,2528,3546,1529
7290,3749,5983,6342,928,5141
7290,3749,5983,5379,3641,1328
7290,3749,5983,8384,486,8500
7290,3749,5983,4539,7607,5482
7290,3749,5983,1279,1001,9897
7290,3749,5983,7474,3211,9319
7290,3749,5983,697,7119,4149
7290,3749,5983,2233,9651,2146
7290,3749,5983,4928,8065,1233
7290,3749,5983,8437,4391,8906
7290,3749,5983,5875,4466,7452
7290,3749,5983,6116,6674,5002
7290,3749,5983,5419,9703,9807
7290,3749,5983,743,8595,8543
7290,3749,5983,2025,8472,4976
7290,3749,5983,6566,7147,6929
7290,3749,5983,4733,15,2184
7290,3749,5983,4609,7854,5069
7290,3749,5983,6803,3260,5141
7290,3749,5983,5521,2104,4707
7290,3749,5983,8395,7313,590
7290,3749,5983,4709,1173,6510
7290,3749,5983,6499,7039,8771
7290,3749,5983,9078,6742,7441
7290,3749,5983,6521,1514,1681
7290,3749,5983,1819,7796,1113
7290,3749,5983,9352,731,7009
7290,3749,5983,3813,3247,7546
7290,3749,5983,4487,1858,6556
7290,3749,5983,9225,6379,9829
7290,3749,5983,1352,1032,5922
7290,3749,5983,7681,8948,2679
7290,3749,5983,5150,6915,9641
7290,3749,5983,6735,5954,2420
7290,3749,5983,5980,6279,9851
7290,3749,5983,1766,1884,7543
7290,3749,5983,4064,2832,4253
7290,3749,5983,6245,3867,2288
7290,3749,5983,475,9776,3424
7290,3749,5983,9128,1295,7412
7290,3749,5983,2486,9776,6987
7290,3749,5983,903,5614,9568
7290,3749,5983,3988,4580,5423
7290,3749,5983,2707,7463,4141
7290,3749,5983,6366,1088,6067
7290,3749,5983,8861,5908,274
7290,3749,5983,2684,3397,5668
7290,3749,5983,232,218,8977
7290,3749,5983,3175,8872,577
7290,3749,5983,4928,3344,3432
7290,3749,5983,6118,6004,9056
7290,3749,5983,5795,7965,7065
7290,3749,5983,185,9722,466
7290,3749,5983,5763,8125,9321
7290,3749,5983,7489,9779,3437
7290,3749,5983,4886,7630,8695
7290,3749,5983,2008,4662,3094
7290,3749,5983,3019,2260,9754
7290,3749,5983,8968,5665,4268
7290,3749,5983,9288,6553,1820
7290,3749,5983,3472,501,2428
7290,3749,5983,4807,7557,4748
7290,3749,5983,3074,2183,4541
7290,3749,5983,5111,1306,5381
7290,3749,5983,6009,7374,8207
7290,3749,5983,7319,8973,789
7290,3749,5983,2533,7094,5484
7290,3749,5983,1243,6910,7397
7290,3749,5983,6034,4973,6678
7290,3749,5983,2067,9899,1647
7290,3749,5983,3913,3629,8430
7290,3749,5983,2952,827,3489
7290,3749,5983,6778,7866,5098
7290,3749,5983,2182,7329,5559
7290,3749,5983,8587,7595,763
7290,3749,5983,4465,7347,7563
7290,3749,5983,9140,5304,56
7290,3749,5983,1788,3926,6399
7290,3749,5983,8313,7021,8542
7290,3749,5983,5904,8716,6185
7290,3749,5983,6594,8273,4381
7290,3749,5983,6065,4391,6985
7290,3749,5983,7181,9474,8196
7290,3749,5983,1992,7691,445
7290,3749,5983,7970,1844,1852
7290,3749,5983,2398,6929,4278
7290,3749,5983,7302,1893,7114
7290,3749,5983,5203,7288,8689
7290,3749,5983,9045,1694,9551
7290,3749,5983,4883,2080,7446
7290,3749,5983,3819,1293,7371
7290,3749,5983,2857,3663,7166
7290,3749,5983,5337,7144,7183
7290,3749,5983,1886,1095,5062
7290,3749,5983,8321,77,5766
7290,3749,5983,2039,5559,2493
7290,3749,5983,6205,3935,1860
7290,3749,5983,4848,5210,24
7290,3749,5983,1438,949,2316
7290,3749,5983,5089,5759,4176
7290,3749,5983,9599,9293,6513
7290,3749,5983,9012,704,2305
7290,3749,5983,4534,7462,892
7290,3749,5983,1648,7049,5735
7290,3749,5983,8098,2426,3136
7290,3749,5983,3797,9075,4682
7290,3749,5983,615,3828,910
7290,3749,5983,22,8720,8053
7290,3749,5983,3391,9433,7173
7290,3749,5983,1188,6985,6692
7290,3749,5983,489,4674,6222
7290,3749,5983,1758,5447,18
7290,3749,5983,4796,7725,2136
7290,3749,5983,3622,4267,388
7290,3749,5983,550,482,5830
7290,3749,5983,6629,6533,2971
7290,3749,5983,7655,3423,1520
7290,3749,5983,7851,3519,1789
7290,3749,5983,3591,7876,6459
7290,3749,5983,2331,6924,7489
7290,3749,5983,4012,876,8081
7290,3749,5983,4114,2243,4927
7290,3749,5983,1046,9128,5448
7290,3749,5983,1966,6455,4921
7290,3749,5983,2569,540,9222
7290,3749,5983,225,3054,3431
7290,3749,5983,8320,1039,1832
7290,3749,5983,9581,6518,958
7290,3749,5983,5349,9781,1173
7290,3749,5983,2567,7347,9761
7290,3749,5983,7593,7148,6243
7290,3749,5983,4038,7326,1204
7290,3749,5983,1267,7247,1542
7290,3749,5983,3695,9728,4154
7290,3749,5983,8087,6427,4271
7290,3749,5983,7514,495,7190
7290,3749,5983,417,2355,5596
7290,3749,5983,9322,9159,9710
7290,3749,5983,123,770,7797
7290,3749,5983,8117,5271,4706
7290,3749,5983,2612,7391,9958
7290,3749,5983,7746,4663,8415
7290,3749,5983,2766,8235,8733
7290,3749,5983,3134,5853,9614
7290,3749,5983,3528,2140,9318
7290,3749,5983,7169,7684,1935
7290,3749,5983,666,4372,9817
7290,3749,5983,2403,8696,9369
7290,3749,5983,4650,5088,7582
7290,3749,5983,1251,1942,6524
7290,3749,5983,4978,6947,4031
7290,3749,5983,7198,9063,3222
7290,3749,5983,3941,7520,5915
7290,3749,5983,5313,981,2964
7290,3749,5983,530,1726,4928
7290,3749,5983,5972,8203,4229
7290,3749,5983,2268,3823,5493
7290,3749,5983,1803,4301,1214
7290,3749,5983,9975,3380,4990
7290,3749,5983,1122,2478,1924
7290,3749,5983,7171,9827,9737
7290,3749,5983,8466,5636,3339
7290,3749,5983,5155,3243,6537
7290,3749,5983,4122,7921,2052
7290,3749,5983,9324,4817,2492
7290,3749,5983,9670,6831,1725
7290,3749,5983,9039,8005,2030
7290,3749,5983,2816,235,6265
7290,3749,5983,1122,7241,2064
7290,3749,5983,2249,7692,4066
7290,3749,5983,1188,5140,9244
7290,3749,5983,1216,8292,5785
7290,3749,5983,6848,8280,2084
7290,3749,5983,812,9629,6307
7290,3749,5983,6483,3036,8949
7290,3749,5983,8317,4440,8421
7290,3749,5983,5700,9884,9356
7290,3749,5983,1526,4991,8027
7290,3749,5983,1642,16,5030
7290,3749,5983,2913,6512,2752
7290,3749,5983,5287,891,6949
7290,3749,5983,4204,6299,6511
7290,3749,5983,6808,1064,2136
7290,3749,5983,9611,849,6414
7290,3749,5983,3834,4205,2828
7290,3749,5983,2897,7452,9927
7290,3749,5983,954,167,3594
7290,3749,5983,269,4389,9864
7290,3749,5983,7190,3664,8296
7290,3749,5983,5438,3631,6510
7290,3749,5983,5422,203,5280
7290,3749,5983,6470,8318,5739
7290,3749,5983,10000,8661,5994
7290,3749,5983,5846,8136,5235
7290,3749,5983,4925,3926,7994
7290,3749,5983,8060,7554,853
7290,3749,5983,2513,6619,1312
7290,3749,5983,6074,3360,5330
7290,3749,5983,2388,5455,1389
7290,3749,5983,5650,9678,6521
7290,3749,5983,8978,8543,5928
7290,3749,5983,3493,12,5279
7290,3749,5983,5395,6726,8921
7290,3749,5983,5695,7680,6585
7290,3749,5983,5931,8964,6424
7290,3749,5983,2769,4952,6661
7290,3749,5983,1132,7016,3512
7290,3749,5983,9334,2975,3682
7290,3749,5983,2512,7533,5232
7290,3749,5983,3819,4929,477
7290,3749,5983,56,7049,1713
7290,3749,5983,5473,9534,5594
7290,3749,5983,9847,2290,2579
7290,3749,5983,1172,7081,8917
7290,3749,5983,1472,235,8633
7290,3749,5983,1238,5108,9965
7290,3749,5983,4195,7399,7600
7290,3749,5983,2473,9347,5881
7290,3749,5983,3459,7150,269
7290,3749,5983,9429,9901,7349
7290,3749,5983,3344,1825,1384
7290,3749,5983,9173,9583,111
7290,3749,5983,1051,9973,582
7290,3749,5983,1901,962,5776
7290,3749,5983,4718,6398,3025
7290,3749,5983,2702,7359,9188
7290,3749,5983,2561,1373,3334
7290,3749,5983,5626,8304,359
7290,3749,5983,9895,6390,4453
7290,3749,5983,2343,3284,7038
7290,3749,5983,2008,5161,2070
7290,3749,5983,5101,2894,5432
7290,3749,5983,4173,1790,2402
7290,3749,5983,27,6633,659
7290,3749,5983,9994,8743,2045
7290,3749,5983,6236,3475,9507
7290,3749,5983,3883,3968,2732
7290,3749,5983,2050,9957,8859
7290,3749,5983,2351,8247,2607
7290,3749,5983,4369,7851,1528
7290,3749,5983,5606,5612,4504
7290,3749,5983,2907,8219,3764
7290,3749,5983,8911,6558,8218
7290,3749,5983,9979,9548,5506
7290,3749,5983,8438,3133,7413
7290,3749,5983,9755,6340,6682
7290,3749,5983,6164,5004,9233
7290,3749,5983,5275,875,9026
7290,3749,5983,964,4609,8208
7290,3749,5983,6910,3821,319
7290,3749,5983,4310,5860,3022
7290,3749,5983,2246,1676,12
7290,3749,5983,6120,9549,3067
7290,3749,5983,1657,4942,2778
7290,3749,5983,3988,78,2102
7290,3749,5983,7550,6006,7413
7290,3749,5983,3082,5237,6685
7290,3749,5983,286,6800,6390
7290,3749,5983,3183,8587,122
7290,3749,5983,7663,908,4253
7290,3749,5983,1966,6933,7762
7290,3749,5983,7759,5940,5183
7290,3749,5983,4301,9305,4033
7290,3749,5983,3400,9956,4164
