4797,4899,5972,418,2151,395
4797,4899,5972,4092,3522,8633
4797,4899,5972,3786,3934,6966
4797,4899,5972,7017,996,1706
4797,4899,5972,6577,6064,6577
4797,4899,5972,6445,2346,1244
4797,4899,5972,7414,8464,790
4797,4899,5972,8420,9675,5299
4797,4899,5972,1973,4671,8821
4797,4899,5972,581,9550,8476
4797,4899,5972,9891,1865,4247
4797,4899,5972,7102,7600,7103
4797,4899,5972,2,4052,6863
4797,4899,5972,7302,4882,5714
4797,4899,5972,4082,8623,1185
4797,4899,5972,9869,5441,2663
4797,4899,5972,6229,3274,2249
4797,4899,5972,136,5465,979
4797,4899,5972,7209,1188,6602
4797,4899,5972,6103,1745,6197
4797,4899,5972,4923,9403,3570
4797,4899,5972,2329,7003,9776
4797,4899,5972,623,5733,6988
4797,4899,5972,9253,759,315
4797,4899,5972,4517,7629,4645
4797,4899,5972,4318,3874,2645
4797,4899,5972,3849,6373,1466
4797,4899,5972,1066,7616,6513
4797,4899,5972,4492,9551,4749
4797,4899,5972,1757,5907,3378
4797,4899,5972,6760,4853,7140
4797,4899,5972,5282,875,3508
4797,4899,5972,5901,7629,4565
4797,4899,5972,9558,1809,2255
4797,4899,5972,3356,2758,8517
4797,4899,5972,7157,5487,4795
4797,4899,5972,6760,4942,3938
4797,4899,5972,4309,808,1876
4797,4899,5972,7714,9451,8104
4797,4899,5972,3458,4456,6248
4797,4899,5972,5924,8968,2872
4797,4899,5972,2881,4913,9863
4797,4899,5972,3878,4987,1640
4797,4899,5972,5355,3203,6607
4797,4899,5972,6958,6598,846
4797,4899,5972,717,6504,2426
4797,4899,5972,2138,8110,2843
4797,4899,5972,2454,5835,9416
4797,4899,5972,279,5191,8031
4797,4899,5972,7732,8463,2898
4797,4899,5972,3982,5516,6732
4797,4899,5972,6244,2250,455
4797,4899,5972,4811,1242,4096
4797,4899,5972,3962,2539,8446
4797,4899,5972,7698,3552,6656
4797,4899,5972,2664,5119,8926
4797,4899,5972,2851,2876,5959
4797,4899,5972,7805,4365,6154
4797,4899,5972,8673,5359,6270
4797,4899,5972,329,1183,3450
4797,4899,5972,9661,3221,658
4797,4899,5972,7512,7802,8777
4797,4899,5972,1219,8759,118
4797,4899,5972,2348,6156,3962
4797,4899,5972,1966,6962,7550
4797,4899,5972,6906,3646,9715
4797,4899,5972,3516,9350,8062
4797,4899,5972,4288,6120,2439
4797,4899,5972,921,6629,9207
4797,4899,5972,4842,3632,111
4797,4899,5972,7730,1233,6241
4797,4899,5972,4697,2841,8967
4797,4899,5972,4189,9726,3341
4797,4899,5972,8624,8836,697
4797,4899,5972,9547,8416,4797
4797,4899,5972,8798,9151,2128
4797,4899,5972,8998,7980,2680
4797,4899,5972,8630,691,6819
4797,4899,5972,6560,8415,1515
4797,4899,5972,1908,1914,6741
4797,4899,5972,5232,8286,5250
4797,4899,5972,9101,2254,7414
4797,4899,5972,9624,5033,3721
4797,4899,5972,8199,6570,7243
4797,4899,5972,8538,7797,8280
4797,4899,5972,8606,6067,4215
4797,4899,5972,5815,9443,8886
4797,4899,5972,1157,4766,5584
4797,4899,5972,2886,3429,1023
4797,4899,5972,561,9605,7341
4797,4899,5972,4547,4869,5741
4797,4899,5972,598,4850,6761
4797,4899,5972,8269,5964,5264
4797,4899,5972,2982,3959,6504
4797,4899,5972,8959,4184,1460
4797,4899,5972,2140,9705,6464
4797,4899,5972,42,6643,6481
4797,4899,5972,797,867,7885
4797,4899,5972,8830,7263,1840
4797,4899,5972,7284,8189,9753
4797,4899,5972,6990,6800,3284
4797,4899,5972,4497,3642,7450
4797,4899,5972,7003,6616,3798
4797,4899,5972,3585,5209,4131
4797,4899,5972,7997,2206,4413
4797,4899,5972,8728,9963,9687
4797,4899,5972,6649,6377,6579
4797,4899,5972,7993,1285,2440
4797,4899,5972,4979,394,5662
4797,4899,5972,5372,2721,1423
4797,4899,5972,4083,7489,2558
4797,4899,5972,5654,3838,208
4797,4899,5972,3961,6959,4532
4797,4899,5972,848,7687,7753
4797,4899,5972,362,3862,7587
4797,4899,5972,5975,3476,5415
4797,4899,5972,851,4697,8690
4797,4899,5972,8287,633,6980
4797,4899,5972,7960,4343,4603
4797,4899,5972,6450,5633,4184
4797,4899,5972,1042,2010,7825
4797,4899,5972,4569,6631,7797
4797,4899,5972,7071,1791,569
4797,4899,5972,695,6588,5023
4797,4899,5972,7946,5717,1879
4797,4899,5972,3398,9705,2577
4797,4899,5972,4949,8771,6843
4797,4899,5972,2370,8134,3335
4797,4899,5972,8787,4142,7556
4797,4899,5972,3859,7273,9832
4797,4899,5972,8906,1261,6213
4797,4899,5972,3836,6815,3700
4797,4899,5972,5858,8476,551
4797,4899,5972,402,9214,3052
4797,4899,5972,5948,7477,1194
4797,4899,5972,2861,3902,6430
4797,4899,5972,9365,9026,2035
4797,4899,5972,2999,1499,1838
4797,4899,5972,3759,7280,7535
4797,4899,5972,932,992,8681
4797,4899,5972,7694,8143,2985
4797,4899,5972,1054,2372,4815
4797,4899,5972,930,6776,7735
4797,4899,5972,9019,6490,6778
4797,4899,5972,1993,2218,8685
4797,4899,5972,9558,3428,6698
4797,4899,5972,7118,1813,4795
4797,4899,5972,8045,4436,2718
4797,4899,5972,9926,4480,7094
4797,4899,5972,4295,4869,4422
4797,4899,5972,1397,1879,702
4797,4899,5972,8358,467,1792
4797,4899,5972,5012,9784,3730
4797,4899,5972,7170,5172,9803
4797,4899,5972,1594,8147,6373
4797,4899,5972,458,2542,9767
4797,4899,5972,7148,1231,9177
4797,4899,5972,1125,7493,9750
4797,4899,5972,8490,8957,6468
4797,4899,5972,3395,1085,5306
4797,4899,5972,7352,3938,8358
4797,4899,5972,2411,4280,782
4797,4899,5972,6570,1229,9198
4797,4899,5972,9461,8630,5329
4797,4899,5972,3628,5913,3010
4797,4899,5972,8775,9668,4640
4797,4899,5972,4453,615,1983
4797,4899,5972,6955,1046,2284
4797,4899,5972,9247,2186,7579
4797,4899,5972,6193,1417,7402
4797,4899,5972,5309,1016,6458
4797,4899,5972,3297,3935,7225
4797,4899,5972,6823,6148,5216
4797,4899,5972,4608,1415,101
4797,4899,5972,9353,5069,1537
4797,4899,5972,6734,9710,1930
4797,4899,5972,519,7429,2443
4797,4899,5972,8618,5197,4749
4797,4899,5972,790,4796,7568
4797,4899,5972,6552,7345,54
4797,4899,5972,7945,2658,6319
4797,4899,5972,6252,5808,9295
4797,4899,5972,4617,9617,4467
4797,4899,5972,1401,5474,4710
4797,4899,5972,5183,3982,4568
4797,4899,5972,1012,357,7437
4797,4899,5972,7519,7363,3682
4797,4899,5972,9808,8547,7764
4797,4899,5972,1075,5411,1925
4797,4899,5972,2140,7794,1272
4797,4899,5972,7938,7416,7249
4797,4899,5972,2063,3169,1136
4797,4899,5972,6584,5789,7190
4797,4899,5972,261,9431,3744
4797,4899,5972,6254,3839,2441
4797,4899,5972,9214,4631,3488
4797,4899,5972,1926,3810,2035
4797,4899,5972,5891,1504,9668
4797,4899,5972,5318,6426,5605
4797,4899,5972,3870,4597,1176
4797,4899,5972,366,9692,2932
4797,4899,5972,3355,3657,9325
4797,4899,5972,1301,3588,1683
4797,4899,5972,7569,4363,8027
4797,4899,5972,3808,8258,3526
4797,4899,5972,8467,2237,1466
4797,4899,5972,4396,757,4653
4797,4899,5972,7138,8428,3017
4797,4899,5972,6864,9561,8754
4797,4899,5972,3149,2759,8254
4797,4899,5972,3770,2219,3705
4797,4899,5972,2292,1257,1076
4797,4899,5972,7931,506,2988
4797,4899,5972,7580,6688,3051
4797,4899,5972,6190,3169,3594
4797,4899,5972,9167,6084,9834
4797,4899,5972,7337,4230,4097
4797,4899,5972,2521,9189,1330
4797,4899,5972,203,5841,1422
4797,4899,5972,8356,9408,6943
4797,4899,5972,5505,6873,2417
4797,4899,5972,7215,3327,7927
4797,4899,5972,3354,7330,810
4797,4899,5972,4581,4766,9467
4797,4899,5972,1223,1078,5543
4797,4899,5972,4125,8944,2246
4797,4899,5972,6773,8304,2457
4797,4899,5972,7471,8170,8598
4797,4899,5972,9392,7649,9459
4797,4899,5972,663,5331,996
4797,4899,5972,6398,1058,7620
4797,4899,5972,47,8461,1818
4797,4899,5972,7653,662,8175
4797,4899,5972,6192,7724,1733
4797,4899,5972,8183,9800,1953
4797,4899,5972,8995,5370,7190
4797,4899,5972,4664,6847,9324
4797,4899,5972,7477,7189,6963
4797,4899,5972,6745,8292,7375
4797,4899,5972,4147,7967,6826
4797,4899,5972,4713,8627,682
4797,4899,5972,6682,6997,2029
4797,4899,5972,6439,2330,3575
4797,4899,5972,6997,9810,783
4797,4899,5972,8329,1754,1068
4797,4899,5972,4575,4386,2368
4797,4899,5972,795,5769,6157
4797,4899,5972,8763,9273,6877
4797,4899,5972,531,2027,9690
4797,4899,5972,5524,3860,5931
4797,4899,5972,7887,6933,5983
4797,4899,5972,334,9358,5779
4797,4899,5972,4866,4511,3215
4797,4899,5972,6554,8425,8403
4797,4899,5972,4167,4438,9672
4797,4899,5972,5583,753,3039
4797,4899,5972,7099,1688,7593
4797,4899,5972,2501,7453,2723
4797,4899,5972,8338,2822,4731
4797,4899,5972,9639,3040,45
4797,4899,5972,9373,3371,3305
4797,4899,5972,6835,9022,6363
4797,4899,5972,4335,7091,1393
4797,4899,5972,1318,8397,1648
4797,4899,5972,7392,3168,3916
4797,4899,5972,4116,4965,8009
4797,4899,5972,9959,7096,3707
4797,4899,5972,7464,916,682
4797,4899,5972,390,2492,2877
4797,4899,5972,5414,5830,2603
4797,4899,5972,5806,6275,2606
4797,4899,5972,5753,1106,8176
4797,4899,5972,8276,6160,164
4797,4899,5972,3459,438,6851
4797,4899,5972,8530,9148,3019
4797,4899,5972,3850,4560,5712
4797,4899,5972,4911,1670,610
4797,4899,5972,5110,4005,2003
4797,4899,5972,8237,8840,9408
4797,4899,5972,5193,3647,9114
4797,4899,5972,579,301,7021
4797,4899,5972,5565,9924,2861
4797,4899,5972,8363,3436,2993
4797,4899,5972,5744,3796,2572
4797,4899,5972,7164,296,8429
4797,4899,5972,5109,7707,4809
4797,4899,5972,7972,9178,7083
4797,4899,5972,6221,7602,4864
4797,4899,5972,7167,8814,1740
4797,4899,5972,7,1501,8347
4797,4899,5972,719,798,5743
4797,4899,5972,1635,7772,5516
4797,4899,5972,6632,9563,420
4797,4899,5972,1099,7257,8830
4797,4899,5972,1326,8756,7245
4797,4899,5972,83,902,374
4797,4899,5972,2893,9978,20
4797,4899,5972,5521,3246,2330
4797,4899,5972,8595,7962,890
4797,4899,5972,7314,7605,914
4797,4899,5972,7779,9270,1861
4797,4899,5972,38,4259,6221
4797,4899,5972,1013,7325,4493
4797,4899,5972,5386,616,9787
4797,4899,5972,2674,1578,2369
4797,4899,5972,8193,6488,1947
4797,4899,5972,6560,9485,4493
4797,4899,5972,5007,1343,3916
4797,4899,5972,5829,7613,2690
4797,4899,5972,8784,2595,843
4797,4899,5972,5304,8022,7734
4797,4899,5972,7183,7145,3909
4797,4899,5972,3306,9646,1772
4797,4899,5972,3698,3468,4344
4797,4899,5972,9897,9558,876
4797,4899,5972,4651,40,4387
4797,4899,5972,5576,3984,7684
4797,4899,5972,6468,680,5341
4797,4899,5972,2495,2560,7999
4797,4899,5972,6019,9181,6759
4797,4899,5972,6561,7834,7030
4797,4899,5972,3492,6179,5233
4797,4899,5972,1631,8046,4612
4797,4899,5972,2671,1102,5600
4797,4899,5972,4291,2501,8060
4797,4899,5972,8671,6216,8867
4797,4899,5972,8863,11,1980
4797,4899,5972,7492,2493,3314
4797,4899,5972,252,8676,7343
4797,4899,5972,8848,456,2689
4797,4899,5972,1131,2684,1759
4797,4899,5972,1671,5786,9072
4797,4899,5972,6441,5516,3209
4797,4899,5972,1160,6375,178
4797,4899,5972,4740,7694,672
4797,4899,5972,4416,3544,7492
4797,4899,5972,6405,2197,6904
4797,4899,5972,3603,2115,5871
4797,4899,5972,7490,8056,7661
4797,4899,5972,6566,6530,7327
4797,4899,5972,9960,1182,1201
4797,4899,5972,228,7280,2631
4797,4899,5972,8184,3431,3761
4797,4899,5972,1564,9281,8535
4797,4899,5972,6650,2968,5235
4797,4899,5972,4483,9895,8406
4797,4899,5972,8365,3267,8758
4797,4899,5972,3116,2610,483
4797,4899,5972,5540,388,9399
4797,4899,5972,931,2424,6113
4797,4899,5972,9477,1850,5354
4797,4899,5972,1569,9854,5803
4797,4899,5972,3550,2049,3767
4797,4899,5972,4984,5252,3833
4797,4899,5972,8911,9467,9417
4797,4899,5972,3349,5820,6516
4797,4899,5972,6838,6365,7268
4797,4899,5972,178,6521,7422
4797,4899,5972,9400,682,2654
4797,4899,5972,1852,3833,3101
4797,4899,5972,1409,8353,6152
4797,4899,5972,2000,2100,8735
4797,4899,5972,7167,9593,1160
4797,4899,5972,9338,6882,8149
4797,4899,5972,1920,9422,5974
4797,4899,5972,7240,7507,9544
4797,4899,5972,6392,6212,7203
4797,4899,5972,9964,679,6724
4797,4899,5972,1887,3292,7881
4797,4899,5972,3249,6300,3749
4797,4899,5972,7082,4023,9008
4797,4899,5972,7012,6306,1253
4797,4899,5972,7830,8312,2434
4797,4899,5972,5734,4685,1535
4797,4899,5972,163,7545,1856
4797,4899,5972,1552,8838,4397
4797,4899,5972,6064,2799,8006
4797,4899,5972,8859,5232,8457
4797,4899,5972,1865,2711,4791
4797,4899,5972,3347,5065,2173
4797,4899,5972,3120,3157,4608
4797,4899,5972,7858,3417,433
4797,4899,5972,9558,3230,430
4797,4899,5972,382,5209,3662
4797,4899,5972,3817,18,1169
4797,4899,5972,3187,9017,9751
4797,4899,5972,9972,6724,7459
4797,4899,5972,7360,6224,570
4797,4899,5972,9838,2574,331
4797,4899,5972,3858,5140,5221
4797,4899,5972,2272,4078,2569
4797,4899,5972,9890,235,1483
4797,4899,5972,5437,3875,5391
4797,4899,5972,482,3124,13
4797,4899,5972,1968,1051,3037
4797,4899,5972,2975,8172,9288
4797,4899,5972,3956,9798,5331
4797,4899,5972,5283,3216,8018
4797,4899,5972,1623,8673,348
4797,4899,5972,1107,3758,6793
4797,4899,5972,1619,5330,813
4797,4899,5972,4297,7039,8313
4797,4899,5972,2331,1029,2276
4797,4899,5972,7429,466,5679
4797,4899,5972,718,4192,1788
4797,4899,5972,6552,6137,5345
4797,4899,5972,956,6226,4771
4797,4899,5972,8982,8265,7935
4797,4899,5972,9550,9166,9448
4797,4899,5972,5831,929,336
4797,4899,5972,6165,878,6389
4797,4899,5972,3604,3429,6879
4797,4899,5972,1008,43,9307
4797,4899,5972,2981,6824,8330
4797,4899,5972,5854,2378,6366
4797,4899,5972,3440,1158,8726
4797,4899,5972,3883,4215,7063
4797,4899,5972,9356,8897,4351
4797,4899,5972,7515,9997,206
4797,4899,5972,8203,7197,3640
4797,4899,5972,1401,1840,6771
4797,4899,5972,5828,5262,7083
4797,4899,5972,4584,1892,5339
4797,4899,5972,8538,2405,3794
4797,4899,5972,8995,5946,9423
4797,4899,5972,6832,4894,9829
4797,4899,5972,4569,2626,4388
4797,4899,5972,8454,276,9113
4797,4899,5972,6210,8441,7593
4797,4899,5972,6836,465,3658
4797,4899,5972,7342,2621,7523
4797,4899,5972,7463,779,1541
4797,4899,5972,8101,967,5140
4797,4899,5972,4503,875,7003
4797,4899,5972,6440,4364,2526
4797,4899,5972,4392,1385,8300
4797,4899,5972,6651,6432,3955
4797,4899,5972,3361,926,4882
4797,4899,5972,7805,1988,8372
4797,4899,5972,1512,1077,7751
4797,4899,5972,6286,4443,7695
4797,4899,5972,4419,102,9134
4797,4899,5972,845,4019,5765
4797,4899,5972,9603,2652,3512
4797,4899,5972,3670,3308,5663
4797,4899,5972,7052,1410,1060
4797,4899,5972,7449,6076,4674
4797,4899,5972,9659,8508,4356
4797,4899,5972,5695,2206,1374
4797,4899,5972,7407,9764,8828
4797,4899,5972,4077,8271,7856
4797,4899,5972,585,2285,3639
4797,4899,5972,4670,5058,6940
4797,4899,5972,5655,1893,7368
4797,4899,5972,9581,7056,1968
4797,4899,5972,9588,4339,4598
4797,4899,5972,694,2776,4821
4797,4899,5972,5821,3461,5464
4797,4899,5972,114,9071,9161
4797,4899,5972,7958,1018,7920
4797,4899,5972,8989,1196,8523
4797,4899,5972,8342,9647,5879
4797,4899,5972,4789,4054,4292
4797,4899,5972,2919,2594,5926
4797,4899,5972,150,5971,4662
4797,4899,5972,5905,1274,7760
4797,4899,5972,6778,6993,9363
4797,4899,5972,7871,7209,8573
4797,4899,5972,9979,3842,7796
4797,4899,5972,651,7209,6433
4797,4899,5972,3878,2558,9510
4797,4899,5972,5163,4089,2453
4797,4899,5972,1354,3379,8948
4797,4899,5972,6587,4303,4839
4797,4899,5972,1982,8615,6016
4797,4899,5972,567,6805,9315
4797,4899,5972,2263,4058,8826
4797,4899,5972,3476,5144,5089
4797,4899,5972,1294,6617,1675
4797,4899,5972,7196,9137,7495
4797,4899,5972,3885,8859,8141
4797,4899,5972,6248,5751,8337
4797,4899,5972,3417,4010,2889
4797,4899,5972,660,1242,1682
4797,4899,5972,9897,5045,8481
4797,4899,5972,5408,6496,7981
4797,4899,5972,9709,8183,7077
4797,4899,5972,6241,976,9252
4797,4899,5972,9243,4599,4645
4797,4899,5972,5277,8097,2664
4797,4899,5972,3957,6732,5754
4797,4899,5972,4258,1983,7780
4797,4899,5972,8049,3570,9421
4797,4899,5972,2206,9757,7635
4797,4899,5972,6530,2662,8091
4797,4899,5972,2527,4366,1127
4797,4899,5972,5447,3438,1444
4797,4899,5972,4585,313,5205
4797,4899,5972,8631,6257,831
4797,4899,5972,1521,7270,1854
4797,4899,5972,8133,2655,363
4797,4899,5972,6581,3424,9309
4797,4899,5972,5215,299,7376
4797,4899,5972,2599,2651,2860
4797,4899,5972,828,6570,9177
4797,4899,5972,6407,5779,2082
4797,4899,5972,908,3178,3587
4797,4899,5972,4319,4758,6158
4797,4899,5972,861,649,2594
4797,4899,5972,6485,6867,765
