4994,5720,2939,3339,3292,6446
4994,5720,2939,4890,5553,5757
4994,5720,2939,6540,2772,4818
4994,5720,2939,2382,6306,5591
4994,5720,2939,8145,7275,5382
4994,5720,2939,8976,9265,683
4994,5720,2939,2580,7567,807
4994,5720,2939,8483,6277,3847
4994,5720,2939,1880,8373,946
4994,5720,2939,3076,1331,3761
4994,5720,2939,2951,9710,5088
4994,5720,2939,5507,730,2009
4994,5720,2939,1815,9131,9004
4994,5720,2939,916,1172,9822
4994,5720,2939,4673,6091,4522
4994,5720,2939,7972,6275,5850
4994,5720,2939,2573,6410,9246
4994,5720,2939,5846,2131,7105
4994,5720,2939,4918,591,4236
4994,5720,2939,9018,8338,6048
4994,5720,2939,1492,6042,2976
4994,5720,2939,7827,3901,9933
4994,5720,2939,2499,8279,5697
4994,5720,2939,8458,1974,4094
4994,5720,2939,3223,603,9024
4994,5720,2939,2621,9306,6856
4994,5720,2939,8974,1092,895
4994,5720,2939,2583,4786,6266
4994,5720,2939,3586,2275,1947
4994,5720,2939,7013,1471,3295
4994,5720,2939,1838,4006,8940
4994,5720,2939,2403,1159,2218
4994,5720,2939,7532,2545,5318
4994,5720,2939,9506,5394,8698
4994,5720,2939,5533,1292,7579
4994,5720,2939,7732,3932,3283
4994,5720,2939,3492,1187,4138
4994,5720,2939,1083,8252,2913
4994,5720,2939,592,9260,5408
4994,5720,2939,3270,4786,1811
4994,5720,2939,7447,7440,4086
4994,5720,2939,7855,6620,5837
4994,5720,2939,134,2496,8484
4994,5720,2939,7172,675,6590
4994,5720,2939,9739,922,6155
4994,5720,2939,9039,7054,6827
4994,5720,2939,8375,1752,2096
4994,5720,2939,6249,5856,2218
4994,5720,2939,8662,2965,3132
4994,5720,2939,2742,87,2443
4994,5720,2939,9890,9385,7064
4994,5720,2939,7081,9710,7634
4994,5720,2939,7005,4942,7639
4994,5720,2939,9322,3985,5813
4994,5720,2939,8557,2795,3996
4994,5720,2939,6109,2397,54
4994,5720,2939,8902,2164,3766
4994,5720,2939,3804,3416,5303
4994,5720,2939,6163,9904,6460
4994,5720,2939,6817,6708,3282
4994,5720,2939,364,5054,1859
4994,5720,2939,692,7613,3478
4994,5720,2939,4939,5386,6024
4994,5720,2939,6536,1106,5886
4994,5720,2939,4047,9668,3296
4994,5720,2939,4482,4510,701
4994,5720,2939,2662,1689,186
4994,5720,2939,4171,7921,2674
4994,5720,2939,2091,8866,7397
4994,5720,2939,6242,6557,9208
4994,5720,2939,9527,5002,1441
4994,5720,2939,562,2935,8954
4994,5720,2939,4497,5810,3304
4994,5720,2939,7020,8608,8057
4994,5720,2939,4944,8250,8363
4994,5720,2939,1597,6461,5147
4994,5720,2939,5570,8714,8419
4994,5720,2939,8588,4487,224
4994,5720,2939,8028,1740,8829
4994,5720,2939,212,2570,858
4994,5720,2939,6140,5266,8900
4994,5720,2939,4141,4508,621
4994,5720,2939,3022,7113,7657
4994,5720,2939,949,2482,4719
4994,5720,2939,5391,2326,5432
4994,5720,2939,1454,6676,5766
4994,5720,2939,8245,8609,6210
4994,5720,2939,3446,583,4353
4994,5720,2939,2498,5845,4142
4994,5720,2939,649,686,7738
4994,5720,2939,7089,9827,8464
4994,5720,2939,1419,6240,268
4994,5720,2939,4201,3131,3349
4994,5720,2939,9865,6988,1457
4994,5720,2939,5074,7266,3175
4994,5720,2939,8874,1545,466
4994,5720,2939,3676,4108,9420
4994,5720,2939,3057,314,50
4994,5720,2939,4892,4206,3960
4994,5720,2939,8883,9538,8762
4994,5720,2939,4505,7369,8223
4994,5720,2939,191,8091,63
4994,5720,2939,1189,7759,5506
4994,5720,2939,5458,648,9880
4994,5720,2939,9535,2423,1600
4994,5720,2939,8747,871,8697
4994,5720,2939,4770,6596,6293
4994,5720,2939,3509,3671,9930
4994,5720,2939,7721,3398,1213
4994,5720,2939,8506,8885,2240
4994,5720,2939,2373,2828,8724
4994,5720,2939,3701,6189,3962
4994,5720,2939,4694,5995,5531
4994,5720,2939,2549,9985,2041
4994,5720,2939,6335,3209,8911
4994,5720,2939,3000,6358,3822
4994,5720,2939,2724,6664,3468
4994,5720,2939,9839,1978,7652
4994,5720,2939,6456,2574,8632
4994,5720,2939,7874,2139,5401
4994,5720,2939,4709,7145,178
4994,5720,2939,2280,2958,2262
4994,5720,2939,2712,9564,5364
4994,5720,2939,4155,4091,3770
4994,5720,2939,371,6067,8093
4994,5720,2939,6140,2182,4630
4994,5720,2939,7648,571,9179
4994,5720,2939,2749,8692,6975
4994,5720,2939,7529,8200,8563
4994,5720,2939,4053,1486,5710
4994,5720,2939,920,1893,9521
4994,5720,2939,3872,4297,3357
4994,5720,2939,2444,8643,6881
4994,5720,2939,600,3025,1005
4994,5720,2939,810,8499,1259
4994,5720,2939,6606,7807,1815
4994,5720,2939,1132,5041,8707
4994,5720,2939,4222,6111,5797
4994,5720,2939,8851,9903,3993
4994,5720,2939,7417,8073,5022
4994,5720,2939,1681,4010,9756
4994,5720,2939,8639,9830,7623
4994,5720,2939,8223,3788,6990
4994,5720,2939,9526,5229,3454
4994,5720,2939,7673,7794,5333
4994,5720,2939,8930,5700,1687
4994,5720,2939,9469,8019,996
4994,5720,2939,8936,1931,9537
4994,5720,2939,610,9081,154
4994,5720,2939,9455,3498,1496
4994,5720,2939,9749,5857,8060
4994,5720,2939,1391,8788,8550
4994,5720,2939,1177,8328,6184
4994,5720,2939,4156,5887,593
4994,5720,2939,4534,2980,2938
4994,5720,2939,6083,2605,5127
4994,5720,2939,5740,654,5875
4994,5720,2939,9029,2491,4451
4994,5720,2939,9205,1926,5135
4994,5720,2939,6216,2961,5407
4994,5720,2939,7837,9343,1452
4994,5720,2939,9151,9476,78
4994,5720,2939,6252,8066,8987
4994,5720,2939,7768,729,7952
4994,5720,2939,7324,8790,6658
4994,5720,2939,3794,6254,9487
4994,5720,2939,7020,4506,242
4994,5720,2939,2163,7445,8939
4994,5720,2939,1316,9838,2268
4994,5720,2939,4771,9295,4562
4994,5720,2939,7916,5214,6525
4994,5720,2939,198,8007,5366
4994,5720,2939,3437,6250,3931
4994,5720,2939,2507,8710,7668
4994,5720,2939,8686,1251,2676
4994,5720,2939,4675,1801,2114
4994,5720,2939,5721,2272,7706
4994,5720,2939,9051,4190,3624
4994,5720,2939,6321,3356,5272
4994,5720,2939,7772,1655,1439
4994,5720,2939,8932,6532,8297
4994,5720,2939,6490,946,5362
4994,5720,2939,8839,9949,5900
4994,5720,2939,5046,2684,3523
4994,5720,2939,825,8055,3966
4994,5720,2939,7854,9625,8861
4994,5720,2939,4593,6139,7049
4994,5720,2939,3094,6201,8472
4994,5720,2939,9600,8728,2870
4994,5720,2939,3645,2367,4503
4994,5720,2939,1847,1071,2824
4994,5720,2939,5440,6463,2818
4994,5720,2939,695,6576,9536
4994,5720,2939,67,6379,9220
4994,5720,2939,6524,2277,8381
4994,5720,2939,5517,1694,8641
4994,5720,2939,429,9119,7788
4994,5720,2939,6187,9643,8825
4994,5720,2939,1745,5131,9273
4994,5720,2939,7507,3938,9553
4994,5720,2939,5467,9078,3123
4994,5720,2939,6616,8848,2202
4994,5720,2939,1903,3313,2189
4994,5720,2939,9895,9641,7418
4994,5720,2939,5580,7852,4600
4994,5720,2939,1195,7212,2003
4994,5720,2939,2711,3949,907
4994,5720,2939,7743,2054,8768
4994,5720,2939,3555,7840,3266
4994,5720,2939,6276,5410,2017
4994,5720,2939,8115,4374,1962
4994,5720,2939,1416,8560,3673
4994,5720,2939,206,6578,5046
4994,5720,2939,1187,8410,9157
4994,5720,2939,7596,3098,5899
4994,5720,2939,6837,2816,6865
4994,5720,2939,4106,3247,2912
4994,5720,2939,3698,5928,4203
4994,5720,2939,8759,1497,8036
4994,5720,2939,8295,6051,9109
4994,5720,2939,7814,248,9229
4994,5720,2939,2035,2708,1844
4994,5720,2939,9581,9155,4068
4994,5720,2939,5241,5326,4703
4994,5720,2939,5801,624,2996
4994,5720,2939,7975,128,6982
4994,5720,2939,2281,2844,100
4994,5720,2939,2336,9453,3764
4994,5720,2939,7778,8040,9122
4994,5720,2939,4393,9859,2032
4994,5720,2939,5892,4254,5589
4994,5720,2939,8104,5765,6418
4994,5720,2939,306,7321,484
4994,5720,2939,8589,1640,7334
4994,5720,2939,991,4976,1716
4994,5720,2939,7520,2760,15
4994,5720,2939,6270,6036,9539
4994,5720,2939,104,3867,445
4994,5720,2939,3935,4418,9670
4994,5720,2939,3819,3932,634
4994,5720,2939,6489,9170,2521
4994,5720,2939,5304,3040,9312
4994,5720,2939,2047,9359,9597
4994,5720,2939,4506,3384,8924
4994,5720,2939,7413,4696,6396
4994,5720,2939,2926,9321,2982
4994,5720,2939,1086,3870,547
4994,5720,2939,786,8237,1994
4994,5720,2939,5637,861,9230
4994,5720,2939,4230,2697,4966
4994,5720,2939,1793,2639,108
4994,5720,2939,770,9447,266
4994,5720,2939,4742,5575,1812
4994,5720,2939,5518,9156,612
4994,5720,2939,2124,5082,5238
4994,5720,2939,6338,2117,919
4994,5720,2939,8716,1071,4697
4994,5720,2939,1446,58,6319
4994,5720,2939,1221,59,2573
4994,5720,2939,7717,2201,3593
4994,5720,2939,4129,2096,4968
4994,5720,2939,8961,4315,1897
4994,5720,2939,2782,1270,2375
4994,5720,2939,2772,9234,5613
4994,5720,2939,5800,6781,9064
4994,5720,2939,1516,39,9748
4994,5720,2939,400,1107,6312
4994,5720,2939,6173,7249,419
4994,5720,2939,2257,727,9745
4994,5720,2939,8713,3324,174
4994,5720,2939,56,6932,1290
4994,5720,2939,9152,5635,7297
4994,5720,2939,613,3044,6772
4994,5720,2939,9402,6408,4954
4994,5720,2939,8812,6814,9003
4994,5720,2939,7069,1905,464
4994,5720,2939,1269,5363,8821
4994,5720,2939,4148,2879,5852
4994,5720,2939,7965,1872,7596
4994,5720,2939,2693,4459,7810
4994,5720,2939,7543,3771,5853
4994,5720,2939,3761,1693,508
4994,5720,2939,9740,4006,2960
4994,5720,2939,4894,5074,7794
4994,5720,2939,615,9792,7318
4994,5720,2939,145,770,7537
4994,5720,2939,3106,4117,1697
4994,5720,2939,8958,9566,3546
4994,5720,2939,3070,7799,511
4994,5720,2939,8806,7640,6946
4994,5720,2939,2960,9172,4586
4994,5720,2939,5836,7616,5973
4994,5720,2939,7383,1568,4783
4994,5720,2939,6494,247,1747
4994,5720,2939,9519,3388,1464
4994,5720,2939,7786,2451,6408
4994,5720,2939,1619,7694,1790
4994,5720,2939,8106,9025,7190
4994,5720,2939,6639,3601,8235
4994,5720,2939,5612,8253,7025
4994,5720,2939,2307,4466,9687
4994,5720,2939,2395,4744,7290
4994,5720,2939,1225,8288,9836
4994,5720,2939,4647,9522,8578
4994,5720,2939,5171,3960,3557
4994,5720,2939,164,2478,3722
4994,5720,2939,13,2347,5827
4994,5720,2939,9890,1755,6440
4994,5720,2939,8519,8910,7613
4994,5720,2939,7591,410,1117
4994,5720,2939,5717,8555,6608
4994,5720,2939,2729,3162,1364
4994,5720,2939,4238,2536,9069
4994,5720,2939,918,5853,787
4994,5720,2939,1129,1176,3774
4994,5720,2939,6315,3469,6454
4994,5720,2939,6996,2964,2411
4994,5720,2939,5056,4936,9988
4994,5720,2939,7088,1301,6309
4994,5720,2939,703,1429,6034
4994,5720,2939,3142,2002,5870
4994,5720,2939,2531,8961,190
4994,5720,2939,4511,1912,7370
4994,5720,2939,3868,7856,7248
4994,5720,2939,3213,3340,8303
4994,5720,2939,4610,7865,8140
4994,5720,2939,9657,481,5626
4994,5720,2939,8125,3223,1514
4994,5720,2939,4565,2451,3095
4994,5720,2939,7524,9108,3599
4994,5720,2939,5856,4106,9152
4994,5720,2939,595,8207,1858
4994,5720,2939,9005,2389,1158
4994,5720,2939,1572,1059,5049
4994,5720,2939,8970,2657,6734
4994,5720,2939,1004,9950,9740
4994,5720,2939,6715,5828,1093
4994,5720,2939,1352,2383,4602
4994,5720,2939,154,9598,3286
4994,5720,2939,2411,6996,6530
4994,5720,2939,1056,4294,7757
4994,5720,2939,3740,7783,4427
4994,5720,2939,8614,1162,2382
4994,5720,2939,132,9656,7225
4994,5720,2939,3303,190,3660
4994,5720,2939,2970,2225,4494
4994,5720,2939,5514,1811,1153
4994,5720,2939,8200,1223,1222
4994,5720,2939,916,8938,6993
4994,5720,2939,5018,8043,8889
4994,5720,2939,5000,6823,4341
4994,5720,2939,2934,3300,9199
4994,5720,2939,6362,2544,8402
4994,5720,2939,1296,6393,9892
4994,5720,2939,6915,6705,8336
4994,5720,2939,7784,4008,6197
4994,5720,2939,4390,2964,306
4994,5720,2939,6364,7441,5324
4994,5720,2939,2416,753,1564
4994,5720,2939,4968,8562,2181
4994,5720,2939,9192,3645,2394
4994,5720,2939,5308,9598,5420
4994,5720,2939,1775,8412,8870
4994,5720,2939,3611,5394,8384
4994,5720,2939,1241,1073,8126
4994,5720,2939,7523,4917,8663
4994,5720,2939,9808,7139,3103
4994,5720,2939,822,1961,1375
4994,5720,2939,5966,8034,1867
4994,5720,2939,3882,8810,9267
4994,5720,2939,368,3416,1006
4994,5720,2939,3633,306,8696
4994,5720,2939,2525,4425,6116
4994,5720,2939,4540,5306,5144
4994,5720,2939,6344,7538,6763
4994,5720,2939,1489,4738,618
4994,5720,2939,9968,8034,1231
4994,5720,2939,3136,6376,5079
4994,5720,2939,535,9025,5428
4994,5720,2939,7674,8505,8820
4994,5720,2939,3580,5745,946
4994,5720,2939,3995,6696,146
4994,5720,2939,4097,1909,7055
4994,5720,2939,9545,1626,2239
4994,5720,2939,8357,5920,3565
4994,5720,2939,5148,145,8628
4994,5720,2939,3163,4180,6391
4994,5720,2939,8206,9565,8356
4994,5720,2939,1709,5548,8376
4994,5720,2939,9374,5077,1918
4994,5720,2939,2127,5133,2997
4994,5720,2939,7100,2423,5529
4994,5720,2939,1543,8055,2751
4994,5720,2939,5795,6890,6146
4994,5720,2939,1125,2765,3994
4994,5720,2939,1374,5339,6135
4994,5720,2939,7253,973,9208
4994,5720,2939,913,865,5386
4994,5720,2939,4006,5694,8148
4994,5720,2939,8815,4188,6900
4994,5720,2939,6737,831,9241
4994,5720,2939,7053,371,3266
4994,5720,2939,9468,4353,4379
4994,5720,2939,9861,485,3992
4994,5720,2939,3594,3078,3989
4994,5720,2939,3002,9380,304
4994,5720,2939,2406,6535,48
4994,5720,2939,38,9712,9406
4994,5720,2939,6893,5802,7337
4994,5720,2939,6148,2700,2887
4994,5720,2939,9837,1403,8432
4994,5720,2939,3606,7876,6394
4994,5720,2939,9113,3476,1571
4994,5720,2939,8012,404,633
4994,5720,2939,920,8024,7369
4994,5720,2939,7202,5129,8727
4994,5720,2939,6064,9970,7438
4994,5720,2939,5076,1156,4310
4994,5720,2939,5895,3250,1051
4994,5720,2939,5115,4414,4717
4994,5720,2939,2857,7792,4580
4994,5720,2939,1468,8874,7696
4994,5720,2939,2353,328,2871
4994,5720,2939,9630,7522,2409
4994,5720,2939,990,7772,3758
4994,5720,2939,3705,5752,1097
4994,5720,2939,6497,1783,8052
4994,5720,2939,1398,3835,1452
4994,5720,2939,8041,5269,3604
4994,5720,2939,247,4516,8220
4994,5720,2939,5217,9462,6708
4994,5720,2939,6836,1235,4752
4994,5720,2939,8,7260,262
4994,5720,2939,6615,374,7894
4994,5720,2939,8604,9213,9715
4994,5720,2939,8679,1880,6855
4994,5720,2939,393,831,9612
4994,5720,2939,1511,549,8504
4994,5720,2939,5063,8200,2952
4994,5720,2939,2884,1758,9072
4994,5720,2939,8063,4212,5039
4994,5720,2939,2482,9447,9507
4994,5720,2939,7356,5139,736
4994,5720,2939,8897,7517,9367
4994,5720,2939,3257,9159,464
4994,5720,2939,5018,476,9471
4994,5720,2939,4179,4931,3916
4994,5720,2939,3664,902,7915
4994,5720,2939,9553,8767,1430
4994,5720,2939,7896,4662,1018
4994,5720,2939,8266,618,9608
4994,5720,2939,2332,3536,4056
4994,5720,2939,9350,7195,5073
4994,5720,2939,8881,5149,9638
4994,5720,2939,8577,9831,8596
4994,5720,2939,5554,6158,3198
4994,5720,2939,8915,2953,2041
4994,5720,2939,2276,8373,4735
4994,5720,2939,5618,9084,3988
4994,5720,2939,8804,8501,3967
4994,5720,2939,5162,5836,3560
4994,5720,2939,5456,1199,1399
4994,5720,2939,144,9777,4740
4994,5720,2939,257,5971,6815
4994,5720,2939,1942,1438,4739
4994,5720,2939,9066,4428,7210
4994,5720,2939,8934,6150,6681
4994,5720,2939,5478,5101,3455
4994,5720,2939,267,5849,4561
4994,5720,2939,6838,3301,4459
4994,5720,2939,9125,1421,4632
4994,5720,2939,2753,9741,4081
4994,5720,2939,9636,2678,3742
4994,5720,2939,3297,2875,9581
4994,5720,2939,7859,9597,4041
4994,5720,2939,8722,4657,1032
4994,5720,2939,1056,3695,5123
4994,5720,2939,6994,5780,1696
4994,5720,2939,1719,4804,2863
4994,5720,2939,4319,3990,4754
4994,5720,2939,6519,4198,8756
4994,5720,2939,4422,4605,997
4994,5720,2939,1645,2994,6232
4994,5720,2939,8691,2996,7471
4994,5720,2939,4927,2407,2245
4994,5720,2939,8217,462,4864
4994,5720,2939,2631,7589,2107
4994,5720,2939,21,8634,4898
4994,5720,2939,7145,1721,7364
4994,5720,2939,6228,2880,1748
4994,5720,2939,215,7353,9985
4994,5720,2939,1041,6560,556
4994,5720,2939,1856,9944,6772
4994,5720,2939,9260,3743,1632
4994,5720,2939,4486,5407,5328
4994,5720,2939,3755,8054,3999
4994,5720,2939,5958,2813,211
4994,5720,2939,3877,2444,5457
4994,5720,2939,6128,1232,1135
4994,5720,2939,5109,1536,130
4994,5720,2939,6359,1797,6863
4994,5720,2939,4126,7662,5370
4994,5720,2939,8426,1657,6955
4994,5720,2939,3060,653,7653
4994,5720,2939,4894,3713,3659
4994,5720,2939,220,8584,2397
4994,5720,2939,1696,1747,2095
4994,5720,2939,2202,3411,243
4994,5720,2939,2312,9057,3520
4994,5720,2939,2583,9037,2635
