7290,3749,5983,5521,1017,7791
7290,3749,5983,2520,2576,6459
7290,3749,5983,9927,8465,5420
7290,3749,5983,9725,3208,9072
7290,3749,5983,4970,3581,5462
7290,3749,5983,8603,5052,2377
7290,3749,5983,7302,7316,9585
7290,3749,5983,853,4551,6729
7290,3749,5983,7919,547,1128
7290,3749,5983,9671,7144,551
7290,3749,5983,5465,847,4162
7290,3749,5983,3474,9748,9238
7290,3749,5983,4181,2015,3160
7290,3749,5983,9124,7510,5569
7290,3749,5983,4871,7372,844
7290,3749,5983,8069,894,5873
7290,3749,5983,8593,5664,4099
7290,3749,5983,4660,6460,1390
7290,3749,5983,3432,1236,4588
7290,3749,5983,1734,8646,3674
7290,3749,5983,9143,544,5701
7290,3749,5983,7193,7495,6465
7290,3749,5983,3704,8894,8604
7290,3749,5983,319,6732,7486
7290,3749,5983,4282,66,3383
7290,3749,5983,4361,3097,3517
7290,3749,5983,9814,8816,4765
7290,3749,5983,7715,8865,3434
7290,3749,5983,4934,1772,3408
7290,3749,5983,1802,4831,4714
7290,3749,5983,6375,8782,597
7290,3749,5983,9081,8829,9432
7290,3749,5983,561,2765,9630
7290,3749,5983,8384,97,1782
7290,3749,5983,2210,7515,9102
7290,3749,5983,7408,2672,2668
7290,3749,5983,1351,3030,5881
7290,3749,5983,5700,2919,1913
7290,3749,5983,55,1515,4053
7290,3749,5983,5096,6850,8517
7290,3749,5983,100,1102,3872
7290,3749,5983,9482,6755,2743
7290,3749,5983,2669,8245,8478
7290,3749,5983,9036,671,839
7290,3749,5983,7502,3762,2371
7290,3749,5983,1478,5003,4393
7290,3749,5983,3887,347,8971
7290,3749,5983,8329,3435,5021
7290,3749,5983,533,1819,7827
7290,3749,5983,7963,7646,4413
7290,3749,5983,2816,9652,3015
7290,3749,5983,3114,2570,1175
7290,3749,5983,2401,8667,5947
7290,3749,5983,345,6803,1350
7290,3749,5983,2763,8163,6411
7290,3749,5983,5537,5173,2795
7290,3749,5983,9301,9962,1566
7290,3749,5983,3419,2263,5494
7290,3749,5983,6193,2511,7617
7290,3749,5983,5176,3556,9744
7290,3749,5983,5755,1146,453
7290,3749,5983,9310,5524,4660
7290,3749,5983,6918,9084,8758
7290,3749,5983,4657,2563,8146
7290,3749,5983,2266,7381,8807
7290,3749,5983,860,8045,9060
7290,3749,5983,3979,8190,5654
7290,3749,5983,9714,7454,8958
7290,3749,5983,6506,9135,5563
7290,3749,5983,2853,1633,1226
7290,3749,5983,4499,2227,8622
7290,3749,5983,1404,5101,7320
7290,3749,5983,2254,6531,9922
7290,3749,5983,588,341,7679
7290,3749,5983,8410,2126,359
7290,3749,5983,6670,7372,9951
7290,3749,5983,3874,535,3685
7290,3749,5983,9615,8815,6056
7290,3749,5983,7293,7186,6991
7290,3749,5983,4912,7945,2707
7290,3749,5983,4671,2561,389
7290,3749,5983,7592,3664,4380
7290,3749,5983,8311,6107,535
7290,3749,5983,1487,6434,6287
7290,3749,5983,4649,1977,7326
7290,3749,5983,8822,840,222
7290,3749,5983,6250,3740,8030
7290,3749,5983,726,6637,8718
7290,3749,5983,6249,2251,9089
7290,3749,5983,2249,4745,1855
7290,3749,5983,1358,6568,2210
7290,3749,5983,1359,555,3470
7290,3749,5983,3150,1595,6254
7290,3749,5983,4903,6187,8836
7290,3749,5983,2698,5278,1001
7290,3749,5983,3411,8531,7484
7290,3749,5983,394,2003,8076
7290,3749,5983,2340,4387,1752
7290,3749,5983,8763,8915,3031
7290,3749,5983,9653,4068,6608
7290,3749,5983,500,4104,5369
7290,3749,5983,7178,5211,2309
7290,3749,5983,8675,5988,9172
7290,3749,5983,8230,3129,157
7290,3749,5983,4332,3220,5027
7290,3749,5983,5121,7620,2335
7290,3749,5983,3199,8535,6150
7290,3749,5983,4065,6500,9506
7290,3749,5983,5746,4005,1169
7290,3749,5983,5,2230,9911
7290,3749,5983,6937,284,4414
7290,3749,5983,6774,928,1997
7290,3749,5983,9205,2081,1280
7290,3749,5983,6857,1469,979
7290,3749,5983,794,7885,3016
7290,3749,5983,9947,1490,3590
7290,3749,5983,1091,5945,6818
7290,3749,5983,5313,1250,1427
7290,3749,5983,9817,6245,7696
7290,3749,5983,6814,9519,4717
7290,3749,5983,9659,4188,9913
7290,3749,5983,1869,4339,5556
7290,3749,5983,4000,2081,6985
7290,3749,5983,100,7427,8882
7290,3749,5983,3649,4760,957
7290,3749,5983,4868,8338,2092
7290,3749,5983,1365,4021,3276
7290,3749,5983,2389,8828,1134
7290,3749,5983,6677,7059,8664
7290,3749,5983,5270,1619,5188
7290,3749,5983,9155,237,8715
7290,3749,5983,4615,3911,5455
7290,3749,5983,3861,5327,3717
7290,3749,5983,9175,2619,9093
7290,3749,5983,2898,9045,9001
7290,3749,5983,1342,3871,6992
7290,3749,5983,2373,8449,6526
7290,3749,5983,8129,8165,1408
7290,3749,5983,4225,5037,8068
7290,3749,5983,9058,4423,5067
7290,3749,5983,2883,3567,4484
7290,3749,5983,8141,7133,7346
7290,3749,5983,6737,9037,9181
7290,3749,5983,5458,6766,9802
7290,3749,5983,148,9089,5872
7290,3749,5983,21,5792,7906
7290,3749,5983,3913,8293,8302
7290,3749,5983,5704,3035,5377
7290,3749,5983,3719,9690,8426
7290,3749,5983,4998,451,2251
7290,3749,5983,3851,5885,5223
7290,3749,5983,7793,3023,9317
7290,3749,5983,5208,4626,4105
7290,3749,5983,506,1154,1961
7290,3749,5983,1697,9752,7907
7290,3749,5983,2579,1436,5730
7290,3749,5983,4,1047,2743
7290,3749,5983,4987,4803,6851
7290,3749,5983,2232,391,5330
7290,3749,5983,4901,9480,9841
7290,3749,5983,9057,1995,3322
7290,3749,5983,6416,7078,6244
7290,3749,5983,4783,807,3475
7290,3749,5983,3856,915,3454
7290,3749,5983,8628,3101,9471
7290,3749,5983,3100,3519,4991
7290,3749,5983,6479,3447,9711
7290,3749,5983,7187,6109,4523
7290,3749,5983,7937,8442,2025
7290,3749,5983,3102,5044,3942
7290,3749,5983,2180,8897,8529
7290,3749,5983,8071,675,3485
7290,3749,5983,7068,1657,9851
7290,3749,5983,4125,6467,7033
7290,3749,5983,3194,5163,7719
7290,3749,5983,776,6066,1922
7290,3749,5983,8536,8762,3437
7290,3749,5983,9674,1197,7352
7290,3749,5983,7945,5302,2011
7290,3749,5983,5147,6880,1553
7290,3749,5983,7799,3610,7953
7290,3749,5983,3312,6652,7263
7290,3749,5983,9631,3503,1700
7290,3749,5983,7487,9925,3321
7290,3749,5983,1318,7972,1366
7290,3749,5983,2544,1605,2900
7290,3749,5983,9192,2694,1588
7290,3749,5983,1653,7657,3644
7290,3749,5983,8104,4035,9764
7290,3749,5983,3876,7927,2866
7290,3749,5983,4207,2030,5881
7290,3749,5983,5779,8202,8630
7290,3749,5983,7556,1718,9636
7290,3749,5983,8291,5469,7113
7290,3749,5983,4830,3454,3829
7290,3749,5983,5602,675,770
7290,3749,5983,4890,1851,1655
7290,3749,5983,4461,1475,2990
7290,3749,5983,8209,5952,7707
7290,3749,5983,5675,3544,59
7290,3749,5983,808,6210,815
7290,3749,5983,1569,3917,6354
7290,3749,5983,5898,5775,7769
7290,3749,5983,8138,6416,2395
7290,3749,5983,1024,2207,9741
7290,3749,5983,3131,9073,9642
7290,3749,5983,7818,427,4155
7290,3749,5983,1483,8540,8028
7290,3749,5983,9554,4129,4481
7290,3749,5983,8050,8049,2125
7290,3749,5983,6663,8746,9421
7290,3749,5983,6673,1438,1315
7290,3749,5983,7194,321,6304
7290,3749,5983,1963,1247,9513
7290,3749,5983,1994,4762,4957
7290,3749,5983,3930,9532,8806
7290,3749,5983,8384,971,4445
7290,3749,5983,2461,8782,8030
7290,3749,5983,5648,9344,5589
7290,3749,5983,6845,7305,2277
7290,3749,5983,3308,987,4928
7290,3749,5983,8554,6739,3819
7290,3749,5983,4883,6573,2947
7290,3749,5983,7918,9174,6759
7290,3749,5983,8056,939,8930
7290,3749,5983,4349,8275,842
7290,3749,5983,8172,1788,6878
7290,3749,5983,5769,2270,5179
7290,3749,5983,6294,4182,9596
7290,3749,5983,7153,1547,7336
7290,3749,5983,8011,8433,6473
7290,3749,5983,1694,1974,8253
7290,3749,5983,2891,693,1180
7290,3749,5983,8000,1760,3364
7290,3749,5983,3334,9432,2015
7290,3749,5983,5818,6180,1180
7290,3749,5983,2202,1024,915
7290,3749,5983,2704,7837,2961
7290,3749,5983,5337,2570,8849
7290,3749,5983,7857,7814,5926
7290,3749,5983,5891,8924,2316
7290,3749,5983,9795,1921,9378
7290,3749,5983,2444,5418,8959
7290,3749,5983,7911,4193,2435
7290,3749,5983,7319,906,6258
7290,3749,5983,2257,5528,430
7290,3749,5983,2720,1048,1106
7290,3749,5983,3063,7223,2959
7290,3749,5983,6843,3290,3883
7290,3749,5983,5468,6892,6579
7290,3749,5983,469,4122,3371
7290,3749,5983,364,5080,5698
7290,3749,5983,3647,8645,9087
7290,3749,5983,707,6386,3850
7290,3749,5983,5225,1639,1954
7290,3749,5983,1842,3578,6184
7290,3749,5983,8769,2452,4648
7290,3749,5983,7028,4286,5557
7290,3749,5983,4043,5040,9538
7290,3749,5983,1983,1846,1871
7290,3749,5983,9660,4387,4471
7290,3749,5983,2348,8565,4242
7290,3749,5983,4501,7863,2308
7290,3749,5983,7139,400,5730
7290,3749,5983,2932,3821,2088
7290,3749,5983,9872,8105,3169
7290,3749,5983,4959,587,6045
7290,3749,5983,2143,332,2476
7290,3749,5983,3230,2256,885
7290,3749,5983,6293,4533,288
7290,3749,5983,4894,7955,9600
7290,3749,5983,7611,5857,1164
7290,3749,5983,7348,8510,8551
7290,3749,5983,1127,9588,3326
7290,3749,5983,6803,9489,5315
7290,3749,5983,5325,251,1255
7290,3749,5983,8003,162,8546
7290,3749,5983,8327,5458,8556
7290,3749,5983,9057,3792,5854
7290,3749,5983,3569,8794,5843
7290,3749,5983,4254,3370,5603
7290,3749,5983,9609,9321,3947
7290,3749,5983,7797,2012,7520
7290,3749,5983,1646,8112,2541
7290,3749,5983,1868,34,572
7290,3749,5983,9790,1924,2003
7290,3749,5983,9450,5979,6055
7290,3749,5983,9794,5286,4108
7290,3749,5983,3563,869,640
7290,3749,5983,4170,1910,4773
7290,3749,5983,6793,4212,144
7290,3749,5983,6771,7809,6235
7290,3749,5983,1108,6667,6981
7290,3749,5983,7016,4113,8514
7290,3749,5983,9404,2404,9065
7290,3749,5983,5175,1883,6444
7290,3749,5983,4086,9656,2370
7290,3749,5983,7649,1308,5916
7290,3749,5983,2916,6780,6569
7290,3749,5983,3375,4831,6520
7290,3749,5983,5076,8148,1646
7290,3749,5983,9315,128,4619
7290,3749,5983,551,3506,6788
7290,3749,5983,1558,1006,2683
7290,3749,5983,6025,6590,2035
7290,3749,5983,3680,4429,2526
7290,3749,5983,7817,1611,5242
7290,3749,5983,2811,7725,7037
7290,3749,5983,7213,2839,8459
7290,3749,5983,1695,5465,6665
7290,3749,5983,5404,1998,1897
7290,3749,5983,1025,5683,2694
7290,3749,5983,6900,8081,5498
7290,3749,5983,9167,6935,6828
7290,3749,5983,8768,7088,7326
7290,3749,5983,7511,9296,4711
7290,3749,5983,1092,9199,8538
7290,3749,5983,64,4665,1213
7290,3749,5983,6467,3738,6086
7290,3749,5983,8518,944,1611
7290,3749,5983,4444,595,4322
7290,3749,5983,5837,8500,9920
7290,3749,5983,4398,8912,8762
7290,3749,5983,1725,1812,7793
7290,3749,5983,2586,3876,1836
7290,3749,5983,5271,7732,850
7290,3749,5983,1114,8947,9872
7290,3749,5983,1505,8327,7086
7290,3749,5983,4184,6068,2411
7290,3749,5983,2068,7333,8578
7290,3749,5983,4240,606,9726
7290,3749,5983,3186,1979,6035
7290,3749,5983,1984,8123,3199
7290,3749,5983,1146,999,7984
7290,3749,5983,9893,2123,3059
7290,3749,5983,2899,4247,566
7290,3749,5983,9921,1355,3586
7290,3749,5983,4737,2720,7519
7290,3749,5983,9746,1189,7282
7290,3749,5983,229,1675,3498
7290,3749,5983,8225,2903,388
7290,3749,5983,2509,9524,4506
7290,3749,5983,7991,9653,1761
7290,3749,5983,752,7176,3681
7290,3749,5983,5784,3047,7161
7290,3749,5983,3062,3825,5045
7290,3749,5983,7870,625,4922
7290,3749,5983,557,3322,6452
7290,3749,5983,698,767,3737
7290,3749,5983,2318,7978,3838
7290,3749,5983,5147,2545,9506
7290,3749,5983,6583,8729,9890
7290,3749,5983,9015,3558,4342
7290,3749,5983,4112,8796,6504
7290,3749,5983,1368,4417,6633
7290,3749,5983,852,6252,8700
7290,3749,5983,4014,5876,7269
7290,3749,5983,7200,3279,2639
7290,3749,5983,5120,2716,4348
7290,3749,5983,7871,5811,6725
7290,3749,5983,6686,9577,5470
7290,3749,5983,5671,2470,181
7290,3749,5983,2013,8653,2922
7290,3749,5983,2025,8501,5035
7290,3749,5983,2926,2239,540
7290,3749,5983,6433,318,390
7290,3749,5983,3586,918,5063
7290,3749,5983,5963,3396,1705
7290,3749,5983,9678,655,8782
7290,3749,5983,2160,7201,5176
7290,3749,5983,7364,3020,8800
7290,3749,5983,6615,2733,2560
7290,3749,5983,8727,5458,6143
7290,3749,5983,5630,7716,5614
7290,3749,5983,254,7999,9967
7290,3749,5983,9190,538,6049
7290,3749,5983,391,8136,6325
7290,3749,5983,8580,62,6516
7290,3749,5983,2442,4548,5789
7290,3749,5983,3476,2785,8735
7290,3749,5983,5527,686,8781
7290,3749,5983,6275,1624,5256
7290,3749,5983,9000,8246,4661
7290,3749,5983,5793,7977,4729
7290,3749,5983,7890,3334,3123
7290,3749,5983,5457,7953,328
7290,3749,5983,9426,220,1097
7290,3749,5983,8124,8627,6135
7290,3749,5983,5333,1365,3520
7290,3749,5983,4831,1983,8477
7290,3749,5983,1402,1292,7400
7290,3749,5983,9314,612,5152
7290,3749,5983,800,7027,5844
7290,3749,5983,4081,2900,3146
7290,3749,5983,6760,9897,784
7290,3749,5983,5461,5672,3568
7290,3749,5983,1310,723,5322
7290,3749,5983,1225,8589,6079
7290,3749,5983,3839,6946,8379
7290,3749,5983,8583,9074,2460
7290,3749,5983,2939,7691,840
7290,3749,5983,9226,1509,6656
7290,3749,5983,60,3855,6938
7290,3749,5983,8716,9952,7711
7290,3749,5983,6608,4619,9317
7290,3749,5983,7420,5771,7279
7290,3749,5983,138,4966,1721
7290,3749,5983,432,2150,9896
7290,3749,5983,2539,6568,3834
7290,3749,5983,3608,232,314
7290,3749,5983,3320,7390,6433
7290,3749,5983,214,3435,8038
7290,3749,5983,994,5023,1227
7290,3749,5983,9561,957,1850
7290,3749,5983,352,2658,7260
7290,3749,5983,2808,6402,6134
7290,3749,5983,3855,1498,1761
7290,3749,5983,9281,2298,9802
7290,3749,5983,5315,6933,6125
7290,3749,5983,8818,5356,2488
7290,3749,5983,1736,2556,9888
7290,3749,5983,5871,6030,7276
7290,3749,5983,1938,2059,4576
7290,3749,5983,3672,7138,3295
7290,3749,5983,6117,724,5875
7290,3749,5983,6916,1718,1450
7290,3749,5983,6355,1563,7322
7290,3749,5983,9699,13,3132
7290,3749,5983,4438,2200,6376
7290,3749,5983,3050,2090,3406
7290,3749,5983,3808,9290,2330
7290,3749,5983,7446,7494,3555
7290,3749,5983,482,3559,7260
7290,3749,5983,9257,9455,4520
7290,3749,5983,7694,6295,1186
7290,3749,5983,5578,8051,9295
7290,3749,5983,9839,6222,990
7290,3749,5983,7970,6561,281
7290,3749,5983,2695,817,929
7290,3749,5983,1306,6572,4758
7290,3749,5983,3664,6240,9148
7290,3749,5983,2354,3866,4421
7290,3749,5983,499,6970,6734
7290,3749,5983,4432,1984,2100
7290,3749,5983,9369,9925,6448
7290,3749,5983,3335,8944,4621
7290,3749,5983,4738,9866,1092
7290,3749,5983,548,6331,5418
7290,3749,5983,4495,1137,5182
7290,3749,5983,448,7420,1240
7290,3749,5983,1497,3580,8316
7290,3749,5983,4777,8438,2679
7290,3749,5983,8797,8214,5062
7290,3749,5983,2922,9929,1874
7290,3749,5983,1949,5133,6574
7290,3749,5983,1316,7337,6941
7290,3749,5983,1503,2282,1649
7290,3749,5983,9541,1715,5486
7290,3749,5983,1569,9060,1707
7290,3749,5983,1769,4970,9411
7290,3749,5983,5826,6925,1391
7290,3749,5983,8754,964,6931
7290,3749,5983,3745,7856,2601
7290,3749,5983,7074,441,4908
7290,3749,5983,5652,4650,5464
7290,3749,5983,7232,3287,8837
7290,3749,5983,5922,8569,961
7290,3749,5983,7093,5955,507
7290,3749,5983,2245,9213,4731
7290,3749,5983,202,8091,1786
7290,3749,5983,5689,3120,1497
7290,3749,5983,9443,3663,9542
7290,3749,5983,2987,8987,1002
7290,3749,5983,2219,1662,2152
7290,3749,5983,4550,9901,544
7290,3749,5983,2368,6279,5176
7290,3749,5983,7350,1030,5187
7290,3749,5983,2029,119,3932
7290,3749,5983,8590,7663,2051
7290,3749,5983,596,1167,6356
7290,3749,5983,9523,5040,735
7290,3749,5983,9860,1245,9481
7290,3749,5983,6415,9456,3117
7290,3749,5983,9427,198,3875
7290,3749,5983,6456,1416,9254
7290,3749,5983,9982,5944,9970
7290,3749,5983,2319,4059,1670
7290,3749,5983,7410,5557,74
7290,3749,5983,3121,9133,5399
7290,3749,5983,1202,5344,3167
7290,3749,5983,1994,3062,6447
7290,3749,5983,2577,7743,8622
7290,3749,5983,6194,74,2343
7290,3749,5983,6566,4430,6380
7290,3749,5983,8108,7929,4517
7290,3749,5983,420,2074,6516
7290,3749,5983,177,8260,7599
7290,3749,5983,93,5441,8926
7290,3749,5983,6536,9197,6169
7290,3749,5983,2117,3743,2359
7290,3749,5983,4166,212,4278
7290,3749,5983,4419,1297,158
7290,3749,5983,5900,90,9036
7290,3749,5983,9887,3343,1895
7290,3749,5983,1572,9612,4007
7290,3749,5983,118,6553,5453
7290,3749,5983,9810,5636,2818
7290,3749,5983,1918,181,2706
7290,3749,5983,497,9141,6579
7290,3749,5983,826,4634,6660
