7761,8852,5390,2098,9629,7677
7761,8852,5390,5428,9876,1621
7761,8852,5390,2542,3728,210
7761,8852,5390,5275,3359,9312
7761,8852,5390,3519,3288,8387
7761,8852,5390,1742,2901,1582
7761,8852,5390,4139,7802,6958
7761,8852,5390,2917,7882,473
7761,8852,5390,7042,6265,8558
7761,8852,5390,5422,6734,7614
7761,8852,5390,4761,4820,3425
7761,8852,5390,9442,3305,1915
7761,8852,5390,908,608,7089
7761,8852,5390,4069,1388,8702
7761,8852,5390,5365,4767,6864
7761,8852,5390,5881,7185,5298
7761,8852,5390,4277,6997,2629
7761,8852,5390,8794,7981,8576
7761,8852,5390,6948,9175,2809
7761,8852,5390,9140,4033,9048
7761,8852,5390,7670,3353,6795
7761,8852,5390,6721,5688,6038
7761,8852,5390,9585,4390,5733
7761,8852,5390,9756,33,2528
7761,8852,5390,5222,5239,4950
7761,8852,5390,7020,9723,4624
7761,8852,5390,7170,4399,6240
7761,8852,5390,4935,9925,8627
7761,8852,5390,7557,6516,1588
7761,8852,5390,5690,9814,2998
7761,8852,5390,1638,5251,4860
7761,8852,5390,5736,9302,8408
7761,8852,5390,2082,832,4626
7761,8852,5390,8324,1944,6367
7761,8852,5390,4833,2751,7904
7761,8852,5390,7635,347,4793
7761,8852,5390,6995,1800,6907
7761,8852,5390,7607,6283,7697
7761,8852,5390,1424,9500,3985
7761,8852,5390,3,206,9771
7761,8852,5390,1332,6041,9326
7761,8852,5390,2957,5306,4559
7761,8852,5390,4758,610,9755
7761,8852,5390,8909,1929,4162
7761,8852,5390,7926,3745,5375
7761,8852,5390,1928,8944,6754
7761,8852,5390,6642,6396,9491
7761,8852,5390,8498,4773,1496
7761,8852,5390,9219,4143,889
7761,8852,5390,4782,863,1850
7761,8852,5390,3616,7160,3372
7761,8852,5390,6865,826,507
7761,8852,5390,3242,1673,5720
7761,8852,5390,2292,8625,4971
7761,8852,5390,7646,8195,5966
7761,8852,5390,4145,6971,5084
7761,8852,5390,2234,1377,952
7761,8852,5390,4472,4994,4039
7761,8852,5390,1905,1274,5882
7761,8852,5390,436,5118,5473
7761,8852,5390,4382,2157,3007
7761,8852,5390,4523,8083,8905
7761,8852,5390,1357,5982,8925
7761,8852,5390,3678,4419,4064
7761,8852,5390,8446,6117,5445
7761,8852,5390,6460,1117,5015
7761,8852,5390,9275,1428,1368
7761,8852,5390,4241,5558,3760
7761,8852,5390,4906,4873,5045
7761,8852,5390,8062,2994,3171
7761,8852,5390,7463,9364,1156
7761,8852,5390,1390,8747,9379
7761,8852,5390,4644,7757,5836
7761,8852,5390,8844,1323,227
7761,8852,5390,2730,5216,9938
7761,8852,5390,3166,688,1308
7761,8852,5390,5385,5658,3736
7761,8852,5390,1867,4854,6600
7761,8852,5390,176,5521,2534
7761,8852,5390,8463,3176,6440
7761,8852,5390,2958,5355,5742
7761,8852,5390,4414,757,6282
7761,8852,5390,3864,7034,6692
7761,8852,5390,8084,744,1173
7761,8852,5390,7515,4276,3151
7761,8852,5390,2053,2298,6364
7761,8852,5390,2991,5599,1979
7761,8852,5390,9625,9744,2905
7761,8852,5390,7746,4426,9227
7761,8852,5390,379,5593,8794
7761,8852,5390,9456,3269,8631
7761,8852,5390,2614,6842,6988
7761,8852,5390,3396,9207,5936
7761,8852,5390,4671,9653,7998
7761,8852,5390,1735,1014,2460
7761,8852,5390,3621,5846,3076
7761,8852,5390,8807,7478,7021
7761,8852,5390,1433,3812,2121
7761,8852,5390,6088,4139,7475
7761,8852,5390,977,4717,6760
7761,8852,5390,2794,4723,7225
7761,8852,5390,8933,3125,4399
7761,8852,5390,3841,2935,437
7761,8852,5390,1162,6885,4900
7761,8852,5390,1096,3831,9496
7761,8852,5390,8536,5476,2516
7761,8852,5390,2090,5478,4486
7761,8852,5390,3041,9811,8963
7761,8852,5390,7747,3668,333
7761,8852,5390,9708,2079,5599
7761,8852,5390,8447,6637,5733
7761,8852,5390,8868,9951,6610
7761,8852,5390,8124,1115,4931
7761,8852,5390,9505,5173,4994
7761,8852,5390,4705,766,994
7761,8852,5390,1588,5658,7051
7761,8852,5390,7089,9686,9466
7761,8852,5390,7399,4317,749
7761,8852,5390,8184,806,7401
7761,8852,5390,6100,6737,3331
7761,8852,5390,4211,3219,5508
7761,8852,5390,137,5942,5807
7761,8852,5390,5237,5061,2902
7761,8852,5390,2715,2704,3049
7761,8852,5390,5340,5753,3108
7761,8852,5390,5907,5003,5249
7761,8852,5390,1587,4123,2882
7761,8852,5390,1015,6696,2572
7761,8852,5390,7527,1022,5920
7761,8852,5390,8721,9551,4533
7761,8852,5390,6396,9746,280
7761,8852,5390,3312,1702,9897
7761,8852,5390,8315,5431,9829
7761,8852,5390,6989,2649,2141
7761,8852,5390,5520,1093,4035
7761,8852,5390,3159,7400,1573
7761,8852,5390,2249,9614,9367
7761,8852,5390,5349,1744,5410
7761,8852,5390,4829,7510,564
7761,8852,5390,6621,7011,9386
7761,8852,5390,8014,8149,7317
7761,8852,5390,529,8610,6313
7761,8852,5390,4135,3972,5387
7761,8852,5390,3445,7026,2563
7761,8852,5390,6720,4834,3563
7761,8852,5390,6953,2084,3652
7761,8852,5390,7208,3101,459
7761,8852,5390,2144,9973,4221
7761,8852,5390,7874,718,2387
7761,8852,5390,7532,9386,3906
7761,8852,5390,5140,1079,4357
7761,8852,5390,2915,3176,4443
7761,8852,5390,8124,4108,7091
7761,8852,5390,3131,5538,5651
7761,8852,5390,3215,2279,6962
7761,8852,5390,4172,4527,9508
7761,8852,5390,960,3463,4358
7761,8852,5390,5985,9913,3954
7761,8852,5390,9342,1927,5320
7761,8852,5390,6353,2250,8870
7761,8852,5390,4747,7544,7871
7761,8852,5390,9477,6087,2837
7761,8852,5390,6321,801,6044
7761,8852,5390,9854,3238,4517
7761,8852,5390,4493,8595,5743
7761,8852,5390,6617,4110,9450
7761,8852,5390,6438,4736,9616
7761,8852,5390,4514,4366,5441
7761,8852,5390,7176,6278,8379
7761,8852,5390,3511,1382,2452
7761,8852,5390,8483,1775,3565
7761,8852,5390,663,5190,1378
7761,8852,5390,8441,2065,5447
7761,8852,5390,5205,6419,9990
7761,8852,5390,2277,8337,1836
7761,8852,5390,1545,5002,8276
7761,8852,5390,9657,7623,5792
7761,8852,5390,7796,2925,3496
7761,8852,5390,8469,953,5508
7761,8852,5390,4994,575,6135
4924,9447,6332,2230,2822,9220
4924,9447,6332,6967,6016,3899
4924,9447,6332,9498,7394,5544
4924,9447,6332,4002,1811,7105
4924,9447,6332,1661,9835,8955
4924,9447,6332,2407,7540,6915
4924,9447,6332,9814,5542,4716
4924,9447,6332,4146,6939,2077
4924,9447,6332,8513,2105,3707
4924,9447,6332,2381,4316,3196
4924,9447,6332,4836,9414,2252
4924,9447,6332,248,9589,2800
4924,9447,6332,2080,4006,2166
4924,9447,6332,4533,7227,3731
4924,9447,6332,3210,5286,2212
4924,9447,6332,3671,2496,4194
4924,9447,6332,5940,7967,2878
4924,9447,6332,1468,6979,9208
4924,9447,6332,7350,8841,1469
4924,9447,6332,2245,6459,1408
4924,9447,6332,5893,2175,9193
4924,9447,6332,8036,1955,7253
4924,9447,6332,9589,3492,1555
4924,9447,6332,1911,7493,8890
4924,9447,6332,5241,2510,7325
4924,9447,6332,3443,6824,8545
4924,9447,6332,5726,85,5922
4924,9447,6332,9661,1717,9761
4924,9447,6332,9855,6316,8123
4924,9447,6332,8925,3242,8585
4924,9447,6332,6224,2503,3256
4924,9447,6332,8502,3318,3561
4924,9447,6332,5522,6339,8391
4924,9447,6332,4703,5784,8412
4924,9447,6332,4042,5445,8952
4924,9447,6332,5889,4384,2177
4924,9447,6332,4703,3753,5877
4924,9447,6332,1832,7736,8400
4924,9447,6332,5764,6446,4359
4924,9447,6332,5201,8133,1167
4924,9447,6332,1599,7009,7027
4924,9447,6332,5130,6506,9733
4924,9447,6332,1584,5345,127
4924,9447,6332,8335,1280,5560
4924,9447,6332,2142,8064,8759
4924,9447,6332,1099,6311,3225
4924,9447,6332,8318,8293,403
4924,9447,6332,5086,8967,3951
4924,9447,6332,9756,2428,9872
4924,9447,6332,2736,6652,2219
4924,9447,6332,7354,2364,1905
4924,9447,6332,5811,4629,6291
4924,9447,6332,2409,9412,1521
4924,9447,6332,3316,6438,6980
4924,9447,6332,8977,2583,4822
4924,9447,6332,7395,6489,6609
4924,9447,6332,1841,3830,6170
4924,9447,6332,4711,8400,6753
4924,9447,6332,4341,121,8403
4924,9447,6332,295,4437,3452
4924,9447,6332,3179,3367,9332
4924,9447,6332,1074,3467,4483
4924,9447,6332,7691,2189,6392
4924,9447,6332,1486,7167,4570
4924,9447,6332,3980,9883,3497
4924,9447,6332,7978,6627,255
4924,9447,6332,1736,9499,390
4924,9447,6332,7022,7899,2504
4924,9447,6332,8517,3674,4511
4924,9447,6332,758,9085,1549
4924,9447,6332,8695,3505,4644
4924,9447,6332,3830,4212,6887
4924,9447,6332,2710,9827,1444
4924,9447,6332,5507,1238,6645
4924,9447,6332,3878,1898,8871
4924,9447,6332,2957,9015,1852
4924,9447,6332,6526,2342,1414
4924,9447,6332,8603,1433,9970
4924,9447,6332,9951,8499,8033
4924,9447,6332,8031,1244,4632
4924,9447,6332,6732,2753,67
4924,9447,6332,4476,8067,689
4924,9447,6332,2150,2079,2753
4924,9447,6332,5504,9923,4608
4924,9447,6332,2156,6899,6607
4924,9447,6332,6828,3167,9083
4924,9447,6332,9249,8529,5275
4924,9447,6332,1783,9056,74
4924,9447,6332,7290,3749,5983
4924,9447,6332,4994,5720,2939
4924,9447,6332,4797,4899,5972
4924,9447,6332,1701,8060,6018
4924,9447,6332,3065,4327,3249
4924,9447,6332,4421,2265,5384
4924,9447,6332,411,6205,1781
4924,9447,6332,7761,8852,5390
4924,9447,6332,4924,9447,6332
4924,9447,6332,9217,2987,7810
4924,9447,6332,8650,6681,2953
4924,9447,6332,9637,2434,2606
4924,9447,6332,3347,381,1838
4924,9447,6332,264,3348,9913
4924,9447,6332,2547,6276,2999
4924,9447,6332,1900,4357,989
4924,9447,6332,3663,6787,4296
4924,9447,6332,8867,6944,9752
4924,9447,6332,5872,1636,8306
4924,9447,6332,5291,2971,8774
4924,9447,6332,2604,7663,8850
4924,9447,6332,734,5244,2251
4924,9447,6332,167,7677,7249
4924,9447,6332,3032,5446,555
4924,9447,6332,5664,6845,4746
4924,9447,6332,8996,323,1966
4924,9447,6332,6701,198,3048
4924,9447,6332,4590,6894,1068
4924,9447,6332,5667,6422,5325
4924,9447,6332,5535,7338,4795
4924,9447,6332,6083,2087,6686
4924,9447,6332,5094,2501,6480
4924,9447,6332,327,9697,5280
4924,9447,6332,2806,8440,8967
4924,9447,6332,9974,8500,8190
4924,9447,6332,6990,3654,6702
4924,9447,6332,1415,4128,2835
4924,9447,6332,7774,8396,6019
4924,9447,6332,3680,6851,237
4924,9447,6332,2783,19,4805
4924,9447,6332,5397,7126,9407
4924,9447,6332,2364,5504,3584
4924,9447,6332,1930,4550,7320
4924,9447,6332,6236,9510,6262
4924,9447,6332,348,5946,1804
4924,9447,6332,6206,2541,9481
4924,9447,6332,7324,1649,8559
4924,9447,6332,9027,9818,1238
4924,9447,6332,272,6293,1975
4924,9447,6332,2494,2671,252
4924,9447,6332,249,7896,8351
4924,9447,6332,2703,5151,4443
4924,9447,6332,5209,84,4159
4924,9447,6332,4507,7820,6277
4924,9447,6332,4122,3439,5382
4924,9447,6332,8883,2825,2959
4924,9447,6332,8447,7348,9616
4924,9447,6332,6865,608,5532
4924,9447,6332,4146,1581,3554
4924,9447,6332,6335,402,6479
4924,9447,6332,4092,3085,1762
4924,9447,6332,894,9905,9254
4924,9447,6332,5687,8150,5932
4924,9447,6332,2380,6196,1311
4924,9447,6332,5045,1979,5553
4924,9447,6332,3959,979,9531
4924,9447,6332,275,9082,8982
4924,9447,6332,7123,703,3388
4924,9447,6332,1896,5819,5876
4924,9447,6332,7749,3528,8884
4924,9447,6332,4867,9389,5428
4924,9447,6332,243,9501,9114
4924,9447,6332,6570,6544,8099
4924,9447,6332,8540,257,8066
4924,9447,6332,7022,7234,9980
4924,9447,6332,8929,6978,4053
4924,9447,6332,3709,7787,7748
4924,9447,6332,1112,1585,540
4924,9447,6332,3053,1625,3052
4924,9447,6332,6853,2620,9686
4924,9447,6332,5160,1270,4189
4924,9447,6332,9264,5247,3358
4924,9447,6332,7553,1243,6712
4924,9447,6332,9338,2513,5109
4924,9447,6332,5940,671,2877
4924,9447,6332,3864,2513,5430
4924,9447,6332,8116,2425,2850
4924,9447,6332,7372,1190,4128
4924,9447,6332,372,6014,82
4924,9447,6332,4295,2225,7326
4924,9447,6332,5976,2836,7031
4924,9447,6332,5234,6074,7957
4924,9447,6332,3530,5230,6747
4924,9447,6332,4927,290,9537
4924,9447,6332,6026,3861,8990
4924,9447,6332,9263,8177,8494
4924,9447,6332,7736,4187,6641
4924,9447,6332,7880,4973,2532
4924,9447,6332,7141,5382,7753
4924,9447,6332,4932,5684,5150
4924,9447,6332,1738,6668,3224
4924,9447,6332,6881,1679,2616
4924,9447,6332,9194,9722,131
4924,9447,6332,5005,8452,605
4924,9447,6332,1903,9281,408
4924,9447,6332,8841,6696,8721
4924,9447,6332,6482,3041,1238
4924,9447,6332,5449,5379,5322
4924,9447,6332,9655,7563,7044
4924,9447,6332,6166,4909,4222
4924,9447,6332,1036,81,5155
4924,9447,6332,3839,2824,4841
4924,9447,6332,9247,4560,3184
4924,9447,6332,794,3776,8995
4924,9447,6332,7395,8648,2064
4924,9447,6332,5391,1587,3586
4924,9447,6332,8564,8101,2497
4924,9447,6332,3822,5255,6059
4924,9447,6332,1402,778,3455
4924,9447,6332,3808,9476,4993
4924,9447,6332,7253,5879,121
4924,9447,6332,8305,1643,2797
4924,9447,6332,1660,5358,4573
4924,9447,6332,7672,9625,9840
4924,9447,6332,2514,2770,9310
4924,9447,6332,6401,2863,2324
4924,9447,6332,5652,4194,6108
4924,9447,6332,461,9814,6309
4924,9447,6332,3031,9687,5225
4924,9447,6332,9405,2092,5965
4924,9447,6332,6305,7915,910
4924,9447,6332,1970,79,2705
4924,9447,6332,4565,9900,1756
4924,9447,6332,6114,4076,8291
4924,9447,6332,3892,5372,5496
4924,9447,6332,1359,5451,6877
4924,9447,6332,6476,4312,943
4924,9447,6332,3390,860,3218
4924,9447,6332,9664,6922,8049
4924,9447,6332,9725,6217,1721
4924,9447,6332,8419,8310,5386
4924,9447,6332,8010,5256,6043
4924,9447,6332,5960,8384,3839
4924,9447,6332,5542,4148,5331
4924,9447,6332,9316,8039,3685
4924,9447,6332,497,7581,9053
4924,9447,6332,8699,8727,4519
4924,9447,6332,7381,4226,6212
4924,9447,6332,8777,3205,2988
4924,9447,6332,9314,6084,131
4924,9447,6332,8405,6862,4282
4924,9447,6332,1305,1795,5243
4924,9447,6332,2159,3802,301
4924,9447,6332,8713,1156,2624
4924,9447,6332,8982,1965,4946
4924,9447,6332,5319,5171,3280
4924,9447,6332,7417,2203,1923
4924,9447,6332,3527,4862,9183
4924,9447,6332,4313,6689,1492
4924,9447,6332,103,1642,8464
4924,9447,6332,4288,3255,38
4924,9447,6332,8652,9278,1371
4924,9447,6332,9915,6572,2368
4924,9447,6332,201,4958,959
4924,9447,6332,8190,8952,8455
4924,9447,6332,7211,2274,9174
4924,9447,6332,135,9318,9434
4924,9447,6332,1642,2551,4074
4924,9447,6332,1449,4116,9765
4924,9447,6332,5069,3475,6736
4924,9447,6332,8305,5749,4462
4924,9447,6332,2365,2474,9783
4924,9447,6332,9846,2110,1115
4924,9447,6332,4264,2912,6604
4924,9447,6332,4227,2944,5488
4924,9447,6332,9718,2457,8225
4924,9447,6332,1524,8012,748
4924,9447,6332,7488,2840,3485
4924,9447,6332,1539,5676,7256
4924,9447,6332,4661,2681,9270
4924,9447,6332,1140,8806,2006
4924,9447,6332,3482,5220,3325
4924,9447,6332,4980,4505,1236
4924,9447,6332,68,7386,2309
4924,9447,6332,8408,7861,3742
4924,9447,6332,5447,5155,8520
4924,9447,6332,5976,5325,786
4924,9447,6332,8249,1010,1149
4924,9447,6332,9633,6018,2874
4924,9447,6332,4120,3199,4985
4924,9447,6332,1171,3638,7853
4924,9447,6332,3951,2643,921
4924,9447,6332,1883,9889,8060
4924,9447,6332,5879,4935,579
4924,9447,6332,567,3201,2306
4924,9447,6332,552,6072,1628
4924,9447,6332,7748,1974,9202
4924,9447,6332,1410,7195,554
4924,9447,6332,6903,7119,5580
4924,9447,6332,9877,5609,4211
4924,9447,6332,5090,268,3597
4924,9447,6332,8707,2261,1033
4924,9447,6332,3275,1406,5254
4924,9447,6332,7071,3500,6157
4924,9447,6332,7075,7071,2425
4924,9447,6332,8198,5278,4676
4924,9447,6332,4526,3279,2950
4924,9447,6332,4751,6155,8080
4924,9447,6332,188,8955,2929
4924,9447,6332,9017,230,777
4924,9447,6332,2608,1739,1923
4924,9447,6332,8008,3657,7962
4924,9447,6332,7924,2261,6798
4924,9447,6332,3916,2439,3521
4924,9447,6332,6167,2804,942
4924,9447,6332,7213,1117,7178
4924,9447,6332,9226,7279,1221
4924,9447,6332,4863,7704,9270
4924,9447,6332,4945,9668,8080
4924,9447,6332,4023,2246,7023
4924,9447,6332,9597,9857,9963
4924,9447,6332,619,7608,5032
4924,9447,6332,8028,9134,8413
4924,9447,6332,3401,2849,4676
4924,9447,6332,4682,4426,6340
4924,9447,6332,6279,5087,1447
4924,9447,6332,1738,7356,2750
4924,9447,6332,8457,2275,3613
4924,9447,6332,1648,9640,7335
4924,9447,6332,7215,8070,1660
4924,9447,6332,748,9060,4622
4924,9447,6332,5481,2036,5337
4924,9447,6332,5400,8951,1903
4924,9447,6332,9275,7238,5451
4924,9447,6332,4490,2388,8831
4924,9447,6332,6659,7829,5106
4924,9447,6332,8748,4836,7859
4924,9447,6332,8075,9007,8514
4924,9447,6332,785,8487,9722
4924,9447,6332,7524,8063,3878
4924,9447,6332,1445,1353,9053
4924,9447,6332,245,5866,6196
