4924,9447,6332,9157,6343,5025
4924,9447,6332,3869,7283,7442
4924,9447,6332,6276,1181,4609
4924,9447,6332,7780,1217,740
4924,9447,6332,2043,4013,3837
4924,9447,6332,8932,6463,8632
4924,9447,6332,3821,8224,1474
4924,9447,6332,878,9067,1598
4924,9447,6332,7507,5801,1325
4924,9447,6332,1681,2074,2949
4924,9447,6332,5316,9124,7216
4924,9447,6332,1721,6333,3619
4924,9447,6332,516,2956,7074
4924,9447,6332,9838,8654,5963
4924,9447,6332,4469,651,940
4924,9447,6332,1064,9927,7297
4924,9447,6332,1516,2982,3495
4924,9447,6332,3433,5488,4603
4924,9447,6332,2405,531,1272
4924,9447,6332,1721,4109,5787
4924,9447,6332,7476,8845,3987
4924,9447,6332,7367,1524,5931
4924,9447,6332,8359,6580,9303
4924,9447,6332,7429,6183,5161
4924,9447,6332,241,4208,2286
4924,9447,6332,1233,2068,3585
4924,9447,6332,567,4310,4847
4924,9447,6332,6995,4460,3140
4924,9447,6332,1380,9373,865
4924,9447,6332,5810,9766,7675
4924,9447,6332,5320,5032,8627
4924,9447,6332,746,7777,8637
4924,9447,6332,4564,1994,472
4924,9447,6332,9930,8415,6377
4924,9447,6332,6602,4362,7381
4924,9447,6332,237,411,2656
4924,9447,6332,6870,2591,8067
4924,9447,6332,3590,2108,9307
4924,9447,6332,3337,8784,274
4924,9447,6332,794,3565,3562
4924,9447,6332,8725,6886,2768
4924,9447,6332,1170,2531,9129
4924,9447,6332,7834,8237,4004
4924,9447,6332,5049,5169,924
4924,9447,6332,2603,2124,477
4924,9447,6332,3389,662,1630
4924,9447,6332,3200,9969,3250
4924,9447,6332,2048,5269,664
4924,9447,6332,3935,5742,829
4924,9447,6332,2988,7946,6922
4924,9447,6332,6026,4192,6238
4924,9447,6332,4838,2967,1042
4924,9447,6332,1927,1112,210
4924,9447,6332,2150,1298,5278
4924,9447,6332,516,7434,3573
4924,9447,6332,7842,6478,5281
4924,9447,6332,2442,6786,5429
4924,9447,6332,1070,56,9532
4924,9447,6332,1624,4219,8134
4924,9447,6332,1832,6059,6296
4924,9447,6332,7214,8607,4956
4924,9447,6332,301,7354,9027
4924,9447,6332,3269,3030,4547
4924,9447,6332,7643,3683,3108
4924,9447,6332,1633,6476,6722
4924,9447,6332,1638,1645,4415
4924,9447,6332,1531,6843,3471
4924,9447,6332,6111,782,4873
4924,9447,6332,2049,7740,3963
4924,9447,6332,989,1032,7413
4924,9447,6332,7932,9971,3033
4924,9447,6332,125,5119,5570
4924,9447,6332,9049,6666,9784
4924,9447,6332,5261,4148,9033
4924,9447,6332,2232,4281,2989
4924,9447,6332,3917,8898,7038
4924,9447,6332,6279,9408,9433
4924,9447,6332,219,1150,835
4924,9447,6332,8254,1107,7605
4924,9447,6332,5928,2108,1485
4924,9447,6332,8133,982,3171
4924,9447,6332,5825,2891,7541
4924,9447,6332,9811,357,233
4924,9447,6332,1070,9365,5911
4924,9447,6332,5006,3357,3633
4924,9447,6332,9969,4693,1671
4924,9447,6332,2073,4306,9415
4924,9447,6332,2077,576,1137
4924,9447,6332,8172,968,7106
4924,9447,6332,8950,5541,340
4924,9447,6332,560,7486,2547
4924,9447,6332,3694,1383,4564
4924,9447,6332,6668,6546,5872
4924,9447,6332,4448,3483,7645
4924,9447,6332,8751,650,6023
4924,9447,6332,5079,252,4202
4924,9447,6332,9112,3251,3202
4924,9447,6332,1824,620,6182
4924,9447,6332,6411,8298,8767
4924,9447,6332,8730,2978,4059
4924,9447,6332,7122,3185,5814
4924,9447,6332,2529,3029,5561
4924,9447,6332,9239,7909,8566
4924,9447,6332,7761,2021,2490
4924,9447,6332,7497,4445,7478
4924,9447,6332,9244,5070,7602
4924,9447,6332,8703,370,954
4924,9447,6332,3860,2170,5851
4924,9447,6332,1822,8548,3638
4924,9447,6332,5632,730,1111
4924,9447,6332,2051,6591,2584
4924,9447,6332,6287,8957,651
4924,9447,6332,3024,9129,2759
4924,9447,6332,323,4980,5033
4924,9447,6332,6328,8737,7465
4924,9447,6332,2924,6870,77
4924,9447,6332,7248,4192,1113
4924,9447,6332,5813,8367,868
4924,9447,6332,5495,4291,7363
4924,9447,6332,5712,5589,2462
4924,9447,6332,9371,2245,9018
4924,9447,6332,5463,6360,5459
4924,9447,6332,3606,563,7161
4924,9447,6332,4001,595,5310
4924,9447,6332,113,115,3467
4924,9447,6332,8796,7813,7564
4924,9447,6332,8488,7373,149
4924,9447,6332,5772,2314,8219
4924,9447,6332,9465,6682,2253
4924,9447,6332,2546,118,1724
4924,9447,6332,3339,3292,6446
4924,9447,6332,4890,5553,5757
4924,9447,6332,6540,2772,4818
4924,9447,6332,2382,6306,5591
4924,9447,6332,8145,7275,5382
4924,9447,6332,8976,9265,683
4924,9447,6332,2580,7567,807
4924,9447,6332,8483,6277,3847
4924,9447,6332,1880,8373,946
4924,9447,6332,3076,1331,3761
4924,9447,6332,2951,9710,5088
4924,9447,6332,5507,730,2009
4924,9447,6332,1815,9131,9004
4924,9447,6332,916,1172,9822
4924,9447,6332,4673,6091,4522
4924,9447,6332,7972,6275,5850
4924,9447,6332,2573,6410,9246
4924,9447,6332,5846,2131,7105
4924,9447,6332,4918,591,4236
4924,9447,6332,9018,8338,6048
4924,9447,6332,1492,6042,2976
4924,9447,6332,7827,3901,9933
4924,9447,6332,2499,8279,5697
4924,9447,6332,8458,1974,4094
4924,9447,6332,3223,603,9024
4924,9447,6332,2621,9306,6856
4924,9447,6332,8974,1092,895
4924,9447,6332,2583,4786,6266
4924,9447,6332,3586,2275,1947
4924,9447,6332,7013,1471,3295
4924,9447,6332,1838,4006,8940
4924,9447,6332,2403,1159,2218
4924,9447,6332,7532,2545,5318
4924,9447,6332,9506,5394,8698
4924,9447,6332,5533,1292,7579
4924,9447,6332,7732,3932,3283
4924,9447,6332,3492,1187,4138
4924,9447,6332,1083,8252,2913
4924,9447,6332,592,9260,5408
4924,9447,6332,3270,4786,1811
4924,9447,6332,7447,7440,4086
4924,9447,6332,7855,6620,5837
4924,9447,6332,134,2496,8484
4924,9447,6332,7172,675,6590
4924,9447,6332,9739,922,6155
4924,9447,6332,9039,7054,6827
4924,9447,6332,8375,1752,2096
4924,9447,6332,6249,5856,2218
4924,9447,6332,8662,2965,3132
4924,9447,6332,2742,87,2443
4924,9447,6332,9890,9385,7064
4924,9447,6332,7081,9710,7634
4924,9447,6332,7005,4942,7639
4924,9447,6332,9322,3985,5813
4924,9447,6332,8557,2795,3996
4924,9447,6332,6109,2397,54
4924,9447,6332,8902,2164,3766
4924,9447,6332,3804,3416,5303
4924,9447,6332,6163,9904,6460
4924,9447,6332,6817,6708,3282
4924,9447,6332,364,5054,1859
4924,9447,6332,692,7613,3478
4924,9447,6332,4939,5386,6024
4924,9447,6332,6536,1106,5886
4924,9447,6332,4047,9668,3296
4924,9447,6332,4482,4510,701
4924,9447,6332,2662,1689,186
4924,9447,6332,4171,7921,2674
4924,9447,6332,2091,8866,7397
4924,9447,6332,6242,6557,9208
4924,9447,6332,9527,5002,1441
4924,9447,6332,562,2935,8954
4924,9447,6332,4497,5810,3304
4924,9447,6332,7020,8608,8057
4924,9447,6332,4944,8250,8363
4924,9447,6332,1597,6461,5147
4924,9447,6332,5570,8714,8419
4924,9447,6332,8588,4487,224
4924,9447,6332,8028,1740,8829
4924,9447,6332,212,2570,858
4924,9447,6332,6140,5266,8900
4924,9447,6332,4141,4508,621
4924,9447,6332,3022,7113,7657
4924,9447,6332,949,2482,4719
4924,9447,6332,5391,2326,5432
4924,9447,6332,1454,6676,5766
4924,9447,6332,8245,8609,6210
4924,9447,6332,3446,583,4353
4924,9447,6332,2498,5845,4142
4924,9447,6332,649,686,7738
4924,9447,6332,7089,9827,8464
4924,9447,6332,1419,6240,268
4924,9447,6332,4201,3131,3349
4924,9447,6332,9865,6988,1457
4924,9447,6332,5074,7266,3175
4924,9447,6332,8874,1545,466
4924,9447,6332,3676,4108,9420
4924,9447,6332,3057,314,50
4924,9447,6332,4892,4206,3960
4924,9447,6332,8883,9538,8762
4924,9447,6332,4505,7369,8223
4924,9447,6332,191,8091,63
4924,9447,6332,1189,7759,5506
4924,9447,6332,5458,648,9880
4924,9447,6332,9535,2423,1600
4924,9447,6332,8747,871,8697
4924,9447,6332,4770,6596,6293
4924,9447,6332,3509,3671,9930
4924,9447,6332,7721,3398,1213
4924,9447,6332,8506,8885,2240
4924,9447,6332,2373,2828,8724
4924,9447,6332,3701,6189,3962
4924,9447,6332,4694,5995,5531
4924,9447,6332,2549,9985,2041
4924,9447,6332,6335,3209,8911
4924,9447,6332,3000,6358,3822
4924,9447,6332,2724,6664,3468
4924,9447,6332,9839,1978,7652
4924,9447,6332,6456,2574,8632
4924,9447,6332,7874,2139,5401
4924,9447,6332,4709,7145,178
4924,9447,6332,2280,2958,2262
4924,9447,6332,2712,9564,5364
4924,9447,6332,4155,4091,3770
4924,9447,6332,371,6067,8093
4924,9447,6332,6140,2182,4630
4924,9447,6332,7648,571,9179
4924,9447,6332,2749,8692,6975
4924,9447,6332,7529,8200,8563
4924,9447,6332,4053,1486,5710
4924,9447,6332,920,1893,9521
4924,9447,6332,3872,4297,3357
4924,9447,6332,2444,8643,6881
4924,9447,6332,600,3025,1005
4924,9447,6332,810,8499,1259
4924,9447,6332,6606,7807,1815
4924,9447,6332,1132,5041,8707
4924,9447,6332,4222,6111,5797
4924,9447,6332,8851,9903,3993
4924,9447,6332,7417,8073,5022
4924,9447,6332,1681,4010,9756
4924,9447,6332,8639,9830,7623
4924,9447,6332,8223,3788,6990
4924,9447,6332,9526,5229,3454
4924,9447,6332,7673,7794,5333
4924,9447,6332,8930,5700,1687
4924,9447,6332,9469,8019,996
4924,9447,6332,8936,1931,9537
4924,9447,6332,610,9081,154
4924,9447,6332,9455,3498,1496
4924,9447,6332,9749,5857,8060
4924,9447,6332,1391,8788,8550
4924,9447,6332,1177,8328,6184
4924,9447,6332,4156,5887,593
4924,9447,6332,4534,2980,2938
4924,9447,6332,6083,2605,5127
4924,9447,6332,5740,654,5875
4924,9447,6332,9029,2491,4451
4924,9447,6332,9205,1926,5135
4924,9447,6332,6216,2961,5407
4924,9447,6332,7837,9343,1452
4924,9447,6332,9151,9476,78
4924,9447,6332,6252,8066,8987
4924,9447,6332,7768,729,7952
4924,9447,6332,7324,8790,6658
4924,9447,6332,3794,6254,9487
4924,9447,6332,7020,4506,242
4924,9447,6332,2163,7445,8939
4924,9447,6332,1316,9838,2268
4924,9447,6332,4771,9295,4562
4924,9447,6332,7916,5214,6525
4924,9447,6332,198,8007,5366
4924,9447,6332,3437,6250,3931
4924,9447,6332,2507,8710,7668
4924,9447,6332,8686,1251,2676
4924,9447,6332,4675,1801,2114
4924,9447,6332,5721,2272,7706
4924,9447,6332,9051,4190,3624
4924,9447,6332,6321,3356,5272
4924,9447,6332,7772,1655,1439
4924,9447,6332,8932,6532,8297
4924,9447,6332,6490,946,5362
4924,9447,6332,8839,9949,5900
4924,9447,6332,5046,2684,3523
4924,9447,6332,825,8055,3966
4924,9447,6332,7854,9625,8861
4924,9447,6332,4593,6139,7049
4924,9447,6332,3094,6201,8472
4924,9447,6332,9600,8728,2870
4924,9447,6332,3645,2367,4503
4924,9447,6332,1847,1071,2824
4924,9447,6332,5440,6463,2818
4924,9447,6332,695,6576,9536
4924,9447,6332,67,6379,9220
4924,9447,6332,6524,2277,8381
4924,9447,6332,5517,1694,8641
4924,9447,6332,429,9119,7788
4924,9447,6332,6187,9643,8825
4924,9447,6332,1745,5131,9273
4924,9447,6332,7507,3938,9553
4924,9447,6332,5467,9078,3123
4924,9447,6332,6616,8848,2202
4924,9447,6332,1903,3313,2189
4924,9447,6332,9895,9641,7418
4924,9447,6332,5580,7852,4600
4924,9447,6332,1195,7212,2003
4924,9447,6332,2711,3949,907
4924,9447,6332,7743,2054,8768
4924,9447,6332,3555,7840,3266
4924,9447,6332,6276,5410,2017
4924,9447,6332,8115,4374,1962
4924,9447,6332,1416,8560,3673
4924,9447,6332,206,6578,5046
4924,9447,6332,1187,8410,9157
4924,9447,6332,7596,3098,5899
4924,9447,6332,6837,2816,6865
4924,9447,6332,4106,3247,2912
4924,9447,6332,3698,5928,4203
4924,9447,6332,8759,1497,8036
4924,9447,6332,8295,6051,9109
4924,9447,6332,7814,248,9229
4924,9447,6332,2035,2708,1844
4924,9447,6332,9581,9155,4068
4924,9447,6332,5241,5326,4703
4924,9447,6332,5801,624,2996
4924,9447,6332,7975,128,6982
4924,9447,6332,2281,2844,100
4924,9447,6332,2336,9453,3764
4924,9447,6332,7778,8040,9122
4924,9447,6332,4393,9859,2032
4924,9447,6332,5892,4254,5589
4924,9447,6332,8104,5765,6418
4924,9447,6332,306,7321,484
4924,9447,6332,8589,1640,7334
4924,9447,6332,991,4976,1716
4924,9447,6332,7520,2760,15
4924,9447,6332,6270,6036,9539
4924,9447,6332,104,3867,445
4924,9447,6332,3935,4418,9670
4924,9447,6332,3819,3932,634
4924,9447,6332,6489,9170,2521
4924,9447,6332,5304,3040,9312
4924,9447,6332,2047,9359,9597
4924,9447,6332,4506,3384,8924
4924,9447,6332,7413,4696,6396
4924,9447,6332,2926,9321,2982
4924,9447,6332,1086,3870,547
4924,9447,6332,786,8237,1994
4924,9447,6332,5637,861,9230
4924,9447,6332,4230,2697,4966
4924,9447,6332,1793,2639,108
4924,9447,6332,770,9447,266
4924,9447,6332,4742,5575,1812
4924,9447,6332,5518,9156,612
4924,9447,6332,2124,5082,5238
4924,9447,6332,6338,2117,919
4924,9447,6332,8716,1071,4697
4924,9447,6332,1446,58,6319
4924,9447,6332,1221,59,2573
4924,9447,6332,7717,2201,3593
4924,9447,6332,4129,2096,4968
4924,9447,6332,8961,4315,1897
4924,9447,6332,2782,1270,2375
4924,9447,6332,2772,9234,5613
4924,9447,6332,5800,6781,9064
4924,9447,6332,1516,39,9748
4924,9447,6332,400,1107,6312
4924,9447,6332,6173,7249,419
4924,9447,6332,2257,727,9745
4924,9447,6332,8713,3324,174
4924,9447,6332,56,6932,1290
4924,9447,6332,9152,5635,7297
4924,9447,6332,613,3044,6772
4924,9447,6332,9402,6408,4954
4924,9447,6332,8812,6814,9003
4924,9447,6332,7069,1905,464
4924,9447,6332,1269,5363,8821
4924,9447,6332,4148,2879,5852
4924,9447,6332,7965,1872,7596
4924,9447,6332,2693,4459,7810
4924,9447,6332,7543,3771,5853
4924,9447,6332,3761,1693,508
4924,9447,6332,9740,4006,2960
4924,9447,6332,4894,5074,7794
4924,9447,6332,615,9792,7318
4924,9447,6332,145,770,7537
4924,9447,6332,3106,4117,1697
4924,9447,6332,8958,9566,3546
4924,9447,6332,3070,7799,511
4924,9447,6332,8806,7640,6946
4924,9447,6332,2960,9172,4586
4924,9447,6332,5836,7616,5973
4924,9447,6332,7383,1568,4783
4924,9447,6332,6494,247,1747
4924,9447,6332,9519,3388,1464
4924,9447,6332,7786,2451,6408
4924,9447,6332,1619,7694,1790
4924,9447,6332,8106,9025,7190
4924,9447,6332,6639,3601,8235
4924,9447,6332,5612,8253,7025
4924,9447,6332,2307,4466,9687
4924,9447,6332,2395,4744,7290
4924,9447,6332,1225,8288,9836
4924,9447,6332,4647,9522,8578
4924,9447,6332,5171,3960,3557
4924,9447,6332,164,2478,3722
4924,9447,6332,13,2347,5827
4924,9447,6332,9890,1755,6440
4924,9447,6332,8519,8910,7613
4924,9447,6332,7591,410,1117
4924,9447,6332,5717,8555,6608
4924,9447,6332,2729,3162,1364
4924,9447,6332,4238,2536,9069
4924,9447,6332,918,5853,787
4924,9447,6332,1129,1176,3774
4924,9447,6332,6315,3469,6454
4924,9447,6332,6996,2964,2411
4924,9447,6332,5056,4936,9988
4924,9447,6332,7088,1301,6309
4924,9447,6332,703,1429,6034
4924,9447,6332,3142,2002,5870
4924,9447,6332,2531,8961,190
4924,9447,6332,4511,1912,7370
4924,9447,6332,3868,7856,7248
4924,9447,6332,3213,3340,8303
4924,9447,6332,4610,7865,8140
4924,9447,6332,9657,481,5626
4924,9447,6332,8125,3223,1514
4924,9447,6332,4565,2451,3095
4924,9447,6332,7524,9108,3599
4924,9447,6332,5856,4106,9152
4924,9447,6332,595,8207,1858
4924,9447,6332,9005,2389,1158
4924,9447,6332,1572,1059,5049
4924,9447,6332,8970,2657,6734
4924,9447,6332,1004,9950,9740
4924,9447,6332,6715,5828,1093
4924,9447,6332,1352,2383,4602
4924,9447,6332,154,9598,3286
4924,9447,6332,2411,6996,6530
4924,9447,6332,1056,4294,7757
4924,9447,6332,3740,7783,4427
4924,9447,6332,8614,1162,2382
4924,9447,6332,132,9656,7225
4924,9447,6332,3303,190,3660
4924,9447,6332,2970,2225,4494
4924,9447,6332,5514,1811,1153
4924,9447,6332,8200,1223,1222
4924,9447,6332,916,8938,6993
4924,9447,6332,5018,8043,8889
4924,9447,6332,5000,6823,4341
4924,9447,6332,2934,3300,9199
4924,9447,6332,6362,2544,8402
4924,9447,6332,1296,6393,9892
4924,9447,6332,6915,6705,8336
4924,9447,6332,7784,4008,6197
4924,9447,6332,4390,2964,306
4924,9447,6332,6364,7441,5324
4924,9447,6332,2416,753,1564
4924,9447,6332,4968,8562,2181
4924,9447,6332,9192,3645,2394
4924,9447,6332,5308,9598,5420
4924,9447,6332,1775,8412,8870
4924,9447,6332,3611,5394,8384
4924,9447,6332,1241,1073,8126
4924,9447,6332,7523,4917,8663
4924,9447,6332,9808,7139,3103
4924,9447,6332,822,1961,1375
4924,9447,6332,5966,8034,1867
4924,9447,6332,3882,8810,9267
4924,9447,6332,368,3416,1006
4924,9447,6332,3633,306,8696
4924,9447,6332,2525,4425,6116
4924,9447,6332,4540,5306,5144
4924,9447,6332,6344,7538,6763
4924,9447,6332,1489,4738,618
4924,9447,6332,9968,8034,1231
4924,9447,6332,3136,6376,5079
4924,9447,6332,535,9025,5428
4924,9447,6332,7674,8505,8820
