411,6205,1781,2051,6591,2584
411,6205,1781,6287,8957,651
411,6205,1781,3024,9129,2759
411,6205,1781,323,4980,5033
411,6205,1781,6328,8737,7465
411,6205,1781,2924,6870,77
411,6205,1781,7248,4192,1113
411,6205,1781,5813,8367,868
411,6205,1781,5495,4291,7363
411,6205,1781,5712,5589,2462
411,6205,1781,9371,2245,9018
411,6205,1781,5463,6360,5459
411,6205,1781,3606,563,7161
411,6205,1781,4001,595,5310
411,6205,1781,113,115,3467
411,6205,1781,8796,7813,7564
411,6205,1781,8488,7373,149
411,6205,1781,5772,2314,8219
411,6205,1781,9465,6682,2253
411,6205,1781,2546,118,1724
411,6205,1781,3339,3292,6446
411,6205,1781,4890,5553,5757
411,6205,1781,6540,2772,4818
411,6205,1781,2382,6306,5591
411,6205,1781,8145,7275,5382
411,6205,1781,8976,9265,683
411,6205,1781,2580,7567,807
411,6205,1781,8483,6277,3847
411,6205,1781,1880,8373,946
411,6205,1781,3076,1331,3761
411,6205,1781,2951,9710,5088
411,6205,1781,5507,730,2009
411,6205,1781,1815,9131,9004
411,6205,1781,916,1172,9822
411,6205,1781,4673,6091,4522
411,6205,1781,7972,6275,5850
411,6205,1781,2573,6410,9246
411,6205,1781,5846,2131,7105
411,6205,1781,4918,591,4236
411,6205,1781,9018,8338,6048
411,6205,1781,1492,6042,2976
411,6205,1781,7827,3901,9933
411,6205,1781,2499,8279,5697
411,6205,1781,8458,1974,4094
411,6205,1781,3223,603,9024
411,6205,1781,2621,9306,6856
411,6205,1781,8974,1092,895
411,6205,1781,2583,4786,6266
411,6205,1781,3586,2275,1947
411,6205,1781,7013,1471,3295
411,6205,1781,1838,4006,8940
411,6205,1781,2403,1159,2218
411,6205,1781,7532,2545,5318
411,6205,1781,9506,5394,8698
411,6205,1781,5533,1292,7579
411,6205,1781,7732,3932,3283
411,6205,1781,3492,1187,4138
411,6205,1781,1083,8252,2913
411,6205,1781,592,9260,5408
411,6205,1781,3270,4786,1811
411,6205,1781,7447,7440,4086
411,6205,1781,7855,6620,5837
411,6205,1781,134,2496,8484
411,6205,1781,7172,675,6590
411,6205,1781,9739,922,6155
411,6205,1781,9039,7054,6827
411,6205,1781,8375,1752,2096
411,6205,1781,6249,5856,2218
411,6205,1781,8662,2965,3132
411,6205,1781,2742,87,2443
411,6205,1781,9890,9385,7064
411,6205,1781,7081,9710,7634
411,6205,1781,7005,4942,7639
411,6205,1781,9322,3985,5813
411,6205,1781,8557,2795,3996
411,6205,1781,6109,2397,54
411,6205,1781,8902,2164,3766
411,6205,1781,3804,3416,5303
411,6205,1781,6163,9904,6460
411,6205,1781,6817,6708,3282
411,6205,1781,364,5054,1859
411,6205,1781,692,7613,3478
411,6205,1781,4939,5386,6024
411,6205,1781,6536,1106,5886
411,6205,1781,4047,9668,3296
411,6205,1781,4482,4510,701
411,6205,1781,2662,1689,186
411,6205,1781,4171,7921,2674
411,6205,1781,2091,8866,7397
411,6205,1781,6242,6557,9208
411,6205,1781,9527,5002,1441
411,6205,1781,562,2935,8954
411,6205,1781,4497,5810,3304
411,6205,1781,7020,8608,8057
411,6205,1781,4944,8250,8363
411,6205,1781,1597,6461,5147
411,6205,1781,5570,8714,8419
411,6205,1781,8588,4487,224
411,6205,1781,8028,1740,8829
411,6205,1781,212,2570,858
411,6205,1781,6140,5266,8900
411,6205,1781,4141,4508,621
411,6205,1781,3022,7113,7657
411,6205,1781,949,2482,4719
411,6205,1781,5391,2326,5432
411,6205,1781,1454,6676,5766
411,6205,1781,8245,8609,6210
411,6205,1781,3446,583,4353
411,6205,1781,2498,5845,4142
411,6205,1781,649,686,7738
411,6205,1781,7089,9827,8464
411,6205,1781,1419,6240,268
411,6205,1781,4201,3131,3349
411,6205,1781,9865,6988,1457
411,6205,1781,5074,7266,3175
411,6205,1781,8874,1545,466
411,6205,1781,3676,4108,9420
411,6205,1781,3057,314,50
411,6205,1781,4892,4206,3960
411,6205,1781,8883,9538,8762
411,6205,1781,4505,7369,8223
411,6205,1781,191,8091,63
411,6205,1781,1189,7759,5506
411,6205,1781,5458,648,9880
411,6205,1781,9535,2423,1600
411,6205,1781,8747,871,8697
411,6205,1781,4770,6596,6293
411,6205,1781,3509,3671,9930
411,6205,1781,7721,3398,1213
411,6205,1781,8506,8885,2240
411,6205,1781,2373,2828,8724
411,6205,1781,3701,6189,3962
411,6205,1781,4694,5995,5531
411,6205,1781,2549,9985,2041
411,6205,1781,6335,3209,8911
411,6205,1781,3000,6358,3822
411,6205,1781,2724,6664,3468
411,6205,1781,9839,1978,7652
411,6205,1781,6456,2574,8632
411,6205,1781,7874,2139,5401
411,6205,1781,4709,7145,178
411,6205,1781,2280,2958,2262
411,6205,1781,2712,9564,5364
411,6205,1781,4155,4091,3770
411,6205,1781,371,6067,8093
411,6205,1781,6140,2182,4630
411,6205,1781,7648,571,9179
411,6205,1781,2749,8692,6975
411,6205,1781,7529,8200,8563
411,6205,1781,4053,1486,5710
411,6205,1781,920,1893,9521
411,6205,1781,3872,4297,3357
411,6205,1781,2444,8643,6881
411,6205,1781,600,3025,1005
411,6205,1781,810,8499,1259
411,6205,1781,6606,7807,1815
411,6205,1781,1132,5041,8707
411,6205,1781,4222,6111,5797
411,6205,1781,8851,9903,3993
411,6205,1781,7417,8073,5022
411,6205,1781,1681,4010,9756
411,6205,1781,8639,9830,7623
411,6205,1781,8223,3788,6990
411,6205,1781,9526,5229,3454
411,6205,1781,7673,7794,5333
411,6205,1781,8930,5700,1687
411,6205,1781,9469,8019,996
411,6205,1781,8936,1931,9537
411,6205,1781,610,9081,154
411,6205,1781,9455,3498,1496
411,6205,1781,9749,5857,8060
411,6205,1781,1391,8788,8550
411,6205,1781,1177,8328,6184
411,6205,1781,4156,5887,593
411,6205,1781,4534,2980,2938
411,6205,1781,6083,2605,5127
411,6205,1781,5740,654,5875
411,6205,1781,9029,2491,4451
411,6205,1781,9205,1926,5135
411,6205,1781,6216,2961,5407
411,6205,1781,7837,9343,1452
411,6205,1781,9151,9476,78
411,6205,1781,6252,8066,8987
411,6205,1781,7768,729,7952
411,6205,1781,7324,8790,6658
411,6205,1781,3794,6254,9487
411,6205,1781,7020,4506,242
411,6205,1781,2163,7445,8939
411,6205,1781,1316,9838,2268
411,6205,1781,4771,9295,4562
411,6205,1781,7916,5214,6525
411,6205,1781,198,8007,5366
411,6205,1781,3437,6250,3931
411,6205,1781,2507,8710,7668
411,6205,1781,8686,1251,2676
411,6205,1781,4675,1801,2114
411,6205,1781,5721,2272,7706
411,6205,1781,9051,4190,3624
411,6205,1781,6321,3356,5272
411,6205,1781,7772,1655,1439
411,6205,1781,8932,6532,8297
411,6205,1781,6490,946,5362
411,6205,1781,8839,9949,5900
411,6205,1781,5046,2684,3523
411,6205,1781,825,8055,3966
411,6205,1781,7854,9625,8861
411,6205,1781,4593,6139,7049
411,6205,1781,3094,6201,8472
411,6205,1781,9600,8728,2870
411,6205,1781,3645,2367,4503
411,6205,1781,1847,1071,2824
411,6205,1781,5440,6463,2818
411,6205,1781,695,6576,9536
411,6205,1781,67,6379,9220
411,6205,1781,6524,2277,8381
411,6205,1781,5517,1694,8641
411,6205,1781,429,9119,7788
411,6205,1781,6187,9643,8825
411,6205,1781,1745,5131,9273
411,6205,1781,7507,3938,9553
411,6205,1781,5467,9078,3123
411,6205,1781,6616,8848,2202
411,6205,1781,1903,3313,2189
411,6205,1781,9895,9641,7418
411,6205,1781,5580,7852,4600
411,6205,1781,1195,7212,2003
411,6205,1781,2711,3949,907
411,6205,1781,7743,2054,8768
411,6205,1781,3555,7840,3266
411,6205,1781,6276,5410,2017
411,6205,1781,8115,4374,1962
411,6205,1781,1416,8560,3673
411,6205,1781,206,6578,5046
411,6205,1781,1187,8410,9157
411,6205,1781,7596,3098,5899
411,6205,1781,6837,2816,6865
411,6205,1781,4106,3247,2912
411,6205,1781,3698,5928,4203
411,6205,1781,8759,1497,8036
411,6205,1781,8295,6051,9109
411,6205,1781,7814,248,9229
411,6205,1781,2035,2708,1844
411,6205,1781,9581,9155,4068
411,6205,1781,5241,5326,4703
411,6205,1781,5801,624,2996
411,6205,1781,7975,128,6982
411,6205,1781,2281,2844,100
411,6205,1781,2336,9453,3764
411,6205,1781,7778,8040,9122
411,6205,1781,4393,9859,2032
411,6205,1781,5892,4254,5589
411,6205,1781,8104,5765,6418
411,6205,1781,306,7321,484
411,6205,1781,8589,1640,7334
411,6205,1781,991,4976,1716
411,6205,1781,7520,2760,15
411,6205,1781,6270,6036,9539
411,6205,1781,104,3867,445
411,6205,1781,3935,4418,9670
411,6205,1781,3819,3932,634
411,6205,1781,6489,9170,2521
411,6205,1781,5304,3040,9312
411,6205,1781,2047,9359,9597
411,6205,1781,4506,3384,8924
411,6205,1781,7413,4696,6396
411,6205,1781,2926,9321,2982
411,6205,1781,1086,3870,547
411,6205,1781,786,8237,1994
411,6205,1781,5637,861,9230
411,6205,1781,4230,2697,4966
411,6205,1781,1793,2639,108
411,6205,1781,770,9447,266
411,6205,1781,4742,5575,1812
411,6205,1781,5518,9156,612
411,6205,1781,2124,5082,5238
411,6205,1781,6338,2117,919
411,6205,1781,8716,1071,4697
411,6205,1781,1446,58,6319
411,6205,1781,1221,59,2573
411,6205,1781,7717,2201,3593
411,6205,1781,4129,2096,4968
411,6205,1781,8961,4315,1897
411,6205,1781,2782,1270,2375
411,6205,1781,2772,9234,5613
411,6205,1781,5800,6781,9064
411,6205,1781,1516,39,9748
411,6205,1781,400,1107,6312
411,6205,1781,6173,7249,419
411,6205,1781,2257,727,9745
411,6205,1781,8713,3324,174
411,6205,1781,56,6932,1290
411,6205,1781,9152,5635,7297
411,6205,1781,613,3044,6772
411,6205,1781,9402,6408,4954
411,6205,1781,8812,6814,9003
411,6205,1781,7069,1905,464
411,6205,1781,1269,5363,8821
411,6205,1781,4148,2879,5852
411,6205,1781,7965,1872,7596
411,6205,1781,2693,4459,7810
411,6205,1781,7543,3771,5853
411,6205,1781,3761,1693,508
411,6205,1781,9740,4006,2960
411,6205,1781,4894,5074,7794
411,6205,1781,615,9792,7318
411,6205,1781,145,770,7537
411,6205,1781,3106,4117,1697
411,6205,1781,8958,9566,3546
411,6205,1781,3070,7799,511
411,6205,1781,8806,7640,6946
411,6205,1781,2960,9172,4586
411,6205,1781,5836,7616,5973
411,6205,1781,7383,1568,4783
411,6205,1781,6494,247,1747
411,6205,1781,9519,3388,1464
411,6205,1781,7786,2451,6408
411,6205,1781,1619,7694,1790
411,6205,1781,8106,9025,7190
411,6205,1781,6639,3601,8235
411,6205,1781,5612,8253,7025
411,6205,1781,2307,4466,9687
411,6205,1781,2395,4744,7290
411,6205,1781,1225,8288,9836
411,6205,1781,4647,9522,8578
411,6205,1781,5171,3960,3557
411,6205,1781,164,2478,3722
411,6205,1781,13,2347,5827
411,6205,1781,9890,1755,6440
411,6205,1781,8519,8910,7613
411,6205,1781,7591,410,1117
411,6205,1781,5717,8555,6608
411,6205,1781,2729,3162,1364
411,6205,1781,4238,2536,9069
411,6205,1781,918,5853,787
411,6205,1781,1129,1176,3774
411,6205,1781,6315,3469,6454
411,6205,1781,6996,2964,2411
411,6205,1781,5056,4936,9988
411,6205,1781,7088,1301,6309
411,6205,1781,703,1429,6034
411,6205,1781,3142,2002,5870
411,6205,1781,2531,8961,190
411,6205,1781,4511,1912,7370
411,6205,1781,3868,7856,7248
411,6205,1781,3213,3340,8303
411,6205,1781,4610,7865,8140
411,6205,1781,9657,481,5626
411,6205,1781,8125,3223,1514
411,6205,1781,4565,2451,3095
411,6205,1781,7524,9108,3599
411,6205,1781,5856,4106,9152
411,6205,1781,595,8207,1858
411,6205,1781,9005,2389,1158
411,6205,1781,1572,1059,5049
411,6205,1781,8970,2657,6734
411,6205,1781,1004,9950,9740
411,6205,1781,6715,5828,1093
411,6205,1781,1352,2383,4602
411,6205,1781,154,9598,3286
411,6205,1781,2411,6996,6530
411,6205,1781,1056,4294,7757
411,6205,1781,3740,7783,4427
411,6205,1781,8614,1162,2382
411,6205,1781,132,9656,7225
411,6205,1781,3303,190,3660
411,6205,1781,2970,2225,4494
411,6205,1781,5514,1811,1153
411,6205,1781,8200,1223,1222
411,6205,1781,916,8938,6993
411,6205,1781,5018,8043,8889
411,6205,1781,5000,6823,4341
411,6205,1781,2934,3300,9199
411,6205,1781,6362,2544,8402
411,6205,1781,1296,6393,9892
411,6205,1781,6915,6705,8336
411,6205,1781,7784,4008,6197
411,6205,1781,4390,2964,306
411,6205,1781,6364,7441,5324
411,6205,1781,2416,753,1564
411,6205,1781,4968,8562,2181
411,6205,1781,9192,3645,2394
411,6205,1781,5308,9598,5420
411,6205,1781,1775,8412,8870
411,6205,1781,3611,5394,8384
411,6205,1781,1241,1073,8126
411,6205,1781,7523,4917,8663
411,6205,1781,9808,7139,3103
411,6205,1781,822,1961,1375
411,6205,1781,5966,8034,1867
411,6205,1781,3882,8810,9267
411,6205,1781,368,3416,1006
411,6205,1781,3633,306,8696
411,6205,1781,2525,4425,6116
411,6205,1781,4540,5306,5144
411,6205,1781,6344,7538,6763
411,6205,1781,1489,4738,618
411,6205,1781,9968,8034,1231
411,6205,1781,3136,6376,5079
411,6205,1781,535,9025,5428
411,6205,1781,7674,8505,8820
411,6205,1781,3580,5745,946
411,6205,1781,3995,6696,146
411,6205,1781,4097,1909,7055
411,6205,1781,9545,1626,2239
411,6205,1781,8357,5920,3565
411,6205,1781,5148,145,8628
411,6205,1781,3163,4180,6391
411,6205,1781,8206,9565,8356
411,6205,1781,1709,5548,8376
411,6205,1781,9374,5077,1918
411,6205,1781,2127,5133,2997
411,6205,1781,7100,2423,5529
411,6205,1781,1543,8055,2751
411,6205,1781,5795,6890,6146
411,6205,1781,1125,2765,3994
411,6205,1781,1374,5339,6135
411,6205,1781,7253,973,9208
411,6205,1781,913,865,5386
411,6205,1781,4006,5694,8148
411,6205,1781,8815,4188,6900
411,6205,1781,6737,831,9241
411,6205,1781,7053,371,3266
411,6205,1781,9468,4353,4379
411,6205,1781,9861,485,3992
411,6205,1781,3594,3078,3989
411,6205,1781,3002,9380,304
411,6205,1781,2406,6535,48
411,6205,1781,38,9712,9406
411,6205,1781,6893,5802,7337
411,6205,1781,6148,2700,2887
411,6205,1781,9837,1403,8432
411,6205,1781,3606,7876,6394
411,6205,1781,9113,3476,1571
411,6205,1781,8012,404,633
411,6205,1781,920,8024,7369
411,6205,1781,7202,5129,8727
411,6205,1781,6064,9970,7438
411,6205,1781,5076,1156,4310
411,6205,1781,5895,3250,1051
411,6205,1781,5115,4414,4717
411,6205,1781,2857,7792,4580
411,6205,1781,1468,8874,7696
411,6205,1781,2353,328,2871
411,6205,1781,9630,7522,2409
411,6205,1781,990,7772,3758
411,6205,1781,3705,5752,1097
411,6205,1781,6497,1783,8052
411,6205,1781,1398,3835,1452
411,6205,1781,8041,5269,3604
411,6205,1781,247,4516,8220
411,6205,1781,5217,9462,6708
411,6205,1781,6836,1235,4752
411,6205,1781,8,7260,262
411,6205,1781,6615,374,7894
411,6205,1781,8604,9213,9715
411,6205,1781,8679,1880,6855
411,6205,1781,393,831,9612
411,6205,1781,1511,549,8504
411,6205,1781,5063,8200,2952
411,6205,1781,2884,1758,9072
411,6205,1781,8063,4212,5039
411,6205,1781,2482,9447,9507
411,6205,1781,7356,5139,736
411,6205,1781,8897,7517,9367
411,6205,1781,3257,9159,464
411,6205,1781,5018,476,9471
411,6205,1781,4179,4931,3916
411,6205,1781,3664,902,7915
411,6205,1781,9553,8767,1430
411,6205,1781,7896,4662,1018
411,6205,1781,8266,618,9608
411,6205,1781,2332,3536,4056
411,6205,1781,9350,7195,5073
411,6205,1781,8881,5149,9638
411,6205,1781,8577,9831,8596
411,6205,1781,5554,6158,3198
411,6205,1781,8915,2953,2041
411,6205,1781,2276,8373,4735
411,6205,1781,5618,9084,3988
411,6205,1781,8804,8501,3967
411,6205,1781,5162,5836,3560
411,6205,1781,5456,1199,1399
411,6205,1781,144,9777,4740
411,6205,1781,257,5971,6815
411,6205,1781,1942,1438,4739
411,6205,1781,9066,4428,7210
411,6205,1781,8934,6150,6681
411,6205,1781,5478,5101,3455
411,6205,1781,267,5849,4561
411,6205,1781,6838,3301,4459
411,6205,1781,9125,1421,4632
411,6205,1781,2753,9741,4081
411,6205,1781,9636,2678,3742
411,6205,1781,3297,2875,9581
411,6205,1781,7859,9597,4041
411,6205,1781,8722,4657,1032
411,6205,1781,1056,3695,5123
411,6205,1781,6994,5780,1696
411,6205,1781,1719,4804,2863
411,6205,1781,4319,3990,4754
411,6205,1781,6519,4198,8756
411,6205,1781,4422,4605,997
411,6205,1781,1645,2994,6232
411,6205,1781,8691,2996,7471
411,6205,1781,4927,2407,2245
411,6205,1781,8217,462,4864
411,6205,1781,2631,7589,2107
411,6205,1781,21,8634,4898
411,6205,1781,7145,1721,7364
411,6205,1781,6228,2880,1748
