4836,9414,2252,6663,8746,9421
4836,9414,2252,6673,1438,1315
4836,9414,2252,7194,321,6304
4836,9414,2252,1963,1247,9513
4836,9414,2252,1994,4762,4957
4836,9414,2252,3930,9532,8806
4836,9414,2252,8384,971,4445
4836,9414,2252,2461,8782,8030
4836,9414,2252,5648,9344,5589
4836,9414,2252,6845,7305,2277
4836,9414,2252,3308,987,4928
4836,9414,2252,8554,6739,3819
4836,9414,2252,4883,6573,2947
4836,9414,2252,7918,9174,6759
4836,9414,2252,8056,939,8930
4836,9414,2252,4349,8275,842
4836,9414,2252,8172,1788,6878
4836,9414,2252,5769,2270,5179
4836,9414,2252,6294,4182,9596
4836,9414,2252,7153,1547,7336
4836,9414,2252,8011,8433,6473
4836,9414,2252,1694,1974,8253
4836,9414,2252,2891,693,1180
4836,9414,2252,8000,1760,3364
4836,9414,2252,3334,9432,2015
4836,9414,2252,5818,6180,1180
4836,9414,2252,2202,1024,915
4836,9414,2252,2704,7837,2961
4836,9414,2252,5337,2570,8849
4836,9414,2252,7857,7814,5926
4836,9414,2252,5891,8924,2316
4836,9414,2252,9795,1921,9378
4836,9414,2252,2444,5418,8959
4836,9414,2252,7911,4193,2435
4836,9414,2252,7319,906,6258
4836,9414,2252,2257,5528,430
4836,9414,2252,2720,1048,1106
4836,9414,2252,3063,7223,2959
4836,9414,2252,6843,3290,3883
4836,9414,2252,5468,6892,6579
4836,9414,2252,469,4122,3371
4836,9414,2252,364,5080,5698
4836,9414,2252,3647,8645,9087
4836,9414,2252,707,6386,3850
4836,9414,2252,5225,1639,1954
4836,9414,2252,1842,3578,6184
4836,9414,2252,8769,2452,4648
4836,9414,2252,7028,4286,5557
4836,9414,2252,4043,5040,9538
4836,9414,2252,1983,1846,1871
4836,9414,2252,9660,4387,4471
4836,9414,2252,2348,8565,4242
4836,9414,2252,4501,7863,2308
4836,9414,2252,7139,400,5730
4836,9414,2252,2932,3821,2088
4836,9414,2252,9872,8105,3169
4836,9414,2252,4959,587,6045
4836,9414,2252,2143,332,2476
4836,9414,2252,3230,2256,885
4836,9414,2252,6293,4533,288
4836,9414,2252,4894,7955,9600
4836,9414,2252,7611,5857,1164
4836,9414,2252,7348,8510,8551
4836,9414,2252,1127,9588,3326
4836,9414,2252,6803,9489,5315
4836,9414,2252,5325,251,1255
4836,9414,2252,8003,162,8546
4836,9414,2252,8327,5458,8556
4836,9414,2252,9057,3792,5854
4836,9414,2252,3569,8794,5843
4836,9414,2252,4254,3370,5603
4836,9414,2252,9609,9321,3947
4836,9414,2252,7797,2012,7520
4836,9414,2252,1646,8112,2541
4836,9414,2252,1868,34,572
4836,9414,2252,9790,1924,2003
4836,9414,2252,9450,5979,6055
4836,9414,2252,9794,5286,4108
4836,9414,2252,3563,869,640
4836,9414,2252,4170,1910,4773
4836,9414,2252,6793,4212,144
4836,9414,2252,6771,7809,6235
4836,9414,2252,1108,6667,6981
4836,9414,2252,7016,4113,8514
4836,9414,2252,9404,2404,9065
4836,9414,2252,5175,1883,6444
4836,9414,2252,4086,9656,2370
4836,9414,2252,7649,1308,5916
4836,9414,2252,2916,6780,6569
4836,9414,2252,3375,4831,6520
4836,9414,2252,5076,8148,1646
4836,9414,2252,9315,128,4619
4836,9414,2252,551,3506,6788
4836,9414,2252,1558,1006,2683
4836,9414,2252,6025,6590,2035
4836,9414,2252,3680,4429,2526
4836,9414,2252,7817,1611,5242
4836,9414,2252,2811,7725,7037
4836,9414,2252,7213,2839,8459
4836,9414,2252,1695,5465,6665
4836,9414,2252,5404,1998,1897
4836,9414,2252,1025,5683,2694
4836,9414,2252,6900,8081,5498
4836,9414,2252,9167,6935,6828
4836,9414,2252,8768,7088,7326
4836,9414,2252,7511,9296,4711
4836,9414,2252,1092,9199,8538
4836,9414,2252,64,4665,1213
4836,9414,2252,6467,3738,6086
4836,9414,2252,8518,944,1611
4836,9414,2252,4444,595,4322
4836,9414,2252,5837,8500,9920
4836,9414,2252,4398,8912,8762
4836,9414,2252,1725,1812,7793
4836,9414,2252,2586,3876,1836
4836,9414,2252,5271,7732,850
4836,9414,2252,1114,8947,9872
4836,9414,2252,1505,8327,7086
4836,9414,2252,4184,6068,2411
4836,9414,2252,2068,7333,8578
4836,9414,2252,4240,606,9726
4836,9414,2252,3186,1979,6035
4836,9414,2252,1984,8123,3199
4836,9414,2252,1146,999,7984
4836,9414,2252,9893,2123,3059
4836,9414,2252,2899,4247,566
4836,9414,2252,9921,1355,3586
4836,9414,2252,4737,2720,7519
4836,9414,2252,9746,1189,7282
4836,9414,2252,229,1675,3498
4836,9414,2252,8225,2903,388
4836,9414,2252,2509,9524,4506
4836,9414,2252,7991,9653,1761
4836,9414,2252,752,7176,3681
4836,9414,2252,5784,3047,7161
4836,9414,2252,3062,3825,5045
4836,9414,2252,7870,625,4922
4836,9414,2252,557,3322,6452
4836,9414,2252,698,767,3737
4836,9414,2252,2318,7978,3838
4836,9414,2252,5147,2545,9506
4836,9414,2252,6583,8729,9890
4836,9414,2252,9015,3558,4342
4836,9414,2252,4112,8796,6504
4836,9414,2252,1368,4417,6633
4836,9414,2252,852,6252,8700
4836,9414,2252,4014,5876,7269
4836,9414,2252,7200,3279,2639
4836,9414,2252,5120,2716,4348
4836,9414,2252,7871,5811,6725
4836,9414,2252,6686,9577,5470
4836,9414,2252,5671,2470,181
4836,9414,2252,2013,8653,2922
4836,9414,2252,2025,8501,5035
4836,9414,2252,2926,2239,540
4836,9414,2252,6433,318,390
4836,9414,2252,3586,918,5063
4836,9414,2252,5963,3396,1705
4836,9414,2252,9678,655,8782
4836,9414,2252,2160,7201,5176
4836,9414,2252,7364,3020,8800
4836,9414,2252,6615,2733,2560
4836,9414,2252,8727,5458,6143
4836,9414,2252,5630,7716,5614
4836,9414,2252,254,7999,9967
4836,9414,2252,9190,538,6049
4836,9414,2252,391,8136,6325
4836,9414,2252,8580,62,6516
4836,9414,2252,2442,4548,5789
4836,9414,2252,3476,2785,8735
4836,9414,2252,5527,686,8781
4836,9414,2252,6275,1624,5256
4836,9414,2252,9000,8246,4661
4836,9414,2252,5793,7977,4729
4836,9414,2252,7890,3334,3123
4836,9414,2252,5457,7953,328
4836,9414,2252,9426,220,1097
4836,9414,2252,8124,8627,6135
4836,9414,2252,5333,1365,3520
4836,9414,2252,4831,1983,8477
4836,9414,2252,1402,1292,7400
4836,9414,2252,9314,612,5152
4836,9414,2252,800,7027,5844
4836,9414,2252,4081,2900,3146
4836,9414,2252,6760,9897,784
4836,9414,2252,5461,5672,3568
4836,9414,2252,1310,723,5322
4836,9414,2252,1225,8589,6079
4836,9414,2252,3839,6946,8379
4836,9414,2252,8583,9074,2460
4836,9414,2252,2939,7691,840
4836,9414,2252,9226,1509,6656
4836,9414,2252,60,3855,6938
4836,9414,2252,8716,9952,7711
4836,9414,2252,6608,4619,9317
4836,9414,2252,7420,5771,7279
4836,9414,2252,138,4966,1721
4836,9414,2252,432,2150,9896
4836,9414,2252,2539,6568,3834
4836,9414,2252,3608,232,314
4836,9414,2252,3320,7390,6433
4836,9414,2252,214,3435,8038
4836,9414,2252,994,5023,1227
4836,9414,2252,9561,957,1850
4836,9414,2252,352,2658,7260
4836,9414,2252,2808,6402,6134
4836,9414,2252,3855,1498,1761
4836,9414,2252,9281,2298,9802
4836,9414,2252,5315,6933,6125
4836,9414,2252,8818,5356,2488
4836,9414,2252,1736,2556,9888
4836,9414,2252,5871,6030,7276
4836,9414,2252,1938,2059,4576
4836,9414,2252,3672,7138,3295
4836,9414,2252,6117,724,5875
4836,9414,2252,6916,1718,1450
4836,9414,2252,6355,1563,7322
4836,9414,2252,9699,13,3132
4836,9414,2252,4438,2200,6376
4836,9414,2252,3050,2090,3406
4836,9414,2252,3808,9290,2330
4836,9414,2252,7446,7494,3555
4836,9414,2252,482,3559,7260
4836,9414,2252,9257,9455,4520
4836,9414,2252,7694,6295,1186
4836,9414,2252,5578,8051,9295
4836,9414,2252,9839,6222,990
4836,9414,2252,7970,6561,281
4836,9414,2252,2695,817,929
4836,9414,2252,1306,6572,4758
4836,9414,2252,3664,6240,9148
4836,9414,2252,2354,3866,4421
4836,9414,2252,499,6970,6734
4836,9414,2252,4432,1984,2100
4836,9414,2252,9369,9925,6448
4836,9414,2252,3335,8944,4621
4836,9414,2252,4738,9866,1092
4836,9414,2252,548,6331,5418
4836,9414,2252,4495,1137,5182
4836,9414,2252,448,7420,1240
4836,9414,2252,1497,3580,8316
4836,9414,2252,4777,8438,2679
4836,9414,2252,8797,8214,5062
4836,9414,2252,2922,9929,1874
4836,9414,2252,1949,5133,6574
4836,9414,2252,1316,7337,6941
4836,9414,2252,1503,2282,1649
4836,9414,2252,9541,1715,5486
4836,9414,2252,1569,9060,1707
4836,9414,2252,1769,4970,9411
4836,9414,2252,5826,6925,1391
4836,9414,2252,8754,964,6931
4836,9414,2252,3745,7856,2601
4836,9414,2252,7074,441,4908
4836,9414,2252,5652,4650,5464
4836,9414,2252,7232,3287,8837
4836,9414,2252,5922,8569,961
4836,9414,2252,7093,5955,507
4836,9414,2252,2245,9213,4731
4836,9414,2252,202,8091,1786
4836,9414,2252,5689,3120,1497
4836,9414,2252,9443,3663,9542
4836,9414,2252,2987,8987,1002
4836,9414,2252,2219,1662,2152
4836,9414,2252,4550,9901,544
4836,9414,2252,2368,6279,5176
4836,9414,2252,7350,1030,5187
4836,9414,2252,2029,119,3932
4836,9414,2252,8590,7663,2051
4836,9414,2252,596,1167,6356
4836,9414,2252,9523,5040,735
4836,9414,2252,9860,1245,9481
4836,9414,2252,6415,9456,3117
4836,9414,2252,9427,198,3875
4836,9414,2252,6456,1416,9254
4836,9414,2252,9982,5944,9970
4836,9414,2252,2319,4059,1670
4836,9414,2252,7410,5557,74
4836,9414,2252,3121,9133,5399
4836,9414,2252,1202,5344,3167
4836,9414,2252,1994,3062,6447
4836,9414,2252,2577,7743,8622
4836,9414,2252,6194,74,2343
4836,9414,2252,6566,4430,6380
4836,9414,2252,8108,7929,4517
4836,9414,2252,420,2074,6516
4836,9414,2252,177,8260,7599
4836,9414,2252,93,5441,8926
4836,9414,2252,6536,9197,6169
4836,9414,2252,2117,3743,2359
4836,9414,2252,4166,212,4278
4836,9414,2252,4419,1297,158
4836,9414,2252,5900,90,9036
4836,9414,2252,9887,3343,1895
4836,9414,2252,1572,9612,4007
4836,9414,2252,118,6553,5453
4836,9414,2252,9810,5636,2818
4836,9414,2252,1918,181,2706
4836,9414,2252,497,9141,6579
4836,9414,2252,826,4634,6660
4836,9414,2252,5497,2451,6392
4836,9414,2252,7827,2540,7831
4836,9414,2252,9706,7824,8427
4836,9414,2252,8179,3663,9035
4836,9414,2252,5490,1253,7594
4836,9414,2252,5348,3326,9896
4836,9414,2252,1545,4603,2063
4836,9414,2252,3033,3763,3273
4836,9414,2252,6853,9813,5136
4836,9414,2252,5473,8110,6138
4836,9414,2252,1318,5137,6887
4836,9414,2252,1858,5031,4773
4836,9414,2252,341,3139,4855
4836,9414,2252,2954,4670,6863
4836,9414,2252,5951,5146,8256
4836,9414,2252,3784,238,6430
4836,9414,2252,2915,3900,3343
4836,9414,2252,8770,2106,8196
4836,9414,2252,545,7071,8942
4836,9414,2252,6986,6030,6831
4836,9414,2252,5391,782,7083
4836,9414,2252,1628,98,2291
4836,9414,2252,9006,2460,7011
4836,9414,2252,3532,9444,8614
4836,9414,2252,3028,19,167
4836,9414,2252,6867,567,3660
4836,9414,2252,2940,7744,5910
4836,9414,2252,9970,6529,875
4836,9414,2252,880,5215,9889
4836,9414,2252,719,9752,6573
4836,9414,2252,1119,4539,6162
4836,9414,2252,7541,4504,7714
4836,9414,2252,657,5469,3364
4836,9414,2252,6040,8765,9752
4836,9414,2252,5890,6750,2127
4836,9414,2252,874,59,4078
4836,9414,2252,4636,7992,6649
4836,9414,2252,5911,7625,3694
4836,9414,2252,548,5019,5372
4836,9414,2252,5484,9938,1216
4836,9414,2252,1765,8259,6291
4836,9414,2252,8598,7204,7831
4836,9414,2252,3890,7113,3343
4836,9414,2252,9697,5293,2676
4836,9414,2252,2523,5004,7685
4836,9414,2252,2074,6365,8772
4836,9414,2252,8799,7708,5253
4836,9414,2252,542,8524,8277
4836,9414,2252,263,6879,7418
4836,9414,2252,6788,3090,4800
4836,9414,2252,3501,5684,9783
4836,9414,2252,6331,1660,1533
4836,9414,2252,734,5733,8008
4836,9414,2252,1169,334,7453
4836,9414,2252,4950,8198,96
4836,9414,2252,8857,8978,8359
4836,9414,2252,8619,6925,6842
4836,9414,2252,5180,385,6557
4836,9414,2252,3603,3496,9733
4836,9414,2252,2864,942,6242
4836,9414,2252,9835,7773,602
4836,9414,2252,4770,884,850
4836,9414,2252,3011,4352,7677
4836,9414,2252,9504,2414,6106
4836,9414,2252,2519,4909,8860
4836,9414,2252,9054,5846,8304
4836,9414,2252,8545,301,9186
4836,9414,2252,1800,4333,1148
4836,9414,2252,5082,3384,5793
4836,9414,2252,8692,5587,3463
4836,9414,2252,4110,685,617
4836,9414,2252,5829,8009,8569
4836,9414,2252,4634,8468,9315
4836,9414,2252,1452,8512,3451
4836,9414,2252,1256,8975,3010
4836,9414,2252,8426,2744,1573
4836,9414,2252,7963,9977,3371
4836,9414,2252,6433,3554,3482
4836,9414,2252,5744,8178,5306
4836,9414,2252,4097,4790,8202
4836,9414,2252,2295,6584,6918
4836,9414,2252,4429,2212,3026
4836,9414,2252,7495,3556,1990
4836,9414,2252,2825,4324,3823
4836,9414,2252,8852,4064,9752
4836,9414,2252,9989,1392,537
4836,9414,2252,2301,6241,5955
4836,9414,2252,4424,625,1924
4836,9414,2252,8270,9831,9336
4836,9414,2252,7021,7532,6103
4836,9414,2252,444,2714,9811
4836,9414,2252,5164,1011,8635
4836,9414,2252,9156,3895,7060
4836,9414,2252,1742,421,5975
4836,9414,2252,4254,2572,4766
4836,9414,2252,6498,3224,6776
4836,9414,2252,8309,3990,4502
4836,9414,2252,1720,9014,2036
4836,9414,2252,8474,7317,2106
4836,9414,2252,9466,2891,4981
4836,9414,2252,4738,1680,4132
4836,9414,2252,494,5760,6796
4836,9414,2252,3961,4615,3817
4836,9414,2252,4470,9794,5449
4836,9414,2252,9887,174,891
4836,9414,2252,7497,6335,5313
4836,9414,2252,3895,3945,6157
4836,9414,2252,956,5751,7128
4836,9414,2252,8431,5925,4196
4836,9414,2252,6580,2680,9905
4836,9414,2252,6713,2505,7370
4836,9414,2252,4297,9446,8213
4836,9414,2252,3699,7119,6829
4836,9414,2252,5063,7187,1543
4836,9414,2252,5417,1854,9340
4836,9414,2252,4225,3751,5709
4836,9414,2252,3915,2051,9910
4836,9414,2252,6722,7702,299
4836,9414,2252,7340,9754,6869
4836,9414,2252,9693,1938,9221
4836,9414,2252,9938,5032,6419
4836,9414,2252,4617,421,8218
4836,9414,2252,5866,7385,8380
4836,9414,2252,6835,1365,9819
4836,9414,2252,1866,2445,2984
4836,9414,2252,5613,5181,9895
4836,9414,2252,6582,1259,1845
4836,9414,2252,584,9680,8822
4836,9414,2252,8906,2173,8833
4836,9414,2252,6406,8951,1869
4836,9414,2252,9133,6329,9699
4836,9414,2252,9382,8116,4901
4836,9414,2252,9796,2813,3906
4836,9414,2252,916,1401,1718
4836,9414,2252,7273,629,7926
4836,9414,2252,2762,8432,3399
4836,9414,2252,4829,7777,9965
4836,9414,2252,8852,5933,8227
4836,9414,2252,7667,3321,2926
4836,9414,2252,3911,3061,8058
4836,9414,2252,8980,9045,8235
4836,9414,2252,7936,4362,7141
4836,9414,2252,9331,2168,8595
4836,9414,2252,7718,4028,1523
4836,9414,2252,2000,4076,3403
4836,9414,2252,2918,2053,9971
4836,9414,2252,1120,8684,2242
4836,9414,2252,794,9055,5320
4836,9414,2252,1626,1088,4116
4836,9414,2252,9915,4806,5693
4836,9414,2252,4744,8119,1068
4836,9414,2252,6469,2240,276
4836,9414,2252,7692,2283,3117
4836,9414,2252,4279,4566,7293
4836,9414,2252,5164,6439,5784
4836,9414,2252,1237,2549,6238
4836,9414,2252,9565,7455,5226
4836,9414,2252,6277,9361,5764
4836,9414,2252,648,6564,9202
4836,9414,2252,8721,6224,1935
4836,9414,2252,841,1821,2865
4836,9414,2252,4000,2872,7341
4836,9414,2252,3649,7619,8136
4836,9414,2252,6955,369,7884
4836,9414,2252,7475,4851,3479
4836,9414,2252,8603,5070,4705
4836,9414,2252,6654,655,9711
4836,9414,2252,5531,4446,4943
4836,9414,2252,63,6425,3535
4836,9414,2252,8715,9925,5162
4836,9414,2252,3557,9765,6505
4836,9414,2252,1771,4519,6921
4836,9414,2252,931,6329,6125
4836,9414,2252,8292,5140,5303
4836,9414,2252,4230,5025,77
4836,9414,2252,7276,4276,3058
4836,9414,2252,9912,4169,4523
4836,9414,2252,3207,3836,6077
4836,9414,2252,9388,5184,7310
4836,9414,2252,3158,4637,157
4836,9414,2252,3542,356,1081
4836,9414,2252,3709,904,7934
4836,9414,2252,3602,100,7182
4836,9414,2252,8547,9317,9896
4836,9414,2252,478,3394,4570
4836,9414,2252,9491,8735,8030
4836,9414,2252,2762,3068,3671
4836,9414,2252,1905,3485,1050
4836,9414,2252,5763,940,6119
4836,9414,2252,7247,1728,9564
4836,9414,2252,5988,8081,5386
4836,9414,2252,122,1335,7092
4836,9414,2252,4688,9891,2041
4836,9414,2252,9016,4911,1388
4836,9414,2252,9903,9795,413
4836,9414,2252,8899,542,7560
4836,9414,2252,1154,3293,5801
4836,9414,2252,8202,9287,3395
4836,9414,2252,6509,6071,3952
4836,9414,2252,8271,5244,9193
4836,9414,2252,9356,1704,246
4836,9414,2252,5871,768,1107
4836,9414,2252,8539,9596,4203
4836,9414,2252,5389,4790,5442
4836,9414,2252,8042,6429,1475
4836,9414,2252,8023,6400,1467
4836,9414,2252,7517,8220,528
4836,9414,2252,2675,668,5377
4836,9414,2252,5760,1568,7075
4836,9414,2252,1576,2352,2907
