4836,9414,2252,7983,3513,4483
4836,9414,2252,6087,9140,5659
4836,9414,2252,8972,206,1356
4836,9414,2252,7723,7112,3527
4836,9414,2252,1963,2633,2464
4836,9414,2252,3223,7001,194
4836,9414,2252,7227,5363,9126
4836,9414,2252,8470,9147,1679
4836,9414,2252,4173,4702,5981
4836,9414,2252,251,9938,534
4836,9414,2252,6063,9418,5694
4836,9414,2252,4428,532,9757
4836,9414,2252,6920,6442,676
4836,9414,2252,3418,8253,1879
4836,9414,2252,6728,5882,3887
4836,9414,2252,1614,4409,1336
4836,9414,2252,5867,9230,7849
4836,9414,2252,7410,7525,7023
4836,9414,2252,1345,7007,2229
4836,9414,2252,1867,1865,6959
4836,9414,2252,725,7053,4020
4836,9414,2252,254,2694,1127
4836,9414,2252,1782,6131,5367
4836,9414,2252,6816,3505,132
4836,9414,2252,877,4137,4634
4836,9414,2252,6997,9020,8593
4836,9414,2252,3279,8581,7462
4836,9414,2252,628,9134,8752
4836,9414,2252,4666,1966,3493
4836,9414,2252,6598,6834,829
4836,9414,2252,959,6562,3176
4836,9414,2252,6464,5974,3779
4836,9414,2252,222,5414,6640
4836,9414,2252,717,6926,8080
4836,9414,2252,4441,7072,8138
4836,9414,2252,4576,3687,3161
4836,9414,2252,2624,7604,5664
4836,9414,2252,5797,608,2340
4836,9414,2252,4113,1992,9304
4836,9414,2252,1100,917,8317
4836,9414,2252,1027,2253,7494
4836,9414,2252,4891,8995,8162
4836,9414,2252,2202,6426,9806
4836,9414,2252,340,7524,8753
4836,9414,2252,4518,5588,6048
4836,9414,2252,4222,581,5339
4836,9414,2252,9012,9259,3954
4836,9414,2252,4917,1866,7725
4836,9414,2252,9156,4269,2102
4836,9414,2252,8166,421,9018
4836,9414,2252,5370,9169,140
4836,9414,2252,9892,3454,1476
4836,9414,2252,7825,6518,7958
4836,9414,2252,7578,4992,2414
4836,9414,2252,8442,3251,3586
4836,9414,2252,3791,9801,9664
4836,9414,2252,8723,8533,9688
4836,9414,2252,7613,9938,92
4836,9414,2252,7304,6336,7477
4836,9414,2252,42,942,2839
4836,9414,2252,6535,6809,2392
4836,9414,2252,3539,3696,47
4836,9414,2252,4598,2131,7437
4836,9414,2252,5375,8775,7673
4836,9414,2252,3988,7224,3107
4836,9414,2252,1606,6843,591
4836,9414,2252,7315,3869,8356
4836,9414,2252,1280,9723,762
4836,9414,2252,7393,2820,1857
4836,9414,2252,8516,355,3459
4836,9414,2252,8083,1824,6022
4836,9414,2252,5368,7821,8932
4836,9414,2252,5843,829,3489
4836,9414,2252,7292,7506,4764
4836,9414,2252,5850,1343,8495
4836,9414,2252,1803,6373,879
4836,9414,2252,3537,7922,7373
4836,9414,2252,7938,3503,6703
4836,9414,2252,2194,457,8719
4836,9414,2252,2435,1903,324
4836,9414,2252,332,7037,9263
4836,9414,2252,1428,3502,6176
4836,9414,2252,4381,7759,3889
4836,9414,2252,5631,7814,3521
4836,9414,2252,8431,8307,5652
4836,9414,2252,4148,2932,8263
4836,9414,2252,9720,5166,4663
4836,9414,2252,8403,9469,1875
4836,9414,2252,6054,2041,7773
4836,9414,2252,583,714,1837
4836,9414,2252,5188,7760,5119
4836,9414,2252,8765,3299,3698
4836,9414,2252,772,5683,664
4836,9414,2252,5838,4574,7754
4836,9414,2252,4641,6474,499
4836,9414,2252,2557,8525,1089
4836,9414,2252,6066,913,6545
4836,9414,2252,1647,1614,5776
4836,9414,2252,5896,5446,3615
4836,9414,2252,5951,4549,628
4836,9414,2252,7973,9776,4863
4836,9414,2252,4393,6793,9878
4836,9414,2252,3695,8378,3509
4836,9414,2252,2856,5867,182
4836,9414,2252,5203,345,5370
4836,9414,2252,7006,5147,555
4836,9414,2252,4757,6580,3297
4836,9414,2252,64,9346,9508
4836,9414,2252,9695,8179,3303
4836,9414,2252,2307,1611,8620
4836,9414,2252,1175,5521,7230
4836,9414,2252,7537,9591,607
4836,9414,2252,3218,6229,6339
4836,9414,2252,2290,7119,30
4836,9414,2252,4763,7807,9791
4836,9414,2252,7193,2285,3065
4836,9414,2252,7073,2713,7199
4836,9414,2252,6186,3518,1752
4836,9414,2252,1304,5672,4783
4836,9414,2252,879,2781,1317
4836,9414,2252,5464,5373,7766
4836,9414,2252,1409,8449,2920
4836,9414,2252,6345,6763,8007
4836,9414,2252,7449,5893,4076
4836,9414,2252,5133,5065,5990
4836,9414,2252,2754,3874,8038
4836,9414,2252,4735,418,4402
4836,9414,2252,1123,1636,7367
4836,9414,2252,4185,1696,9486
4836,9414,2252,3412,9761,771
4836,9414,2252,9719,7600,4362
4836,9414,2252,947,9043,8887
4836,9414,2252,4416,773,6836
4836,9414,2252,124,2706,9702
4836,9414,2252,8868,959,4293
4836,9414,2252,7588,8408,9821
4836,9414,2252,6500,4739,153
4836,9414,2252,2387,4041,1991
4836,9414,2252,2626,1221,8004
4836,9414,2252,6562,3794,8553
4836,9414,2252,9476,6520,5131
4836,9414,2252,6758,4524,6166
4836,9414,2252,2007,5683,887
4836,9414,2252,814,7990,1109
4836,9414,2252,7531,5144,9400
4836,9414,2252,861,5711,8989
4836,9414,2252,4302,5420,7346
4836,9414,2252,6001,7933,5195
4836,9414,2252,2918,3647,4651
4836,9414,2252,7527,8628,1307
4836,9414,2252,1869,6685,6265
4836,9414,2252,8884,5971,6111
4836,9414,2252,826,8528,5847
4836,9414,2252,7597,3878,9859
4836,9414,2252,1450,1142,6472
4836,9414,2252,9314,4948,9794
4836,9414,2252,2719,8668,7128
4836,9414,2252,5940,1027,4596
4836,9414,2252,6282,3383,5480
4836,9414,2252,9729,3333,2948
4836,9414,2252,1495,6292,9737
4836,9414,2252,7692,2142,7476
4836,9414,2252,147,439,662
4836,9414,2252,8722,9612,5947
4836,9414,2252,2887,4563,1463
4836,9414,2252,3351,9878,882
4836,9414,2252,9600,8113,4504
4836,9414,2252,9417,3940,2444
4836,9414,2252,6822,699,3798
4836,9414,2252,1935,3565,5511
4836,9414,2252,6287,4703,4754
4836,9414,2252,7235,7315,2645
4836,9414,2252,5072,3097,5920
4836,9414,2252,3682,3122,2918
4836,9414,2252,9966,811,5887
4836,9414,2252,3191,6657,7823
4836,9414,2252,1412,429,5922
4836,9414,2252,6084,4564,6119
4836,9414,2252,4534,2869,5284
4836,9414,2252,6367,789,8466
4836,9414,2252,660,2626,796
4836,9414,2252,8760,3957,1400
4836,9414,2252,7531,1250,5651
4836,9414,2252,1409,7376,6221
4836,9414,2252,9922,5884,9947
4836,9414,2252,6182,7003,6520
4836,9414,2252,9640,7827,6007
4836,9414,2252,1588,7655,8890
4836,9414,2252,6031,8684,2022
4836,9414,2252,3510,8133,9927
4836,9414,2252,2072,3186,5003
4836,9414,2252,3702,5728,7811
4836,9414,2252,665,3403,6747
4836,9414,2252,5982,6284,8355
4836,9414,2252,1824,1344,283
4836,9414,2252,667,1324,3647
4836,9414,2252,5956,9132,5391
4836,9414,2252,3837,7297,3347
4836,9414,2252,8796,4967,3679
4836,9414,2252,8578,3357,744
4836,9414,2252,7468,4462,1678
4836,9414,2252,2474,9227,1077
4836,9414,2252,7540,8092,4527
4836,9414,2252,474,5577,3532
4836,9414,2252,4014,1815,6812
4836,9414,2252,7314,5393,9105
4836,9414,2252,1209,7408,2068
4836,9414,2252,3091,3927,1767
4836,9414,2252,3104,3669,8138
4836,9414,2252,9482,8776,689
4836,9414,2252,4831,8514,6598
4836,9414,2252,1907,6883,7771
4836,9414,2252,5618,2986,8944
4836,9414,2252,2741,6823,6265
4836,9414,2252,2380,8626,2029
4836,9414,2252,7972,1204,6730
4836,9414,2252,5743,2417,6566
4836,9414,2252,7036,7078,3089
4836,9414,2252,2862,6832,1483
4836,9414,2252,9940,4505,3281
4836,9414,2252,6013,5250,7222
4836,9414,2252,4678,5394,4740
4836,9414,2252,3842,8070,6833
4836,9414,2252,8420,6769,9687
4836,9414,2252,9141,5492,1155
4836,9414,2252,2712,9,647
4836,9414,2252,2366,4154,7763
4836,9414,2252,4793,8670,9403
4836,9414,2252,4684,5046,6669
4836,9414,2252,3783,3449,7198
4836,9414,2252,8519,1592,7593
4836,9414,2252,5381,9440,4494
4836,9414,2252,7744,6243,7459
4836,9414,2252,8037,5469,2697
4836,9414,2252,9246,8235,8621
4836,9414,2252,1130,5653,8539
4836,9414,2252,1487,6743,7701
4836,9414,2252,7315,1747,1379
4836,9414,2252,1150,5904,3210
4836,9414,2252,1857,9875,4153
4836,9414,2252,5472,1057,5073
4836,9414,2252,1437,2931,93
4836,9414,2252,2905,7570,4900
4836,9414,2252,820,402,4828
4836,9414,2252,5853,641,6008
4836,9414,2252,2052,4018,8141
4836,9414,2252,7888,5003,7891
4836,9414,2252,3272,6592,573
4836,9414,2252,656,3855,7688
4836,9414,2252,9937,4996,4777
4836,9414,2252,2931,4959,7287
4836,9414,2252,3001,176,5268
4836,9414,2252,5499,6151,4430
4836,9414,2252,4895,7703,6392
4836,9414,2252,2832,7573,7921
4836,9414,2252,7217,6157,1431
4836,9414,2252,783,6803,708
4836,9414,2252,3571,980,489
4836,9414,2252,7798,903,4819
4836,9414,2252,4737,60,7804
4836,9414,2252,5679,5163,7402
4836,9414,2252,9325,3005,1159
4836,9414,2252,6341,364,1771
4836,9414,2252,8910,8740,3950
4836,9414,2252,6553,3033,9412
4836,9414,2252,8813,2243,3329
4836,9414,2252,6881,9500,986
4836,9414,2252,4148,7999,8209
4836,9414,2252,7347,4474,5082
4836,9414,2252,737,6720,8184
4836,9414,2252,5051,8500,4803
4836,9414,2252,5393,1680,6109
4836,9414,2252,763,6989,6659
4836,9414,2252,933,5146,3097
4836,9414,2252,7061,7421,4082
4836,9414,2252,1830,2409,5067
4836,9414,2252,3894,457,3662
4836,9414,2252,657,3617,2059
4836,9414,2252,4338,6875,1306
4836,9414,2252,2548,7218,8722
4836,9414,2252,4634,1982,2211
4836,9414,2252,2317,4657,6616
4836,9414,2252,7887,3604,8925
4836,9414,2252,9883,9583,1364
4836,9414,2252,2260,6899,1322
4836,9414,2252,2933,673,9978
4836,9414,2252,5340,9652,2871
4836,9414,2252,5840,7520,308
4836,9414,2252,5428,5921,3954
4836,9414,2252,62,5266,4643
4836,9414,2252,3787,1941,2027
4836,9414,2252,58,1059,5393
4836,9414,2252,9951,278,9876
4836,9414,2252,5782,3255,3864
4836,9414,2252,4844,3550,7232
4836,9414,2252,2725,7367,4528
4836,9414,2252,2977,1477,5132
4836,9414,2252,5407,9035,6493
4836,9414,2252,9223,2994,5100
4836,9414,2252,2585,9620,9533
4836,9414,2252,5521,1017,7791
4836,9414,2252,2520,2576,6459
4836,9414,2252,9927,8465,5420
4836,9414,2252,9725,3208,9072
4836,9414,2252,4970,3581,5462
4836,9414,2252,8603,5052,2377
4836,9414,2252,7302,7316,9585
4836,9414,2252,853,4551,6729
4836,9414,2252,7919,547,1128
4836,9414,2252,9671,7144,551
4836,9414,2252,5465,847,4162
4836,9414,2252,3474,9748,9238
4836,9414,2252,4181,2015,3160
4836,9414,2252,9124,7510,5569
4836,9414,2252,4871,7372,844
4836,9414,2252,8069,894,5873
4836,9414,2252,8593,5664,4099
4836,9414,2252,4660,6460,1390
4836,9414,2252,3432,1236,4588
4836,9414,2252,1734,8646,3674
4836,9414,2252,9143,544,5701
4836,9414,2252,7193,7495,6465
4836,9414,2252,3704,8894,8604
4836,9414,2252,319,6732,7486
4836,9414,2252,4282,66,3383
4836,9414,2252,4361,3097,3517
4836,9414,2252,9814,8816,4765
4836,9414,2252,7715,8865,3434
4836,9414,2252,4934,1772,3408
4836,9414,2252,1802,4831,4714
4836,9414,2252,6375,8782,597
4836,9414,2252,9081,8829,9432
4836,9414,2252,561,2765,9630
4836,9414,2252,8384,97,1782
4836,9414,2252,2210,7515,9102
4836,9414,2252,7408,2672,2668
4836,9414,2252,1351,3030,5881
4836,9414,2252,5700,2919,1913
4836,9414,2252,55,1515,4053
4836,9414,2252,5096,6850,8517
4836,9414,2252,100,1102,3872
4836,9414,2252,9482,6755,2743
4836,9414,2252,2669,8245,8478
4836,9414,2252,9036,671,839
4836,9414,2252,7502,3762,2371
4836,9414,2252,1478,5003,4393
4836,9414,2252,3887,347,8971
4836,9414,2252,8329,3435,5021
4836,9414,2252,533,1819,7827
4836,9414,2252,7963,7646,4413
4836,9414,2252,2816,9652,3015
4836,9414,2252,3114,2570,1175
4836,9414,2252,2401,8667,5947
4836,9414,2252,345,6803,1350
4836,9414,2252,2763,8163,6411
4836,9414,2252,5537,5173,2795
4836,9414,2252,9301,9962,1566
4836,9414,2252,3419,2263,5494
4836,9414,2252,6193,2511,7617
4836,9414,2252,5176,3556,9744
4836,9414,2252,5755,1146,453
4836,9414,2252,9310,5524,4660
4836,9414,2252,6918,9084,8758
4836,9414,2252,4657,2563,8146
4836,9414,2252,2266,7381,8807
4836,9414,2252,860,8045,9060
4836,9414,2252,3979,8190,5654
4836,9414,2252,9714,7454,8958
4836,9414,2252,6506,9135,5563
4836,9414,2252,2853,1633,1226
4836,9414,2252,4499,2227,8622
4836,9414,2252,1404,5101,7320
4836,9414,2252,2254,6531,9922
4836,9414,2252,588,341,7679
4836,9414,2252,8410,2126,359
4836,9414,2252,6670,7372,9951
4836,9414,2252,3874,535,3685
4836,9414,2252,9615,8815,6056
4836,9414,2252,7293,7186,6991
4836,9414,2252,4912,7945,2707
4836,9414,2252,4671,2561,389
4836,9414,2252,7592,3664,4380
4836,9414,2252,8311,6107,535
4836,9414,2252,1487,6434,6287
4836,9414,2252,4649,1977,7326
4836,9414,2252,8822,840,222
4836,9414,2252,6250,3740,8030
4836,9414,2252,726,6637,8718
4836,9414,2252,6249,2251,9089
4836,9414,2252,2249,4745,1855
4836,9414,2252,1358,6568,2210
4836,9414,2252,1359,555,3470
4836,9414,2252,3150,1595,6254
4836,9414,2252,4903,6187,8836
4836,9414,2252,2698,5278,1001
4836,9414,2252,3411,8531,7484
4836,9414,2252,394,2003,8076
4836,9414,2252,2340,4387,1752
4836,9414,2252,8763,8915,3031
4836,9414,2252,9653,4068,6608
4836,9414,2252,500,4104,5369
4836,9414,2252,7178,5211,2309
4836,9414,2252,8675,5988,9172
4836,9414,2252,8230,3129,157
4836,9414,2252,4332,3220,5027
4836,9414,2252,5121,7620,2335
4836,9414,2252,3199,8535,6150
4836,9414,2252,4065,6500,9506
4836,9414,2252,5746,4005,1169
4836,9414,2252,5,2230,9911
4836,9414,2252,6937,284,4414
4836,9414,2252,6774,928,1997
4836,9414,2252,9205,2081,1280
4836,9414,2252,6857,1469,979
4836,9414,2252,794,7885,3016
4836,9414,2252,9947,1490,3590
4836,9414,2252,1091,5945,6818
4836,9414,2252,5313,1250,1427
4836,9414,2252,9817,6245,7696
4836,9414,2252,6814,9519,4717
4836,9414,2252,9659,4188,9913
4836,9414,2252,1869,4339,5556
4836,9414,2252,4000,2081,6985
4836,9414,2252,100,7427,8882
4836,9414,2252,3649,4760,957
4836,9414,2252,4868,8338,2092
4836,9414,2252,1365,4021,3276
4836,9414,2252,2389,8828,1134
4836,9414,2252,6677,7059,8664
4836,9414,2252,5270,1619,5188
4836,9414,2252,9155,237,8715
4836,9414,2252,4615,3911,5455
4836,9414,2252,3861,5327,3717
4836,9414,2252,9175,2619,9093
4836,9414,2252,2898,9045,9001
4836,9414,2252,1342,3871,6992
4836,9414,2252,2373,8449,6526
4836,9414,2252,8129,8165,1408
4836,9414,2252,4225,5037,8068
4836,9414,2252,9058,4423,5067
4836,9414,2252,2883,3567,4484
4836,9414,2252,8141,7133,7346
4836,9414,2252,6737,9037,9181
4836,9414,2252,5458,6766,9802
4836,9414,2252,148,9089,5872
4836,9414,2252,21,5792,7906
4836,9414,2252,3913,8293,8302
4836,9414,2252,5704,3035,5377
4836,9414,2252,3719,9690,8426
4836,9414,2252,4998,451,2251
4836,9414,2252,3851,5885,5223
4836,9414,2252,7793,3023,9317
4836,9414,2252,5208,4626,4105
4836,9414,2252,506,1154,1961
4836,9414,2252,1697,9752,7907
4836,9414,2252,2579,1436,5730
4836,9414,2252,4,1047,2743
4836,9414,2252,4987,4803,6851
4836,9414,2252,2232,391,5330
4836,9414,2252,4901,9480,9841
4836,9414,2252,9057,1995,3322
4836,9414,2252,6416,7078,6244
4836,9414,2252,4783,807,3475
4836,9414,2252,3856,915,3454
4836,9414,2252,8628,3101,9471
4836,9414,2252,3100,3519,4991
4836,9414,2252,6479,3447,9711
4836,9414,2252,7187,6109,4523
4836,9414,2252,7937,8442,2025
4836,9414,2252,3102,5044,3942
4836,9414,2252,2180,8897,8529
4836,9414,2252,8071,675,3485
4836,9414,2252,7068,1657,9851
4836,9414,2252,4125,6467,7033
4836,9414,2252,3194,5163,7719
4836,9414,2252,776,6066,1922
4836,9414,2252,8536,8762,3437
4836,9414,2252,9674,1197,7352
4836,9414,2252,7945,5302,2011
4836,9414,2252,5147,6880,1553
4836,9414,2252,7799,3610,7953
4836,9414,2252,3312,6652,7263
4836,9414,2252,9631,3503,1700
4836,9414,2252,7487,9925,3321
4836,9414,2252,1318,7972,1366
4836,9414,2252,2544,1605,2900
4836,9414,2252,9192,2694,1588
4836,9414,2252,1653,7657,3644
4836,9414,2252,8104,4035,9764
4836,9414,2252,3876,7927,2866
4836,9414,2252,4207,2030,5881
4836,9414,2252,5779,8202,8630
4836,9414,2252,7556,1718,9636
4836,9414,2252,8291,5469,7113
4836,9414,2252,4830,3454,3829
4836,9414,2252,5602,675,770
4836,9414,2252,4890,1851,1655
4836,9414,2252,4461,1475,2990
4836,9414,2252,8209,5952,7707
4836,9414,2252,5675,3544,59
4836,9414,2252,808,6210,815
4836,9414,2252,1569,3917,6354
4836,9414,2252,5898,5775,7769
4836,9414,2252,8138,6416,2395
4836,9414,2252,1024,2207,9741
4836,9414,2252,3131,9073,9642
4836,9414,2252,7818,427,4155
4836,9414,2252,1483,8540,8028
4836,9414,2252,9554,4129,4481
4836,9414,2252,8050,8049,2125
