2230,2822,9220,932,8786,4908
2230,2822,9220,4919,8048,8100
2230,2822,9220,1920,1561,3144
2230,2822,9220,6273,9819,7677
2230,2822,9220,2623,9968,5986
2230,2822,9220,841,5502,3032
2230,2822,9220,7519,4866,5081
2230,2822,9220,9115,2914,4511
2230,2822,9220,3633,5704,9678
2230,2822,9220,2228,2039,7836
2230,2822,9220,4456,8617,9114
2230,2822,9220,1113,6523,7187
2230,2822,9220,2189,1132,9899
2230,2822,9220,5336,8296,7193
2230,2822,9220,2735,7616,8724
2230,2822,9220,6099,6704,8256
2230,2822,9220,433,360,3268
2230,2822,9220,861,9456,2951
2230,2822,9220,5100,8891,8321
2230,2822,9220,8316,2527,1927
2230,2822,9220,308,1101,8302
2230,2822,9220,6066,2993,2701
2230,2822,9220,2586,8064,8286
2230,2822,9220,1853,3244,5020
2230,2822,9220,7614,1725,4183
2230,2822,9220,2734,6712,8255
2230,2822,9220,7277,7772,1038
2230,2822,9220,5395,5462,6837
2230,2822,9220,7531,8150,5238
2230,2822,9220,3603,4218,1610
2230,2822,9220,712,656,1476
2230,2822,9220,2719,3781,5257
2230,2822,9220,9997,924,2393
2230,2822,9220,4483,7543,7676
2230,2822,9220,8062,4831,1917
2230,2822,9220,89,6460,6455
2230,2822,9220,2028,29,1663
2230,2822,9220,8989,5466,7926
2230,2822,9220,5977,8852,1797
2230,2822,9220,9816,7528,3978
2230,2822,9220,1333,6577,3085
2230,2822,9220,3134,2439,11
2230,2822,9220,5430,5334,829
2230,2822,9220,9143,3594,5280
2230,2822,9220,584,249,277
2230,2822,9220,1725,9215,3548
2230,2822,9220,7195,1289,4323
2230,2822,9220,9746,4780,1418
2230,2822,9220,7243,8121,6405
2230,2822,9220,8951,284,3385
2230,2822,9220,980,3747,460
2230,2822,9220,5116,5097,1268
2230,2822,9220,869,7200,3002
2230,2822,9220,8253,3316,7054
2230,2822,9220,566,6766,713
2230,2822,9220,1973,5848,6443
2230,2822,9220,4473,9243,9063
2230,2822,9220,753,2529,1134
2230,2822,9220,2642,4629,4547
2230,2822,9220,3,9406,1086
2230,2822,9220,8802,1645,7185
2230,2822,9220,5355,3167,451
2230,2822,9220,9933,90,8932
2230,2822,9220,9835,1639,1286
2230,2822,9220,4008,8655,7496
2230,2822,9220,7914,3895,6453
2230,2822,9220,6726,6010,9946
2230,2822,9220,179,7556,97
2230,2822,9220,5685,1193,9662
2230,2822,9220,3387,457,1447
2230,2822,9220,904,5262,9857
2230,2822,9220,5370,8316,3289
2230,2822,9220,9845,7471,5716
2230,2822,9220,5624,8615,7920
2230,2822,9220,7209,2035,9560
2230,2822,9220,1223,6294,7168
2230,2822,9220,474,6850,5063
2230,2822,9220,3554,8345,8078
2230,2822,9220,5027,8060,3688
2230,2822,9220,4263,6476,5175
2230,2822,9220,3147,8586,4649
2230,2822,9220,8075,9972,956
2230,2822,9220,4144,8987,8136
2230,2822,9220,215,1113,8359
2230,2822,9220,7744,6322,5105
2230,2822,9220,1688,6959,2983
2230,2822,9220,9220,9158,1458
2230,2822,9220,6027,3941,4198
2230,2822,9220,8223,9501,6601
2230,2822,9220,2539,9209,7866
2230,2822,9220,9256,259,3526
2230,2822,9220,3202,8418,9318
2230,2822,9220,6918,5212,6043
2230,2822,9220,3083,4531,7139
2230,2822,9220,7303,6493,1937
2230,2822,9220,5742,2343,8051
2230,2822,9220,1358,9913,4479
2230,2822,9220,8436,4088,4299
2230,2822,9220,2047,9325,4077
2230,2822,9220,4549,4523,5715
2230,2822,9220,1966,9101,9838
2230,2822,9220,7374,4202,7276
2230,2822,9220,3665,675,7786
2230,2822,9220,2524,10000,8960
2230,2822,9220,5263,1064,2649
2230,2822,9220,3417,770,3133
2230,2822,9220,2826,9562,1690
2230,2822,9220,9876,2703,1742
2230,2822,9220,888,330,3784
2230,2822,9220,167,814,8850
2230,2822,9220,5159,341,4961
2230,2822,9220,1710,2716,76
2230,2822,9220,3433,4534,4935
2230,2822,9220,9105,7772,3505
2230,2822,9220,2308,4192,6056
2230,2822,9220,7208,5916,8492
2230,2822,9220,6353,7289,3754
2230,2822,9220,9867,7119,214
2230,2822,9220,5616,7879,4780
2230,2822,9220,3973,1167,8699
2230,2822,9220,3230,8392,5799
2230,2822,9220,6869,6605,5868
2230,2822,9220,7183,5212,8536
2230,2822,9220,5920,8911,434
2230,2822,9220,2244,7393,9661
2230,2822,9220,5966,9009,1288
2230,2822,9220,8935,9908,1793
2230,2822,9220,2787,8726,5828
2230,2822,9220,2342,790,8825
2230,2822,9220,9053,7663,6847
2230,2822,9220,9800,2441,8483
2230,2822,9220,5208,1964,3892
2230,2822,9220,8314,1078,939
2230,2822,9220,660,7239,9916
2230,2822,9220,3522,608,9527
2230,2822,9220,5908,1919,6057
2230,2822,9220,6972,5709,8891
2230,2822,9220,2709,1007,2353
2230,2822,9220,9535,3643,6200
2230,2822,9220,4801,3265,4148
2230,2822,9220,7226,5650,5827
2230,2822,9220,4128,7100,8063
2230,2822,9220,9901,2657,962
2230,2822,9220,9348,7770,6858
2230,2822,9220,5245,8932,5596
2230,2822,9220,8512,3436,9519
2230,2822,9220,6055,7319,8585
2230,2822,9220,6900,6840,8113
2230,2822,9220,4886,4049,3587
2230,2822,9220,7317,6670,3683
2230,2822,9220,2434,521,6140
2230,2822,9220,2432,4540,3132
2230,2822,9220,3463,8592,663
2230,2822,9220,7349,1403,6879
2230,2822,9220,6681,1634,5264
2230,2822,9220,7323,2893,1828
2230,2822,9220,4664,7602,3839
2230,2822,9220,5138,9720,6414
2230,2822,9220,4462,2589,9084
2230,2822,9220,8536,3533,6619
2230,2822,9220,5931,8999,2006
2230,2822,9220,2036,1644,7579
2230,2822,9220,8869,6353,8347
2230,2822,9220,2451,3993,5911
2230,2822,9220,4603,4440,5903
2230,2822,9220,9898,7660,9779
2230,2822,9220,6848,5865,3788
2230,2822,9220,5321,8547,3131
2230,2822,9220,8828,5354,9495
2230,2822,9220,9824,6817,1663
2230,2822,9220,3306,7103,2903
2230,2822,9220,8410,7980,6414
2230,2822,9220,1037,2721,5203
2230,2822,9220,9497,5249,1304
2230,2822,9220,4851,4489,1246
2230,2822,9220,1078,2172,2604
2230,2822,9220,404,9183,7813
2230,2822,9220,6182,2042,94
2230,2822,9220,2967,6467,1933
2230,2822,9220,4695,9411,9781
2230,2822,9220,35,953,7756
2230,2822,9220,5284,8010,2658
2230,2822,9220,9371,4797,8351
2230,2822,9220,1251,4520,2423
2230,2822,9220,938,5513,5153
2230,2822,9220,5637,3402,2488
2230,2822,9220,3499,4607,7115
2230,2822,9220,1616,8278,9881
2230,2822,9220,1853,5857,7789
2230,2822,9220,3246,7209,5712
2230,2822,9220,5926,2514,5605
2230,2822,9220,8199,836,8054
2230,2822,9220,6778,7215,3447
2230,2822,9220,630,6144,6305
2230,2822,9220,8654,2729,9002
2230,2822,9220,6580,2766,1517
2230,2822,9220,3209,3792,9381
2230,2822,9220,4242,4693,8378
2230,2822,9220,4569,3145,8079
2230,2822,9220,5539,5617,8903
2230,2822,9220,9488,1696,993
2230,2822,9220,9087,7703,7025
2230,2822,9220,8474,4008,7534
2230,2822,9220,4645,6102,6933
2230,2822,9220,3863,2046,7573
2230,2822,9220,2026,556,2450
2230,2822,9220,4619,9505,1780
2230,2822,9220,1300,9104,9335
2230,2822,9220,3366,1912,837
2230,2822,9220,2545,6860,5157
2230,2822,9220,8594,6503,8094
2230,2822,9220,8981,9305,8592
2230,2822,9220,9543,8239,8903
2230,2822,9220,3319,7158,8121
2230,2822,9220,2315,5632,1338
2230,2822,9220,3199,435,1826
2230,2822,9220,1485,5818,3553
2230,2822,9220,7377,8186,5447
2230,2822,9220,8569,3083,9559
2230,2822,9220,2282,9075,724
2230,2822,9220,8693,6915,7626
2230,2822,9220,3303,5190,8976
2230,2822,9220,125,6325,238
2230,2822,9220,6030,8767,5224
2230,2822,9220,623,3770,1468
2230,2822,9220,9603,7755,3861
2230,2822,9220,3316,3201,6842
2230,2822,9220,8800,1730,8468
2230,2822,9220,511,7010,8445
2230,2822,9220,6071,377,6178
2230,2822,9220,3082,9087,3438
2230,2822,9220,8226,4643,2128
2230,2822,9220,9605,9501,3197
2230,2822,9220,2948,4519,5772
2230,2822,9220,8852,4041,1059
2230,2822,9220,7424,7638,5394
2230,2822,9220,6843,6722,4259
2230,2822,9220,3601,5014,2772
2230,2822,9220,5344,6697,3771
2230,2822,9220,5891,9766,9234
2230,2822,9220,361,2155,41
2230,2822,9220,3790,9552,6805
2230,2822,9220,6742,6848,9803
2230,2822,9220,2821,4246,5585
2230,2822,9220,523,2676,9093
2230,2822,9220,9285,6831,6664
2230,2822,9220,1217,6797,3227
2230,2822,9220,8819,94,9892
2230,2822,9220,2579,7833,2639
2230,2822,9220,5875,6651,718
2230,2822,9220,4380,8,1487
2230,2822,9220,2733,2019,6291
2230,2822,9220,8474,1387,5820
2230,2822,9220,8070,6943,2979
2230,2822,9220,5358,7757,5351
2230,2822,9220,681,5384,6753
2230,2822,9220,9135,7554,3069
2230,2822,9220,4498,3625,1816
2230,2822,9220,5479,7478,4320
2230,2822,9220,7402,4608,1046
2230,2822,9220,1580,9940,3636
2230,2822,9220,4545,6519,6238
2230,2822,9220,8303,4247,5708
2230,2822,9220,3122,6270,1064
2230,2822,9220,5995,8747,7409
2230,2822,9220,5861,560,3565
2230,2822,9220,6450,8025,5545
2230,2822,9220,6401,1669,9809
2230,2822,9220,9499,4993,2333
2230,2822,9220,2117,6084,2745
2230,2822,9220,4101,9787,8249
2230,2822,9220,4813,8682,8780
2230,2822,9220,3968,9823,1985
2230,2822,9220,7762,286,6911
2230,2822,9220,5222,2242,5876
2230,2822,9220,4503,5202,7718
2230,2822,9220,4335,3833,3099
2230,2822,9220,7709,6226,8628
2230,2822,9220,1115,153,3182
2230,2822,9220,1681,7188,5658
2230,2822,9220,7411,4516,3298
2230,2822,9220,3097,435,4179
2230,2822,9220,7127,8021,2654
2230,2822,9220,1160,8761,1672
2230,2822,9220,5233,2344,6240
2230,2822,9220,9530,7349,8111
2230,2822,9220,8684,6294,660
2230,2822,9220,7372,1561,3396
2230,2822,9220,1779,3761,5656
2230,2822,9220,6497,7914,5178
2230,2822,9220,3242,1230,7005
2230,2822,9220,4200,6650,3305
2230,2822,9220,8455,2996,8596
2230,2822,9220,1872,2975,1313
2230,2822,9220,8589,1015,2107
2230,2822,9220,260,8799,4240
2230,2822,9220,4832,5634,7448
2230,2822,9220,8233,2425,9106
2230,2822,9220,8132,9061,8075
2230,2822,9220,6166,6459,6829
2230,2822,9220,3492,7026,9244
2230,2822,9220,4529,2288,6409
2230,2822,9220,1587,5581,5988
2230,2822,9220,1580,1235,4136
2230,2822,9220,5628,9502,3096
2230,2822,9220,7942,4389,7539
2230,2822,9220,9353,362,7848
2230,2822,9220,2757,3187,507
2230,2822,9220,5063,3334,1424
2230,2822,9220,3328,3798,5707
2230,2822,9220,2154,4830,5562
2230,2822,9220,8001,3383,6702
2230,2822,9220,7489,3732,8534
2230,2822,9220,5675,9295,2139
2230,2822,9220,6326,798,9485
2230,2822,9220,7190,2333,8565
2230,2822,9220,2487,7810,3290
2230,2822,9220,4282,6375,4430
2230,2822,9220,8668,1881,5485
2230,2822,9220,4014,2404,2255
2230,2822,9220,657,8187,7597
2230,2822,9220,5967,4333,396
2230,2822,9220,5584,5766,1193
2230,2822,9220,8408,2709,9910
2230,2822,9220,5127,5999,1119
2230,2822,9220,8097,7706,1336
2230,2822,9220,4017,3413,8962
2230,2822,9220,4699,7685,540
2230,2822,9220,1821,9044,2784
2230,2822,9220,1701,3421,7255
2230,2822,9220,7716,4829,2001
2230,2822,9220,3548,5318,9843
2230,2822,9220,2317,857,9989
2230,2822,9220,2597,5973,5472
2230,2822,9220,5510,3832,3469
2230,2822,9220,7850,5740,3266
2230,2822,9220,5463,8324,3501
2230,2822,9220,9191,8616,4243
2230,2822,9220,9252,7232,1311
2230,2822,9220,2698,1851,7525
2230,2822,9220,1294,1891,4026
2230,2822,9220,4058,9194,5226
2230,2822,9220,2466,768,4456
2230,2822,9220,6657,3105,3569
2230,2822,9220,704,1363,3388
2230,2822,9220,6357,6538,8803
2230,2822,9220,6959,6463,6967
2230,2822,9220,577,4582,7090
2230,2822,9220,8499,7671,4180
2230,2822,9220,2850,2497,8306
2230,2822,9220,496,7133,2756
2230,2822,9220,9842,2430,7540
2230,2822,9220,5613,9127,1015
2230,2822,9220,3797,9998,4695
2230,2822,9220,5675,9914,9280
2230,2822,9220,7534,2474,9045
2230,2822,9220,2597,1869,9546
2230,2822,9220,2121,7351,4661
2230,2822,9220,8075,247,1201
2230,2822,9220,7963,4536,3838
2230,2822,9220,312,3699,6344
2230,2822,9220,166,6738,3442
2230,2822,9220,3860,3337,4097
2230,2822,9220,2973,1013,6833
2230,2822,9220,7844,9619,1285
2230,2822,9220,2381,7991,3819
2230,2822,9220,9914,5772,7414
2230,2822,9220,4882,973,6874
2230,2822,9220,3856,980,1231
2230,2822,9220,496,7494,3260
2230,2822,9220,2733,2512,4250
2230,2822,9220,3195,6750,7671
2230,2822,9220,1532,9338,4279
2230,2822,9220,2376,3870,3907
2230,2822,9220,1406,1129,3072
2230,2822,9220,6812,8697,743
2230,2822,9220,8713,354,7717
2230,2822,9220,7240,1313,3177
2230,2822,9220,463,449,3241
2230,2822,9220,3087,8160,155
2230,2822,9220,7932,2952,7456
2230,2822,9220,4612,6794,1708
2230,2822,9220,3638,3433,3589
2230,2822,9220,7987,2535,3710
2230,2822,9220,5530,9981,4205
2230,2822,9220,8173,3182,4529
2230,2822,9220,7678,5065,7826
2230,2822,9220,5720,863,4507
2230,2822,9220,7397,3454,5985
2230,2822,9220,6362,364,5864
2230,2822,9220,4331,9077,6250
2230,2822,9220,9553,5217,5062
2230,2822,9220,5320,2312,9319
2230,2822,9220,9976,1463,8926
2230,2822,9220,2021,6308,9041
2230,2822,9220,4225,9175,2781
2230,2822,9220,5235,6565,5037
2230,2822,9220,1833,9851,3627
2230,2822,9220,6855,7943,5367
2230,2822,9220,7692,703,5278
2230,2822,9220,5430,1438,5606
2230,2822,9220,7040,7127,5408
2230,2822,9220,1201,6608,841
2230,2822,9220,7424,8239,3902
2230,2822,9220,3678,4881,6077
2230,2822,9220,1544,573,1527
2230,2822,9220,7823,1232,266
2230,2822,9220,5933,8760,761
2230,2822,9220,5455,9364,6273
2230,2822,9220,7071,1904,688
2230,2822,9220,123,5538,6732
2230,2822,9220,2897,4586,7285
2230,2822,9220,46,6557,1427
2230,2822,9220,2041,8055,6685
2230,2822,9220,5114,9432,9290
2230,2822,9220,283,6403,4377
2230,2822,9220,9122,4848,7640
2230,2822,9220,1287,3489,3997
2230,2822,9220,8813,6455,8784
2230,2822,9220,9097,4789,6913
2230,2822,9220,9103,3834,5147
2230,2822,9220,5762,9899,833
2230,2822,9220,2571,2733,8902
2230,2822,9220,5454,8228,7446
2230,2822,9220,5475,3058,3601
2230,2822,9220,196,9142,2444
2230,2822,9220,3859,4144,7639
2230,2822,9220,2874,1321,2916
2230,2822,9220,2560,1380,4198
2230,2822,9220,8605,228,3252
2230,2822,9220,9425,9829,2689
2230,2822,9220,9574,4461,292
2230,2822,9220,7243,6119,4519
2230,2822,9220,3072,934,2213
2230,2822,9220,3015,5499,9322
2230,2822,9220,7789,4585,7868
2230,2822,9220,7652,2222,7950
2230,2822,9220,8656,5034,4075
2230,2822,9220,8383,8493,1629
2230,2822,9220,1094,7454,1341
2230,2822,9220,8532,5192,5172
2230,2822,9220,6013,4779,3165
2230,2822,9220,974,264,8716
2230,2822,9220,616,5003,3429
2230,2822,9220,7883,397,1292
2230,2822,9220,871,1509,6815
2230,2822,9220,694,5011,8529
2230,2822,9220,4136,1928,7612
2230,2822,9220,7016,1895,3931
2230,2822,9220,1516,6989,1298
2230,2822,9220,3244,2203,7246
2230,2822,9220,3974,2636,9487
2230,2822,9220,3470,7010,8657
2230,2822,9220,8281,6782,1950
2230,2822,9220,2867,8529,1369
2230,2822,9220,2114,1129,2455
2230,2822,9220,7369,1720,7974
2230,2822,9220,2035,8873,3014
2230,2822,9220,4443,8244,5621
2230,2822,9220,7436,7963,494
2230,2822,9220,8499,3501,2250
2230,2822,9220,7328,8369,9964
2230,2822,9220,1431,4909,8832
2230,2822,9220,6091,3147,5777
2230,2822,9220,7219,2988,3344
2230,2822,9220,303,990,3348
2230,2822,9220,5541,3072,2875
2230,2822,9220,1071,7323,3274
2230,2822,9220,1504,9502,6787
2230,2822,9220,6251,6514,4637
2230,2822,9220,7983,3513,4483
2230,2822,9220,6087,9140,5659
2230,2822,9220,8972,206,1356
2230,2822,9220,7723,7112,3527
2230,2822,9220,1963,2633,2464
2230,2822,9220,3223,7001,194
2230,2822,9220,7227,5363,9126
2230,2822,9220,8470,9147,1679
2230,2822,9220,4173,4702,5981
2230,2822,9220,251,9938,534
2230,2822,9220,6063,9418,5694
2230,2822,9220,4428,532,9757
2230,2822,9220,6920,6442,676
2230,2822,9220,3418,8253,1879
2230,2822,9220,6728,5882,3887
2230,2822,9220,1614,4409,1336
2230,2822,9220,5867,9230,7849
2230,2822,9220,7410,7525,7023
2230,2822,9220,1345,7007,2229
2230,2822,9220,1867,1865,6959
2230,2822,9220,725,7053,4020
2230,2822,9220,254,2694,1127
2230,2822,9220,1782,6131,5367
2230,2822,9220,6816,3505,132
2230,2822,9220,877,4137,4634
2230,2822,9220,6997,9020,8593
2230,2822,9220,3279,8581,7462
2230,2822,9220,628,9134,8752
2230,2822,9220,4666,1966,3493
2230,2822,9220,6598,6834,829
2230,2822,9220,959,6562,3176
2230,2822,9220,6464,5974,3779
2230,2822,9220,222,5414,6640
2230,2822,9220,717,6926,8080
2230,2822,9220,4441,7072,8138
2230,2822,9220,4576,3687,3161
2230,2822,9220,2624,7604,5664
2230,2822,9220,5797,608,2340
2230,2822,9220,4113,1992,9304
2230,2822,9220,1100,917,8317
