4836,9414,2252,1941,1153,2747
4836,9414,2252,6915,3139,4009
4836,9414,2252,6274,7782,5355
4836,9414,2252,8696,9274,3589
4836,9414,2252,5822,8345,7781
4836,9414,2252,2019,78,1903
4836,9414,2252,7928,3139,667
4836,9414,2252,7496,9333,7627
4836,9414,2252,9460,8416,1400
4836,9414,2252,6329,5886,4330
4836,9414,2252,432,1935,5757
4836,9414,2252,1785,3319,2892
4836,9414,2252,9150,279,7965
4836,9414,2252,4090,7631,5242
4836,9414,2252,9157,108,9068
4836,9414,2252,4812,6634,5571
4836,9414,2252,5848,5181,1312
4836,9414,2252,8872,2493,8447
4836,9414,2252,8110,4562,366
4836,9414,2252,7525,682,7524
4836,9414,2252,5295,209,6739
4836,9414,2252,6737,2953,476
4836,9414,2252,6076,670,3753
4836,9414,2252,6110,3583,625
4836,9414,2252,4640,9427,7675
4836,9414,2252,8353,6493,6751
4836,9414,2252,1458,9708,9436
4836,9414,2252,7811,4255,5146
4836,9414,2252,2372,9820,8307
4836,9414,2252,7591,5399,6872
4836,9414,2252,4869,3057,8245
4836,9414,2252,8190,6534,2296
4836,9414,2252,9998,4045,9183
4836,9414,2252,3060,4986,3909
4836,9414,2252,762,2041,7986
4836,9414,2252,8181,8467,3348
4836,9414,2252,2798,4352,448
4836,9414,2252,9861,957,8281
4836,9414,2252,4681,5459,8556
4836,9414,2252,7488,751,7419
4836,9414,2252,2486,6484,4326
4836,9414,2252,4257,2087,3966
4836,9414,2252,4024,6670,7932
4836,9414,2252,8137,4525,1119
4836,9414,2252,2161,3446,9309
4836,9414,2252,3468,3926,6198
4836,9414,2252,5579,957,1476
4836,9414,2252,9097,5823,9137
4836,9414,2252,1875,8881,7828
4836,9414,2252,2473,4478,8942
4836,9414,2252,4912,210,4868
4836,9414,2252,1914,4933,1993
4836,9414,2252,2456,2017,651
4836,9414,2252,5298,8786,4415
4836,9414,2252,4682,2774,8550
4836,9414,2252,5449,9158,5436
4836,9414,2252,3393,1323,9002
4836,9414,2252,2211,3280,4146
4836,9414,2252,6039,5429,4521
4836,9414,2252,4785,4341,2358
4836,9414,2252,8547,3378,9505
4836,9414,2252,1346,5318,581
4836,9414,2252,6577,7788,7785
4836,9414,2252,6652,5804,4284
4836,9414,2252,204,4476,8753
4836,9414,2252,9047,282,8678
4836,9414,2252,8863,3504,5656
4836,9414,2252,2619,6440,5709
4836,9414,2252,157,2503,8070
4836,9414,2252,1062,3528,615
4836,9414,2252,140,9061,8176
4836,9414,2252,6816,5181,8457
4836,9414,2252,7224,5270,4817
4836,9414,2252,5051,7116,4818
4836,9414,2252,6209,5020,2
4836,9414,2252,4429,7966,1746
4836,9414,2252,2121,1971,9870
4836,9414,2252,1659,7740,6055
4836,9414,2252,3929,9335,7565
4836,9414,2252,9560,3458,9427
4836,9414,2252,6588,8139,65
4836,9414,2252,9734,9581,3729
4836,9414,2252,6991,3015,7278
4836,9414,2252,2003,6463,5279
4836,9414,2252,5375,4847,9255
4836,9414,2252,2236,802,8648
4836,9414,2252,5040,931,4049
4836,9414,2252,5169,533,4242
4836,9414,2252,3459,1509,7001
4836,9414,2252,6806,9010,4781
4836,9414,2252,9829,330,7122
4836,9414,2252,5755,40,3618
4836,9414,2252,1804,5068,8130
4836,9414,2252,6314,5313,1547
4836,9414,2252,5380,5731,1348
4836,9414,2252,9407,1463,167
4836,9414,2252,3812,3904,7634
4836,9414,2252,8149,1501,9325
4836,9414,2252,4547,3504,6848
4836,9414,2252,3372,5293,7555
4836,9414,2252,835,728,9396
4836,9414,2252,1557,6559,9421
4836,9414,2252,1947,1003,5131
4836,9414,2252,9290,9945,2119
4836,9414,2252,9777,6360,843
4836,9414,2252,8261,186,4098
4836,9414,2252,7665,3216,2392
4836,9414,2252,4028,9865,2965
4836,9414,2252,5041,3919,2350
4836,9414,2252,8148,8720,8
4836,9414,2252,7713,7430,5219
4836,9414,2252,4742,6484,9132
4836,9414,2252,1481,5066,5657
4836,9414,2252,9964,1876,1917
4836,9414,2252,7536,6961,1712
4836,9414,2252,5786,7200,3446
4836,9414,2252,6447,7028,6689
4836,9414,2252,416,8298,4963
4836,9414,2252,7140,3122,726
4836,9414,2252,5240,4015,1805
4836,9414,2252,6258,59,6432
4836,9414,2252,1636,4190,4724
4836,9414,2252,8493,268,2817
4836,9414,2252,286,9725,3160
4836,9414,2252,191,3803,4064
4836,9414,2252,9250,6544,2089
4836,9414,2252,8510,4493,4609
4836,9414,2252,7548,9620,6269
4836,9414,2252,3385,2214,3064
4836,9414,2252,5536,6116,3125
4836,9414,2252,4803,4660,1429
4836,9414,2252,7897,3896,2534
4836,9414,2252,9708,9455,4807
4836,9414,2252,5325,3148,1058
4836,9414,2252,1125,5959,1319
4836,9414,2252,4679,1738,3866
4836,9414,2252,8676,404,985
4836,9414,2252,766,7191,8919
4836,9414,2252,3493,265,8021
4836,9414,2252,5735,8883,9844
4836,9414,2252,2929,4270,4369
4836,9414,2252,7459,7023,5622
4836,9414,2252,7290,8884,6129
4836,9414,2252,5738,2681,3218
4836,9414,2252,6055,8523,416
4836,9414,2252,4320,8001,1885
4836,9414,2252,4734,4519,2037
4836,9414,2252,4937,3651,8141
4836,9414,2252,6800,7191,5699
4836,9414,2252,3580,4173,9375
4836,9414,2252,1472,628,9668
4836,9414,2252,2815,6,6213
4836,9414,2252,9065,5300,615
4836,9414,2252,1022,2767,1959
4836,9414,2252,6449,3687,6026
4836,9414,2252,1074,7299,757
4836,9414,2252,352,2231,8803
4836,9414,2252,9106,8542,2602
4836,9414,2252,2754,9762,5793
4836,9414,2252,8332,1068,4444
4836,9414,2252,4119,4234,7389
4836,9414,2252,3569,8437,4269
4836,9414,2252,7845,1745,7947
4836,9414,2252,475,7765,7493
4836,9414,2252,6960,9546,5882
4836,9414,2252,9001,6597,840
4836,9414,2252,9957,9298,7512
4836,9414,2252,1184,8496,8824
4836,9414,2252,8460,3982,5203
4836,9414,2252,8251,6628,6961
4836,9414,2252,7813,8819,1387
4836,9414,2252,9028,1943,9688
4836,9414,2252,8792,1022,3492
4836,9414,2252,2866,8371,8417
4836,9414,2252,461,839,470
4836,9414,2252,5438,5708,3008
4836,9414,2252,1776,7620,6451
4836,9414,2252,5754,1348,8734
4836,9414,2252,6466,3236,1665
4836,9414,2252,1449,1144,1541
4836,9414,2252,4148,7933,3990
4836,9414,2252,3783,5165,9754
4836,9414,2252,1093,9486,5486
4836,9414,2252,6877,7681,4974
4836,9414,2252,9083,3021,2091
4836,9414,2252,3779,5034,315
4836,9414,2252,9963,2076,5427
4836,9414,2252,738,9602,8381
4836,9414,2252,4574,4720,8231
4836,9414,2252,8004,4314,569
4836,9414,2252,1542,1235,4236
4836,9414,2252,9532,4680,825
4836,9414,2252,8303,4210,7287
4836,9414,2252,3032,8927,727
4836,9414,2252,5382,636,2222
4836,9414,2252,8444,1803,2374
4836,9414,2252,9367,4308,9652
4836,9414,2252,9351,2843,4841
4836,9414,2252,1765,9525,7693
4836,9414,2252,1640,3622,3469
4836,9414,2252,5608,4070,1374
4836,9414,2252,5978,4399,9519
4836,9414,2252,3224,9686,2808
4836,9414,2252,3658,4590,9654
4836,9414,2252,1701,9540,1292
4836,9414,2252,6952,9507,1223
4836,9414,2252,5568,1750,6398
4836,9414,2252,9531,2815,4638
4836,9414,2252,4895,2517,9865
4836,9414,2252,4126,6023,9660
4836,9414,2252,1246,8562,6961
4836,9414,2252,7720,9977,7044
4836,9414,2252,6128,4940,6696
4836,9414,2252,6418,8159,7964
4836,9414,2252,4830,3554,4560
4836,9414,2252,3726,6638,3821
4836,9414,2252,190,8533,3195
4836,9414,2252,5566,2748,400
4836,9414,2252,340,5744,6236
4836,9414,2252,6550,4343,1376
4836,9414,2252,3113,954,2866
4836,9414,2252,453,5368,426
4836,9414,2252,5938,7874,7016
4836,9414,2252,5872,6226,6616
4836,9414,2252,9250,2787,9193
4836,9414,2252,6114,3878,8289
4836,9414,2252,7442,4395,6646
4836,9414,2252,614,9871,1273
4836,9414,2252,6574,8334,2013
4836,9414,2252,7876,2046,1155
4836,9414,2252,2469,7833,3160
4836,9414,2252,3039,7847,609
4836,9414,2252,1028,6760,217
4836,9414,2252,8264,9271,8609
4836,9414,2252,1556,8251,6873
4836,9414,2252,5354,8976,4900
4836,9414,2252,3169,8797,2544
4836,9414,2252,6712,9861,1489
4836,9414,2252,5006,2368,1967
4836,9414,2252,4209,486,6374
4836,9414,2252,5325,7163,390
4836,9414,2252,1533,6864,8176
4836,9414,2252,2918,4148,7029
4836,9414,2252,7491,4100,61
4836,9414,2252,3370,6025,6430
4836,9414,2252,5348,8421,3630
4836,9414,2252,2879,3662,394
4836,9414,2252,4227,9264,5866
4836,9414,2252,3619,6015,1008
4836,9414,2252,6710,6039,1994
4836,9414,2252,5191,7510,5943
4836,9414,2252,9706,898,4034
4836,9414,2252,5705,8244,2796
4836,9414,2252,5881,4349,1194
4836,9414,2252,484,6439,5959
4836,9414,2252,3066,64,5603
4836,9414,2252,9451,6257,988
4836,9414,2252,3947,3941,28
4836,9414,2252,4493,2537,2935
4836,9414,2252,2266,8289,9397
4836,9414,2252,2842,4442,2301
4836,9414,2252,5054,8089,2024
4836,9414,2252,8079,1301,7802
4836,9414,2252,9228,9931,8295
4836,9414,2252,8929,2801,290
4836,9414,2252,7267,8282,5886
4836,9414,2252,4869,5596,6845
4836,9414,2252,8033,8839,1722
4836,9414,2252,7616,9405,5893
4836,9414,2252,3645,4391,4005
4836,9414,2252,1257,1703,2936
4836,9414,2252,3474,319,5991
4836,9414,2252,9771,7159,332
4836,9414,2252,354,5415,9786
4836,9414,2252,2663,1900,7596
4836,9414,2252,8878,4366,7786
4836,9414,2252,9145,2874,5134
4836,9414,2252,8864,3919,765
4836,9414,2252,321,9137,9707
4836,9414,2252,9157,6850,7480
4836,9414,2252,2097,7971,4103
4836,9414,2252,253,6835,9124
4836,9414,2252,58,8482,7971
4836,9414,2252,6050,6247,6932
4836,9414,2252,5116,6493,4674
4836,9414,2252,6440,59,5259
4836,9414,2252,1587,2590,3813
4836,9414,2252,9334,9516,5886
4836,9414,2252,9274,6145,6354
4836,9414,2252,8061,1364,9126
4836,9414,2252,7800,5284,5575
4836,9414,2252,4496,9411,5508
4836,9414,2252,7335,8830,9466
4836,9414,2252,3574,8306,8
4836,9414,2252,5611,9985,9894
4836,9414,2252,1798,9598,8781
4836,9414,2252,7916,7100,300
4836,9414,2252,9373,1751,2968
4836,9414,2252,8816,3696,45
4836,9414,2252,8591,8870,9560
4836,9414,2252,3349,8647,7511
4836,9414,2252,6234,6180,4814
4836,9414,2252,6852,8313,8679
4836,9414,2252,8537,6352,1324
4836,9414,2252,7382,7427,8669
4836,9414,2252,5032,2260,5128
4836,9414,2252,8012,6268,7558
4836,9414,2252,8826,277,5832
4836,9414,2252,2747,1936,6756
4836,9414,2252,9566,4009,4437
4836,9414,2252,568,4336,2105
4836,9414,2252,4445,2874,6702
4836,9414,2252,1443,7663,2572
4836,9414,2252,84,3008,1997
4836,9414,2252,4608,9581,3405
4836,9414,2252,260,6997,1108
4836,9414,2252,6357,7282,5279
4836,9414,2252,1086,3030,3545
4836,9414,2252,8294,1736,2948
4836,9414,2252,2356,83,1065
4836,9414,2252,968,6772,4599
4836,9414,2252,5600,6359,9565
4836,9414,2252,1393,1563,1191
4836,9414,2252,7977,3745,5665
4836,9414,2252,934,782,1561
4836,9414,2252,6100,4384,3955
4836,9414,2252,2901,890,8898
4836,9414,2252,6320,384,75
4836,9414,2252,3095,3171,8255
4836,9414,2252,5514,2533,5424
4836,9414,2252,6562,3449,7318
4836,9414,2252,4179,1068,740
4836,9414,2252,881,5411,8377
4836,9414,2252,3593,5878,1345
4836,9414,2252,6555,1964,3989
4836,9414,2252,4663,178,5491
4836,9414,2252,3488,3621,1520
4836,9414,2252,890,8819,3500
4836,9414,2252,9162,8006,399
4836,9414,2252,5835,6309,7082
4836,9414,2252,5448,4769,5240
4836,9414,2252,1253,6369,12
4836,9414,2252,4574,29,7550
4836,9414,2252,6677,6820,3247
4836,9414,2252,5636,9778,7988
4836,9414,2252,1442,5795,7018
4836,9414,2252,5657,1641,1728
4836,9414,2252,9053,5772,2954
4836,9414,2252,1457,7768,9594
4836,9414,2252,9252,5915,1842
4836,9414,2252,9432,2746,4299
4836,9414,2252,4795,5975,9373
4836,9414,2252,3209,5003,6110
4836,9414,2252,8165,8952,469
4836,9414,2252,7963,4671,7226
4836,9414,2252,5386,3209,5965
4836,9414,2252,1602,8741,6857
4836,9414,2252,7424,241,3039
4836,9414,2252,2915,5833,7113
4836,9414,2252,5395,3651,4289
4836,9414,2252,9025,6943,72
4836,9414,2252,3118,9475,6816
4836,9414,2252,2317,4037,9647
4836,9414,2252,7453,890,8797
4836,9414,2252,8224,8619,3174
4836,9414,2252,5326,4925,4005
4836,9414,2252,5951,4147,5466
4836,9414,2252,5801,5359,7435
4836,9414,2252,9878,394,9641
4836,9414,2252,8848,9542,2775
4836,9414,2252,9059,2450,5828
4836,9414,2252,5205,7517,7702
4836,9414,2252,4497,6167,4428
4836,9414,2252,9743,5843,8918
4836,9414,2252,2422,5152,9268
4836,9414,2252,1722,6222,1846
4836,9414,2252,1483,8102,9599
4836,9414,2252,8279,6855,8545
4836,9414,2252,6126,5854,2567
4836,9414,2252,5962,2024,2387
4836,9414,2252,9905,3292,5433
4836,9414,2252,272,5526,283
4836,9414,2252,9615,6799,7765
4836,9414,2252,5250,7027,5004
4836,9414,2252,5557,9630,8164
4836,9414,2252,2267,4277,4224
4836,9414,2252,9599,8431,5466
4836,9414,2252,9623,9417,5517
4836,9414,2252,590,3864,9321
4836,9414,2252,866,5387,9016
4836,9414,2252,8318,8632,3097
4836,9414,2252,6268,8984,1005
4836,9414,2252,720,5228,5051
4836,9414,2252,9027,7294,2656
4836,9414,2252,8161,4342,3475
4836,9414,2252,8333,1449,4521
4836,9414,2252,573,4469,8796
4836,9414,2252,6859,1609,1841
4836,9414,2252,7633,39,6233
4836,9414,2252,9889,2059,389
4836,9414,2252,6676,2048,9045
4836,9414,2252,4216,9250,5378
4836,9414,2252,796,2668,107
4836,9414,2252,8507,5690,3698
4836,9414,2252,8598,670,8386
4836,9414,2252,7739,3994,4022
4836,9414,2252,8235,180,7979
4836,9414,2252,8231,3865,416
4836,9414,2252,2457,4955,7212
4836,9414,2252,543,9407,3838
4836,9414,2252,833,3859,7026
4836,9414,2252,7014,3179,9886
4836,9414,2252,47,4820,7993
4836,9414,2252,2935,7244,738
4836,9414,2252,1325,3703,7446
4836,9414,2252,7775,6762,2789
4836,9414,2252,1007,3456,382
4836,9414,2252,9088,3344,6930
4836,9414,2252,4614,4835,9482
4836,9414,2252,2551,7699,563
4836,9414,2252,1795,8872,5728
4836,9414,2252,7189,8797,1650
4836,9414,2252,3784,1292,2387
4836,9414,2252,1730,8188,423
4836,9414,2252,1703,3043,5092
4836,9414,2252,5129,2811,3849
4836,9414,2252,197,2451,6700
4836,9414,2252,8918,8888,6277
4836,9414,2252,4538,9619,2008
4836,9414,2252,5302,6281,7225
4836,9414,2252,8388,3645,6313
4836,9414,2252,6255,5309,265
4836,9414,2252,2938,3267,2182
4836,9414,2252,8661,1161,3897
4836,9414,2252,4157,4967,5227
4836,9414,2252,3136,2352,4144
4836,9414,2252,6857,9293,9894
4836,9414,2252,1193,9479,9091
4836,9414,2252,1775,8443,1584
4836,9414,2252,3963,9682,1850
4836,9414,2252,755,7636,5998
4836,9414,2252,8605,1726,1128
4836,9414,2252,3603,356,9743
4836,9414,2252,4752,3447,8672
4836,9414,2252,756,2634,4469
4836,9414,2252,4283,561,2760
4836,9414,2252,751,7381,4815
4836,9414,2252,3604,6539,8301
4836,9414,2252,4143,2054,3013
4836,9414,2252,3395,501,5312
4836,9414,2252,7343,528,1232
4836,9414,2252,8748,6159,3151
4836,9414,2252,1966,9282,2840
4836,9414,2252,6676,2586,3446
4836,9414,2252,726,3344,3225
4836,9414,2252,3418,5693,8560
4836,9414,2252,1464,2865,2166
4836,9414,2252,9291,4358,6806
4836,9414,2252,4764,159,4149
4836,9414,2252,1102,7960,3446
4836,9414,2252,1060,9375,7806
4836,9414,2252,6480,4804,5665
4836,9414,2252,9398,4378,8907
4836,9414,2252,9389,3193,8423
4836,9414,2252,8841,9297,3037
4836,9414,2252,7610,3013,9224
4836,9414,2252,3013,1426,1088
4836,9414,2252,5806,4453,7899
4836,9414,2252,546,2193,5549
4836,9414,2252,4033,5603,8944
4836,9414,2252,8257,3642,9388
4836,9414,2252,2971,7794,7119
4836,9414,2252,2060,2013,3382
4836,9414,2252,4085,910,3023
4836,9414,2252,7987,1031,2689
4836,9414,2252,4504,6210,1438
4836,9414,2252,7290,543,8608
4836,9414,2252,999,9664,8520
4836,9414,2252,4015,1557,7815
4836,9414,2252,6825,2997,9429
4836,9414,2252,7376,3069,3758
4836,9414,2252,6384,4491,9487
4836,9414,2252,208,3975,9434
4836,9414,2252,4092,8305,7725
4836,9414,2252,9455,8263,3745
4836,9414,2252,4521,7270,3517
4836,9414,2252,1915,9872,2824
4836,9414,2252,2727,2257,3013
4836,9414,2252,3501,8411,7081
4836,9414,2252,4379,9705,9807
4836,9414,2252,7207,4776,2957
4836,9414,2252,8423,5258,3340
4836,9414,2252,4251,4546,1535
4836,9414,2252,4635,9307,3866
4836,9414,2252,4194,7110,8289
4836,9414,2252,8329,5714,5741
4836,9414,2252,101,224,3062
4836,9414,2252,6517,8467,8615
4836,9414,2252,7254,3717,2222
4836,9414,2252,9930,442,9152
4836,9414,2252,4831,482,5804
4836,9414,2252,49,6552,448
4836,9414,2252,1036,7770,1788
4836,9414,2252,4233,3953,7671
4836,9414,2252,8517,3423,1378
4836,9414,2252,8903,2526,4111
4836,9414,2252,4974,1640,7537
4836,9414,2252,8721,823,7911
4836,9414,2252,6341,950,5026
4836,9414,2252,9761,9756,9825
