1900,4357,989,6743,8770,8216
1900,4357,989,3719,7416,2602
1900,4357,989,4579,4518,5773
1900,4357,989,3995,3708,8081
1900,4357,989,7471,5510,9595
1900,4357,989,4737,1030,665
1900,4357,989,9914,4480,9507
1900,4357,989,3527,5134,4771
1900,4357,989,44,286,2093
1900,4357,989,7054,7148,4047
1900,4357,989,2978,309,7156
1900,4357,989,4948,9964,4997
1900,4357,989,8241,4385,6740
1900,4357,989,4440,5713,7932
1900,4357,989,4914,2635,9988
1900,4357,989,636,5580,9948
1900,4357,989,1355,8867,1961
1900,4357,989,3168,9263,5575
1900,4357,989,4625,873,5233
1900,4357,989,6835,1645,7792
1900,4357,989,4824,6585,8224
1900,4357,989,7578,470,4987
1900,4357,989,9602,602,7766
1900,4357,989,7285,5238,5160
1900,4357,989,2382,3674,9318
1900,4357,989,9001,5311,9305
1900,4357,989,4057,3843,5913
1900,4357,989,5364,8478,8982
1900,4357,989,8757,5144,2557
1900,4357,989,7395,3445,4379
1900,4357,989,6898,7828,252
1900,4357,989,7037,2321,952
1900,4357,989,7746,3260,3574
1900,4357,989,701,798,7747
1900,4357,989,5550,3476,279
1900,4357,989,1564,4280,2334
1900,4357,989,1127,1021,2678
1900,4357,989,515,1579,4483
1900,4357,989,8178,5237,2487
1900,4357,989,6106,544,582
1900,4357,989,6221,7312,6306
1900,4357,989,2134,8565,9192
1900,4357,989,8813,8839,3592
1900,4357,989,7934,7392,1037
1900,4357,989,4553,1752,3225
1900,4357,989,8951,4769,9236
1900,4357,989,8325,2055,1070
1900,4357,989,1000,9671,5044
1900,4357,989,1596,3197,7245
1900,4357,989,7002,8852,5231
1900,4357,989,2773,3717,208
1900,4357,989,2799,2786,826
1900,4357,989,8696,5155,9824
1900,4357,989,4978,56,5474
1900,4357,989,2997,5920,4042
1900,4357,989,791,73,4300
1900,4357,989,4369,3074,2444
1900,4357,989,9004,5593,1406
1900,4357,989,2097,8068,6560
1900,4357,989,8000,3972,4289
1900,4357,989,8796,9449,8545
1900,4357,989,6306,1179,137
1900,4357,989,2751,2211,7039
1900,4357,989,7708,8688,448
1900,4357,989,7776,4470,4053
1900,4357,989,1615,2750,96
1900,4357,989,7502,4955,6616
1900,4357,989,59,4559,7012
1900,4357,989,3346,8357,236
1900,4357,989,1960,3929,6445
1900,4357,989,3161,2096,8072
1900,4357,989,7475,8116,9674
1900,4357,989,3170,2316,6617
1900,4357,989,9628,1793,270
1900,4357,989,2187,9104,6928
1900,4357,989,1848,3315,1648
1900,4357,989,1698,7384,7933
1900,4357,989,1742,1116,609
1900,4357,989,5610,9608,2655
1900,4357,989,6393,5076,8175
1900,4357,989,3774,2625,3072
1900,4357,989,7137,1565,4004
1900,4357,989,3064,5855,8012
1900,4357,989,7983,8456,7415
1900,4357,989,5718,484,1187
1900,4357,989,4349,551,1923
1900,4357,989,7921,5737,4280
1900,4357,989,9541,1223,4608
1900,4357,989,498,9647,3696
1900,4357,989,3575,9986,5481
1900,4357,989,9763,8041,5995
1900,4357,989,8125,6447,3573
1900,4357,989,3097,9652,5068
1900,4357,989,7496,5889,4240
1900,4357,989,9272,9599,7701
1900,4357,989,8948,8725,9350
1900,4357,989,5799,5982,2453
1900,4357,989,3091,6252,8452
1900,4357,989,2692,8385,9912
1900,4357,989,827,8485,3827
1900,4357,989,7412,96,1725
1900,4357,989,2864,9748,6400
1900,4357,989,1917,3276,4066
1900,4357,989,5900,3808,6734
1900,4357,989,1464,4456,6193
1900,4357,989,9859,3814,496
1900,4357,989,1090,8872,8642
1900,4357,989,3040,3149,9341
1900,4357,989,1794,2608,3689
1900,4357,989,9885,908,5466
1900,4357,989,4733,7873,7093
1900,4357,989,2688,4719,3971
1900,4357,989,8668,4496,1939
1900,4357,989,5884,4321,8740
1900,4357,989,6814,5883,3979
1900,4357,989,3674,9598,4217
1900,4357,989,3668,2007,2850
1900,4357,989,739,810,7892
1900,4357,989,9891,7535,6585
1900,4357,989,8161,5942,9985
1900,4357,989,3868,2753,6383
1900,4357,989,1310,2580,6000
1900,4357,989,965,8797,4765
1900,4357,989,2526,830,9360
1900,4357,989,800,9771,1378
1900,4357,989,9541,768,6578
1900,4357,989,6448,7164,6529
1900,4357,989,1370,3778,5976
1900,4357,989,3435,7391,1492
1900,4357,989,1988,9396,839
1900,4357,989,888,4095,4805
1900,4357,989,3297,1634,6155
1900,4357,989,9296,7907,9198
1900,4357,989,6925,6248,7523
1900,4357,989,2556,3582,7031
1900,4357,989,9229,1942,6335
1900,4357,989,1508,3063,4503
1900,4357,989,2948,1372,8382
1900,4357,989,5403,2872,1050
1900,4357,989,8049,9067,515
1900,4357,989,8539,8699,4944
1900,4357,989,8405,3162,8574
1900,4357,989,5636,5075,7526
1900,4357,989,2363,1710,813
1900,4357,989,3737,6926,280
1900,4357,989,3067,9600,6471
1900,4357,989,2000,3982,1277
1900,4357,989,5574,6273,22
1900,4357,989,3461,8472,4874
1900,4357,989,7589,931,4309
1900,4357,989,6711,2736,872
1900,4357,989,4652,2990,197
1900,4357,989,8021,8009,7112
1900,4357,989,52,3213,2082
1900,4357,989,5950,2429,8244
1900,4357,989,2128,5096,5172
1900,4357,989,8734,5921,1175
1900,4357,989,6702,6792,5913
1900,4357,989,7366,2022,550
1900,4357,989,5605,6276,5159
1900,4357,989,6034,1382,554
1900,4357,989,7072,9463,4143
1900,4357,989,3488,3943,1272
1900,4357,989,1962,8284,5373
1900,4357,989,4802,6245,2950
1900,4357,989,9974,5378,6263
1900,4357,989,8959,7431,6632
1900,4357,989,8021,62,3210
1900,4357,989,2249,1659,1849
1900,4357,989,8362,3160,469
1900,4357,989,8184,541,307
1900,4357,989,907,4055,8915
1900,4357,989,9199,8288,9356
1900,4357,989,9296,6747,5888
1900,4357,989,4416,7981,7864
1900,4357,989,1809,6004,9148
1900,4357,989,8095,1756,3561
1900,4357,989,370,1563,6712
1900,4357,989,7293,4133,6483
1900,4357,989,3426,3665,1375
1900,4357,989,2319,5678,9752
1900,4357,989,7932,1652,387
1900,4357,989,5687,3458,6470
1900,4357,989,1865,9690,9199
1900,4357,989,8470,2252,6656
1900,4357,989,5402,7952,4747
1900,4357,989,8319,479,6449
1900,4357,989,6727,8814,7009
1900,4357,989,9434,5468,6226
1900,4357,989,3220,5104,3600
1900,4357,989,1515,5522,7069
1900,4357,989,3811,874,9818
1900,4357,989,9693,562,9131
1900,4357,989,9702,9230,8447
1900,4357,989,2642,6645,5164
1900,4357,989,6360,2046,3774
1900,4357,989,146,4587,4159
1900,4357,989,1979,5104,78
1900,4357,989,5100,7048,9747
1900,4357,989,9848,5242,9857
1900,4357,989,439,6207,8454
1900,4357,989,682,2665,7079
1900,4357,989,7361,8910,9031
1900,4357,989,7910,9591,9617
1900,4357,989,7607,8702,4537
1900,4357,989,4783,4673,9377
1900,4357,989,2525,2864,7909
1900,4357,989,5651,342,5702
1900,4357,989,3241,7592,2989
1900,4357,989,9909,9616,6141
1900,4357,989,4130,3797,5667
1900,4357,989,5807,4149,3204
1900,4357,989,700,9823,3714
1900,4357,989,5500,9192,9707
1900,4357,989,9681,9360,9501
1900,4357,989,9376,9354,2451
1900,4357,989,9228,5533,6772
1900,4357,989,394,7553,4833
1900,4357,989,1994,1008,3303
1900,4357,989,8865,9950,2162
1900,4357,989,5107,2241,840
1900,4357,989,4136,6746,5363
1900,4357,989,5087,6439,4536
1900,4357,989,4794,9834,922
1900,4357,989,4938,389,9270
1900,4357,989,1825,5649,1129
1900,4357,989,3074,8729,8476
1900,4357,989,5744,9679,4451
1900,4357,989,939,9598,7604
1900,4357,989,1435,6750,7702
1900,4357,989,7764,3023,1725
1900,4357,989,279,5412,6986
1900,4357,989,4725,4511,4215
1900,4357,989,3631,961,7960
1900,4357,989,717,6165,9759
1900,4357,989,5377,7839,6640
1900,4357,989,9390,1363,4094
1900,4357,989,185,1997,221
1900,4357,989,6036,5185,7032
1900,4357,989,4679,2130,430
1900,4357,989,792,3068,3996
1900,4357,989,9631,6832,9041
1900,4357,989,4263,3356,4273
1900,4357,989,1903,4994,297
1900,4357,989,7166,4634,1178
1900,4357,989,9312,6186,1583
1900,4357,989,7860,8553,495
1900,4357,989,4826,645,6652
1900,4357,989,6625,9163,7237
1900,4357,989,1079,8428,6552
1900,4357,989,1003,984,5386
1900,4357,989,250,8186,4994
1900,4357,989,121,3828,5189
1900,4357,989,7897,2289,8241
1900,4357,989,9215,3271,1785
1900,4357,989,897,7079,5690
1900,4357,989,7436,7548,5001
1900,4357,989,6506,767,285
1900,4357,989,2128,8312,5121
1900,4357,989,3510,3277,8036
1900,4357,989,1080,1209,3542
1900,4357,989,5204,3357,710
1900,4357,989,9940,1123,9276
1900,4357,989,3952,1053,804
1900,4357,989,1378,3381,868
1900,4357,989,4926,1254,9879
1900,4357,989,494,5483,4496
1900,4357,989,9191,1499,4330
1900,4357,989,8501,3907,6376
1900,4357,989,3473,5347,2415
1900,4357,989,2372,8701,3593
1900,4357,989,9998,9702,728
1900,4357,989,5687,5886,948
1900,4357,989,5905,9061,5218
1900,4357,989,1540,8708,7214
1900,4357,989,8459,3505,9462
1900,4357,989,237,8711,2197
1900,4357,989,21,2378,8692
1900,4357,989,4220,6442,7461
1900,4357,989,3009,541,9828
1900,4357,989,6468,2150,8037
1900,4357,989,5415,9702,4950
1900,4357,989,9205,907,422
1900,4357,989,8112,8632,9763
1900,4357,989,508,5718,4384
1900,4357,989,4406,1553,8832
1900,4357,989,8743,5727,9519
1900,4357,989,7901,9430,4164
1900,4357,989,8598,9800,6952
1900,4357,989,4379,4724,5737
1900,4357,989,6042,4511,4290
1900,4357,989,8192,7012,5841
1900,4357,989,6812,7859,4280
1900,4357,989,7218,1644,4109
1900,4357,989,5851,386,796
1900,4357,989,9086,2211,9617
1900,4357,989,6995,9890,3449
1900,4357,989,9668,132,8430
1900,4357,989,2076,3050,5107
1900,4357,989,3021,7385,2644
1900,4357,989,5974,6504,4975
1900,4357,989,7371,6069,3355
1900,4357,989,3578,8686,3403
1900,4357,989,6968,1261,2985
1900,4357,989,8531,995,3623
1900,4357,989,768,2419,7218
1900,4357,989,2683,3333,900
1900,4357,989,4477,8873,2230
1900,4357,989,7407,3428,5213
1900,4357,989,1414,1399,5371
1900,4357,989,4022,788,4566
1900,4357,989,9229,7851,6265
1900,4357,989,7700,3420,404
1900,4357,989,3477,2485,5762
1900,4357,989,390,1801,6644
1900,4357,989,835,6376,6093
1900,4357,989,912,6444,5029
1900,4357,989,7015,5093,229
1900,4357,989,5984,3651,1231
1900,4357,989,8364,41,8633
1900,4357,989,7828,1587,5313
1900,4357,989,8335,3434,7993
1900,4357,989,8771,3699,8212
1900,4357,989,8811,5772,3668
1900,4357,989,692,4265,7734
1900,4357,989,4008,8517,1738
1900,4357,989,6964,8545,4804
1900,4357,989,7482,8810,8039
1900,4357,989,9612,1762,6594
1900,4357,989,4280,9196,1781
1900,4357,989,2289,8502,5469
1900,4357,989,1558,6566,5923
1900,4357,989,7244,1963,3005
1900,4357,989,6291,6355,5130
1900,4357,989,5976,2428,3134
1900,4357,989,9977,8531,5426
1900,4357,989,486,2103,3160
1900,4357,989,3420,2256,6384
1900,4357,989,6911,8113,1953
1900,4357,989,8167,9021,5030
1900,4357,989,3005,5350,3602
1900,4357,989,3372,2992,5692
1900,4357,989,1541,4708,1986
1900,4357,989,6372,5246,6938
1900,4357,989,6158,4853,861
1900,4357,989,7734,3093,3494
1900,4357,989,9704,3070,1285
1900,4357,989,4931,1442,5019
1900,4357,989,2088,5254,766
1900,4357,989,9964,7138,4280
1900,4357,989,2269,1121,1004
1900,4357,989,1210,9024,1142
1900,4357,989,8978,6500,437
1900,4357,989,9817,7279,2658
1900,4357,989,9187,9522,8595
1900,4357,989,7087,1589,8777
1900,4357,989,1804,4050,2150
1900,4357,989,8800,6869,7167
1900,4357,989,1478,7366,4730
1900,4357,989,2575,8737,1127
1900,4357,989,2179,8632,2314
1900,4357,989,2219,7211,8939
1900,4357,989,3157,5256,4477
1900,4357,989,4585,4726,4496
1900,4357,989,2278,7609,8853
1900,4357,989,7679,4385,8494
1900,4357,989,961,1675,8466
1900,4357,989,7292,8167,3190
1900,4357,989,4848,3696,5454
1900,4357,989,9033,8637,5472
1900,4357,989,3180,2790,3529
1900,4357,989,5953,6603,5571
1900,4357,989,9980,8138,261
1900,4357,989,9989,6720,7915
1900,4357,989,5435,200,1355
1900,4357,989,5190,181,8284
1900,4357,989,9953,4432,4098
1900,4357,989,8954,626,4053
1900,4357,989,1894,7337,4865
1900,4357,989,2065,8101,8472
1900,4357,989,1234,5114,981
1900,4357,989,5440,6782,3121
1900,4357,989,2325,141,4748
1900,4357,989,8783,4102,6297
1900,4357,989,8440,9804,9057
1900,4357,989,3052,9865,7382
1900,4357,989,2198,6532,998
1900,4357,989,5580,1685,179
1900,4357,989,8038,8135,3520
1900,4357,989,4880,7793,6179
1900,4357,989,6175,9138,5331
1900,4357,989,6204,318,5533
1900,4357,989,3667,4283,1527
1900,4357,989,7281,2070,2878
1900,4357,989,2815,8645,6204
1900,4357,989,3121,8000,6521
1900,4357,989,5349,8770,3826
1900,4357,989,636,7856,459
1900,4357,989,5437,9909,5521
1900,4357,989,759,322,5493
1900,4357,989,1947,1783,2943
1900,4357,989,3456,8688,6085
1900,4357,989,9808,9776,4815
1900,4357,989,4801,5393,9941
1900,4357,989,1908,8969,6765
1900,4357,989,2390,8960,2724
1900,4357,989,2183,986,9922
1900,4357,989,3393,8145,9997
1900,4357,989,6592,1286,5628
1900,4357,989,1391,3107,5899
1900,4357,989,4425,1534,9995
1900,4357,989,3095,9972,3926
1900,4357,989,425,4984,8499
1900,4357,989,8252,6298,4370
1900,4357,989,6738,4892,8898
1900,4357,989,6107,6017,3227
1900,4357,989,6371,5980,4096
1900,4357,989,2261,4562,4261
1900,4357,989,5805,6215,9742
1900,4357,989,7879,1342,7292
1900,4357,989,298,1501,7379
1900,4357,989,8615,7768,1509
1900,4357,989,7151,2781,9511
1900,4357,989,6665,2553,8694
1900,4357,989,4393,8976,9218
1900,4357,989,8390,324,657
1900,4357,989,9734,7181,6593
1900,4357,989,3659,5787,3741
1900,4357,989,4872,4333,3444
1900,4357,989,3558,6806,9206
1900,4357,989,9845,2932,2214
1900,4357,989,4808,676,1771
1900,4357,989,252,1916,5717
1900,4357,989,8497,1946,8058
1900,4357,989,8178,4998,3815
1900,4357,989,7697,3963,8077
1900,4357,989,8628,1199,3811
1900,4357,989,5913,1379,1377
1900,4357,989,8532,1270,6298
1900,4357,989,5287,2341,9819
1900,4357,989,5750,5444,1905
1900,4357,989,3317,2299,6818
1900,4357,989,2804,2819,2720
1900,4357,989,4341,2735,4663
1900,4357,989,4940,2827,7208
1900,4357,989,4432,7713,3736
1900,4357,989,3722,2357,7676
1900,4357,989,7635,723,1775
1900,4357,989,6317,2492,6594
1900,4357,989,47,1110,3417
1900,4357,989,9906,8781,1039
1900,4357,989,1986,563,3764
1900,4357,989,8784,5449,2217
1900,4357,989,9290,3624,9954
1900,4357,989,9662,1108,1639
1900,4357,989,6859,2975,2907
1900,4357,989,6820,7078,4429
1900,4357,989,3069,5438,551
1900,4357,989,3011,3281,8392
1900,4357,989,161,7973,4251
1900,4357,989,7790,5781,3857
1900,4357,989,5243,9140,6123
1900,4357,989,8285,9697,3398
1900,4357,989,2,9310,7776
1900,4357,989,2657,5927,4826
1900,4357,989,3860,5295,3666
1900,4357,989,1277,5412,4379
1900,4357,989,1356,8084,4539
1900,4357,989,9942,181,8977
1900,4357,989,7382,9469,9005
1900,4357,989,4930,4885,5699
1900,4357,989,5339,7882,3018
1900,4357,989,7317,8118,6201
1900,4357,989,5743,2754,8635
1900,4357,989,1855,5346,5968
1900,4357,989,6536,9685,877
1900,4357,989,3993,9265,541
1900,4357,989,4216,7291,4518
1900,4357,989,7887,9175,4554
1900,4357,989,5908,7700,6477
1900,4357,989,3372,3472,6893
1900,4357,989,4155,10000,5551
1900,4357,989,4279,5483,2069
1900,4357,989,3586,4186,9674
1900,4357,989,5505,1740,4051
1900,4357,989,6727,4362,7708
1900,4357,989,4691,6624,5599
1900,4357,989,9120,6806,1464
1900,4357,989,5192,4771,9579
1900,4357,989,8075,7647,7240
1900,4357,989,4901,857,1536
1900,4357,989,6894,4518,8873
1900,4357,989,786,8291,2981
1900,4357,989,2053,7615,3797
1900,4357,989,4087,2111,7285
1900,4357,989,8351,5502,1710
1900,4357,989,2207,2419,3542
1900,4357,989,4572,328,2697
1900,4357,989,1721,8444,3294
1900,4357,989,3854,8559,3073
1900,4357,989,5099,3459,6253
1900,4357,989,8620,7936,8613
1900,4357,989,9361,3897,2166
1900,4357,989,4442,2682,4267
1900,4357,989,4007,3754,7037
1900,4357,989,3257,3869,590
1900,4357,989,8419,2657,7955
1900,4357,989,8178,1059,706
1900,4357,989,4610,8435,4777
1900,4357,989,4639,6702,9911
