3663,6787,4296,755,7636,5998
3663,6787,4296,8605,1726,1128
3663,6787,4296,3603,356,9743
3663,6787,4296,4752,3447,8672
3663,6787,4296,756,2634,4469
3663,6787,4296,4283,561,2760
3663,6787,4296,751,7381,4815
3663,6787,4296,3604,6539,8301
3663,6787,4296,4143,2054,3013
3663,6787,4296,3395,501,5312
3663,6787,4296,7343,528,1232
3663,6787,4296,8748,6159,3151
3663,6787,4296,1966,9282,2840
3663,6787,4296,6676,2586,3446
3663,6787,4296,726,3344,3225
3663,6787,4296,3418,5693,8560
3663,6787,4296,1464,2865,2166
3663,6787,4296,9291,4358,6806
3663,6787,4296,4764,159,4149
3663,6787,4296,1102,7960,3446
3663,6787,4296,1060,9375,7806
3663,6787,4296,6480,4804,5665
3663,6787,4296,9398,4378,8907
3663,6787,4296,9389,3193,8423
3663,6787,4296,8841,9297,3037
3663,6787,4296,7610,3013,9224
3663,6787,4296,3013,1426,1088
3663,6787,4296,5806,4453,7899
3663,6787,4296,546,2193,5549
3663,6787,4296,4033,5603,8944
3663,6787,4296,8257,3642,9388
3663,6787,4296,2971,7794,7119
3663,6787,4296,2060,2013,3382
3663,6787,4296,4085,910,3023
3663,6787,4296,7987,1031,2689
3663,6787,4296,4504,6210,1438
3663,6787,4296,7290,543,8608
3663,6787,4296,999,9664,8520
3663,6787,4296,4015,1557,7815
3663,6787,4296,6825,2997,9429
3663,6787,4296,7376,3069,3758
3663,6787,4296,6384,4491,9487
3663,6787,4296,208,3975,9434
3663,6787,4296,4092,8305,7725
3663,6787,4296,9455,8263,3745
3663,6787,4296,4521,7270,3517
3663,6787,4296,1915,9872,2824
3663,6787,4296,2727,2257,3013
3663,6787,4296,3501,8411,7081
3663,6787,4296,4379,9705,9807
3663,6787,4296,7207,4776,2957
3663,6787,4296,8423,5258,3340
3663,6787,4296,4251,4546,1535
3663,6787,4296,4635,9307,3866
3663,6787,4296,4194,7110,8289
3663,6787,4296,8329,5714,5741
3663,6787,4296,101,224,3062
3663,6787,4296,6517,8467,8615
3663,6787,4296,7254,3717,2222
3663,6787,4296,9930,442,9152
3663,6787,4296,4831,482,5804
3663,6787,4296,49,6552,448
3663,6787,4296,1036,7770,1788
3663,6787,4296,4233,3953,7671
3663,6787,4296,8517,3423,1378
3663,6787,4296,8903,2526,4111
3663,6787,4296,4974,1640,7537
3663,6787,4296,8721,823,7911
3663,6787,4296,6341,950,5026
3663,6787,4296,9761,9756,9825
3663,6787,4296,5796,10,9243
3663,6787,4296,3337,3745,2818
3663,6787,4296,6020,5148,2826
3663,6787,4296,6585,2385,1380
3663,6787,4296,3379,7957,1390
3663,6787,4296,2595,3951,4699
3663,6787,4296,7334,8497,1039
3663,6787,4296,3988,4661,5867
3663,6787,4296,2047,9466,7554
3663,6787,4296,5484,1038,6478
3663,6787,4296,8949,3882,14
3663,6787,4296,9643,3925,1720
3663,6787,4296,6387,9171,7123
3663,6787,4296,4129,4804,669
3663,6787,4296,3232,870,9254
3663,6787,4296,1149,5780,9397
3663,6787,4296,8545,2297,1945
3663,6787,4296,5366,6832,8633
3663,6787,4296,9113,7155,6431
3663,6787,4296,3359,3380,7373
3663,6787,4296,6946,709,1032
3663,6787,4296,1259,8739,1351
3663,6787,4296,5463,9657,5130
3663,6787,4296,8857,5393,4210
3663,6787,4296,2804,334,194
3663,6787,4296,5460,1351,3458
3663,6787,4296,1178,3345,8561
3663,6787,4296,9930,1906,2833
3663,6787,4296,6193,6227,6530
3663,6787,4296,3561,4078,4501
3663,6787,4296,5289,7990,518
3663,6787,4296,6923,5462,2753
3663,6787,4296,1864,5658,4011
3663,6787,4296,4060,7421,6668
3663,6787,4296,3914,4461,2228
3663,6787,4296,96,5257,2766
3663,6787,4296,5886,579,2289
3663,6787,4296,1604,1249,3831
3663,6787,4296,8303,93,3772
3663,6787,4296,7479,2371,9259
3663,6787,4296,9293,4107,435
3663,6787,4296,5319,6694,5416
3663,6787,4296,4605,5293,7752
3663,6787,4296,4502,4414,6685
3663,6787,4296,2848,5878,5498
3663,6787,4296,2409,1866,9978
3663,6787,4296,9902,2496,5389
3663,6787,4296,9175,68,5057
3663,6787,4296,2414,1725,8156
3663,6787,4296,3898,1483,6350
3663,6787,4296,4283,8174,9372
3663,6787,4296,1351,1679,7989
3663,6787,4296,5045,4905,3133
3663,6787,4296,9291,1485,5073
3663,6787,4296,5720,7563,72
3663,6787,4296,6557,6157,8185
3663,6787,4296,9661,428,2398
3663,6787,4296,7572,3591,262
3663,6787,4296,1458,142,3171
3663,6787,4296,8058,1816,7550
3663,6787,4296,3301,5912,2998
3663,6787,4296,9224,3931,1565
3663,6787,4296,8473,7212,4849
3663,6787,4296,8268,6857,5742
3663,6787,4296,9698,5571,1683
3663,6787,4296,7887,7691,546
3663,6787,4296,1894,7328,8678
3663,6787,4296,3494,7803,5197
3663,6787,4296,8370,4068,5795
3663,6787,4296,1709,9728,1343
3663,6787,4296,7205,1992,7714
3663,6787,4296,5088,7010,2567
3663,6787,4296,7090,4653,4712
3663,6787,4296,6974,5768,5125
3663,6787,4296,8422,7260,522
3663,6787,4296,3326,738,8988
3663,6787,4296,7018,9157,8958
3663,6787,4296,9080,721,9260
3663,6787,4296,8621,8315,9712
3663,6787,4296,2964,5316,3004
3663,6787,4296,1694,7866,2125
3663,6787,4296,2352,9306,513
3663,6787,4296,8238,4544,6941
3663,6787,4296,1137,8250,5357
3663,6787,4296,8313,4048,3532
3663,6787,4296,2892,4718,7791
3663,6787,4296,3729,7519,2321
3663,6787,4296,7228,7690,8748
3663,6787,4296,154,4717,1125
3663,6787,4296,2964,2507,6178
3663,6787,4296,8811,3431,4777
3663,6787,4296,4237,188,5792
3663,6787,4296,5036,6035,7938
3663,6787,4296,3609,5435,7353
3663,6787,4296,1983,8722,3131
3663,6787,4296,1603,1877,8527
3663,6787,4296,554,3749,7583
3663,6787,4296,2129,3770,4810
3663,6787,4296,1711,2592,1030
3663,6787,4296,7126,8327,1428
3663,6787,4296,1898,3940,1813
3663,6787,4296,714,5246,8197
3663,6787,4296,6686,4814,9377
3663,6787,4296,1355,3600,3887
3663,6787,4296,8005,5018,6885
3663,6787,4296,7812,6858,9948
3663,6787,4296,2900,5391,6624
3663,6787,4296,3989,4578,3108
3663,6787,4296,2438,1395,7474
3663,6787,4296,9742,6322,5191
3663,6787,4296,3977,8834,2685
3663,6787,4296,8510,7787,8963
3663,6787,4296,6623,9925,2957
3663,6787,4296,4819,9819,7823
3663,6787,4296,9623,1883,6826
3663,6787,4296,2123,4955,1613
3663,6787,4296,4339,6940,1944
3663,6787,4296,4933,7347,8665
3663,6787,4296,3245,6754,1548
3663,6787,4296,5899,1580,3390
3663,6787,4296,1818,7973,6467
3663,6787,4296,7987,5594,8176
3663,6787,4296,3395,5742,3542
3663,6787,4296,4531,6110,3103
3663,6787,4296,4762,1706,3281
3663,6787,4296,6494,7067,354
3663,6787,4296,4401,9321,5539
3663,6787,4296,1282,177,1012
3663,6787,4296,2084,5216,7018
3663,6787,4296,8400,2722,9191
3663,6787,4296,7116,389,8878
3663,6787,4296,8658,4055,5507
3663,6787,4296,7315,4884,1540
3663,6787,4296,9078,276,6151
3663,6787,4296,8021,2090,125
3663,6787,4296,7056,5566,8643
3663,6787,4296,9219,4906,9356
3663,6787,4296,1423,5313,172
3663,6787,4296,7052,7388,6649
3663,6787,4296,4174,6671,160
3663,6787,4296,8753,8553,8817
3663,6787,4296,925,4808,2259
3663,6787,4296,5085,9432,1210
3663,6787,4296,2404,7400,1590
3663,6787,4296,1830,7817,8102
3663,6787,4296,197,9991,3899
3663,6787,4296,1620,5590,3043
3663,6787,4296,2200,4756,271
3663,6787,4296,8,4437,838
3663,6787,4296,4380,8716,6316
3663,6787,4296,2672,8133,6780
3663,6787,4296,971,6471,2252
3663,6787,4296,5907,7377,5510
3663,6787,4296,4590,441,3805
3663,6787,4296,1148,1049,5097
3663,6787,4296,9697,6946,4281
3663,6787,4296,282,8181,940
3663,6787,4296,5662,55,788
3663,6787,4296,2819,2417,2620
3663,6787,4296,2647,6322,8968
3663,6787,4296,5346,5713,2694
3663,6787,4296,4890,1525,4519
3663,6787,4296,7939,1450,8924
3663,6787,4296,5129,6807,7584
3663,6787,4296,2831,4067,5850
3663,6787,4296,9121,5312,8506
3663,6787,4296,2933,6975,6202
3663,6787,4296,1344,2292,9012
3663,6787,4296,9772,2606,3316
3663,6787,4296,7778,160,2720
3663,6787,4296,7333,4062,7939
3663,6787,4296,3328,7657,8692
3663,6787,4296,4312,6417,9324
3663,6787,4296,5471,7346,2147
3663,6787,4296,4427,3851,4907
3663,6787,4296,9565,3101,8988
3663,6787,4296,4446,681,2160
3663,6787,4296,1288,9735,6276
3663,6787,4296,2985,8806,8816
3663,6787,4296,7403,5433,3523
3663,6787,4296,967,1418,7210
3663,6787,4296,5233,6043,7305
3663,6787,4296,4303,437,7536
3663,6787,4296,566,3984,6965
3663,6787,4296,4229,1812,167
3663,6787,4296,4043,2005,5921
3663,6787,4296,3846,9809,289
3663,6787,4296,5939,5083,392
3663,6787,4296,8474,6408,9627
3663,6787,4296,8152,1631,9401
3663,6787,4296,5880,4780,8535
3663,6787,4296,7014,4414,1513
3663,6787,4296,7244,2723,9268
3663,6787,4296,8420,9832,5774
3663,6787,4296,3792,7407,639
3663,6787,4296,7406,9390,6310
3663,6787,4296,8917,4098,4794
3663,6787,4296,1396,9915,8910
3663,6787,4296,9497,3010,5600
3663,6787,4296,3836,793,3426
3663,6787,4296,8657,944,8306
3663,6787,4296,8202,1748,7422
3663,6787,4296,7137,2574,3751
3663,6787,4296,3731,7795,812
3663,6787,4296,6392,8348,600
3663,6787,4296,5999,4178,3496
3663,6787,4296,3241,6524,5231
3663,6787,4296,2701,4603,5455
3663,6787,4296,7366,8999,6415
3663,6787,4296,6724,4692,4724
3663,6787,4296,4704,5210,1502
3663,6787,4296,535,8162,6375
3663,6787,4296,1944,7165,2770
3663,6787,4296,7243,9664,2983
3663,6787,4296,3946,1647,2139
3663,6787,4296,7257,8887,3418
3663,6787,4296,662,3556,8180
3663,6787,4296,7647,7978,1468
3663,6787,4296,8621,9491,7592
3663,6787,4296,5876,2290,7682
3663,6787,4296,8936,6646,7727
3663,6787,4296,9152,4506,4037
3663,6787,4296,8582,8611,683
3663,6787,4296,7653,2356,5443
3663,6787,4296,4930,2089,9498
3663,6787,4296,7472,6808,1496
3663,6787,4296,2913,9479,7255
3663,6787,4296,7188,2351,563
3663,6787,4296,7891,2344,9068
3663,6787,4296,1585,1368,8881
3663,6787,4296,2265,2825,7331
3663,6787,4296,3224,4371,6596
3663,6787,4296,7615,3008,641
3663,6787,4296,5826,4347,2776
3663,6787,4296,5278,3923,1863
3663,6787,4296,6137,5978,3473
3663,6787,4296,7499,8155,3985
3663,6787,4296,4274,913,4363
3663,6787,4296,2808,5144,8372
3663,6787,4296,656,1921,2456
3663,6787,4296,2148,3414,4864
3663,6787,4296,6358,3121,710
3663,6787,4296,9187,6219,7007
3663,6787,4296,524,8151,5327
3663,6787,4296,7298,4565,811
3663,6787,4296,6993,7562,3818
3663,6787,4296,2946,4588,3925
3663,6787,4296,2106,3311,6754
3663,6787,4296,2602,2805,9872
3663,6787,4296,6000,7277,6033
3663,6787,4296,3259,4854,9296
3663,6787,4296,5282,5852,602
3663,6787,4296,3551,6460,7197
3663,6787,4296,7878,7043,8434
3663,6787,4296,67,753,7245
3663,6787,4296,6618,6174,2700
3663,6787,4296,6716,3798,9125
3663,6787,4296,9328,5732,3456
3663,6787,4296,7401,8941,4665
3663,6787,4296,9138,1752,6316
3663,6787,4296,2190,3427,1222
3663,6787,4296,1311,14,4472
3663,6787,4296,8,7075,8898
3663,6787,4296,2591,7039,407
3663,6787,4296,6144,8871,676
3663,6787,4296,4890,3790,4859
3663,6787,4296,858,1566,6807
3663,6787,4296,5318,3586,7509
3663,6787,4296,4962,4452,7702
3663,6787,4296,8370,3963,1818
3663,6787,4296,9841,7454,5298
3663,6787,4296,7117,8819,6305
3663,6787,4296,6575,7951,2063
3663,6787,4296,576,6841,5851
3663,6787,4296,2629,4090,2412
3663,6787,4296,8290,1999,2519
3663,6787,4296,8096,7716,6381
3663,6787,4296,9691,3685,4246
3663,6787,4296,7347,6373,6776
3663,6787,4296,7099,7083,7830
3663,6787,4296,3852,2439,6994
3663,6787,4296,4474,5265,9420
3663,6787,4296,7725,9698,6557
3663,6787,4296,831,6924,9189
3663,6787,4296,7214,6193,7536
3663,6787,4296,5987,3972,9266
3663,6787,4296,9369,6148,2204
3663,6787,4296,4425,3976,2245
3663,6787,4296,620,6601,9333
3663,6787,4296,7097,2370,530
3663,6787,4296,68,876,6248
3663,6787,4296,8806,229,7430
3663,6787,4296,577,2378,6180
3663,6787,4296,4601,4072,8704
3663,6787,4296,4162,8364,3724
3663,6787,4296,2637,1410,8860
3663,6787,4296,1219,9931,7062
3663,6787,4296,4720,4092,4910
3663,6787,4296,1447,9984,5864
3663,6787,4296,762,4120,6449
3663,6787,4296,5551,5844,2566
3663,6787,4296,2200,5763,9636
3663,6787,4296,9939,2893,2345
3663,6787,4296,8479,2473,1124
3663,6787,4296,7241,1581,2083
3663,6787,4296,4155,6569,8
3663,6787,4296,197,9433,542
3663,6787,4296,9316,1714,3336
3663,6787,4296,4523,2676,5004
3663,6787,4296,1026,6628,2841
3663,6787,4296,8363,2365,7179
3663,6787,4296,2558,6715,5136
3663,6787,4296,9617,5627,2724
3663,6787,4296,8019,4248,7578
3663,6787,4296,369,220,7729
3663,6787,4296,7144,8510,6230
3663,6787,4296,3390,9422,1355
3663,6787,4296,7012,4557,7078
3663,6787,4296,4423,1353,723
3663,6787,4296,9796,2420,8601
3663,6787,4296,4819,1805,2230
3663,6787,4296,1934,9748,1751
3663,6787,4296,7682,5105,4226
3663,6787,4296,5387,9380,3759
3663,6787,4296,2731,6677,917
3663,6787,4296,5302,5742,7454
3663,6787,4296,1636,1093,7874
3663,6787,4296,9149,5590,9279
3663,6787,4296,6772,1009,1708
3663,6787,4296,412,6459,865
3663,6787,4296,102,1917,838
3663,6787,4296,1010,904,3876
3663,6787,4296,7687,5133,7441
3663,6787,4296,2358,1587,5284
3663,6787,4296,8662,1697,8956
3663,6787,4296,4251,4325,6383
3663,6787,4296,4353,3903,1419
3663,6787,4296,7264,3180,815
3663,6787,4296,2229,1681,9813
3663,6787,4296,1374,7900,8690
3663,6787,4296,8643,9062,398
3663,6787,4296,3275,3169,4093
3663,6787,4296,791,4228,229
3663,6787,4296,5116,7262,7411
3663,6787,4296,8321,4742,5116
3663,6787,4296,1110,9909,9867
3663,6787,4296,5775,2004,6334
3663,6787,4296,6995,4281,7418
3663,6787,4296,7615,9500,3273
3663,6787,4296,764,3467,3032
3663,6787,4296,9041,9386,7399
3663,6787,4296,880,368,3416
3663,6787,4296,9269,5894,9328
3663,6787,4296,8680,5116,29
3663,6787,4296,2874,2258,9896
3663,6787,4296,3795,1909,7492
3663,6787,4296,2357,1879,6989
3663,6787,4296,6918,4635,1905
3663,6787,4296,8339,4634,2678
3663,6787,4296,1610,2452,3253
3663,6787,4296,2771,8706,7428
3663,6787,4296,53,3450,4338
3663,6787,4296,6473,2315,9288
3663,6787,4296,3718,9494,7314
3663,6787,4296,6519,8962,5097
3663,6787,4296,8887,6153,1768
3663,6787,4296,3904,6696,4880
3663,6787,4296,8774,4971,7549
3663,6787,4296,7535,6731,581
3663,6787,4296,5626,3654,6376
3663,6787,4296,509,1233,8652
3663,6787,4296,4632,113,3712
3663,6787,4296,30,180,2104
3663,6787,4296,380,8666,6577
3663,6787,4296,5473,6806,9998
3663,6787,4296,2827,9326,322
3663,6787,4296,5822,9593,6022
3663,6787,4296,4076,4897,5911
3663,6787,4296,6491,5675,7715
3663,6787,4296,1903,554,6984
3663,6787,4296,6893,7566,6574
3663,6787,4296,5535,6944,3841
3663,6787,4296,7468,4,9185
3663,6787,4296,3307,5057,7245
3663,6787,4296,6780,3688,1162
3663,6787,4296,7462,7346,5355
3663,6787,4296,7548,848,970
3663,6787,4296,5109,4012,7084
3663,6787,4296,7021,8875,2205
3663,6787,4296,664,2198,9349
3663,6787,4296,2455,8398,2859
3663,6787,4296,6368,9284,4920
3663,6787,4296,2419,1027,7362
3663,6787,4296,1092,2297,6132
3663,6787,4296,284,9890,3676
3663,6787,4296,9081,9521,5271
3663,6787,4296,4443,3243,8129
3663,6787,4296,4739,2597,5539
3663,6787,4296,503,4718,3450
3663,6787,4296,6542,9463,3459
3663,6787,4296,2185,2519,1289
3663,6787,4296,2145,2651,190
3663,6787,4296,5076,9160,117
3663,6787,4296,9066,4801,5734
3663,6787,4296,8248,4020,1520
3663,6787,4296,6202,5810,8419
3663,6787,4296,468,1251,2747
3663,6787,4296,3282,282,3862
3663,6787,4296,4011,1859,2392
3663,6787,4296,744,797,5636
3663,6787,4296,7190,9123,222
3663,6787,4296,8328,3422,4151
3663,6787,4296,276,8299,4863
3663,6787,4296,9285,9512,8499
3663,6787,4296,3657,4561,402
3663,6787,4296,5407,5734,4337
3663,6787,4296,4474,8679,696
3663,6787,4296,1189,9757,9454
3663,6787,4296,4953,2726,3188
3663,6787,4296,343,7820,3756
3663,6787,4296,5718,125,4072
3663,6787,4296,7592,7276,2405
3663,6787,4296,7653,2395,7322
3663,6787,4296,4159,1689,1140
3663,6787,4296,307,5431,1691
3663,6787,4296,5703,5830,2619
3663,6787,4296,5670,9964,3518
3663,6787,4296,7899,2027,6213
3663,6787,4296,5557,1582,9584
3663,6787,4296,4846,3995,5722
3663,6787,4296,8013,7468,1868
3663,6787,4296,5615,677,1145
3663,6787,4296,654,8421,3927
3663,6787,4296,3367,3380,3849
3663,6787,4296,5118,9942,5392
3663,6787,4296,3178,4725,818
3663,6787,4296,3073,614,1687
3663,6787,4296,386,7022,4542
3663,6787,4296,9529,2390,2083
3663,6787,4296,1814,374,7328
