5872,1636,8306,9002,4226,452
5872,1636,8306,6035,8727,3833
5872,1636,8306,3751,3710,3093
5872,1636,8306,7225,9641,257
5872,1636,8306,9689,9940,8213
5872,1636,8306,3664,7431,9865
5872,1636,8306,6598,1145,5074
5872,1636,8306,720,368,2324
5872,1636,8306,1902,9058,8897
5872,1636,8306,3870,6359,3254
5872,1636,8306,9997,9654,1765
5872,1636,8306,9314,7612,5079
5872,1636,8306,477,2472,7341
5872,1636,8306,253,7012,4631
5872,1636,8306,8131,4027,5311
5872,1636,8306,8627,6045,6172
5872,1636,8306,5299,2920,3189
5872,1636,8306,3213,9123,2100
5872,1636,8306,4295,5275,7944
5872,1636,8306,2095,3786,491
5872,1636,8306,3599,4528,5985
5872,1636,8306,8951,6858,1819
5872,1636,8306,2015,1017,7098
5872,1636,8306,9785,5115,3897
5872,1636,8306,1970,5488,5846
5872,1636,8306,715,8721,6131
5872,1636,8306,7321,2057,1065
5872,1636,8306,5773,8369,5968
5872,1636,8306,6304,6379,6183
5872,1636,8306,593,2847,9067
5872,1636,8306,2198,4659,7766
5872,1636,8306,5076,6123,9094
5872,1636,8306,5505,5209,3119
5872,1636,8306,8509,153,4531
5872,1636,8306,1287,1453,7604
5872,1636,8306,8951,6039,4984
5872,1636,8306,3134,9814,8694
5872,1636,8306,3818,437,817
5872,1636,8306,4411,2272,5269
5872,1636,8306,266,4166,2549
5872,1636,8306,8038,343,7335
5872,1636,8306,9025,1871,1541
5872,1636,8306,1540,4855,3732
5872,1636,8306,7657,6447,1808
5872,1636,8306,4992,3754,764
5872,1636,8306,3322,8257,3644
5872,1636,8306,5315,2905,3733
5872,1636,8306,2262,7716,3340
5872,1636,8306,644,9716,1028
5872,1636,8306,1129,3189,3918
5872,1636,8306,3900,9747,181
5872,1636,8306,8407,7176,6208
5872,1636,8306,7309,1206,6987
5872,1636,8306,8530,5749,9789
5872,1636,8306,7660,6348,3404
5872,1636,8306,2524,9811,1463
5872,1636,8306,1220,197,7965
5872,1636,8306,5860,3507,7370
5872,1636,8306,4222,7411,6316
5872,1636,8306,4863,9180,8535
5872,1636,8306,9852,1966,22
5872,1636,8306,3741,4237,5946
5872,1636,8306,3455,3960,9408
5872,1636,8306,9651,9006,5647
5872,1636,8306,782,356,251
5872,1636,8306,6682,7899,73
5872,1636,8306,9715,5896,2289
5872,1636,8306,6763,9434,5898
5872,1636,8306,4845,8183,3461
5872,1636,8306,8709,2508,8950
5872,1636,8306,1408,9775,6263
5872,1636,8306,6609,2944,9588
5872,1636,8306,4588,668,2416
5872,1636,8306,9337,303,1715
5872,1636,8306,7900,2307,8615
5872,1636,8306,9660,4853,7148
5872,1636,8306,5278,7861,5756
5872,1636,8306,7131,2003,7395
5872,1636,8306,6347,7022,1059
5872,1636,8306,3130,6247,4875
5872,1636,8306,9051,6266,738
5872,1636,8306,6264,3816,1710
5872,1636,8306,4151,4455,8398
5872,1636,8306,5863,6397,317
5872,1636,8306,36,8379,4819
5872,1636,8306,1356,8266,1675
5872,1636,8306,1072,9975,4754
5872,1636,8306,7546,4862,1445
5872,1636,8306,2737,1276,5677
5872,1636,8306,4701,6906,4022
5872,1636,8306,866,5795,5575
5872,1636,8306,2103,696,4623
5872,1636,8306,3368,8665,5757
5872,1636,8306,8179,2734,7968
5872,1636,8306,1201,7221,6037
5872,1636,8306,8808,9412,4793
5872,1636,8306,7829,5032,7425
5872,1636,8306,6387,6459,895
5872,1636,8306,432,4539,9713
5872,1636,8306,1549,5070,1314
5872,1636,8306,9031,8910,8763
5872,1636,8306,6516,1387,4998
5872,1636,8306,9587,8141,4085
5872,1636,8306,7877,7207,5107
5872,1636,8306,8243,3135,1379
5872,1636,8306,789,5454,1848
5872,1636,8306,3085,3651,2858
5872,1636,8306,1597,554,3805
5872,1636,8306,6942,6077,455
5872,1636,8306,5583,3934,9312
5872,1636,8306,8790,9814,6493
5872,1636,8306,3755,4135,9461
5872,1636,8306,2208,1654,988
5872,1636,8306,757,8679,6325
5872,1636,8306,2197,9259,1967
5872,1636,8306,7269,9908,7894
5872,1636,8306,6946,2685,9104
5872,1636,8306,2238,506,4208
5872,1636,8306,3926,7101,9368
5872,1636,8306,8326,7402,3177
5872,1636,8306,6897,1833,9416
5872,1636,8306,3320,9058,7606
5872,1636,8306,8395,5795,3412
5872,1636,8306,4427,7718,2071
5872,1636,8306,3794,4270,6773
5872,1636,8306,1563,3780,5351
5872,1636,8306,384,1470,6397
5872,1636,8306,5419,6918,7405
5872,1636,8306,5446,8200,1982
5872,1636,8306,7325,1790,7006
5872,1636,8306,3272,9255,8286
5872,1636,8306,1321,567,1864
5872,1636,8306,4483,3049,6375
5872,1636,8306,5805,3082,6098
5872,1636,8306,7705,9179,8169
5872,1636,8306,2351,1174,6097
5872,1636,8306,7354,2869,6876
5872,1636,8306,237,4244,8951
5872,1636,8306,5210,5411,5865
5872,1636,8306,2356,823,3132
5872,1636,8306,1492,6750,5644
5872,1636,8306,9498,3297,6833
5872,1636,8306,4300,9372,5742
5872,1636,8306,5059,1717,6270
5872,1636,8306,490,2881,5188
5872,1636,8306,3353,8094,5685
5872,1636,8306,8539,4085,4455
5872,1636,8306,8986,4099,5090
5872,1636,8306,4583,634,1901
5872,1636,8306,3022,9376,1518
5872,1636,8306,9759,5346,346
5872,1636,8306,3123,3177,7386
5872,1636,8306,1585,9185,8731
5872,1636,8306,3476,6148,2689
5872,1636,8306,8620,1740,1436
5872,1636,8306,1207,5210,823
5872,1636,8306,9569,2651,3828
5872,1636,8306,3370,831,5036
5872,1636,8306,5274,3109,2641
5872,1636,8306,8936,8267,7005
5872,1636,8306,1942,9385,1521
5872,1636,8306,6385,4085,8847
5872,1636,8306,5357,7704,1794
5872,1636,8306,3029,9763,4504
5872,1636,8306,6583,3459,594
5872,1636,8306,5469,598,2734
5872,1636,8306,9891,4072,4238
5872,1636,8306,5300,690,2419
5872,1636,8306,5419,2331,7854
5872,1636,8306,9046,9426,7387
5872,1636,8306,9734,297,4860
5872,1636,8306,33,2583,9598
5872,1636,8306,6409,4538,915
5872,1636,8306,2891,6357,1146
5872,1636,8306,88,518,8473
5872,1636,8306,1966,6384,2378
5872,1636,8306,240,7738,1533
5872,1636,8306,4288,4454,7679
5872,1636,8306,6387,7632,5163
5872,1636,8306,9100,7508,105
5872,1636,8306,3664,9404,3510
5872,1636,8306,885,5531,5039
5872,1636,8306,6146,5610,7506
5872,1636,8306,3544,3426,9928
5872,1636,8306,6190,3742,142
5872,1636,8306,2614,7771,9820
5872,1636,8306,6412,8445,8878
5872,1636,8306,2125,9669,518
5872,1636,8306,4297,6856,7103
5872,1636,8306,4895,227,7525
5872,1636,8306,5873,9571,7671
5872,1636,8306,93,6939,6285
5872,1636,8306,5222,4682,920
5872,1636,8306,1820,8769,2075
5872,1636,8306,2348,6541,1631
5872,1636,8306,3985,3874,5197
5872,1636,8306,103,1165,4229
5872,1636,8306,1830,1986,1754
5872,1636,8306,7082,5672,5106
5872,1636,8306,5392,1037,417
5872,1636,8306,2650,4237,9304
5872,1636,8306,4514,2680,8129
5872,1636,8306,9431,1804,4437
5872,1636,8306,1533,5034,9197
5872,1636,8306,7618,8036,3684
5872,1636,8306,1473,536,6682
5872,1636,8306,5393,32,7204
5872,1636,8306,4929,5269,1795
5872,1636,8306,506,6053,8706
5872,1636,8306,4888,6180,2984
5872,1636,8306,5107,5524,8330
5872,1636,8306,9027,1381,5592
5872,1636,8306,9175,9722,8657
5872,1636,8306,7938,8998,5190
5872,1636,8306,1112,4089,9306
5872,1636,8306,9767,1491,5146
5872,1636,8306,6431,3199,444
5872,1636,8306,5000,5290,6968
5872,1636,8306,6771,2603,4633
5872,1636,8306,3266,8418,4003
5872,1636,8306,9698,1717,5406
5872,1636,8306,8568,3835,3501
5872,1636,8306,1818,2574,6681
5872,1636,8306,9429,8953,1259
5872,1636,8306,796,3105,2973
5872,1636,8306,1951,8038,1036
5872,1636,8306,9000,5462,4617
5872,1636,8306,2748,115,3374
5872,1636,8306,431,599,9910
5872,1636,8306,9518,6479,8237
5872,1636,8306,9781,8235,7572
5872,1636,8306,9690,9913,7558
5872,1636,8306,6543,7948,5602
5872,1636,8306,5997,5323,3338
5872,1636,8306,9659,1195,6027
5872,1636,8306,7472,1618,2839
5872,1636,8306,9397,3783,7055
5872,1636,8306,6173,7249,6399
5872,1636,8306,160,3491,9373
5872,1636,8306,4005,9866,4393
5872,1636,8306,3703,1021,3600
5872,1636,8306,2017,1453,6886
5872,1636,8306,342,8553,1759
5872,1636,8306,5987,3420,9935
5872,1636,8306,7924,3121,3525
5872,1636,8306,2754,7791,3892
5872,1636,8306,9312,2055,6387
5872,1636,8306,8182,4916,9296
5872,1636,8306,7738,1272,2566
5872,1636,8306,4342,9216,6601
5872,1636,8306,7507,125,2016
5872,1636,8306,7757,518,4475
5872,1636,8306,4651,3740,4385
5872,1636,8306,734,1002,4986
5872,1636,8306,8802,5789,8187
5872,1636,8306,9519,3672,8085
5872,1636,8306,9708,1191,1880
5872,1636,8306,4729,9242,8311
5872,1636,8306,5627,4702,7070
5872,1636,8306,2559,860,476
5872,1636,8306,2862,2275,3921
5872,1636,8306,4410,9444,2360
5872,1636,8306,2577,6326,8295
5872,1636,8306,6837,2481,2344
5872,1636,8306,516,9161,1939
5872,1636,8306,4765,7252,4235
5872,1636,8306,8760,2115,4982
5872,1636,8306,1165,3417,1226
5872,1636,8306,2080,9746,8361
5872,1636,8306,232,9744,4651
5872,1636,8306,1684,6351,847
5872,1636,8306,4538,3313,5882
5872,1636,8306,2197,767,1181
5872,1636,8306,8887,487,9169
5872,1636,8306,373,2529,940
5872,1636,8306,1377,4826,5658
5872,1636,8306,7715,3437,3175
5872,1636,8306,5662,8631,8088
5872,1636,8306,575,9733,6571
5872,1636,8306,8939,4539,6824
5872,1636,8306,2702,1741,2566
5872,1636,8306,5097,3551,6680
5872,1636,8306,624,9556,3097
5872,1636,8306,5709,4827,1292
5872,1636,8306,6465,7538,6492
5872,1636,8306,7272,1816,7646
5872,1636,8306,4152,8396,1118
5872,1636,8306,9946,1907,7213
5872,1636,8306,1934,4136,3570
5872,1636,8306,8586,7040,495
5872,1636,8306,2508,6319,7115
5872,1636,8306,4523,7028,550
5872,1636,8306,6566,2470,4281
5872,1636,8306,6823,1599,4042
5872,1636,8306,9987,1959,6063
5872,1636,8306,9120,506,8789
5872,1636,8306,9409,605,1208
5872,1636,8306,7993,2119,7816
5872,1636,8306,5339,2186,3282
5872,1636,8306,761,8945,5779
5872,1636,8306,4748,6238,8727
5872,1636,8306,6739,6397,8013
5872,1636,8306,6976,6936,8296
5872,1636,8306,2143,5030,6893
5872,1636,8306,2057,7052,5295
5872,1636,8306,9347,6789,6245
5872,1636,8306,6711,671,7994
5872,1636,8306,2171,330,7782
5872,1636,8306,446,6989,6270
5872,1636,8306,9503,162,1650
5872,1636,8306,6880,6065,5782
5872,1636,8306,798,7505,2104
5872,1636,8306,9524,1940,8107
5872,1636,8306,6917,1020,5412
5872,1636,8306,2854,4165,1149
5872,1636,8306,8706,9674,5882
5872,1636,8306,8527,3575,739
5872,1636,8306,4832,9362,7337
5872,1636,8306,5723,7671,8447
5872,1636,8306,6792,6575,3751
5872,1636,8306,5387,8699,1344
5872,1636,8306,9539,4860,2528
5872,1636,8306,1288,7852,9504
5872,1636,8306,108,5547,5725
5872,1636,8306,7417,844,1344
5872,1636,8306,5675,587,4724
5872,1636,8306,807,4713,2760
5872,1636,8306,2437,1397,8810
5872,1636,8306,881,2814,5740
5872,1636,8306,9227,3195,3055
5872,1636,8306,2059,7914,5541
5872,1636,8306,2219,476,3503
5872,1636,8306,3834,6327,5468
5872,1636,8306,8352,5781,9085
5872,1636,8306,2012,2284,7309
5872,1636,8306,9024,7993,5551
5872,1636,8306,9776,4999,516
5872,1636,8306,9333,3437,1058
5872,1636,8306,7692,7312,8842
5872,1636,8306,7913,8793,4695
5872,1636,8306,2818,2693,3724
5872,1636,8306,8157,7988,1519
5872,1636,8306,6274,134,8277
5872,1636,8306,996,9121,1096
5872,1636,8306,6394,9889,3451
5872,1636,8306,7204,4191,5320
5872,1636,8306,3801,6598,5916
5872,1636,8306,350,5077,4950
5872,1636,8306,1262,5992,5590
5872,1636,8306,4916,6828,256
5872,1636,8306,2098,9629,7677
5872,1636,8306,5428,9876,1621
5872,1636,8306,2542,3728,210
5872,1636,8306,5275,3359,9312
5872,1636,8306,3519,3288,8387
5872,1636,8306,1742,2901,1582
5872,1636,8306,4139,7802,6958
5872,1636,8306,2917,7882,473
5872,1636,8306,7042,6265,8558
5872,1636,8306,5422,6734,7614
5872,1636,8306,4761,4820,3425
5872,1636,8306,9442,3305,1915
5872,1636,8306,908,608,7089
5872,1636,8306,4069,1388,8702
5872,1636,8306,5365,4767,6864
5872,1636,8306,5881,7185,5298
5872,1636,8306,4277,6997,2629
5872,1636,8306,8794,7981,8576
5872,1636,8306,6948,9175,2809
5872,1636,8306,9140,4033,9048
5872,1636,8306,7670,3353,6795
5872,1636,8306,6721,5688,6038
5872,1636,8306,9585,4390,5733
5872,1636,8306,9756,33,2528
5872,1636,8306,5222,5239,4950
5872,1636,8306,7020,9723,4624
5872,1636,8306,7170,4399,6240
5872,1636,8306,4935,9925,8627
5872,1636,8306,7557,6516,1588
5872,1636,8306,5690,9814,2998
5872,1636,8306,1638,5251,4860
5872,1636,8306,5736,9302,8408
5872,1636,8306,2082,832,4626
5872,1636,8306,8324,1944,6367
5872,1636,8306,4833,2751,7904
5872,1636,8306,7635,347,4793
5872,1636,8306,6995,1800,6907
5872,1636,8306,7607,6283,7697
5872,1636,8306,1424,9500,3985
5872,1636,8306,3,206,9771
5872,1636,8306,1332,6041,9326
5872,1636,8306,2957,5306,4559
5872,1636,8306,4758,610,9755
5872,1636,8306,8909,1929,4162
5872,1636,8306,7926,3745,5375
5872,1636,8306,1928,8944,6754
5872,1636,8306,6642,6396,9491
5872,1636,8306,8498,4773,1496
5872,1636,8306,9219,4143,889
5872,1636,8306,4782,863,1850
5872,1636,8306,3616,7160,3372
5872,1636,8306,6865,826,507
5872,1636,8306,3242,1673,5720
5872,1636,8306,2292,8625,4971
5872,1636,8306,7646,8195,5966
5872,1636,8306,4145,6971,5084
5872,1636,8306,2234,1377,952
5872,1636,8306,4472,4994,4039
5872,1636,8306,1905,1274,5882
5872,1636,8306,436,5118,5473
5872,1636,8306,4382,2157,3007
5872,1636,8306,4523,8083,8905
5872,1636,8306,1357,5982,8925
5872,1636,8306,3678,4419,4064
5872,1636,8306,8446,6117,5445
5872,1636,8306,6460,1117,5015
5872,1636,8306,9275,1428,1368
5872,1636,8306,4241,5558,3760
5872,1636,8306,4906,4873,5045
5872,1636,8306,8062,2994,3171
5872,1636,8306,7463,9364,1156
5872,1636,8306,1390,8747,9379
5872,1636,8306,4644,7757,5836
5872,1636,8306,8844,1323,227
5872,1636,8306,2730,5216,9938
5872,1636,8306,3166,688,1308
5872,1636,8306,5385,5658,3736
5872,1636,8306,1867,4854,6600
5872,1636,8306,176,5521,2534
5872,1636,8306,8463,3176,6440
5872,1636,8306,2958,5355,5742
5872,1636,8306,4414,757,6282
5872,1636,8306,3864,7034,6692
5872,1636,8306,8084,744,1173
5872,1636,8306,7515,4276,3151
5872,1636,8306,2053,2298,6364
5872,1636,8306,2991,5599,1979
5872,1636,8306,9625,9744,2905
5872,1636,8306,7746,4426,9227
5872,1636,8306,379,5593,8794
5872,1636,8306,9456,3269,8631
5872,1636,8306,2614,6842,6988
5872,1636,8306,3396,9207,5936
5872,1636,8306,4671,9653,7998
5872,1636,8306,1735,1014,2460
5872,1636,8306,3621,5846,3076
5872,1636,8306,8807,7478,7021
5872,1636,8306,1433,3812,2121
5872,1636,8306,6088,4139,7475
5872,1636,8306,977,4717,6760
5872,1636,8306,2794,4723,7225
5872,1636,8306,8933,3125,4399
5872,1636,8306,3841,2935,437
5872,1636,8306,1162,6885,4900
5872,1636,8306,1096,3831,9496
5872,1636,8306,8536,5476,2516
5872,1636,8306,2090,5478,4486
5872,1636,8306,3041,9811,8963
5872,1636,8306,7747,3668,333
5872,1636,8306,9708,2079,5599
5872,1636,8306,8447,6637,5733
5872,1636,8306,8868,9951,6610
5872,1636,8306,8124,1115,4931
5872,1636,8306,9505,5173,4994
5872,1636,8306,4705,766,994
5872,1636,8306,1588,5658,7051
5872,1636,8306,7089,9686,9466
5872,1636,8306,7399,4317,749
5872,1636,8306,8184,806,7401
5872,1636,8306,6100,6737,3331
5872,1636,8306,4211,3219,5508
5872,1636,8306,137,5942,5807
5872,1636,8306,5237,5061,2902
5872,1636,8306,2715,2704,3049
5872,1636,8306,5340,5753,3108
5872,1636,8306,5907,5003,5249
5872,1636,8306,1587,4123,2882
5872,1636,8306,1015,6696,2572
5872,1636,8306,7527,1022,5920
5872,1636,8306,8721,9551,4533
5872,1636,8306,6396,9746,280
5872,1636,8306,3312,1702,9897
5872,1636,8306,8315,5431,9829
5872,1636,8306,6989,2649,2141
5872,1636,8306,5520,1093,4035
5872,1636,8306,3159,7400,1573
5872,1636,8306,2249,9614,9367
5872,1636,8306,5349,1744,5410
5872,1636,8306,4829,7510,564
5872,1636,8306,6621,7011,9386
5872,1636,8306,8014,8149,7317
5872,1636,8306,529,8610,6313
5872,1636,8306,4135,3972,5387
5872,1636,8306,3445,7026,2563
5872,1636,8306,6720,4834,3563
5872,1636,8306,6953,2084,3652
5872,1636,8306,7208,3101,459
5872,1636,8306,2144,9973,4221
5872,1636,8306,7874,718,2387
5872,1636,8306,7532,9386,3906
5872,1636,8306,5140,1079,4357
5872,1636,8306,2915,3176,4443
5872,1636,8306,8124,4108,7091
5872,1636,8306,3131,5538,5651
5872,1636,8306,3215,2279,6962
5872,1636,8306,4172,4527,9508
5872,1636,8306,960,3463,4358
5872,1636,8306,5985,9913,3954
5872,1636,8306,9342,1927,5320
5872,1636,8306,6353,2250,8870
