5872,1636,8306,9763,8041,5995
5872,1636,8306,8125,6447,3573
5872,1636,8306,3097,9652,5068
5872,1636,8306,7496,5889,4240
5872,1636,8306,9272,9599,7701
5872,1636,8306,8948,8725,9350
5872,1636,8306,5799,5982,2453
5872,1636,8306,3091,6252,8452
5872,1636,8306,2692,8385,9912
5872,1636,8306,827,8485,3827
5872,1636,8306,7412,96,1725
5872,1636,8306,2864,9748,6400
5872,1636,8306,1917,3276,4066
5872,1636,8306,5900,3808,6734
5872,1636,8306,1464,4456,6193
5872,1636,8306,9859,3814,496
5872,1636,8306,1090,8872,8642
5872,1636,8306,3040,3149,9341
5872,1636,8306,1794,2608,3689
5872,1636,8306,9885,908,5466
5872,1636,8306,4733,7873,7093
5872,1636,8306,2688,4719,3971
5872,1636,8306,8668,4496,1939
5872,1636,8306,5884,4321,8740
5872,1636,8306,6814,5883,3979
5872,1636,8306,3674,9598,4217
5872,1636,8306,3668,2007,2850
5872,1636,8306,739,810,7892
5872,1636,8306,9891,7535,6585
5872,1636,8306,8161,5942,9985
5872,1636,8306,3868,2753,6383
5872,1636,8306,1310,2580,6000
5872,1636,8306,965,8797,4765
5872,1636,8306,2526,830,9360
5872,1636,8306,800,9771,1378
5872,1636,8306,9541,768,6578
5872,1636,8306,6448,7164,6529
5872,1636,8306,1370,3778,5976
5872,1636,8306,3435,7391,1492
5872,1636,8306,1988,9396,839
5872,1636,8306,888,4095,4805
5872,1636,8306,3297,1634,6155
5872,1636,8306,9296,7907,9198
5872,1636,8306,6925,6248,7523
5872,1636,8306,2556,3582,7031
5872,1636,8306,9229,1942,6335
5872,1636,8306,1508,3063,4503
5872,1636,8306,2948,1372,8382
5872,1636,8306,5403,2872,1050
5872,1636,8306,8049,9067,515
5872,1636,8306,8539,8699,4944
5872,1636,8306,8405,3162,8574
5872,1636,8306,5636,5075,7526
5872,1636,8306,2363,1710,813
5872,1636,8306,3737,6926,280
5872,1636,8306,3067,9600,6471
5872,1636,8306,2000,3982,1277
5872,1636,8306,5574,6273,22
5872,1636,8306,3461,8472,4874
5872,1636,8306,7589,931,4309
5872,1636,8306,6711,2736,872
5872,1636,8306,4652,2990,197
5872,1636,8306,8021,8009,7112
5872,1636,8306,52,3213,2082
5872,1636,8306,5950,2429,8244
5872,1636,8306,2128,5096,5172
5872,1636,8306,8734,5921,1175
5872,1636,8306,6702,6792,5913
5872,1636,8306,7366,2022,550
5872,1636,8306,5605,6276,5159
5872,1636,8306,6034,1382,554
5872,1636,8306,7072,9463,4143
5872,1636,8306,3488,3943,1272
5872,1636,8306,1962,8284,5373
5872,1636,8306,4802,6245,2950
5872,1636,8306,9974,5378,6263
5872,1636,8306,8959,7431,6632
5872,1636,8306,8021,62,3210
5872,1636,8306,2249,1659,1849
5872,1636,8306,8362,3160,469
5872,1636,8306,8184,541,307
5872,1636,8306,907,4055,8915
5872,1636,8306,9199,8288,9356
5872,1636,8306,9296,6747,5888
5872,1636,8306,4416,7981,7864
5872,1636,8306,1809,6004,9148
5872,1636,8306,8095,1756,3561
5872,1636,8306,370,1563,6712
5872,1636,8306,7293,4133,6483
5872,1636,8306,3426,3665,1375
5872,1636,8306,2319,5678,9752
5872,1636,8306,7932,1652,387
5872,1636,8306,5687,3458,6470
5872,1636,8306,1865,9690,9199
5872,1636,8306,8470,2252,6656
5872,1636,8306,5402,7952,4747
5872,1636,8306,8319,479,6449
5872,1636,8306,6727,8814,7009
5872,1636,8306,9434,5468,6226
5872,1636,8306,3220,5104,3600
5872,1636,8306,1515,5522,7069
5872,1636,8306,3811,874,9818
5872,1636,8306,9693,562,9131
5872,1636,8306,9702,9230,8447
5872,1636,8306,2642,6645,5164
5872,1636,8306,6360,2046,3774
5872,1636,8306,146,4587,4159
5872,1636,8306,1979,5104,78
5872,1636,8306,5100,7048,9747
5872,1636,8306,9848,5242,9857
5872,1636,8306,439,6207,8454
5872,1636,8306,682,2665,7079
5872,1636,8306,7361,8910,9031
5872,1636,8306,7910,9591,9617
5872,1636,8306,7607,8702,4537
5872,1636,8306,4783,4673,9377
5872,1636,8306,2525,2864,7909
5872,1636,8306,5651,342,5702
5872,1636,8306,3241,7592,2989
5872,1636,8306,9909,9616,6141
5872,1636,8306,4130,3797,5667
5872,1636,8306,5807,4149,3204
5872,1636,8306,700,9823,3714
5872,1636,8306,5500,9192,9707
5872,1636,8306,9681,9360,9501
5872,1636,8306,9376,9354,2451
5872,1636,8306,9228,5533,6772
5872,1636,8306,394,7553,4833
5872,1636,8306,1994,1008,3303
5872,1636,8306,8865,9950,2162
5872,1636,8306,5107,2241,840
5872,1636,8306,4136,6746,5363
5872,1636,8306,5087,6439,4536
5872,1636,8306,4794,9834,922
5872,1636,8306,4938,389,9270
5872,1636,8306,1825,5649,1129
5872,1636,8306,3074,8729,8476
5872,1636,8306,5744,9679,4451
5872,1636,8306,939,9598,7604
5872,1636,8306,1435,6750,7702
5872,1636,8306,7764,3023,1725
5872,1636,8306,279,5412,6986
5872,1636,8306,4725,4511,4215
5872,1636,8306,3631,961,7960
5872,1636,8306,717,6165,9759
5872,1636,8306,5377,7839,6640
5872,1636,8306,9390,1363,4094
5872,1636,8306,185,1997,221
5872,1636,8306,6036,5185,7032
5872,1636,8306,4679,2130,430
5872,1636,8306,792,3068,3996
5872,1636,8306,9631,6832,9041
5872,1636,8306,4263,3356,4273
5872,1636,8306,1903,4994,297
5872,1636,8306,7166,4634,1178
5872,1636,8306,9312,6186,1583
5872,1636,8306,7860,8553,495
5872,1636,8306,4826,645,6652
5872,1636,8306,6625,9163,7237
5872,1636,8306,1079,8428,6552
5872,1636,8306,1003,984,5386
5872,1636,8306,250,8186,4994
5872,1636,8306,121,3828,5189
5872,1636,8306,7897,2289,8241
5872,1636,8306,9215,3271,1785
5872,1636,8306,897,7079,5690
5872,1636,8306,7436,7548,5001
5872,1636,8306,6506,767,285
5872,1636,8306,2128,8312,5121
5872,1636,8306,3510,3277,8036
5872,1636,8306,1080,1209,3542
5872,1636,8306,5204,3357,710
5872,1636,8306,9940,1123,9276
5872,1636,8306,3952,1053,804
5872,1636,8306,1378,3381,868
5872,1636,8306,4926,1254,9879
5872,1636,8306,494,5483,4496
5872,1636,8306,9191,1499,4330
5872,1636,8306,8501,3907,6376
5872,1636,8306,3473,5347,2415
5872,1636,8306,2372,8701,3593
5872,1636,8306,9998,9702,728
5872,1636,8306,5687,5886,948
5872,1636,8306,5905,9061,5218
5872,1636,8306,1540,8708,7214
5872,1636,8306,8459,3505,9462
5872,1636,8306,237,8711,2197
5872,1636,8306,21,2378,8692
5872,1636,8306,4220,6442,7461
5872,1636,8306,3009,541,9828
5872,1636,8306,6468,2150,8037
5872,1636,8306,5415,9702,4950
5872,1636,8306,9205,907,422
5872,1636,8306,8112,8632,9763
5872,1636,8306,508,5718,4384
5872,1636,8306,4406,1553,8832
5872,1636,8306,8743,5727,9519
5872,1636,8306,7901,9430,4164
5872,1636,8306,8598,9800,6952
5872,1636,8306,4379,4724,5737
5872,1636,8306,6042,4511,4290
5872,1636,8306,8192,7012,5841
5872,1636,8306,6812,7859,4280
5872,1636,8306,7218,1644,4109
5872,1636,8306,5851,386,796
5872,1636,8306,9086,2211,9617
5872,1636,8306,6995,9890,3449
5872,1636,8306,9668,132,8430
5872,1636,8306,2076,3050,5107
5872,1636,8306,3021,7385,2644
5872,1636,8306,5974,6504,4975
5872,1636,8306,7371,6069,3355
5872,1636,8306,3578,8686,3403
5872,1636,8306,6968,1261,2985
5872,1636,8306,8531,995,3623
5872,1636,8306,768,2419,7218
5872,1636,8306,2683,3333,900
5872,1636,8306,4477,8873,2230
5872,1636,8306,7407,3428,5213
5872,1636,8306,1414,1399,5371
5872,1636,8306,4022,788,4566
5872,1636,8306,9229,7851,6265
5872,1636,8306,7700,3420,404
5872,1636,8306,3477,2485,5762
5872,1636,8306,390,1801,6644
5872,1636,8306,835,6376,6093
5872,1636,8306,912,6444,5029
5872,1636,8306,7015,5093,229
5872,1636,8306,5984,3651,1231
5872,1636,8306,8364,41,8633
5872,1636,8306,7828,1587,5313
5872,1636,8306,8335,3434,7993
5872,1636,8306,8771,3699,8212
5872,1636,8306,8811,5772,3668
5872,1636,8306,692,4265,7734
5872,1636,8306,4008,8517,1738
5872,1636,8306,6964,8545,4804
5872,1636,8306,7482,8810,8039
5872,1636,8306,9612,1762,6594
5872,1636,8306,4280,9196,1781
5872,1636,8306,2289,8502,5469
5872,1636,8306,1558,6566,5923
5872,1636,8306,7244,1963,3005
5872,1636,8306,6291,6355,5130
5872,1636,8306,5976,2428,3134
5872,1636,8306,9977,8531,5426
5872,1636,8306,486,2103,3160
5872,1636,8306,3420,2256,6384
5872,1636,8306,6911,8113,1953
5872,1636,8306,8167,9021,5030
5872,1636,8306,3005,5350,3602
5872,1636,8306,3372,2992,5692
5872,1636,8306,1541,4708,1986
5872,1636,8306,6372,5246,6938
5872,1636,8306,6158,4853,861
5872,1636,8306,7734,3093,3494
5872,1636,8306,9704,3070,1285
5872,1636,8306,4931,1442,5019
5872,1636,8306,2088,5254,766
5872,1636,8306,9964,7138,4280
5872,1636,8306,2269,1121,1004
5872,1636,8306,1210,9024,1142
5872,1636,8306,8978,6500,437
5872,1636,8306,9817,7279,2658
5872,1636,8306,9187,9522,8595
5872,1636,8306,7087,1589,8777
5872,1636,8306,1804,4050,2150
5872,1636,8306,8800,6869,7167
5872,1636,8306,1478,7366,4730
5872,1636,8306,2575,8737,1127
5872,1636,8306,2179,8632,2314
5872,1636,8306,2219,7211,8939
5872,1636,8306,3157,5256,4477
5872,1636,8306,4585,4726,4496
5872,1636,8306,2278,7609,8853
5872,1636,8306,7679,4385,8494
5872,1636,8306,961,1675,8466
5872,1636,8306,7292,8167,3190
5872,1636,8306,4848,3696,5454
5872,1636,8306,9033,8637,5472
5872,1636,8306,3180,2790,3529
5872,1636,8306,5953,6603,5571
5872,1636,8306,9980,8138,261
5872,1636,8306,9989,6720,7915
5872,1636,8306,5435,200,1355
5872,1636,8306,5190,181,8284
5872,1636,8306,9953,4432,4098
5872,1636,8306,8954,626,4053
5872,1636,8306,1894,7337,4865
5872,1636,8306,2065,8101,8472
5872,1636,8306,1234,5114,981
5872,1636,8306,5440,6782,3121
5872,1636,8306,2325,141,4748
5872,1636,8306,8783,4102,6297
5872,1636,8306,8440,9804,9057
5872,1636,8306,3052,9865,7382
5872,1636,8306,2198,6532,998
5872,1636,8306,5580,1685,179
5872,1636,8306,8038,8135,3520
5872,1636,8306,4880,7793,6179
5872,1636,8306,6175,9138,5331
5872,1636,8306,6204,318,5533
5872,1636,8306,3667,4283,1527
5872,1636,8306,7281,2070,2878
5872,1636,8306,2815,8645,6204
5872,1636,8306,3121,8000,6521
5872,1636,8306,5349,8770,3826
5872,1636,8306,636,7856,459
5872,1636,8306,5437,9909,5521
5872,1636,8306,759,322,5493
5872,1636,8306,1947,1783,2943
5872,1636,8306,3456,8688,6085
5872,1636,8306,9808,9776,4815
5872,1636,8306,4801,5393,9941
5872,1636,8306,1908,8969,6765
5872,1636,8306,2390,8960,2724
5872,1636,8306,2183,986,9922
5872,1636,8306,3393,8145,9997
5872,1636,8306,6592,1286,5628
5872,1636,8306,1391,3107,5899
5872,1636,8306,4425,1534,9995
5872,1636,8306,3095,9972,3926
5872,1636,8306,425,4984,8499
5872,1636,8306,8252,6298,4370
5872,1636,8306,6738,4892,8898
5872,1636,8306,6107,6017,3227
5872,1636,8306,6371,5980,4096
5872,1636,8306,2261,4562,4261
5872,1636,8306,5805,6215,9742
5872,1636,8306,7879,1342,7292
5872,1636,8306,298,1501,7379
5872,1636,8306,8615,7768,1509
5872,1636,8306,7151,2781,9511
5872,1636,8306,6665,2553,8694
5872,1636,8306,4393,8976,9218
5872,1636,8306,8390,324,657
5872,1636,8306,9734,7181,6593
5872,1636,8306,3659,5787,3741
5872,1636,8306,4872,4333,3444
5872,1636,8306,3558,6806,9206
5872,1636,8306,9845,2932,2214
5872,1636,8306,4808,676,1771
5872,1636,8306,252,1916,5717
5872,1636,8306,8497,1946,8058
5872,1636,8306,8178,4998,3815
5872,1636,8306,7697,3963,8077
5872,1636,8306,8628,1199,3811
5872,1636,8306,5913,1379,1377
5872,1636,8306,8532,1270,6298
5872,1636,8306,5287,2341,9819
5872,1636,8306,5750,5444,1905
5872,1636,8306,3317,2299,6818
5872,1636,8306,2804,2819,2720
5872,1636,8306,4341,2735,4663
5872,1636,8306,4940,2827,7208
5872,1636,8306,4432,7713,3736
5872,1636,8306,3722,2357,7676
5872,1636,8306,7635,723,1775
5872,1636,8306,6317,2492,6594
5872,1636,8306,47,1110,3417
5872,1636,8306,9906,8781,1039
5872,1636,8306,1986,563,3764
5872,1636,8306,8784,5449,2217
5872,1636,8306,9290,3624,9954
5872,1636,8306,9662,1108,1639
5872,1636,8306,6859,2975,2907
5872,1636,8306,6820,7078,4429
5872,1636,8306,3069,5438,551
5872,1636,8306,3011,3281,8392
5872,1636,8306,161,7973,4251
5872,1636,8306,7790,5781,3857
5872,1636,8306,5243,9140,6123
5872,1636,8306,8285,9697,3398
5872,1636,8306,2,9310,7776
5872,1636,8306,2657,5927,4826
5872,1636,8306,3860,5295,3666
5872,1636,8306,1277,5412,4379
5872,1636,8306,1356,8084,4539
5872,1636,8306,9942,181,8977
5872,1636,8306,7382,9469,9005
5872,1636,8306,4930,4885,5699
5872,1636,8306,5339,7882,3018
5872,1636,8306,7317,8118,6201
5872,1636,8306,5743,2754,8635
5872,1636,8306,1855,5346,5968
5872,1636,8306,6536,9685,877
5872,1636,8306,3993,9265,541
5872,1636,8306,4216,7291,4518
5872,1636,8306,7887,9175,4554
5872,1636,8306,5908,7700,6477
5872,1636,8306,3372,3472,6893
5872,1636,8306,4155,10000,5551
5872,1636,8306,4279,5483,2069
5872,1636,8306,3586,4186,9674
5872,1636,8306,5505,1740,4051
5872,1636,8306,6727,4362,7708
5872,1636,8306,4691,6624,5599
5872,1636,8306,9120,6806,1464
5872,1636,8306,5192,4771,9579
5872,1636,8306,8075,7647,7240
5872,1636,8306,4901,857,1536
5872,1636,8306,6894,4518,8873
5872,1636,8306,786,8291,2981
5872,1636,8306,2053,7615,3797
5872,1636,8306,4087,2111,7285
5872,1636,8306,8351,5502,1710
5872,1636,8306,2207,2419,3542
5872,1636,8306,4572,328,2697
5872,1636,8306,1721,8444,3294
5872,1636,8306,3854,8559,3073
5872,1636,8306,5099,3459,6253
5872,1636,8306,8620,7936,8613
5872,1636,8306,9361,3897,2166
5872,1636,8306,4442,2682,4267
5872,1636,8306,4007,3754,7037
5872,1636,8306,3257,3869,590
5872,1636,8306,8419,2657,7955
5872,1636,8306,8178,1059,706
5872,1636,8306,4610,8435,4777
5872,1636,8306,4639,6702,9911
5872,1636,8306,465,3501,1498
5872,1636,8306,9057,168,6121
5872,1636,8306,9643,7183,4409
5872,1636,8306,3533,8003,4588
5872,1636,8306,9698,4266,5029
5872,1636,8306,9567,8233,5662
5872,1636,8306,4560,1154,2591
5872,1636,8306,2210,4265,9953
5872,1636,8306,5428,7402,1200
5872,1636,8306,1205,9126,5630
5872,1636,8306,7396,3074,8914
5872,1636,8306,3313,4197,6469
5872,1636,8306,6966,507,691
5872,1636,8306,7053,7288,3758
5872,1636,8306,2219,212,7852
5872,1636,8306,6402,7363,8985
5872,1636,8306,2852,485,1353
5872,1636,8306,1000,8294,324
5872,1636,8306,2224,8429,5147
5872,1636,8306,5852,594,4510
5872,1636,8306,6751,4288,5935
5872,1636,8306,8795,4534,7537
5872,1636,8306,9567,1658,5342
5872,1636,8306,8474,7249,6996
5872,1636,8306,5400,7300,865
5872,1636,8306,394,6893,8808
5872,1636,8306,6804,5559,5906
5872,1636,8306,5215,1559,2509
5872,1636,8306,5092,2296,2700
5872,1636,8306,2632,6520,7800
5872,1636,8306,3585,8418,9674
5872,1636,8306,1904,2596,342
5872,1636,8306,2241,6634,2916
5872,1636,8306,231,7385,5719
5872,1636,8306,5021,2314,2368
5872,1636,8306,1408,3635,3626
5872,1636,8306,7910,8085,7122
5872,1636,8306,3002,1863,8669
5872,1636,8306,2968,8256,7215
5872,1636,8306,415,3948,7873
5872,1636,8306,5362,423,8059
5872,1636,8306,8981,1574,6933
5872,1636,8306,2928,8773,3050
5872,1636,8306,5870,4137,3951
5872,1636,8306,7667,6163,4722
5872,1636,8306,3902,4264,2005
5872,1636,8306,9026,6193,5899
5872,1636,8306,4240,5960,8286
5872,1636,8306,3102,4725,8163
5872,1636,8306,640,3753,9369
5872,1636,8306,3420,2672,4634
5872,1636,8306,8068,186,4484
5872,1636,8306,8701,2575,889
5872,1636,8306,7249,5194,4757
5872,1636,8306,1596,8078,4100
5872,1636,8306,2941,7333,3515
5872,1636,8306,7414,3767,308
5872,1636,8306,3234,8260,9547
5872,1636,8306,939,6306,8
5872,1636,8306,4715,5681,4187
5872,1636,8306,8940,8196,1992
5872,1636,8306,1795,1401,7430
5872,1636,8306,133,8859,3633
5872,1636,8306,4444,4232,7636
5872,1636,8306,1161,2874,9043
5872,1636,8306,5578,9638,2396
5872,1636,8306,5266,9150,5714
5872,1636,8306,6587,6220,4498
5872,1636,8306,9370,3319,8777
5872,1636,8306,49,184,6374
5872,1636,8306,8175,8411,5898
5872,1636,8306,9252,1621,9631
5872,1636,8306,7071,1457,3242
5872,1636,8306,4860,9126,7846
5872,1636,8306,6896,1747,1587
5872,1636,8306,1935,248,4321
5872,1636,8306,1141,3371,5770
5872,1636,8306,2313,9519,2567
5872,1636,8306,2182,328,1069
5872,1636,8306,7384,8626,2039
5872,1636,8306,9018,81,1727
5872,1636,8306,2267,7230,8601
5872,1636,8306,6487,2913,966
5872,1636,8306,1303,3294,8243
5872,1636,8306,5099,822,3147
5872,1636,8306,9473,6141,5617
5872,1636,8306,9613,4954,2616
5872,1636,8306,9209,9949,5391
5872,1636,8306,6483,8032,51
5872,1636,8306,188,6006,2860
