3663,6787,4296,439,6207,8454
3663,6787,4296,682,2665,7079
3663,6787,4296,7361,8910,9031
3663,6787,4296,7910,9591,9617
3663,6787,4296,7607,8702,4537
3663,6787,4296,4783,4673,9377
3663,6787,4296,2525,2864,7909
3663,6787,4296,5651,342,5702
3663,6787,4296,3241,7592,2989
3663,6787,4296,9909,9616,6141
3663,6787,4296,4130,3797,5667
3663,6787,4296,5807,4149,3204
3663,6787,4296,700,9823,3714
3663,6787,4296,5500,9192,9707
3663,6787,4296,9681,9360,9501
3663,6787,4296,9376,9354,2451
3663,6787,4296,9228,5533,6772
3663,6787,4296,394,7553,4833
3663,6787,4296,1994,1008,3303
3663,6787,4296,8865,9950,2162
3663,6787,4296,5107,2241,840
3663,6787,4296,4136,6746,5363
3663,6787,4296,5087,6439,4536
3663,6787,4296,4794,9834,922
3663,6787,4296,4938,389,9270
3663,6787,4296,1825,5649,1129
3663,6787,4296,3074,8729,8476
3663,6787,4296,5744,9679,4451
3663,6787,4296,939,9598,7604
3663,6787,4296,1435,6750,7702
3663,6787,4296,7764,3023,1725
3663,6787,4296,279,5412,6986
3663,6787,4296,4725,4511,4215
3663,6787,4296,3631,961,7960
3663,6787,4296,717,6165,9759
3663,6787,4296,5377,7839,6640
3663,6787,4296,9390,1363,4094
3663,6787,4296,185,1997,221
3663,6787,4296,6036,5185,7032
3663,6787,4296,4679,2130,430
3663,6787,4296,792,3068,3996
3663,6787,4296,9631,6832,9041
3663,6787,4296,4263,3356,4273
3663,6787,4296,1903,4994,297
3663,6787,4296,7166,4634,1178
3663,6787,4296,9312,6186,1583
3663,6787,4296,7860,8553,495
3663,6787,4296,4826,645,6652
3663,6787,4296,6625,9163,7237
3663,6787,4296,1079,8428,6552
3663,6787,4296,1003,984,5386
3663,6787,4296,250,8186,4994
3663,6787,4296,121,3828,5189
3663,6787,4296,7897,2289,8241
3663,6787,4296,9215,3271,1785
3663,6787,4296,897,7079,5690
3663,6787,4296,7436,7548,5001
3663,6787,4296,6506,767,285
3663,6787,4296,2128,8312,5121
3663,6787,4296,3510,3277,8036
3663,6787,4296,1080,1209,3542
3663,6787,4296,5204,3357,710
3663,6787,4296,9940,1123,9276
3663,6787,4296,3952,1053,804
3663,6787,4296,1378,3381,868
3663,6787,4296,4926,1254,9879
3663,6787,4296,494,5483,4496
3663,6787,4296,9191,1499,4330
3663,6787,4296,8501,3907,6376
3663,6787,4296,3473,5347,2415
3663,6787,4296,2372,8701,3593
3663,6787,4296,9998,9702,728
3663,6787,4296,5687,5886,948
3663,6787,4296,5905,9061,5218
3663,6787,4296,1540,8708,7214
3663,6787,4296,8459,3505,9462
3663,6787,4296,237,8711,2197
3663,6787,4296,21,2378,8692
3663,6787,4296,4220,6442,7461
3663,6787,4296,3009,541,9828
3663,6787,4296,6468,2150,8037
3663,6787,4296,5415,9702,4950
3663,6787,4296,9205,907,422
3663,6787,4296,8112,8632,9763
3663,6787,4296,508,5718,4384
3663,6787,4296,4406,1553,8832
3663,6787,4296,8743,5727,9519
3663,6787,4296,7901,9430,4164
3663,6787,4296,8598,9800,6952
3663,6787,4296,4379,4724,5737
3663,6787,4296,6042,4511,4290
3663,6787,4296,8192,7012,5841
3663,6787,4296,6812,7859,4280
3663,6787,4296,7218,1644,4109
3663,6787,4296,5851,386,796
3663,6787,4296,9086,2211,9617
3663,6787,4296,6995,9890,3449
3663,6787,4296,9668,132,8430
3663,6787,4296,2076,3050,5107
3663,6787,4296,3021,7385,2644
3663,6787,4296,5974,6504,4975
3663,6787,4296,7371,6069,3355
3663,6787,4296,3578,8686,3403
3663,6787,4296,6968,1261,2985
3663,6787,4296,8531,995,3623
3663,6787,4296,768,2419,7218
3663,6787,4296,2683,3333,900
3663,6787,4296,4477,8873,2230
3663,6787,4296,7407,3428,5213
3663,6787,4296,1414,1399,5371
3663,6787,4296,4022,788,4566
3663,6787,4296,9229,7851,6265
3663,6787,4296,7700,3420,404
3663,6787,4296,3477,2485,5762
3663,6787,4296,390,1801,6644
3663,6787,4296,835,6376,6093
3663,6787,4296,912,6444,5029
3663,6787,4296,7015,5093,229
3663,6787,4296,5984,3651,1231
3663,6787,4296,8364,41,8633
3663,6787,4296,7828,1587,5313
3663,6787,4296,8335,3434,7993
3663,6787,4296,8771,3699,8212
3663,6787,4296,8811,5772,3668
3663,6787,4296,692,4265,7734
3663,6787,4296,4008,8517,1738
3663,6787,4296,6964,8545,4804
3663,6787,4296,7482,8810,8039
3663,6787,4296,9612,1762,6594
3663,6787,4296,4280,9196,1781
3663,6787,4296,2289,8502,5469
3663,6787,4296,1558,6566,5923
3663,6787,4296,7244,1963,3005
3663,6787,4296,6291,6355,5130
3663,6787,4296,5976,2428,3134
3663,6787,4296,9977,8531,5426
3663,6787,4296,486,2103,3160
3663,6787,4296,3420,2256,6384
3663,6787,4296,6911,8113,1953
3663,6787,4296,8167,9021,5030
3663,6787,4296,3005,5350,3602
3663,6787,4296,3372,2992,5692
3663,6787,4296,1541,4708,1986
3663,6787,4296,6372,5246,6938
3663,6787,4296,6158,4853,861
3663,6787,4296,7734,3093,3494
3663,6787,4296,9704,3070,1285
3663,6787,4296,4931,1442,5019
3663,6787,4296,2088,5254,766
3663,6787,4296,9964,7138,4280
3663,6787,4296,2269,1121,1004
3663,6787,4296,1210,9024,1142
3663,6787,4296,8978,6500,437
3663,6787,4296,9817,7279,2658
3663,6787,4296,9187,9522,8595
3663,6787,4296,7087,1589,8777
3663,6787,4296,1804,4050,2150
3663,6787,4296,8800,6869,7167
3663,6787,4296,1478,7366,4730
3663,6787,4296,2575,8737,1127
3663,6787,4296,2179,8632,2314
3663,6787,4296,2219,7211,8939
3663,6787,4296,3157,5256,4477
3663,6787,4296,4585,4726,4496
3663,6787,4296,2278,7609,8853
3663,6787,4296,7679,4385,8494
3663,6787,4296,961,1675,8466
3663,6787,4296,7292,8167,3190
3663,6787,4296,4848,3696,5454
3663,6787,4296,9033,8637,5472
3663,6787,4296,3180,2790,3529
3663,6787,4296,5953,6603,5571
3663,6787,4296,9980,8138,261
3663,6787,4296,9989,6720,7915
3663,6787,4296,5435,200,1355
3663,6787,4296,5190,181,8284
3663,6787,4296,9953,4432,4098
3663,6787,4296,8954,626,4053
3663,6787,4296,1894,7337,4865
3663,6787,4296,2065,8101,8472
3663,6787,4296,1234,5114,981
3663,6787,4296,5440,6782,3121
3663,6787,4296,2325,141,4748
3663,6787,4296,8783,4102,6297
3663,6787,4296,8440,9804,9057
3663,6787,4296,3052,9865,7382
3663,6787,4296,2198,6532,998
3663,6787,4296,5580,1685,179
3663,6787,4296,8038,8135,3520
3663,6787,4296,4880,7793,6179
3663,6787,4296,6175,9138,5331
3663,6787,4296,6204,318,5533
3663,6787,4296,3667,4283,1527
3663,6787,4296,7281,2070,2878
3663,6787,4296,2815,8645,6204
3663,6787,4296,3121,8000,6521
3663,6787,4296,5349,8770,3826
3663,6787,4296,636,7856,459
3663,6787,4296,5437,9909,5521
3663,6787,4296,759,322,5493
3663,6787,4296,1947,1783,2943
3663,6787,4296,3456,8688,6085
3663,6787,4296,9808,9776,4815
3663,6787,4296,4801,5393,9941
3663,6787,4296,1908,8969,6765
3663,6787,4296,2390,8960,2724
3663,6787,4296,2183,986,9922
3663,6787,4296,3393,8145,9997
3663,6787,4296,6592,1286,5628
3663,6787,4296,1391,3107,5899
3663,6787,4296,4425,1534,9995
3663,6787,4296,3095,9972,3926
3663,6787,4296,425,4984,8499
3663,6787,4296,8252,6298,4370
3663,6787,4296,6738,4892,8898
3663,6787,4296,6107,6017,3227
3663,6787,4296,6371,5980,4096
3663,6787,4296,2261,4562,4261
3663,6787,4296,5805,6215,9742
3663,6787,4296,7879,1342,7292
3663,6787,4296,298,1501,7379
3663,6787,4296,8615,7768,1509
3663,6787,4296,7151,2781,9511
3663,6787,4296,6665,2553,8694
3663,6787,4296,4393,8976,9218
3663,6787,4296,8390,324,657
3663,6787,4296,9734,7181,6593
3663,6787,4296,3659,5787,3741
3663,6787,4296,4872,4333,3444
3663,6787,4296,3558,6806,9206
3663,6787,4296,9845,2932,2214
3663,6787,4296,4808,676,1771
3663,6787,4296,252,1916,5717
3663,6787,4296,8497,1946,8058
3663,6787,4296,8178,4998,3815
3663,6787,4296,7697,3963,8077
3663,6787,4296,8628,1199,3811
3663,6787,4296,5913,1379,1377
3663,6787,4296,8532,1270,6298
3663,6787,4296,5287,2341,9819
3663,6787,4296,5750,5444,1905
3663,6787,4296,3317,2299,6818
3663,6787,4296,2804,2819,2720
3663,6787,4296,4341,2735,4663
3663,6787,4296,4940,2827,7208
3663,6787,4296,4432,7713,3736
3663,6787,4296,3722,2357,7676
3663,6787,4296,7635,723,1775
3663,6787,4296,6317,2492,6594
3663,6787,4296,47,1110,3417
3663,6787,4296,9906,8781,1039
3663,6787,4296,1986,563,3764
3663,6787,4296,8784,5449,2217
3663,6787,4296,9290,3624,9954
3663,6787,4296,9662,1108,1639
3663,6787,4296,6859,2975,2907
3663,6787,4296,6820,7078,4429
3663,6787,4296,3069,5438,551
3663,6787,4296,3011,3281,8392
3663,6787,4296,161,7973,4251
3663,6787,4296,7790,5781,3857
3663,6787,4296,5243,9140,6123
3663,6787,4296,8285,9697,3398
3663,6787,4296,2,9310,7776
3663,6787,4296,2657,5927,4826
3663,6787,4296,3860,5295,3666
3663,6787,4296,1277,5412,4379
3663,6787,4296,1356,8084,4539
3663,6787,4296,9942,181,8977
3663,6787,4296,7382,9469,9005
3663,6787,4296,4930,4885,5699
3663,6787,4296,5339,7882,3018
3663,6787,4296,7317,8118,6201
3663,6787,4296,5743,2754,8635
3663,6787,4296,1855,5346,5968
3663,6787,4296,6536,9685,877
3663,6787,4296,3993,9265,541
3663,6787,4296,4216,7291,4518
3663,6787,4296,7887,9175,4554
3663,6787,4296,5908,7700,6477
3663,6787,4296,3372,3472,6893
3663,6787,4296,4155,10000,5551
3663,6787,4296,4279,5483,2069
3663,6787,4296,3586,4186,9674
3663,6787,4296,5505,1740,4051
3663,6787,4296,6727,4362,7708
3663,6787,4296,4691,6624,5599
3663,6787,4296,9120,6806,1464
3663,6787,4296,5192,4771,9579
3663,6787,4296,8075,7647,7240
3663,6787,4296,4901,857,1536
3663,6787,4296,6894,4518,8873
3663,6787,4296,786,8291,2981
3663,6787,4296,2053,7615,3797
3663,6787,4296,4087,2111,7285
3663,6787,4296,8351,5502,1710
3663,6787,4296,2207,2419,3542
3663,6787,4296,4572,328,2697
3663,6787,4296,1721,8444,3294
3663,6787,4296,3854,8559,3073
3663,6787,4296,5099,3459,6253
3663,6787,4296,8620,7936,8613
3663,6787,4296,9361,3897,2166
3663,6787,4296,4442,2682,4267
3663,6787,4296,4007,3754,7037
3663,6787,4296,3257,3869,590
3663,6787,4296,8419,2657,7955
3663,6787,4296,8178,1059,706
3663,6787,4296,4610,8435,4777
3663,6787,4296,4639,6702,9911
3663,6787,4296,465,3501,1498
3663,6787,4296,9057,168,6121
3663,6787,4296,9643,7183,4409
3663,6787,4296,3533,8003,4588
3663,6787,4296,9698,4266,5029
3663,6787,4296,9567,8233,5662
3663,6787,4296,4560,1154,2591
3663,6787,4296,2210,4265,9953
3663,6787,4296,5428,7402,1200
3663,6787,4296,1205,9126,5630
3663,6787,4296,7396,3074,8914
3663,6787,4296,3313,4197,6469
3663,6787,4296,6966,507,691
3663,6787,4296,7053,7288,3758
3663,6787,4296,2219,212,7852
3663,6787,4296,6402,7363,8985
3663,6787,4296,2852,485,1353
3663,6787,4296,1000,8294,324
3663,6787,4296,2224,8429,5147
3663,6787,4296,5852,594,4510
3663,6787,4296,6751,4288,5935
3663,6787,4296,8795,4534,7537
3663,6787,4296,9567,1658,5342
3663,6787,4296,8474,7249,6996
3663,6787,4296,5400,7300,865
3663,6787,4296,394,6893,8808
3663,6787,4296,6804,5559,5906
3663,6787,4296,5215,1559,2509
3663,6787,4296,5092,2296,2700
3663,6787,4296,2632,6520,7800
3663,6787,4296,3585,8418,9674
3663,6787,4296,1904,2596,342
3663,6787,4296,2241,6634,2916
3663,6787,4296,231,7385,5719
3663,6787,4296,5021,2314,2368
3663,6787,4296,1408,3635,3626
3663,6787,4296,7910,8085,7122
3663,6787,4296,3002,1863,8669
3663,6787,4296,2968,8256,7215
3663,6787,4296,415,3948,7873
3663,6787,4296,5362,423,8059
3663,6787,4296,8981,1574,6933
3663,6787,4296,2928,8773,3050
3663,6787,4296,5870,4137,3951
3663,6787,4296,7667,6163,4722
3663,6787,4296,3902,4264,2005
3663,6787,4296,9026,6193,5899
3663,6787,4296,4240,5960,8286
3663,6787,4296,3102,4725,8163
3663,6787,4296,640,3753,9369
3663,6787,4296,3420,2672,4634
3663,6787,4296,8068,186,4484
3663,6787,4296,8701,2575,889
3663,6787,4296,7249,5194,4757
3663,6787,4296,1596,8078,4100
3663,6787,4296,2941,7333,3515
3663,6787,4296,7414,3767,308
3663,6787,4296,3234,8260,9547
3663,6787,4296,939,6306,8
3663,6787,4296,4715,5681,4187
3663,6787,4296,8940,8196,1992
3663,6787,4296,1795,1401,7430
3663,6787,4296,133,8859,3633
3663,6787,4296,4444,4232,7636
3663,6787,4296,1161,2874,9043
3663,6787,4296,5578,9638,2396
3663,6787,4296,5266,9150,5714
3663,6787,4296,6587,6220,4498
3663,6787,4296,9370,3319,8777
3663,6787,4296,49,184,6374
3663,6787,4296,8175,8411,5898
3663,6787,4296,9252,1621,9631
3663,6787,4296,7071,1457,3242
3663,6787,4296,4860,9126,7846
3663,6787,4296,6896,1747,1587
3663,6787,4296,1935,248,4321
3663,6787,4296,1141,3371,5770
3663,6787,4296,2313,9519,2567
3663,6787,4296,2182,328,1069
3663,6787,4296,7384,8626,2039
3663,6787,4296,9018,81,1727
3663,6787,4296,2267,7230,8601
3663,6787,4296,6487,2913,966
3663,6787,4296,1303,3294,8243
3663,6787,4296,5099,822,3147
3663,6787,4296,9473,6141,5617
3663,6787,4296,9613,4954,2616
3663,6787,4296,9209,9949,5391
3663,6787,4296,6483,8032,51
3663,6787,4296,188,6006,2860
3663,6787,4296,1965,4799,7205
3663,6787,4296,9815,1098,3790
3663,6787,4296,2599,6373,2964
3663,6787,4296,5963,8262,9440
3663,6787,4296,4765,8174,8936
3663,6787,4296,2517,6278,1258
3663,6787,4296,3719,5914,8345
3663,6787,4296,4430,1000,7506
3663,6787,4296,1852,8469,5852
3663,6787,4296,671,1348,2495
3663,6787,4296,6593,9791,4548
3663,6787,4296,3693,5602,6473
3663,6787,4296,7488,9933,3948
3663,6787,4296,9633,8761,7701
3663,6787,4296,9396,3779,4999
3663,6787,4296,7258,3252,6989
3663,6787,4296,132,8845,8260
3663,6787,4296,1281,3373,8344
3663,6787,4296,3093,9333,5647
3663,6787,4296,7616,7434,1706
3663,6787,4296,7932,3755,7111
3663,6787,4296,7298,2455,9845
3663,6787,4296,9696,813,3015
3663,6787,4296,2962,3383,93
3663,6787,4296,4129,896,5704
3663,6787,4296,3243,6175,1633
3663,6787,4296,3736,9409,7353
3663,6787,4296,8986,6316,1309
3663,6787,4296,3994,1362,6115
3663,6787,4296,8079,2563,6937
3663,6787,4296,2368,3182,6450
3663,6787,4296,3321,356,4137
3663,6787,4296,1574,4363,605
3663,6787,4296,6329,6650,3540
3663,6787,4296,5468,9466,2526
3663,6787,4296,5642,4373,4051
3663,6787,4296,7473,2542,7980
3663,6787,4296,8501,6131,1108
3663,6787,4296,6725,5627,153
3663,6787,4296,6968,8324,9128
3663,6787,4296,3749,2096,1023
3663,6787,4296,4601,9949,9618
3663,6787,4296,9294,1935,5498
3663,6787,4296,3726,6000,7109
3663,6787,4296,8215,1723,2181
3663,6787,4296,9638,8453,8292
3663,6787,4296,3143,4503,2716
3663,6787,4296,5809,4092,9202
3663,6787,4296,8289,2563,7709
3663,6787,4296,8266,4959,6957
3663,6787,4296,2191,1317,7527
3663,6787,4296,2199,6215,373
3663,6787,4296,1086,113,2465
3663,6787,4296,4511,7933,4308
3663,6787,4296,4809,8389,314
3663,6787,4296,8675,912,6467
3663,6787,4296,6115,5708,7571
3663,6787,4296,8039,6566,9566
3663,6787,4296,7077,8331,2049
3663,6787,4296,7521,5009,3795
3663,6787,4296,2636,4564,7336
3663,6787,4296,8155,9025,3944
3663,6787,4296,2183,4436,8196
3663,6787,4296,2470,9802,9884
3663,6787,4296,3520,9150,3209
3663,6787,4296,2589,3742,7656
3663,6787,4296,6491,278,2024
3663,6787,4296,3894,4506,3423
3663,6787,4296,1074,3118,8219
3663,6787,4296,1554,4262,8067
3663,6787,4296,4996,5689,2288
3663,6787,4296,3808,918,9732
3663,6787,4296,8803,5504,7821
3663,6787,4296,21,515,4836
3663,6787,4296,4641,1594,7779
3663,6787,4296,9267,1179,5083
3663,6787,4296,10,4957,6258
3663,6787,4296,3202,5970,5460
3663,6787,4296,581,9474,9715
3663,6787,4296,9740,9290,4439
3663,6787,4296,3014,22,9098
3663,6787,4296,6468,9843,9242
3663,6787,4296,6424,873,8186
3663,6787,4296,1591,2408,894
3663,6787,4296,862,55,6927
3663,6787,4296,6245,846,6400
3663,6787,4296,8955,7619,7363
3663,6787,4296,5989,6715,9199
3663,6787,4296,2700,6579,5846
3663,6787,4296,3881,408,6001
3663,6787,4296,4868,2650,4791
3663,6787,4296,8806,763,7897
3663,6787,4296,1189,5436,983
3663,6787,4296,1353,352,7973
3663,6787,4296,6692,6961,3155
3663,6787,4296,4129,7232,60
3663,6787,4296,2512,6796,5420
3663,6787,4296,5789,6864,9739
3663,6787,4296,2433,8472,891
3663,6787,4296,8752,9944,7154
3663,6787,4296,3863,2878,7320
3663,6787,4296,3778,156,3252
3663,6787,4296,8354,4056,9992
3663,6787,4296,5508,8929,2052
3663,6787,4296,3514,3124,9701
3663,6787,4296,5658,9257,6419
3663,6787,4296,6559,4119,1329
3663,6787,4296,734,2880,8751
3663,6787,4296,2250,4860,5174
3663,6787,4296,4274,2824,4378
