3032,5446,555,8756,818,2701
3032,5446,555,856,8551,2663
3032,5446,555,5738,93,1797
3032,5446,555,3726,7289,2579
3032,5446,555,7181,6530,2383
3032,5446,555,9527,1222,6359
3032,5446,555,7462,3356,6562
3032,5446,555,4645,2240,2382
3032,5446,555,4135,688,1189
3032,5446,555,3263,9061,4325
3032,5446,555,5133,6153,1226
3032,5446,555,3311,2883,3033
3032,5446,555,3949,2705,7322
3032,5446,555,8705,2026,1488
3032,5446,555,6860,3365,2541
3032,5446,555,7297,7601,6130
3032,5446,555,6808,4469,8771
3032,5446,555,9607,5906,8960
3032,5446,555,8557,2246,2067
3032,5446,555,2327,6425,7768
3032,5446,555,7640,165,1722
3032,5446,555,6419,2065,4291
3032,5446,555,6939,4602,1799
3032,5446,555,2080,9730,9417
3032,5446,555,4487,7025,7981
3032,5446,555,5717,9331,6759
3032,5446,555,7311,3373,9374
3032,5446,555,2240,2411,9394
3032,5446,555,7717,6800,9544
3032,5446,555,9331,9091,6621
3032,5446,555,1952,6632,1978
3032,5446,555,797,7510,3210
3032,5446,555,9318,6530,6751
3032,5446,555,7857,5346,1703
3032,5446,555,9788,8218,4520
3032,5446,555,4830,7932,6090
3032,5446,555,4243,6239,3441
3032,5446,555,3312,8593,8820
3032,5446,555,8790,169,5009
3032,5446,555,9367,5017,2712
3032,5446,555,5041,1539,6513
3032,5446,555,9329,6089,3401
3032,5446,555,9339,437,2549
3032,5446,555,5184,3832,8804
3032,5446,555,2572,932,4918
3032,5446,555,3470,9402,8022
3032,5446,555,8990,9998,9174
3032,5446,555,3705,5171,1302
3032,5446,555,5701,331,2703
3032,5446,555,9618,1443,6591
3032,5446,555,2053,6715,926
3032,5446,555,2351,7126,4598
3032,5446,555,9668,1273,3585
3032,5446,555,7431,8407,2089
3032,5446,555,7260,7306,3339
3032,5446,555,173,9037,4442
3032,5446,555,5212,5117,9242
3032,5446,555,2153,4908,6248
3032,5446,555,5575,7942,4768
3032,5446,555,2224,859,7980
3032,5446,555,8801,9189,3098
3032,5446,555,4853,9526,2919
3032,5446,555,9005,5569,6611
3032,5446,555,9559,4034,5055
3032,5446,555,2536,2906,4932
3032,5446,555,3440,9207,3742
3032,5446,555,4086,5748,1797
3032,5446,555,8280,7916,4392
3032,5446,555,6740,1718,9998
3032,5446,555,2299,6989,7677
3032,5446,555,7784,5694,2709
3032,5446,555,5836,6460,3393
3032,5446,555,6698,7360,1254
3032,5446,555,169,1889,4931
3032,5446,555,3554,5756,5303
3032,5446,555,6191,1804,8849
3032,5446,555,3816,2619,2263
3032,5446,555,4335,4874,8862
3032,5446,555,8048,3670,7561
3032,5446,555,3980,3300,7384
3032,5446,555,4420,4865,2412
3032,5446,555,3552,3508,4150
3032,5446,555,2252,5769,1687
3032,5446,555,1323,943,9936
3032,5446,555,5289,9351,1063
3032,5446,555,7377,1720,7765
3032,5446,555,5760,5884,1631
3032,5446,555,7458,4453,1013
3032,5446,555,2989,1182,1505
3032,5446,555,282,5315,9771
3032,5446,555,9639,5534,7033
3032,5446,555,6759,7680,5417
3032,5446,555,9959,4633,3959
3032,5446,555,5529,5178,116
3032,5446,555,4026,9503,6451
3032,5446,555,1879,2875,6581
3032,5446,555,3305,5632,6938
3032,5446,555,2036,770,6897
3032,5446,555,5539,1284,1629
3032,5446,555,5472,7810,5098
3032,5446,555,1159,1336,308
3032,5446,555,4961,3225,68
3032,5446,555,7274,230,3495
3032,5446,555,4109,4088,4741
3032,5446,555,5763,2137,4640
3032,5446,555,1258,5990,5362
3032,5446,555,5526,8208,333
3032,5446,555,204,8512,2145
3032,5446,555,7152,5319,9457
3032,5446,555,5329,6780,410
3032,5446,555,3456,4555,4159
3032,5446,555,9311,3847,7297
3032,5446,555,6109,6441,8613
3032,5446,555,4723,3953,757
3032,5446,555,2489,6327,7705
3032,5446,555,9929,8816,3917
3032,5446,555,2233,868,815
3032,5446,555,4234,5223,5364
3032,5446,555,4947,9147,1930
3032,5446,555,6710,5430,3758
3032,5446,555,7510,7293,6899
3032,5446,555,3877,6675,6255
3032,5446,555,4483,1977,7857
3032,5446,555,6319,6516,5894
3032,5446,555,8573,8920,6322
3032,5446,555,9701,4154,370
3032,5446,555,5761,854,1865
3032,5446,555,1904,1545,1905
3032,5446,555,8479,3458,4161
3032,5446,555,6122,4562,1491
3032,5446,555,6399,3606,1534
3032,5446,555,1043,2957,6699
3032,5446,555,5212,7996,6078
3032,5446,555,4869,1691,448
3032,5446,555,3107,5866,4346
3032,5446,555,5221,4837,4644
3032,5446,555,6760,1122,5722
3032,5446,555,4531,6211,698
3032,5446,555,259,6077,9011
3032,5446,555,8977,2555,6585
3032,5446,555,5936,2688,2953
3032,5446,555,2539,4400,6378
3032,5446,555,7777,3976,7656
3032,5446,555,3183,5215,4809
3032,5446,555,4388,8664,1637
3032,5446,555,4059,1490,5835
3032,5446,555,1793,4176,9667
3032,5446,555,3746,2970,8225
3032,5446,555,7889,1806,3283
3032,5446,555,9648,528,7244
3032,5446,555,708,694,5756
3032,5446,555,5079,3765,3008
3032,5446,555,2440,7887,5873
3032,5446,555,6366,4580,7692
3032,5446,555,349,1152,3172
3032,5446,555,9541,5466,6050
3032,5446,555,3778,451,6415
3032,5446,555,9184,3430,5830
3032,5446,555,6731,1978,3388
3032,5446,555,9160,4242,4677
3032,5446,555,3097,8555,8717
3032,5446,555,3217,1355,9345
3032,5446,555,2897,4911,2889
3032,5446,555,5746,1540,3151
3032,5446,555,7247,1564,900
3032,5446,555,2465,3929,7346
3032,5446,555,4194,7892,1872
3032,5446,555,3073,1483,9309
3032,5446,555,4392,2732,2637
3032,5446,555,6940,2503,1515
3032,5446,555,7491,9433,6757
3032,5446,555,9482,9737,363
3032,5446,555,769,5694,90
3032,5446,555,2514,8833,4567
3032,5446,555,986,2768,1545
3032,5446,555,7267,9951,2997
3032,5446,555,4094,8760,6335
3032,5446,555,1136,4883,4914
3032,5446,555,3219,2651,7213
3032,5446,555,7242,6732,105
3032,5446,555,2597,6741,4534
3032,5446,555,5050,4320,3939
3032,5446,555,8860,2992,2635
3032,5446,555,7088,4683,6358
3032,5446,555,237,1404,189
3032,5446,555,3116,8904,2933
3032,5446,555,9636,1373,3328
3032,5446,555,7983,3441,4690
3032,5446,555,7086,5205,149
3032,5446,555,9571,1789,9167
3032,5446,555,9699,4795,4335
3032,5446,555,9109,6546,3803
3032,5446,555,5441,6321,9121
3032,5446,555,1118,4942,1931
3032,5446,555,7903,7552,9832
3032,5446,555,4159,7798,6701
3032,5446,555,7755,6926,4158
3032,5446,555,1377,5642,7302
3032,5446,555,9403,4138,9631
3032,5446,555,1146,9755,7170
3032,5446,555,3327,9004,1777
3032,5446,555,6625,886,6501
3032,5446,555,5869,6694,4186
3032,5446,555,5967,6064,6666
3032,5446,555,9259,5005,6932
3032,5446,555,2445,447,7278
3032,5446,555,4550,175,6785
3032,5446,555,2780,7939,8485
3032,5446,555,4980,2502,8263
3032,5446,555,8679,4954,9807
3032,5446,555,5958,8164,3559
3032,5446,555,6439,2226,1994
3032,5446,555,7505,2781,66
3032,5446,555,1865,1107,9683
3032,5446,555,7287,2137,3012
3032,5446,555,7075,283,1855
3032,5446,555,739,3527,5072
3032,5446,555,1947,686,1145
3032,5446,555,4637,7412,1973
3032,5446,555,3754,2585,7993
3032,5446,555,798,4842,1453
3032,5446,555,1524,1592,6169
3032,5446,555,8093,3430,4867
3032,5446,555,9007,7123,3129
3032,5446,555,192,2346,6234
3032,5446,555,4275,8319,4894
3032,5446,555,9556,1741,3452
3032,5446,555,8167,6693,3098
3032,5446,555,8482,3188,3459
3032,5446,555,5123,6595,4861
3032,5446,555,1434,8866,4771
3032,5446,555,4081,1664,3963
3032,5446,555,506,1494,4590
3032,5446,555,7935,1433,6556
3032,5446,555,3484,2839,1096
3032,5446,555,1752,6064,2280
3032,5446,555,3982,5279,9269
3032,5446,555,882,6373,5182
3032,5446,555,2015,7454,1902
3032,5446,555,2076,4467,527
3032,5446,555,7378,6905,5656
3032,5446,555,9594,9299,3026
3032,5446,555,1377,4570,4670
3032,5446,555,6899,178,6312
3032,5446,555,637,5582,5112
3032,5446,555,9475,4387,3206
3032,5446,555,8348,236,2454
3032,5446,555,8503,8466,4321
3032,5446,555,9363,1296,3103
3032,5446,555,3892,6635,7000
3032,5446,555,603,2099,2226
3032,5446,555,4284,8173,7377
3032,5446,555,9866,4886,7625
3032,5446,555,5687,4947,7026
3032,5446,555,6483,3838,1698
3032,5446,555,1065,597,5772
3032,5446,555,5028,2375,3715
3032,5446,555,561,1836,7126
3032,5446,555,401,8129,8391
3032,5446,555,8527,4526,8876
3032,5446,555,4691,7724,6842
3032,5446,555,6495,3622,4354
3032,5446,555,7265,1340,8742
3032,5446,555,5158,3857,6934
3032,5446,555,9241,7877,6445
3032,5446,555,9741,7430,2023
3032,5446,555,5910,6448,229
3032,5446,555,1424,6246,5975
3032,5446,555,9324,2782,9678
3032,5446,555,2382,4560,9413
3032,5446,555,2926,1218,2889
3032,5446,555,1384,7421,4794
3032,5446,555,4059,834,1622
3032,5446,555,9622,8767,6285
3032,5446,555,8513,3307,1716
3032,5446,555,6865,1628,8318
3032,5446,555,7824,5887,7971
3032,5446,555,2949,1227,9085
3032,5446,555,4414,3867,253
3032,5446,555,2712,5305,1926
3032,5446,555,3382,5885,827
3032,5446,555,4923,3541,5501
3032,5446,555,711,8969,487
3032,5446,555,2392,9183,3157
3032,5446,555,3988,3606,9971
3032,5446,555,6436,6559,2628
3032,5446,555,2069,7508,7395
3032,5446,555,8468,7712,4556
3032,5446,555,5613,6959,4417
3032,5446,555,9189,3715,8067
3032,5446,555,4165,7812,3643
3032,5446,555,1112,4524,4258
3032,5446,555,1525,2157,9213
3032,5446,555,2723,5737,2040
3032,5446,555,9099,316,3303
3032,5446,555,5414,1875,8835
3032,5446,555,1511,8315,3421
3032,5446,555,9081,6146,8023
3032,5446,555,6266,828,9570
3032,5446,555,6809,339,4047
3032,5446,555,4841,4910,7451
3032,5446,555,7300,3283,8208
3032,5446,555,3259,132,1926
3032,5446,555,1630,8264,5516
3032,5446,555,4344,4177,5336
3032,5446,555,8215,169,8129
3032,5446,555,1328,8859,2397
3032,5446,555,2467,2030,897
3032,5446,555,7232,8934,6327
3032,5446,555,1484,9577,558
3032,5446,555,3174,4462,5015
3032,5446,555,230,9659,3745
3032,5446,555,1055,5165,8967
3032,5446,555,9795,3551,1799
3032,5446,555,958,2320,8608
3032,5446,555,8607,2036,276
3032,5446,555,704,3123,4992
3032,5446,555,8951,6361,4161
3032,5446,555,5938,6184,8834
3032,5446,555,3297,5571,8991
3032,5446,555,8046,195,8846
3032,5446,555,1168,2018,3383
3032,5446,555,7039,8300,6847
3032,5446,555,1247,8372,2432
3032,5446,555,3796,5628,2865
3032,5446,555,6561,3935,8969
3032,5446,555,6192,5089,7864
3032,5446,555,1899,6489,8904
3032,5446,555,5301,7124,3032
3032,5446,555,551,7831,5366
3032,5446,555,4949,1822,6557
3032,5446,555,1468,5370,5919
3032,5446,555,8081,8724,1044
3032,5446,555,1190,7499,694
3032,5446,555,5656,7020,4799
3032,5446,555,3637,1860,9885
3032,5446,555,596,4131,8852
3032,5446,555,2579,766,3216
3032,5446,555,5444,2416,956
3032,5446,555,4860,6197,9279
3032,5446,555,2289,2536,2567
3032,5446,555,3376,868,3170
3032,5446,555,3338,757,28
3032,5446,555,2600,7707,7562
3032,5446,555,205,37,3174
3032,5446,555,6854,5823,3092
3032,5446,555,8847,7244,2619
3032,5446,555,163,9023,4714
3032,5446,555,5495,1513,5964
3032,5446,555,7585,2361,3392
3032,5446,555,9926,2330,3595
3032,5446,555,1634,1658,1068
3032,5446,555,6479,6685,7404
3032,5446,555,3080,6259,8586
3032,5446,555,4462,2602,7098
3032,5446,555,3804,7042,4468
3032,5446,555,8799,1087,4674
3032,5446,555,8826,9066,966
3032,5446,555,5038,9213,4568
3032,5446,555,3246,3513,7161
3032,5446,555,4443,2852,2862
3032,5446,555,5326,2788,1740
3032,5446,555,3552,1856,3011
3032,5446,555,5731,2748,142
3032,5446,555,2574,8940,1541
3032,5446,555,6624,8193,8450
3032,5446,555,9696,5397,9030
3032,5446,555,4645,8221,2980
3032,5446,555,783,8693,5379
3032,5446,555,6708,1124,7481
3032,5446,555,3095,7643,9486
3032,5446,555,2369,7484,3645
3032,5446,555,77,4483,9343
3032,5446,555,5507,6702,7442
3032,5446,555,7951,9349,242
3032,5446,555,3227,4324,9731
3032,5446,555,9350,1141,5176
3032,5446,555,5259,405,4132
3032,5446,555,9032,9228,9834
3032,5446,555,3314,6959,8464
3032,5446,555,7179,5765,735
3032,5446,555,4311,6506,4892
3032,5446,555,5418,308,6105
3032,5446,555,5173,2537,556
3032,5446,555,627,5807,2545
3032,5446,555,5838,754,1010
3032,5446,555,1338,6421,1529
3032,5446,555,297,7848,6278
3032,5446,555,8739,3182,6003
3032,5446,555,102,2243,2574
3032,5446,555,418,2151,395
3032,5446,555,4092,3522,8633
3032,5446,555,3786,3934,6966
3032,5446,555,7017,996,1706
3032,5446,555,6577,6064,6577
3032,5446,555,6445,2346,1244
3032,5446,555,7414,8464,790
3032,5446,555,8420,9675,5299
3032,5446,555,1973,4671,8821
3032,5446,555,581,9550,8476
3032,5446,555,9891,1865,4247
3032,5446,555,7102,7600,7103
3032,5446,555,2,4052,6863
3032,5446,555,7302,4882,5714
3032,5446,555,4082,8623,1185
3032,5446,555,9869,5441,2663
3032,5446,555,6229,3274,2249
3032,5446,555,136,5465,979
3032,5446,555,7209,1188,6602
3032,5446,555,6103,1745,6197
3032,5446,555,4923,9403,3570
3032,5446,555,2329,7003,9776
3032,5446,555,623,5733,6988
3032,5446,555,9253,759,315
3032,5446,555,4517,7629,4645
3032,5446,555,4318,3874,2645
3032,5446,555,3849,6373,1466
3032,5446,555,1066,7616,6513
3032,5446,555,4492,9551,4749
3032,5446,555,1757,5907,3378
3032,5446,555,6760,4853,7140
3032,5446,555,5282,875,3508
3032,5446,555,5901,7629,4565
3032,5446,555,9558,1809,2255
3032,5446,555,3356,2758,8517
3032,5446,555,7157,5487,4795
3032,5446,555,6760,4942,3938
3032,5446,555,4309,808,1876
3032,5446,555,7714,9451,8104
3032,5446,555,3458,4456,6248
3032,5446,555,5924,8968,2872
3032,5446,555,2881,4913,9863
3032,5446,555,3878,4987,1640
3032,5446,555,5355,3203,6607
3032,5446,555,6958,6598,846
3032,5446,555,717,6504,2426
3032,5446,555,2138,8110,2843
3032,5446,555,2454,5835,9416
3032,5446,555,279,5191,8031
3032,5446,555,7732,8463,2898
3032,5446,555,3982,5516,6732
3032,5446,555,6244,2250,455
3032,5446,555,4811,1242,4096
3032,5446,555,3962,2539,8446
3032,5446,555,7698,3552,6656
3032,5446,555,2664,5119,8926
3032,5446,555,2851,2876,5959
3032,5446,555,7805,4365,6154
3032,5446,555,8673,5359,6270
3032,5446,555,329,1183,3450
3032,5446,555,9661,3221,658
3032,5446,555,7512,7802,8777
3032,5446,555,1219,8759,118
3032,5446,555,2348,6156,3962
3032,5446,555,1966,6962,7550
3032,5446,555,6906,3646,9715
3032,5446,555,3516,9350,8062
3032,5446,555,4288,6120,2439
3032,5446,555,921,6629,9207
3032,5446,555,4842,3632,111
3032,5446,555,7730,1233,6241
3032,5446,555,4697,2841,8967
3032,5446,555,4189,9726,3341
3032,5446,555,8624,8836,697
3032,5446,555,9547,8416,4797
3032,5446,555,8798,9151,2128
3032,5446,555,8998,7980,2680
3032,5446,555,8630,691,6819
3032,5446,555,6560,8415,1515
3032,5446,555,1908,1914,6741
3032,5446,555,5232,8286,5250
3032,5446,555,9101,2254,7414
3032,5446,555,9624,5033,3721
3032,5446,555,8199,6570,7243
3032,5446,555,8538,7797,8280
3032,5446,555,8606,6067,4215
3032,5446,555,5815,9443,8886
3032,5446,555,1157,4766,5584
3032,5446,555,2886,3429,1023
3032,5446,555,561,9605,7341
3032,5446,555,4547,4869,5741
3032,5446,555,598,4850,6761
3032,5446,555,8269,5964,5264
3032,5446,555,2982,3959,6504
3032,5446,555,8959,4184,1460
3032,5446,555,2140,9705,6464
3032,5446,555,42,6643,6481
3032,5446,555,797,867,7885
3032,5446,555,8830,7263,1840
3032,5446,555,7284,8189,9753
3032,5446,555,6990,6800,3284
3032,5446,555,4497,3642,7450
3032,5446,555,7003,6616,3798
3032,5446,555,3585,5209,4131
3032,5446,555,7997,2206,4413
3032,5446,555,8728,9963,9687
3032,5446,555,6649,6377,6579
3032,5446,555,7993,1285,2440
3032,5446,555,4979,394,5662
3032,5446,555,5372,2721,1423
3032,5446,555,4083,7489,2558
3032,5446,555,5654,3838,208
3032,5446,555,3961,6959,4532
3032,5446,555,848,7687,7753
3032,5446,555,362,3862,7587
3032,5446,555,5975,3476,5415
3032,5446,555,851,4697,8690
3032,5446,555,8287,633,6980
3032,5446,555,7960,4343,4603
3032,5446,555,6450,5633,4184
