167,7677,7249,1234,5114,981
167,7677,7249,5440,6782,3121
167,7677,7249,2325,141,4748
167,7677,7249,8783,4102,6297
167,7677,7249,8440,9804,9057
167,7677,7249,3052,9865,7382
167,7677,7249,2198,6532,998
167,7677,7249,5580,1685,179
167,7677,7249,8038,8135,3520
167,7677,7249,4880,7793,6179
167,7677,7249,6175,9138,5331
167,7677,7249,6204,318,5533
167,7677,7249,3667,4283,1527
167,7677,7249,7281,2070,2878
167,7677,7249,2815,8645,6204
167,7677,7249,3121,8000,6521
167,7677,7249,5349,8770,3826
167,7677,7249,636,7856,459
167,7677,7249,5437,9909,5521
167,7677,7249,759,322,5493
167,7677,7249,1947,1783,2943
167,7677,7249,3456,8688,6085
167,7677,7249,9808,9776,4815
167,7677,7249,4801,5393,9941
167,7677,7249,1908,8969,6765
167,7677,7249,2390,8960,2724
167,7677,7249,2183,986,9922
167,7677,7249,3393,8145,9997
167,7677,7249,6592,1286,5628
167,7677,7249,1391,3107,5899
167,7677,7249,4425,1534,9995
167,7677,7249,3095,9972,3926
167,7677,7249,425,4984,8499
167,7677,7249,8252,6298,4370
167,7677,7249,6738,4892,8898
167,7677,7249,6107,6017,3227
167,7677,7249,6371,5980,4096
167,7677,7249,2261,4562,4261
167,7677,7249,5805,6215,9742
167,7677,7249,7879,1342,7292
167,7677,7249,298,1501,7379
167,7677,7249,8615,7768,1509
167,7677,7249,7151,2781,9511
167,7677,7249,6665,2553,8694
167,7677,7249,4393,8976,9218
167,7677,7249,8390,324,657
167,7677,7249,9734,7181,6593
167,7677,7249,3659,5787,3741
167,7677,7249,4872,4333,3444
167,7677,7249,3558,6806,9206
167,7677,7249,9845,2932,2214
167,7677,7249,4808,676,1771
167,7677,7249,252,1916,5717
167,7677,7249,8497,1946,8058
167,7677,7249,8178,4998,3815
167,7677,7249,7697,3963,8077
167,7677,7249,8628,1199,3811
167,7677,7249,5913,1379,1377
167,7677,7249,8532,1270,6298
167,7677,7249,5287,2341,9819
167,7677,7249,5750,5444,1905
167,7677,7249,3317,2299,6818
167,7677,7249,2804,2819,2720
167,7677,7249,4341,2735,4663
167,7677,7249,4940,2827,7208
167,7677,7249,4432,7713,3736
167,7677,7249,3722,2357,7676
167,7677,7249,7635,723,1775
167,7677,7249,6317,2492,6594
167,7677,7249,47,1110,3417
167,7677,7249,9906,8781,1039
167,7677,7249,1986,563,3764
167,7677,7249,8784,5449,2217
167,7677,7249,9290,3624,9954
167,7677,7249,9662,1108,1639
167,7677,7249,6859,2975,2907
167,7677,7249,6820,7078,4429
167,7677,7249,3069,5438,551
167,7677,7249,3011,3281,8392
167,7677,7249,161,7973,4251
167,7677,7249,7790,5781,3857
167,7677,7249,5243,9140,6123
167,7677,7249,8285,9697,3398
167,7677,7249,2,9310,7776
167,7677,7249,2657,5927,4826
167,7677,7249,3860,5295,3666
167,7677,7249,1277,5412,4379
167,7677,7249,1356,8084,4539
167,7677,7249,9942,181,8977
167,7677,7249,7382,9469,9005
167,7677,7249,4930,4885,5699
167,7677,7249,5339,7882,3018
167,7677,7249,7317,8118,6201
167,7677,7249,5743,2754,8635
167,7677,7249,1855,5346,5968
167,7677,7249,6536,9685,877
167,7677,7249,3993,9265,541
167,7677,7249,4216,7291,4518
167,7677,7249,7887,9175,4554
167,7677,7249,5908,7700,6477
167,7677,7249,3372,3472,6893
167,7677,7249,4155,10000,5551
167,7677,7249,4279,5483,2069
167,7677,7249,3586,4186,9674
167,7677,7249,5505,1740,4051
167,7677,7249,6727,4362,7708
167,7677,7249,4691,6624,5599
167,7677,7249,9120,6806,1464
167,7677,7249,5192,4771,9579
167,7677,7249,8075,7647,7240
167,7677,7249,4901,857,1536
167,7677,7249,6894,4518,8873
167,7677,7249,786,8291,2981
167,7677,7249,2053,7615,3797
167,7677,7249,4087,2111,7285
167,7677,7249,8351,5502,1710
167,7677,7249,2207,2419,3542
167,7677,7249,4572,328,2697
167,7677,7249,1721,8444,3294
167,7677,7249,3854,8559,3073
167,7677,7249,5099,3459,6253
167,7677,7249,8620,7936,8613
167,7677,7249,9361,3897,2166
167,7677,7249,4442,2682,4267
167,7677,7249,4007,3754,7037
167,7677,7249,3257,3869,590
167,7677,7249,8419,2657,7955
167,7677,7249,8178,1059,706
167,7677,7249,4610,8435,4777
167,7677,7249,4639,6702,9911
167,7677,7249,465,3501,1498
167,7677,7249,9057,168,6121
167,7677,7249,9643,7183,4409
167,7677,7249,3533,8003,4588
167,7677,7249,9698,4266,5029
167,7677,7249,9567,8233,5662
167,7677,7249,4560,1154,2591
167,7677,7249,2210,4265,9953
167,7677,7249,5428,7402,1200
167,7677,7249,1205,9126,5630
167,7677,7249,7396,3074,8914
167,7677,7249,3313,4197,6469
167,7677,7249,6966,507,691
167,7677,7249,7053,7288,3758
167,7677,7249,2219,212,7852
167,7677,7249,6402,7363,8985
167,7677,7249,2852,485,1353
167,7677,7249,1000,8294,324
167,7677,7249,2224,8429,5147
167,7677,7249,5852,594,4510
167,7677,7249,6751,4288,5935
167,7677,7249,8795,4534,7537
167,7677,7249,9567,1658,5342
167,7677,7249,8474,7249,6996
167,7677,7249,5400,7300,865
167,7677,7249,394,6893,8808
167,7677,7249,6804,5559,5906
167,7677,7249,5215,1559,2509
167,7677,7249,5092,2296,2700
167,7677,7249,2632,6520,7800
167,7677,7249,3585,8418,9674
167,7677,7249,1904,2596,342
167,7677,7249,2241,6634,2916
167,7677,7249,231,7385,5719
167,7677,7249,5021,2314,2368
167,7677,7249,1408,3635,3626
167,7677,7249,7910,8085,7122
167,7677,7249,3002,1863,8669
167,7677,7249,2968,8256,7215
167,7677,7249,415,3948,7873
167,7677,7249,5362,423,8059
167,7677,7249,8981,1574,6933
167,7677,7249,2928,8773,3050
167,7677,7249,5870,4137,3951
167,7677,7249,7667,6163,4722
167,7677,7249,3902,4264,2005
167,7677,7249,9026,6193,5899
167,7677,7249,4240,5960,8286
167,7677,7249,3102,4725,8163
167,7677,7249,640,3753,9369
167,7677,7249,3420,2672,4634
167,7677,7249,8068,186,4484
167,7677,7249,8701,2575,889
167,7677,7249,7249,5194,4757
167,7677,7249,1596,8078,4100
167,7677,7249,2941,7333,3515
167,7677,7249,7414,3767,308
167,7677,7249,3234,8260,9547
167,7677,7249,939,6306,8
167,7677,7249,4715,5681,4187
167,7677,7249,8940,8196,1992
167,7677,7249,1795,1401,7430
167,7677,7249,133,8859,3633
167,7677,7249,4444,4232,7636
167,7677,7249,1161,2874,9043
167,7677,7249,5578,9638,2396
167,7677,7249,5266,9150,5714
167,7677,7249,6587,6220,4498
167,7677,7249,9370,3319,8777
167,7677,7249,49,184,6374
167,7677,7249,8175,8411,5898
167,7677,7249,9252,1621,9631
167,7677,7249,7071,1457,3242
167,7677,7249,4860,9126,7846
167,7677,7249,6896,1747,1587
167,7677,7249,1935,248,4321
167,7677,7249,1141,3371,5770
167,7677,7249,2313,9519,2567
167,7677,7249,2182,328,1069
167,7677,7249,7384,8626,2039
167,7677,7249,9018,81,1727
167,7677,7249,2267,7230,8601
167,7677,7249,6487,2913,966
167,7677,7249,1303,3294,8243
167,7677,7249,5099,822,3147
167,7677,7249,9473,6141,5617
167,7677,7249,9613,4954,2616
167,7677,7249,9209,9949,5391
167,7677,7249,6483,8032,51
167,7677,7249,188,6006,2860
167,7677,7249,1965,4799,7205
167,7677,7249,9815,1098,3790
167,7677,7249,2599,6373,2964
167,7677,7249,5963,8262,9440
167,7677,7249,4765,8174,8936
167,7677,7249,2517,6278,1258
167,7677,7249,3719,5914,8345
167,7677,7249,4430,1000,7506
167,7677,7249,1852,8469,5852
167,7677,7249,671,1348,2495
167,7677,7249,6593,9791,4548
167,7677,7249,3693,5602,6473
167,7677,7249,7488,9933,3948
167,7677,7249,9633,8761,7701
167,7677,7249,9396,3779,4999
167,7677,7249,7258,3252,6989
167,7677,7249,132,8845,8260
167,7677,7249,1281,3373,8344
167,7677,7249,3093,9333,5647
167,7677,7249,7616,7434,1706
167,7677,7249,7932,3755,7111
167,7677,7249,7298,2455,9845
167,7677,7249,9696,813,3015
167,7677,7249,2962,3383,93
167,7677,7249,4129,896,5704
167,7677,7249,3243,6175,1633
167,7677,7249,3736,9409,7353
167,7677,7249,8986,6316,1309
167,7677,7249,3994,1362,6115
167,7677,7249,8079,2563,6937
167,7677,7249,2368,3182,6450
167,7677,7249,3321,356,4137
167,7677,7249,1574,4363,605
167,7677,7249,6329,6650,3540
167,7677,7249,5468,9466,2526
167,7677,7249,5642,4373,4051
167,7677,7249,7473,2542,7980
167,7677,7249,8501,6131,1108
167,7677,7249,6725,5627,153
167,7677,7249,6968,8324,9128
167,7677,7249,3749,2096,1023
167,7677,7249,4601,9949,9618
167,7677,7249,9294,1935,5498
167,7677,7249,3726,6000,7109
167,7677,7249,8215,1723,2181
167,7677,7249,9638,8453,8292
167,7677,7249,3143,4503,2716
167,7677,7249,5809,4092,9202
167,7677,7249,8289,2563,7709
167,7677,7249,8266,4959,6957
167,7677,7249,2191,1317,7527
167,7677,7249,2199,6215,373
167,7677,7249,1086,113,2465
167,7677,7249,4511,7933,4308
167,7677,7249,4809,8389,314
167,7677,7249,8675,912,6467
167,7677,7249,6115,5708,7571
167,7677,7249,8039,6566,9566
167,7677,7249,7077,8331,2049
167,7677,7249,7521,5009,3795
167,7677,7249,2636,4564,7336
167,7677,7249,8155,9025,3944
167,7677,7249,2183,4436,8196
167,7677,7249,2470,9802,9884
167,7677,7249,3520,9150,3209
167,7677,7249,2589,3742,7656
167,7677,7249,6491,278,2024
167,7677,7249,3894,4506,3423
167,7677,7249,1074,3118,8219
167,7677,7249,1554,4262,8067
167,7677,7249,4996,5689,2288
167,7677,7249,3808,918,9732
167,7677,7249,8803,5504,7821
167,7677,7249,21,515,4836
167,7677,7249,4641,1594,7779
167,7677,7249,9267,1179,5083
167,7677,7249,10,4957,6258
167,7677,7249,3202,5970,5460
167,7677,7249,581,9474,9715
167,7677,7249,9740,9290,4439
167,7677,7249,3014,22,9098
167,7677,7249,6468,9843,9242
167,7677,7249,6424,873,8186
167,7677,7249,1591,2408,894
167,7677,7249,862,55,6927
167,7677,7249,6245,846,6400
167,7677,7249,8955,7619,7363
167,7677,7249,5989,6715,9199
167,7677,7249,2700,6579,5846
167,7677,7249,3881,408,6001
167,7677,7249,4868,2650,4791
167,7677,7249,8806,763,7897
167,7677,7249,1189,5436,983
167,7677,7249,1353,352,7973
167,7677,7249,6692,6961,3155
167,7677,7249,4129,7232,60
167,7677,7249,2512,6796,5420
167,7677,7249,5789,6864,9739
167,7677,7249,2433,8472,891
167,7677,7249,8752,9944,7154
167,7677,7249,3863,2878,7320
167,7677,7249,3778,156,3252
167,7677,7249,8354,4056,9992
167,7677,7249,5508,8929,2052
167,7677,7249,3514,3124,9701
167,7677,7249,5658,9257,6419
167,7677,7249,6559,4119,1329
167,7677,7249,734,2880,8751
167,7677,7249,2250,4860,5174
167,7677,7249,4274,2824,4378
167,7677,7249,6979,8212,8750
167,7677,7249,4467,8030,5373
167,7677,7249,5065,4875,5950
167,7677,7249,7700,5887,9380
167,7677,7249,8484,233,1227
167,7677,7249,3383,2272,3108
167,7677,7249,4191,3334,2075
167,7677,7249,7519,4728,1211
167,7677,7249,3760,4082,5552
167,7677,7249,6288,5254,5777
167,7677,7249,4593,372,5083
167,7677,7249,1571,8961,3082
167,7677,7249,3157,4317,5008
167,7677,7249,4580,4700,6242
167,7677,7249,4915,9212,6566
167,7677,7249,2637,2348,6595
167,7677,7249,352,1343,7440
167,7677,7249,7775,285,2165
167,7677,7249,2135,9176,6138
167,7677,7249,277,6176,9169
167,7677,7249,5589,4102,2698
167,7677,7249,9109,4658,7847
167,7677,7249,4175,8439,2407
167,7677,7249,4554,6951,9642
167,7677,7249,2094,2118,6030
167,7677,7249,2913,9168,4449
167,7677,7249,4885,2497,2043
167,7677,7249,8244,5851,4507
167,7677,7249,5839,2841,9384
167,7677,7249,6827,7678,8984
167,7677,7249,2535,4104,3368
167,7677,7249,5503,5492,9287
167,7677,7249,252,2017,1428
167,7677,7249,9981,6635,2143
167,7677,7249,3305,6263,393
167,7677,7249,1698,4143,8636
167,7677,7249,4452,7457,8409
167,7677,7249,8364,7673,7365
167,7677,7249,3707,218,3175
167,7677,7249,1547,9074,8844
167,7677,7249,7318,2722,8211
167,7677,7249,2452,7638,2322
167,7677,7249,7765,6857,8663
167,7677,7249,6092,7826,4370
167,7677,7249,3374,4845,2336
167,7677,7249,6998,3278,9641
167,7677,7249,6017,4909,3303
167,7677,7249,2426,4677,4620
167,7677,7249,9004,5574,6561
167,7677,7249,4899,866,6337
167,7677,7249,7901,8145,7514
167,7677,7249,980,9868,3723
167,7677,7249,5894,4321,8038
167,7677,7249,9896,4483,6597
167,7677,7249,2113,8283,6297
167,7677,7249,9322,2764,7787
167,7677,7249,3821,728,2696
167,7677,7249,3902,8264,3398
167,7677,7249,352,7879,4990
167,7677,7249,879,4684,4664
167,7677,7249,9573,9032,9160
167,7677,7249,2812,2085,2081
167,7677,7249,8056,5199,3053
167,7677,7249,5637,7618,9226
167,7677,7249,4828,1855,1699
167,7677,7249,2046,3670,7190
167,7677,7249,1835,5833,6066
167,7677,7249,6076,5861,2783
167,7677,7249,5622,7287,5475
167,7677,7249,6389,2067,211
167,7677,7249,3514,4826,2984
167,7677,7249,3614,2712,3242
167,7677,7249,5977,9892,8968
167,7677,7249,408,8354,8587
167,7677,7249,3727,9744,2586
167,7677,7249,555,7454,5350
167,7677,7249,6727,6527,8105
167,7677,7249,6795,9294,5425
167,7677,7249,3953,4680,9119
167,7677,7249,1578,9719,8313
167,7677,7249,6679,4959,1267
167,7677,7249,5487,5338,4078
167,7677,7249,3932,5057,8973
167,7677,7249,6309,2605,2268
167,7677,7249,4638,141,7642
167,7677,7249,3970,1284,5802
167,7677,7249,6125,8903,7819
167,7677,7249,3311,5032,1744
167,7677,7249,2378,1965,1445
167,7677,7249,6658,5723,2233
167,7677,7249,1166,3478,2326
167,7677,7249,274,605,9532
167,7677,7249,2200,216,3372
167,7677,7249,4108,8374,2118
167,7677,7249,1334,187,1242
167,7677,7249,8208,9053,917
167,7677,7249,651,6146,9737
167,7677,7249,3051,6330,3997
167,7677,7249,7612,6967,8667
167,7677,7249,6472,820,6214
167,7677,7249,7350,7525,8260
167,7677,7249,7968,2102,6150
167,7677,7249,8258,9920,1346
167,7677,7249,5321,788,2935
167,7677,7249,4551,2254,4340
167,7677,7249,8898,6828,9492
167,7677,7249,7884,9329,7024
167,7677,7249,4237,9865,3437
167,7677,7249,5442,7729,9046
167,7677,7249,7843,5268,1522
167,7677,7249,1224,478,320
167,7677,7249,6112,5349,1397
167,7677,7249,5748,3354,1145
167,7677,7249,438,9573,4262
167,7677,7249,2336,7438,4097
167,7677,7249,4042,5416,6631
167,7677,7249,1502,981,973
167,7677,7249,1923,135,2184
167,7677,7249,4877,4396,4512
167,7677,7249,1075,3685,5571
167,7677,7249,991,2082,1983
167,7677,7249,1489,7538,1335
167,7677,7249,6025,5369,8942
167,7677,7249,7106,6925,7924
167,7677,7249,6947,7511,763
167,7677,7249,3354,447,9841
167,7677,7249,4506,8265,3483
167,7677,7249,6769,8361,4805
167,7677,7249,7991,8345,6361
167,7677,7249,760,139,4545
167,7677,7249,3240,131,1644
167,7677,7249,1268,7409,2006
167,7677,7249,9189,1899,3283
167,7677,7249,583,4974,7476
167,7677,7249,5652,3627,6694
167,7677,7249,1221,3366,7555
167,7677,7249,2112,5900,2861
167,7677,7249,5951,9079,4442
167,7677,7249,409,7079,8112
167,7677,7249,1610,2827,6331
167,7677,7249,6083,3782,1715
167,7677,7249,6090,9672,8473
167,7677,7249,1852,7404,2136
167,7677,7249,4479,4236,7289
167,7677,7249,512,7531,8019
167,7677,7249,9280,5765,5698
167,7677,7249,7563,7265,6215
167,7677,7249,2389,9211,3043
167,7677,7249,6432,3588,4257
167,7677,7249,7804,3642,3897
167,7677,7249,6139,8307,6182
167,7677,7249,9316,3321,6010
167,7677,7249,4669,2356,8207
167,7677,7249,1629,2944,1327
167,7677,7249,1368,4104,8643
167,7677,7249,7413,6865,3391
167,7677,7249,1327,5335,6088
167,7677,7249,7067,8272,1796
167,7677,7249,6610,409,407
167,7677,7249,5738,3249,1768
167,7677,7249,136,4426,7365
167,7677,7249,829,8576,3135
167,7677,7249,7247,3182,2264
167,7677,7249,1893,8034,6793
167,7677,7249,7726,6575,3230
167,7677,7249,7223,5718,2347
167,7677,7249,8792,7920,4413
167,7677,7249,159,5489,2739
167,7677,7249,805,5256,8138
167,7677,7249,4969,963,8868
167,7677,7249,2462,6426,1811
167,7677,7249,3595,8599,6634
167,7677,7249,4010,4907,8350
167,7677,7249,8430,7701,135
167,7677,7249,6998,1136,5616
167,7677,7249,1064,3553,1233
167,7677,7249,5486,2557,1998
167,7677,7249,8419,2723,6695
167,7677,7249,7779,8565,2810
167,7677,7249,3725,8374,6790
