4590,6894,1068,7489,9779,3437
4590,6894,1068,4886,7630,8695
4590,6894,1068,2008,4662,3094
4590,6894,1068,3019,2260,9754
4590,6894,1068,8968,5665,4268
4590,6894,1068,9288,6553,1820
4590,6894,1068,3472,501,2428
4590,6894,1068,4807,7557,4748
4590,6894,1068,3074,2183,4541
4590,6894,1068,5111,1306,5381
4590,6894,1068,6009,7374,8207
4590,6894,1068,7319,8973,789
4590,6894,1068,2533,7094,5484
4590,6894,1068,1243,6910,7397
4590,6894,1068,6034,4973,6678
4590,6894,1068,2067,9899,1647
4590,6894,1068,3913,3629,8430
4590,6894,1068,2952,827,3489
4590,6894,1068,6778,7866,5098
4590,6894,1068,2182,7329,5559
4590,6894,1068,8587,7595,763
4590,6894,1068,4465,7347,7563
4590,6894,1068,9140,5304,56
4590,6894,1068,1788,3926,6399
4590,6894,1068,8313,7021,8542
4590,6894,1068,5904,8716,6185
4590,6894,1068,6594,8273,4381
4590,6894,1068,6065,4391,6985
4590,6894,1068,7181,9474,8196
4590,6894,1068,1992,7691,445
4590,6894,1068,7970,1844,1852
4590,6894,1068,2398,6929,4278
4590,6894,1068,7302,1893,7114
4590,6894,1068,5203,7288,8689
4590,6894,1068,9045,1694,9551
4590,6894,1068,4883,2080,7446
4590,6894,1068,3819,1293,7371
4590,6894,1068,2857,3663,7166
4590,6894,1068,5337,7144,7183
4590,6894,1068,1886,1095,5062
4590,6894,1068,8321,77,5766
4590,6894,1068,2039,5559,2493
4590,6894,1068,6205,3935,1860
4590,6894,1068,4848,5210,24
4590,6894,1068,1438,949,2316
4590,6894,1068,5089,5759,4176
4590,6894,1068,9599,9293,6513
4590,6894,1068,9012,704,2305
4590,6894,1068,4534,7462,892
4590,6894,1068,1648,7049,5735
4590,6894,1068,8098,2426,3136
4590,6894,1068,3797,9075,4682
4590,6894,1068,615,3828,910
4590,6894,1068,22,8720,8053
4590,6894,1068,3391,9433,7173
4590,6894,1068,1188,6985,6692
4590,6894,1068,489,4674,6222
4590,6894,1068,1758,5447,18
4590,6894,1068,4796,7725,2136
4590,6894,1068,3622,4267,388
4590,6894,1068,550,482,5830
4590,6894,1068,6629,6533,2971
4590,6894,1068,7655,3423,1520
4590,6894,1068,7851,3519,1789
4590,6894,1068,3591,7876,6459
4590,6894,1068,2331,6924,7489
4590,6894,1068,4012,876,8081
4590,6894,1068,4114,2243,4927
4590,6894,1068,1046,9128,5448
4590,6894,1068,1966,6455,4921
4590,6894,1068,2569,540,9222
4590,6894,1068,225,3054,3431
4590,6894,1068,8320,1039,1832
4590,6894,1068,9581,6518,958
4590,6894,1068,5349,9781,1173
4590,6894,1068,2567,7347,9761
4590,6894,1068,7593,7148,6243
4590,6894,1068,4038,7326,1204
4590,6894,1068,1267,7247,1542
4590,6894,1068,3695,9728,4154
4590,6894,1068,8087,6427,4271
4590,6894,1068,7514,495,7190
4590,6894,1068,417,2355,5596
4590,6894,1068,9322,9159,9710
4590,6894,1068,123,770,7797
4590,6894,1068,8117,5271,4706
4590,6894,1068,2612,7391,9958
4590,6894,1068,7746,4663,8415
4590,6894,1068,2766,8235,8733
4590,6894,1068,3134,5853,9614
4590,6894,1068,3528,2140,9318
4590,6894,1068,7169,7684,1935
4590,6894,1068,666,4372,9817
4590,6894,1068,2403,8696,9369
4590,6894,1068,4650,5088,7582
4590,6894,1068,1251,1942,6524
4590,6894,1068,4978,6947,4031
4590,6894,1068,7198,9063,3222
4590,6894,1068,3941,7520,5915
4590,6894,1068,5313,981,2964
4590,6894,1068,530,1726,4928
4590,6894,1068,5972,8203,4229
4590,6894,1068,2268,3823,5493
4590,6894,1068,1803,4301,1214
4590,6894,1068,9975,3380,4990
4590,6894,1068,1122,2478,1924
4590,6894,1068,7171,9827,9737
4590,6894,1068,8466,5636,3339
4590,6894,1068,5155,3243,6537
4590,6894,1068,4122,7921,2052
4590,6894,1068,9324,4817,2492
4590,6894,1068,9670,6831,1725
4590,6894,1068,9039,8005,2030
4590,6894,1068,2816,235,6265
4590,6894,1068,1122,7241,2064
4590,6894,1068,2249,7692,4066
4590,6894,1068,1188,5140,9244
4590,6894,1068,1216,8292,5785
4590,6894,1068,6848,8280,2084
4590,6894,1068,812,9629,6307
4590,6894,1068,6483,3036,8949
4590,6894,1068,8317,4440,8421
4590,6894,1068,5700,9884,9356
4590,6894,1068,1526,4991,8027
4590,6894,1068,1642,16,5030
4590,6894,1068,2913,6512,2752
4590,6894,1068,5287,891,6949
4590,6894,1068,4204,6299,6511
4590,6894,1068,6808,1064,2136
4590,6894,1068,9611,849,6414
4590,6894,1068,3834,4205,2828
4590,6894,1068,2897,7452,9927
4590,6894,1068,954,167,3594
4590,6894,1068,269,4389,9864
4590,6894,1068,7190,3664,8296
4590,6894,1068,5438,3631,6510
4590,6894,1068,5422,203,5280
4590,6894,1068,6470,8318,5739
4590,6894,1068,10000,8661,5994
4590,6894,1068,5846,8136,5235
4590,6894,1068,4925,3926,7994
4590,6894,1068,8060,7554,853
4590,6894,1068,2513,6619,1312
4590,6894,1068,6074,3360,5330
4590,6894,1068,2388,5455,1389
4590,6894,1068,5650,9678,6521
4590,6894,1068,8978,8543,5928
4590,6894,1068,3493,12,5279
4590,6894,1068,5395,6726,8921
4590,6894,1068,5695,7680,6585
4590,6894,1068,5931,8964,6424
4590,6894,1068,2769,4952,6661
4590,6894,1068,1132,7016,3512
4590,6894,1068,9334,2975,3682
4590,6894,1068,2512,7533,5232
4590,6894,1068,3819,4929,477
4590,6894,1068,56,7049,1713
4590,6894,1068,5473,9534,5594
4590,6894,1068,9847,2290,2579
4590,6894,1068,1172,7081,8917
4590,6894,1068,1472,235,8633
4590,6894,1068,1238,5108,9965
4590,6894,1068,4195,7399,7600
4590,6894,1068,2473,9347,5881
4590,6894,1068,3459,7150,269
4590,6894,1068,9429,9901,7349
4590,6894,1068,3344,1825,1384
4590,6894,1068,9173,9583,111
4590,6894,1068,1051,9973,582
4590,6894,1068,1901,962,5776
4590,6894,1068,4718,6398,3025
4590,6894,1068,2702,7359,9188
4590,6894,1068,2561,1373,3334
4590,6894,1068,5626,8304,359
4590,6894,1068,9895,6390,4453
4590,6894,1068,2343,3284,7038
4590,6894,1068,2008,5161,2070
4590,6894,1068,5101,2894,5432
4590,6894,1068,4173,1790,2402
4590,6894,1068,27,6633,659
4590,6894,1068,9994,8743,2045
4590,6894,1068,6236,3475,9507
4590,6894,1068,3883,3968,2732
4590,6894,1068,2050,9957,8859
4590,6894,1068,2351,8247,2607
4590,6894,1068,4369,7851,1528
4590,6894,1068,5606,5612,4504
4590,6894,1068,2907,8219,3764
4590,6894,1068,8911,6558,8218
4590,6894,1068,9979,9548,5506
4590,6894,1068,8438,3133,7413
4590,6894,1068,9755,6340,6682
4590,6894,1068,6164,5004,9233
4590,6894,1068,5275,875,9026
4590,6894,1068,964,4609,8208
4590,6894,1068,6910,3821,319
4590,6894,1068,4310,5860,3022
4590,6894,1068,2246,1676,12
4590,6894,1068,6120,9549,3067
4590,6894,1068,1657,4942,2778
4590,6894,1068,3988,78,2102
4590,6894,1068,7550,6006,7413
4590,6894,1068,3082,5237,6685
4590,6894,1068,286,6800,6390
4590,6894,1068,3183,8587,122
4590,6894,1068,7663,908,4253
4590,6894,1068,1966,6933,7762
4590,6894,1068,7759,5940,5183
4590,6894,1068,4301,9305,4033
4590,6894,1068,3400,9956,4164
4590,6894,1068,4440,7002,2002
4590,6894,1068,7765,50,1053
4590,6894,1068,1371,2429,7192
4590,6894,1068,7074,5622,5319
4590,6894,1068,320,9905,4017
4590,6894,1068,5201,2305,980
4590,6894,1068,2581,2850,89
4590,6894,1068,9789,3814,7855
4590,6894,1068,6657,7808,7348
4590,6894,1068,6743,6757,8636
4590,6894,1068,733,3708,6417
4590,6894,1068,962,9530,518
4590,6894,1068,8497,2572,8366
4590,6894,1068,5064,5874,9692
4590,6894,1068,9501,7609,7450
4590,6894,1068,4781,313,7890
4590,6894,1068,5369,6060,1823
4590,6894,1068,1863,7550,8559
4590,6894,1068,5173,4765,8702
4590,6894,1068,416,1285,884
4590,6894,1068,4030,4328,472
4590,6894,1068,7777,242,1796
4590,6894,1068,5871,6023,6722
4590,6894,1068,6386,728,2331
4590,6894,1068,7529,6099,2767
4590,6894,1068,498,8204,1149
4590,6894,1068,2214,7449,3618
4590,6894,1068,2298,8826,4742
4590,6894,1068,4840,3995,6371
4590,6894,1068,7562,2412,2355
4590,6894,1068,8390,9989,1308
4590,6894,1068,8469,2206,7417
4590,6894,1068,14,3636,7646
4590,6894,1068,2048,3468,4375
4590,6894,1068,8598,2194,612
4590,6894,1068,6394,438,9076
4590,6894,1068,8995,6134,3610
4590,6894,1068,4362,4300,6113
4590,6894,1068,441,6682,7578
4590,6894,1068,544,4712,9715
4590,6894,1068,2897,8413,5597
4590,6894,1068,6420,1996,5667
4590,6894,1068,2148,1663,3686
4590,6894,1068,1379,1265,9946
4590,6894,1068,8365,4666,7822
4590,6894,1068,471,6702,2475
4590,6894,1068,983,3833,456
4590,6894,1068,6348,6466,2952
4590,6894,1068,6763,9861,1786
4590,6894,1068,6006,9810,7464
4590,6894,1068,3470,4933,4220
4590,6894,1068,7738,5892,7896
4590,6894,1068,3152,9229,1881
4590,6894,1068,7869,3966,2880
4590,6894,1068,7041,7920,5866
4590,6894,1068,7583,5023,9331
4590,6894,1068,9187,4098,1459
4590,6894,1068,3814,3021,2790
4590,6894,1068,1522,8671,6015
4590,6894,1068,2945,2677,2562
4590,6894,1068,296,678,520
4590,6894,1068,6348,1362,1902
4590,6894,1068,7306,4668,6965
4590,6894,1068,7776,3888,3200
4590,6894,1068,9767,249,6123
4590,6894,1068,223,4521,6121
4590,6894,1068,1211,7435,8033
4590,6894,1068,9430,6688,1827
4590,6894,1068,3049,5348,6312
4590,6894,1068,3787,4053,1655
4590,6894,1068,9241,1708,2433
4590,6894,1068,5592,5698,39
4590,6894,1068,7341,1676,467
4590,6894,1068,3840,5974,2723
4590,6894,1068,9739,4505,4019
4590,6894,1068,1735,7989,2882
4590,6894,1068,6299,213,9777
4590,6894,1068,4894,8025,8318
4590,6894,1068,9615,6491,9944
4590,6894,1068,1074,7401,6220
4590,6894,1068,6956,4140,3581
4590,6894,1068,6095,389,633
4590,6894,1068,2502,5146,4851
4590,6894,1068,7557,8361,8241
4590,6894,1068,2712,578,4839
4590,6894,1068,5509,6355,1647
4590,6894,1068,1849,2897,8007
4590,6894,1068,1981,1170,5558
4590,6894,1068,5517,559,9731
4590,6894,1068,2231,3823,993
4590,6894,1068,5327,4308,5440
4590,6894,1068,3607,2454,5194
4590,6894,1068,4555,4990,4223
4590,6894,1068,7240,5239,4690
4590,6894,1068,5418,1362,933
4590,6894,1068,1496,3416,1598
4590,6894,1068,7846,9763,3204
4590,6894,1068,9662,616,760
4590,6894,1068,599,2754,827
4590,6894,1068,7172,2968,2094
4590,6894,1068,2022,8232,9450
4590,6894,1068,3945,5484,2847
4590,6894,1068,8809,1847,7534
4590,6894,1068,2765,880,7201
4590,6894,1068,909,9097,5598
4590,6894,1068,384,5848,3736
4590,6894,1068,7091,861,2757
4590,6894,1068,5263,791,9848
4590,6894,1068,7148,8815,1320
4590,6894,1068,8329,9925,2637
4590,6894,1068,7501,8510,1828
4590,6894,1068,1440,9822,9496
4590,6894,1068,8903,3748,741
4590,6894,1068,570,9440,6722
4590,6894,1068,7350,6595,5062
4590,6894,1068,1819,8997,4961
4590,6894,1068,7837,3294,8017
4590,6894,1068,5655,3448,2598
4590,6894,1068,3000,2368,6307
4590,6894,1068,7908,3397,2403
4590,6894,1068,5577,3883,4252
4590,6894,1068,7653,4997,4150
4590,6894,1068,8966,3252,3189
4590,6894,1068,568,9812,6704
4590,6894,1068,5111,1968,144
4590,6894,1068,2080,268,5458
4590,6894,1068,9315,3312,4369
4590,6894,1068,8360,3162,7778
4590,6894,1068,118,1875,8495
4590,6894,1068,3265,6046,6856
4590,6894,1068,3175,9174,6433
4590,6894,1068,534,5473,1261
4590,6894,1068,8791,4810,7723
4590,6894,1068,4651,9941,9010
4590,6894,1068,5395,266,1412
4590,6894,1068,7866,8619,7104
4590,6894,1068,4657,6171,8790
4590,6894,1068,4875,4320,6789
4590,6894,1068,2352,7900,6945
4590,6894,1068,892,7094,5281
4590,6894,1068,4750,9635,3099
4590,6894,1068,6361,8785,7870
4590,6894,1068,175,5789,6646
4590,6894,1068,1681,3668,2346
4590,6894,1068,2848,401,7607
4590,6894,1068,7410,6457,8010
4590,6894,1068,4832,1840,2337
4590,6894,1068,6200,1808,2686
4590,6894,1068,2370,5954,9637
4590,6894,1068,4577,4438,8749
4590,6894,1068,2405,9520,192
4590,6894,1068,1249,7643,7481
4590,6894,1068,9800,8019,6854
4590,6894,1068,3908,5065,1651
4590,6894,1068,8496,3885,2894
4590,6894,1068,4929,8418,4431
4590,6894,1068,2733,2458,5668
4590,6894,1068,5812,4669,8336
4590,6894,1068,602,3422,7159
4590,6894,1068,4822,1339,1833
4590,6894,1068,4358,8646,7463
4590,6894,1068,712,8552,1988
4590,6894,1068,4989,5890,6672
4590,6894,1068,6605,8458,8742
4590,6894,1068,427,7429,5804
4590,6894,1068,4712,5276,6446
4590,6894,1068,3503,8294,3728
4590,6894,1068,4009,7938,7672
4590,6894,1068,8216,4137,8255
4590,6894,1068,9324,8455,9199
4590,6894,1068,5873,4175,3598
4590,6894,1068,4427,743,4568
4590,6894,1068,4437,6996,5104
4590,6894,1068,7538,1847,2240
4590,6894,1068,6512,5049,5270
4590,6894,1068,818,7565,6142
4590,6894,1068,583,1218,5525
4590,6894,1068,4031,5826,6433
4590,6894,1068,4949,6593,19
4590,6894,1068,4396,1622,9928
4590,6894,1068,1307,7038,6416
4590,6894,1068,2327,8178,6605
4590,6894,1068,3820,8728,9622
4590,6894,1068,8046,2188,9622
4590,6894,1068,3874,7640,8073
4590,6894,1068,7460,8793,8688
4590,6894,1068,7767,5904,1741
4590,6894,1068,7982,8421,7584
4590,6894,1068,5072,7835,3315
4590,6894,1068,6212,7404,4126
4590,6894,1068,7265,9221,5984
4590,6894,1068,3980,1024,7482
4590,6894,1068,1600,2903,3215
4590,6894,1068,7967,3059,49
4590,6894,1068,7057,5480,8936
4590,6894,1068,8197,9393,5374
4590,6894,1068,3603,2863,9328
4590,6894,1068,6281,3326,9459
4590,6894,1068,6092,1186,2161
4590,6894,1068,5183,6129,2630
4590,6894,1068,9698,4411,520
4590,6894,1068,5830,3516,6215
4590,6894,1068,2397,8718,1447
4590,6894,1068,2899,7116,2998
4590,6894,1068,7448,68,9287
4590,6894,1068,500,4773,1394
4590,6894,1068,1033,2243,4523
4590,6894,1068,5164,3590,7562
4590,6894,1068,8517,9022,8065
4590,6894,1068,8518,5807,3677
4590,6894,1068,696,4965,8517
4590,6894,1068,6629,9747,1877
4590,6894,1068,7321,9245,9364
4590,6894,1068,4033,2208,5028
4590,6894,1068,1405,4895,7878
4590,6894,1068,4569,4977,2691
4590,6894,1068,1758,8769,8914
4590,6894,1068,5554,3642,8222
4590,6894,1068,5244,3110,9797
4590,6894,1068,7445,9254,2404
4590,6894,1068,5427,2962,8026
4590,6894,1068,745,1626,5675
4590,6894,1068,7235,6235,2592
4590,6894,1068,5361,6961,7292
4590,6894,1068,8795,3064,7605
4590,6894,1068,8214,552,6454
4590,6894,1068,5362,1814,3131
4590,6894,1068,2252,6803,899
4590,6894,1068,4978,7140,2269
4590,6894,1068,5431,9440,6952
4590,6894,1068,6712,1195,48
4590,6894,1068,4665,9323,2001
4590,6894,1068,460,7729,2841
4590,6894,1068,468,5005,3487
4590,6894,1068,4999,8486,4129
4590,6894,1068,3909,5814,6790
4590,6894,1068,346,5235,4261
4590,6894,1068,740,8056,4426
4590,6894,1068,3372,4094,2437
4590,6894,1068,9380,6711,4935
4590,6894,1068,4826,6733,5077
4590,6894,1068,5538,2999,3825
4590,6894,1068,1793,498,4754
4590,6894,1068,8102,3218,4088
4590,6894,1068,6105,2038,8438
4590,6894,1068,9919,7133,7288
4590,6894,1068,8200,4718,7070
4590,6894,1068,215,2077,8886
4590,6894,1068,2487,4729,6387
4590,6894,1068,323,2496,7343
4590,6894,1068,2627,4308,1392
4590,6894,1068,7616,9008,5988
4590,6894,1068,7427,4590,2824
4590,6894,1068,3676,8674,6072
4590,6894,1068,1882,1103,4777
4590,6894,1068,4457,8426,1385
4590,6894,1068,9394,777,8553
4590,6894,1068,5674,1953,3282
4590,6894,1068,786,7875,3928
4590,6894,1068,6933,1739,6735
4590,6894,1068,6143,5964,4082
4590,6894,1068,969,4719,9579
4590,6894,1068,2956,5330,3284
4590,6894,1068,5494,5630,810
4590,6894,1068,2693,4112,3235
4590,6894,1068,2659,9719,5305
4590,6894,1068,8671,9909,69
4590,6894,1068,1655,9164,3904
4590,6894,1068,7137,8238,4394
4590,6894,1068,2808,6731,3344
4590,6894,1068,7967,191,5263
4590,6894,1068,3274,3256,8365
4590,6894,1068,7015,8421,362
4590,6894,1068,4176,8100,4690
4590,6894,1068,2984,948,774
4590,6894,1068,9503,5553,4212
4590,6894,1068,5825,6877,6783
4590,6894,1068,3360,556,7005
4590,6894,1068,527,321,8625
4590,6894,1068,6512,1468,4103
4590,6894,1068,9641,5681,4819
4590,6894,1068,2788,3961,8928
4590,6894,1068,4291,4579,9512
4590,6894,1068,1739,3723,212
4590,6894,1068,8415,1230,2709
4590,6894,1068,4610,7042,1711
4590,6894,1068,72,9862,513
4590,6894,1068,8818,2035,1588
4590,6894,1068,7391,3103,1603
4590,6894,1068,2707,3612,5587
4590,6894,1068,2051,9829,638
4590,6894,1068,6488,3001,3604
4590,6894,1068,4331,9225,1849
4590,6894,1068,8397,5719,5439
4590,6894,1068,5660,3654,7164
4590,6894,1068,6594,9090,3718
4590,6894,1068,6180,7545,144
4590,6894,1068,433,9340,6604
4590,6894,1068,7020,355,2463
4590,6894,1068,9827,5066,6132
