327,9697,5280,7526,3628,538
327,9697,5280,5495,9616,9283
327,9697,5280,6984,2020,5290
327,9697,5280,4950,2977,1605
327,9697,5280,3096,6836,1327
327,9697,5280,5402,5234,8081
327,9697,5280,2908,9273,9823
327,9697,5280,9014,9462,204
327,9697,5280,9360,1421,174
327,9697,5280,6994,6671,8505
327,9697,5280,4060,7705,1905
327,9697,5280,9895,575,7971
327,9697,5280,6177,7458,1397
327,9697,5280,7306,8094,1413
327,9697,5280,4823,7200,7374
327,9697,5280,3973,3960,5597
327,9697,5280,7401,6027,7593
327,9697,5280,3415,4289,4406
327,9697,5280,2008,8691,6032
327,9697,5280,8996,7608,8746
327,9697,5280,2360,934,9109
327,9697,5280,3670,438,4556
327,9697,5280,8918,4180,1616
327,9697,5280,6167,9187,3680
327,9697,5280,6641,9780,789
327,9697,5280,8363,4423,5221
327,9697,5280,7987,2524,4250
327,9697,5280,5197,2250,4007
327,9697,5280,8274,3085,8564
327,9697,5280,2591,672,5167
327,9697,5280,3691,2106,6644
327,9697,5280,1588,9844,9840
327,9697,5280,3907,2070,9414
327,9697,5280,5500,2577,3022
327,9697,5280,5462,2630,7338
327,9697,5280,588,223,7368
327,9697,5280,1965,8365,3221
327,9697,5280,3568,1268,8955
327,9697,5280,5809,3375,3014
327,9697,5280,3326,4989,4096
327,9697,5280,1566,395,5439
327,9697,5280,7823,2162,4633
327,9697,5280,5282,5030,6046
327,9697,5280,6932,4009,8693
327,9697,5280,7569,4786,4547
327,9697,5280,1917,1143,5683
327,9697,5280,5655,5270,7271
327,9697,5280,7251,5277,9970
327,9697,5280,3104,2848,3593
327,9697,5280,9066,1173,2676
327,9697,5280,6825,6265,5795
327,9697,5280,8149,9779,4255
327,9697,5280,6578,2427,528
327,9697,5280,9064,5735,2458
327,9697,5280,9122,3891,6961
327,9697,5280,7173,7167,946
327,9697,5280,8608,4254,8958
327,9697,5280,4356,2659,4982
327,9697,5280,3312,8220,2395
327,9697,5280,6533,965,1695
327,9697,5280,7040,4561,526
327,9697,5280,3970,2009,4212
327,9697,5280,971,3714,8863
327,9697,5280,8298,7952,804
327,9697,5280,8485,9053,9340
327,9697,5280,641,7836,6575
327,9697,5280,3409,3737,9925
327,9697,5280,7568,660,218
327,9697,5280,3504,4897,950
327,9697,5280,6892,7759,9436
327,9697,5280,3981,1032,3412
327,9697,5280,1291,9079,2923
327,9697,5280,1123,9463,4598
327,9697,5280,8879,7510,1398
327,9697,5280,126,9658,6462
327,9697,5280,4534,9174,1561
327,9697,5280,7060,3556,3773
327,9697,5280,2611,9350,1637
327,9697,5280,8440,5746,7558
327,9697,5280,6550,6476,2500
327,9697,5280,3553,3288,6104
327,9697,5280,3406,5013,6659
327,9697,5280,4775,4756,485
327,9697,5280,2424,7446,816
327,9697,5280,7270,5657,7631
327,9697,5280,8226,4286,3156
327,9697,5280,5663,244,3509
327,9697,5280,9049,2744,1934
327,9697,5280,8958,3953,9040
327,9697,5280,8254,5131,9766
327,9697,5280,4835,1881,3400
327,9697,5280,5957,3013,4400
327,9697,5280,8296,2485,6671
327,9697,5280,9906,9495,7717
327,9697,5280,9644,6796,7224
327,9697,5280,4322,9982,2733
327,9697,5280,4446,1798,6305
327,9697,5280,302,8534,8296
327,9697,5280,3689,1476,1361
327,9697,5280,905,7218,6887
327,9697,5280,9791,8296,8918
327,9697,5280,3887,8715,5660
327,9697,5280,248,8550,9948
327,9697,5280,6914,8446,9002
327,9697,5280,5460,768,4863
327,9697,5280,4302,129,4287
327,9697,5280,3284,9215,2009
327,9697,5280,2977,8117,3263
327,9697,5280,4496,3977,5498
327,9697,5280,4951,2849,7610
327,9697,5280,4592,5886,3162
327,9697,5280,3427,2929,5153
327,9697,5280,8847,4339,7858
327,9697,5280,2673,7462,5874
327,9697,5280,6321,5285,4137
327,9697,5280,9506,3835,4844
327,9697,5280,647,1414,2399
327,9697,5280,3948,4351,9343
327,9697,5280,7705,6234,452
327,9697,5280,308,5644,9822
327,9697,5280,888,1942,7670
327,9697,5280,5688,8083,3949
327,9697,5280,7991,3024,7296
327,9697,5280,8953,4352,2181
327,9697,5280,9485,9230,5520
327,9697,5280,5543,6984,3665
327,9697,5280,2706,9365,8077
327,9697,5280,5627,7660,1018
327,9697,5280,2334,6081,7874
327,9697,5280,5178,9163,2011
327,9697,5280,6366,4449,2322
327,9697,5280,1277,7153,8811
327,9697,5280,8021,9596,113
327,9697,5280,399,1710,5459
327,9697,5280,9042,8857,3924
327,9697,5280,387,4058,4508
327,9697,5280,2304,5119,1468
327,9697,5280,6969,3954,2690
327,9697,5280,7974,9524,2478
327,9697,5280,9404,9550,5818
327,9697,5280,6925,4257,4022
327,9697,5280,529,3500,9609
327,9697,5280,6421,1404,7004
327,9697,5280,7324,9047,4198
327,9697,5280,6712,3961,3387
327,9697,5280,3481,1219,8145
327,9697,5280,7804,7205,5266
327,9697,5280,707,2333,5247
327,9697,5280,2495,76,4457
327,9697,5280,2221,1081,1570
327,9697,5280,2686,1211,7965
327,9697,5280,6403,1281,4235
327,9697,5280,6776,1982,3153
327,9697,5280,8233,7179,5678
327,9697,5280,1938,9280,1583
327,9697,5280,6538,9936,1306
327,9697,5280,7535,2291,9339
327,9697,5280,9944,9368,7957
327,9697,5280,8766,1476,6189
327,9697,5280,592,9073,5189
327,9697,5280,8544,6607,4652
327,9697,5280,8038,2737,4254
327,9697,5280,6021,5112,3254
327,9697,5280,7453,426,4969
327,9697,5280,6599,1694,4629
327,9697,5280,2749,8635,5153
327,9697,5280,7833,6687,7715
327,9697,5280,1153,1335,6521
327,9697,5280,1370,4680,4160
327,9697,5280,7865,1005,2552
327,9697,5280,4888,1085,8086
327,9697,5280,3640,836,1724
327,9697,5280,7545,6403,3048
327,9697,5280,2294,9758,6602
327,9697,5280,951,6580,3550
327,9697,5280,7257,2872,8817
327,9697,5280,1815,1176,6995
327,9697,5280,2995,8169,737
327,9697,5280,4807,1988,4459
327,9697,5280,5769,9818,9827
327,9697,5280,1064,6326,2704
327,9697,5280,7737,9784,7689
327,9697,5280,5175,4875,8070
327,9697,5280,3424,2530,3873
327,9697,5280,8794,33,776
327,9697,5280,9004,1410,6919
327,9697,5280,1471,7857,3852
327,9697,5280,6067,226,1424
327,9697,5280,9521,8268,3248
327,9697,5280,5448,7014,8189
327,9697,5280,9909,7222,474
327,9697,5280,3126,4697,8172
327,9697,5280,1432,3455,2615
327,9697,5280,5627,2061,2207
327,9697,5280,969,645,300
327,9697,5280,4959,4771,4753
327,9697,5280,1904,9497,4714
327,9697,5280,2501,6082,7974
327,9697,5280,4786,2904,9964
327,9697,5280,8099,4875,4153
327,9697,5280,400,216,6227
327,9697,5280,4026,7365,8023
327,9697,5280,1986,1660,2583
327,9697,5280,4434,6101,6862
327,9697,5280,9962,3154,8379
327,9697,5280,555,5604,7861
327,9697,5280,8625,3686,4576
327,9697,5280,6514,910,91
327,9697,5280,830,9795,3266
327,9697,5280,269,48,6647
327,9697,5280,2635,2600,4040
327,9697,5280,5068,4541,7728
327,9697,5280,9119,4886,3026
327,9697,5280,3753,1872,1771
327,9697,5280,4419,5626,7432
327,9697,5280,7128,5262,6447
327,9697,5280,3937,1222,2336
327,9697,5280,9065,7115,9319
327,9697,5280,4982,1072,4624
327,9697,5280,2861,6084,5429
327,9697,5280,8966,7524,733
327,9697,5280,783,275,6894
327,9697,5280,6424,5279,7646
327,9697,5280,464,7795,860
327,9697,5280,7813,5997,5645
327,9697,5280,3418,7967,3880
327,9697,5280,7960,1271,97
327,9697,5280,2806,5904,7702
327,9697,5280,8071,3839,3297
327,9697,5280,7289,420,7767
327,9697,5280,7592,293,7655
327,9697,5280,7853,6189,7135
327,9697,5280,6523,1173,1597
327,9697,5280,5756,9370,3341
327,9697,5280,1734,9213,4756
327,9697,5280,2034,4685,9625
327,9697,5280,360,3767,4379
327,9697,5280,7387,9568,9006
327,9697,5280,7583,2955,6405
327,9697,5280,485,5183,7002
327,9697,5280,6352,8662,1649
327,9697,5280,2711,6142,181
327,9697,5280,1519,9849,3978
327,9697,5280,7184,5461,5836
327,9697,5280,1736,7705,84
327,9697,5280,4055,5833,7084
327,9697,5280,4265,1790,2234
327,9697,5280,3105,5344,8222
327,9697,5280,8490,7503,4348
327,9697,5280,4252,6660,2271
327,9697,5280,2078,4414,5649
327,9697,5280,9008,7580,9403
327,9697,5280,7129,8020,1369
327,9697,5280,1521,6855,545
327,9697,5280,9591,4137,9044
327,9697,5280,8754,5202,2145
327,9697,5280,7832,7178,5691
327,9697,5280,9058,7044,2805
327,9697,5280,5255,1567,2781
327,9697,5280,8313,1680,1621
327,9697,5280,6369,2101,4737
327,9697,5280,7289,8472,9722
327,9697,5280,4499,8503,861
327,9697,5280,4830,268,5409
327,9697,5280,3852,7064,5263
327,9697,5280,4559,5581,8327
327,9697,5280,5365,947,9530
327,9697,5280,6894,616,6447
327,9697,5280,3916,9575,8669
327,9697,5280,7403,8578,905
327,9697,5280,6353,4306,3682
327,9697,5280,8289,5905,9572
327,9697,5280,3048,4461,4666
327,9697,5280,5582,8406,8492
327,9697,5280,5422,6658,2312
327,9697,5280,3900,8574,5543
327,9697,5280,1901,6764,9793
327,9697,5280,7908,7642,1780
327,9697,5280,7185,442,8809
327,9697,5280,3632,1562,5194
327,9697,5280,6112,9705,2358
327,9697,5280,9279,6153,4917
327,9697,5280,4003,3771,6283
327,9697,5280,3775,899,3875
327,9697,5280,4838,7365,1697
327,9697,5280,3498,7854,1259
327,9697,5280,7801,6176,277
327,9697,5280,3615,39,2097
327,9697,5280,1623,4211,7177
327,9697,5280,2189,650,6834
327,9697,5280,5006,4630,3078
327,9697,5280,2147,9540,3549
327,9697,5280,4065,1507,412
327,9697,5280,4806,6900,6391
327,9697,5280,6523,1223,4660
327,9697,5280,9375,7328,176
327,9697,5280,5606,3561,3146
327,9697,5280,4679,3283,573
327,9697,5280,9193,260,694
327,9697,5280,5488,5090,6014
327,9697,5280,4204,1916,571
327,9697,5280,4768,3285,2170
327,9697,5280,3996,3930,8149
327,9697,5280,2139,8845,4697
327,9697,5280,503,7507,9102
327,9697,5280,1235,2227,534
327,9697,5280,9377,1209,5052
327,9697,5280,4354,5487,4828
327,9697,5280,9702,6187,2337
327,9697,5280,9546,6476,1880
327,9697,5280,7426,4773,7121
327,9697,5280,782,8929,2013
327,9697,5280,2636,7036,7463
327,9697,5280,90,1047,64
327,9697,5280,3707,6573,7185
327,9697,5280,1479,8076,68
327,9697,5280,1169,25,9121
327,9697,5280,7096,6981,4259
327,9697,5280,6719,440,1890
327,9697,5280,2801,3739,2769
327,9697,5280,8642,9633,7154
327,9697,5280,9443,8027,8221
327,9697,5280,3716,8944,2856
327,9697,5280,9603,7879,1249
327,9697,5280,5341,5587,8403
327,9697,5280,3818,2897,9645
327,9697,5280,6959,4202,6957
327,9697,5280,7652,137,2718
327,9697,5280,1091,8036,5284
327,9697,5280,7792,7528,9099
327,9697,5280,2562,2231,787
327,9697,5280,6076,5932,6322
327,9697,5280,680,3088,751
327,9697,5280,7367,7931,5291
327,9697,5280,1087,9401,415
327,9697,5280,9432,1533,9923
327,9697,5280,7210,4694,9749
327,9697,5280,9226,7874,5988
327,9697,5280,5531,4751,3549
327,9697,5280,2525,7907,8256
327,9697,5280,9588,4281,5892
327,9697,5280,9594,3917,5107
327,9697,5280,3951,4463,4338
327,9697,5280,5427,7911,4388
327,9697,5280,2607,2051,1069
327,9697,5280,3520,5389,5567
327,9697,5280,4128,1019,5608
327,9697,5280,6665,4035,1766
327,9697,5280,4043,302,8940
327,9697,5280,2836,2755,9111
327,9697,5280,5719,7799,5789
327,9697,5280,307,3512,3231
327,9697,5280,7702,7683,5383
327,9697,5280,2569,2846,6728
327,9697,5280,6323,4072,7145
327,9697,5280,6104,8278,4032
327,9697,5280,2762,1180,1533
327,9697,5280,1275,4940,5765
327,9697,5280,494,9501,9165
327,9697,5280,7474,5459,6824
327,9697,5280,7216,4106,4936
327,9697,5280,8858,2256,2533
327,9697,5280,1869,269,7204
327,9697,5280,5608,7916,1812
327,9697,5280,3479,2892,573
327,9697,5280,8583,4116,2051
327,9697,5280,333,3950,7036
327,9697,5280,6887,9564,189
327,9697,5280,1253,2210,8001
327,9697,5280,1550,6778,9754
327,9697,5280,3419,727,8684
327,9697,5280,4453,7897,6903
327,9697,5280,4200,1636,5474
327,9697,5280,5319,7361,7102
327,9697,5280,8982,4883,2621
327,9697,5280,8179,5123,6015
327,9697,5280,1458,6315,4042
327,9697,5280,4093,7585,858
327,9697,5280,714,1374,7246
327,9697,5280,745,7267,1875
327,9697,5280,1985,461,381
327,9697,5280,2735,6025,5661
327,9697,5280,4047,7242,817
327,9697,5280,2871,1296,1433
327,9697,5280,8623,8894,5279
327,9697,5280,4187,1707,5093
327,9697,5280,1883,2293,8375
327,9697,5280,7101,1941,6551
327,9697,5280,6205,2108,9522
327,9697,5280,3238,5638,9713
327,9697,5280,5808,3824,348
327,9697,5280,203,3223,1155
327,9697,5280,841,7792,1293
327,9697,5280,8657,6416,9850
327,9697,5280,2188,223,71
327,9697,5280,4413,9775,4130
327,9697,5280,4894,9574,9122
327,9697,5280,4077,212,2587
327,9697,5280,9091,8198,3526
327,9697,5280,2010,3096,4684
327,9697,5280,2,2956,3580
327,9697,5280,2296,1454,9640
327,9697,5280,1370,6132,8705
327,9697,5280,8795,6210,3750
327,9697,5280,4099,2408,6820
327,9697,5280,3903,3972,8800
327,9697,5280,2005,90,8067
327,9697,5280,5643,8866,3592
327,9697,5280,5903,9371,4379
327,9697,5280,3539,5787,6342
327,9697,5280,4328,2419,2304
327,9697,5280,8421,9944,4906
327,9697,5280,6718,2485,7646
327,9697,5280,6197,4013,2648
327,9697,5280,5704,4277,1654
327,9697,5280,7922,12,3250
327,9697,5280,8880,5401,3983
327,9697,5280,1772,381,3201
327,9697,5280,9654,5530,6544
327,9697,5280,7570,9936,8397
327,9697,5280,9093,3115,7030
327,9697,5280,3567,2492,4687
327,9697,5280,3452,1535,7739
327,9697,5280,7498,886,5219
327,9697,5280,3998,9454,2141
327,9697,5280,8561,3237,7784
327,9697,5280,8218,8869,4980
327,9697,5280,4485,5592,4330
327,9697,5280,4172,5000,9953
327,9697,5280,5878,61,6960
327,9697,5280,8283,7812,4045
327,9697,5280,6327,3457,3131
327,9697,5280,2949,2639,825
327,9697,5280,9957,2711,5019
327,9697,5280,2950,8494,2811
327,9697,5280,8975,2867,9289
327,9697,5280,5417,1654,5396
327,9697,5280,237,2878,494
327,9697,5280,2636,1420,3884
327,9697,5280,9198,5049,3905
327,9697,5280,3489,852,6516
327,9697,5280,6665,3830,7150
327,9697,5280,4066,3225,9803
327,9697,5280,7998,6579,1991
327,9697,5280,6924,8197,5329
327,9697,5280,8151,7223,5336
327,9697,5280,245,2623,6852
327,9697,5280,1473,1874,1588
327,9697,5280,4325,2303,7620
327,9697,5280,636,5531,4336
327,9697,5280,3240,9592,544
327,9697,5280,1299,2541,197
327,9697,5280,9939,6157,1793
327,9697,5280,7460,6432,8991
327,9697,5280,2911,7609,2880
327,9697,5280,3060,4467,2029
327,9697,5280,4549,2716,7182
327,9697,5280,7383,7732,5401
327,9697,5280,9299,6640,4238
327,9697,5280,9860,5042,8708
327,9697,5280,8691,5583,4418
327,9697,5280,5012,839,3901
327,9697,5280,3234,1850,7025
327,9697,5280,1903,2898,1406
327,9697,5280,1395,6271,6734
327,9697,5280,6618,7249,47
327,9697,5280,213,1061,7590
327,9697,5280,5439,6093,146
327,9697,5280,3142,7209,6111
327,9697,5280,5564,2503,1667
327,9697,5280,6774,3391,1192
327,9697,5280,6632,112,3610
327,9697,5280,9001,5317,4082
327,9697,5280,9636,2457,4063
327,9697,5280,171,361,8258
327,9697,5280,6584,8319,451
327,9697,5280,2836,863,1609
327,9697,5280,2009,9637,433
327,9697,5280,6112,1519,9415
327,9697,5280,6387,5886,8941
327,9697,5280,9225,5427,1360
327,9697,5280,2990,3895,419
327,9697,5280,6216,1265,7864
327,9697,5280,6844,1033,9830
327,9697,5280,4425,8323,533
327,9697,5280,9970,2578,6533
327,9697,5280,331,9103,4144
327,9697,5280,3838,9341,1154
327,9697,5280,6777,6242,2369
327,9697,5280,7228,6283,1833
327,9697,5280,7276,1492,2995
327,9697,5280,8141,6940,5782
327,9697,5280,7368,7161,6881
327,9697,5280,8197,219,7465
327,9697,5280,9511,2727,1786
327,9697,5280,9360,7176,3062
327,9697,5280,3753,1177,7396
327,9697,5280,6280,3344,8639
327,9697,5280,6595,5490,2147
327,9697,5280,8717,7817,6858
327,9697,5280,5844,575,1409
327,9697,5280,359,1832,5057
327,9697,5280,3769,2761,9737
327,9697,5280,7384,3253,4322
327,9697,5280,4625,8656,7505
327,9697,5280,2470,6794,5285
327,9697,5280,5004,4743,7530
327,9697,5280,6252,1440,3735
327,9697,5280,924,1932,6593
327,9697,5280,7032,7468,1105
