2806,8440,8967,1257,1703,2936
2806,8440,8967,3474,319,5991
2806,8440,8967,9771,7159,332
2806,8440,8967,354,5415,9786
2806,8440,8967,2663,1900,7596
2806,8440,8967,8878,4366,7786
2806,8440,8967,9145,2874,5134
2806,8440,8967,8864,3919,765
2806,8440,8967,321,9137,9707
2806,8440,8967,9157,6850,7480
2806,8440,8967,2097,7971,4103
2806,8440,8967,253,6835,9124
2806,8440,8967,58,8482,7971
2806,8440,8967,6050,6247,6932
2806,8440,8967,5116,6493,4674
2806,8440,8967,6440,59,5259
2806,8440,8967,1587,2590,3813
2806,8440,8967,9334,9516,5886
2806,8440,8967,9274,6145,6354
2806,8440,8967,8061,1364,9126
2806,8440,8967,7800,5284,5575
2806,8440,8967,4496,9411,5508
2806,8440,8967,7335,8830,9466
2806,8440,8967,3574,8306,8
2806,8440,8967,5611,9985,9894
2806,8440,8967,1798,9598,8781
2806,8440,8967,7916,7100,300
2806,8440,8967,9373,1751,2968
2806,8440,8967,8816,3696,45
2806,8440,8967,8591,8870,9560
2806,8440,8967,3349,8647,7511
2806,8440,8967,6234,6180,4814
2806,8440,8967,6852,8313,8679
2806,8440,8967,8537,6352,1324
2806,8440,8967,7382,7427,8669
2806,8440,8967,5032,2260,5128
2806,8440,8967,8012,6268,7558
2806,8440,8967,8826,277,5832
2806,8440,8967,2747,1936,6756
2806,8440,8967,9566,4009,4437
2806,8440,8967,568,4336,2105
2806,8440,8967,4445,2874,6702
2806,8440,8967,1443,7663,2572
2806,8440,8967,84,3008,1997
2806,8440,8967,4608,9581,3405
2806,8440,8967,260,6997,1108
2806,8440,8967,6357,7282,5279
2806,8440,8967,1086,3030,3545
2806,8440,8967,8294,1736,2948
2806,8440,8967,2356,83,1065
2806,8440,8967,968,6772,4599
2806,8440,8967,5600,6359,9565
2806,8440,8967,1393,1563,1191
2806,8440,8967,7977,3745,5665
2806,8440,8967,934,782,1561
2806,8440,8967,6100,4384,3955
2806,8440,8967,2901,890,8898
2806,8440,8967,6320,384,75
2806,8440,8967,3095,3171,8255
2806,8440,8967,5514,2533,5424
2806,8440,8967,6562,3449,7318
2806,8440,8967,4179,1068,740
2806,8440,8967,881,5411,8377
2806,8440,8967,3593,5878,1345
2806,8440,8967,6555,1964,3989
2806,8440,8967,4663,178,5491
2806,8440,8967,3488,3621,1520
2806,8440,8967,890,8819,3500
2806,8440,8967,9162,8006,399
2806,8440,8967,5835,6309,7082
2806,8440,8967,5448,4769,5240
2806,8440,8967,1253,6369,12
2806,8440,8967,4574,29,7550
2806,8440,8967,6677,6820,3247
2806,8440,8967,5636,9778,7988
2806,8440,8967,1442,5795,7018
2806,8440,8967,5657,1641,1728
2806,8440,8967,9053,5772,2954
2806,8440,8967,1457,7768,9594
2806,8440,8967,9252,5915,1842
2806,8440,8967,9432,2746,4299
2806,8440,8967,4795,5975,9373
2806,8440,8967,3209,5003,6110
2806,8440,8967,8165,8952,469
2806,8440,8967,7963,4671,7226
2806,8440,8967,5386,3209,5965
2806,8440,8967,1602,8741,6857
2806,8440,8967,7424,241,3039
2806,8440,8967,2915,5833,7113
2806,8440,8967,5395,3651,4289
2806,8440,8967,9025,6943,72
2806,8440,8967,3118,9475,6816
2806,8440,8967,2317,4037,9647
2806,8440,8967,7453,890,8797
2806,8440,8967,8224,8619,3174
2806,8440,8967,5326,4925,4005
2806,8440,8967,5951,4147,5466
2806,8440,8967,5801,5359,7435
2806,8440,8967,9878,394,9641
2806,8440,8967,8848,9542,2775
2806,8440,8967,9059,2450,5828
2806,8440,8967,5205,7517,7702
2806,8440,8967,4497,6167,4428
2806,8440,8967,9743,5843,8918
2806,8440,8967,2422,5152,9268
2806,8440,8967,1722,6222,1846
2806,8440,8967,1483,8102,9599
2806,8440,8967,8279,6855,8545
2806,8440,8967,6126,5854,2567
2806,8440,8967,5962,2024,2387
2806,8440,8967,9905,3292,5433
2806,8440,8967,272,5526,283
2806,8440,8967,9615,6799,7765
2806,8440,8967,5250,7027,5004
2806,8440,8967,5557,9630,8164
2806,8440,8967,2267,4277,4224
2806,8440,8967,9599,8431,5466
2806,8440,8967,9623,9417,5517
2806,8440,8967,590,3864,9321
2806,8440,8967,866,5387,9016
2806,8440,8967,8318,8632,3097
2806,8440,8967,6268,8984,1005
2806,8440,8967,720,5228,5051
2806,8440,8967,9027,7294,2656
2806,8440,8967,8161,4342,3475
2806,8440,8967,8333,1449,4521
2806,8440,8967,573,4469,8796
2806,8440,8967,6859,1609,1841
2806,8440,8967,7633,39,6233
2806,8440,8967,9889,2059,389
2806,8440,8967,6676,2048,9045
2806,8440,8967,4216,9250,5378
2806,8440,8967,796,2668,107
2806,8440,8967,8507,5690,3698
2806,8440,8967,8598,670,8386
2806,8440,8967,7739,3994,4022
2806,8440,8967,8235,180,7979
2806,8440,8967,8231,3865,416
2806,8440,8967,2457,4955,7212
2806,8440,8967,543,9407,3838
2806,8440,8967,833,3859,7026
2806,8440,8967,7014,3179,9886
2806,8440,8967,47,4820,7993
2806,8440,8967,2935,7244,738
2806,8440,8967,1325,3703,7446
2806,8440,8967,7775,6762,2789
2806,8440,8967,1007,3456,382
2806,8440,8967,9088,3344,6930
2806,8440,8967,4614,4835,9482
2806,8440,8967,2551,7699,563
2806,8440,8967,1795,8872,5728
2806,8440,8967,7189,8797,1650
2806,8440,8967,3784,1292,2387
2806,8440,8967,1730,8188,423
2806,8440,8967,1703,3043,5092
2806,8440,8967,5129,2811,3849
2806,8440,8967,197,2451,6700
2806,8440,8967,8918,8888,6277
2806,8440,8967,4538,9619,2008
2806,8440,8967,5302,6281,7225
2806,8440,8967,8388,3645,6313
2806,8440,8967,6255,5309,265
2806,8440,8967,2938,3267,2182
2806,8440,8967,8661,1161,3897
2806,8440,8967,4157,4967,5227
2806,8440,8967,3136,2352,4144
2806,8440,8967,6857,9293,9894
2806,8440,8967,1193,9479,9091
2806,8440,8967,1775,8443,1584
2806,8440,8967,3963,9682,1850
2806,8440,8967,755,7636,5998
2806,8440,8967,8605,1726,1128
2806,8440,8967,3603,356,9743
2806,8440,8967,4752,3447,8672
2806,8440,8967,756,2634,4469
2806,8440,8967,4283,561,2760
2806,8440,8967,751,7381,4815
2806,8440,8967,3604,6539,8301
2806,8440,8967,4143,2054,3013
2806,8440,8967,3395,501,5312
2806,8440,8967,7343,528,1232
2806,8440,8967,8748,6159,3151
2806,8440,8967,1966,9282,2840
2806,8440,8967,6676,2586,3446
2806,8440,8967,726,3344,3225
2806,8440,8967,3418,5693,8560
2806,8440,8967,1464,2865,2166
2806,8440,8967,9291,4358,6806
2806,8440,8967,4764,159,4149
2806,8440,8967,1102,7960,3446
2806,8440,8967,1060,9375,7806
2806,8440,8967,6480,4804,5665
2806,8440,8967,9398,4378,8907
2806,8440,8967,9389,3193,8423
2806,8440,8967,8841,9297,3037
2806,8440,8967,7610,3013,9224
2806,8440,8967,3013,1426,1088
2806,8440,8967,5806,4453,7899
2806,8440,8967,546,2193,5549
2806,8440,8967,4033,5603,8944
2806,8440,8967,8257,3642,9388
2806,8440,8967,2971,7794,7119
2806,8440,8967,2060,2013,3382
2806,8440,8967,4085,910,3023
2806,8440,8967,7987,1031,2689
2806,8440,8967,4504,6210,1438
2806,8440,8967,7290,543,8608
2806,8440,8967,999,9664,8520
2806,8440,8967,4015,1557,7815
2806,8440,8967,6825,2997,9429
2806,8440,8967,7376,3069,3758
2806,8440,8967,6384,4491,9487
2806,8440,8967,208,3975,9434
2806,8440,8967,4092,8305,7725
2806,8440,8967,9455,8263,3745
2806,8440,8967,4521,7270,3517
2806,8440,8967,1915,9872,2824
2806,8440,8967,2727,2257,3013
2806,8440,8967,3501,8411,7081
2806,8440,8967,4379,9705,9807
2806,8440,8967,7207,4776,2957
2806,8440,8967,8423,5258,3340
2806,8440,8967,4251,4546,1535
2806,8440,8967,4635,9307,3866
2806,8440,8967,4194,7110,8289
2806,8440,8967,8329,5714,5741
2806,8440,8967,101,224,3062
2806,8440,8967,6517,8467,8615
2806,8440,8967,7254,3717,2222
2806,8440,8967,9930,442,9152
2806,8440,8967,4831,482,5804
2806,8440,8967,49,6552,448
2806,8440,8967,1036,7770,1788
2806,8440,8967,4233,3953,7671
2806,8440,8967,8517,3423,1378
2806,8440,8967,8903,2526,4111
2806,8440,8967,4974,1640,7537
2806,8440,8967,8721,823,7911
2806,8440,8967,6341,950,5026
2806,8440,8967,9761,9756,9825
2806,8440,8967,5796,10,9243
2806,8440,8967,3337,3745,2818
2806,8440,8967,6020,5148,2826
2806,8440,8967,6585,2385,1380
2806,8440,8967,3379,7957,1390
2806,8440,8967,2595,3951,4699
2806,8440,8967,7334,8497,1039
2806,8440,8967,3988,4661,5867
2806,8440,8967,2047,9466,7554
2806,8440,8967,5484,1038,6478
2806,8440,8967,8949,3882,14
2806,8440,8967,9643,3925,1720
2806,8440,8967,6387,9171,7123
2806,8440,8967,4129,4804,669
2806,8440,8967,3232,870,9254
2806,8440,8967,1149,5780,9397
2806,8440,8967,8545,2297,1945
2806,8440,8967,5366,6832,8633
2806,8440,8967,9113,7155,6431
2806,8440,8967,3359,3380,7373
2806,8440,8967,6946,709,1032
2806,8440,8967,1259,8739,1351
2806,8440,8967,5463,9657,5130
2806,8440,8967,8857,5393,4210
2806,8440,8967,2804,334,194
2806,8440,8967,5460,1351,3458
2806,8440,8967,1178,3345,8561
2806,8440,8967,9930,1906,2833
2806,8440,8967,6193,6227,6530
2806,8440,8967,3561,4078,4501
2806,8440,8967,5289,7990,518
2806,8440,8967,6923,5462,2753
2806,8440,8967,1864,5658,4011
2806,8440,8967,4060,7421,6668
2806,8440,8967,3914,4461,2228
2806,8440,8967,96,5257,2766
2806,8440,8967,5886,579,2289
2806,8440,8967,1604,1249,3831
2806,8440,8967,8303,93,3772
2806,8440,8967,7479,2371,9259
2806,8440,8967,9293,4107,435
2806,8440,8967,5319,6694,5416
2806,8440,8967,4605,5293,7752
2806,8440,8967,4502,4414,6685
2806,8440,8967,2848,5878,5498
2806,8440,8967,2409,1866,9978
2806,8440,8967,9902,2496,5389
2806,8440,8967,9175,68,5057
2806,8440,8967,2414,1725,8156
2806,8440,8967,3898,1483,6350
2806,8440,8967,4283,8174,9372
2806,8440,8967,1351,1679,7989
2806,8440,8967,5045,4905,3133
2806,8440,8967,9291,1485,5073
2806,8440,8967,5720,7563,72
2806,8440,8967,6557,6157,8185
2806,8440,8967,9661,428,2398
2806,8440,8967,7572,3591,262
2806,8440,8967,1458,142,3171
2806,8440,8967,8058,1816,7550
2806,8440,8967,3301,5912,2998
2806,8440,8967,9224,3931,1565
2806,8440,8967,8473,7212,4849
2806,8440,8967,8268,6857,5742
2806,8440,8967,9698,5571,1683
2806,8440,8967,7887,7691,546
2806,8440,8967,1894,7328,8678
2806,8440,8967,3494,7803,5197
2806,8440,8967,8370,4068,5795
2806,8440,8967,1709,9728,1343
2806,8440,8967,7205,1992,7714
2806,8440,8967,5088,7010,2567
2806,8440,8967,7090,4653,4712
2806,8440,8967,6974,5768,5125
2806,8440,8967,8422,7260,522
2806,8440,8967,3326,738,8988
2806,8440,8967,7018,9157,8958
2806,8440,8967,9080,721,9260
2806,8440,8967,8621,8315,9712
2806,8440,8967,2964,5316,3004
2806,8440,8967,1694,7866,2125
2806,8440,8967,2352,9306,513
2806,8440,8967,8238,4544,6941
2806,8440,8967,1137,8250,5357
2806,8440,8967,8313,4048,3532
2806,8440,8967,2892,4718,7791
2806,8440,8967,3729,7519,2321
2806,8440,8967,7228,7690,8748
2806,8440,8967,154,4717,1125
2806,8440,8967,2964,2507,6178
2806,8440,8967,8811,3431,4777
2806,8440,8967,4237,188,5792
2806,8440,8967,5036,6035,7938
2806,8440,8967,3609,5435,7353
2806,8440,8967,1983,8722,3131
2806,8440,8967,1603,1877,8527
2806,8440,8967,554,3749,7583
2806,8440,8967,2129,3770,4810
2806,8440,8967,1711,2592,1030
2806,8440,8967,7126,8327,1428
2806,8440,8967,1898,3940,1813
2806,8440,8967,714,5246,8197
2806,8440,8967,6686,4814,9377
2806,8440,8967,1355,3600,3887
2806,8440,8967,8005,5018,6885
2806,8440,8967,7812,6858,9948
2806,8440,8967,2900,5391,6624
2806,8440,8967,3989,4578,3108
2806,8440,8967,2438,1395,7474
2806,8440,8967,9742,6322,5191
2806,8440,8967,3977,8834,2685
2806,8440,8967,8510,7787,8963
2806,8440,8967,6623,9925,2957
2806,8440,8967,4819,9819,7823
2806,8440,8967,9623,1883,6826
2806,8440,8967,2123,4955,1613
2806,8440,8967,4339,6940,1944
2806,8440,8967,4933,7347,8665
2806,8440,8967,3245,6754,1548
2806,8440,8967,5899,1580,3390
2806,8440,8967,1818,7973,6467
2806,8440,8967,7987,5594,8176
2806,8440,8967,3395,5742,3542
2806,8440,8967,4531,6110,3103
2806,8440,8967,4762,1706,3281
2806,8440,8967,6494,7067,354
2806,8440,8967,4401,9321,5539
2806,8440,8967,1282,177,1012
2806,8440,8967,2084,5216,7018
2806,8440,8967,8400,2722,9191
2806,8440,8967,7116,389,8878
2806,8440,8967,8658,4055,5507
2806,8440,8967,7315,4884,1540
2806,8440,8967,9078,276,6151
2806,8440,8967,8021,2090,125
2806,8440,8967,7056,5566,8643
2806,8440,8967,9219,4906,9356
2806,8440,8967,1423,5313,172
2806,8440,8967,7052,7388,6649
2806,8440,8967,4174,6671,160
2806,8440,8967,8753,8553,8817
2806,8440,8967,925,4808,2259
2806,8440,8967,5085,9432,1210
2806,8440,8967,2404,7400,1590
2806,8440,8967,1830,7817,8102
2806,8440,8967,197,9991,3899
2806,8440,8967,1620,5590,3043
2806,8440,8967,2200,4756,271
2806,8440,8967,8,4437,838
2806,8440,8967,4380,8716,6316
2806,8440,8967,2672,8133,6780
2806,8440,8967,971,6471,2252
2806,8440,8967,5907,7377,5510
2806,8440,8967,4590,441,3805
2806,8440,8967,1148,1049,5097
2806,8440,8967,9697,6946,4281
2806,8440,8967,282,8181,940
2806,8440,8967,5662,55,788
2806,8440,8967,2819,2417,2620
2806,8440,8967,2647,6322,8968
2806,8440,8967,5346,5713,2694
2806,8440,8967,4890,1525,4519
2806,8440,8967,7939,1450,8924
2806,8440,8967,5129,6807,7584
2806,8440,8967,2831,4067,5850
2806,8440,8967,9121,5312,8506
2806,8440,8967,2933,6975,6202
2806,8440,8967,1344,2292,9012
2806,8440,8967,9772,2606,3316
2806,8440,8967,7778,160,2720
2806,8440,8967,7333,4062,7939
2806,8440,8967,3328,7657,8692
2806,8440,8967,4312,6417,9324
2806,8440,8967,5471,7346,2147
2806,8440,8967,4427,3851,4907
2806,8440,8967,9565,3101,8988
2806,8440,8967,4446,681,2160
2806,8440,8967,1288,9735,6276
2806,8440,8967,2985,8806,8816
2806,8440,8967,7403,5433,3523
2806,8440,8967,967,1418,7210
2806,8440,8967,5233,6043,7305
2806,8440,8967,4303,437,7536
2806,8440,8967,566,3984,6965
2806,8440,8967,4229,1812,167
2806,8440,8967,4043,2005,5921
2806,8440,8967,3846,9809,289
2806,8440,8967,5939,5083,392
2806,8440,8967,8474,6408,9627
2806,8440,8967,8152,1631,9401
2806,8440,8967,5880,4780,8535
2806,8440,8967,7014,4414,1513
2806,8440,8967,7244,2723,9268
2806,8440,8967,8420,9832,5774
2806,8440,8967,3792,7407,639
2806,8440,8967,7406,9390,6310
2806,8440,8967,8917,4098,4794
2806,8440,8967,1396,9915,8910
2806,8440,8967,9497,3010,5600
2806,8440,8967,3836,793,3426
2806,8440,8967,8657,944,8306
2806,8440,8967,8202,1748,7422
2806,8440,8967,7137,2574,3751
2806,8440,8967,3731,7795,812
2806,8440,8967,6392,8348,600
2806,8440,8967,5999,4178,3496
2806,8440,8967,3241,6524,5231
2806,8440,8967,2701,4603,5455
2806,8440,8967,7366,8999,6415
2806,8440,8967,6724,4692,4724
2806,8440,8967,4704,5210,1502
2806,8440,8967,535,8162,6375
2806,8440,8967,1944,7165,2770
2806,8440,8967,7243,9664,2983
2806,8440,8967,3946,1647,2139
2806,8440,8967,7257,8887,3418
2806,8440,8967,662,3556,8180
2806,8440,8967,7647,7978,1468
2806,8440,8967,8621,9491,7592
2806,8440,8967,5876,2290,7682
2806,8440,8967,8936,6646,7727
2806,8440,8967,9152,4506,4037
2806,8440,8967,8582,8611,683
2806,8440,8967,7653,2356,5443
2806,8440,8967,4930,2089,9498
2806,8440,8967,7472,6808,1496
2806,8440,8967,2913,9479,7255
2806,8440,8967,7188,2351,563
2806,8440,8967,7891,2344,9068
2806,8440,8967,1585,1368,8881
2806,8440,8967,2265,2825,7331
2806,8440,8967,3224,4371,6596
2806,8440,8967,7615,3008,641
2806,8440,8967,5826,4347,2776
2806,8440,8967,5278,3923,1863
2806,8440,8967,6137,5978,3473
2806,8440,8967,7499,8155,3985
2806,8440,8967,4274,913,4363
2806,8440,8967,2808,5144,8372
2806,8440,8967,656,1921,2456
2806,8440,8967,2148,3414,4864
2806,8440,8967,6358,3121,710
2806,8440,8967,9187,6219,7007
2806,8440,8967,524,8151,5327
2806,8440,8967,7298,4565,811
2806,8440,8967,6993,7562,3818
2806,8440,8967,2946,4588,3925
2806,8440,8967,2106,3311,6754
2806,8440,8967,2602,2805,9872
2806,8440,8967,6000,7277,6033
2806,8440,8967,3259,4854,9296
2806,8440,8967,5282,5852,602
2806,8440,8967,3551,6460,7197
2806,8440,8967,7878,7043,8434
2806,8440,8967,67,753,7245
2806,8440,8967,6618,6174,2700
2806,8440,8967,6716,3798,9125
2806,8440,8967,9328,5732,3456
2806,8440,8967,7401,8941,4665
2806,8440,8967,9138,1752,6316
2806,8440,8967,2190,3427,1222
2806,8440,8967,1311,14,4472
2806,8440,8967,8,7075,8898
2806,8440,8967,2591,7039,407
2806,8440,8967,6144,8871,676
2806,8440,8967,4890,3790,4859
2806,8440,8967,858,1566,6807
2806,8440,8967,5318,3586,7509
2806,8440,8967,4962,4452,7702
2806,8440,8967,8370,3963,1818
