6083,2087,6686,8133,2655,363
6083,2087,6686,6581,3424,9309
6083,2087,6686,5215,299,7376
6083,2087,6686,2599,2651,2860
6083,2087,6686,828,6570,9177
6083,2087,6686,6407,5779,2082
6083,2087,6686,908,3178,3587
6083,2087,6686,4319,4758,6158
6083,2087,6686,861,649,2594
6083,2087,6686,6485,6867,765
6083,2087,6686,1076,188,3323
6083,2087,6686,7167,2257,438
6083,2087,6686,4987,3511,4841
6083,2087,6686,4977,8131,683
6083,2087,6686,9382,1756,1107
6083,2087,6686,3596,5782,3950
6083,2087,6686,6466,9272,9310
6083,2087,6686,1845,3831,8597
6083,2087,6686,8815,1182,581
6083,2087,6686,3301,8104,6913
6083,2087,6686,1957,5185,5714
6083,2087,6686,6982,2184,6481
6083,2087,6686,4616,8460,6911
6083,2087,6686,5205,379,5031
6083,2087,6686,2860,5322,8671
6083,2087,6686,9785,3654,2121
6083,2087,6686,5848,9770,154
6083,2087,6686,3482,8018,4518
6083,2087,6686,2687,577,7346
6083,2087,6686,964,4907,4132
6083,2087,6686,5170,4834,4336
6083,2087,6686,8272,7135,3749
6083,2087,6686,590,9170,8863
6083,2087,6686,9808,8421,1045
6083,2087,6686,9284,5084,5829
6083,2087,6686,281,4743,2749
6083,2087,6686,9730,3708,8648
6083,2087,6686,4222,7019,6262
6083,2087,6686,9509,3994,8044
6083,2087,6686,2424,8239,7222
6083,2087,6686,8147,9649,8230
6083,2087,6686,7232,820,5059
6083,2087,6686,2033,4828,6714
6083,2087,6686,2331,8749,6996
6083,2087,6686,3919,3865,6721
6083,2087,6686,8434,2343,1537
6083,2087,6686,8362,5419,4879
6083,2087,6686,4886,3135,5464
6083,2087,6686,8829,6682,8846
6083,2087,6686,6687,7341,2966
6083,2087,6686,6296,5703,1773
6083,2087,6686,6036,9858,7039
6083,2087,6686,3834,9437,408
6083,2087,6686,4561,1720,3132
6083,2087,6686,8186,4923,8602
6083,2087,6686,1841,7911,1313
6083,2087,6686,8791,2846,2139
6083,2087,6686,5349,9695,1715
6083,2087,6686,2196,8338,3376
6083,2087,6686,9531,8761,6784
6083,2087,6686,6743,8770,8216
6083,2087,6686,3719,7416,2602
6083,2087,6686,4579,4518,5773
6083,2087,6686,3995,3708,8081
6083,2087,6686,7471,5510,9595
6083,2087,6686,4737,1030,665
6083,2087,6686,9914,4480,9507
6083,2087,6686,3527,5134,4771
6083,2087,6686,44,286,2093
6083,2087,6686,7054,7148,4047
6083,2087,6686,2978,309,7156
6083,2087,6686,4948,9964,4997
6083,2087,6686,8241,4385,6740
6083,2087,6686,4440,5713,7932
6083,2087,6686,4914,2635,9988
6083,2087,6686,636,5580,9948
6083,2087,6686,1355,8867,1961
6083,2087,6686,3168,9263,5575
6083,2087,6686,4625,873,5233
6083,2087,6686,6835,1645,7792
6083,2087,6686,4824,6585,8224
6083,2087,6686,7578,470,4987
6083,2087,6686,9602,602,7766
6083,2087,6686,7285,5238,5160
6083,2087,6686,2382,3674,9318
6083,2087,6686,9001,5311,9305
6083,2087,6686,4057,3843,5913
6083,2087,6686,5364,8478,8982
6083,2087,6686,8757,5144,2557
6083,2087,6686,7395,3445,4379
6083,2087,6686,6898,7828,252
6083,2087,6686,7037,2321,952
6083,2087,6686,7746,3260,3574
6083,2087,6686,701,798,7747
6083,2087,6686,5550,3476,279
6083,2087,6686,1564,4280,2334
6083,2087,6686,1127,1021,2678
6083,2087,6686,515,1579,4483
6083,2087,6686,8178,5237,2487
6083,2087,6686,6106,544,582
6083,2087,6686,6221,7312,6306
6083,2087,6686,2134,8565,9192
6083,2087,6686,8813,8839,3592
6083,2087,6686,7934,7392,1037
6083,2087,6686,4553,1752,3225
6083,2087,6686,8951,4769,9236
6083,2087,6686,8325,2055,1070
6083,2087,6686,1000,9671,5044
6083,2087,6686,1596,3197,7245
6083,2087,6686,7002,8852,5231
6083,2087,6686,2773,3717,208
6083,2087,6686,2799,2786,826
6083,2087,6686,8696,5155,9824
6083,2087,6686,4978,56,5474
6083,2087,6686,2997,5920,4042
6083,2087,6686,791,73,4300
6083,2087,6686,4369,3074,2444
6083,2087,6686,9004,5593,1406
6083,2087,6686,2097,8068,6560
6083,2087,6686,8000,3972,4289
6083,2087,6686,8796,9449,8545
6083,2087,6686,6306,1179,137
6083,2087,6686,2751,2211,7039
6083,2087,6686,7708,8688,448
6083,2087,6686,7776,4470,4053
6083,2087,6686,1615,2750,96
6083,2087,6686,7502,4955,6616
6083,2087,6686,59,4559,7012
6083,2087,6686,3346,8357,236
6083,2087,6686,1960,3929,6445
6083,2087,6686,3161,2096,8072
6083,2087,6686,7475,8116,9674
6083,2087,6686,3170,2316,6617
6083,2087,6686,9628,1793,270
6083,2087,6686,2187,9104,6928
6083,2087,6686,1848,3315,1648
6083,2087,6686,1698,7384,7933
6083,2087,6686,1742,1116,609
6083,2087,6686,5610,9608,2655
6083,2087,6686,6393,5076,8175
6083,2087,6686,3774,2625,3072
6083,2087,6686,7137,1565,4004
6083,2087,6686,3064,5855,8012
6083,2087,6686,7983,8456,7415
6083,2087,6686,5718,484,1187
6083,2087,6686,4349,551,1923
6083,2087,6686,7921,5737,4280
6083,2087,6686,9541,1223,4608
6083,2087,6686,498,9647,3696
6083,2087,6686,3575,9986,5481
6083,2087,6686,9763,8041,5995
6083,2087,6686,8125,6447,3573
6083,2087,6686,3097,9652,5068
6083,2087,6686,7496,5889,4240
6083,2087,6686,9272,9599,7701
6083,2087,6686,8948,8725,9350
6083,2087,6686,5799,5982,2453
6083,2087,6686,3091,6252,8452
6083,2087,6686,2692,8385,9912
6083,2087,6686,827,8485,3827
6083,2087,6686,7412,96,1725
6083,2087,6686,2864,9748,6400
6083,2087,6686,1917,3276,4066
6083,2087,6686,5900,3808,6734
6083,2087,6686,1464,4456,6193
6083,2087,6686,9859,3814,496
6083,2087,6686,1090,8872,8642
6083,2087,6686,3040,3149,9341
6083,2087,6686,1794,2608,3689
6083,2087,6686,9885,908,5466
6083,2087,6686,4733,7873,7093
6083,2087,6686,2688,4719,3971
6083,2087,6686,8668,4496,1939
6083,2087,6686,5884,4321,8740
6083,2087,6686,6814,5883,3979
6083,2087,6686,3674,9598,4217
6083,2087,6686,3668,2007,2850
6083,2087,6686,739,810,7892
6083,2087,6686,9891,7535,6585
6083,2087,6686,8161,5942,9985
6083,2087,6686,3868,2753,6383
6083,2087,6686,1310,2580,6000
6083,2087,6686,965,8797,4765
6083,2087,6686,2526,830,9360
6083,2087,6686,800,9771,1378
6083,2087,6686,9541,768,6578
6083,2087,6686,6448,7164,6529
6083,2087,6686,1370,3778,5976
6083,2087,6686,3435,7391,1492
6083,2087,6686,1988,9396,839
6083,2087,6686,888,4095,4805
6083,2087,6686,3297,1634,6155
6083,2087,6686,9296,7907,9198
6083,2087,6686,6925,6248,7523
6083,2087,6686,2556,3582,7031
6083,2087,6686,9229,1942,6335
6083,2087,6686,1508,3063,4503
6083,2087,6686,2948,1372,8382
6083,2087,6686,5403,2872,1050
6083,2087,6686,8049,9067,515
6083,2087,6686,8539,8699,4944
6083,2087,6686,8405,3162,8574
6083,2087,6686,5636,5075,7526
6083,2087,6686,2363,1710,813
6083,2087,6686,3737,6926,280
6083,2087,6686,3067,9600,6471
6083,2087,6686,2000,3982,1277
6083,2087,6686,5574,6273,22
6083,2087,6686,3461,8472,4874
6083,2087,6686,7589,931,4309
6083,2087,6686,6711,2736,872
6083,2087,6686,4652,2990,197
6083,2087,6686,8021,8009,7112
6083,2087,6686,52,3213,2082
6083,2087,6686,5950,2429,8244
6083,2087,6686,2128,5096,5172
6083,2087,6686,8734,5921,1175
6083,2087,6686,6702,6792,5913
6083,2087,6686,7366,2022,550
6083,2087,6686,5605,6276,5159
6083,2087,6686,6034,1382,554
6083,2087,6686,7072,9463,4143
6083,2087,6686,3488,3943,1272
6083,2087,6686,1962,8284,5373
6083,2087,6686,4802,6245,2950
6083,2087,6686,9974,5378,6263
6083,2087,6686,8959,7431,6632
6083,2087,6686,8021,62,3210
6083,2087,6686,2249,1659,1849
6083,2087,6686,8362,3160,469
6083,2087,6686,8184,541,307
6083,2087,6686,907,4055,8915
6083,2087,6686,9199,8288,9356
6083,2087,6686,9296,6747,5888
6083,2087,6686,4416,7981,7864
6083,2087,6686,1809,6004,9148
6083,2087,6686,8095,1756,3561
6083,2087,6686,370,1563,6712
6083,2087,6686,7293,4133,6483
6083,2087,6686,3426,3665,1375
6083,2087,6686,2319,5678,9752
6083,2087,6686,7932,1652,387
6083,2087,6686,5687,3458,6470
6083,2087,6686,1865,9690,9199
6083,2087,6686,8470,2252,6656
6083,2087,6686,5402,7952,4747
6083,2087,6686,8319,479,6449
6083,2087,6686,6727,8814,7009
6083,2087,6686,9434,5468,6226
6083,2087,6686,3220,5104,3600
6083,2087,6686,1515,5522,7069
6083,2087,6686,3811,874,9818
6083,2087,6686,9693,562,9131
6083,2087,6686,9702,9230,8447
6083,2087,6686,2642,6645,5164
6083,2087,6686,6360,2046,3774
6083,2087,6686,146,4587,4159
6083,2087,6686,1979,5104,78
6083,2087,6686,5100,7048,9747
6083,2087,6686,9848,5242,9857
6083,2087,6686,439,6207,8454
6083,2087,6686,682,2665,7079
6083,2087,6686,7361,8910,9031
6083,2087,6686,7910,9591,9617
6083,2087,6686,7607,8702,4537
6083,2087,6686,4783,4673,9377
6083,2087,6686,2525,2864,7909
6083,2087,6686,5651,342,5702
6083,2087,6686,3241,7592,2989
6083,2087,6686,9909,9616,6141
6083,2087,6686,4130,3797,5667
6083,2087,6686,5807,4149,3204
6083,2087,6686,700,9823,3714
6083,2087,6686,5500,9192,9707
6083,2087,6686,9681,9360,9501
6083,2087,6686,9376,9354,2451
6083,2087,6686,9228,5533,6772
6083,2087,6686,394,7553,4833
6083,2087,6686,1994,1008,3303
6083,2087,6686,8865,9950,2162
6083,2087,6686,5107,2241,840
6083,2087,6686,4136,6746,5363
6083,2087,6686,5087,6439,4536
6083,2087,6686,4794,9834,922
6083,2087,6686,4938,389,9270
6083,2087,6686,1825,5649,1129
6083,2087,6686,3074,8729,8476
6083,2087,6686,5744,9679,4451
6083,2087,6686,939,9598,7604
6083,2087,6686,1435,6750,7702
6083,2087,6686,7764,3023,1725
6083,2087,6686,279,5412,6986
6083,2087,6686,4725,4511,4215
6083,2087,6686,3631,961,7960
6083,2087,6686,717,6165,9759
6083,2087,6686,5377,7839,6640
6083,2087,6686,9390,1363,4094
6083,2087,6686,185,1997,221
6083,2087,6686,6036,5185,7032
6083,2087,6686,4679,2130,430
6083,2087,6686,792,3068,3996
6083,2087,6686,9631,6832,9041
6083,2087,6686,4263,3356,4273
6083,2087,6686,1903,4994,297
6083,2087,6686,7166,4634,1178
6083,2087,6686,9312,6186,1583
6083,2087,6686,7860,8553,495
6083,2087,6686,4826,645,6652
6083,2087,6686,6625,9163,7237
6083,2087,6686,1079,8428,6552
6083,2087,6686,1003,984,5386
6083,2087,6686,250,8186,4994
6083,2087,6686,121,3828,5189
6083,2087,6686,7897,2289,8241
6083,2087,6686,9215,3271,1785
6083,2087,6686,897,7079,5690
6083,2087,6686,7436,7548,5001
6083,2087,6686,6506,767,285
6083,2087,6686,2128,8312,5121
6083,2087,6686,3510,3277,8036
6083,2087,6686,1080,1209,3542
6083,2087,6686,5204,3357,710
6083,2087,6686,9940,1123,9276
6083,2087,6686,3952,1053,804
6083,2087,6686,1378,3381,868
6083,2087,6686,4926,1254,9879
6083,2087,6686,494,5483,4496
6083,2087,6686,9191,1499,4330
6083,2087,6686,8501,3907,6376
6083,2087,6686,3473,5347,2415
6083,2087,6686,2372,8701,3593
6083,2087,6686,9998,9702,728
6083,2087,6686,5687,5886,948
6083,2087,6686,5905,9061,5218
6083,2087,6686,1540,8708,7214
6083,2087,6686,8459,3505,9462
6083,2087,6686,237,8711,2197
6083,2087,6686,21,2378,8692
6083,2087,6686,4220,6442,7461
6083,2087,6686,3009,541,9828
6083,2087,6686,6468,2150,8037
6083,2087,6686,5415,9702,4950
6083,2087,6686,9205,907,422
6083,2087,6686,8112,8632,9763
6083,2087,6686,508,5718,4384
6083,2087,6686,4406,1553,8832
6083,2087,6686,8743,5727,9519
6083,2087,6686,7901,9430,4164
6083,2087,6686,8598,9800,6952
6083,2087,6686,4379,4724,5737
6083,2087,6686,6042,4511,4290
6083,2087,6686,8192,7012,5841
6083,2087,6686,6812,7859,4280
6083,2087,6686,7218,1644,4109
6083,2087,6686,5851,386,796
6083,2087,6686,9086,2211,9617
6083,2087,6686,6995,9890,3449
6083,2087,6686,9668,132,8430
6083,2087,6686,2076,3050,5107
6083,2087,6686,3021,7385,2644
6083,2087,6686,5974,6504,4975
6083,2087,6686,7371,6069,3355
6083,2087,6686,3578,8686,3403
6083,2087,6686,6968,1261,2985
6083,2087,6686,8531,995,3623
6083,2087,6686,768,2419,7218
6083,2087,6686,2683,3333,900
6083,2087,6686,4477,8873,2230
6083,2087,6686,7407,3428,5213
6083,2087,6686,1414,1399,5371
6083,2087,6686,4022,788,4566
6083,2087,6686,9229,7851,6265
6083,2087,6686,7700,3420,404
6083,2087,6686,3477,2485,5762
6083,2087,6686,390,1801,6644
6083,2087,6686,835,6376,6093
6083,2087,6686,912,6444,5029
6083,2087,6686,7015,5093,229
6083,2087,6686,5984,3651,1231
6083,2087,6686,8364,41,8633
6083,2087,6686,7828,1587,5313
6083,2087,6686,8335,3434,7993
6083,2087,6686,8771,3699,8212
6083,2087,6686,8811,5772,3668
6083,2087,6686,692,4265,7734
6083,2087,6686,4008,8517,1738
6083,2087,6686,6964,8545,4804
6083,2087,6686,7482,8810,8039
6083,2087,6686,9612,1762,6594
6083,2087,6686,4280,9196,1781
6083,2087,6686,2289,8502,5469
6083,2087,6686,1558,6566,5923
6083,2087,6686,7244,1963,3005
6083,2087,6686,6291,6355,5130
6083,2087,6686,5976,2428,3134
6083,2087,6686,9977,8531,5426
6083,2087,6686,486,2103,3160
6083,2087,6686,3420,2256,6384
6083,2087,6686,6911,8113,1953
6083,2087,6686,8167,9021,5030
6083,2087,6686,3005,5350,3602
6083,2087,6686,3372,2992,5692
6083,2087,6686,1541,4708,1986
6083,2087,6686,6372,5246,6938
6083,2087,6686,6158,4853,861
6083,2087,6686,7734,3093,3494
6083,2087,6686,9704,3070,1285
6083,2087,6686,4931,1442,5019
6083,2087,6686,2088,5254,766
6083,2087,6686,9964,7138,4280
6083,2087,6686,2269,1121,1004
6083,2087,6686,1210,9024,1142
6083,2087,6686,8978,6500,437
6083,2087,6686,9817,7279,2658
6083,2087,6686,9187,9522,8595
6083,2087,6686,7087,1589,8777
6083,2087,6686,1804,4050,2150
6083,2087,6686,8800,6869,7167
6083,2087,6686,1478,7366,4730
6083,2087,6686,2575,8737,1127
6083,2087,6686,2179,8632,2314
6083,2087,6686,2219,7211,8939
6083,2087,6686,3157,5256,4477
6083,2087,6686,4585,4726,4496
6083,2087,6686,2278,7609,8853
6083,2087,6686,7679,4385,8494
6083,2087,6686,961,1675,8466
6083,2087,6686,7292,8167,3190
6083,2087,6686,4848,3696,5454
6083,2087,6686,9033,8637,5472
6083,2087,6686,3180,2790,3529
6083,2087,6686,5953,6603,5571
6083,2087,6686,9980,8138,261
6083,2087,6686,9989,6720,7915
6083,2087,6686,5435,200,1355
6083,2087,6686,5190,181,8284
6083,2087,6686,9953,4432,4098
6083,2087,6686,8954,626,4053
6083,2087,6686,1894,7337,4865
6083,2087,6686,2065,8101,8472
6083,2087,6686,1234,5114,981
6083,2087,6686,5440,6782,3121
6083,2087,6686,2325,141,4748
6083,2087,6686,8783,4102,6297
6083,2087,6686,8440,9804,9057
6083,2087,6686,3052,9865,7382
6083,2087,6686,2198,6532,998
6083,2087,6686,5580,1685,179
6083,2087,6686,8038,8135,3520
6083,2087,6686,4880,7793,6179
6083,2087,6686,6175,9138,5331
6083,2087,6686,6204,318,5533
6083,2087,6686,3667,4283,1527
6083,2087,6686,7281,2070,2878
6083,2087,6686,2815,8645,6204
6083,2087,6686,3121,8000,6521
6083,2087,6686,5349,8770,3826
6083,2087,6686,636,7856,459
6083,2087,6686,5437,9909,5521
6083,2087,6686,759,322,5493
6083,2087,6686,1947,1783,2943
6083,2087,6686,3456,8688,6085
6083,2087,6686,9808,9776,4815
6083,2087,6686,4801,5393,9941
6083,2087,6686,1908,8969,6765
6083,2087,6686,2390,8960,2724
6083,2087,6686,2183,986,9922
6083,2087,6686,3393,8145,9997
6083,2087,6686,6592,1286,5628
6083,2087,6686,1391,3107,5899
6083,2087,6686,4425,1534,9995
6083,2087,6686,3095,9972,3926
6083,2087,6686,425,4984,8499
6083,2087,6686,8252,6298,4370
6083,2087,6686,6738,4892,8898
6083,2087,6686,6107,6017,3227
6083,2087,6686,6371,5980,4096
6083,2087,6686,2261,4562,4261
6083,2087,6686,5805,6215,9742
6083,2087,6686,7879,1342,7292
6083,2087,6686,298,1501,7379
6083,2087,6686,8615,7768,1509
6083,2087,6686,7151,2781,9511
6083,2087,6686,6665,2553,8694
6083,2087,6686,4393,8976,9218
6083,2087,6686,8390,324,657
6083,2087,6686,9734,7181,6593
6083,2087,6686,3659,5787,3741
6083,2087,6686,4872,4333,3444
6083,2087,6686,3558,6806,9206
6083,2087,6686,9845,2932,2214
6083,2087,6686,4808,676,1771
6083,2087,6686,252,1916,5717
6083,2087,6686,8497,1946,8058
6083,2087,6686,8178,4998,3815
6083,2087,6686,7697,3963,8077
6083,2087,6686,8628,1199,3811
6083,2087,6686,5913,1379,1377
6083,2087,6686,8532,1270,6298
6083,2087,6686,5287,2341,9819
6083,2087,6686,5750,5444,1905
6083,2087,6686,3317,2299,6818
6083,2087,6686,2804,2819,2720
6083,2087,6686,4341,2735,4663
6083,2087,6686,4940,2827,7208
6083,2087,6686,4432,7713,3736
6083,2087,6686,3722,2357,7676
6083,2087,6686,7635,723,1775
6083,2087,6686,6317,2492,6594
6083,2087,6686,47,1110,3417
