2806,8440,8967,5051,8500,4803
2806,8440,8967,5393,1680,6109
2806,8440,8967,763,6989,6659
2806,8440,8967,933,5146,3097
2806,8440,8967,7061,7421,4082
2806,8440,8967,1830,2409,5067
2806,8440,8967,3894,457,3662
2806,8440,8967,657,3617,2059
2806,8440,8967,4338,6875,1306
2806,8440,8967,2548,7218,8722
2806,8440,8967,4634,1982,2211
2806,8440,8967,2317,4657,6616
2806,8440,8967,7887,3604,8925
2806,8440,8967,9883,9583,1364
2806,8440,8967,2260,6899,1322
2806,8440,8967,2933,673,9978
2806,8440,8967,5340,9652,2871
2806,8440,8967,5840,7520,308
2806,8440,8967,5428,5921,3954
2806,8440,8967,62,5266,4643
2806,8440,8967,3787,1941,2027
2806,8440,8967,58,1059,5393
2806,8440,8967,9951,278,9876
2806,8440,8967,5782,3255,3864
2806,8440,8967,4844,3550,7232
2806,8440,8967,2725,7367,4528
2806,8440,8967,2977,1477,5132
2806,8440,8967,5407,9035,6493
2806,8440,8967,9223,2994,5100
2806,8440,8967,2585,9620,9533
2806,8440,8967,5521,1017,7791
2806,8440,8967,2520,2576,6459
2806,8440,8967,9927,8465,5420
2806,8440,8967,9725,3208,9072
2806,8440,8967,4970,3581,5462
2806,8440,8967,8603,5052,2377
2806,8440,8967,7302,7316,9585
2806,8440,8967,853,4551,6729
2806,8440,8967,7919,547,1128
2806,8440,8967,9671,7144,551
2806,8440,8967,5465,847,4162
2806,8440,8967,3474,9748,9238
2806,8440,8967,4181,2015,3160
2806,8440,8967,9124,7510,5569
2806,8440,8967,4871,7372,844
2806,8440,8967,8069,894,5873
2806,8440,8967,8593,5664,4099
2806,8440,8967,4660,6460,1390
2806,8440,8967,3432,1236,4588
2806,8440,8967,1734,8646,3674
2806,8440,8967,9143,544,5701
2806,8440,8967,7193,7495,6465
2806,8440,8967,3704,8894,8604
2806,8440,8967,319,6732,7486
2806,8440,8967,4282,66,3383
2806,8440,8967,4361,3097,3517
2806,8440,8967,9814,8816,4765
2806,8440,8967,7715,8865,3434
2806,8440,8967,4934,1772,3408
2806,8440,8967,1802,4831,4714
2806,8440,8967,6375,8782,597
2806,8440,8967,9081,8829,9432
2806,8440,8967,561,2765,9630
2806,8440,8967,8384,97,1782
2806,8440,8967,2210,7515,9102
2806,8440,8967,7408,2672,2668
2806,8440,8967,1351,3030,5881
2806,8440,8967,5700,2919,1913
2806,8440,8967,55,1515,4053
2806,8440,8967,5096,6850,8517
2806,8440,8967,100,1102,3872
2806,8440,8967,9482,6755,2743
2806,8440,8967,2669,8245,8478
2806,8440,8967,9036,671,839
2806,8440,8967,7502,3762,2371
2806,8440,8967,1478,5003,4393
2806,8440,8967,3887,347,8971
2806,8440,8967,8329,3435,5021
2806,8440,8967,533,1819,7827
2806,8440,8967,7963,7646,4413
2806,8440,8967,2816,9652,3015
2806,8440,8967,3114,2570,1175
2806,8440,8967,2401,8667,5947
2806,8440,8967,345,6803,1350
2806,8440,8967,2763,8163,6411
2806,8440,8967,5537,5173,2795
2806,8440,8967,9301,9962,1566
2806,8440,8967,3419,2263,5494
2806,8440,8967,6193,2511,7617
2806,8440,8967,5176,3556,9744
2806,8440,8967,5755,1146,453
2806,8440,8967,9310,5524,4660
2806,8440,8967,6918,9084,8758
2806,8440,8967,4657,2563,8146
2806,8440,8967,2266,7381,8807
2806,8440,8967,860,8045,9060
2806,8440,8967,3979,8190,5654
2806,8440,8967,9714,7454,8958
2806,8440,8967,6506,9135,5563
2806,8440,8967,2853,1633,1226
2806,8440,8967,4499,2227,8622
2806,8440,8967,1404,5101,7320
2806,8440,8967,2254,6531,9922
2806,8440,8967,588,341,7679
2806,8440,8967,8410,2126,359
2806,8440,8967,6670,7372,9951
2806,8440,8967,3874,535,3685
2806,8440,8967,9615,8815,6056
2806,8440,8967,7293,7186,6991
2806,8440,8967,4912,7945,2707
2806,8440,8967,4671,2561,389
2806,8440,8967,7592,3664,4380
2806,8440,8967,8311,6107,535
2806,8440,8967,1487,6434,6287
2806,8440,8967,4649,1977,7326
2806,8440,8967,8822,840,222
2806,8440,8967,6250,3740,8030
2806,8440,8967,726,6637,8718
2806,8440,8967,6249,2251,9089
2806,8440,8967,2249,4745,1855
2806,8440,8967,1358,6568,2210
2806,8440,8967,1359,555,3470
2806,8440,8967,3150,1595,6254
2806,8440,8967,4903,6187,8836
2806,8440,8967,2698,5278,1001
2806,8440,8967,3411,8531,7484
2806,8440,8967,394,2003,8076
2806,8440,8967,2340,4387,1752
2806,8440,8967,8763,8915,3031
2806,8440,8967,9653,4068,6608
2806,8440,8967,500,4104,5369
2806,8440,8967,7178,5211,2309
2806,8440,8967,8675,5988,9172
2806,8440,8967,8230,3129,157
2806,8440,8967,4332,3220,5027
2806,8440,8967,5121,7620,2335
2806,8440,8967,3199,8535,6150
2806,8440,8967,4065,6500,9506
2806,8440,8967,5746,4005,1169
2806,8440,8967,5,2230,9911
2806,8440,8967,6937,284,4414
2806,8440,8967,6774,928,1997
2806,8440,8967,9205,2081,1280
2806,8440,8967,6857,1469,979
2806,8440,8967,794,7885,3016
2806,8440,8967,9947,1490,3590
2806,8440,8967,1091,5945,6818
2806,8440,8967,5313,1250,1427
2806,8440,8967,9817,6245,7696
2806,8440,8967,6814,9519,4717
2806,8440,8967,9659,4188,9913
2806,8440,8967,1869,4339,5556
2806,8440,8967,4000,2081,6985
2806,8440,8967,100,7427,8882
2806,8440,8967,3649,4760,957
2806,8440,8967,4868,8338,2092
2806,8440,8967,1365,4021,3276
2806,8440,8967,2389,8828,1134
2806,8440,8967,6677,7059,8664
2806,8440,8967,5270,1619,5188
2806,8440,8967,9155,237,8715
2806,8440,8967,4615,3911,5455
2806,8440,8967,3861,5327,3717
2806,8440,8967,9175,2619,9093
2806,8440,8967,2898,9045,9001
2806,8440,8967,1342,3871,6992
2806,8440,8967,2373,8449,6526
2806,8440,8967,8129,8165,1408
2806,8440,8967,4225,5037,8068
2806,8440,8967,9058,4423,5067
2806,8440,8967,2883,3567,4484
2806,8440,8967,8141,7133,7346
2806,8440,8967,6737,9037,9181
2806,8440,8967,5458,6766,9802
2806,8440,8967,148,9089,5872
2806,8440,8967,21,5792,7906
2806,8440,8967,3913,8293,8302
2806,8440,8967,5704,3035,5377
2806,8440,8967,3719,9690,8426
2806,8440,8967,4998,451,2251
2806,8440,8967,3851,5885,5223
2806,8440,8967,7793,3023,9317
2806,8440,8967,5208,4626,4105
2806,8440,8967,506,1154,1961
2806,8440,8967,1697,9752,7907
2806,8440,8967,2579,1436,5730
2806,8440,8967,4,1047,2743
2806,8440,8967,4987,4803,6851
2806,8440,8967,2232,391,5330
2806,8440,8967,4901,9480,9841
2806,8440,8967,9057,1995,3322
2806,8440,8967,6416,7078,6244
2806,8440,8967,4783,807,3475
2806,8440,8967,3856,915,3454
2806,8440,8967,8628,3101,9471
2806,8440,8967,3100,3519,4991
2806,8440,8967,6479,3447,9711
2806,8440,8967,7187,6109,4523
2806,8440,8967,7937,8442,2025
2806,8440,8967,3102,5044,3942
2806,8440,8967,2180,8897,8529
2806,8440,8967,8071,675,3485
2806,8440,8967,7068,1657,9851
2806,8440,8967,4125,6467,7033
2806,8440,8967,3194,5163,7719
2806,8440,8967,776,6066,1922
2806,8440,8967,8536,8762,3437
2806,8440,8967,9674,1197,7352
2806,8440,8967,7945,5302,2011
2806,8440,8967,5147,6880,1553
2806,8440,8967,7799,3610,7953
2806,8440,8967,3312,6652,7263
2806,8440,8967,9631,3503,1700
2806,8440,8967,7487,9925,3321
2806,8440,8967,1318,7972,1366
2806,8440,8967,2544,1605,2900
2806,8440,8967,9192,2694,1588
2806,8440,8967,1653,7657,3644
2806,8440,8967,8104,4035,9764
2806,8440,8967,3876,7927,2866
2806,8440,8967,4207,2030,5881
2806,8440,8967,5779,8202,8630
2806,8440,8967,7556,1718,9636
2806,8440,8967,8291,5469,7113
2806,8440,8967,4830,3454,3829
2806,8440,8967,5602,675,770
2806,8440,8967,4890,1851,1655
2806,8440,8967,4461,1475,2990
2806,8440,8967,8209,5952,7707
2806,8440,8967,5675,3544,59
2806,8440,8967,808,6210,815
2806,8440,8967,1569,3917,6354
2806,8440,8967,5898,5775,7769
2806,8440,8967,8138,6416,2395
2806,8440,8967,1024,2207,9741
2806,8440,8967,3131,9073,9642
2806,8440,8967,7818,427,4155
2806,8440,8967,1483,8540,8028
2806,8440,8967,9554,4129,4481
2806,8440,8967,8050,8049,2125
2806,8440,8967,6663,8746,9421
2806,8440,8967,6673,1438,1315
2806,8440,8967,7194,321,6304
2806,8440,8967,1963,1247,9513
2806,8440,8967,1994,4762,4957
2806,8440,8967,3930,9532,8806
2806,8440,8967,8384,971,4445
2806,8440,8967,2461,8782,8030
2806,8440,8967,5648,9344,5589
2806,8440,8967,6845,7305,2277
2806,8440,8967,3308,987,4928
2806,8440,8967,8554,6739,3819
2806,8440,8967,4883,6573,2947
2806,8440,8967,7918,9174,6759
2806,8440,8967,8056,939,8930
2806,8440,8967,4349,8275,842
2806,8440,8967,8172,1788,6878
2806,8440,8967,5769,2270,5179
2806,8440,8967,6294,4182,9596
2806,8440,8967,7153,1547,7336
2806,8440,8967,8011,8433,6473
2806,8440,8967,1694,1974,8253
2806,8440,8967,2891,693,1180
2806,8440,8967,8000,1760,3364
2806,8440,8967,3334,9432,2015
2806,8440,8967,5818,6180,1180
2806,8440,8967,2202,1024,915
2806,8440,8967,2704,7837,2961
2806,8440,8967,5337,2570,8849
2806,8440,8967,7857,7814,5926
2806,8440,8967,5891,8924,2316
2806,8440,8967,9795,1921,9378
2806,8440,8967,2444,5418,8959
2806,8440,8967,7911,4193,2435
2806,8440,8967,7319,906,6258
2806,8440,8967,2257,5528,430
2806,8440,8967,2720,1048,1106
2806,8440,8967,3063,7223,2959
2806,8440,8967,6843,3290,3883
2806,8440,8967,5468,6892,6579
2806,8440,8967,469,4122,3371
2806,8440,8967,364,5080,5698
2806,8440,8967,3647,8645,9087
2806,8440,8967,707,6386,3850
2806,8440,8967,5225,1639,1954
2806,8440,8967,1842,3578,6184
2806,8440,8967,8769,2452,4648
2806,8440,8967,7028,4286,5557
2806,8440,8967,4043,5040,9538
2806,8440,8967,1983,1846,1871
2806,8440,8967,9660,4387,4471
2806,8440,8967,2348,8565,4242
2806,8440,8967,4501,7863,2308
2806,8440,8967,7139,400,5730
2806,8440,8967,2932,3821,2088
2806,8440,8967,9872,8105,3169
2806,8440,8967,4959,587,6045
2806,8440,8967,2143,332,2476
2806,8440,8967,3230,2256,885
2806,8440,8967,6293,4533,288
2806,8440,8967,4894,7955,9600
2806,8440,8967,7611,5857,1164
2806,8440,8967,7348,8510,8551
2806,8440,8967,1127,9588,3326
2806,8440,8967,6803,9489,5315
2806,8440,8967,5325,251,1255
2806,8440,8967,8003,162,8546
2806,8440,8967,8327,5458,8556
2806,8440,8967,9057,3792,5854
2806,8440,8967,3569,8794,5843
2806,8440,8967,4254,3370,5603
2806,8440,8967,9609,9321,3947
2806,8440,8967,7797,2012,7520
2806,8440,8967,1646,8112,2541
2806,8440,8967,1868,34,572
2806,8440,8967,9790,1924,2003
2806,8440,8967,9450,5979,6055
2806,8440,8967,9794,5286,4108
2806,8440,8967,3563,869,640
2806,8440,8967,4170,1910,4773
2806,8440,8967,6793,4212,144
2806,8440,8967,6771,7809,6235
2806,8440,8967,1108,6667,6981
2806,8440,8967,7016,4113,8514
2806,8440,8967,9404,2404,9065
2806,8440,8967,5175,1883,6444
2806,8440,8967,4086,9656,2370
2806,8440,8967,7649,1308,5916
2806,8440,8967,2916,6780,6569
2806,8440,8967,3375,4831,6520
2806,8440,8967,5076,8148,1646
2806,8440,8967,9315,128,4619
2806,8440,8967,551,3506,6788
2806,8440,8967,1558,1006,2683
2806,8440,8967,6025,6590,2035
2806,8440,8967,3680,4429,2526
2806,8440,8967,7817,1611,5242
2806,8440,8967,2811,7725,7037
2806,8440,8967,7213,2839,8459
2806,8440,8967,1695,5465,6665
2806,8440,8967,5404,1998,1897
2806,8440,8967,1025,5683,2694
2806,8440,8967,6900,8081,5498
2806,8440,8967,9167,6935,6828
2806,8440,8967,8768,7088,7326
2806,8440,8967,7511,9296,4711
2806,8440,8967,1092,9199,8538
2806,8440,8967,64,4665,1213
2806,8440,8967,6467,3738,6086
2806,8440,8967,8518,944,1611
2806,8440,8967,4444,595,4322
2806,8440,8967,5837,8500,9920
2806,8440,8967,4398,8912,8762
2806,8440,8967,1725,1812,7793
2806,8440,8967,2586,3876,1836
2806,8440,8967,5271,7732,850
2806,8440,8967,1114,8947,9872
2806,8440,8967,1505,8327,7086
2806,8440,8967,4184,6068,2411
2806,8440,8967,2068,7333,8578
2806,8440,8967,4240,606,9726
2806,8440,8967,3186,1979,6035
2806,8440,8967,1984,8123,3199
2806,8440,8967,1146,999,7984
2806,8440,8967,9893,2123,3059
2806,8440,8967,2899,4247,566
2806,8440,8967,9921,1355,3586
2806,8440,8967,4737,2720,7519
2806,8440,8967,9746,1189,7282
2806,8440,8967,229,1675,3498
2806,8440,8967,8225,2903,388
2806,8440,8967,2509,9524,4506
2806,8440,8967,7991,9653,1761
2806,8440,8967,752,7176,3681
2806,8440,8967,5784,3047,7161
2806,8440,8967,3062,3825,5045
2806,8440,8967,7870,625,4922
2806,8440,8967,557,3322,6452
2806,8440,8967,698,767,3737
2806,8440,8967,2318,7978,3838
2806,8440,8967,5147,2545,9506
2806,8440,8967,6583,8729,9890
2806,8440,8967,9015,3558,4342
2806,8440,8967,4112,8796,6504
2806,8440,8967,1368,4417,6633
2806,8440,8967,852,6252,8700
2806,8440,8967,4014,5876,7269
2806,8440,8967,7200,3279,2639
2806,8440,8967,5120,2716,4348
2806,8440,8967,7871,5811,6725
2806,8440,8967,6686,9577,5470
2806,8440,8967,5671,2470,181
2806,8440,8967,2013,8653,2922
2806,8440,8967,2025,8501,5035
2806,8440,8967,2926,2239,540
2806,8440,8967,6433,318,390
2806,8440,8967,3586,918,5063
2806,8440,8967,5963,3396,1705
2806,8440,8967,9678,655,8782
2806,8440,8967,2160,7201,5176
2806,8440,8967,7364,3020,8800
2806,8440,8967,6615,2733,2560
2806,8440,8967,8727,5458,6143
2806,8440,8967,5630,7716,5614
2806,8440,8967,254,7999,9967
2806,8440,8967,9190,538,6049
2806,8440,8967,391,8136,6325
2806,8440,8967,8580,62,6516
2806,8440,8967,2442,4548,5789
2806,8440,8967,3476,2785,8735
2806,8440,8967,5527,686,8781
2806,8440,8967,6275,1624,5256
2806,8440,8967,9000,8246,4661
2806,8440,8967,5793,7977,4729
2806,8440,8967,7890,3334,3123
2806,8440,8967,5457,7953,328
2806,8440,8967,9426,220,1097
2806,8440,8967,8124,8627,6135
2806,8440,8967,5333,1365,3520
2806,8440,8967,4831,1983,8477
2806,8440,8967,1402,1292,7400
2806,8440,8967,9314,612,5152
2806,8440,8967,800,7027,5844
2806,8440,8967,4081,2900,3146
2806,8440,8967,6760,9897,784
2806,8440,8967,5461,5672,3568
2806,8440,8967,1310,723,5322
2806,8440,8967,1225,8589,6079
2806,8440,8967,3839,6946,8379
2806,8440,8967,8583,9074,2460
2806,8440,8967,2939,7691,840
2806,8440,8967,9226,1509,6656
2806,8440,8967,60,3855,6938
2806,8440,8967,8716,9952,7711
2806,8440,8967,6608,4619,9317
2806,8440,8967,7420,5771,7279
2806,8440,8967,138,4966,1721
2806,8440,8967,432,2150,9896
2806,8440,8967,2539,6568,3834
2806,8440,8967,3608,232,314
2806,8440,8967,3320,7390,6433
2806,8440,8967,214,3435,8038
2806,8440,8967,994,5023,1227
2806,8440,8967,9561,957,1850
2806,8440,8967,352,2658,7260
2806,8440,8967,2808,6402,6134
2806,8440,8967,3855,1498,1761
2806,8440,8967,9281,2298,9802
2806,8440,8967,5315,6933,6125
2806,8440,8967,8818,5356,2488
2806,8440,8967,1736,2556,9888
2806,8440,8967,5871,6030,7276
2806,8440,8967,1938,2059,4576
2806,8440,8967,3672,7138,3295
2806,8440,8967,6117,724,5875
2806,8440,8967,6916,1718,1450
2806,8440,8967,6355,1563,7322
2806,8440,8967,9699,13,3132
2806,8440,8967,4438,2200,6376
2806,8440,8967,3050,2090,3406
2806,8440,8967,3808,9290,2330
2806,8440,8967,7446,7494,3555
2806,8440,8967,482,3559,7260
2806,8440,8967,9257,9455,4520
2806,8440,8967,7694,6295,1186
2806,8440,8967,5578,8051,9295
2806,8440,8967,9839,6222,990
2806,8440,8967,7970,6561,281
2806,8440,8967,2695,817,929
2806,8440,8967,1306,6572,4758
2806,8440,8967,3664,6240,9148
2806,8440,8967,2354,3866,4421
2806,8440,8967,499,6970,6734
2806,8440,8967,4432,1984,2100
2806,8440,8967,9369,9925,6448
2806,8440,8967,3335,8944,4621
2806,8440,8967,4738,9866,1092
2806,8440,8967,548,6331,5418
2806,8440,8967,4495,1137,5182
2806,8440,8967,448,7420,1240
2806,8440,8967,1497,3580,8316
2806,8440,8967,4777,8438,2679
2806,8440,8967,8797,8214,5062
2806,8440,8967,2922,9929,1874
2806,8440,8967,1949,5133,6574
2806,8440,8967,1316,7337,6941
2806,8440,8967,1503,2282,1649
2806,8440,8967,9541,1715,5486
2806,8440,8967,1569,9060,1707
2806,8440,8967,1769,4970,9411
2806,8440,8967,5826,6925,1391
2806,8440,8967,8754,964,6931
2806,8440,8967,3745,7856,2601
2806,8440,8967,7074,441,4908
2806,8440,8967,5652,4650,5464
2806,8440,8967,7232,3287,8837
2806,8440,8967,5922,8569,961
2806,8440,8967,7093,5955,507
2806,8440,8967,2245,9213,4731
2806,8440,8967,202,8091,1786
2806,8440,8967,5689,3120,1497
2806,8440,8967,9443,3663,9542
2806,8440,8967,2987,8987,1002
2806,8440,8967,2219,1662,2152
2806,8440,8967,4550,9901,544
2806,8440,8967,2368,6279,5176
2806,8440,8967,7350,1030,5187
2806,8440,8967,2029,119,3932
2806,8440,8967,8590,7663,2051
2806,8440,8967,596,1167,6356
