327,9697,5280,8436,7305,1992
327,9697,5280,516,8793,8524
327,9697,5280,7841,423,4541
327,9697,5280,5701,3217,6846
327,9697,5280,6620,9392,7206
327,9697,5280,8508,1129,5
327,9697,5280,6274,1826,4716
327,9697,5280,4390,4908,6680
327,9697,5280,5777,851,8369
327,9697,5280,8523,4016,7380
327,9697,5280,8415,5907,3217
327,9697,5280,1756,2275,3338
327,9697,5280,8931,4551,8582
327,9697,5280,3450,9384,3544
327,9697,5280,3843,3652,6177
327,9697,5280,6137,7181,8644
327,9697,5280,7216,7483,8298
327,9697,5280,8906,9881,1426
327,9697,5280,3476,8130,5850
327,9697,5280,9874,3330,4608
327,9697,5280,241,3761,9749
327,9697,5280,8332,8152,1241
327,9697,5280,2461,2297,3595
327,9697,5280,4781,6520,508
327,9697,5280,7455,7221,9336
327,9697,5280,4015,5961,8133
327,9697,5280,9889,2983,5135
327,9697,5280,2981,6348,553
327,9697,5280,3663,5661,4419
327,9697,5280,6071,6531,1345
327,9697,5280,1324,9256,5882
327,9697,5280,1123,3366,8054
327,9697,5280,411,2643,49
327,9697,5280,9804,1570,1970
327,9697,5280,9574,6511,6477
327,9697,5280,240,7917,4678
327,9697,5280,8686,7106,8755
327,9697,5280,931,4891,5463
327,9697,5280,2232,8660,4982
327,9697,5280,851,9091,2045
327,9697,5280,826,7732,3552
327,9697,5280,3597,6362,612
327,9697,5280,8315,6450,2540
327,9697,5280,8945,7020,8695
327,9697,5280,61,7014,8858
327,9697,5280,8004,748,4096
327,9697,5280,9199,6627,4082
327,9697,5280,9820,9646,6599
327,9697,5280,634,8729,2020
327,9697,5280,1870,674,6334
327,9697,5280,4262,9062,5840
327,9697,5280,2933,9521,4255
327,9697,5280,4671,9490,7593
327,9697,5280,8360,9491,2889
327,9697,5280,1339,9978,7470
327,9697,5280,1856,2291,8536
327,9697,5280,6586,5804,4873
327,9697,5280,6528,8858,8535
327,9697,5280,2138,8951,4981
327,9697,5280,3905,6359,3347
327,9697,5280,1689,8142,6253
327,9697,5280,1454,7025,2947
327,9697,5280,3911,57,6278
327,9697,5280,7626,6230,3043
327,9697,5280,5750,4739,242
327,9697,5280,6783,6868,3102
327,9697,5280,9875,249,2005
327,9697,5280,4897,8855,9190
327,9697,5280,9644,6188,7474
327,9697,5280,7873,5545,7844
327,9697,5280,7633,6011,1232
327,9697,5280,3716,4521,8976
327,9697,5280,6665,3507,2000
327,9697,5280,6992,6123,4859
327,9697,5280,8658,5829,8682
327,9697,5280,5329,1117,3034
327,9697,5280,8943,8620,9756
327,9697,5280,8011,4320,7594
327,9697,5280,265,687,7112
327,9697,5280,2386,7069,2178
327,9697,5280,1104,6221,5209
327,9697,5280,6778,182,7947
327,9697,5280,1341,8501,2594
327,9697,5280,1827,830,1066
327,9697,5280,1,1517,5260
327,9697,5280,1679,8418,1353
327,9697,5280,5249,2946,6998
327,9697,5280,532,5963,6227
327,9697,5280,7966,708,3425
327,9697,5280,7126,5237,8430
327,9697,5280,5845,7058,5367
327,9697,5280,3638,6438,7482
327,9697,5280,8002,4961,1242
327,9697,5280,9971,3293,3173
327,9697,5280,4632,503,9087
327,9697,5280,4681,6049,240
327,9697,5280,5055,8898,1326
327,9697,5280,6306,2511,5517
327,9697,5280,3407,9298,5336
327,9697,5280,4891,9613,2399
327,9697,5280,5549,6391,2584
327,9697,5280,6997,362,8709
327,9697,5280,6817,3430,8170
327,9697,5280,9077,9758,3480
327,9697,5280,5681,2901,301
327,9697,5280,7979,2091,5169
327,9697,5280,5677,3090,531
327,9697,5280,7325,7486,2435
327,9697,5280,8147,1491,2673
327,9697,5280,1499,6764,4082
327,9697,5280,429,3245,256
327,9697,5280,745,9422,4316
327,9697,5280,3134,3700,8078
327,9697,5280,1088,766,2305
327,9697,5280,9783,2752,4674
327,9697,5280,4118,4977,6807
327,9697,5280,9782,1347,4505
327,9697,5280,6791,8304,7890
327,9697,5280,3128,8854,6997
327,9697,5280,6211,8276,9432
327,9697,5280,5970,8907,1567
327,9697,5280,8699,6346,1610
327,9697,5280,8654,9163,6359
327,9697,5280,5633,3270,7710
327,9697,5280,377,4826,1562
327,9697,5280,8393,5443,3252
327,9697,5280,3670,5814,7909
327,9697,5280,6105,3445,4903
327,9697,5280,9369,1629,7895
327,9697,5280,1853,7127,3044
327,9697,5280,9434,380,5730
327,9697,5280,6284,7106,2229
327,9697,5280,4230,832,7311
327,9697,5280,7276,3350,7908
327,9697,5280,5453,2255,62
327,9697,5280,1721,8123,6742
327,9697,5280,4197,4481,2228
327,9697,5280,3822,1423,8208
327,9697,5280,8890,5804,1472
327,9697,5280,1970,6391,5016
327,9697,5280,3148,4634,1860
327,9697,5280,6747,7641,1887
327,9697,5280,9100,2882,9241
327,9697,5280,9382,1503,9990
327,9697,5280,521,950,6337
327,9697,5280,6107,5258,2687
327,9697,5280,2178,1744,7062
327,9697,5280,3154,3884,1752
327,9697,5280,8473,6815,9543
327,9697,5280,255,61,7706
327,9697,5280,8709,9938,5812
327,9697,5280,6686,7477,8574
327,9697,5280,2400,5309,1439
327,9697,5280,8031,5517,2209
327,9697,5280,8232,5830,9622
327,9697,5280,5531,5580,745
327,9697,5280,206,5844,4959
327,9697,5280,3494,4252,1598
327,9697,5280,8688,27,8627
327,9697,5280,2826,9817,8594
327,9697,5280,5957,2049,2083
327,9697,5280,278,2671,2085
327,9697,5280,1892,2127,7413
327,9697,5280,3743,3890,2681
327,9697,5280,1940,2254,6183
327,9697,5280,1906,6352,7557
327,9697,5280,1113,8464,8936
327,9697,5280,4525,7877,7635
327,9697,5280,6934,5782,1131
327,9697,5280,4373,98,9860
327,9697,5280,4051,4142,7994
327,9697,5280,394,3243,4502
327,9697,5280,6764,5138,2263
327,9697,5280,8728,8154,832
327,9697,5280,8256,9592,1263
327,9697,5280,2692,8311,5520
327,9697,5280,1987,3091,3075
327,9697,5280,5438,4153,3848
327,9697,5280,429,9002,8022
327,9697,5280,336,8491,2612
327,9697,5280,2277,4223,1903
327,9697,5280,3794,2384,4750
327,9697,5280,1613,7911,2323
327,9697,5280,3709,7230,6414
327,9697,5280,2545,1294,8738
327,9697,5280,5670,4516,3243
327,9697,5280,9875,466,1682
327,9697,5280,1606,423,2440
327,9697,5280,5298,5362,4183
327,9697,5280,6391,7824,5231
327,9697,5280,9239,3375,8035
327,9697,5280,5883,6418,802
327,9697,5280,3823,8730,7519
327,9697,5280,4159,6876,6362
327,9697,5280,6944,765,1235
327,9697,5280,6681,8237,3778
327,9697,5280,266,5496,8553
327,9697,5280,3265,4403,9461
327,9697,5280,1952,3593,8824
327,9697,5280,995,5433,3737
327,9697,5280,8504,8641,9225
327,9697,5280,3360,5165,4899
327,9697,5280,9258,7679,7622
327,9697,5280,3829,452,1750
327,9697,5280,4158,6822,2234
327,9697,5280,6117,8749,7997
327,9697,5280,2883,1900,8583
327,9697,5280,1227,2162,8688
327,9697,5280,8462,2693,3219
327,9697,5280,9239,5478,168
327,9697,5280,1505,6742,7435
327,9697,5280,2842,1160,5435
327,9697,5280,9476,8860,5082
327,9697,5280,6982,2502,8419
327,9697,5280,9905,3245,8540
327,9697,5280,1576,7086,2980
327,9697,5280,3767,8087,1711
327,9697,5280,8794,3366,4329
327,9697,5280,6019,9529,4370
327,9697,5280,5730,7090,1166
327,9697,5280,8742,815,2493
327,9697,5280,4814,9362,2482
327,9697,5280,6190,965,6998
327,9697,5280,2542,1713,351
327,9697,5280,113,9103,1931
327,9697,5280,8377,6241,9401
327,9697,5280,4580,965,9201
327,9697,5280,3330,9963,1610
327,9697,5280,7239,1133,8194
327,9697,5280,4597,842,5869
327,9697,5280,7752,5767,3490
327,9697,5280,1421,2316,1998
327,9697,5280,4502,9689,7682
327,9697,5280,9463,4901,1814
327,9697,5280,1114,9171,1680
327,9697,5280,2627,443,3398
327,9697,5280,5593,8049,2913
327,9697,5280,356,316,6173
327,9697,5280,5370,5106,1559
327,9697,5280,31,5471,950
327,9697,5280,570,450,9411
327,9697,5280,57,4744,2351
327,9697,5280,3855,2929,2728
327,9697,5280,189,1721,4904
327,9697,5280,9887,6519,173
327,9697,5280,4050,7046,2322
327,9697,5280,8559,825,7355
327,9697,5280,7472,4877,1633
327,9697,5280,9417,6982,3472
327,9697,5280,4478,7625,2717
327,9697,5280,6932,1111,217
327,9697,5280,1964,912,1588
327,9697,5280,3406,6045,8007
327,9697,5280,2369,7504,6277
327,9697,5280,6290,4769,1235
327,9697,5280,9764,9075,2405
327,9697,5280,5181,6464,2796
327,9697,5280,787,3258,4811
327,9697,5280,6332,7676,8290
327,9697,5280,3195,8355,3027
327,9697,5280,848,4737,6370
327,9697,5280,4528,5584,7205
327,9697,5280,442,6917,3158
327,9697,5280,29,7893,5463
327,9697,5280,6681,7537,2827
327,9697,5280,58,7825,5111
327,9697,5280,8386,5952,9526
327,9697,5280,572,283,913
327,9697,5280,4335,9150,1385
327,9697,5280,7434,8570,7017
327,9697,5280,1337,9633,7483
327,9697,5280,7656,946,4806
327,9697,5280,6685,6232,7230
327,9697,5280,5542,2979,9584
327,9697,5280,3761,4520,4137
327,9697,5280,575,9728,4012
327,9697,5280,9798,3414,2659
327,9697,5280,3048,9107,2231
327,9697,5280,9103,2148,5315
327,9697,5280,3440,7636,2295
327,9697,5280,958,4721,2356
327,9697,5280,4867,8349,6214
327,9697,5280,2222,9317,4749
327,9697,5280,2148,4402,4062
327,9697,5280,7886,9982,584
327,9697,5280,5726,5334,6533
327,9697,5280,6052,3673,7714
327,9697,5280,4312,588,6342
327,9697,5280,975,1992,9192
327,9697,5280,7410,4475,791
327,9697,5280,8421,664,6665
327,9697,5280,965,1239,4764
327,9697,5280,2171,2500,4508
327,9697,5280,4572,9920,4204
327,9697,5280,219,4710,1754
327,9697,5280,8685,2035,8066
327,9697,5280,8807,5414,6095
327,9697,5280,7988,7163,3049
327,9697,5280,4626,8809,7620
327,9697,5280,2978,3155,789
327,9697,5280,2816,4699,8069
327,9697,5280,641,5551,9334
327,9697,5280,5408,495,1304
327,9697,5280,2953,4203,9382
327,9697,5280,1178,9275,3695
327,9697,5280,4904,7287,5449
327,9697,5280,694,516,2944
327,9697,5280,1449,8493,4446
327,9697,5280,2216,3842,9903
327,9697,5280,475,8936,9320
327,9697,5280,3308,6059,839
327,9697,5280,1183,6604,9839
327,9697,5280,1104,323,2087
327,9697,5280,9513,2455,224
327,9697,5280,3530,5922,6964
327,9697,5280,6951,2616,102
327,9697,5280,9150,1885,7574
327,9697,5280,5270,9794,2046
327,9697,5280,2939,7643,6496
327,9697,5280,8841,1218,8147
327,9697,5280,4579,8677,6191
327,9697,5280,4936,2486,550
327,9697,5280,6383,3287,9662
327,9697,5280,7435,1829,6910
327,9697,5280,1180,4341,1717
327,9697,5280,1040,4481,1344
327,9697,5280,5458,6877,8563
327,9697,5280,4036,319,9224
327,9697,5280,8460,7755,9287
327,9697,5280,4231,5247,1483
327,9697,5280,438,4446,2227
327,9697,5280,7917,8993,3292
327,9697,5280,3451,5394,3570
327,9697,5280,5255,8619,706
327,9697,5280,8123,3650,3530
327,9697,5280,1171,7050,8714
327,9697,5280,5399,8168,3249
327,9697,5280,9003,5954,2246
327,9697,5280,9661,6606,5816
327,9697,5280,4466,735,7635
327,9697,5280,1791,9483,7630
327,9697,5280,7989,4865,5319
327,9697,5280,4526,9269,9895
327,9697,5280,8492,8315,222
327,9697,5280,5956,5402,9693
327,9697,5280,702,1460,5603
327,9697,5280,9117,7045,9156
327,9697,5280,9608,3963,3768
327,9697,5280,2334,4345,6686
327,9697,5280,1529,1924,2595
327,9697,5280,5085,1301,9293
327,9697,5280,8164,7997,1509
327,9697,5280,9664,2407,5961
327,9697,5280,9629,9071,4500
327,9697,5280,838,4248,604
327,9697,5280,5412,9169,5716
327,9697,5280,2953,7690,7017
327,9697,5280,6712,8050,2811
327,9697,5280,6061,3749,9024
327,9697,5280,6911,524,3547
327,9697,5280,9813,7132,7916
327,9697,5280,4969,4747,7760
327,9697,5280,412,4352,2639
327,9697,5280,1241,4415,4491
327,9697,5280,946,5868,2995
327,9697,5280,4709,889,6695
327,9697,5280,626,4243,5116
327,9697,5280,5674,9934,3669
327,9697,5280,5616,5667,4574
327,9697,5280,6353,412,6607
327,9697,5280,3627,9895,8889
327,9697,5280,2511,8156,9750
327,9697,5280,2903,2139,4180
327,9697,5280,6729,9231,4849
327,9697,5280,5226,3537,8993
327,9697,5280,2824,55,5816
327,9697,5280,1671,2987,4875
327,9697,5280,9183,5218,6302
327,9697,5280,6394,54,3559
327,9697,5280,9439,3887,8829
327,9697,5280,1843,6358,4205
327,9697,5280,7507,8886,513
327,9697,5280,3412,5941,8861
327,9697,5280,2558,8194,6685
327,9697,5280,3886,3915,615
327,9697,5280,1967,9809,831
327,9697,5280,6884,1139,2791
327,9697,5280,3715,9293,3692
327,9697,5280,7946,1211,7771
327,9697,5280,5039,7362,3794
327,9697,5280,1976,1337,2675
327,9697,5280,5932,9217,7112
327,9697,5280,191,4064,3086
327,9697,5280,7498,3848,1780
327,9697,5280,7240,1284,9099
327,9697,5280,7981,735,84
327,9697,5280,3288,3192,3253
327,9697,5280,3568,5131,7697
327,9697,5280,8356,6637,7370
327,9697,5280,2491,4780,1433
327,9697,5280,6924,4668,1643
327,9697,5280,9514,4478,4107
327,9697,5280,8337,4937,98
327,9697,5280,4353,9386,7073
327,9697,5280,2128,5660,2072
327,9697,5280,5105,2371,2889
327,9697,5280,5713,1268,9172
327,9697,5280,4348,3566,5226
327,9697,5280,4749,4445,7937
327,9697,5280,1797,9427,9996
327,9697,5280,1756,7922,6462
327,9697,5280,1275,2909,6456
327,9697,5280,9011,7408,8175
327,9697,5280,3258,8675,2483
327,9697,5280,3663,6638,3230
327,9697,5280,4509,6338,3737
327,9697,5280,181,2466,5006
327,9697,5280,3860,9827,793
327,9697,5280,5708,3742,4632
327,9697,5280,3705,1363,2560
327,9697,5280,2652,9195,7442
327,9697,5280,2737,5609,8907
327,9697,5280,9177,9890,2117
327,9697,5280,1507,7480,3962
327,9697,5280,9482,7673,7146
327,9697,5280,9755,4239,1446
327,9697,5280,2955,7044,7724
327,9697,5280,6727,9908,2512
327,9697,5280,6958,9146,5381
327,9697,5280,5239,6376,6617
327,9697,5280,5726,6053,3746
327,9697,5280,4807,9737,1591
327,9697,5280,1950,7642,8859
327,9697,5280,2792,9862,5964
327,9697,5280,5042,6627,7742
327,9697,5280,3518,4028,8057
327,9697,5280,2804,6985,876
327,9697,5280,6352,7009,4317
327,9697,5280,7676,9933,1609
327,9697,5280,9668,9577,4761
327,9697,5280,6555,11,1310
327,9697,5280,4129,9220,9578
327,9697,5280,788,5975,4250
327,9697,5280,6056,1066,7320
327,9697,5280,9490,9462,445
327,9697,5280,2857,2292,5418
327,9697,5280,4347,9957,3731
327,9697,5280,7081,6407,25
327,9697,5280,2620,5804,9112
327,9697,5280,1609,7804,4808
327,9697,5280,5522,1258,8695
327,9697,5280,965,8836,1351
327,9697,5280,6200,205,6823
327,9697,5280,7077,4087,550
327,9697,5280,2166,5422,6951
327,9697,5280,5931,7812,4058
327,9697,5280,9293,3310,5707
327,9697,5280,1918,606,2031
327,9697,5280,6271,3266,427
327,9697,5280,4431,3148,9863
327,9697,5280,545,5334,4459
327,9697,5280,8639,8270,1246
327,9697,5280,6585,4141,3920
327,9697,5280,6752,6160,8702
327,9697,5280,5525,3991,3939
327,9697,5280,6013,9258,115
327,9697,5280,2395,1147,8641
327,9697,5280,9396,2918,8701
327,9697,5280,1012,7749,6609
327,9697,5280,3846,719,4782
327,9697,5280,7045,9503,3150
327,9697,5280,3638,6284,8431
327,9697,5280,1450,2017,3169
327,9697,5280,1525,5444,8707
327,9697,5280,6573,1493,7216
327,9697,5280,5951,7505,2349
327,9697,5280,4757,4288,8796
327,9697,5280,8496,8907,5490
327,9697,5280,1863,4308,290
327,9697,5280,46,3140,5595
327,9697,5280,2931,4004,1444
327,9697,5280,7411,6790,3578
327,9697,5280,2254,7152,1466
327,9697,5280,5990,4511,587
327,9697,5280,5470,9640,6233
327,9697,5280,477,1470,3044
327,9697,5280,1804,3506,5505
327,9697,5280,5207,3394,6859
327,9697,5280,9290,2910,9926
327,9697,5280,3782,772,2376
327,9697,5280,8912,1056,6150
327,9697,5280,4474,9947,510
327,9697,5280,1502,8841,6700
327,9697,5280,5283,3829,3647
327,9697,5280,1064,5378,8666
327,9697,5280,3106,5074,9590
327,9697,5280,9560,9792,9208
327,9697,5280,9607,302,7916
327,9697,5280,565,5932,3629
327,9697,5280,9043,4461,4619
327,9697,5280,6609,2259,2931
327,9697,5280,4056,3381,9320
327,9697,5280,1391,8723,6984
327,9697,5280,788,5421,7707
327,9697,5280,9471,2025,7887
327,9697,5280,6204,2702,3915
327,9697,5280,5424,597,2048
327,9697,5280,4176,1072,3291
327,9697,5280,5220,7611,661
327,9697,5280,5606,8974,9396
