6083,2087,6686,9860,90,9662
6083,2087,6686,4284,5692,8854
6083,2087,6686,8133,1828,1288
6083,2087,6686,487,1582,931
6083,2087,6686,4123,958,6641
6083,2087,6686,6094,6897,2765
6083,2087,6686,780,6615,8401
6083,2087,6686,1386,2111,3399
6083,2087,6686,5535,6561,5892
6083,2087,6686,9622,6979,1878
6083,2087,6686,9579,8049,457
6083,2087,6686,46,4649,9324
6083,2087,6686,5677,9795,1553
6083,2087,6686,2123,7073,3560
6083,2087,6686,5562,3278,6403
6083,2087,6686,9417,8085,2715
6083,2087,6686,1274,244,4357
6083,2087,6686,4465,9399,4315
6083,2087,6686,8933,2966,5197
6083,2087,6686,1562,5176,3955
6083,2087,6686,7846,2144,2428
6083,2087,6686,4222,4720,6716
6083,2087,6686,9663,1898,200
6083,2087,6686,3372,9356,2167
6083,2087,6686,7362,4004,9533
6083,2087,6686,9063,7325,9434
6083,2087,6686,808,2663,3365
6083,2087,6686,4180,6089,43
6083,2087,6686,7955,3187,217
6083,2087,6686,564,9243,9946
6083,2087,6686,2334,3753,8533
6083,2087,6686,8883,6563,7782
6083,2087,6686,2363,2357,9460
6083,2087,6686,229,4233,131
6083,2087,6686,377,6852,9060
6083,2087,6686,5698,1275,2474
6083,2087,6686,1216,6952,8499
6083,2087,6686,4428,1249,7442
6083,2087,6686,7627,5627,2230
6083,2087,6686,2437,9110,687
6083,2087,6686,342,4634,839
6083,2087,6686,9308,2873,7205
6083,2087,6686,6091,9303,2096
6083,2087,6686,5645,438,7617
6083,2087,6686,4191,4216,9667
6083,2087,6686,6600,1874,1576
6083,2087,6686,2106,8838,9569
6083,2087,6686,6682,420,9176
6083,2087,6686,410,5384,417
6083,2087,6686,8582,7070,9911
6083,2087,6686,4601,3309,4253
6083,2087,6686,2615,9363,3218
6083,2087,6686,5145,5727,7837
6083,2087,6686,1598,6219,9819
6083,2087,6686,7209,5701,6334
6083,2087,6686,2249,7552,6024
6083,2087,6686,2225,9040,6772
6083,2087,6686,3289,2005,5467
6083,2087,6686,8424,6196,7745
6083,2087,6686,1273,10000,9748
6083,2087,6686,3667,8698,7410
6083,2087,6686,3805,5332,8546
6083,2087,6686,940,4961,9382
6083,2087,6686,3522,2103,8588
6083,2087,6686,667,7244,1989
6083,2087,6686,6592,6965,3195
6083,2087,6686,8634,7764,1563
6083,2087,6686,5773,632,4753
6083,2087,6686,7014,4159,5880
6083,2087,6686,6740,3655,6426
6083,2087,6686,8994,7121,7181
6083,2087,6686,121,2710,9888
6083,2087,6686,9946,9524,3123
6083,2087,6686,9660,4311,6340
6083,2087,6686,8244,8412,5164
6083,2087,6686,1581,4562,6435
6083,2087,6686,5136,153,547
6083,2087,6686,55,5513,7765
6083,2087,6686,2335,779,9852
6083,2087,6686,7602,3778,5327
6083,2087,6686,1763,3024,7076
6083,2087,6686,3025,9488,8341
6083,2087,6686,3694,2463,7365
6083,2087,6686,9000,4369,2200
6083,2087,6686,6514,6005,2495
6083,2087,6686,5844,1256,3110
6083,2087,6686,743,6455,7447
6083,2087,6686,5007,496,8402
6083,2087,6686,6339,966,2685
6083,2087,6686,7971,8346,2045
6083,2087,6686,1193,2954,9928
6083,2087,6686,8409,6428,6866
6083,2087,6686,9093,715,6305
6083,2087,6686,5645,6096,1854
6083,2087,6686,9272,6620,8123
6083,2087,6686,3110,6022,2777
6083,2087,6686,2919,7354,4348
6083,2087,6686,3300,9382,6363
6083,2087,6686,474,6081,3787
6083,2087,6686,9476,3621,7292
6083,2087,6686,1259,7427,1836
6083,2087,6686,6707,7026,8812
6083,2087,6686,6028,297,4813
6083,2087,6686,564,9108,7453
6083,2087,6686,6619,6166,7871
6083,2087,6686,7601,3825,6410
6083,2087,6686,3051,4185,6615
6083,2087,6686,1179,1496,4701
6083,2087,6686,5490,7115,3495
6083,2087,6686,3358,6313,882
6083,2087,6686,5253,6337,9949
6083,2087,6686,3570,4686,4217
6083,2087,6686,1824,2117,7099
6083,2087,6686,3365,2302,1388
6083,2087,6686,3554,5363,2812
6083,2087,6686,2119,4587,1559
6083,2087,6686,8887,3363,3835
6083,2087,6686,2446,3417,7881
6083,2087,6686,7041,8736,8569
6083,2087,6686,7166,7727,3672
6083,2087,6686,2541,4609,1136
6083,2087,6686,4327,717,7996
6083,2087,6686,5308,1568,4374
6083,2087,6686,5750,932,900
6083,2087,6686,7581,8076,2325
6083,2087,6686,7928,8974,9474
6083,2087,6686,7213,127,9989
6083,2087,6686,3833,5253,5775
6083,2087,6686,5994,6203,9811
6083,2087,6686,4105,1991,6062
6083,2087,6686,8886,2543,3115
6083,2087,6686,7706,1613,4854
6083,2087,6686,8014,3343,6945
6083,2087,6686,9299,6265,1429
6083,2087,6686,3260,2057,174
6083,2087,6686,3891,8359,5567
6083,2087,6686,4176,12,3083
6083,2087,6686,7258,4939,6314
6083,2087,6686,6239,6387,6282
6083,2087,6686,6197,553,4010
6083,2087,6686,6434,5103,835
6083,2087,6686,2386,917,8750
6083,2087,6686,484,556,8326
6083,2087,6686,8281,7677,2912
6083,2087,6686,7714,7213,6400
6083,2087,6686,3617,1107,3091
6083,2087,6686,5190,7722,9773
6083,2087,6686,3160,5295,6844
6083,2087,6686,9514,4874,4377
6083,2087,6686,4929,5075,9312
6083,2087,6686,8122,2120,1131
6083,2087,6686,5044,6888,8171
6083,2087,6686,2459,5166,3574
6083,2087,6686,946,4924,5063
6083,2087,6686,600,428,278
6083,2087,6686,9641,1755,2916
6083,2087,6686,9120,4199,142
6083,2087,6686,3486,5877,6284
6083,2087,6686,720,451,7485
6083,2087,6686,8611,9485,35
6083,2087,6686,3084,9332,8636
6083,2087,6686,8614,3822,7598
6083,2087,6686,6572,3016,8723
6083,2087,6686,1893,2780,5694
6083,2087,6686,56,3822,368
6083,2087,6686,896,1800,5617
6083,2087,6686,7365,3462,2033
6083,2087,6686,3231,4504,7531
6083,2087,6686,9643,1993,7774
6083,2087,6686,3398,6988,4277
6083,2087,6686,3746,6595,8529
6083,2087,6686,7558,7211,6440
6083,2087,6686,6321,3602,157
6083,2087,6686,9238,6389,1022
6083,2087,6686,648,1846,6912
6083,2087,6686,5379,9207,8089
6083,2087,6686,494,1942,2560
6083,2087,6686,4775,3910,6223
6083,2087,6686,7641,5977,8991
6083,2087,6686,9529,5184,9860
6083,2087,6686,7632,8978,4530
6083,2087,6686,5621,7279,491
6083,2087,6686,6199,3058,5543
6083,2087,6686,1747,810,6082
6083,2087,6686,9301,4148,6115
6083,2087,6686,5427,6602,9201
6083,2087,6686,9311,2714,8038
6083,2087,6686,3510,1492,3548
6083,2087,6686,1948,3057,5651
6083,2087,6686,8928,564,207
6083,2087,6686,9157,6343,5025
6083,2087,6686,3869,7283,7442
6083,2087,6686,6276,1181,4609
6083,2087,6686,7780,1217,740
6083,2087,6686,2043,4013,3837
6083,2087,6686,8932,6463,8632
6083,2087,6686,3821,8224,1474
6083,2087,6686,878,9067,1598
6083,2087,6686,7507,5801,1325
6083,2087,6686,1681,2074,2949
6083,2087,6686,5316,9124,7216
6083,2087,6686,1721,6333,3619
6083,2087,6686,516,2956,7074
6083,2087,6686,9838,8654,5963
6083,2087,6686,4469,651,940
6083,2087,6686,1064,9927,7297
6083,2087,6686,1516,2982,3495
6083,2087,6686,3433,5488,4603
6083,2087,6686,2405,531,1272
6083,2087,6686,1721,4109,5787
6083,2087,6686,7476,8845,3987
6083,2087,6686,7367,1524,5931
6083,2087,6686,8359,6580,9303
6083,2087,6686,7429,6183,5161
6083,2087,6686,241,4208,2286
6083,2087,6686,1233,2068,3585
6083,2087,6686,567,4310,4847
6083,2087,6686,6995,4460,3140
6083,2087,6686,1380,9373,865
6083,2087,6686,5810,9766,7675
6083,2087,6686,5320,5032,8627
6083,2087,6686,746,7777,8637
6083,2087,6686,4564,1994,472
6083,2087,6686,9930,8415,6377
6083,2087,6686,6602,4362,7381
6083,2087,6686,237,411,2656
6083,2087,6686,6870,2591,8067
6083,2087,6686,3590,2108,9307
6083,2087,6686,3337,8784,274
6083,2087,6686,794,3565,3562
6083,2087,6686,8725,6886,2768
6083,2087,6686,1170,2531,9129
6083,2087,6686,7834,8237,4004
6083,2087,6686,5049,5169,924
6083,2087,6686,2603,2124,477
6083,2087,6686,3389,662,1630
6083,2087,6686,3200,9969,3250
6083,2087,6686,2048,5269,664
6083,2087,6686,3935,5742,829
6083,2087,6686,2988,7946,6922
6083,2087,6686,6026,4192,6238
6083,2087,6686,4838,2967,1042
6083,2087,6686,1927,1112,210
6083,2087,6686,2150,1298,5278
6083,2087,6686,516,7434,3573
6083,2087,6686,7842,6478,5281
6083,2087,6686,2442,6786,5429
6083,2087,6686,1070,56,9532
6083,2087,6686,1624,4219,8134
6083,2087,6686,1832,6059,6296
6083,2087,6686,7214,8607,4956
6083,2087,6686,301,7354,9027
6083,2087,6686,3269,3030,4547
6083,2087,6686,7643,3683,3108
6083,2087,6686,1633,6476,6722
6083,2087,6686,1638,1645,4415
6083,2087,6686,1531,6843,3471
6083,2087,6686,6111,782,4873
6083,2087,6686,2049,7740,3963
6083,2087,6686,989,1032,7413
6083,2087,6686,7932,9971,3033
6083,2087,6686,125,5119,5570
6083,2087,6686,9049,6666,9784
6083,2087,6686,5261,4148,9033
6083,2087,6686,2232,4281,2989
6083,2087,6686,3917,8898,7038
6083,2087,6686,6279,9408,9433
6083,2087,6686,219,1150,835
6083,2087,6686,8254,1107,7605
6083,2087,6686,5928,2108,1485
6083,2087,6686,8133,982,3171
6083,2087,6686,5825,2891,7541
6083,2087,6686,9811,357,233
6083,2087,6686,1070,9365,5911
6083,2087,6686,5006,3357,3633
6083,2087,6686,9969,4693,1671
6083,2087,6686,2073,4306,9415
6083,2087,6686,2077,576,1137
6083,2087,6686,8172,968,7106
6083,2087,6686,8950,5541,340
6083,2087,6686,560,7486,2547
6083,2087,6686,3694,1383,4564
6083,2087,6686,6668,6546,5872
6083,2087,6686,4448,3483,7645
6083,2087,6686,8751,650,6023
6083,2087,6686,5079,252,4202
6083,2087,6686,9112,3251,3202
6083,2087,6686,1824,620,6182
6083,2087,6686,6411,8298,8767
6083,2087,6686,8730,2978,4059
6083,2087,6686,7122,3185,5814
6083,2087,6686,2529,3029,5561
6083,2087,6686,9239,7909,8566
6083,2087,6686,7761,2021,2490
6083,2087,6686,7497,4445,7478
6083,2087,6686,9244,5070,7602
6083,2087,6686,8703,370,954
6083,2087,6686,3860,2170,5851
6083,2087,6686,1822,8548,3638
6083,2087,6686,5632,730,1111
6083,2087,6686,2051,6591,2584
6083,2087,6686,6287,8957,651
6083,2087,6686,3024,9129,2759
6083,2087,6686,323,4980,5033
6083,2087,6686,6328,8737,7465
6083,2087,6686,2924,6870,77
6083,2087,6686,7248,4192,1113
6083,2087,6686,5813,8367,868
6083,2087,6686,5495,4291,7363
6083,2087,6686,5712,5589,2462
6083,2087,6686,9371,2245,9018
6083,2087,6686,5463,6360,5459
6083,2087,6686,3606,563,7161
6083,2087,6686,4001,595,5310
6083,2087,6686,113,115,3467
6083,2087,6686,8796,7813,7564
6083,2087,6686,8488,7373,149
6083,2087,6686,5772,2314,8219
6083,2087,6686,9465,6682,2253
6083,2087,6686,2546,118,1724
6083,2087,6686,3339,3292,6446
6083,2087,6686,4890,5553,5757
6083,2087,6686,6540,2772,4818
6083,2087,6686,2382,6306,5591
6083,2087,6686,8145,7275,5382
6083,2087,6686,8976,9265,683
6083,2087,6686,2580,7567,807
6083,2087,6686,8483,6277,3847
6083,2087,6686,1880,8373,946
6083,2087,6686,3076,1331,3761
6083,2087,6686,2951,9710,5088
6083,2087,6686,5507,730,2009
6083,2087,6686,1815,9131,9004
6083,2087,6686,916,1172,9822
6083,2087,6686,4673,6091,4522
6083,2087,6686,7972,6275,5850
6083,2087,6686,2573,6410,9246
6083,2087,6686,5846,2131,7105
6083,2087,6686,4918,591,4236
6083,2087,6686,9018,8338,6048
6083,2087,6686,1492,6042,2976
6083,2087,6686,7827,3901,9933
6083,2087,6686,2499,8279,5697
6083,2087,6686,8458,1974,4094
6083,2087,6686,3223,603,9024
6083,2087,6686,2621,9306,6856
6083,2087,6686,8974,1092,895
6083,2087,6686,2583,4786,6266
6083,2087,6686,3586,2275,1947
6083,2087,6686,7013,1471,3295
6083,2087,6686,1838,4006,8940
6083,2087,6686,2403,1159,2218
6083,2087,6686,7532,2545,5318
6083,2087,6686,9506,5394,8698
6083,2087,6686,5533,1292,7579
6083,2087,6686,7732,3932,3283
6083,2087,6686,3492,1187,4138
6083,2087,6686,1083,8252,2913
6083,2087,6686,592,9260,5408
6083,2087,6686,3270,4786,1811
6083,2087,6686,7447,7440,4086
6083,2087,6686,7855,6620,5837
6083,2087,6686,134,2496,8484
6083,2087,6686,7172,675,6590
6083,2087,6686,9739,922,6155
6083,2087,6686,9039,7054,6827
6083,2087,6686,8375,1752,2096
6083,2087,6686,6249,5856,2218
6083,2087,6686,8662,2965,3132
6083,2087,6686,2742,87,2443
6083,2087,6686,9890,9385,7064
6083,2087,6686,7081,9710,7634
6083,2087,6686,7005,4942,7639
6083,2087,6686,9322,3985,5813
6083,2087,6686,8557,2795,3996
6083,2087,6686,6109,2397,54
6083,2087,6686,8902,2164,3766
6083,2087,6686,3804,3416,5303
6083,2087,6686,6163,9904,6460
6083,2087,6686,6817,6708,3282
6083,2087,6686,364,5054,1859
6083,2087,6686,692,7613,3478
6083,2087,6686,4939,5386,6024
6083,2087,6686,6536,1106,5886
6083,2087,6686,4047,9668,3296
6083,2087,6686,4482,4510,701
6083,2087,6686,2662,1689,186
6083,2087,6686,4171,7921,2674
6083,2087,6686,2091,8866,7397
6083,2087,6686,6242,6557,9208
6083,2087,6686,9527,5002,1441
6083,2087,6686,562,2935,8954
6083,2087,6686,4497,5810,3304
6083,2087,6686,7020,8608,8057
6083,2087,6686,4944,8250,8363
6083,2087,6686,1597,6461,5147
6083,2087,6686,5570,8714,8419
6083,2087,6686,8588,4487,224
6083,2087,6686,8028,1740,8829
6083,2087,6686,212,2570,858
6083,2087,6686,6140,5266,8900
6083,2087,6686,4141,4508,621
6083,2087,6686,3022,7113,7657
6083,2087,6686,949,2482,4719
6083,2087,6686,5391,2326,5432
6083,2087,6686,1454,6676,5766
6083,2087,6686,8245,8609,6210
6083,2087,6686,3446,583,4353
6083,2087,6686,2498,5845,4142
6083,2087,6686,649,686,7738
6083,2087,6686,7089,9827,8464
6083,2087,6686,1419,6240,268
6083,2087,6686,4201,3131,3349
6083,2087,6686,9865,6988,1457
6083,2087,6686,5074,7266,3175
6083,2087,6686,8874,1545,466
6083,2087,6686,3676,4108,9420
6083,2087,6686,3057,314,50
6083,2087,6686,4892,4206,3960
6083,2087,6686,8883,9538,8762
6083,2087,6686,4505,7369,8223
6083,2087,6686,191,8091,63
6083,2087,6686,1189,7759,5506
6083,2087,6686,5458,648,9880
6083,2087,6686,9535,2423,1600
6083,2087,6686,8747,871,8697
6083,2087,6686,4770,6596,6293
6083,2087,6686,3509,3671,9930
6083,2087,6686,7721,3398,1213
6083,2087,6686,8506,8885,2240
6083,2087,6686,2373,2828,8724
6083,2087,6686,3701,6189,3962
6083,2087,6686,4694,5995,5531
6083,2087,6686,2549,9985,2041
6083,2087,6686,6335,3209,8911
6083,2087,6686,3000,6358,3822
6083,2087,6686,2724,6664,3468
6083,2087,6686,9839,1978,7652
6083,2087,6686,6456,2574,8632
6083,2087,6686,7874,2139,5401
6083,2087,6686,4709,7145,178
6083,2087,6686,2280,2958,2262
6083,2087,6686,2712,9564,5364
6083,2087,6686,4155,4091,3770
6083,2087,6686,371,6067,8093
6083,2087,6686,6140,2182,4630
6083,2087,6686,7648,571,9179
6083,2087,6686,2749,8692,6975
6083,2087,6686,7529,8200,8563
6083,2087,6686,4053,1486,5710
6083,2087,6686,920,1893,9521
6083,2087,6686,3872,4297,3357
6083,2087,6686,2444,8643,6881
6083,2087,6686,600,3025,1005
6083,2087,6686,810,8499,1259
6083,2087,6686,6606,7807,1815
6083,2087,6686,1132,5041,8707
6083,2087,6686,4222,6111,5797
6083,2087,6686,8851,9903,3993
6083,2087,6686,7417,8073,5022
6083,2087,6686,1681,4010,9756
6083,2087,6686,8639,9830,7623
6083,2087,6686,8223,3788,6990
6083,2087,6686,9526,5229,3454
6083,2087,6686,7673,7794,5333
6083,2087,6686,8930,5700,1687
6083,2087,6686,9469,8019,996
6083,2087,6686,8936,1931,9537
6083,2087,6686,610,9081,154
6083,2087,6686,9455,3498,1496
6083,2087,6686,9749,5857,8060
6083,2087,6686,1391,8788,8550
6083,2087,6686,1177,8328,6184
6083,2087,6686,4156,5887,593
6083,2087,6686,4534,2980,2938
6083,2087,6686,6083,2605,5127
6083,2087,6686,5740,654,5875
6083,2087,6686,9029,2491,4451
6083,2087,6686,9205,1926,5135
6083,2087,6686,6216,2961,5407
6083,2087,6686,7837,9343,1452
6083,2087,6686,9151,9476,78
6083,2087,6686,6252,8066,8987
6083,2087,6686,7768,729,7952
6083,2087,6686,7324,8790,6658
6083,2087,6686,3794,6254,9487
6083,2087,6686,7020,4506,242
6083,2087,6686,2163,7445,8939
6083,2087,6686,1316,9838,2268
6083,2087,6686,4771,9295,4562
6083,2087,6686,7916,5214,6525
6083,2087,6686,198,8007,5366
6083,2087,6686,3437,6250,3931
6083,2087,6686,2507,8710,7668
6083,2087,6686,8686,1251,2676
6083,2087,6686,4675,1801,2114
6083,2087,6686,5721,2272,7706
6083,2087,6686,9051,4190,3624
6083,2087,6686,6321,3356,5272
6083,2087,6686,7772,1655,1439
6083,2087,6686,8932,6532,8297
6083,2087,6686,6490,946,5362
6083,2087,6686,8839,9949,5900
6083,2087,6686,5046,2684,3523
6083,2087,6686,825,8055,3966
6083,2087,6686,7854,9625,8861
6083,2087,6686,4593,6139,7049
6083,2087,6686,3094,6201,8472
6083,2087,6686,9600,8728,2870
6083,2087,6686,3645,2367,4503
