2080,4006,2166,312,3699,6344
2080,4006,2166,166,6738,3442
2080,4006,2166,3860,3337,4097
2080,4006,2166,2973,1013,6833
2080,4006,2166,7844,9619,1285
2080,4006,2166,2381,7991,3819
2080,4006,2166,9914,5772,7414
2080,4006,2166,4882,973,6874
2080,4006,2166,3856,980,1231
2080,4006,2166,496,7494,3260
2080,4006,2166,2733,2512,4250
2080,4006,2166,3195,6750,7671
2080,4006,2166,1532,9338,4279
2080,4006,2166,2376,3870,3907
2080,4006,2166,1406,1129,3072
2080,4006,2166,6812,8697,743
2080,4006,2166,8713,354,7717
2080,4006,2166,7240,1313,3177
2080,4006,2166,463,449,3241
2080,4006,2166,3087,8160,155
2080,4006,2166,7932,2952,7456
2080,4006,2166,4612,6794,1708
2080,4006,2166,3638,3433,3589
2080,4006,2166,7987,2535,3710
2080,4006,2166,5530,9981,4205
2080,4006,2166,8173,3182,4529
2080,4006,2166,7678,5065,7826
2080,4006,2166,5720,863,4507
2080,4006,2166,7397,3454,5985
2080,4006,2166,6362,364,5864
2080,4006,2166,4331,9077,6250
2080,4006,2166,9553,5217,5062
2080,4006,2166,5320,2312,9319
2080,4006,2166,9976,1463,8926
2080,4006,2166,2021,6308,9041
2080,4006,2166,4225,9175,2781
2080,4006,2166,5235,6565,5037
2080,4006,2166,1833,9851,3627
2080,4006,2166,6855,7943,5367
2080,4006,2166,7692,703,5278
2080,4006,2166,5430,1438,5606
2080,4006,2166,7040,7127,5408
2080,4006,2166,1201,6608,841
2080,4006,2166,7424,8239,3902
2080,4006,2166,3678,4881,6077
2080,4006,2166,1544,573,1527
2080,4006,2166,7823,1232,266
2080,4006,2166,5933,8760,761
2080,4006,2166,5455,9364,6273
2080,4006,2166,7071,1904,688
2080,4006,2166,123,5538,6732
2080,4006,2166,2897,4586,7285
2080,4006,2166,46,6557,1427
2080,4006,2166,2041,8055,6685
2080,4006,2166,5114,9432,9290
2080,4006,2166,283,6403,4377
2080,4006,2166,9122,4848,7640
2080,4006,2166,1287,3489,3997
2080,4006,2166,8813,6455,8784
2080,4006,2166,9097,4789,6913
2080,4006,2166,9103,3834,5147
2080,4006,2166,5762,9899,833
2080,4006,2166,2571,2733,8902
2080,4006,2166,5454,8228,7446
2080,4006,2166,5475,3058,3601
2080,4006,2166,196,9142,2444
2080,4006,2166,3859,4144,7639
2080,4006,2166,2874,1321,2916
2080,4006,2166,2560,1380,4198
2080,4006,2166,8605,228,3252
2080,4006,2166,9425,9829,2689
2080,4006,2166,9574,4461,292
2080,4006,2166,7243,6119,4519
2080,4006,2166,3072,934,2213
2080,4006,2166,3015,5499,9322
2080,4006,2166,7789,4585,7868
2080,4006,2166,7652,2222,7950
2080,4006,2166,8656,5034,4075
2080,4006,2166,8383,8493,1629
2080,4006,2166,1094,7454,1341
2080,4006,2166,8532,5192,5172
2080,4006,2166,6013,4779,3165
2080,4006,2166,974,264,8716
2080,4006,2166,616,5003,3429
2080,4006,2166,7883,397,1292
2080,4006,2166,871,1509,6815
2080,4006,2166,694,5011,8529
2080,4006,2166,4136,1928,7612
2080,4006,2166,7016,1895,3931
2080,4006,2166,1516,6989,1298
2080,4006,2166,3244,2203,7246
2080,4006,2166,3974,2636,9487
2080,4006,2166,3470,7010,8657
2080,4006,2166,8281,6782,1950
2080,4006,2166,2867,8529,1369
2080,4006,2166,2114,1129,2455
2080,4006,2166,7369,1720,7974
2080,4006,2166,2035,8873,3014
2080,4006,2166,4443,8244,5621
2080,4006,2166,7436,7963,494
2080,4006,2166,8499,3501,2250
2080,4006,2166,7328,8369,9964
2080,4006,2166,1431,4909,8832
2080,4006,2166,6091,3147,5777
2080,4006,2166,7219,2988,3344
2080,4006,2166,303,990,3348
2080,4006,2166,5541,3072,2875
2080,4006,2166,1071,7323,3274
2080,4006,2166,1504,9502,6787
2080,4006,2166,6251,6514,4637
2080,4006,2166,7983,3513,4483
2080,4006,2166,6087,9140,5659
2080,4006,2166,8972,206,1356
2080,4006,2166,7723,7112,3527
2080,4006,2166,1963,2633,2464
2080,4006,2166,3223,7001,194
2080,4006,2166,7227,5363,9126
2080,4006,2166,8470,9147,1679
2080,4006,2166,4173,4702,5981
2080,4006,2166,251,9938,534
2080,4006,2166,6063,9418,5694
2080,4006,2166,4428,532,9757
2080,4006,2166,6920,6442,676
2080,4006,2166,3418,8253,1879
2080,4006,2166,6728,5882,3887
2080,4006,2166,1614,4409,1336
2080,4006,2166,5867,9230,7849
2080,4006,2166,7410,7525,7023
2080,4006,2166,1345,7007,2229
2080,4006,2166,1867,1865,6959
2080,4006,2166,725,7053,4020
2080,4006,2166,254,2694,1127
2080,4006,2166,1782,6131,5367
2080,4006,2166,6816,3505,132
2080,4006,2166,877,4137,4634
2080,4006,2166,6997,9020,8593
2080,4006,2166,3279,8581,7462
2080,4006,2166,628,9134,8752
2080,4006,2166,4666,1966,3493
2080,4006,2166,6598,6834,829
2080,4006,2166,959,6562,3176
2080,4006,2166,6464,5974,3779
2080,4006,2166,222,5414,6640
2080,4006,2166,717,6926,8080
2080,4006,2166,4441,7072,8138
2080,4006,2166,4576,3687,3161
2080,4006,2166,2624,7604,5664
2080,4006,2166,5797,608,2340
2080,4006,2166,4113,1992,9304
2080,4006,2166,1100,917,8317
2080,4006,2166,1027,2253,7494
2080,4006,2166,4891,8995,8162
2080,4006,2166,2202,6426,9806
2080,4006,2166,340,7524,8753
2080,4006,2166,4518,5588,6048
2080,4006,2166,4222,581,5339
2080,4006,2166,9012,9259,3954
2080,4006,2166,4917,1866,7725
2080,4006,2166,9156,4269,2102
2080,4006,2166,8166,421,9018
2080,4006,2166,5370,9169,140
2080,4006,2166,9892,3454,1476
2080,4006,2166,7825,6518,7958
2080,4006,2166,7578,4992,2414
2080,4006,2166,8442,3251,3586
2080,4006,2166,3791,9801,9664
2080,4006,2166,8723,8533,9688
2080,4006,2166,7613,9938,92
2080,4006,2166,7304,6336,7477
2080,4006,2166,42,942,2839
2080,4006,2166,6535,6809,2392
2080,4006,2166,3539,3696,47
2080,4006,2166,4598,2131,7437
2080,4006,2166,5375,8775,7673
2080,4006,2166,3988,7224,3107
2080,4006,2166,1606,6843,591
2080,4006,2166,7315,3869,8356
2080,4006,2166,1280,9723,762
2080,4006,2166,7393,2820,1857
2080,4006,2166,8516,355,3459
2080,4006,2166,8083,1824,6022
2080,4006,2166,5368,7821,8932
2080,4006,2166,5843,829,3489
2080,4006,2166,7292,7506,4764
2080,4006,2166,5850,1343,8495
2080,4006,2166,1803,6373,879
2080,4006,2166,3537,7922,7373
2080,4006,2166,7938,3503,6703
2080,4006,2166,2194,457,8719
2080,4006,2166,2435,1903,324
2080,4006,2166,332,7037,9263
2080,4006,2166,1428,3502,6176
2080,4006,2166,4381,7759,3889
2080,4006,2166,5631,7814,3521
2080,4006,2166,8431,8307,5652
2080,4006,2166,4148,2932,8263
2080,4006,2166,9720,5166,4663
2080,4006,2166,8403,9469,1875
2080,4006,2166,6054,2041,7773
2080,4006,2166,583,714,1837
2080,4006,2166,5188,7760,5119
2080,4006,2166,8765,3299,3698
2080,4006,2166,772,5683,664
2080,4006,2166,5838,4574,7754
2080,4006,2166,4641,6474,499
2080,4006,2166,2557,8525,1089
2080,4006,2166,6066,913,6545
2080,4006,2166,1647,1614,5776
2080,4006,2166,5896,5446,3615
2080,4006,2166,5951,4549,628
2080,4006,2166,7973,9776,4863
2080,4006,2166,4393,6793,9878
2080,4006,2166,3695,8378,3509
2080,4006,2166,2856,5867,182
2080,4006,2166,5203,345,5370
2080,4006,2166,7006,5147,555
2080,4006,2166,4757,6580,3297
2080,4006,2166,64,9346,9508
2080,4006,2166,9695,8179,3303
2080,4006,2166,2307,1611,8620
2080,4006,2166,1175,5521,7230
2080,4006,2166,7537,9591,607
2080,4006,2166,3218,6229,6339
2080,4006,2166,2290,7119,30
2080,4006,2166,4763,7807,9791
2080,4006,2166,7193,2285,3065
2080,4006,2166,7073,2713,7199
2080,4006,2166,6186,3518,1752
2080,4006,2166,1304,5672,4783
2080,4006,2166,879,2781,1317
2080,4006,2166,5464,5373,7766
2080,4006,2166,1409,8449,2920
2080,4006,2166,6345,6763,8007
2080,4006,2166,7449,5893,4076
2080,4006,2166,5133,5065,5990
2080,4006,2166,2754,3874,8038
2080,4006,2166,4735,418,4402
2080,4006,2166,1123,1636,7367
2080,4006,2166,4185,1696,9486
2080,4006,2166,3412,9761,771
2080,4006,2166,9719,7600,4362
2080,4006,2166,947,9043,8887
2080,4006,2166,4416,773,6836
2080,4006,2166,124,2706,9702
2080,4006,2166,8868,959,4293
2080,4006,2166,7588,8408,9821
2080,4006,2166,6500,4739,153
2080,4006,2166,2387,4041,1991
2080,4006,2166,2626,1221,8004
2080,4006,2166,6562,3794,8553
2080,4006,2166,9476,6520,5131
2080,4006,2166,6758,4524,6166
2080,4006,2166,2007,5683,887
2080,4006,2166,814,7990,1109
2080,4006,2166,7531,5144,9400
2080,4006,2166,861,5711,8989
2080,4006,2166,4302,5420,7346
2080,4006,2166,6001,7933,5195
2080,4006,2166,2918,3647,4651
2080,4006,2166,7527,8628,1307
2080,4006,2166,1869,6685,6265
2080,4006,2166,8884,5971,6111
2080,4006,2166,826,8528,5847
2080,4006,2166,7597,3878,9859
2080,4006,2166,1450,1142,6472
2080,4006,2166,9314,4948,9794
2080,4006,2166,2719,8668,7128
2080,4006,2166,5940,1027,4596
2080,4006,2166,6282,3383,5480
2080,4006,2166,9729,3333,2948
2080,4006,2166,1495,6292,9737
2080,4006,2166,7692,2142,7476
2080,4006,2166,147,439,662
2080,4006,2166,8722,9612,5947
2080,4006,2166,2887,4563,1463
2080,4006,2166,3351,9878,882
2080,4006,2166,9600,8113,4504
2080,4006,2166,9417,3940,2444
2080,4006,2166,6822,699,3798
2080,4006,2166,1935,3565,5511
2080,4006,2166,6287,4703,4754
2080,4006,2166,7235,7315,2645
2080,4006,2166,5072,3097,5920
2080,4006,2166,3682,3122,2918
2080,4006,2166,9966,811,5887
2080,4006,2166,3191,6657,7823
2080,4006,2166,1412,429,5922
2080,4006,2166,6084,4564,6119
2080,4006,2166,4534,2869,5284
2080,4006,2166,6367,789,8466
2080,4006,2166,660,2626,796
2080,4006,2166,8760,3957,1400
2080,4006,2166,7531,1250,5651
2080,4006,2166,1409,7376,6221
2080,4006,2166,9922,5884,9947
2080,4006,2166,6182,7003,6520
2080,4006,2166,9640,7827,6007
2080,4006,2166,1588,7655,8890
2080,4006,2166,6031,8684,2022
2080,4006,2166,3510,8133,9927
2080,4006,2166,2072,3186,5003
2080,4006,2166,3702,5728,7811
2080,4006,2166,665,3403,6747
2080,4006,2166,5982,6284,8355
2080,4006,2166,1824,1344,283
2080,4006,2166,667,1324,3647
2080,4006,2166,5956,9132,5391
2080,4006,2166,3837,7297,3347
2080,4006,2166,8796,4967,3679
2080,4006,2166,8578,3357,744
2080,4006,2166,7468,4462,1678
2080,4006,2166,2474,9227,1077
2080,4006,2166,7540,8092,4527
2080,4006,2166,474,5577,3532
2080,4006,2166,4014,1815,6812
2080,4006,2166,7314,5393,9105
2080,4006,2166,1209,7408,2068
2080,4006,2166,3091,3927,1767
2080,4006,2166,3104,3669,8138
2080,4006,2166,9482,8776,689
2080,4006,2166,4831,8514,6598
2080,4006,2166,1907,6883,7771
2080,4006,2166,5618,2986,8944
2080,4006,2166,2741,6823,6265
2080,4006,2166,2380,8626,2029
2080,4006,2166,7972,1204,6730
2080,4006,2166,5743,2417,6566
2080,4006,2166,7036,7078,3089
2080,4006,2166,2862,6832,1483
2080,4006,2166,9940,4505,3281
2080,4006,2166,6013,5250,7222
2080,4006,2166,4678,5394,4740
2080,4006,2166,3842,8070,6833
2080,4006,2166,8420,6769,9687
2080,4006,2166,9141,5492,1155
2080,4006,2166,2712,9,647
2080,4006,2166,2366,4154,7763
2080,4006,2166,4793,8670,9403
2080,4006,2166,4684,5046,6669
2080,4006,2166,3783,3449,7198
2080,4006,2166,8519,1592,7593
2080,4006,2166,5381,9440,4494
2080,4006,2166,7744,6243,7459
2080,4006,2166,8037,5469,2697
2080,4006,2166,9246,8235,8621
2080,4006,2166,1130,5653,8539
2080,4006,2166,1487,6743,7701
2080,4006,2166,7315,1747,1379
2080,4006,2166,1150,5904,3210
2080,4006,2166,1857,9875,4153
2080,4006,2166,5472,1057,5073
2080,4006,2166,1437,2931,93
2080,4006,2166,2905,7570,4900
2080,4006,2166,820,402,4828
2080,4006,2166,5853,641,6008
2080,4006,2166,2052,4018,8141
2080,4006,2166,7888,5003,7891
2080,4006,2166,3272,6592,573
2080,4006,2166,656,3855,7688
2080,4006,2166,9937,4996,4777
2080,4006,2166,2931,4959,7287
2080,4006,2166,3001,176,5268
2080,4006,2166,5499,6151,4430
2080,4006,2166,4895,7703,6392
2080,4006,2166,2832,7573,7921
2080,4006,2166,7217,6157,1431
2080,4006,2166,783,6803,708
2080,4006,2166,3571,980,489
2080,4006,2166,7798,903,4819
2080,4006,2166,4737,60,7804
2080,4006,2166,5679,5163,7402
2080,4006,2166,9325,3005,1159
2080,4006,2166,6341,364,1771
2080,4006,2166,8910,8740,3950
2080,4006,2166,6553,3033,9412
2080,4006,2166,8813,2243,3329
2080,4006,2166,6881,9500,986
2080,4006,2166,4148,7999,8209
2080,4006,2166,7347,4474,5082
2080,4006,2166,737,6720,8184
2080,4006,2166,5051,8500,4803
2080,4006,2166,5393,1680,6109
2080,4006,2166,763,6989,6659
2080,4006,2166,933,5146,3097
2080,4006,2166,7061,7421,4082
2080,4006,2166,1830,2409,5067
2080,4006,2166,3894,457,3662
2080,4006,2166,657,3617,2059
2080,4006,2166,4338,6875,1306
2080,4006,2166,2548,7218,8722
2080,4006,2166,4634,1982,2211
2080,4006,2166,2317,4657,6616
2080,4006,2166,7887,3604,8925
2080,4006,2166,9883,9583,1364
2080,4006,2166,2260,6899,1322
2080,4006,2166,2933,673,9978
2080,4006,2166,5340,9652,2871
2080,4006,2166,5840,7520,308
2080,4006,2166,5428,5921,3954
2080,4006,2166,62,5266,4643
2080,4006,2166,3787,1941,2027
2080,4006,2166,58,1059,5393
2080,4006,2166,9951,278,9876
2080,4006,2166,5782,3255,3864
2080,4006,2166,4844,3550,7232
2080,4006,2166,2725,7367,4528
2080,4006,2166,2977,1477,5132
2080,4006,2166,5407,9035,6493
2080,4006,2166,9223,2994,5100
2080,4006,2166,2585,9620,9533
2080,4006,2166,5521,1017,7791
2080,4006,2166,2520,2576,6459
2080,4006,2166,9927,8465,5420
2080,4006,2166,9725,3208,9072
2080,4006,2166,4970,3581,5462
2080,4006,2166,8603,5052,2377
2080,4006,2166,7302,7316,9585
2080,4006,2166,853,4551,6729
2080,4006,2166,7919,547,1128
2080,4006,2166,9671,7144,551
2080,4006,2166,5465,847,4162
2080,4006,2166,3474,9748,9238
2080,4006,2166,4181,2015,3160
2080,4006,2166,9124,7510,5569
2080,4006,2166,4871,7372,844
2080,4006,2166,8069,894,5873
2080,4006,2166,8593,5664,4099
2080,4006,2166,4660,6460,1390
2080,4006,2166,3432,1236,4588
2080,4006,2166,1734,8646,3674
2080,4006,2166,9143,544,5701
2080,4006,2166,7193,7495,6465
2080,4006,2166,3704,8894,8604
2080,4006,2166,319,6732,7486
2080,4006,2166,4282,66,3383
2080,4006,2166,4361,3097,3517
2080,4006,2166,9814,8816,4765
2080,4006,2166,7715,8865,3434
2080,4006,2166,4934,1772,3408
2080,4006,2166,1802,4831,4714
2080,4006,2166,6375,8782,597
2080,4006,2166,9081,8829,9432
2080,4006,2166,561,2765,9630
2080,4006,2166,8384,97,1782
2080,4006,2166,2210,7515,9102
2080,4006,2166,7408,2672,2668
2080,4006,2166,1351,3030,5881
2080,4006,2166,5700,2919,1913
2080,4006,2166,55,1515,4053
2080,4006,2166,5096,6850,8517
2080,4006,2166,100,1102,3872
2080,4006,2166,9482,6755,2743
2080,4006,2166,2669,8245,8478
2080,4006,2166,9036,671,839
2080,4006,2166,7502,3762,2371
2080,4006,2166,1478,5003,4393
2080,4006,2166,3887,347,8971
2080,4006,2166,8329,3435,5021
2080,4006,2166,533,1819,7827
2080,4006,2166,7963,7646,4413
2080,4006,2166,2816,9652,3015
2080,4006,2166,3114,2570,1175
2080,4006,2166,2401,8667,5947
2080,4006,2166,345,6803,1350
2080,4006,2166,2763,8163,6411
2080,4006,2166,5537,5173,2795
2080,4006,2166,9301,9962,1566
2080,4006,2166,3419,2263,5494
2080,4006,2166,6193,2511,7617
2080,4006,2166,5176,3556,9744
2080,4006,2166,5755,1146,453
2080,4006,2166,9310,5524,4660
2080,4006,2166,6918,9084,8758
2080,4006,2166,4657,2563,8146
2080,4006,2166,2266,7381,8807
2080,4006,2166,860,8045,9060
2080,4006,2166,3979,8190,5654
2080,4006,2166,9714,7454,8958
2080,4006,2166,6506,9135,5563
2080,4006,2166,2853,1633,1226
2080,4006,2166,4499,2227,8622
2080,4006,2166,1404,5101,7320
2080,4006,2166,2254,6531,9922
2080,4006,2166,588,341,7679
2080,4006,2166,8410,2126,359
2080,4006,2166,6670,7372,9951
2080,4006,2166,3874,535,3685
2080,4006,2166,9615,8815,6056
2080,4006,2166,7293,7186,6991
2080,4006,2166,4912,7945,2707
2080,4006,2166,4671,2561,389
2080,4006,2166,7592,3664,4380
2080,4006,2166,8311,6107,535
2080,4006,2166,1487,6434,6287
2080,4006,2166,4649,1977,7326
2080,4006,2166,8822,840,222
2080,4006,2166,6250,3740,8030
2080,4006,2166,726,6637,8718
2080,4006,2166,6249,2251,9089
2080,4006,2166,2249,4745,1855
2080,4006,2166,1358,6568,2210
2080,4006,2166,1359,555,3470
2080,4006,2166,3150,1595,6254
2080,4006,2166,4903,6187,8836
2080,4006,2166,2698,5278,1001
2080,4006,2166,3411,8531,7484
2080,4006,2166,394,2003,8076
2080,4006,2166,2340,4387,1752
2080,4006,2166,8763,8915,3031
2080,4006,2166,9653,4068,6608
