2080,4006,2166,9837,1403,8432
2080,4006,2166,3606,7876,6394
2080,4006,2166,9113,3476,1571
2080,4006,2166,8012,404,633
2080,4006,2166,920,8024,7369
2080,4006,2166,7202,5129,8727
2080,4006,2166,6064,9970,7438
2080,4006,2166,5076,1156,4310
2080,4006,2166,5895,3250,1051
2080,4006,2166,5115,4414,4717
2080,4006,2166,2857,7792,4580
2080,4006,2166,1468,8874,7696
2080,4006,2166,2353,328,2871
2080,4006,2166,9630,7522,2409
2080,4006,2166,990,7772,3758
2080,4006,2166,3705,5752,1097
2080,4006,2166,6497,1783,8052
2080,4006,2166,1398,3835,1452
2080,4006,2166,8041,5269,3604
2080,4006,2166,247,4516,8220
2080,4006,2166,5217,9462,6708
2080,4006,2166,6836,1235,4752
2080,4006,2166,8,7260,262
2080,4006,2166,6615,374,7894
2080,4006,2166,8604,9213,9715
2080,4006,2166,8679,1880,6855
2080,4006,2166,393,831,9612
2080,4006,2166,1511,549,8504
2080,4006,2166,5063,8200,2952
2080,4006,2166,2884,1758,9072
2080,4006,2166,8063,4212,5039
2080,4006,2166,2482,9447,9507
2080,4006,2166,7356,5139,736
2080,4006,2166,8897,7517,9367
2080,4006,2166,3257,9159,464
2080,4006,2166,5018,476,9471
2080,4006,2166,4179,4931,3916
2080,4006,2166,3664,902,7915
2080,4006,2166,9553,8767,1430
2080,4006,2166,7896,4662,1018
2080,4006,2166,8266,618,9608
2080,4006,2166,2332,3536,4056
2080,4006,2166,9350,7195,5073
2080,4006,2166,8881,5149,9638
2080,4006,2166,8577,9831,8596
2080,4006,2166,5554,6158,3198
2080,4006,2166,8915,2953,2041
2080,4006,2166,2276,8373,4735
2080,4006,2166,5618,9084,3988
2080,4006,2166,8804,8501,3967
2080,4006,2166,5162,5836,3560
2080,4006,2166,5456,1199,1399
2080,4006,2166,144,9777,4740
2080,4006,2166,257,5971,6815
2080,4006,2166,1942,1438,4739
2080,4006,2166,9066,4428,7210
2080,4006,2166,8934,6150,6681
2080,4006,2166,5478,5101,3455
2080,4006,2166,267,5849,4561
2080,4006,2166,6838,3301,4459
2080,4006,2166,9125,1421,4632
2080,4006,2166,2753,9741,4081
2080,4006,2166,9636,2678,3742
2080,4006,2166,3297,2875,9581
2080,4006,2166,7859,9597,4041
2080,4006,2166,8722,4657,1032
2080,4006,2166,1056,3695,5123
2080,4006,2166,6994,5780,1696
2080,4006,2166,1719,4804,2863
2080,4006,2166,4319,3990,4754
2080,4006,2166,6519,4198,8756
2080,4006,2166,4422,4605,997
2080,4006,2166,1645,2994,6232
2080,4006,2166,8691,2996,7471
2080,4006,2166,4927,2407,2245
2080,4006,2166,8217,462,4864
2080,4006,2166,2631,7589,2107
2080,4006,2166,21,8634,4898
2080,4006,2166,7145,1721,7364
2080,4006,2166,6228,2880,1748
2080,4006,2166,215,7353,9985
2080,4006,2166,1041,6560,556
2080,4006,2166,1856,9944,6772
2080,4006,2166,9260,3743,1632
2080,4006,2166,4486,5407,5328
2080,4006,2166,3755,8054,3999
2080,4006,2166,5958,2813,211
2080,4006,2166,3877,2444,5457
2080,4006,2166,6128,1232,1135
2080,4006,2166,5109,1536,130
2080,4006,2166,6359,1797,6863
2080,4006,2166,4126,7662,5370
2080,4006,2166,8426,1657,6955
2080,4006,2166,3060,653,7653
2080,4006,2166,4894,3713,3659
2080,4006,2166,220,8584,2397
2080,4006,2166,1696,1747,2095
2080,4006,2166,2202,3411,243
2080,4006,2166,2312,9057,3520
2080,4006,2166,2583,9037,2635
2080,4006,2166,932,4911,3809
2080,4006,2166,8965,6251,2567
2080,4006,2166,5794,2527,5773
2080,4006,2166,5125,8145,397
2080,4006,2166,9998,7078,3156
2080,4006,2166,3581,1415,3324
2080,4006,2166,8797,7809,3405
2080,4006,2166,8035,2598,1173
2080,4006,2166,6764,2089,790
2080,4006,2166,965,701,9695
2080,4006,2166,3252,2750,8212
2080,4006,2166,2358,3155,665
2080,4006,2166,9126,2504,115
2080,4006,2166,702,5483,6916
2080,4006,2166,6371,840,2078
2080,4006,2166,6630,6505,4655
2080,4006,2166,5387,7102,1539
2080,4006,2166,2766,5317,1280
2080,4006,2166,7962,3830,5929
2080,4006,2166,3024,3309,5314
2080,4006,2166,6804,7385,9568
2080,4006,2166,414,8074,7444
2080,4006,2166,3041,7090,9868
2080,4006,2166,8372,6069,2551
2080,4006,2166,1003,720,8074
2080,4006,2166,8590,3259,1712
2080,4006,2166,2351,7403,5270
2080,4006,2166,5042,1679,2311
2080,4006,2166,4721,3741,2177
2080,4006,2166,5422,7439,4869
2080,4006,2166,8192,5369,4766
2080,4006,2166,6573,8109,332
2080,4006,2166,7577,4184,3147
2080,4006,2166,5733,6538,5219
2080,4006,2166,6463,3057,2140
2080,4006,2166,9080,4522,3434
2080,4006,2166,9446,9005,839
2080,4006,2166,4592,1191,7331
2080,4006,2166,1118,2173,1528
2080,4006,2166,7723,6278,3955
2080,4006,2166,6996,953,780
2080,4006,2166,8128,9677,9434
2080,4006,2166,694,6098,6214
2080,4006,2166,8208,9971,7721
2080,4006,2166,9635,4534,7237
2080,4006,2166,6241,6315,6893
2080,4006,2166,3,7984,781
2080,4006,2166,3371,3930,8336
2080,4006,2166,2896,9304,603
2080,4006,2166,5434,6288,5585
2080,4006,2166,7519,320,1370
2080,4006,2166,9520,4440,4386
2080,4006,2166,6417,4794,402
2080,4006,2166,4811,8065,6761
2080,4006,2166,2061,7739,7048
2080,4006,2166,5177,2039,1635
2080,4006,2166,9573,2829,8992
2080,4006,2166,4097,5325,7129
2080,4006,2166,3923,4424,92
2080,4006,2166,9963,5473,799
2080,4006,2166,5657,6414,3229
2080,4006,2166,23,4552,7165
2080,4006,2166,6689,8261,1087
2080,4006,2166,8532,9687,8683
2080,4006,2166,3424,2975,9650
2080,4006,2166,641,4204,6268
2080,4006,2166,3834,1767,2312
2080,4006,2166,4999,8644,4897
2080,4006,2166,5890,4787,3165
2080,4006,2166,9526,9810,6871
2080,4006,2166,2541,1566,3032
2080,4006,2166,4321,0,8264
2080,4006,2166,6413,3474,4654
2080,4006,2166,4636,9566,2346
2080,4006,2166,2874,6720,3871
2080,4006,2166,4333,2646,6775
2080,4006,2166,3650,4126,6105
2080,4006,2166,2932,7995,3748
2080,4006,2166,1363,4103,8813
2080,4006,2166,7418,7807,5979
2080,4006,2166,8436,7305,1992
2080,4006,2166,516,8793,8524
2080,4006,2166,7841,423,4541
2080,4006,2166,5701,3217,6846
2080,4006,2166,6620,9392,7206
2080,4006,2166,8508,1129,5
2080,4006,2166,6274,1826,4716
2080,4006,2166,4390,4908,6680
2080,4006,2166,5777,851,8369
2080,4006,2166,8523,4016,7380
2080,4006,2166,8415,5907,3217
2080,4006,2166,1756,2275,3338
2080,4006,2166,8931,4551,8582
2080,4006,2166,3450,9384,3544
2080,4006,2166,3843,3652,6177
2080,4006,2166,6137,7181,8644
2080,4006,2166,7216,7483,8298
2080,4006,2166,8906,9881,1426
2080,4006,2166,3476,8130,5850
2080,4006,2166,9874,3330,4608
2080,4006,2166,241,3761,9749
2080,4006,2166,8332,8152,1241
2080,4006,2166,2461,2297,3595
2080,4006,2166,4781,6520,508
2080,4006,2166,7455,7221,9336
2080,4006,2166,4015,5961,8133
2080,4006,2166,9889,2983,5135
2080,4006,2166,2981,6348,553
2080,4006,2166,3663,5661,4419
2080,4006,2166,6071,6531,1345
2080,4006,2166,1324,9256,5882
2080,4006,2166,1123,3366,8054
2080,4006,2166,411,2643,49
2080,4006,2166,9804,1570,1970
2080,4006,2166,9574,6511,6477
2080,4006,2166,240,7917,4678
2080,4006,2166,8686,7106,8755
2080,4006,2166,931,4891,5463
2080,4006,2166,2232,8660,4982
2080,4006,2166,851,9091,2045
2080,4006,2166,826,7732,3552
2080,4006,2166,3597,6362,612
2080,4006,2166,8315,6450,2540
2080,4006,2166,8945,7020,8695
2080,4006,2166,61,7014,8858
2080,4006,2166,8004,748,4096
2080,4006,2166,9199,6627,4082
2080,4006,2166,9820,9646,6599
2080,4006,2166,634,8729,2020
2080,4006,2166,1870,674,6334
2080,4006,2166,4262,9062,5840
2080,4006,2166,2933,9521,4255
2080,4006,2166,4671,9490,7593
2080,4006,2166,8360,9491,2889
2080,4006,2166,1339,9978,7470
2080,4006,2166,1856,2291,8536
2080,4006,2166,6586,5804,4873
2080,4006,2166,6528,8858,8535
2080,4006,2166,2138,8951,4981
2080,4006,2166,3905,6359,3347
2080,4006,2166,1689,8142,6253
2080,4006,2166,1454,7025,2947
2080,4006,2166,3911,57,6278
2080,4006,2166,7626,6230,3043
2080,4006,2166,5750,4739,242
2080,4006,2166,6783,6868,3102
2080,4006,2166,9875,249,2005
2080,4006,2166,4897,8855,9190
2080,4006,2166,9644,6188,7474
2080,4006,2166,7873,5545,7844
2080,4006,2166,7633,6011,1232
2080,4006,2166,3716,4521,8976
2080,4006,2166,6665,3507,2000
2080,4006,2166,6992,6123,4859
2080,4006,2166,8658,5829,8682
2080,4006,2166,5329,1117,3034
2080,4006,2166,8943,8620,9756
2080,4006,2166,8011,4320,7594
2080,4006,2166,265,687,7112
2080,4006,2166,2386,7069,2178
2080,4006,2166,1104,6221,5209
2080,4006,2166,6778,182,7947
2080,4006,2166,1341,8501,2594
2080,4006,2166,1827,830,1066
2080,4006,2166,1,1517,5260
2080,4006,2166,1679,8418,1353
2080,4006,2166,5249,2946,6998
2080,4006,2166,532,5963,6227
2080,4006,2166,7966,708,3425
2080,4006,2166,7126,5237,8430
2080,4006,2166,5845,7058,5367
2080,4006,2166,3638,6438,7482
2080,4006,2166,8002,4961,1242
2080,4006,2166,9971,3293,3173
2080,4006,2166,4632,503,9087
2080,4006,2166,4681,6049,240
2080,4006,2166,5055,8898,1326
2080,4006,2166,6306,2511,5517
2080,4006,2166,3407,9298,5336
2080,4006,2166,4891,9613,2399
2080,4006,2166,5549,6391,2584
2080,4006,2166,6997,362,8709
2080,4006,2166,6817,3430,8170
2080,4006,2166,9077,9758,3480
2080,4006,2166,5681,2901,301
2080,4006,2166,7979,2091,5169
2080,4006,2166,5677,3090,531
2080,4006,2166,7325,7486,2435
2080,4006,2166,8147,1491,2673
2080,4006,2166,1499,6764,4082
2080,4006,2166,429,3245,256
2080,4006,2166,745,9422,4316
2080,4006,2166,3134,3700,8078
2080,4006,2166,1088,766,2305
2080,4006,2166,9783,2752,4674
2080,4006,2166,4118,4977,6807
2080,4006,2166,9782,1347,4505
2080,4006,2166,6791,8304,7890
2080,4006,2166,3128,8854,6997
2080,4006,2166,6211,8276,9432
2080,4006,2166,5970,8907,1567
2080,4006,2166,8699,6346,1610
2080,4006,2166,8654,9163,6359
2080,4006,2166,5633,3270,7710
2080,4006,2166,377,4826,1562
2080,4006,2166,8393,5443,3252
2080,4006,2166,3670,5814,7909
2080,4006,2166,6105,3445,4903
2080,4006,2166,9369,1629,7895
2080,4006,2166,1853,7127,3044
2080,4006,2166,9434,380,5730
2080,4006,2166,6284,7106,2229
2080,4006,2166,4230,832,7311
2080,4006,2166,7276,3350,7908
2080,4006,2166,5453,2255,62
2080,4006,2166,1721,8123,6742
2080,4006,2166,4197,4481,2228
2080,4006,2166,3822,1423,8208
2080,4006,2166,8890,5804,1472
2080,4006,2166,1970,6391,5016
2080,4006,2166,3148,4634,1860
2080,4006,2166,6747,7641,1887
2080,4006,2166,9100,2882,9241
2080,4006,2166,9382,1503,9990
2080,4006,2166,521,950,6337
2080,4006,2166,6107,5258,2687
2080,4006,2166,2178,1744,7062
2080,4006,2166,3154,3884,1752
2080,4006,2166,8473,6815,9543
2080,4006,2166,255,61,7706
2080,4006,2166,8709,9938,5812
2080,4006,2166,6686,7477,8574
2080,4006,2166,2400,5309,1439
2080,4006,2166,8031,5517,2209
2080,4006,2166,8232,5830,9622
2080,4006,2166,5531,5580,745
2080,4006,2166,206,5844,4959
2080,4006,2166,3494,4252,1598
2080,4006,2166,8688,27,8627
2080,4006,2166,2826,9817,8594
2080,4006,2166,5957,2049,2083
2080,4006,2166,278,2671,2085
2080,4006,2166,1892,2127,7413
2080,4006,2166,3743,3890,2681
2080,4006,2166,1940,2254,6183
2080,4006,2166,1906,6352,7557
2080,4006,2166,1113,8464,8936
2080,4006,2166,4525,7877,7635
2080,4006,2166,6934,5782,1131
2080,4006,2166,4373,98,9860
2080,4006,2166,4051,4142,7994
2080,4006,2166,394,3243,4502
2080,4006,2166,6764,5138,2263
2080,4006,2166,8728,8154,832
2080,4006,2166,8256,9592,1263
2080,4006,2166,2692,8311,5520
2080,4006,2166,1987,3091,3075
2080,4006,2166,5438,4153,3848
2080,4006,2166,429,9002,8022
2080,4006,2166,336,8491,2612
2080,4006,2166,2277,4223,1903
2080,4006,2166,3794,2384,4750
2080,4006,2166,1613,7911,2323
2080,4006,2166,3709,7230,6414
2080,4006,2166,2545,1294,8738
2080,4006,2166,5670,4516,3243
2080,4006,2166,9875,466,1682
2080,4006,2166,1606,423,2440
2080,4006,2166,5298,5362,4183
2080,4006,2166,6391,7824,5231
2080,4006,2166,9239,3375,8035
2080,4006,2166,5883,6418,802
2080,4006,2166,3823,8730,7519
2080,4006,2166,4159,6876,6362
2080,4006,2166,6944,765,1235
2080,4006,2166,6681,8237,3778
2080,4006,2166,266,5496,8553
2080,4006,2166,3265,4403,9461
2080,4006,2166,1952,3593,8824
2080,4006,2166,995,5433,3737
2080,4006,2166,8504,8641,9225
2080,4006,2166,3360,5165,4899
2080,4006,2166,9258,7679,7622
2080,4006,2166,3829,452,1750
2080,4006,2166,4158,6822,2234
2080,4006,2166,6117,8749,7997
2080,4006,2166,2883,1900,8583
2080,4006,2166,1227,2162,8688
2080,4006,2166,8462,2693,3219
2080,4006,2166,9239,5478,168
2080,4006,2166,1505,6742,7435
2080,4006,2166,2842,1160,5435
2080,4006,2166,9476,8860,5082
2080,4006,2166,6982,2502,8419
2080,4006,2166,9905,3245,8540
2080,4006,2166,1576,7086,2980
2080,4006,2166,3767,8087,1711
2080,4006,2166,8794,3366,4329
2080,4006,2166,6019,9529,4370
2080,4006,2166,5730,7090,1166
2080,4006,2166,8742,815,2493
2080,4006,2166,4814,9362,2482
2080,4006,2166,6190,965,6998
2080,4006,2166,2542,1713,351
2080,4006,2166,113,9103,1931
2080,4006,2166,8377,6241,9401
2080,4006,2166,4580,965,9201
2080,4006,2166,3330,9963,1610
2080,4006,2166,7239,1133,8194
2080,4006,2166,4597,842,5869
2080,4006,2166,7752,5767,3490
2080,4006,2166,1421,2316,1998
2080,4006,2166,4502,9689,7682
2080,4006,2166,9463,4901,1814
2080,4006,2166,1114,9171,1680
2080,4006,2166,2627,443,3398
2080,4006,2166,5593,8049,2913
2080,4006,2166,356,316,6173
2080,4006,2166,5370,5106,1559
2080,4006,2166,31,5471,950
2080,4006,2166,570,450,9411
2080,4006,2166,57,4744,2351
2080,4006,2166,3855,2929,2728
2080,4006,2166,189,1721,4904
2080,4006,2166,9887,6519,173
2080,4006,2166,4050,7046,2322
2080,4006,2166,8559,825,7355
2080,4006,2166,7472,4877,1633
2080,4006,2166,9417,6982,3472
2080,4006,2166,4478,7625,2717
2080,4006,2166,6932,1111,217
2080,4006,2166,1964,912,1588
2080,4006,2166,3406,6045,8007
2080,4006,2166,2369,7504,6277
2080,4006,2166,6290,4769,1235
2080,4006,2166,9764,9075,2405
2080,4006,2166,5181,6464,2796
2080,4006,2166,787,3258,4811
2080,4006,2166,6332,7676,8290
2080,4006,2166,3195,8355,3027
2080,4006,2166,848,4737,6370
2080,4006,2166,4528,5584,7205
2080,4006,2166,442,6917,3158
2080,4006,2166,29,7893,5463
2080,4006,2166,6681,7537,2827
2080,4006,2166,58,7825,5111
2080,4006,2166,8386,5952,9526
2080,4006,2166,572,283,913
2080,4006,2166,4335,9150,1385
2080,4006,2166,7434,8570,7017
2080,4006,2166,1337,9633,7483
2080,4006,2166,7656,946,4806
2080,4006,2166,6685,6232,7230
2080,4006,2166,5542,2979,9584
2080,4006,2166,3761,4520,4137
2080,4006,2166,575,9728,4012
2080,4006,2166,9798,3414,2659
2080,4006,2166,3048,9107,2231
2080,4006,2166,9103,2148,5315
2080,4006,2166,3440,7636,2295
2080,4006,2166,958,4721,2356
2080,4006,2166,4867,8349,6214
2080,4006,2166,2222,9317,4749
2080,4006,2166,2148,4402,4062
2080,4006,2166,7886,9982,584
2080,4006,2166,5726,5334,6533
2080,4006,2166,6052,3673,7714
2080,4006,2166,4312,588,6342
2080,4006,2166,975,1992,9192
2080,4006,2166,7410,4475,791
2080,4006,2166,8421,664,6665
2080,4006,2166,965,1239,4764
2080,4006,2166,2171,2500,4508
2080,4006,2166,4572,9920,4204
2080,4006,2166,219,4710,1754
2080,4006,2166,8685,2035,8066
2080,4006,2166,8807,5414,6095
2080,4006,2166,7988,7163,3049
2080,4006,2166,4626,8809,7620
2080,4006,2166,2978,3155,789
2080,4006,2166,2816,4699,8069
2080,4006,2166,641,5551,9334
2080,4006,2166,5408,495,1304
2080,4006,2166,2953,4203,9382
2080,4006,2166,1178,9275,3695
2080,4006,2166,4904,7287,5449
2080,4006,2166,694,516,2944
2080,4006,2166,1449,8493,4446
2080,4006,2166,2216,3842,9903
2080,4006,2166,475,8936,9320
2080,4006,2166,3308,6059,839
2080,4006,2166,1183,6604,9839
2080,4006,2166,1104,323,2087
2080,4006,2166,9513,2455,224
2080,4006,2166,3530,5922,6964
2080,4006,2166,6951,2616,102
2080,4006,2166,9150,1885,7574
2080,4006,2166,5270,9794,2046
2080,4006,2166,2939,7643,6496
2080,4006,2166,8841,1218,8147
2080,4006,2166,4579,8677,6191
2080,4006,2166,4936,2486,550
2080,4006,2166,6383,3287,9662
2080,4006,2166,7435,1829,6910
2080,4006,2166,1180,4341,1717
2080,4006,2166,1040,4481,1344
2080,4006,2166,5458,6877,8563
2080,4006,2166,4036,319,9224
2080,4006,2166,8460,7755,9287
2080,4006,2166,4231,5247,1483
