6236,9510,6262,9194,9722,131
6236,9510,6262,5005,8452,605
6236,9510,6262,1903,9281,408
6236,9510,6262,8841,6696,8721
6236,9510,6262,6482,3041,1238
6236,9510,6262,5449,5379,5322
6236,9510,6262,9655,7563,7044
6236,9510,6262,6166,4909,4222
6236,9510,6262,1036,81,5155
6236,9510,6262,3839,2824,4841
6236,9510,6262,9247,4560,3184
6236,9510,6262,794,3776,8995
6236,9510,6262,7395,8648,2064
6236,9510,6262,5391,1587,3586
6236,9510,6262,8564,8101,2497
6236,9510,6262,3822,5255,6059
6236,9510,6262,1402,778,3455
6236,9510,6262,3808,9476,4993
6236,9510,6262,7253,5879,121
6236,9510,6262,8305,1643,2797
6236,9510,6262,1660,5358,4573
6236,9510,6262,7672,9625,9840
6236,9510,6262,2514,2770,9310
6236,9510,6262,6401,2863,2324
6236,9510,6262,5652,4194,6108
6236,9510,6262,461,9814,6309
6236,9510,6262,3031,9687,5225
6236,9510,6262,9405,2092,5965
6236,9510,6262,6305,7915,910
6236,9510,6262,1970,79,2705
6236,9510,6262,4565,9900,1756
6236,9510,6262,6114,4076,8291
6236,9510,6262,3892,5372,5496
6236,9510,6262,1359,5451,6877
6236,9510,6262,6476,4312,943
6236,9510,6262,3390,860,3218
6236,9510,6262,9664,6922,8049
6236,9510,6262,9725,6217,1721
6236,9510,6262,8419,8310,5386
6236,9510,6262,8010,5256,6043
6236,9510,6262,5960,8384,3839
6236,9510,6262,5542,4148,5331
6236,9510,6262,9316,8039,3685
6236,9510,6262,497,7581,9053
6236,9510,6262,8699,8727,4519
6236,9510,6262,7381,4226,6212
6236,9510,6262,8777,3205,2988
6236,9510,6262,9314,6084,131
6236,9510,6262,8405,6862,4282
6236,9510,6262,1305,1795,5243
6236,9510,6262,2159,3802,301
6236,9510,6262,8713,1156,2624
6236,9510,6262,8982,1965,4946
6236,9510,6262,5319,5171,3280
6236,9510,6262,7417,2203,1923
6236,9510,6262,3527,4862,9183
6236,9510,6262,4313,6689,1492
6236,9510,6262,103,1642,8464
6236,9510,6262,4288,3255,38
6236,9510,6262,8652,9278,1371
6236,9510,6262,9915,6572,2368
6236,9510,6262,201,4958,959
6236,9510,6262,8190,8952,8455
6236,9510,6262,7211,2274,9174
6236,9510,6262,135,9318,9434
6236,9510,6262,1642,2551,4074
6236,9510,6262,1449,4116,9765
6236,9510,6262,5069,3475,6736
6236,9510,6262,8305,5749,4462
6236,9510,6262,2365,2474,9783
6236,9510,6262,9846,2110,1115
6236,9510,6262,4264,2912,6604
6236,9510,6262,4227,2944,5488
6236,9510,6262,9718,2457,8225
6236,9510,6262,1524,8012,748
6236,9510,6262,7488,2840,3485
6236,9510,6262,1539,5676,7256
6236,9510,6262,4661,2681,9270
6236,9510,6262,1140,8806,2006
6236,9510,6262,3482,5220,3325
6236,9510,6262,4980,4505,1236
6236,9510,6262,68,7386,2309
6236,9510,6262,8408,7861,3742
6236,9510,6262,5447,5155,8520
6236,9510,6262,5976,5325,786
6236,9510,6262,8249,1010,1149
6236,9510,6262,9633,6018,2874
6236,9510,6262,4120,3199,4985
6236,9510,6262,1171,3638,7853
6236,9510,6262,3951,2643,921
6236,9510,6262,1883,9889,8060
6236,9510,6262,5879,4935,579
6236,9510,6262,567,3201,2306
6236,9510,6262,552,6072,1628
6236,9510,6262,7748,1974,9202
6236,9510,6262,1410,7195,554
6236,9510,6262,6903,7119,5580
6236,9510,6262,9877,5609,4211
6236,9510,6262,5090,268,3597
6236,9510,6262,8707,2261,1033
6236,9510,6262,3275,1406,5254
6236,9510,6262,7071,3500,6157
6236,9510,6262,7075,7071,2425
6236,9510,6262,8198,5278,4676
6236,9510,6262,4526,3279,2950
6236,9510,6262,4751,6155,8080
6236,9510,6262,188,8955,2929
6236,9510,6262,9017,230,777
6236,9510,6262,2608,1739,1923
6236,9510,6262,8008,3657,7962
6236,9510,6262,7924,2261,6798
6236,9510,6262,3916,2439,3521
6236,9510,6262,6167,2804,942
6236,9510,6262,7213,1117,7178
6236,9510,6262,9226,7279,1221
6236,9510,6262,4863,7704,9270
6236,9510,6262,4945,9668,8080
6236,9510,6262,4023,2246,7023
6236,9510,6262,9597,9857,9963
6236,9510,6262,619,7608,5032
6236,9510,6262,8028,9134,8413
6236,9510,6262,3401,2849,4676
6236,9510,6262,4682,4426,6340
6236,9510,6262,6279,5087,1447
6236,9510,6262,1738,7356,2750
6236,9510,6262,8457,2275,3613
6236,9510,6262,1648,9640,7335
6236,9510,6262,7215,8070,1660
6236,9510,6262,748,9060,4622
6236,9510,6262,5481,2036,5337
6236,9510,6262,5400,8951,1903
6236,9510,6262,9275,7238,5451
6236,9510,6262,4490,2388,8831
6236,9510,6262,6659,7829,5106
6236,9510,6262,8748,4836,7859
6236,9510,6262,8075,9007,8514
6236,9510,6262,785,8487,9722
6236,9510,6262,7524,8063,3878
6236,9510,6262,1445,1353,9053
6236,9510,6262,245,5866,6196
6236,9510,6262,2280,6691,4417
6236,9510,6262,8266,3854,4046
6236,9510,6262,811,6837,6182
6236,9510,6262,7545,5306,5522
6236,9510,6262,4461,1058,727
6236,9510,6262,6977,2832,2594
6236,9510,6262,9329,5043,6652
6236,9510,6262,2735,2358,3613
6236,9510,6262,4560,7827,1434
6236,9510,6262,2972,7649,9467
6236,9510,6262,7194,7302,267
6236,9510,6262,401,6978,2880
6236,9510,6262,6925,2183,8669
6236,9510,6262,6013,4006,3501
6236,9510,6262,2945,4824,9118
6236,9510,6262,3000,3437,3079
6236,9510,6262,3962,2413,4929
6236,9510,6262,7634,5544,8859
6236,9510,6262,5015,9948,5051
6236,9510,6262,7661,5946,9027
6236,9510,6262,9661,977,2165
6236,9510,6262,9356,3119,6852
6236,9510,6262,3126,829,3946
6236,9510,6262,4163,2125,5364
6236,9510,6262,4722,3482,4377
6236,9510,6262,5317,1150,9754
6236,9510,6262,5771,7414,5647
6236,9510,6262,7522,49,6321
6236,9510,6262,1193,3934,7154
6236,9510,6262,4316,3812,6687
6236,9510,6262,6501,5456,3534
6236,9510,6262,6356,792,3041
6236,9510,6262,9629,9378,4125
6236,9510,6262,6485,3402,4673
6236,9510,6262,9121,1476,5988
6236,9510,6262,5342,5318,5380
6236,9510,6262,5250,5944,2230
6236,9510,6262,4701,8622,2428
6236,9510,6262,9378,3843,353
6236,9510,6262,5960,1130,2276
6236,9510,6262,2947,5101,7732
6236,9510,6262,4343,2263,2570
6236,9510,6262,5477,5669,147
6236,9510,6262,3410,8518,6061
6236,9510,6262,8437,3898,7488
6236,9510,6262,3204,6790,1956
6236,9510,6262,3321,8700,5183
6236,9510,6262,2558,4416,339
6236,9510,6262,1419,2709,721
6236,9510,6262,855,6479,1657
6236,9510,6262,261,168,7504
6236,9510,6262,1037,9251,5180
6236,9510,6262,374,8243,8679
6236,9510,6262,8369,8083,4445
6236,9510,6262,3922,1647,3168
6236,9510,6262,8292,99,5799
6236,9510,6262,5216,5843,9087
6236,9510,6262,1249,6820,5871
6236,9510,6262,5522,5617,3603
6236,9510,6262,7338,1952,343
6236,9510,6262,8235,1262,3260
6236,9510,6262,3587,1715,602
6236,9510,6262,1913,4806,2852
6236,9510,6262,3863,9473,4118
6236,9510,6262,4717,3346,5719
6236,9510,6262,8728,6179,3397
6236,9510,6262,3830,183,2424
6236,9510,6262,6767,2899,2817
6236,9510,6262,7393,5693,147
6236,9510,6262,4727,6622,174
6236,9510,6262,1555,2836,4848
6236,9510,6262,3398,298,88
6236,9510,6262,3181,3534,3995
6236,9510,6262,3746,745,9910
6236,9510,6262,8611,2934,240
6236,9510,6262,7239,8226,8988
6236,9510,6262,7287,469,2560
6236,9510,6262,7709,6094,5132
6236,9510,6262,1470,2148,2685
6236,9510,6262,6300,3876,4597
6236,9510,6262,9964,4277,2934
6236,9510,6262,815,9246,7735
6236,9510,6262,8974,595,7892
6236,9510,6262,5689,6368,5536
6236,9510,6262,4390,4898,8142
6236,9510,6262,8983,8108,3413
6236,9510,6262,2764,3658,9325
6236,9510,6262,6231,4279,5739
6236,9510,6262,1952,1903,4232
6236,9510,6262,162,446,209
6236,9510,6262,6301,4653,5998
6236,9510,6262,6171,9892,6090
6236,9510,6262,4792,8309,3759
6236,9510,6262,1798,1318,7947
6236,9510,6262,7308,5684,5475
6236,9510,6262,1044,7103,6224
6236,9510,6262,7762,3935,382
6236,9510,6262,1577,9396,238
6236,9510,6262,4097,4405,4287
6236,9510,6262,1073,5710,2471
6236,9510,6262,1738,2195,4609
6236,9510,6262,8831,4451,8622
6236,9510,6262,6931,3125,3341
6236,9510,6262,5415,8602,1854
6236,9510,6262,2217,3313,7665
6236,9510,6262,2832,3206,7703
6236,9510,6262,2048,9995,2847
6236,9510,6262,7075,9301,3756
6236,9510,6262,8948,3732,6261
6236,9510,6262,5261,702,9731
6236,9510,6262,585,8601,9876
6236,9510,6262,5066,8457,241
6236,9510,6262,4480,128,1818
6236,9510,6262,9650,5524,9238
6236,9510,6262,1424,3560,2792
6236,9510,6262,7194,7820,6022
6236,9510,6262,5276,1331,4444
6236,9510,6262,8498,1306,516
6236,9510,6262,9176,3738,9799
6236,9510,6262,3931,9332,3274
6236,9510,6262,6959,9602,7004
6236,9510,6262,4829,5934,9213
6236,9510,6262,6476,4568,3139
6236,9510,6262,2629,1887,4588
6236,9510,6262,4787,2346,4429
6236,9510,6262,1907,192,4511
6236,9510,6262,8250,8488,5877
6236,9510,6262,4315,4268,3760
6236,9510,6262,2052,9747,4691
6236,9510,6262,6335,2216,6864
6236,9510,6262,4971,714,9864
6236,9510,6262,9142,5009,4311
6236,9510,6262,7237,388,2997
6236,9510,6262,2596,3612,4062
6236,9510,6262,7204,5145,7994
6236,9510,6262,116,6600,5865
6236,9510,6262,8986,4584,3240
6236,9510,6262,8907,6376,318
6236,9510,6262,6945,9747,3236
6236,9510,6262,5547,7837,3818
6236,9510,6262,3555,6445,3717
6236,9510,6262,3293,5345,2280
6236,9510,6262,7545,1316,6236
6236,9510,6262,1262,4247,669
6236,9510,6262,8757,4535,7190
6236,9510,6262,4738,5165,5981
6236,9510,6262,9848,4550,644
6236,9510,6262,7177,1152,6738
6236,9510,6262,1156,5260,2180
6236,9510,6262,1618,4131,3146
6236,9510,6262,2256,6668,30
6236,9510,6262,4229,9173,7132
6236,9510,6262,1349,9293,7663
6236,9510,6262,881,9918,4726
6236,9510,6262,6913,3527,6565
6236,9510,6262,2736,6556,7913
6236,9510,6262,9601,4613,8140
6236,9510,6262,7625,4798,8756
6236,9510,6262,8137,9631,5537
6236,9510,6262,1281,2885,5083
6236,9510,6262,5102,3426,2454
6236,9510,6262,5294,2276,6792
6236,9510,6262,7315,7971,1605
6236,9510,6262,6779,9366,6901
6236,9510,6262,9314,8533,1877
6236,9510,6262,1541,8783,6257
6236,9510,6262,2528,8285,4402
6236,9510,6262,2888,855,9002
6236,9510,6262,4265,9622,9471
6236,9510,6262,2747,5920,2030
6236,9510,6262,7868,4730,3340
6236,9510,6262,8519,9687,2017
6236,9510,6262,814,7023,6676
6236,9510,6262,9849,8518,6528
6236,9510,6262,2518,7786,6596
6236,9510,6262,6292,3259,3861
6236,9510,6262,2533,8614,7573
6236,9510,6262,7769,1823,5826
6236,9510,6262,8546,3408,4290
6236,9510,6262,5857,6501,2033
6236,9510,6262,932,8786,4908
6236,9510,6262,4919,8048,8100
6236,9510,6262,1920,1561,3144
6236,9510,6262,6273,9819,7677
6236,9510,6262,2623,9968,5986
6236,9510,6262,841,5502,3032
6236,9510,6262,7519,4866,5081
6236,9510,6262,9115,2914,4511
6236,9510,6262,3633,5704,9678
6236,9510,6262,2228,2039,7836
6236,9510,6262,4456,8617,9114
6236,9510,6262,1113,6523,7187
6236,9510,6262,2189,1132,9899
6236,9510,6262,5336,8296,7193
6236,9510,6262,2735,7616,8724
6236,9510,6262,6099,6704,8256
6236,9510,6262,433,360,3268
6236,9510,6262,861,9456,2951
6236,9510,6262,5100,8891,8321
6236,9510,6262,8316,2527,1927
6236,9510,6262,308,1101,8302
6236,9510,6262,6066,2993,2701
6236,9510,6262,2586,8064,8286
6236,9510,6262,1853,3244,5020
6236,9510,6262,7614,1725,4183
6236,9510,6262,2734,6712,8255
6236,9510,6262,7277,7772,1038
6236,9510,6262,5395,5462,6837
6236,9510,6262,7531,8150,5238
6236,9510,6262,3603,4218,1610
6236,9510,6262,712,656,1476
6236,9510,6262,2719,3781,5257
6236,9510,6262,9997,924,2393
6236,9510,6262,4483,7543,7676
6236,9510,6262,8062,4831,1917
6236,9510,6262,89,6460,6455
6236,9510,6262,2028,29,1663
6236,9510,6262,8989,5466,7926
6236,9510,6262,5977,8852,1797
6236,9510,6262,9816,7528,3978
6236,9510,6262,1333,6577,3085
6236,9510,6262,3134,2439,11
6236,9510,6262,5430,5334,829
6236,9510,6262,9143,3594,5280
6236,9510,6262,584,249,277
6236,9510,6262,1725,9215,3548
6236,9510,6262,7195,1289,4323
6236,9510,6262,9746,4780,1418
6236,9510,6262,7243,8121,6405
6236,9510,6262,8951,284,3385
6236,9510,6262,980,3747,460
6236,9510,6262,5116,5097,1268
6236,9510,6262,869,7200,3002
6236,9510,6262,8253,3316,7054
6236,9510,6262,566,6766,713
6236,9510,6262,1973,5848,6443
6236,9510,6262,4473,9243,9063
6236,9510,6262,753,2529,1134
6236,9510,6262,2642,4629,4547
6236,9510,6262,3,9406,1086
6236,9510,6262,8802,1645,7185
6236,9510,6262,5355,3167,451
6236,9510,6262,9933,90,8932
6236,9510,6262,9835,1639,1286
6236,9510,6262,4008,8655,7496
6236,9510,6262,7914,3895,6453
6236,9510,6262,6726,6010,9946
6236,9510,6262,179,7556,97
6236,9510,6262,5685,1193,9662
6236,9510,6262,3387,457,1447
6236,9510,6262,904,5262,9857
6236,9510,6262,5370,8316,3289
6236,9510,6262,9845,7471,5716
6236,9510,6262,5624,8615,7920
6236,9510,6262,7209,2035,9560
6236,9510,6262,1223,6294,7168
6236,9510,6262,474,6850,5063
6236,9510,6262,3554,8345,8078
6236,9510,6262,5027,8060,3688
6236,9510,6262,4263,6476,5175
6236,9510,6262,3147,8586,4649
6236,9510,6262,8075,9972,956
6236,9510,6262,4144,8987,8136
6236,9510,6262,215,1113,8359
6236,9510,6262,7744,6322,5105
6236,9510,6262,1688,6959,2983
6236,9510,6262,9220,9158,1458
6236,9510,6262,6027,3941,4198
6236,9510,6262,8223,9501,6601
6236,9510,6262,2539,9209,7866
6236,9510,6262,9256,259,3526
6236,9510,6262,3202,8418,9318
6236,9510,6262,6918,5212,6043
6236,9510,6262,3083,4531,7139
6236,9510,6262,7303,6493,1937
6236,9510,6262,5742,2343,8051
6236,9510,6262,1358,9913,4479
6236,9510,6262,8436,4088,4299
6236,9510,6262,2047,9325,4077
6236,9510,6262,4549,4523,5715
6236,9510,6262,1966,9101,9838
6236,9510,6262,7374,4202,7276
6236,9510,6262,3665,675,7786
6236,9510,6262,2524,10000,8960
6236,9510,6262,5263,1064,2649
6236,9510,6262,3417,770,3133
6236,9510,6262,2826,9562,1690
6236,9510,6262,9876,2703,1742
6236,9510,6262,888,330,3784
6236,9510,6262,167,814,8850
6236,9510,6262,5159,341,4961
6236,9510,6262,1710,2716,76
6236,9510,6262,3433,4534,4935
6236,9510,6262,9105,7772,3505
6236,9510,6262,2308,4192,6056
6236,9510,6262,7208,5916,8492
6236,9510,6262,6353,7289,3754
6236,9510,6262,9867,7119,214
6236,9510,6262,5616,7879,4780
6236,9510,6262,3973,1167,8699
6236,9510,6262,3230,8392,5799
6236,9510,6262,6869,6605,5868
6236,9510,6262,7183,5212,8536
6236,9510,6262,5920,8911,434
6236,9510,6262,2244,7393,9661
6236,9510,6262,5966,9009,1288
6236,9510,6262,8935,9908,1793
6236,9510,6262,2787,8726,5828
6236,9510,6262,2342,790,8825
6236,9510,6262,9053,7663,6847
6236,9510,6262,9800,2441,8483
6236,9510,6262,5208,1964,3892
6236,9510,6262,8314,1078,939
6236,9510,6262,660,7239,9916
6236,9510,6262,3522,608,9527
6236,9510,6262,5908,1919,6057
6236,9510,6262,6972,5709,8891
6236,9510,6262,2709,1007,2353
6236,9510,6262,9535,3643,6200
6236,9510,6262,4801,3265,4148
6236,9510,6262,7226,5650,5827
6236,9510,6262,4128,7100,8063
6236,9510,6262,9901,2657,962
6236,9510,6262,9348,7770,6858
6236,9510,6262,5245,8932,5596
6236,9510,6262,8512,3436,9519
6236,9510,6262,6055,7319,8585
6236,9510,6262,6900,6840,8113
6236,9510,6262,4886,4049,3587
6236,9510,6262,7317,6670,3683
6236,9510,6262,2434,521,6140
6236,9510,6262,2432,4540,3132
6236,9510,6262,3463,8592,663
6236,9510,6262,7349,1403,6879
6236,9510,6262,6681,1634,5264
6236,9510,6262,7323,2893,1828
6236,9510,6262,4664,7602,3839
6236,9510,6262,5138,9720,6414
6236,9510,6262,4462,2589,9084
6236,9510,6262,8536,3533,6619
6236,9510,6262,5931,8999,2006
6236,9510,6262,2036,1644,7579
6236,9510,6262,8869,6353,8347
6236,9510,6262,2451,3993,5911
6236,9510,6262,4603,4440,5903
6236,9510,6262,9898,7660,9779
6236,9510,6262,6848,5865,3788
6236,9510,6262,5321,8547,3131
6236,9510,6262,8828,5354,9495
6236,9510,6262,9824,6817,1663
6236,9510,6262,3306,7103,2903
6236,9510,6262,8410,7980,6414
6236,9510,6262,1037,2721,5203
6236,9510,6262,9497,5249,1304
6236,9510,6262,4851,4489,1246
6236,9510,6262,1078,2172,2604
6236,9510,6262,404,9183,7813
6236,9510,6262,6182,2042,94
6236,9510,6262,2967,6467,1933
6236,9510,6262,4695,9411,9781
6236,9510,6262,35,953,7756
6236,9510,6262,5284,8010,2658
6236,9510,6262,9371,4797,8351
6236,9510,6262,1251,4520,2423
6236,9510,6262,938,5513,5153
6236,9510,6262,5637,3402,2488
6236,9510,6262,3499,4607,7115
6236,9510,6262,1616,8278,9881
6236,9510,6262,1853,5857,7789
6236,9510,6262,3246,7209,5712
