2364,5504,3584,1765,8259,6291
2364,5504,3584,8598,7204,7831
2364,5504,3584,3890,7113,3343
2364,5504,3584,9697,5293,2676
2364,5504,3584,2523,5004,7685
2364,5504,3584,2074,6365,8772
2364,5504,3584,8799,7708,5253
2364,5504,3584,542,8524,8277
2364,5504,3584,263,6879,7418
2364,5504,3584,6788,3090,4800
2364,5504,3584,3501,5684,9783
2364,5504,3584,6331,1660,1533
2364,5504,3584,734,5733,8008
2364,5504,3584,1169,334,7453
2364,5504,3584,4950,8198,96
2364,5504,3584,8857,8978,8359
2364,5504,3584,8619,6925,6842
2364,5504,3584,5180,385,6557
2364,5504,3584,3603,3496,9733
2364,5504,3584,2864,942,6242
2364,5504,3584,9835,7773,602
2364,5504,3584,4770,884,850
2364,5504,3584,3011,4352,7677
2364,5504,3584,9504,2414,6106
2364,5504,3584,2519,4909,8860
2364,5504,3584,9054,5846,8304
2364,5504,3584,8545,301,9186
2364,5504,3584,1800,4333,1148
2364,5504,3584,5082,3384,5793
2364,5504,3584,8692,5587,3463
2364,5504,3584,4110,685,617
2364,5504,3584,5829,8009,8569
2364,5504,3584,4634,8468,9315
2364,5504,3584,1452,8512,3451
2364,5504,3584,1256,8975,3010
2364,5504,3584,8426,2744,1573
2364,5504,3584,7963,9977,3371
2364,5504,3584,6433,3554,3482
2364,5504,3584,5744,8178,5306
2364,5504,3584,4097,4790,8202
2364,5504,3584,2295,6584,6918
2364,5504,3584,4429,2212,3026
2364,5504,3584,7495,3556,1990
2364,5504,3584,2825,4324,3823
2364,5504,3584,8852,4064,9752
2364,5504,3584,9989,1392,537
2364,5504,3584,2301,6241,5955
2364,5504,3584,4424,625,1924
2364,5504,3584,8270,9831,9336
2364,5504,3584,7021,7532,6103
2364,5504,3584,444,2714,9811
2364,5504,3584,5164,1011,8635
2364,5504,3584,9156,3895,7060
2364,5504,3584,1742,421,5975
2364,5504,3584,4254,2572,4766
2364,5504,3584,6498,3224,6776
2364,5504,3584,8309,3990,4502
2364,5504,3584,1720,9014,2036
2364,5504,3584,8474,7317,2106
2364,5504,3584,9466,2891,4981
2364,5504,3584,4738,1680,4132
2364,5504,3584,494,5760,6796
2364,5504,3584,3961,4615,3817
2364,5504,3584,4470,9794,5449
2364,5504,3584,9887,174,891
2364,5504,3584,7497,6335,5313
2364,5504,3584,3895,3945,6157
2364,5504,3584,956,5751,7128
2364,5504,3584,8431,5925,4196
2364,5504,3584,6580,2680,9905
2364,5504,3584,6713,2505,7370
2364,5504,3584,4297,9446,8213
2364,5504,3584,3699,7119,6829
2364,5504,3584,5063,7187,1543
2364,5504,3584,5417,1854,9340
2364,5504,3584,4225,3751,5709
2364,5504,3584,3915,2051,9910
2364,5504,3584,6722,7702,299
2364,5504,3584,7340,9754,6869
2364,5504,3584,9693,1938,9221
2364,5504,3584,9938,5032,6419
2364,5504,3584,4617,421,8218
2364,5504,3584,5866,7385,8380
2364,5504,3584,6835,1365,9819
2364,5504,3584,1866,2445,2984
2364,5504,3584,5613,5181,9895
2364,5504,3584,6582,1259,1845
2364,5504,3584,584,9680,8822
2364,5504,3584,8906,2173,8833
2364,5504,3584,6406,8951,1869
2364,5504,3584,9133,6329,9699
2364,5504,3584,9382,8116,4901
2364,5504,3584,9796,2813,3906
2364,5504,3584,916,1401,1718
2364,5504,3584,7273,629,7926
2364,5504,3584,2762,8432,3399
2364,5504,3584,4829,7777,9965
2364,5504,3584,8852,5933,8227
2364,5504,3584,7667,3321,2926
2364,5504,3584,3911,3061,8058
2364,5504,3584,8980,9045,8235
2364,5504,3584,7936,4362,7141
2364,5504,3584,9331,2168,8595
2364,5504,3584,7718,4028,1523
2364,5504,3584,2000,4076,3403
2364,5504,3584,2918,2053,9971
2364,5504,3584,1120,8684,2242
2364,5504,3584,794,9055,5320
2364,5504,3584,1626,1088,4116
2364,5504,3584,9915,4806,5693
2364,5504,3584,4744,8119,1068
2364,5504,3584,6469,2240,276
2364,5504,3584,7692,2283,3117
2364,5504,3584,4279,4566,7293
2364,5504,3584,5164,6439,5784
2364,5504,3584,1237,2549,6238
2364,5504,3584,9565,7455,5226
2364,5504,3584,6277,9361,5764
2364,5504,3584,648,6564,9202
2364,5504,3584,8721,6224,1935
2364,5504,3584,841,1821,2865
2364,5504,3584,4000,2872,7341
2364,5504,3584,3649,7619,8136
2364,5504,3584,6955,369,7884
2364,5504,3584,7475,4851,3479
2364,5504,3584,8603,5070,4705
2364,5504,3584,6654,655,9711
2364,5504,3584,5531,4446,4943
2364,5504,3584,63,6425,3535
2364,5504,3584,8715,9925,5162
2364,5504,3584,3557,9765,6505
2364,5504,3584,1771,4519,6921
2364,5504,3584,931,6329,6125
2364,5504,3584,8292,5140,5303
2364,5504,3584,4230,5025,77
2364,5504,3584,7276,4276,3058
2364,5504,3584,9912,4169,4523
2364,5504,3584,3207,3836,6077
2364,5504,3584,9388,5184,7310
2364,5504,3584,3158,4637,157
2364,5504,3584,3542,356,1081
2364,5504,3584,3709,904,7934
2364,5504,3584,3602,100,7182
2364,5504,3584,8547,9317,9896
2364,5504,3584,478,3394,4570
2364,5504,3584,9491,8735,8030
2364,5504,3584,2762,3068,3671
2364,5504,3584,1905,3485,1050
2364,5504,3584,5763,940,6119
2364,5504,3584,7247,1728,9564
2364,5504,3584,5988,8081,5386
2364,5504,3584,122,1335,7092
2364,5504,3584,4688,9891,2041
2364,5504,3584,9016,4911,1388
2364,5504,3584,9903,9795,413
2364,5504,3584,8899,542,7560
2364,5504,3584,1154,3293,5801
2364,5504,3584,8202,9287,3395
2364,5504,3584,6509,6071,3952
2364,5504,3584,8271,5244,9193
2364,5504,3584,9356,1704,246
2364,5504,3584,5871,768,1107
2364,5504,3584,8539,9596,4203
2364,5504,3584,5389,4790,5442
2364,5504,3584,8042,6429,1475
2364,5504,3584,8023,6400,1467
2364,5504,3584,7517,8220,528
2364,5504,3584,2675,668,5377
2364,5504,3584,5760,1568,7075
2364,5504,3584,1576,2352,2907
2364,5504,3584,8611,9219,530
2364,5504,3584,8233,2143,5830
2364,5504,3584,5475,6450,1547
2364,5504,3584,2972,6943,5396
2364,5504,3584,7370,8946,7703
2364,5504,3584,2021,1449,4390
2364,5504,3584,6335,8558,9650
2364,5504,3584,5128,1913,5506
2364,5504,3584,4199,3240,3189
2364,5504,3584,1587,295,7205
2364,5504,3584,4396,7654,8704
2364,5504,3584,1283,5497,4556
2364,5504,3584,910,4105,6781
2364,5504,3584,8581,2559,5147
2364,5504,3584,1081,3977,7171
2364,5504,3584,1376,5654,1353
2364,5504,3584,320,2611,8948
2364,5504,3584,9213,9275,6368
2364,5504,3584,5584,6307,9242
2364,5504,3584,5692,5577,8461
2364,5504,3584,5034,9165,1089
2364,5504,3584,2121,1646,7713
2364,5504,3584,4976,7879,2969
2364,5504,3584,2020,7327,8422
2364,5504,3584,4386,8551,2779
2364,5504,3584,8749,7298,2834
2364,5504,3584,2260,126,4727
2364,5504,3584,7271,9818,6031
2364,5504,3584,9772,7039,4487
2364,5504,3584,2023,3941,6877
2364,5504,3584,6773,5992,8237
2364,5504,3584,8685,3319,5993
2364,5504,3584,6908,2381,7155
2364,5504,3584,2758,197,7463
2364,5504,3584,4130,344,7782
2364,5504,3584,2528,3546,1529
2364,5504,3584,6342,928,5141
2364,5504,3584,5379,3641,1328
2364,5504,3584,8384,486,8500
2364,5504,3584,4539,7607,5482
2364,5504,3584,1279,1001,9897
2364,5504,3584,7474,3211,9319
2364,5504,3584,697,7119,4149
2364,5504,3584,2233,9651,2146
2364,5504,3584,4928,8065,1233
2364,5504,3584,8437,4391,8906
2364,5504,3584,5875,4466,7452
2364,5504,3584,6116,6674,5002
2364,5504,3584,5419,9703,9807
2364,5504,3584,743,8595,8543
2364,5504,3584,2025,8472,4976
2364,5504,3584,6566,7147,6929
2364,5504,3584,4733,15,2184
2364,5504,3584,4609,7854,5069
2364,5504,3584,6803,3260,5141
2364,5504,3584,5521,2104,4707
2364,5504,3584,8395,7313,590
2364,5504,3584,4709,1173,6510
2364,5504,3584,6499,7039,8771
2364,5504,3584,9078,6742,7441
2364,5504,3584,6521,1514,1681
2364,5504,3584,1819,7796,1113
2364,5504,3584,9352,731,7009
2364,5504,3584,3813,3247,7546
2364,5504,3584,4487,1858,6556
2364,5504,3584,9225,6379,9829
2364,5504,3584,1352,1032,5922
2364,5504,3584,7681,8948,2679
2364,5504,3584,5150,6915,9641
2364,5504,3584,6735,5954,2420
2364,5504,3584,5980,6279,9851
2364,5504,3584,1766,1884,7543
2364,5504,3584,4064,2832,4253
2364,5504,3584,6245,3867,2288
2364,5504,3584,475,9776,3424
2364,5504,3584,9128,1295,7412
2364,5504,3584,2486,9776,6987
2364,5504,3584,903,5614,9568
2364,5504,3584,3988,4580,5423
2364,5504,3584,2707,7463,4141
2364,5504,3584,6366,1088,6067
2364,5504,3584,8861,5908,274
2364,5504,3584,2684,3397,5668
2364,5504,3584,232,218,8977
2364,5504,3584,3175,8872,577
2364,5504,3584,4928,3344,3432
2364,5504,3584,6118,6004,9056
2364,5504,3584,5795,7965,7065
2364,5504,3584,185,9722,466
2364,5504,3584,5763,8125,9321
2364,5504,3584,7489,9779,3437
2364,5504,3584,4886,7630,8695
2364,5504,3584,2008,4662,3094
2364,5504,3584,3019,2260,9754
2364,5504,3584,8968,5665,4268
2364,5504,3584,9288,6553,1820
2364,5504,3584,3472,501,2428
2364,5504,3584,4807,7557,4748
2364,5504,3584,3074,2183,4541
2364,5504,3584,5111,1306,5381
2364,5504,3584,6009,7374,8207
2364,5504,3584,7319,8973,789
2364,5504,3584,2533,7094,5484
2364,5504,3584,1243,6910,7397
2364,5504,3584,6034,4973,6678
2364,5504,3584,2067,9899,1647
2364,5504,3584,3913,3629,8430
2364,5504,3584,2952,827,3489
2364,5504,3584,6778,7866,5098
2364,5504,3584,2182,7329,5559
2364,5504,3584,8587,7595,763
2364,5504,3584,4465,7347,7563
2364,5504,3584,9140,5304,56
2364,5504,3584,1788,3926,6399
2364,5504,3584,8313,7021,8542
2364,5504,3584,5904,8716,6185
2364,5504,3584,6594,8273,4381
2364,5504,3584,6065,4391,6985
2364,5504,3584,7181,9474,8196
2364,5504,3584,1992,7691,445
2364,5504,3584,7970,1844,1852
2364,5504,3584,2398,6929,4278
2364,5504,3584,7302,1893,7114
2364,5504,3584,5203,7288,8689
2364,5504,3584,9045,1694,9551
2364,5504,3584,4883,2080,7446
2364,5504,3584,3819,1293,7371
2364,5504,3584,2857,3663,7166
2364,5504,3584,5337,7144,7183
2364,5504,3584,1886,1095,5062
2364,5504,3584,8321,77,5766
2364,5504,3584,2039,5559,2493
2364,5504,3584,6205,3935,1860
2364,5504,3584,4848,5210,24
2364,5504,3584,1438,949,2316
2364,5504,3584,5089,5759,4176
2364,5504,3584,9599,9293,6513
2364,5504,3584,9012,704,2305
2364,5504,3584,4534,7462,892
2364,5504,3584,1648,7049,5735
2364,5504,3584,8098,2426,3136
2364,5504,3584,3797,9075,4682
2364,5504,3584,615,3828,910
2364,5504,3584,22,8720,8053
2364,5504,3584,3391,9433,7173
2364,5504,3584,1188,6985,6692
2364,5504,3584,489,4674,6222
2364,5504,3584,1758,5447,18
2364,5504,3584,4796,7725,2136
2364,5504,3584,3622,4267,388
2364,5504,3584,550,482,5830
2364,5504,3584,6629,6533,2971
2364,5504,3584,7655,3423,1520
2364,5504,3584,7851,3519,1789
2364,5504,3584,3591,7876,6459
2364,5504,3584,2331,6924,7489
2364,5504,3584,4012,876,8081
2364,5504,3584,4114,2243,4927
2364,5504,3584,1046,9128,5448
2364,5504,3584,1966,6455,4921
2364,5504,3584,2569,540,9222
2364,5504,3584,225,3054,3431
2364,5504,3584,8320,1039,1832
2364,5504,3584,9581,6518,958
2364,5504,3584,5349,9781,1173
2364,5504,3584,2567,7347,9761
2364,5504,3584,7593,7148,6243
2364,5504,3584,4038,7326,1204
2364,5504,3584,1267,7247,1542
2364,5504,3584,3695,9728,4154
2364,5504,3584,8087,6427,4271
2364,5504,3584,7514,495,7190
2364,5504,3584,417,2355,5596
2364,5504,3584,9322,9159,9710
2364,5504,3584,123,770,7797
2364,5504,3584,8117,5271,4706
2364,5504,3584,2612,7391,9958
2364,5504,3584,7746,4663,8415
2364,5504,3584,2766,8235,8733
2364,5504,3584,3134,5853,9614
2364,5504,3584,3528,2140,9318
2364,5504,3584,7169,7684,1935
2364,5504,3584,666,4372,9817
2364,5504,3584,2403,8696,9369
2364,5504,3584,4650,5088,7582
2364,5504,3584,1251,1942,6524
2364,5504,3584,4978,6947,4031
2364,5504,3584,7198,9063,3222
2364,5504,3584,3941,7520,5915
2364,5504,3584,5313,981,2964
2364,5504,3584,530,1726,4928
2364,5504,3584,5972,8203,4229
2364,5504,3584,2268,3823,5493
2364,5504,3584,1803,4301,1214
2364,5504,3584,9975,3380,4990
2364,5504,3584,1122,2478,1924
2364,5504,3584,7171,9827,9737
2364,5504,3584,8466,5636,3339
2364,5504,3584,5155,3243,6537
2364,5504,3584,4122,7921,2052
2364,5504,3584,9324,4817,2492
2364,5504,3584,9670,6831,1725
2364,5504,3584,9039,8005,2030
2364,5504,3584,2816,235,6265
2364,5504,3584,1122,7241,2064
2364,5504,3584,2249,7692,4066
2364,5504,3584,1188,5140,9244
2364,5504,3584,1216,8292,5785
2364,5504,3584,6848,8280,2084
2364,5504,3584,812,9629,6307
2364,5504,3584,6483,3036,8949
2364,5504,3584,8317,4440,8421
2364,5504,3584,5700,9884,9356
2364,5504,3584,1526,4991,8027
2364,5504,3584,1642,16,5030
2364,5504,3584,2913,6512,2752
2364,5504,3584,5287,891,6949
2364,5504,3584,4204,6299,6511
2364,5504,3584,6808,1064,2136
2364,5504,3584,9611,849,6414
2364,5504,3584,3834,4205,2828
2364,5504,3584,2897,7452,9927
2364,5504,3584,954,167,3594
2364,5504,3584,269,4389,9864
2364,5504,3584,7190,3664,8296
2364,5504,3584,5438,3631,6510
2364,5504,3584,5422,203,5280
2364,5504,3584,6470,8318,5739
2364,5504,3584,10000,8661,5994
2364,5504,3584,5846,8136,5235
2364,5504,3584,4925,3926,7994
2364,5504,3584,8060,7554,853
2364,5504,3584,2513,6619,1312
2364,5504,3584,6074,3360,5330
2364,5504,3584,2388,5455,1389
2364,5504,3584,5650,9678,6521
2364,5504,3584,8978,8543,5928
2364,5504,3584,3493,12,5279
2364,5504,3584,5395,6726,8921
2364,5504,3584,5695,7680,6585
2364,5504,3584,5931,8964,6424
2364,5504,3584,2769,4952,6661
2364,5504,3584,1132,7016,3512
2364,5504,3584,9334,2975,3682
2364,5504,3584,2512,7533,5232
2364,5504,3584,3819,4929,477
2364,5504,3584,56,7049,1713
2364,5504,3584,5473,9534,5594
2364,5504,3584,9847,2290,2579
2364,5504,3584,1172,7081,8917
2364,5504,3584,1472,235,8633
2364,5504,3584,1238,5108,9965
2364,5504,3584,4195,7399,7600
2364,5504,3584,2473,9347,5881
2364,5504,3584,3459,7150,269
2364,5504,3584,9429,9901,7349
2364,5504,3584,3344,1825,1384
2364,5504,3584,9173,9583,111
2364,5504,3584,1051,9973,582
2364,5504,3584,1901,962,5776
2364,5504,3584,4718,6398,3025
2364,5504,3584,2702,7359,9188
2364,5504,3584,2561,1373,3334
2364,5504,3584,5626,8304,359
2364,5504,3584,9895,6390,4453
2364,5504,3584,2343,3284,7038
2364,5504,3584,2008,5161,2070
2364,5504,3584,5101,2894,5432
2364,5504,3584,4173,1790,2402
2364,5504,3584,27,6633,659
2364,5504,3584,9994,8743,2045
2364,5504,3584,6236,3475,9507
2364,5504,3584,3883,3968,2732
2364,5504,3584,2050,9957,8859
2364,5504,3584,2351,8247,2607
2364,5504,3584,4369,7851,1528
2364,5504,3584,5606,5612,4504
2364,5504,3584,2907,8219,3764
2364,5504,3584,8911,6558,8218
2364,5504,3584,9979,9548,5506
2364,5504,3584,8438,3133,7413
2364,5504,3584,9755,6340,6682
2364,5504,3584,6164,5004,9233
2364,5504,3584,5275,875,9026
2364,5504,3584,964,4609,8208
2364,5504,3584,6910,3821,319
2364,5504,3584,4310,5860,3022
2364,5504,3584,2246,1676,12
2364,5504,3584,6120,9549,3067
2364,5504,3584,1657,4942,2778
2364,5504,3584,3988,78,2102
2364,5504,3584,7550,6006,7413
2364,5504,3584,3082,5237,6685
2364,5504,3584,286,6800,6390
2364,5504,3584,3183,8587,122
2364,5504,3584,7663,908,4253
2364,5504,3584,1966,6933,7762
2364,5504,3584,7759,5940,5183
2364,5504,3584,4301,9305,4033
2364,5504,3584,3400,9956,4164
2364,5504,3584,4440,7002,2002
2364,5504,3584,7765,50,1053
2364,5504,3584,1371,2429,7192
2364,5504,3584,7074,5622,5319
2364,5504,3584,320,9905,4017
2364,5504,3584,5201,2305,980
2364,5504,3584,2581,2850,89
2364,5504,3584,9789,3814,7855
2364,5504,3584,6657,7808,7348
2364,5504,3584,6743,6757,8636
2364,5504,3584,733,3708,6417
2364,5504,3584,962,9530,518
2364,5504,3584,8497,2572,8366
2364,5504,3584,5064,5874,9692
2364,5504,3584,9501,7609,7450
2364,5504,3584,4781,313,7890
2364,5504,3584,5369,6060,1823
2364,5504,3584,1863,7550,8559
2364,5504,3584,5173,4765,8702
2364,5504,3584,416,1285,884
2364,5504,3584,4030,4328,472
2364,5504,3584,7777,242,1796
2364,5504,3584,5871,6023,6722
2364,5504,3584,6386,728,2331
2364,5504,3584,7529,6099,2767
2364,5504,3584,498,8204,1149
2364,5504,3584,2214,7449,3618
2364,5504,3584,2298,8826,4742
2364,5504,3584,4840,3995,6371
2364,5504,3584,7562,2412,2355
2364,5504,3584,8390,9989,1308
2364,5504,3584,8469,2206,7417
2364,5504,3584,14,3636,7646
2364,5504,3584,2048,3468,4375
2364,5504,3584,8598,2194,612
2364,5504,3584,6394,438,9076
2364,5504,3584,8995,6134,3610
2364,5504,3584,4362,4300,6113
2364,5504,3584,441,6682,7578
2364,5504,3584,544,4712,9715
