7324,1649,8559,7811,9636,3168
7324,1649,8559,9722,3031,2836
7324,1649,8559,1653,9235,1205
7324,1649,8559,8510,8239,6486
7324,1649,8559,8063,3105,6939
7324,1649,8559,5643,4944,8195
7324,1649,8559,6416,8973,9717
7324,1649,8559,9156,3258,4299
7324,1649,8559,4443,1130,2780
7324,1649,8559,5349,7535,746
7324,1649,8559,3940,4132,5212
7324,1649,8559,5025,5344,951
7324,1649,8559,3771,6822,7788
7324,1649,8559,9430,8120,4572
7324,1649,8559,9587,9290,5410
7324,1649,8559,5373,5961,5626
7324,1649,8559,9162,9569,9209
7324,1649,8559,8839,8694,1696
7324,1649,8559,874,8849,9476
7324,1649,8559,1533,4011,1977
7324,1649,8559,9647,1640,6243
7324,1649,8559,9514,6171,6792
7324,1649,8559,9281,929,4699
7324,1649,8559,112,2225,3961
7324,1649,8559,9875,6934,6142
7324,1649,8559,8280,5013,6848
7324,1649,8559,2881,4322,6411
7324,1649,8559,3273,176,5635
7324,1649,8559,3536,4988,4659
7324,1649,8559,7542,5792,6391
7324,1649,8559,4587,7551,8713
7324,1649,8559,7743,2432,6287
7324,1649,8559,4070,3771,3573
7324,1649,8559,7087,1182,5495
7324,1649,8559,3487,4685,1782
7324,1649,8559,5986,4825,4183
7324,1649,8559,1124,5101,8528
7324,1649,8559,9334,580,3287
7324,1649,8559,3618,5403,3822
7324,1649,8559,9495,2736,4769
7324,1649,8559,1143,3087,3148
7324,1649,8559,1945,7304,3856
7324,1649,8559,6749,7196,1454
7324,1649,8559,7444,2400,6367
7324,1649,8559,5854,2452,2176
7324,1649,8559,7597,9304,7542
7324,1649,8559,8999,7289,7117
7324,1649,8559,6052,336,1581
7324,1649,8559,317,4956,3273
7324,1649,8559,374,7826,3539
7324,1649,8559,7188,4372,4930
7324,1649,8559,230,596,3676
7324,1649,8559,8440,2596,9422
7324,1649,8559,4308,2718,6765
7324,1649,8559,556,3692,8964
7324,1649,8559,4101,2053,2398
7324,1649,8559,2051,4303,4666
7324,1649,8559,3937,9008,2296
7324,1649,8559,4754,8262,6680
7324,1649,8559,6312,7848,5485
7324,1649,8559,9523,8239,7783
7324,1649,8559,3549,7767,5464
7324,1649,8559,4500,1970,6074
7324,1649,8559,5681,7890,4938
7324,1649,8559,6553,777,9025
7324,1649,8559,8666,8636,330
7324,1649,8559,4895,7976,8183
7324,1649,8559,1868,7533,9854
7324,1649,8559,8743,7046,9261
7324,1649,8559,1422,7468,8720
7324,1649,8559,9705,9277,1661
7324,1649,8559,404,2420,2065
7324,1649,8559,8087,3672,5713
7324,1649,8559,6450,2874,6972
7324,1649,8559,5930,9035,3085
7324,1649,8559,5122,8776,4961
7324,1649,8559,910,9650,8798
7324,1649,8559,9642,3332,9124
7324,1649,8559,591,2339,7873
7324,1649,8559,6755,7082,5240
7324,1649,8559,7021,2983,84
7324,1649,8559,9317,4763,8721
7324,1649,8559,4995,7700,5402
7324,1649,8559,2779,7548,3191
7324,1649,8559,9936,2228,7034
7324,1649,8559,2022,9413,5262
7324,1649,8559,493,2266,7249
7324,1649,8559,9101,4878,2785
7324,1649,8559,3159,2088,1786
7324,1649,8559,7448,7759,2595
7324,1649,8559,9065,5970,2708
7324,1649,8559,7512,3178,641
7324,1649,8559,6498,9244,4301
7324,1649,8559,1911,6291,730
7324,1649,8559,1480,7811,4567
7324,1649,8559,1697,5695,5580
7324,1649,8559,1199,2240,373
7324,1649,8559,4444,1018,8570
7324,1649,8559,2809,7496,6122
7324,1649,8559,9701,8375,2781
7324,1649,8559,8007,7092,8541
7324,1649,8559,5997,1485,1356
7324,1649,8559,1043,9805,3462
7324,1649,8559,666,2221,1446
7324,1649,8559,4885,2223,4618
7324,1649,8559,6586,2466,7553
7324,1649,8559,8,3868,6975
7324,1649,8559,1116,9698,5920
7324,1649,8559,6847,7773,1518
7324,1649,8559,6356,8796,4425
7324,1649,8559,2746,6841,5461
7324,1649,8559,6369,112,4869
7324,1649,8559,7166,8536,9826
7324,1649,8559,3304,4711,2425
7324,1649,8559,4614,7999,9316
7324,1649,8559,438,4493,3238
7324,1649,8559,7962,1713,7272
7324,1649,8559,6906,7433,8128
7324,1649,8559,3706,4011,3271
7324,1649,8559,6262,5191,2922
7324,1649,8559,6803,8038,6014
7324,1649,8559,8118,4171,6
7324,1649,8559,8691,1490,206
7324,1649,8559,3986,6525,9178
7324,1649,8559,3365,2281,2279
7324,1649,8559,1663,8059,6862
7324,1649,8559,215,8063,5411
7324,1649,8559,673,5503,7741
7324,1649,8559,8498,5417,6405
7324,1649,8559,4080,7467,5033
7324,1649,8559,5812,4747,1814
7324,1649,8559,6548,1983,2596
7324,1649,8559,3449,4055,4111
7324,1649,8559,6239,8508,3739
7324,1649,8559,1676,7581,6163
7324,1649,8559,8115,6770,1072
7324,1649,8559,3609,5317,8804
7324,1649,8559,5462,4850,5317
7324,1649,8559,4737,2744,3993
7324,1649,8559,962,8208,3860
7324,1649,8559,9742,9285,5318
7324,1649,8559,3549,2802,4903
7324,1649,8559,2135,5309,2319
7324,1649,8559,3826,5719,8848
7324,1649,8559,136,2716,1506
7324,1649,8559,9919,8134,2426
7324,1649,8559,8740,8980,6048
7324,1649,8559,562,4342,7557
7324,1649,8559,457,980,704
7324,1649,8559,1084,2883,7947
7324,1649,8559,2742,4151,6582
7324,1649,8559,8962,6454,4547
7324,1649,8559,6881,9753,9899
7324,1649,8559,9534,2332,2284
7324,1649,8559,2522,7300,881
7324,1649,8559,4288,9225,6975
7324,1649,8559,3069,2139,5448
7324,1649,8559,5026,6100,6784
7324,1649,8559,159,18,5418
7324,1649,8559,9263,5336,1943
7324,1649,8559,7472,189,8646
7324,1649,8559,9458,526,3977
7324,1649,8559,4,4005,1168
7324,1649,8559,8467,4866,4048
7324,1649,8559,10,4685,5770
7324,1649,8559,8158,8061,694
7324,1649,8559,403,3716,2053
7324,1649,8559,8942,7564,5327
7324,1649,8559,6717,8493,8445
7324,1649,8559,3983,5798,6557
7324,1649,8559,1236,9534,2939
7324,1649,8559,6155,7295,2056
7324,1649,8559,5055,9667,9638
7324,1649,8559,9189,2862,821
7324,1649,8559,1981,7536,1983
7324,1649,8559,7739,7884,5468
7324,1649,8559,1005,4439,9365
7324,1649,8559,1431,1316,7090
7324,1649,8559,2683,610,2278
7324,1649,8559,6716,9346,8813
7324,1649,8559,2474,7857,3565
7324,1649,8559,4781,1867,7149
7324,1649,8559,6601,5720,7389
7324,1649,8559,9868,4220,9768
7324,1649,8559,7108,6934,2536
7324,1649,8559,3707,3264,6394
7324,1649,8559,7341,8943,5159
7324,1649,8559,9171,3465,6854
7324,1649,8559,9527,6363,8429
7324,1649,8559,6272,7402,6508
7324,1649,8559,4280,5549,7466
7324,1649,8559,7284,1266,1865
7324,1649,8559,4996,8706,8581
7324,1649,8559,1786,5227,5912
7324,1649,8559,4209,5442,1993
7324,1649,8559,5424,9355,625
7324,1649,8559,3628,9164,8837
7324,1649,8559,2075,1192,474
7324,1649,8559,9182,2127,5185
7324,1649,8559,4337,9817,7753
7324,1649,8559,7686,9763,9804
7324,1649,8559,131,1559,9285
7324,1649,8559,2198,8684,7758
7324,1649,8559,4791,2707,5179
7324,1649,8559,312,2463,4723
7324,1649,8559,3357,7023,4877
7324,1649,8559,7014,9667,4962
7324,1649,8559,3524,467,2495
7324,1649,8559,4481,737,8251
7324,1649,8559,5786,6695,8711
7324,1649,8559,821,2730,1141
7324,1649,8559,3949,4,3780
7324,1649,8559,9570,3308,7892
7324,1649,8559,1389,5482,5189
7324,1649,8559,7923,2188,5938
7324,1649,8559,6524,8090,5271
7324,1649,8559,591,3074,9500
7324,1649,8559,5155,5641,8777
7324,1649,8559,518,4689,2064
7324,1649,8559,5800,4818,3793
7324,1649,8559,7439,8665,3432
7324,1649,8559,6968,468,3690
7324,1649,8559,7589,5594,6114
7324,1649,8559,1319,4071,9318
7324,1649,8559,8707,8162,7993
7324,1649,8559,5547,3438,3572
7324,1649,8559,4154,6960,6905
7324,1649,8559,4936,3183,1482
7324,1649,8559,5878,8981,187
7324,1649,8559,4970,6434,9507
7324,1649,8559,9123,9142,5389
7324,1649,8559,9502,1988,6977
7324,1649,8559,9561,5045,2127
7324,1649,8559,157,3328,7999
7324,1649,8559,5714,7520,8234
7324,1649,8559,605,5228,6375
7324,1649,8559,466,5801,54
7324,1649,8559,1393,3768,7437
7324,1649,8559,3416,9818,3332
7324,1649,8559,7667,8363,2051
7324,1649,8559,3564,1894,4336
7324,1649,8559,3965,8805,141
7324,1649,8559,8535,5844,6244
7324,1649,8559,9390,2377,4621
7324,1649,8559,6650,2115,9727
7324,1649,8559,9691,4893,1027
7324,1649,8559,5970,2339,404
7324,1649,8559,2870,2368,3368
7324,1649,8559,3355,9696,2422
7324,1649,8559,6910,5380,3700
7324,1649,8559,5577,9863,6407
7324,1649,8559,3131,8870,3443
7324,1649,8559,6761,2237,5329
7324,1649,8559,5291,6794,7545
7324,1649,8559,2830,289,3919
7324,1649,8559,8723,7848,9474
7324,1649,8559,5529,3844,2789
7324,1649,8559,4049,7097,7219
7324,1649,8559,6288,2224,1680
7324,1649,8559,8979,2963,741
7324,1649,8559,5960,4897,2953
7324,1649,8559,575,7523,6781
7324,1649,8559,6436,1926,1149
7324,1649,8559,5669,2179,890
7324,1649,8559,1585,8126,1880
7324,1649,8559,9084,4696,1453
7324,1649,8559,415,3547,6137
7324,1649,8559,9444,9808,6296
7324,1649,8559,1503,3754,2832
7324,1649,8559,1701,760,7548
7324,1649,8559,7622,5616,6918
7324,1649,8559,4370,916,3114
7324,1649,8559,5804,4202,3736
7324,1649,8559,8208,1069,8114
7324,1649,8559,4960,1659,7910
7324,1649,8559,5046,3141,9616
7324,1649,8559,2901,3180,4948
7324,1649,8559,7690,942,2322
7324,1649,8559,136,2138,8278
7324,1649,8559,1144,3102,6509
7324,1649,8559,8700,4057,8170
7324,1649,8559,283,6378,7366
7324,1649,8559,9365,6191,8817
7324,1649,8559,5048,4539,3500
7324,1649,8559,3579,9622,6800
7324,1649,8559,7116,4724,4643
7324,1649,8559,9467,3313,746
7324,1649,8559,8149,3444,3248
7324,1649,8559,8912,689,1040
7324,1649,8559,6150,7795,6139
7324,1649,8559,1649,9567,6770
7324,1649,8559,8243,6523,2266
7324,1649,8559,1033,4062,8396
7324,1649,8559,2500,8437,9969
7324,1649,8559,1664,6412,3321
7324,1649,8559,4498,737,7340
7324,1649,8559,9454,3326,9031
7324,1649,8559,9588,2756,1112
7324,1649,8559,9603,9833,2677
7324,1649,8559,2762,2295,501
7324,1649,8559,7809,6239,5801
7324,1649,8559,4881,893,5555
7324,1649,8559,4426,8738,7118
7324,1649,8559,6893,6473,6376
7324,1649,8559,1026,7260,2131
7324,1649,8559,7681,1446,4176
7324,1649,8559,4770,8648,9964
7324,1649,8559,5635,1964,6733
7324,1649,8559,1873,2530,8563
7324,1649,8559,8698,4905,5902
7324,1649,8559,7671,2663,570
7324,1649,8559,2166,8424,6478
7324,1649,8559,7169,7532,7953
7324,1649,8559,3325,699,2249
7324,1649,8559,3451,2590,624
7324,1649,8559,8196,6391,1607
7324,1649,8559,7518,1416,6193
7324,1649,8559,7648,2618,7427
7324,1649,8559,125,1076,9458
7324,1649,8559,786,1978,4514
7324,1649,8559,8436,6762,8810
7324,1649,8559,4572,8777,1628
7324,1649,8559,5850,4348,7203
7324,1649,8559,745,4257,8670
7324,1649,8559,7727,8573,7526
7324,1649,8559,2942,5583,5508
7324,1649,8559,4540,9419,3379
7324,1649,8559,9020,6189,4146
7324,1649,8559,5002,7311,3898
7324,1649,8559,5887,3852,1537
7324,1649,8559,7760,3215,4656
7324,1649,8559,3183,4108,9099
7324,1649,8559,9926,2381,5427
7324,1649,8559,474,9345,9334
7324,1649,8559,7466,3534,7713
7324,1649,8559,9907,5169,751
7324,1649,8559,8523,1342,9856
7324,1649,8559,3925,2442,7720
7324,1649,8559,5861,2741,3358
7324,1649,8559,3226,2420,6379
7324,1649,8559,4710,6239,833
7324,1649,8559,7154,3497,6038
7324,1649,8559,4594,2295,9804
7324,1649,8559,3852,5281,6764
7324,1649,8559,9228,9625,2501
7324,1649,8559,4609,9627,3686
7324,1649,8559,3621,4209,4040
7324,1649,8559,4047,2261,5032
7324,1649,8559,149,8289,1435
7324,1649,8559,7276,4409,1563
7324,1649,8559,831,3687,6469
7324,1649,8559,4578,8281,7714
7324,1649,8559,8416,9293,3727
7324,1649,8559,6475,1921,3744
7324,1649,8559,2630,1690,9169
7324,1649,8559,5914,4519,691
7324,1649,8559,1415,2906,7449
7324,1649,8559,3334,7290,9044
7324,1649,8559,7528,4100,2521
7324,1649,8559,7722,913,8878
7324,1649,8559,4623,4675,4984
7324,1649,8559,2481,6212,7144
7324,1649,8559,389,3848,8687
7324,1649,8559,9217,965,9071
7324,1649,8559,686,5649,8329
7324,1649,8559,1006,4708,5080
7324,1649,8559,5487,9403,364
7324,1649,8559,1436,1182,3328
7324,1649,8559,4924,9314,3676
7324,1649,8559,1603,6450,6902
7324,1649,8559,2041,6577,5730
7324,1649,8559,6914,5907,7269
7324,1649,8559,8235,4175,6879
7324,1649,8559,2398,7478,9378
7324,1649,8559,2190,7422,9456
7324,1649,8559,2426,5943,4218
7324,1649,8559,7850,3439,408
7324,1649,8559,6298,623,6970
7324,1649,8559,8185,8300,8273
7324,1649,8559,4583,9879,5800
7324,1649,8559,3472,7225,5264
7324,1649,8559,3656,4456,9831
7324,1649,8559,2522,1838,1124
7324,1649,8559,8070,9032,9234
7324,1649,8559,1830,3697,2040
7324,1649,8559,5619,2024,3047
7324,1649,8559,1370,228,2845
7324,1649,8559,2444,968,8364
7324,1649,8559,482,4953,982
7324,1649,8559,5998,5069,1486
7324,1649,8559,4997,6853,692
7324,1649,8559,4118,5550,3640
7324,1649,8559,8498,8067,8725
7324,1649,8559,334,5870,597
7324,1649,8559,527,2957,7349
7324,1649,8559,5290,940,2370
7324,1649,8559,7129,9516,3464
7324,1649,8559,3351,37,4455
7324,1649,8559,8832,1570,7894
7324,1649,8559,2298,285,3700
7324,1649,8559,3705,1842,1874
7324,1649,8559,8722,5465,9216
7324,1649,8559,270,6043,3483
7324,1649,8559,7939,9783,2551
7324,1649,8559,791,7410,8494
7324,1649,8559,8354,5870,9057
7324,1649,8559,6988,2001,1788
7324,1649,8559,4012,1178,5259
7324,1649,8559,7644,598,4995
7324,1649,8559,4689,1146,9933
7324,1649,8559,5470,4324,1713
7324,1649,8559,4658,963,838
7324,1649,8559,173,1090,1928
7324,1649,8559,4198,2641,4549
7324,1649,8559,8507,5467,7791
7324,1649,8559,485,7586,2406
7324,1649,8559,5693,7607,1744
7324,1649,8559,6785,5493,5042
7324,1649,8559,6815,8383,527
7324,1649,8559,5454,3680,9309
7324,1649,8559,9147,4050,6687
7324,1649,8559,162,1885,1629
7324,1649,8559,6758,3220,8912
7324,1649,8559,8670,4213,5005
7324,1649,8559,4231,2383,3183
7324,1649,8559,77,5140,7869
7324,1649,8559,2409,8979,2332
7324,1649,8559,3380,5200,2096
7324,1649,8559,1863,5677,8248
7324,1649,8559,7394,2295,5992
7324,1649,8559,9547,8864,3324
7324,1649,8559,504,9020,7922
7324,1649,8559,8592,1773,3569
7324,1649,8559,1370,7488,8886
7324,1649,8559,8572,761,6275
7324,1649,8559,5802,7433,5541
7324,1649,8559,7266,268,1598
7324,1649,8559,2820,2121,9497
7324,1649,8559,2490,6426,375
7324,1649,8559,1377,1850,5383
7324,1649,8559,4673,8421,7582
7324,1649,8559,9756,5917,3596
7324,1649,8559,3375,3835,3892
7324,1649,8559,9844,2446,1099
7324,1649,8559,8568,4866,1172
7324,1649,8559,1834,920,1939
7324,1649,8559,5070,787,3235
7324,1649,8559,1718,5639,6561
7324,1649,8559,663,7887,9775
7324,1649,8559,7471,4469,2846
7324,1649,8559,7347,8413,1294
7324,1649,8559,4962,622,9903
7324,1649,8559,2030,2324,1872
7324,1649,8559,6549,3567,4656
7324,1649,8559,1540,4489,150
7324,1649,8559,2656,7647,1408
7324,1649,8559,5326,9971,1499
7324,1649,8559,6966,6838,1404
7324,1649,8559,8003,8107,6283
7324,1649,8559,6434,508,8750
7324,1649,8559,1594,9560,6897
7324,1649,8559,2308,9549,2856
7324,1649,8559,8474,6935,6996
7324,1649,8559,3463,9950,9009
7324,1649,8559,2136,428,3799
7324,1649,8559,7944,3778,6338
7324,1649,8559,9580,5397,7561
7324,1649,8559,627,5496,7062
7324,1649,8559,9691,7111,9446
7324,1649,8559,6706,7244,4190
7324,1649,8559,2536,9855,2084
7324,1649,8559,9689,1781,7832
7324,1649,8559,8210,3294,4659
7324,1649,8559,296,3198,748
7324,1649,8559,2694,271,8892
7324,1649,8559,3409,7037,16
7324,1649,8559,9320,8438,7717
7324,1649,8559,6878,6870,9926
7324,1649,8559,9691,4485,9174
7324,1649,8559,7176,5912,494
7324,1649,8559,7505,2365,2831
7324,1649,8559,5076,9976,9321
7324,1649,8559,5483,546,2055
7324,1649,8559,8265,6927,46
7324,1649,8559,1902,9805,1707
7324,1649,8559,9845,460,5841
7324,1649,8559,5926,8366,3804
7324,1649,8559,4123,2305,1081
7324,1649,8559,1121,8824,6330
7324,1649,8559,8542,9681,8880
7324,1649,8559,7436,9190,7022
7324,1649,8559,154,7666,5942
7324,1649,8559,9409,9460,4086
7324,1649,8559,4150,2256,8403
7324,1649,8559,9998,9268,9155
7324,1649,8559,1625,210,1958
7324,1649,8559,6831,6583,1759
7324,1649,8559,1895,9274,8540
7324,1649,8559,5836,3825,7531
7324,1649,8559,3278,82,8876
7324,1649,8559,557,1317,367
7324,1649,8559,7475,6271,1732
7324,1649,8559,6123,1849,529
7324,1649,8559,2021,9034,176
7324,1649,8559,2393,6314,9615
7324,1649,8559,2104,219,7201
7324,1649,8559,58,6379,8231
7324,1649,8559,5540,8753,8485
7324,1649,8559,7925,6851,6155
7324,1649,8559,9426,6251,9732
