6206,2541,9481,4748,6238,8727
6206,2541,9481,6739,6397,8013
6206,2541,9481,6976,6936,8296
6206,2541,9481,2143,5030,6893
6206,2541,9481,2057,7052,5295
6206,2541,9481,9347,6789,6245
6206,2541,9481,6711,671,7994
6206,2541,9481,2171,330,7782
6206,2541,9481,446,6989,6270
6206,2541,9481,9503,162,1650
6206,2541,9481,6880,6065,5782
6206,2541,9481,798,7505,2104
6206,2541,9481,9524,1940,8107
6206,2541,9481,6917,1020,5412
6206,2541,9481,2854,4165,1149
6206,2541,9481,8706,9674,5882
6206,2541,9481,8527,3575,739
6206,2541,9481,4832,9362,7337
6206,2541,9481,5723,7671,8447
6206,2541,9481,6792,6575,3751
6206,2541,9481,5387,8699,1344
6206,2541,9481,9539,4860,2528
6206,2541,9481,1288,7852,9504
6206,2541,9481,108,5547,5725
6206,2541,9481,7417,844,1344
6206,2541,9481,5675,587,4724
6206,2541,9481,807,4713,2760
6206,2541,9481,2437,1397,8810
6206,2541,9481,881,2814,5740
6206,2541,9481,9227,3195,3055
6206,2541,9481,2059,7914,5541
6206,2541,9481,2219,476,3503
6206,2541,9481,3834,6327,5468
6206,2541,9481,8352,5781,9085
6206,2541,9481,2012,2284,7309
6206,2541,9481,9024,7993,5551
6206,2541,9481,9776,4999,516
6206,2541,9481,9333,3437,1058
6206,2541,9481,7692,7312,8842
6206,2541,9481,7913,8793,4695
6206,2541,9481,2818,2693,3724
6206,2541,9481,8157,7988,1519
6206,2541,9481,6274,134,8277
6206,2541,9481,996,9121,1096
6206,2541,9481,6394,9889,3451
6206,2541,9481,7204,4191,5320
6206,2541,9481,3801,6598,5916
6206,2541,9481,350,5077,4950
6206,2541,9481,1262,5992,5590
6206,2541,9481,4916,6828,256
6206,2541,9481,2098,9629,7677
6206,2541,9481,5428,9876,1621
6206,2541,9481,2542,3728,210
6206,2541,9481,5275,3359,9312
6206,2541,9481,3519,3288,8387
6206,2541,9481,1742,2901,1582
6206,2541,9481,4139,7802,6958
6206,2541,9481,2917,7882,473
6206,2541,9481,7042,6265,8558
6206,2541,9481,5422,6734,7614
6206,2541,9481,4761,4820,3425
6206,2541,9481,9442,3305,1915
6206,2541,9481,908,608,7089
6206,2541,9481,4069,1388,8702
6206,2541,9481,5365,4767,6864
6206,2541,9481,5881,7185,5298
6206,2541,9481,4277,6997,2629
6206,2541,9481,8794,7981,8576
6206,2541,9481,6948,9175,2809
6206,2541,9481,9140,4033,9048
6206,2541,9481,7670,3353,6795
6206,2541,9481,6721,5688,6038
6206,2541,9481,9585,4390,5733
6206,2541,9481,9756,33,2528
6206,2541,9481,5222,5239,4950
6206,2541,9481,7020,9723,4624
6206,2541,9481,7170,4399,6240
6206,2541,9481,4935,9925,8627
6206,2541,9481,7557,6516,1588
6206,2541,9481,5690,9814,2998
6206,2541,9481,1638,5251,4860
6206,2541,9481,5736,9302,8408
6206,2541,9481,2082,832,4626
6206,2541,9481,8324,1944,6367
6206,2541,9481,4833,2751,7904
6206,2541,9481,7635,347,4793
6206,2541,9481,6995,1800,6907
6206,2541,9481,7607,6283,7697
6206,2541,9481,1424,9500,3985
6206,2541,9481,3,206,9771
6206,2541,9481,1332,6041,9326
6206,2541,9481,2957,5306,4559
6206,2541,9481,4758,610,9755
6206,2541,9481,8909,1929,4162
6206,2541,9481,7926,3745,5375
6206,2541,9481,1928,8944,6754
6206,2541,9481,6642,6396,9491
6206,2541,9481,8498,4773,1496
6206,2541,9481,9219,4143,889
6206,2541,9481,4782,863,1850
6206,2541,9481,3616,7160,3372
6206,2541,9481,6865,826,507
6206,2541,9481,3242,1673,5720
6206,2541,9481,2292,8625,4971
6206,2541,9481,7646,8195,5966
6206,2541,9481,4145,6971,5084
6206,2541,9481,2234,1377,952
6206,2541,9481,4472,4994,4039
6206,2541,9481,1905,1274,5882
6206,2541,9481,436,5118,5473
6206,2541,9481,4382,2157,3007
6206,2541,9481,4523,8083,8905
6206,2541,9481,1357,5982,8925
6206,2541,9481,3678,4419,4064
6206,2541,9481,8446,6117,5445
6206,2541,9481,6460,1117,5015
6206,2541,9481,9275,1428,1368
6206,2541,9481,4241,5558,3760
6206,2541,9481,4906,4873,5045
6206,2541,9481,8062,2994,3171
6206,2541,9481,7463,9364,1156
6206,2541,9481,1390,8747,9379
6206,2541,9481,4644,7757,5836
6206,2541,9481,8844,1323,227
6206,2541,9481,2730,5216,9938
6206,2541,9481,3166,688,1308
6206,2541,9481,5385,5658,3736
6206,2541,9481,1867,4854,6600
6206,2541,9481,176,5521,2534
6206,2541,9481,8463,3176,6440
6206,2541,9481,2958,5355,5742
6206,2541,9481,4414,757,6282
6206,2541,9481,3864,7034,6692
6206,2541,9481,8084,744,1173
6206,2541,9481,7515,4276,3151
6206,2541,9481,2053,2298,6364
6206,2541,9481,2991,5599,1979
6206,2541,9481,9625,9744,2905
6206,2541,9481,7746,4426,9227
6206,2541,9481,379,5593,8794
6206,2541,9481,9456,3269,8631
6206,2541,9481,2614,6842,6988
6206,2541,9481,3396,9207,5936
6206,2541,9481,4671,9653,7998
6206,2541,9481,1735,1014,2460
6206,2541,9481,3621,5846,3076
6206,2541,9481,8807,7478,7021
6206,2541,9481,1433,3812,2121
6206,2541,9481,6088,4139,7475
6206,2541,9481,977,4717,6760
6206,2541,9481,2794,4723,7225
6206,2541,9481,8933,3125,4399
6206,2541,9481,3841,2935,437
6206,2541,9481,1162,6885,4900
6206,2541,9481,1096,3831,9496
6206,2541,9481,8536,5476,2516
6206,2541,9481,2090,5478,4486
6206,2541,9481,3041,9811,8963
6206,2541,9481,7747,3668,333
6206,2541,9481,9708,2079,5599
6206,2541,9481,8447,6637,5733
6206,2541,9481,8868,9951,6610
6206,2541,9481,8124,1115,4931
6206,2541,9481,9505,5173,4994
6206,2541,9481,4705,766,994
6206,2541,9481,1588,5658,7051
6206,2541,9481,7089,9686,9466
6206,2541,9481,7399,4317,749
6206,2541,9481,8184,806,7401
6206,2541,9481,6100,6737,3331
6206,2541,9481,4211,3219,5508
6206,2541,9481,137,5942,5807
6206,2541,9481,5237,5061,2902
6206,2541,9481,2715,2704,3049
6206,2541,9481,5340,5753,3108
6206,2541,9481,5907,5003,5249
6206,2541,9481,1587,4123,2882
6206,2541,9481,1015,6696,2572
6206,2541,9481,7527,1022,5920
6206,2541,9481,8721,9551,4533
6206,2541,9481,6396,9746,280
6206,2541,9481,3312,1702,9897
6206,2541,9481,8315,5431,9829
6206,2541,9481,6989,2649,2141
6206,2541,9481,5520,1093,4035
6206,2541,9481,3159,7400,1573
6206,2541,9481,2249,9614,9367
6206,2541,9481,5349,1744,5410
6206,2541,9481,4829,7510,564
6206,2541,9481,6621,7011,9386
6206,2541,9481,8014,8149,7317
6206,2541,9481,529,8610,6313
6206,2541,9481,4135,3972,5387
6206,2541,9481,3445,7026,2563
6206,2541,9481,6720,4834,3563
6206,2541,9481,6953,2084,3652
6206,2541,9481,7208,3101,459
6206,2541,9481,2144,9973,4221
6206,2541,9481,7874,718,2387
6206,2541,9481,7532,9386,3906
6206,2541,9481,5140,1079,4357
6206,2541,9481,2915,3176,4443
6206,2541,9481,8124,4108,7091
6206,2541,9481,3131,5538,5651
6206,2541,9481,3215,2279,6962
6206,2541,9481,4172,4527,9508
6206,2541,9481,960,3463,4358
6206,2541,9481,5985,9913,3954
6206,2541,9481,9342,1927,5320
6206,2541,9481,6353,2250,8870
6206,2541,9481,4747,7544,7871
6206,2541,9481,9477,6087,2837
6206,2541,9481,6321,801,6044
6206,2541,9481,9854,3238,4517
6206,2541,9481,4493,8595,5743
6206,2541,9481,6617,4110,9450
6206,2541,9481,6438,4736,9616
6206,2541,9481,4514,4366,5441
6206,2541,9481,7176,6278,8379
6206,2541,9481,3511,1382,2452
6206,2541,9481,8483,1775,3565
6206,2541,9481,663,5190,1378
6206,2541,9481,8441,2065,5447
6206,2541,9481,5205,6419,9990
6206,2541,9481,2277,8337,1836
6206,2541,9481,1545,5002,8276
6206,2541,9481,9657,7623,5792
6206,2541,9481,7796,2925,3496
6206,2541,9481,8469,953,5508
6206,2541,9481,4994,575,6135
7324,1649,8559,2230,2822,9220
7324,1649,8559,6967,6016,3899
7324,1649,8559,9498,7394,5544
7324,1649,8559,4002,1811,7105
7324,1649,8559,1661,9835,8955
7324,1649,8559,2407,7540,6915
7324,1649,8559,9814,5542,4716
7324,1649,8559,4146,6939,2077
7324,1649,8559,8513,2105,3707
7324,1649,8559,2381,4316,3196
7324,1649,8559,4836,9414,2252
7324,1649,8559,248,9589,2800
7324,1649,8559,2080,4006,2166
7324,1649,8559,4533,7227,3731
7324,1649,8559,3210,5286,2212
7324,1649,8559,3671,2496,4194
7324,1649,8559,5940,7967,2878
7324,1649,8559,1468,6979,9208
7324,1649,8559,7350,8841,1469
7324,1649,8559,2245,6459,1408
7324,1649,8559,5893,2175,9193
7324,1649,8559,8036,1955,7253
7324,1649,8559,9589,3492,1555
7324,1649,8559,1911,7493,8890
7324,1649,8559,5241,2510,7325
7324,1649,8559,3443,6824,8545
7324,1649,8559,5726,85,5922
7324,1649,8559,9661,1717,9761
7324,1649,8559,9855,6316,8123
7324,1649,8559,8925,3242,8585
7324,1649,8559,6224,2503,3256
7324,1649,8559,8502,3318,3561
7324,1649,8559,5522,6339,8391
7324,1649,8559,4703,5784,8412
7324,1649,8559,4042,5445,8952
7324,1649,8559,5889,4384,2177
7324,1649,8559,4703,3753,5877
7324,1649,8559,1832,7736,8400
7324,1649,8559,5764,6446,4359
7324,1649,8559,5201,8133,1167
7324,1649,8559,1599,7009,7027
7324,1649,8559,5130,6506,9733
7324,1649,8559,1584,5345,127
7324,1649,8559,8335,1280,5560
7324,1649,8559,2142,8064,8759
7324,1649,8559,1099,6311,3225
7324,1649,8559,8318,8293,403
7324,1649,8559,5086,8967,3951
7324,1649,8559,9756,2428,9872
7324,1649,8559,2736,6652,2219
7324,1649,8559,7354,2364,1905
7324,1649,8559,5811,4629,6291
7324,1649,8559,2409,9412,1521
7324,1649,8559,3316,6438,6980
7324,1649,8559,8977,2583,4822
7324,1649,8559,7395,6489,6609
7324,1649,8559,1841,3830,6170
7324,1649,8559,4711,8400,6753
7324,1649,8559,4341,121,8403
7324,1649,8559,295,4437,3452
7324,1649,8559,3179,3367,9332
7324,1649,8559,1074,3467,4483
7324,1649,8559,7691,2189,6392
7324,1649,8559,1486,7167,4570
7324,1649,8559,3980,9883,3497
7324,1649,8559,7978,6627,255
7324,1649,8559,1736,9499,390
7324,1649,8559,7022,7899,2504
7324,1649,8559,8517,3674,4511
7324,1649,8559,758,9085,1549
7324,1649,8559,8695,3505,4644
7324,1649,8559,3830,4212,6887
7324,1649,8559,2710,9827,1444
7324,1649,8559,5507,1238,6645
7324,1649,8559,3878,1898,8871
7324,1649,8559,2957,9015,1852
7324,1649,8559,6526,2342,1414
7324,1649,8559,8603,1433,9970
7324,1649,8559,9951,8499,8033
7324,1649,8559,8031,1244,4632
7324,1649,8559,6732,2753,67
7324,1649,8559,4476,8067,689
7324,1649,8559,2150,2079,2753
7324,1649,8559,5504,9923,4608
7324,1649,8559,2156,6899,6607
7324,1649,8559,6828,3167,9083
7324,1649,8559,9249,8529,5275
7324,1649,8559,1783,9056,74
7324,1649,8559,7290,3749,5983
7324,1649,8559,4994,5720,2939
7324,1649,8559,4797,4899,5972
7324,1649,8559,1701,8060,6018
7324,1649,8559,3065,4327,3249
7324,1649,8559,4421,2265,5384
7324,1649,8559,411,6205,1781
7324,1649,8559,7761,8852,5390
7324,1649,8559,4924,9447,6332
7324,1649,8559,9217,2987,7810
7324,1649,8559,8650,6681,2953
7324,1649,8559,9637,2434,2606
7324,1649,8559,3347,381,1838
7324,1649,8559,264,3348,9913
7324,1649,8559,2547,6276,2999
7324,1649,8559,1900,4357,989
7324,1649,8559,3663,6787,4296
7324,1649,8559,8867,6944,9752
7324,1649,8559,5872,1636,8306
7324,1649,8559,5291,2971,8774
7324,1649,8559,2604,7663,8850
7324,1649,8559,734,5244,2251
7324,1649,8559,167,7677,7249
7324,1649,8559,3032,5446,555
7324,1649,8559,5664,6845,4746
7324,1649,8559,8996,323,1966
7324,1649,8559,6701,198,3048
7324,1649,8559,4590,6894,1068
7324,1649,8559,5667,6422,5325
7324,1649,8559,5535,7338,4795
7324,1649,8559,6083,2087,6686
7324,1649,8559,5094,2501,6480
7324,1649,8559,327,9697,5280
7324,1649,8559,2806,8440,8967
7324,1649,8559,9974,8500,8190
7324,1649,8559,6990,3654,6702
7324,1649,8559,1415,4128,2835
7324,1649,8559,7774,8396,6019
7324,1649,8559,3680,6851,237
7324,1649,8559,2783,19,4805
7324,1649,8559,5397,7126,9407
7324,1649,8559,2364,5504,3584
7324,1649,8559,1930,4550,7320
7324,1649,8559,6236,9510,6262
7324,1649,8559,348,5946,1804
7324,1649,8559,6206,2541,9481
7324,1649,8559,7324,1649,8559
7324,1649,8559,9027,9818,1238
7324,1649,8559,272,6293,1975
7324,1649,8559,2494,2671,252
7324,1649,8559,249,7896,8351
7324,1649,8559,2703,5151,4443
7324,1649,8559,5209,84,4159
7324,1649,8559,4507,7820,6277
7324,1649,8559,4122,3439,5382
7324,1649,8559,8883,2825,2959
7324,1649,8559,8447,7348,9616
7324,1649,8559,6865,608,5532
7324,1649,8559,4146,1581,3554
7324,1649,8559,6335,402,6479
7324,1649,8559,4092,3085,1762
7324,1649,8559,894,9905,9254
7324,1649,8559,5687,8150,5932
7324,1649,8559,2380,6196,1311
7324,1649,8559,5045,1979,5553
7324,1649,8559,3959,979,9531
7324,1649,8559,275,9082,8982
7324,1649,8559,7123,703,3388
7324,1649,8559,1896,5819,5876
7324,1649,8559,7749,3528,8884
7324,1649,8559,4867,9389,5428
7324,1649,8559,243,9501,9114
7324,1649,8559,6570,6544,8099
7324,1649,8559,8540,257,8066
7324,1649,8559,7022,7234,9980
7324,1649,8559,8929,6978,4053
7324,1649,8559,3709,7787,7748
7324,1649,8559,1112,1585,540
7324,1649,8559,3053,1625,3052
7324,1649,8559,6853,2620,9686
7324,1649,8559,5160,1270,4189
7324,1649,8559,9264,5247,3358
7324,1649,8559,7553,1243,6712
7324,1649,8559,9338,2513,5109
7324,1649,8559,5940,671,2877
7324,1649,8559,3864,2513,5430
7324,1649,8559,8116,2425,2850
7324,1649,8559,7372,1190,4128
7324,1649,8559,372,6014,82
7324,1649,8559,4295,2225,7326
7324,1649,8559,5976,2836,7031
7324,1649,8559,5234,6074,7957
7324,1649,8559,3530,5230,6747
7324,1649,8559,4927,290,9537
7324,1649,8559,6026,3861,8990
7324,1649,8559,9263,8177,8494
7324,1649,8559,7736,4187,6641
7324,1649,8559,7880,4973,2532
7324,1649,8559,7141,5382,7753
7324,1649,8559,4932,5684,5150
7324,1649,8559,1738,6668,3224
7324,1649,8559,6881,1679,2616
7324,1649,8559,9194,9722,131
7324,1649,8559,5005,8452,605
7324,1649,8559,1903,9281,408
7324,1649,8559,8841,6696,8721
7324,1649,8559,6482,3041,1238
7324,1649,8559,5449,5379,5322
7324,1649,8559,9655,7563,7044
7324,1649,8559,6166,4909,4222
7324,1649,8559,1036,81,5155
7324,1649,8559,3839,2824,4841
7324,1649,8559,9247,4560,3184
7324,1649,8559,794,3776,8995
7324,1649,8559,7395,8648,2064
7324,1649,8559,5391,1587,3586
7324,1649,8559,8564,8101,2497
7324,1649,8559,3822,5255,6059
7324,1649,8559,1402,778,3455
7324,1649,8559,3808,9476,4993
7324,1649,8559,7253,5879,121
7324,1649,8559,8305,1643,2797
7324,1649,8559,1660,5358,4573
7324,1649,8559,7672,9625,9840
7324,1649,8559,2514,2770,9310
7324,1649,8559,6401,2863,2324
7324,1649,8559,5652,4194,6108
7324,1649,8559,461,9814,6309
7324,1649,8559,3031,9687,5225
7324,1649,8559,9405,2092,5965
7324,1649,8559,6305,7915,910
7324,1649,8559,1970,79,2705
7324,1649,8559,4565,9900,1756
7324,1649,8559,6114,4076,8291
7324,1649,8559,3892,5372,5496
7324,1649,8559,1359,5451,6877
7324,1649,8559,6476,4312,943
7324,1649,8559,3390,860,3218
7324,1649,8559,9664,6922,8049
7324,1649,8559,9725,6217,1721
7324,1649,8559,8419,8310,5386
7324,1649,8559,8010,5256,6043
7324,1649,8559,5960,8384,3839
7324,1649,8559,5542,4148,5331
7324,1649,8559,9316,8039,3685
7324,1649,8559,497,7581,9053
7324,1649,8559,8699,8727,4519
7324,1649,8559,7381,4226,6212
7324,1649,8559,8777,3205,2988
7324,1649,8559,9314,6084,131
7324,1649,8559,8405,6862,4282
7324,1649,8559,1305,1795,5243
7324,1649,8559,2159,3802,301
7324,1649,8559,8713,1156,2624
7324,1649,8559,8982,1965,4946
7324,1649,8559,5319,5171,3280
7324,1649,8559,7417,2203,1923
7324,1649,8559,3527,4862,9183
7324,1649,8559,4313,6689,1492
7324,1649,8559,103,1642,8464
7324,1649,8559,4288,3255,38
7324,1649,8559,8652,9278,1371
7324,1649,8559,9915,6572,2368
7324,1649,8559,201,4958,959
7324,1649,8559,8190,8952,8455
7324,1649,8559,7211,2274,9174
7324,1649,8559,135,9318,9434
7324,1649,8559,1642,2551,4074
7324,1649,8559,1449,4116,9765
7324,1649,8559,5069,3475,6736
7324,1649,8559,8305,5749,4462
7324,1649,8559,2365,2474,9783
7324,1649,8559,9846,2110,1115
7324,1649,8559,4264,2912,6604
7324,1649,8559,4227,2944,5488
7324,1649,8559,9718,2457,8225
7324,1649,8559,1524,8012,748
7324,1649,8559,7488,2840,3485
7324,1649,8559,1539,5676,7256
7324,1649,8559,4661,2681,9270
7324,1649,8559,1140,8806,2006
7324,1649,8559,3482,5220,3325
7324,1649,8559,4980,4505,1236
7324,1649,8559,68,7386,2309
7324,1649,8559,8408,7861,3742
7324,1649,8559,5447,5155,8520
7324,1649,8559,5976,5325,786
7324,1649,8559,8249,1010,1149
7324,1649,8559,9633,6018,2874
7324,1649,8559,4120,3199,4985
7324,1649,8559,1171,3638,7853
7324,1649,8559,3951,2643,921
