9027,9818,1238,4396,7654,8704
9027,9818,1238,1283,5497,4556
9027,9818,1238,910,4105,6781
9027,9818,1238,8581,2559,5147
9027,9818,1238,1081,3977,7171
9027,9818,1238,1376,5654,1353
9027,9818,1238,320,2611,8948
9027,9818,1238,9213,9275,6368
9027,9818,1238,5584,6307,9242
9027,9818,1238,5692,5577,8461
9027,9818,1238,5034,9165,1089
9027,9818,1238,2121,1646,7713
9027,9818,1238,4976,7879,2969
9027,9818,1238,2020,7327,8422
9027,9818,1238,4386,8551,2779
9027,9818,1238,8749,7298,2834
9027,9818,1238,2260,126,4727
9027,9818,1238,7271,9818,6031
9027,9818,1238,9772,7039,4487
9027,9818,1238,2023,3941,6877
9027,9818,1238,6773,5992,8237
9027,9818,1238,8685,3319,5993
9027,9818,1238,6908,2381,7155
9027,9818,1238,2758,197,7463
9027,9818,1238,4130,344,7782
9027,9818,1238,2528,3546,1529
9027,9818,1238,6342,928,5141
9027,9818,1238,5379,3641,1328
9027,9818,1238,8384,486,8500
9027,9818,1238,4539,7607,5482
9027,9818,1238,1279,1001,9897
9027,9818,1238,7474,3211,9319
9027,9818,1238,697,7119,4149
9027,9818,1238,2233,9651,2146
9027,9818,1238,4928,8065,1233
9027,9818,1238,8437,4391,8906
9027,9818,1238,5875,4466,7452
9027,9818,1238,6116,6674,5002
9027,9818,1238,5419,9703,9807
9027,9818,1238,743,8595,8543
9027,9818,1238,2025,8472,4976
9027,9818,1238,6566,7147,6929
9027,9818,1238,4733,15,2184
9027,9818,1238,4609,7854,5069
9027,9818,1238,6803,3260,5141
9027,9818,1238,5521,2104,4707
9027,9818,1238,8395,7313,590
9027,9818,1238,4709,1173,6510
9027,9818,1238,6499,7039,8771
9027,9818,1238,9078,6742,7441
9027,9818,1238,6521,1514,1681
9027,9818,1238,1819,7796,1113
9027,9818,1238,9352,731,7009
9027,9818,1238,3813,3247,7546
9027,9818,1238,4487,1858,6556
9027,9818,1238,9225,6379,9829
9027,9818,1238,1352,1032,5922
9027,9818,1238,7681,8948,2679
9027,9818,1238,5150,6915,9641
9027,9818,1238,6735,5954,2420
9027,9818,1238,5980,6279,9851
9027,9818,1238,1766,1884,7543
9027,9818,1238,4064,2832,4253
9027,9818,1238,6245,3867,2288
9027,9818,1238,475,9776,3424
9027,9818,1238,9128,1295,7412
9027,9818,1238,2486,9776,6987
9027,9818,1238,903,5614,9568
9027,9818,1238,3988,4580,5423
9027,9818,1238,2707,7463,4141
9027,9818,1238,6366,1088,6067
9027,9818,1238,8861,5908,274
9027,9818,1238,2684,3397,5668
9027,9818,1238,232,218,8977
9027,9818,1238,3175,8872,577
9027,9818,1238,4928,3344,3432
9027,9818,1238,6118,6004,9056
9027,9818,1238,5795,7965,7065
9027,9818,1238,185,9722,466
9027,9818,1238,5763,8125,9321
9027,9818,1238,7489,9779,3437
9027,9818,1238,4886,7630,8695
9027,9818,1238,2008,4662,3094
9027,9818,1238,3019,2260,9754
9027,9818,1238,8968,5665,4268
9027,9818,1238,9288,6553,1820
9027,9818,1238,3472,501,2428
9027,9818,1238,4807,7557,4748
9027,9818,1238,3074,2183,4541
9027,9818,1238,5111,1306,5381
9027,9818,1238,6009,7374,8207
9027,9818,1238,7319,8973,789
9027,9818,1238,2533,7094,5484
9027,9818,1238,1243,6910,7397
9027,9818,1238,6034,4973,6678
9027,9818,1238,2067,9899,1647
9027,9818,1238,3913,3629,8430
9027,9818,1238,2952,827,3489
9027,9818,1238,6778,7866,5098
9027,9818,1238,2182,7329,5559
9027,9818,1238,8587,7595,763
9027,9818,1238,4465,7347,7563
9027,9818,1238,9140,5304,56
9027,9818,1238,1788,3926,6399
9027,9818,1238,8313,7021,8542
9027,9818,1238,5904,8716,6185
9027,9818,1238,6594,8273,4381
9027,9818,1238,6065,4391,6985
9027,9818,1238,7181,9474,8196
9027,9818,1238,1992,7691,445
9027,9818,1238,7970,1844,1852
9027,9818,1238,2398,6929,4278
9027,9818,1238,7302,1893,7114
9027,9818,1238,5203,7288,8689
9027,9818,1238,9045,1694,9551
9027,9818,1238,4883,2080,7446
9027,9818,1238,3819,1293,7371
9027,9818,1238,2857,3663,7166
9027,9818,1238,5337,7144,7183
9027,9818,1238,1886,1095,5062
9027,9818,1238,8321,77,5766
9027,9818,1238,2039,5559,2493
9027,9818,1238,6205,3935,1860
9027,9818,1238,4848,5210,24
9027,9818,1238,1438,949,2316
9027,9818,1238,5089,5759,4176
9027,9818,1238,9599,9293,6513
9027,9818,1238,9012,704,2305
9027,9818,1238,4534,7462,892
9027,9818,1238,1648,7049,5735
9027,9818,1238,8098,2426,3136
9027,9818,1238,3797,9075,4682
9027,9818,1238,615,3828,910
9027,9818,1238,22,8720,8053
9027,9818,1238,3391,9433,7173
9027,9818,1238,1188,6985,6692
9027,9818,1238,489,4674,6222
9027,9818,1238,1758,5447,18
9027,9818,1238,4796,7725,2136
9027,9818,1238,3622,4267,388
9027,9818,1238,550,482,5830
9027,9818,1238,6629,6533,2971
9027,9818,1238,7655,3423,1520
9027,9818,1238,7851,3519,1789
9027,9818,1238,3591,7876,6459
9027,9818,1238,2331,6924,7489
9027,9818,1238,4012,876,8081
9027,9818,1238,4114,2243,4927
9027,9818,1238,1046,9128,5448
9027,9818,1238,1966,6455,4921
9027,9818,1238,2569,540,9222
9027,9818,1238,225,3054,3431
9027,9818,1238,8320,1039,1832
9027,9818,1238,9581,6518,958
9027,9818,1238,5349,9781,1173
9027,9818,1238,2567,7347,9761
9027,9818,1238,7593,7148,6243
9027,9818,1238,4038,7326,1204
9027,9818,1238,1267,7247,1542
9027,9818,1238,3695,9728,4154
9027,9818,1238,8087,6427,4271
9027,9818,1238,7514,495,7190
9027,9818,1238,417,2355,5596
9027,9818,1238,9322,9159,9710
9027,9818,1238,123,770,7797
9027,9818,1238,8117,5271,4706
9027,9818,1238,2612,7391,9958
9027,9818,1238,7746,4663,8415
9027,9818,1238,2766,8235,8733
9027,9818,1238,3134,5853,9614
9027,9818,1238,3528,2140,9318
9027,9818,1238,7169,7684,1935
9027,9818,1238,666,4372,9817
9027,9818,1238,2403,8696,9369
9027,9818,1238,4650,5088,7582
9027,9818,1238,1251,1942,6524
9027,9818,1238,4978,6947,4031
9027,9818,1238,7198,9063,3222
9027,9818,1238,3941,7520,5915
9027,9818,1238,5313,981,2964
9027,9818,1238,530,1726,4928
9027,9818,1238,5972,8203,4229
9027,9818,1238,2268,3823,5493
9027,9818,1238,1803,4301,1214
9027,9818,1238,9975,3380,4990
9027,9818,1238,1122,2478,1924
9027,9818,1238,7171,9827,9737
9027,9818,1238,8466,5636,3339
9027,9818,1238,5155,3243,6537
9027,9818,1238,4122,7921,2052
9027,9818,1238,9324,4817,2492
9027,9818,1238,9670,6831,1725
9027,9818,1238,9039,8005,2030
9027,9818,1238,2816,235,6265
9027,9818,1238,1122,7241,2064
9027,9818,1238,2249,7692,4066
9027,9818,1238,1188,5140,9244
9027,9818,1238,1216,8292,5785
9027,9818,1238,6848,8280,2084
9027,9818,1238,812,9629,6307
9027,9818,1238,6483,3036,8949
9027,9818,1238,8317,4440,8421
9027,9818,1238,5700,9884,9356
9027,9818,1238,1526,4991,8027
9027,9818,1238,1642,16,5030
9027,9818,1238,2913,6512,2752
9027,9818,1238,5287,891,6949
9027,9818,1238,4204,6299,6511
9027,9818,1238,6808,1064,2136
9027,9818,1238,9611,849,6414
9027,9818,1238,3834,4205,2828
9027,9818,1238,2897,7452,9927
9027,9818,1238,954,167,3594
9027,9818,1238,269,4389,9864
9027,9818,1238,7190,3664,8296
9027,9818,1238,5438,3631,6510
9027,9818,1238,5422,203,5280
9027,9818,1238,6470,8318,5739
9027,9818,1238,10000,8661,5994
9027,9818,1238,5846,8136,5235
9027,9818,1238,4925,3926,7994
9027,9818,1238,8060,7554,853
9027,9818,1238,2513,6619,1312
9027,9818,1238,6074,3360,5330
9027,9818,1238,2388,5455,1389
9027,9818,1238,5650,9678,6521
9027,9818,1238,8978,8543,5928
9027,9818,1238,3493,12,5279
9027,9818,1238,5395,6726,8921
9027,9818,1238,5695,7680,6585
9027,9818,1238,5931,8964,6424
9027,9818,1238,2769,4952,6661
9027,9818,1238,1132,7016,3512
9027,9818,1238,9334,2975,3682
9027,9818,1238,2512,7533,5232
9027,9818,1238,3819,4929,477
9027,9818,1238,56,7049,1713
9027,9818,1238,5473,9534,5594
9027,9818,1238,9847,2290,2579
9027,9818,1238,1172,7081,8917
9027,9818,1238,1472,235,8633
9027,9818,1238,1238,5108,9965
9027,9818,1238,4195,7399,7600
9027,9818,1238,2473,9347,5881
9027,9818,1238,3459,7150,269
9027,9818,1238,9429,9901,7349
9027,9818,1238,3344,1825,1384
9027,9818,1238,9173,9583,111
9027,9818,1238,1051,9973,582
9027,9818,1238,1901,962,5776
9027,9818,1238,4718,6398,3025
9027,9818,1238,2702,7359,9188
9027,9818,1238,2561,1373,3334
9027,9818,1238,5626,8304,359
9027,9818,1238,9895,6390,4453
9027,9818,1238,2343,3284,7038
9027,9818,1238,2008,5161,2070
9027,9818,1238,5101,2894,5432
9027,9818,1238,4173,1790,2402
9027,9818,1238,27,6633,659
9027,9818,1238,9994,8743,2045
9027,9818,1238,6236,3475,9507
9027,9818,1238,3883,3968,2732
9027,9818,1238,2050,9957,8859
9027,9818,1238,2351,8247,2607
9027,9818,1238,4369,7851,1528
9027,9818,1238,5606,5612,4504
9027,9818,1238,2907,8219,3764
9027,9818,1238,8911,6558,8218
9027,9818,1238,9979,9548,5506
9027,9818,1238,8438,3133,7413
9027,9818,1238,9755,6340,6682
9027,9818,1238,6164,5004,9233
9027,9818,1238,5275,875,9026
9027,9818,1238,964,4609,8208
9027,9818,1238,6910,3821,319
9027,9818,1238,4310,5860,3022
9027,9818,1238,2246,1676,12
9027,9818,1238,6120,9549,3067
9027,9818,1238,1657,4942,2778
9027,9818,1238,3988,78,2102
9027,9818,1238,7550,6006,7413
9027,9818,1238,3082,5237,6685
9027,9818,1238,286,6800,6390
9027,9818,1238,3183,8587,122
9027,9818,1238,7663,908,4253
9027,9818,1238,1966,6933,7762
9027,9818,1238,7759,5940,5183
9027,9818,1238,4301,9305,4033
9027,9818,1238,3400,9956,4164
9027,9818,1238,4440,7002,2002
9027,9818,1238,7765,50,1053
9027,9818,1238,1371,2429,7192
9027,9818,1238,7074,5622,5319
9027,9818,1238,320,9905,4017
9027,9818,1238,5201,2305,980
9027,9818,1238,2581,2850,89
9027,9818,1238,9789,3814,7855
9027,9818,1238,6657,7808,7348
9027,9818,1238,6743,6757,8636
9027,9818,1238,733,3708,6417
9027,9818,1238,962,9530,518
9027,9818,1238,8497,2572,8366
9027,9818,1238,5064,5874,9692
9027,9818,1238,9501,7609,7450
9027,9818,1238,4781,313,7890
9027,9818,1238,5369,6060,1823
9027,9818,1238,1863,7550,8559
9027,9818,1238,5173,4765,8702
9027,9818,1238,416,1285,884
9027,9818,1238,4030,4328,472
9027,9818,1238,7777,242,1796
9027,9818,1238,5871,6023,6722
9027,9818,1238,6386,728,2331
9027,9818,1238,7529,6099,2767
9027,9818,1238,498,8204,1149
9027,9818,1238,2214,7449,3618
9027,9818,1238,2298,8826,4742
9027,9818,1238,4840,3995,6371
9027,9818,1238,7562,2412,2355
9027,9818,1238,8390,9989,1308
9027,9818,1238,8469,2206,7417
9027,9818,1238,14,3636,7646
9027,9818,1238,2048,3468,4375
9027,9818,1238,8598,2194,612
9027,9818,1238,6394,438,9076
9027,9818,1238,8995,6134,3610
9027,9818,1238,4362,4300,6113
9027,9818,1238,441,6682,7578
9027,9818,1238,544,4712,9715
9027,9818,1238,2897,8413,5597
9027,9818,1238,6420,1996,5667
9027,9818,1238,2148,1663,3686
9027,9818,1238,1379,1265,9946
9027,9818,1238,8365,4666,7822
9027,9818,1238,471,6702,2475
9027,9818,1238,983,3833,456
9027,9818,1238,6348,6466,2952
9027,9818,1238,6763,9861,1786
9027,9818,1238,6006,9810,7464
9027,9818,1238,3470,4933,4220
9027,9818,1238,7738,5892,7896
9027,9818,1238,3152,9229,1881
9027,9818,1238,7869,3966,2880
9027,9818,1238,7041,7920,5866
9027,9818,1238,7583,5023,9331
9027,9818,1238,9187,4098,1459
9027,9818,1238,3814,3021,2790
9027,9818,1238,1522,8671,6015
9027,9818,1238,2945,2677,2562
9027,9818,1238,296,678,520
9027,9818,1238,6348,1362,1902
9027,9818,1238,7306,4668,6965
9027,9818,1238,7776,3888,3200
9027,9818,1238,9767,249,6123
9027,9818,1238,223,4521,6121
9027,9818,1238,1211,7435,8033
9027,9818,1238,9430,6688,1827
9027,9818,1238,3049,5348,6312
9027,9818,1238,3787,4053,1655
9027,9818,1238,9241,1708,2433
9027,9818,1238,5592,5698,39
9027,9818,1238,7341,1676,467
9027,9818,1238,3840,5974,2723
9027,9818,1238,9739,4505,4019
9027,9818,1238,1735,7989,2882
9027,9818,1238,6299,213,9777
9027,9818,1238,4894,8025,8318
9027,9818,1238,9615,6491,9944
9027,9818,1238,1074,7401,6220
9027,9818,1238,6956,4140,3581
9027,9818,1238,6095,389,633
9027,9818,1238,2502,5146,4851
9027,9818,1238,7557,8361,8241
9027,9818,1238,2712,578,4839
9027,9818,1238,5509,6355,1647
9027,9818,1238,1849,2897,8007
9027,9818,1238,1981,1170,5558
9027,9818,1238,5517,559,9731
9027,9818,1238,2231,3823,993
9027,9818,1238,5327,4308,5440
9027,9818,1238,3607,2454,5194
9027,9818,1238,4555,4990,4223
9027,9818,1238,7240,5239,4690
9027,9818,1238,5418,1362,933
9027,9818,1238,1496,3416,1598
9027,9818,1238,7846,9763,3204
9027,9818,1238,9662,616,760
9027,9818,1238,599,2754,827
9027,9818,1238,7172,2968,2094
9027,9818,1238,2022,8232,9450
9027,9818,1238,3945,5484,2847
9027,9818,1238,8809,1847,7534
9027,9818,1238,2765,880,7201
9027,9818,1238,909,9097,5598
9027,9818,1238,384,5848,3736
9027,9818,1238,7091,861,2757
9027,9818,1238,5263,791,9848
9027,9818,1238,7148,8815,1320
9027,9818,1238,8329,9925,2637
9027,9818,1238,7501,8510,1828
9027,9818,1238,1440,9822,9496
9027,9818,1238,8903,3748,741
9027,9818,1238,570,9440,6722
9027,9818,1238,7350,6595,5062
9027,9818,1238,1819,8997,4961
9027,9818,1238,7837,3294,8017
9027,9818,1238,5655,3448,2598
9027,9818,1238,3000,2368,6307
9027,9818,1238,7908,3397,2403
9027,9818,1238,5577,3883,4252
9027,9818,1238,7653,4997,4150
9027,9818,1238,8966,3252,3189
9027,9818,1238,568,9812,6704
9027,9818,1238,5111,1968,144
9027,9818,1238,2080,268,5458
9027,9818,1238,9315,3312,4369
9027,9818,1238,8360,3162,7778
9027,9818,1238,118,1875,8495
9027,9818,1238,3265,6046,6856
9027,9818,1238,3175,9174,6433
9027,9818,1238,534,5473,1261
9027,9818,1238,8791,4810,7723
9027,9818,1238,4651,9941,9010
9027,9818,1238,5395,266,1412
9027,9818,1238,7866,8619,7104
9027,9818,1238,4657,6171,8790
9027,9818,1238,4875,4320,6789
9027,9818,1238,2352,7900,6945
9027,9818,1238,892,7094,5281
9027,9818,1238,4750,9635,3099
9027,9818,1238,6361,8785,7870
9027,9818,1238,175,5789,6646
9027,9818,1238,1681,3668,2346
9027,9818,1238,2848,401,7607
9027,9818,1238,7410,6457,8010
9027,9818,1238,4832,1840,2337
9027,9818,1238,6200,1808,2686
9027,9818,1238,2370,5954,9637
9027,9818,1238,4577,4438,8749
9027,9818,1238,2405,9520,192
9027,9818,1238,1249,7643,7481
9027,9818,1238,9800,8019,6854
9027,9818,1238,3908,5065,1651
9027,9818,1238,8496,3885,2894
9027,9818,1238,4929,8418,4431
9027,9818,1238,2733,2458,5668
9027,9818,1238,5812,4669,8336
9027,9818,1238,602,3422,7159
9027,9818,1238,4822,1339,1833
9027,9818,1238,4358,8646,7463
9027,9818,1238,712,8552,1988
9027,9818,1238,4989,5890,6672
9027,9818,1238,6605,8458,8742
9027,9818,1238,427,7429,5804
9027,9818,1238,4712,5276,6446
9027,9818,1238,3503,8294,3728
9027,9818,1238,4009,7938,7672
9027,9818,1238,8216,4137,8255
9027,9818,1238,9324,8455,9199
9027,9818,1238,5873,4175,3598
9027,9818,1238,4427,743,4568
9027,9818,1238,4437,6996,5104
9027,9818,1238,7538,1847,2240
9027,9818,1238,6512,5049,5270
9027,9818,1238,818,7565,6142
9027,9818,1238,583,1218,5525
9027,9818,1238,4031,5826,6433
9027,9818,1238,4949,6593,19
9027,9818,1238,4396,1622,9928
9027,9818,1238,1307,7038,6416
9027,9818,1238,2327,8178,6605
9027,9818,1238,3820,8728,9622
9027,9818,1238,8046,2188,9622
9027,9818,1238,3874,7640,8073
9027,9818,1238,7460,8793,8688
9027,9818,1238,7767,5904,1741
9027,9818,1238,7982,8421,7584
9027,9818,1238,5072,7835,3315
9027,9818,1238,6212,7404,4126
9027,9818,1238,7265,9221,5984
9027,9818,1238,3980,1024,7482
9027,9818,1238,1600,2903,3215
9027,9818,1238,7967,3059,49
9027,9818,1238,7057,5480,8936
9027,9818,1238,8197,9393,5374
9027,9818,1238,3603,2863,9328
9027,9818,1238,6281,3326,9459
9027,9818,1238,6092,1186,2161
9027,9818,1238,5183,6129,2630
9027,9818,1238,9698,4411,520
9027,9818,1238,5830,3516,6215
9027,9818,1238,2397,8718,1447
9027,9818,1238,2899,7116,2998
9027,9818,1238,7448,68,9287
9027,9818,1238,500,4773,1394
9027,9818,1238,1033,2243,4523
9027,9818,1238,5164,3590,7562
9027,9818,1238,8517,9022,8065
9027,9818,1238,8518,5807,3677
9027,9818,1238,696,4965,8517
9027,9818,1238,6629,9747,1877
9027,9818,1238,7321,9245,9364
9027,9818,1238,4033,2208,5028
9027,9818,1238,1405,4895,7878
9027,9818,1238,4569,4977,2691
9027,9818,1238,1758,8769,8914
9027,9818,1238,5554,3642,8222
9027,9818,1238,5244,3110,9797
9027,9818,1238,7445,9254,2404
