249,7896,8351,3180,2790,3529
249,7896,8351,5953,6603,5571
249,7896,8351,9980,8138,261
249,7896,8351,9989,6720,7915
249,7896,8351,5435,200,1355
249,7896,8351,5190,181,8284
249,7896,8351,9953,4432,4098
249,7896,8351,8954,626,4053
249,7896,8351,1894,7337,4865
249,7896,8351,2065,8101,8472
249,7896,8351,1234,5114,981
249,7896,8351,5440,6782,3121
249,7896,8351,2325,141,4748
249,7896,8351,8783,4102,6297
249,7896,8351,8440,9804,9057
249,7896,8351,3052,9865,7382
249,7896,8351,2198,6532,998
249,7896,8351,5580,1685,179
249,7896,8351,8038,8135,3520
249,7896,8351,4880,7793,6179
249,7896,8351,6175,9138,5331
249,7896,8351,6204,318,5533
249,7896,8351,3667,4283,1527
249,7896,8351,7281,2070,2878
249,7896,8351,2815,8645,6204
249,7896,8351,3121,8000,6521
249,7896,8351,5349,8770,3826
249,7896,8351,636,7856,459
249,7896,8351,5437,9909,5521
249,7896,8351,759,322,5493
249,7896,8351,1947,1783,2943
249,7896,8351,3456,8688,6085
249,7896,8351,9808,9776,4815
249,7896,8351,4801,5393,9941
249,7896,8351,1908,8969,6765
249,7896,8351,2390,8960,2724
249,7896,8351,2183,986,9922
249,7896,8351,3393,8145,9997
249,7896,8351,6592,1286,5628
249,7896,8351,1391,3107,5899
249,7896,8351,4425,1534,9995
249,7896,8351,3095,9972,3926
249,7896,8351,425,4984,8499
249,7896,8351,8252,6298,4370
249,7896,8351,6738,4892,8898
249,7896,8351,6107,6017,3227
249,7896,8351,6371,5980,4096
249,7896,8351,2261,4562,4261
249,7896,8351,5805,6215,9742
249,7896,8351,7879,1342,7292
249,7896,8351,298,1501,7379
249,7896,8351,8615,7768,1509
249,7896,8351,7151,2781,9511
249,7896,8351,6665,2553,8694
249,7896,8351,4393,8976,9218
249,7896,8351,8390,324,657
249,7896,8351,9734,7181,6593
249,7896,8351,3659,5787,3741
249,7896,8351,4872,4333,3444
249,7896,8351,3558,6806,9206
249,7896,8351,9845,2932,2214
249,7896,8351,4808,676,1771
249,7896,8351,252,1916,5717
249,7896,8351,8497,1946,8058
249,7896,8351,8178,4998,3815
249,7896,8351,7697,3963,8077
249,7896,8351,8628,1199,3811
249,7896,8351,5913,1379,1377
249,7896,8351,8532,1270,6298
249,7896,8351,5287,2341,9819
249,7896,8351,5750,5444,1905
249,7896,8351,3317,2299,6818
249,7896,8351,2804,2819,2720
249,7896,8351,4341,2735,4663
249,7896,8351,4940,2827,7208
249,7896,8351,4432,7713,3736
249,7896,8351,3722,2357,7676
249,7896,8351,7635,723,1775
249,7896,8351,6317,2492,6594
249,7896,8351,47,1110,3417
249,7896,8351,9906,8781,1039
249,7896,8351,1986,563,3764
249,7896,8351,8784,5449,2217
249,7896,8351,9290,3624,9954
249,7896,8351,9662,1108,1639
249,7896,8351,6859,2975,2907
249,7896,8351,6820,7078,4429
249,7896,8351,3069,5438,551
249,7896,8351,3011,3281,8392
249,7896,8351,161,7973,4251
249,7896,8351,7790,5781,3857
249,7896,8351,5243,9140,6123
249,7896,8351,8285,9697,3398
249,7896,8351,2,9310,7776
249,7896,8351,2657,5927,4826
249,7896,8351,3860,5295,3666
249,7896,8351,1277,5412,4379
249,7896,8351,1356,8084,4539
249,7896,8351,9942,181,8977
249,7896,8351,7382,9469,9005
249,7896,8351,4930,4885,5699
249,7896,8351,5339,7882,3018
249,7896,8351,7317,8118,6201
249,7896,8351,5743,2754,8635
249,7896,8351,1855,5346,5968
249,7896,8351,6536,9685,877
249,7896,8351,3993,9265,541
249,7896,8351,4216,7291,4518
249,7896,8351,7887,9175,4554
249,7896,8351,5908,7700,6477
249,7896,8351,3372,3472,6893
249,7896,8351,4155,10000,5551
249,7896,8351,4279,5483,2069
249,7896,8351,3586,4186,9674
249,7896,8351,5505,1740,4051
249,7896,8351,6727,4362,7708
249,7896,8351,4691,6624,5599
249,7896,8351,9120,6806,1464
249,7896,8351,5192,4771,9579
249,7896,8351,8075,7647,7240
249,7896,8351,4901,857,1536
249,7896,8351,6894,4518,8873
249,7896,8351,786,8291,2981
249,7896,8351,2053,7615,3797
249,7896,8351,4087,2111,7285
249,7896,8351,8351,5502,1710
249,7896,8351,2207,2419,3542
249,7896,8351,4572,328,2697
249,7896,8351,1721,8444,3294
249,7896,8351,3854,8559,3073
249,7896,8351,5099,3459,6253
249,7896,8351,8620,7936,8613
249,7896,8351,9361,3897,2166
249,7896,8351,4442,2682,4267
249,7896,8351,4007,3754,7037
249,7896,8351,3257,3869,590
249,7896,8351,8419,2657,7955
249,7896,8351,8178,1059,706
249,7896,8351,4610,8435,4777
249,7896,8351,4639,6702,9911
249,7896,8351,465,3501,1498
249,7896,8351,9057,168,6121
249,7896,8351,9643,7183,4409
249,7896,8351,3533,8003,4588
249,7896,8351,9698,4266,5029
249,7896,8351,9567,8233,5662
249,7896,8351,4560,1154,2591
249,7896,8351,2210,4265,9953
249,7896,8351,5428,7402,1200
249,7896,8351,1205,9126,5630
249,7896,8351,7396,3074,8914
249,7896,8351,3313,4197,6469
249,7896,8351,6966,507,691
249,7896,8351,7053,7288,3758
249,7896,8351,2219,212,7852
249,7896,8351,6402,7363,8985
249,7896,8351,2852,485,1353
249,7896,8351,1000,8294,324
249,7896,8351,2224,8429,5147
249,7896,8351,5852,594,4510
249,7896,8351,6751,4288,5935
249,7896,8351,8795,4534,7537
249,7896,8351,9567,1658,5342
249,7896,8351,8474,7249,6996
249,7896,8351,5400,7300,865
249,7896,8351,394,6893,8808
249,7896,8351,6804,5559,5906
249,7896,8351,5215,1559,2509
249,7896,8351,5092,2296,2700
249,7896,8351,2632,6520,7800
249,7896,8351,3585,8418,9674
249,7896,8351,1904,2596,342
249,7896,8351,2241,6634,2916
249,7896,8351,231,7385,5719
249,7896,8351,5021,2314,2368
249,7896,8351,1408,3635,3626
249,7896,8351,7910,8085,7122
249,7896,8351,3002,1863,8669
249,7896,8351,2968,8256,7215
249,7896,8351,415,3948,7873
249,7896,8351,5362,423,8059
249,7896,8351,8981,1574,6933
249,7896,8351,2928,8773,3050
249,7896,8351,5870,4137,3951
249,7896,8351,7667,6163,4722
249,7896,8351,3902,4264,2005
249,7896,8351,9026,6193,5899
249,7896,8351,4240,5960,8286
249,7896,8351,3102,4725,8163
249,7896,8351,640,3753,9369
249,7896,8351,3420,2672,4634
249,7896,8351,8068,186,4484
249,7896,8351,8701,2575,889
249,7896,8351,7249,5194,4757
249,7896,8351,1596,8078,4100
249,7896,8351,2941,7333,3515
249,7896,8351,7414,3767,308
249,7896,8351,3234,8260,9547
249,7896,8351,939,6306,8
249,7896,8351,4715,5681,4187
249,7896,8351,8940,8196,1992
249,7896,8351,1795,1401,7430
249,7896,8351,133,8859,3633
249,7896,8351,4444,4232,7636
249,7896,8351,1161,2874,9043
249,7896,8351,5578,9638,2396
249,7896,8351,5266,9150,5714
249,7896,8351,6587,6220,4498
249,7896,8351,9370,3319,8777
249,7896,8351,49,184,6374
249,7896,8351,8175,8411,5898
249,7896,8351,9252,1621,9631
249,7896,8351,7071,1457,3242
249,7896,8351,4860,9126,7846
249,7896,8351,6896,1747,1587
249,7896,8351,1935,248,4321
249,7896,8351,1141,3371,5770
249,7896,8351,2313,9519,2567
249,7896,8351,2182,328,1069
249,7896,8351,7384,8626,2039
249,7896,8351,9018,81,1727
249,7896,8351,2267,7230,8601
249,7896,8351,6487,2913,966
249,7896,8351,1303,3294,8243
249,7896,8351,5099,822,3147
249,7896,8351,9473,6141,5617
249,7896,8351,9613,4954,2616
249,7896,8351,9209,9949,5391
249,7896,8351,6483,8032,51
249,7896,8351,188,6006,2860
249,7896,8351,1965,4799,7205
249,7896,8351,9815,1098,3790
249,7896,8351,2599,6373,2964
249,7896,8351,5963,8262,9440
249,7896,8351,4765,8174,8936
249,7896,8351,2517,6278,1258
249,7896,8351,3719,5914,8345
249,7896,8351,4430,1000,7506
249,7896,8351,1852,8469,5852
249,7896,8351,671,1348,2495
249,7896,8351,6593,9791,4548
249,7896,8351,3693,5602,6473
249,7896,8351,7488,9933,3948
249,7896,8351,9633,8761,7701
249,7896,8351,9396,3779,4999
249,7896,8351,7258,3252,6989
249,7896,8351,132,8845,8260
249,7896,8351,1281,3373,8344
249,7896,8351,3093,9333,5647
249,7896,8351,7616,7434,1706
249,7896,8351,7932,3755,7111
249,7896,8351,7298,2455,9845
249,7896,8351,9696,813,3015
249,7896,8351,2962,3383,93
249,7896,8351,4129,896,5704
249,7896,8351,3243,6175,1633
249,7896,8351,3736,9409,7353
249,7896,8351,8986,6316,1309
249,7896,8351,3994,1362,6115
249,7896,8351,8079,2563,6937
249,7896,8351,2368,3182,6450
249,7896,8351,3321,356,4137
249,7896,8351,1574,4363,605
249,7896,8351,6329,6650,3540
249,7896,8351,5468,9466,2526
249,7896,8351,5642,4373,4051
249,7896,8351,7473,2542,7980
249,7896,8351,8501,6131,1108
249,7896,8351,6725,5627,153
249,7896,8351,6968,8324,9128
249,7896,8351,3749,2096,1023
249,7896,8351,4601,9949,9618
249,7896,8351,9294,1935,5498
249,7896,8351,3726,6000,7109
249,7896,8351,8215,1723,2181
249,7896,8351,9638,8453,8292
249,7896,8351,3143,4503,2716
249,7896,8351,5809,4092,9202
249,7896,8351,8289,2563,7709
249,7896,8351,8266,4959,6957
249,7896,8351,2191,1317,7527
249,7896,8351,2199,6215,373
249,7896,8351,1086,113,2465
249,7896,8351,4511,7933,4308
249,7896,8351,4809,8389,314
249,7896,8351,8675,912,6467
249,7896,8351,6115,5708,7571
249,7896,8351,8039,6566,9566
249,7896,8351,7077,8331,2049
249,7896,8351,7521,5009,3795
249,7896,8351,2636,4564,7336
249,7896,8351,8155,9025,3944
249,7896,8351,2183,4436,8196
249,7896,8351,2470,9802,9884
249,7896,8351,3520,9150,3209
249,7896,8351,2589,3742,7656
249,7896,8351,6491,278,2024
249,7896,8351,3894,4506,3423
249,7896,8351,1074,3118,8219
249,7896,8351,1554,4262,8067
249,7896,8351,4996,5689,2288
249,7896,8351,3808,918,9732
249,7896,8351,8803,5504,7821
249,7896,8351,21,515,4836
249,7896,8351,4641,1594,7779
249,7896,8351,9267,1179,5083
249,7896,8351,10,4957,6258
249,7896,8351,3202,5970,5460
249,7896,8351,581,9474,9715
249,7896,8351,9740,9290,4439
249,7896,8351,3014,22,9098
249,7896,8351,6468,9843,9242
249,7896,8351,6424,873,8186
249,7896,8351,1591,2408,894
249,7896,8351,862,55,6927
249,7896,8351,6245,846,6400
249,7896,8351,8955,7619,7363
249,7896,8351,5989,6715,9199
249,7896,8351,2700,6579,5846
249,7896,8351,3881,408,6001
249,7896,8351,4868,2650,4791
249,7896,8351,8806,763,7897
249,7896,8351,1189,5436,983
249,7896,8351,1353,352,7973
249,7896,8351,6692,6961,3155
249,7896,8351,4129,7232,60
249,7896,8351,2512,6796,5420
249,7896,8351,5789,6864,9739
249,7896,8351,2433,8472,891
249,7896,8351,8752,9944,7154
249,7896,8351,3863,2878,7320
249,7896,8351,3778,156,3252
249,7896,8351,8354,4056,9992
249,7896,8351,5508,8929,2052
249,7896,8351,3514,3124,9701
249,7896,8351,5658,9257,6419
249,7896,8351,6559,4119,1329
249,7896,8351,734,2880,8751
249,7896,8351,2250,4860,5174
249,7896,8351,4274,2824,4378
249,7896,8351,6979,8212,8750
249,7896,8351,4467,8030,5373
249,7896,8351,5065,4875,5950
249,7896,8351,7700,5887,9380
249,7896,8351,8484,233,1227
249,7896,8351,3383,2272,3108
249,7896,8351,4191,3334,2075
249,7896,8351,7519,4728,1211
249,7896,8351,3760,4082,5552
249,7896,8351,6288,5254,5777
249,7896,8351,4593,372,5083
249,7896,8351,1571,8961,3082
249,7896,8351,3157,4317,5008
249,7896,8351,4580,4700,6242
249,7896,8351,4915,9212,6566
249,7896,8351,2637,2348,6595
249,7896,8351,352,1343,7440
249,7896,8351,7775,285,2165
249,7896,8351,2135,9176,6138
249,7896,8351,277,6176,9169
249,7896,8351,5589,4102,2698
249,7896,8351,9109,4658,7847
249,7896,8351,4175,8439,2407
249,7896,8351,4554,6951,9642
249,7896,8351,2094,2118,6030
249,7896,8351,2913,9168,4449
249,7896,8351,4885,2497,2043
249,7896,8351,8244,5851,4507
249,7896,8351,5839,2841,9384
249,7896,8351,6827,7678,8984
249,7896,8351,2535,4104,3368
249,7896,8351,5503,5492,9287
249,7896,8351,252,2017,1428
249,7896,8351,9981,6635,2143
249,7896,8351,3305,6263,393
249,7896,8351,1698,4143,8636
249,7896,8351,4452,7457,8409
249,7896,8351,8364,7673,7365
249,7896,8351,3707,218,3175
249,7896,8351,1547,9074,8844
249,7896,8351,7318,2722,8211
249,7896,8351,2452,7638,2322
249,7896,8351,7765,6857,8663
249,7896,8351,6092,7826,4370
249,7896,8351,3374,4845,2336
249,7896,8351,6998,3278,9641
249,7896,8351,6017,4909,3303
249,7896,8351,2426,4677,4620
249,7896,8351,9004,5574,6561
249,7896,8351,4899,866,6337
249,7896,8351,7901,8145,7514
249,7896,8351,980,9868,3723
249,7896,8351,5894,4321,8038
249,7896,8351,9896,4483,6597
249,7896,8351,2113,8283,6297
249,7896,8351,9322,2764,7787
249,7896,8351,3821,728,2696
249,7896,8351,3902,8264,3398
249,7896,8351,352,7879,4990
249,7896,8351,879,4684,4664
249,7896,8351,9573,9032,9160
249,7896,8351,2812,2085,2081
249,7896,8351,8056,5199,3053
249,7896,8351,5637,7618,9226
249,7896,8351,4828,1855,1699
249,7896,8351,2046,3670,7190
249,7896,8351,1835,5833,6066
249,7896,8351,6076,5861,2783
249,7896,8351,5622,7287,5475
249,7896,8351,6389,2067,211
249,7896,8351,3514,4826,2984
249,7896,8351,3614,2712,3242
249,7896,8351,5977,9892,8968
249,7896,8351,408,8354,8587
249,7896,8351,3727,9744,2586
249,7896,8351,555,7454,5350
249,7896,8351,6727,6527,8105
249,7896,8351,6795,9294,5425
249,7896,8351,3953,4680,9119
249,7896,8351,1578,9719,8313
249,7896,8351,6679,4959,1267
249,7896,8351,5487,5338,4078
249,7896,8351,3932,5057,8973
249,7896,8351,6309,2605,2268
249,7896,8351,4638,141,7642
249,7896,8351,3970,1284,5802
249,7896,8351,6125,8903,7819
249,7896,8351,3311,5032,1744
249,7896,8351,2378,1965,1445
249,7896,8351,6658,5723,2233
249,7896,8351,1166,3478,2326
249,7896,8351,274,605,9532
249,7896,8351,2200,216,3372
249,7896,8351,4108,8374,2118
249,7896,8351,1334,187,1242
249,7896,8351,8208,9053,917
249,7896,8351,651,6146,9737
249,7896,8351,3051,6330,3997
249,7896,8351,7612,6967,8667
249,7896,8351,6472,820,6214
249,7896,8351,7350,7525,8260
249,7896,8351,7968,2102,6150
249,7896,8351,8258,9920,1346
249,7896,8351,5321,788,2935
249,7896,8351,4551,2254,4340
249,7896,8351,8898,6828,9492
249,7896,8351,7884,9329,7024
249,7896,8351,4237,9865,3437
249,7896,8351,5442,7729,9046
249,7896,8351,7843,5268,1522
249,7896,8351,1224,478,320
249,7896,8351,6112,5349,1397
249,7896,8351,5748,3354,1145
249,7896,8351,438,9573,4262
249,7896,8351,2336,7438,4097
249,7896,8351,4042,5416,6631
249,7896,8351,1502,981,973
249,7896,8351,1923,135,2184
249,7896,8351,4877,4396,4512
249,7896,8351,1075,3685,5571
249,7896,8351,991,2082,1983
249,7896,8351,1489,7538,1335
249,7896,8351,6025,5369,8942
249,7896,8351,7106,6925,7924
249,7896,8351,6947,7511,763
249,7896,8351,3354,447,9841
249,7896,8351,4506,8265,3483
249,7896,8351,6769,8361,4805
249,7896,8351,7991,8345,6361
249,7896,8351,760,139,4545
249,7896,8351,3240,131,1644
249,7896,8351,1268,7409,2006
249,7896,8351,9189,1899,3283
249,7896,8351,583,4974,7476
249,7896,8351,5652,3627,6694
249,7896,8351,1221,3366,7555
249,7896,8351,2112,5900,2861
249,7896,8351,5951,9079,4442
249,7896,8351,409,7079,8112
249,7896,8351,1610,2827,6331
249,7896,8351,6083,3782,1715
249,7896,8351,6090,9672,8473
249,7896,8351,1852,7404,2136
249,7896,8351,4479,4236,7289
249,7896,8351,512,7531,8019
249,7896,8351,9280,5765,5698
249,7896,8351,7563,7265,6215
249,7896,8351,2389,9211,3043
249,7896,8351,6432,3588,4257
249,7896,8351,7804,3642,3897
249,7896,8351,6139,8307,6182
249,7896,8351,9316,3321,6010
249,7896,8351,4669,2356,8207
249,7896,8351,1629,2944,1327
249,7896,8351,1368,4104,8643
249,7896,8351,7413,6865,3391
249,7896,8351,1327,5335,6088
249,7896,8351,7067,8272,1796
249,7896,8351,6610,409,407
249,7896,8351,5738,3249,1768
249,7896,8351,136,4426,7365
249,7896,8351,829,8576,3135
249,7896,8351,7247,3182,2264
249,7896,8351,1893,8034,6793
249,7896,8351,7726,6575,3230
249,7896,8351,7223,5718,2347
249,7896,8351,8792,7920,4413
249,7896,8351,159,5489,2739
249,7896,8351,805,5256,8138
249,7896,8351,4969,963,8868
