249,7896,8351,5877,4632,2745
249,7896,8351,4538,904,5751
249,7896,8351,8728,2192,9724
249,7896,8351,1626,2,2313
249,7896,8351,8492,799,8681
249,7896,8351,7447,8997,6842
249,7896,8351,6836,5012,8949
249,7896,8351,1837,7552,8904
249,7896,8351,9454,7382,7069
249,7896,8351,6074,5589,236
249,7896,8351,5336,936,6543
249,7896,8351,1834,5032,9817
249,7896,8351,536,6681,5772
249,7896,8351,4456,1769,5349
249,7896,8351,6655,5892,7576
249,7896,8351,9353,7468,7663
249,7896,8351,6467,5599,4266
249,7896,8351,6096,2136,4604
249,7896,8351,4266,8984,6333
249,7896,8351,7936,1731,70
249,7896,8351,694,9853,1002
249,7896,8351,4552,8829,7951
249,7896,8351,2425,4408,4452
249,7896,8351,4911,7535,7727
249,7896,8351,6726,1363,2367
249,7896,8351,995,2499,4471
249,7896,8351,6798,1178,4523
249,7896,8351,2273,1214,940
249,7896,8351,8730,3211,4711
249,7896,8351,6656,3988,1361
249,7896,8351,9183,3256,6870
249,7896,8351,4105,956,4173
249,7896,8351,813,3793,8609
249,7896,8351,4784,1457,6082
249,7896,8351,8054,4900,9293
249,7896,8351,8914,5960,4433
249,7896,8351,59,1513,1910
249,7896,8351,9829,5838,4543
249,7896,8351,4454,716,9573
249,7896,8351,1986,1031,4192
249,7896,8351,6097,4657,490
249,7896,8351,4938,4520,7044
249,7896,8351,6669,9952,534
249,7896,8351,6242,8553,7967
249,7896,8351,4225,9496,1743
249,7896,8351,7119,65,4558
249,7896,8351,1991,1127,7623
249,7896,8351,5670,1654,545
249,7896,8351,3244,4518,3306
249,7896,8351,9385,4563,2877
249,7896,8351,9895,6107,1858
249,7896,8351,5608,6457,1470
249,7896,8351,6000,365,9018
249,7896,8351,8779,9411,1308
249,7896,8351,6060,9397,239
249,7896,8351,350,9918,1333
249,7896,8351,9053,6199,1164
249,7896,8351,5226,0,6054
249,7896,8351,167,4964,9812
249,7896,8351,14,8771,5892
249,7896,8351,2097,4027,2404
249,7896,8351,1231,9715,5442
249,7896,8351,3301,8169,235
249,7896,8351,1542,2461,7595
249,7896,8351,3429,2825,2156
249,7896,8351,1034,5261,6519
249,7896,8351,7675,6863,9722
249,7896,8351,7314,38,5754
249,7896,8351,6246,3744,4955
249,7896,8351,1529,686,7109
249,7896,8351,2092,3560,9642
249,7896,8351,8750,7517,5624
249,7896,8351,3737,5125,1644
249,7896,8351,9474,4782,4197
249,7896,8351,4702,2635,6256
249,7896,8351,1209,5553,4456
249,7896,8351,7323,8623,1812
249,7896,8351,2980,5914,8522
249,7896,8351,208,4504,3294
249,7896,8351,7712,6111,9408
249,7896,8351,9474,3735,194
249,7896,8351,4127,9329,8564
249,7896,8351,3200,5095,4120
249,7896,8351,3258,5717,3172
249,7896,8351,9499,7627,6090
249,7896,8351,9058,1979,5690
249,7896,8351,2876,6331,4834
249,7896,8351,6516,5857,5001
249,7896,8351,4967,4744,1405
249,7896,8351,2768,5988,3324
249,7896,8351,9774,3824,9626
249,7896,8351,9153,258,5739
249,7896,8351,2224,2316,7063
249,7896,8351,6131,9268,2202
249,7896,8351,9114,2874,1698
249,7896,8351,3478,3737,5721
249,7896,8351,358,7697,9600
249,7896,8351,8902,6575,728
249,7896,8351,3975,16,2623
249,7896,8351,8912,8665,6291
249,7896,8351,9341,7669,2728
249,7896,8351,9674,7129,9082
249,7896,8351,6841,3148,1150
249,7896,8351,3388,2282,7801
249,7896,8351,5506,4445,9398
249,7896,8351,8073,1832,4514
249,7896,8351,473,341,331
249,7896,8351,4762,7506,399
249,7896,8351,8246,1110,4948
249,7896,8351,3303,7393,6371
249,7896,8351,2047,3088,6405
249,7896,8351,8804,4485,6852
249,7896,8351,4961,1800,603
249,7896,8351,1866,809,2188
249,7896,8351,9481,3131,7022
249,7896,8351,3962,8463,3238
249,7896,8351,7698,816,4486
249,7896,8351,3826,5747,1762
249,7896,8351,8541,7510,3864
249,7896,8351,3665,9908,8968
249,7896,8351,1300,5047,1512
249,7896,8351,9486,1607,1258
249,7896,8351,3735,9250,5327
249,7896,8351,490,2518,1286
249,7896,8351,3509,3513,2027
249,7896,8351,9031,5881,1343
249,7896,8351,3908,5882,9974
249,7896,8351,242,5673,8803
249,7896,8351,4243,3756,5187
249,7896,8351,7483,3997,2719
249,7896,8351,2313,4514,1164
249,7896,8351,6307,2464,3916
249,7896,8351,8319,4967,7178
249,7896,8351,9783,2577,582
249,7896,8351,4286,671,5155
249,7896,8351,1048,525,3804
249,7896,8351,7659,4698,476
249,7896,8351,5795,590,1716
249,7896,8351,7277,3801,1587
249,7896,8351,4589,4791,3378
249,7896,8351,998,5312,1391
249,7896,8351,1805,7058,6973
249,7896,8351,6172,6204,8953
249,7896,8351,5836,3225,8304
249,7896,8351,2043,7936,4528
249,7896,8351,6286,7118,5952
249,7896,8351,9357,2923,9310
249,7896,8351,7856,7119,2976
249,7896,8351,9492,5218,7769
249,7896,8351,5945,6720,9743
249,7896,8351,8253,3850,8643
249,7896,8351,9039,257,2226
249,7896,8351,5109,958,4094
249,7896,8351,3820,4686,4853
249,7896,8351,6210,5249,1127
249,7896,8351,4191,9533,298
249,7896,8351,4839,9052,9461
249,7896,8351,9169,5104,3272
249,7896,8351,597,3000,2849
249,7896,8351,8914,3112,655
249,7896,8351,9020,9561,2944
249,7896,8351,6561,123,8607
249,7896,8351,9668,122,3958
249,7896,8351,7735,5209,87
249,7896,8351,6339,6179,5765
249,7896,8351,2780,2293,795
249,7896,8351,7898,4075,3403
249,7896,8351,6046,3975,1008
249,7896,8351,5874,8696,6071
249,7896,8351,8042,7515,4081
249,7896,8351,6330,7438,1960
249,7896,8351,7009,800,6425
249,7896,8351,6139,4753,2137
249,7896,8351,7195,5272,2585
249,7896,8351,3728,8294,5464
249,7896,8351,4559,5833,4898
249,7896,8351,3987,2352,818
249,7896,8351,1084,4738,2003
249,7896,8351,4696,2119,1726
249,7896,8351,9912,3945,3472
249,7896,8351,3697,2846,692
249,7896,8351,7267,7900,6601
249,7896,8351,8470,1012,6439
249,7896,8351,8638,7076,7618
249,7896,8351,642,9081,5199
249,7896,8351,1264,3849,9276
249,7896,8351,791,726,4248
249,7896,8351,4338,7343,952
249,7896,8351,7672,3180,7096
249,7896,8351,3461,6981,2641
249,7896,8351,6145,9329,5733
249,7896,8351,6957,5595,8218
249,7896,8351,2218,3541,473
249,7896,8351,3731,2839,5085
249,7896,8351,6292,4908,1180
249,7896,8351,5786,3292,3329
249,7896,8351,3235,2320,8768
249,7896,8351,5413,2258,3376
249,7896,8351,3116,5288,8044
249,7896,8351,8139,9110,810
249,7896,8351,7501,2677,805
249,7896,8351,11,3823,1524
249,7896,8351,8513,4858,3488
249,7896,8351,2956,4441,5527
249,7896,8351,1373,8047,8366
249,7896,8351,8723,9961,5192
249,7896,8351,366,4509,6178
249,7896,8351,1729,5016,9086
249,7896,8351,1784,9425,3805
249,7896,8351,1134,7067,8335
249,7896,8351,8756,818,2701
249,7896,8351,856,8551,2663
249,7896,8351,5738,93,1797
249,7896,8351,3726,7289,2579
249,7896,8351,7181,6530,2383
249,7896,8351,9527,1222,6359
249,7896,8351,7462,3356,6562
249,7896,8351,4645,2240,2382
249,7896,8351,4135,688,1189
249,7896,8351,3263,9061,4325
249,7896,8351,5133,6153,1226
249,7896,8351,3311,2883,3033
249,7896,8351,3949,2705,7322
249,7896,8351,8705,2026,1488
249,7896,8351,6860,3365,2541
249,7896,8351,7297,7601,6130
249,7896,8351,6808,4469,8771
249,7896,8351,9607,5906,8960
249,7896,8351,8557,2246,2067
249,7896,8351,2327,6425,7768
249,7896,8351,7640,165,1722
249,7896,8351,6419,2065,4291
249,7896,8351,6939,4602,1799
249,7896,8351,2080,9730,9417
249,7896,8351,4487,7025,7981
249,7896,8351,5717,9331,6759
249,7896,8351,7311,3373,9374
249,7896,8351,2240,2411,9394
249,7896,8351,7717,6800,9544
249,7896,8351,9331,9091,6621
249,7896,8351,1952,6632,1978
249,7896,8351,797,7510,3210
249,7896,8351,9318,6530,6751
249,7896,8351,7857,5346,1703
249,7896,8351,9788,8218,4520
249,7896,8351,4830,7932,6090
249,7896,8351,4243,6239,3441
249,7896,8351,3312,8593,8820
249,7896,8351,8790,169,5009
249,7896,8351,9367,5017,2712
249,7896,8351,5041,1539,6513
249,7896,8351,9329,6089,3401
249,7896,8351,9339,437,2549
249,7896,8351,5184,3832,8804
249,7896,8351,2572,932,4918
249,7896,8351,3470,9402,8022
249,7896,8351,8990,9998,9174
249,7896,8351,3705,5171,1302
249,7896,8351,5701,331,2703
249,7896,8351,9618,1443,6591
249,7896,8351,2053,6715,926
249,7896,8351,2351,7126,4598
249,7896,8351,9668,1273,3585
249,7896,8351,7431,8407,2089
249,7896,8351,7260,7306,3339
249,7896,8351,173,9037,4442
249,7896,8351,5212,5117,9242
249,7896,8351,2153,4908,6248
249,7896,8351,5575,7942,4768
249,7896,8351,2224,859,7980
249,7896,8351,8801,9189,3098
249,7896,8351,4853,9526,2919
249,7896,8351,9005,5569,6611
249,7896,8351,9559,4034,5055
249,7896,8351,2536,2906,4932
249,7896,8351,3440,9207,3742
249,7896,8351,4086,5748,1797
249,7896,8351,8280,7916,4392
249,7896,8351,6740,1718,9998
249,7896,8351,2299,6989,7677
249,7896,8351,7784,5694,2709
249,7896,8351,5836,6460,3393
249,7896,8351,6698,7360,1254
249,7896,8351,169,1889,4931
249,7896,8351,3554,5756,5303
249,7896,8351,6191,1804,8849
249,7896,8351,3816,2619,2263
249,7896,8351,4335,4874,8862
249,7896,8351,8048,3670,7561
249,7896,8351,3980,3300,7384
249,7896,8351,4420,4865,2412
249,7896,8351,3552,3508,4150
249,7896,8351,2252,5769,1687
249,7896,8351,1323,943,9936
249,7896,8351,5289,9351,1063
249,7896,8351,7377,1720,7765
249,7896,8351,5760,5884,1631
249,7896,8351,7458,4453,1013
249,7896,8351,2989,1182,1505
249,7896,8351,282,5315,9771
249,7896,8351,9639,5534,7033
249,7896,8351,6759,7680,5417
249,7896,8351,9959,4633,3959
249,7896,8351,5529,5178,116
249,7896,8351,4026,9503,6451
249,7896,8351,1879,2875,6581
249,7896,8351,3305,5632,6938
249,7896,8351,2036,770,6897
249,7896,8351,5539,1284,1629
249,7896,8351,5472,7810,5098
249,7896,8351,1159,1336,308
249,7896,8351,4961,3225,68
249,7896,8351,7274,230,3495
249,7896,8351,4109,4088,4741
249,7896,8351,5763,2137,4640
249,7896,8351,1258,5990,5362
249,7896,8351,5526,8208,333
249,7896,8351,204,8512,2145
249,7896,8351,7152,5319,9457
249,7896,8351,5329,6780,410
249,7896,8351,3456,4555,4159
249,7896,8351,9311,3847,7297
249,7896,8351,6109,6441,8613
249,7896,8351,4723,3953,757
249,7896,8351,2489,6327,7705
249,7896,8351,9929,8816,3917
249,7896,8351,2233,868,815
249,7896,8351,4234,5223,5364
249,7896,8351,4947,9147,1930
249,7896,8351,6710,5430,3758
249,7896,8351,7510,7293,6899
249,7896,8351,3877,6675,6255
249,7896,8351,4483,1977,7857
249,7896,8351,6319,6516,5894
249,7896,8351,8573,8920,6322
249,7896,8351,9701,4154,370
249,7896,8351,5761,854,1865
249,7896,8351,1904,1545,1905
249,7896,8351,8479,3458,4161
249,7896,8351,6122,4562,1491
249,7896,8351,6399,3606,1534
249,7896,8351,1043,2957,6699
249,7896,8351,5212,7996,6078
249,7896,8351,4869,1691,448
249,7896,8351,3107,5866,4346
249,7896,8351,5221,4837,4644
249,7896,8351,6760,1122,5722
249,7896,8351,4531,6211,698
249,7896,8351,259,6077,9011
249,7896,8351,8977,2555,6585
249,7896,8351,5936,2688,2953
249,7896,8351,2539,4400,6378
249,7896,8351,7777,3976,7656
249,7896,8351,3183,5215,4809
249,7896,8351,4388,8664,1637
249,7896,8351,4059,1490,5835
249,7896,8351,1793,4176,9667
249,7896,8351,3746,2970,8225
249,7896,8351,7889,1806,3283
249,7896,8351,9648,528,7244
249,7896,8351,708,694,5756
249,7896,8351,5079,3765,3008
249,7896,8351,2440,7887,5873
249,7896,8351,6366,4580,7692
249,7896,8351,349,1152,3172
249,7896,8351,9541,5466,6050
249,7896,8351,3778,451,6415
249,7896,8351,9184,3430,5830
249,7896,8351,6731,1978,3388
249,7896,8351,9160,4242,4677
249,7896,8351,3097,8555,8717
249,7896,8351,3217,1355,9345
249,7896,8351,2897,4911,2889
249,7896,8351,5746,1540,3151
249,7896,8351,7247,1564,900
249,7896,8351,2465,3929,7346
249,7896,8351,4194,7892,1872
249,7896,8351,3073,1483,9309
249,7896,8351,4392,2732,2637
249,7896,8351,6940,2503,1515
249,7896,8351,7491,9433,6757
249,7896,8351,9482,9737,363
249,7896,8351,769,5694,90
249,7896,8351,2514,8833,4567
249,7896,8351,986,2768,1545
249,7896,8351,7267,9951,2997
249,7896,8351,4094,8760,6335
249,7896,8351,1136,4883,4914
249,7896,8351,3219,2651,7213
249,7896,8351,7242,6732,105
249,7896,8351,2597,6741,4534
249,7896,8351,5050,4320,3939
249,7896,8351,8860,2992,2635
249,7896,8351,7088,4683,6358
249,7896,8351,237,1404,189
249,7896,8351,3116,8904,2933
249,7896,8351,9636,1373,3328
249,7896,8351,7983,3441,4690
249,7896,8351,7086,5205,149
249,7896,8351,9571,1789,9167
249,7896,8351,9699,4795,4335
249,7896,8351,9109,6546,3803
249,7896,8351,5441,6321,9121
249,7896,8351,1118,4942,1931
249,7896,8351,7903,7552,9832
249,7896,8351,4159,7798,6701
249,7896,8351,7755,6926,4158
249,7896,8351,1377,5642,7302
249,7896,8351,9403,4138,9631
249,7896,8351,1146,9755,7170
249,7896,8351,3327,9004,1777
249,7896,8351,6625,886,6501
249,7896,8351,5869,6694,4186
249,7896,8351,5967,6064,6666
249,7896,8351,9259,5005,6932
249,7896,8351,2445,447,7278
249,7896,8351,4550,175,6785
249,7896,8351,2780,7939,8485
249,7896,8351,4980,2502,8263
249,7896,8351,8679,4954,9807
249,7896,8351,5958,8164,3559
249,7896,8351,6439,2226,1994
249,7896,8351,7505,2781,66
249,7896,8351,1865,1107,9683
249,7896,8351,7287,2137,3012
249,7896,8351,7075,283,1855
249,7896,8351,739,3527,5072
249,7896,8351,1947,686,1145
249,7896,8351,4637,7412,1973
249,7896,8351,3754,2585,7993
249,7896,8351,798,4842,1453
249,7896,8351,1524,1592,6169
249,7896,8351,8093,3430,4867
249,7896,8351,9007,7123,3129
249,7896,8351,192,2346,6234
249,7896,8351,4275,8319,4894
249,7896,8351,9556,1741,3452
249,7896,8351,8167,6693,3098
249,7896,8351,8482,3188,3459
249,7896,8351,5123,6595,4861
249,7896,8351,1434,8866,4771
249,7896,8351,4081,1664,3963
249,7896,8351,506,1494,4590
249,7896,8351,7935,1433,6556
249,7896,8351,3484,2839,1096
249,7896,8351,1752,6064,2280
249,7896,8351,3982,5279,9269
249,7896,8351,882,6373,5182
249,7896,8351,2015,7454,1902
249,7896,8351,2076,4467,527
249,7896,8351,7378,6905,5656
249,7896,8351,9594,9299,3026
249,7896,8351,1377,4570,4670
249,7896,8351,6899,178,6312
249,7896,8351,637,5582,5112
249,7896,8351,9475,4387,3206
249,7896,8351,8348,236,2454
249,7896,8351,8503,8466,4321
249,7896,8351,9363,1296,3103
249,7896,8351,3892,6635,7000
249,7896,8351,603,2099,2226
249,7896,8351,4284,8173,7377
249,7896,8351,9866,4886,7625
249,7896,8351,5687,4947,7026
249,7896,8351,6483,3838,1698
249,7896,8351,1065,597,5772
249,7896,8351,5028,2375,3715
249,7896,8351,561,1836,7126
249,7896,8351,401,8129,8391
249,7896,8351,8527,4526,8876
249,7896,8351,4691,7724,6842
249,7896,8351,6495,3622,4354
249,7896,8351,7265,1340,8742
249,7896,8351,5158,3857,6934
249,7896,8351,9241,7877,6445
249,7896,8351,9741,7430,2023
249,7896,8351,5910,6448,229
249,7896,8351,1424,6246,5975
249,7896,8351,9324,2782,9678
249,7896,8351,2382,4560,9413
249,7896,8351,2926,1218,2889
249,7896,8351,1384,7421,4794
249,7896,8351,4059,834,1622
249,7896,8351,9622,8767,6285
249,7896,8351,8513,3307,1716
249,7896,8351,6865,1628,8318
249,7896,8351,7824,5887,7971
249,7896,8351,2949,1227,9085
249,7896,8351,4414,3867,253
249,7896,8351,2712,5305,1926
249,7896,8351,3382,5885,827
249,7896,8351,4923,3541,5501
249,7896,8351,711,8969,487
249,7896,8351,2392,9183,3157
249,7896,8351,3988,3606,9971
249,7896,8351,6436,6559,2628
249,7896,8351,2069,7508,7395
249,7896,8351,8468,7712,4556
249,7896,8351,5613,6959,4417
249,7896,8351,9189,3715,8067
249,7896,8351,4165,7812,3643
249,7896,8351,1112,4524,4258
249,7896,8351,1525,2157,9213
249,7896,8351,2723,5737,2040
249,7896,8351,9099,316,3303
249,7896,8351,5414,1875,8835
249,7896,8351,1511,8315,3421
249,7896,8351,9081,6146,8023
249,7896,8351,6266,828,9570
249,7896,8351,6809,339,4047
