8447,7348,9616,2536,9855,2084
8447,7348,9616,9689,1781,7832
8447,7348,9616,8210,3294,4659
8447,7348,9616,296,3198,748
8447,7348,9616,2694,271,8892
8447,7348,9616,3409,7037,16
8447,7348,9616,9320,8438,7717
8447,7348,9616,6878,6870,9926
8447,7348,9616,9691,4485,9174
8447,7348,9616,7176,5912,494
8447,7348,9616,7505,2365,2831
8447,7348,9616,5076,9976,9321
8447,7348,9616,5483,546,2055
8447,7348,9616,8265,6927,46
8447,7348,9616,1902,9805,1707
8447,7348,9616,9845,460,5841
8447,7348,9616,5926,8366,3804
8447,7348,9616,4123,2305,1081
8447,7348,9616,1121,8824,6330
8447,7348,9616,8542,9681,8880
8447,7348,9616,7436,9190,7022
8447,7348,9616,154,7666,5942
8447,7348,9616,9409,9460,4086
8447,7348,9616,4150,2256,8403
8447,7348,9616,9998,9268,9155
8447,7348,9616,1625,210,1958
8447,7348,9616,6831,6583,1759
8447,7348,9616,1895,9274,8540
8447,7348,9616,5836,3825,7531
8447,7348,9616,3278,82,8876
8447,7348,9616,557,1317,367
8447,7348,9616,7475,6271,1732
8447,7348,9616,6123,1849,529
8447,7348,9616,2021,9034,176
8447,7348,9616,2393,6314,9615
8447,7348,9616,2104,219,7201
8447,7348,9616,58,6379,8231
8447,7348,9616,5540,8753,8485
8447,7348,9616,7925,6851,6155
8447,7348,9616,9426,6251,9732
8447,7348,9616,7494,2766,6581
8447,7348,9616,6862,3040,7839
8447,7348,9616,4539,2691,3340
8447,7348,9616,3,9901,4977
8447,7348,9616,4755,1949,3765
8447,7348,9616,9028,4521,8935
8447,7348,9616,9949,3923,1304
8447,7348,9616,1902,4381,435
8447,7348,9616,3502,4964,7350
8447,7348,9616,9574,4425,6373
8447,7348,9616,6959,3942,1318
8447,7348,9616,4051,2672,1426
8447,7348,9616,9368,9511,5083
8447,7348,9616,9805,7095,7263
8447,7348,9616,2851,1900,822
8447,7348,9616,9213,9861,6710
8447,7348,9616,7582,5798,6295
8447,7348,9616,7749,6920,2861
8447,7348,9616,8136,7391,5585
8447,7348,9616,6710,3062,8463
8447,7348,9616,6414,1685,9668
8447,7348,9616,6323,9065,7647
8447,7348,9616,5753,4687,2069
8447,7348,9616,373,4636,1312
8447,7348,9616,3055,3158,6812
8447,7348,9616,9565,7101,9761
8447,7348,9616,1980,4041,8068
8447,7348,9616,7720,7603,6066
8447,7348,9616,7113,1540,5514
8447,7348,9616,2480,5639,9759
8447,7348,9616,7888,8775,7823
8447,7348,9616,5982,1776,9842
8447,7348,9616,9938,7854,6235
8447,7348,9616,2052,3029,9287
8447,7348,9616,3028,9454,128
8447,7348,9616,4824,8754,7795
8447,7348,9616,8527,2237,9708
8447,7348,9616,3529,4170,902
8447,7348,9616,6275,2776,1743
8447,7348,9616,382,420,4141
8447,7348,9616,3501,9317,6193
8447,7348,9616,3150,2958,1839
8447,7348,9616,1498,4135,3837
8447,7348,9616,8724,5567,3640
8447,7348,9616,6818,4912,7935
8447,7348,9616,8915,6338,1230
8447,7348,9616,3893,7379,7495
8447,7348,9616,5152,9301,7680
8447,7348,9616,3436,7445,1904
8447,7348,9616,9787,3424,9010
8447,7348,9616,2512,5204,1668
8447,7348,9616,6977,949,7566
8447,7348,9616,6070,7469,9985
8447,7348,9616,5703,8465,4983
8447,7348,9616,1559,3643,9684
8447,7348,9616,9270,6791,2421
8447,7348,9616,6464,7673,370
8447,7348,9616,5610,9400,585
8447,7348,9616,1240,5836,4508
8447,7348,9616,3524,8337,2857
8447,7348,9616,2531,3202,8384
8447,7348,9616,1444,6373,9214
8447,7348,9616,2903,5376,635
8447,7348,9616,3387,9526,6200
8447,7348,9616,6331,6098,3490
8447,7348,9616,222,8763,6429
8447,7348,9616,1396,8426,2078
8447,7348,9616,6612,4412,5583
8447,7348,9616,2250,294,306
8447,7348,9616,9576,28,2274
8447,7348,9616,4797,6315,1241
8447,7348,9616,1929,2671,5159
8447,7348,9616,8867,6746,711
8447,7348,9616,9110,1317,96
8447,7348,9616,3977,8458,2600
8447,7348,9616,5491,4491,2259
8447,7348,9616,4599,6499,6440
8447,7348,9616,1629,8737,6613
8447,7348,9616,88,8809,523
8447,7348,9616,6808,3447,638
8447,7348,9616,4376,7967,951
8447,7348,9616,3988,3005,5544
8447,7348,9616,308,950,8356
8447,7348,9616,2740,2100,9278
8447,7348,9616,620,5522,8510
8447,7348,9616,2465,9820,465
8447,7348,9616,9119,3402,1440
8447,7348,9616,7717,3954,6967
8447,7348,9616,1542,1664,7405
8447,7348,9616,1289,6625,5827
8447,7348,9616,4775,3081,6874
8447,7348,9616,7042,6033,4692
8447,7348,9616,1342,2818,9786
8447,7348,9616,3296,4059,7552
8447,7348,9616,1099,7408,1467
8447,7348,9616,6685,8330,3412
8447,7348,9616,8373,799,1432
8447,7348,9616,819,1912,8135
8447,7348,9616,7376,9362,1096
8447,7348,9616,7808,6349,5351
8447,7348,9616,5207,5786,9726
8447,7348,9616,5520,916,1522
8447,7348,9616,5135,4227,2403
8447,7348,9616,4832,2948,2795
8447,7348,9616,8130,5847,7956
8447,7348,9616,4225,2022,70
8447,7348,9616,1056,3492,8426
8447,7348,9616,2357,8259,4475
8447,7348,9616,9770,2469,5848
8447,7348,9616,487,1854,7986
8447,7348,9616,4387,8190,7544
8447,7348,9616,8716,7928,3284
8447,7348,9616,4250,3886,4180
8447,7348,9616,8104,678,2018
8447,7348,9616,2859,5282,650
8447,7348,9616,1038,1592,9316
8447,7348,9616,4565,1610,4822
8447,7348,9616,3038,2707,2627
8447,7348,9616,2970,3271,5651
8447,7348,9616,7179,1658,8057
8447,7348,9616,364,9590,6962
8447,7348,9616,7246,2010,3657
8447,7348,9616,5808,658,2724
8447,7348,9616,9716,9607,7
8447,7348,9616,7107,8342,4387
8447,7348,9616,3149,3615,6718
8447,7348,9616,1230,8683,5539
8447,7348,9616,8896,6796,5707
8447,7348,9616,9981,9390,4731
8447,7348,9616,4167,911,6384
8447,7348,9616,7631,3183,9940
8447,7348,9616,3481,68,7968
8447,7348,9616,5690,590,1148
8447,7348,9616,877,3328,1802
8447,7348,9616,9180,4208,317
8447,7348,9616,4043,9898,8451
8447,7348,9616,1020,4321,2994
8447,7348,9616,2413,5823,8689
8447,7348,9616,9300,2994,4755
8447,7348,9616,3184,3368,2465
8447,7348,9616,6911,3568,1173
8447,7348,9616,1080,4135,300
8447,7348,9616,9366,1658,7767
8447,7348,9616,2311,3556,4840
8447,7348,9616,2566,8793,1826
8447,7348,9616,481,3816,897
8447,7348,9616,3071,85,4990
8447,7348,9616,5334,6759,2390
8447,7348,9616,7083,9609,2317
8447,7348,9616,9275,9054,8597
8447,7348,9616,9993,1567,7764
8447,7348,9616,2258,3969,109
8447,7348,9616,2626,7175,2441
8447,7348,9616,5697,9449,60
8447,7348,9616,9925,8946,7650
8447,7348,9616,3134,6451,9453
8447,7348,9616,3847,1731,8916
8447,7348,9616,893,168,2483
8447,7348,9616,1226,1487,8342
8447,7348,9616,5799,3311,5377
8447,7348,9616,2287,2870,7572
8447,7348,9616,936,714,37
8447,7348,9616,2348,5537,715
8447,7348,9616,2795,8404,612
8447,7348,9616,4592,4935,5216
8447,7348,9616,8413,1938,3269
8447,7348,9616,847,9369,9959
8447,7348,9616,4901,9733,2068
8447,7348,9616,2783,5951,7078
8447,7348,9616,2524,7261,2827
8447,7348,9616,8038,5646,1032
8447,7348,9616,595,4007,2160
8447,7348,9616,6731,6924,9274
8447,7348,9616,1061,8577,7211
8447,7348,9616,1197,8164,1463
8447,7348,9616,7666,1474,6983
8447,7348,9616,1838,7582,1747
8447,7348,9616,1420,862,3815
8447,7348,9616,512,7483,1492
8447,7348,9616,2115,7275,4386
8447,7348,9616,2723,2908,9744
8447,7348,9616,3810,3959,5221
8447,7348,9616,6241,1077,9804
8447,7348,9616,3065,1328,6419
8447,7348,9616,4921,7828,3203
8447,7348,9616,5477,1679,1728
8447,7348,9616,9511,1603,6083
8447,7348,9616,7192,8496,3761
8447,7348,9616,7010,3575,8430
8447,7348,9616,1804,8596,4360
8447,7348,9616,7604,3577,8093
8447,7348,9616,3718,3681,6661
8447,7348,9616,1776,686,9036
8447,7348,9616,141,2147,508
8447,7348,9616,1632,5206,7161
8447,7348,9616,5811,7960,2357
8447,7348,9616,9196,3738,1465
8447,7348,9616,6451,1854,6687
8447,7348,9616,7566,3289,3361
8447,7348,9616,5403,2258,8813
8447,7348,9616,1657,2589,4361
8447,7348,9616,509,7653,6548
8447,7348,9616,3531,6547,8008
8447,7348,9616,5542,453,2548
8447,7348,9616,2428,1044,6677
8447,7348,9616,9565,315,1932
8447,7348,9616,3730,4362,1090
8447,7348,9616,7468,651,9771
8447,7348,9616,9772,1837,9925
8447,7348,9616,434,7513,6528
8447,7348,9616,8623,2430,5493
8447,7348,9616,9429,7965,9059
8447,7348,9616,3716,8032,6376
8447,7348,9616,4109,9390,1801
8447,7348,9616,7417,6596,6357
8447,7348,9616,4600,1539,2941
8447,7348,9616,7012,4974,5629
8447,7348,9616,7176,7022,4574
8447,7348,9616,2571,2500,6005
8447,7348,9616,3087,7858,9557
8447,7348,9616,6921,9221,4646
8447,7348,9616,5212,1621,2971
8447,7348,9616,189,3293,8285
8447,7348,9616,146,3906,4946
8447,7348,9616,6815,310,4721
8447,7348,9616,3671,5211,1843
8447,7348,9616,5490,2137,7315
8447,7348,9616,8505,5646,2150
8447,7348,9616,770,7365,757
8447,7348,9616,1582,4336,3585
8447,7348,9616,330,187,6101
8447,7348,9616,8533,8513,9058
8447,7348,9616,4263,2669,4083
8447,7348,9616,2595,9404,259
8447,7348,9616,9218,6813,4021
8447,7348,9616,4666,4134,4901
8447,7348,9616,6436,4888,5978
8447,7348,9616,8232,6121,4811
8447,7348,9616,9849,2063,9092
8447,7348,9616,147,8105,5355
8447,7348,9616,1818,5144,6738
8447,7348,9616,1438,4793,5945
8447,7348,9616,5345,930,6257
8447,7348,9616,7762,7506,7757
8447,7348,9616,5888,2963,2802
8447,7348,9616,3190,5466,276
8447,7348,9616,5869,9766,4318
8447,7348,9616,4360,6243,329
8447,7348,9616,7436,4755,1333
8447,7348,9616,196,1564,6929
8447,7348,9616,3323,3332,7908
8447,7348,9616,2556,5655,777
8447,7348,9616,9905,8481,4525
8447,7348,9616,6190,9355,3948
8447,7348,9616,9360,6256,4286
8447,7348,9616,3052,4118,6812
8447,7348,9616,6257,4131,3374
8447,7348,9616,6899,6282,7020
8447,7348,9616,522,7087,9166
8447,7348,9616,3711,2803,7484
8447,7348,9616,9129,3670,8269
8447,7348,9616,2964,1515,7426
8447,7348,9616,6583,5972,2463
8447,7348,9616,9912,5284,7224
8447,7348,9616,1995,431,8353
8447,7348,9616,7445,2856,9198
8447,7348,9616,491,3377,2928
8447,7348,9616,5401,7273,6856
8447,7348,9616,328,9461,9358
8447,7348,9616,7545,9389,4799
8447,7348,9616,6762,2969,2245
8447,7348,9616,8766,2552,6969
8447,7348,9616,1520,6316,2387
8447,7348,9616,3560,2944,5854
8447,7348,9616,6164,2645,669
8447,7348,9616,3354,5538,9346
8447,7348,9616,1591,3080,2386
8447,7348,9616,7381,3535,2427
8447,7348,9616,6919,5993,1330
8447,7348,9616,1555,1120,1112
8447,7348,9616,9914,2212,5620
8447,7348,9616,1261,7745,2682
8447,7348,9616,1483,90,5504
8447,7348,9616,8424,4433,2639
8447,7348,9616,7286,3906,9530
8447,7348,9616,8840,6305,1456
8447,7348,9616,2618,3998,7889
8447,7348,9616,7069,9529,1073
8447,7348,9616,7515,2414,6802
8447,7348,9616,3384,9556,2473
8447,7348,9616,4225,6560,8866
8447,7348,9616,9989,5892,4375
8447,7348,9616,987,6897,8836
8447,7348,9616,1036,9202,6202
8447,7348,9616,7339,882,9925
8447,7348,9616,9825,5347,2066
8447,7348,9616,726,7058,793
8447,7348,9616,9031,2588,8431
8447,7348,9616,2034,6120,5159
8447,7348,9616,6716,9481,1014
8447,7348,9616,494,7513,659
8447,7348,9616,2613,5165,1945
8447,7348,9616,7997,8122,5624
8447,7348,9616,4153,9710,8945
8447,7348,9616,2308,9024,5633
8447,7348,9616,8011,3190,4724
8447,7348,9616,8914,6955,9792
8447,7348,9616,1710,9985,3158
8447,7348,9616,9778,5619,2682
8447,7348,9616,5651,9003,4221
8447,7348,9616,3074,1612,3382
8447,7348,9616,4268,1288,7559
8447,7348,9616,8801,1078,5534
8447,7348,9616,7783,7309,3705
8447,7348,9616,384,8846,9613
8447,7348,9616,9810,1902,424
8447,7348,9616,1566,4500,37
8447,7348,9616,5831,7389,4716
8447,7348,9616,453,3599,7765
8447,7348,9616,7561,8501,3907
8447,7348,9616,5621,1416,187
8447,7348,9616,8392,2106,701
8447,7348,9616,8444,4764,1619
8447,7348,9616,9646,2617,4805
8447,7348,9616,7456,1112,1784
8447,7348,9616,9209,51,6840
8447,7348,9616,3610,4378,4479
8447,7348,9616,2718,5364,9049
8447,7348,9616,4744,7410,6179
8447,7348,9616,2027,576,9338
8447,7348,9616,5661,9224,9633
8447,7348,9616,2995,14,564
8447,7348,9616,9425,370,2153
8447,7348,9616,9367,1756,9484
8447,7348,9616,2840,3568,8790
8447,7348,9616,3026,5333,2796
8447,7348,9616,8448,702,3840
8447,7348,9616,8133,2853,2489
8447,7348,9616,493,6940,4405
8447,7348,9616,8425,626,8622
8447,7348,9616,5229,9004,5054
8447,7348,9616,291,3787,9924
8447,7348,9616,513,4788,4634
8447,7348,9616,3896,5824,2248
8447,7348,9616,3195,9485,7085
8447,7348,9616,5148,9577,4365
8447,7348,9616,7812,974,3793
8447,7348,9616,5622,4746,9150
8447,7348,9616,9606,9368,9073
8447,7348,9616,8455,6012,7678
8447,7348,9616,2907,622,8161
8447,7348,9616,7265,6273,8209
8447,7348,9616,5294,7278,3255
8447,7348,9616,9438,9945,5423
8447,7348,9616,448,5177,1113
8447,7348,9616,8219,3547,1152
8447,7348,9616,2083,1560,7828
8447,7348,9616,4562,4531,3197
8447,7348,9616,6295,3778,6352
8447,7348,9616,7842,7062,8184
8447,7348,9616,3209,7028,3379
8447,7348,9616,8989,2033,2616
8447,7348,9616,421,4749,8521
8447,7348,9616,8161,5615,8049
8447,7348,9616,4922,6391,4456
8447,7348,9616,496,5600,170
8447,7348,9616,1710,4263,7287
8447,7348,9616,352,1275,302
8447,7348,9616,6074,6494,2322
8447,7348,9616,6581,7279,6681
8447,7348,9616,7213,5459,8329
8447,7348,9616,9636,7193,355
8447,7348,9616,4941,7468,6999
8447,7348,9616,6720,1775,5227
8447,7348,9616,9156,7455,706
8447,7348,9616,8914,6688,405
8447,7348,9616,1156,5758,8530
8447,7348,9616,7772,5170,6421
8447,7348,9616,1355,1712,994
8447,7348,9616,8694,2665,513
8447,7348,9616,318,8676,5495
8447,7348,9616,8616,5471,1694
8447,7348,9616,1595,6296,2431
8447,7348,9616,4831,6887,1927
8447,7348,9616,8012,753,2117
8447,7348,9616,7827,3374,4020
8447,7348,9616,7467,7260,8108
8447,7348,9616,5264,3464,7792
8447,7348,9616,3427,1639,6807
8447,7348,9616,6627,3325,1822
8447,7348,9616,9376,9465,3325
8447,7348,9616,8438,8802,3471
8447,7348,9616,6253,8262,1465
8447,7348,9616,3281,3801,4137
8447,7348,9616,6457,5832,9617
8447,7348,9616,8326,8897,4969
8447,7348,9616,6005,6262,7903
8447,7348,9616,6405,6251,2221
8447,7348,9616,4062,2814,7150
8447,7348,9616,2086,5767,9127
8447,7348,9616,3672,8157,7926
8447,7348,9616,7051,9714,6746
8447,7348,9616,289,2658,8275
8447,7348,9616,5764,2926,1023
8447,7348,9616,2579,9760,5622
8447,7348,9616,7368,7415,128
8447,7348,9616,7440,986,2045
8447,7348,9616,1025,1094,8463
8447,7348,9616,1506,4745,678
8447,7348,9616,5146,3684,6001
8447,7348,9616,7844,3850,581
8447,7348,9616,2790,8190,2086
8447,7348,9616,4783,8365,5717
8447,7348,9616,6737,7032,4580
8447,7348,9616,8426,5044,2352
8447,7348,9616,2993,2121,5747
8447,7348,9616,1299,1251,887
8447,7348,9616,3177,909,3610
8447,7348,9616,3444,1406,4018
8447,7348,9616,6608,1751,766
8447,7348,9616,7402,1331,3983
8447,7348,9616,4389,5667,9672
8447,7348,9616,7960,2755,2292
8447,7348,9616,9919,6618,6432
8447,7348,9616,1136,8018,2343
8447,7348,9616,5176,2181,4581
8447,7348,9616,9242,6129,8326
8447,7348,9616,3908,6354,3169
8447,7348,9616,6735,4533,1395
8447,7348,9616,6691,4346,7338
8447,7348,9616,3604,4307,9623
8447,7348,9616,6761,8856,3284
8447,7348,9616,2347,8008,3001
8447,7348,9616,3932,5541,2316
8447,7348,9616,4184,2054,7162
8447,7348,9616,3511,6685,2898
8447,7348,9616,6569,1765,7039
8447,7348,9616,1964,2715,45
8447,7348,9616,4712,3208,8591
8447,7348,9616,1998,2599,7623
8447,7348,9616,2501,4216,2176
8447,7348,9616,9219,9545,951
8447,7348,9616,1327,2582,5597
8447,7348,9616,5382,7495,1047
8447,7348,9616,9481,802,9204
8447,7348,9616,525,2402,4833
8447,7348,9616,3003,5683,7964
8447,7348,9616,7271,8360,2966
8447,7348,9616,3034,8176,2617
8447,7348,9616,9734,7087,5194
8447,7348,9616,1421,6895,9654
8447,7348,9616,65,8980,9525
8447,7348,9616,9242,4187,8539
8447,7348,9616,8137,4224,4469
8447,7348,9616,6401,3865,1657
8447,7348,9616,7672,250,7708
8447,7348,9616,4024,7592,1164
8447,7348,9616,6644,5185,8981
8447,7348,9616,531,6229,2655
8447,7348,9616,8603,2599,4610
8447,7348,9616,2422,1227,9166
8447,7348,9616,4489,9960,1570
8447,7348,9616,366,3820,1825
8447,7348,9616,3924,7767,1542
8447,7348,9616,4460,8907,665
8447,7348,9616,1116,159,8010
8447,7348,9616,4404,501,9359
8447,7348,9616,5753,9731,8260
8447,7348,9616,6541,7529,1842
8447,7348,9616,6501,1699,2867
