6865,608,5532,7799,3610,7953
6865,608,5532,3312,6652,7263
6865,608,5532,9631,3503,1700
6865,608,5532,7487,9925,3321
6865,608,5532,1318,7972,1366
6865,608,5532,2544,1605,2900
6865,608,5532,9192,2694,1588
6865,608,5532,1653,7657,3644
6865,608,5532,8104,4035,9764
6865,608,5532,3876,7927,2866
6865,608,5532,4207,2030,5881
6865,608,5532,5779,8202,8630
6865,608,5532,7556,1718,9636
6865,608,5532,8291,5469,7113
6865,608,5532,4830,3454,3829
6865,608,5532,5602,675,770
6865,608,5532,4890,1851,1655
6865,608,5532,4461,1475,2990
6865,608,5532,8209,5952,7707
6865,608,5532,5675,3544,59
6865,608,5532,808,6210,815
6865,608,5532,1569,3917,6354
6865,608,5532,5898,5775,7769
6865,608,5532,8138,6416,2395
6865,608,5532,1024,2207,9741
6865,608,5532,3131,9073,9642
6865,608,5532,7818,427,4155
6865,608,5532,1483,8540,8028
6865,608,5532,9554,4129,4481
6865,608,5532,8050,8049,2125
6865,608,5532,6663,8746,9421
6865,608,5532,6673,1438,1315
6865,608,5532,7194,321,6304
6865,608,5532,1963,1247,9513
6865,608,5532,1994,4762,4957
6865,608,5532,3930,9532,8806
6865,608,5532,8384,971,4445
6865,608,5532,2461,8782,8030
6865,608,5532,5648,9344,5589
6865,608,5532,6845,7305,2277
6865,608,5532,3308,987,4928
6865,608,5532,8554,6739,3819
6865,608,5532,4883,6573,2947
6865,608,5532,7918,9174,6759
6865,608,5532,8056,939,8930
6865,608,5532,4349,8275,842
6865,608,5532,8172,1788,6878
6865,608,5532,5769,2270,5179
6865,608,5532,6294,4182,9596
6865,608,5532,7153,1547,7336
6865,608,5532,8011,8433,6473
6865,608,5532,1694,1974,8253
6865,608,5532,2891,693,1180
6865,608,5532,8000,1760,3364
6865,608,5532,3334,9432,2015
6865,608,5532,5818,6180,1180
6865,608,5532,2202,1024,915
6865,608,5532,2704,7837,2961
6865,608,5532,5337,2570,8849
6865,608,5532,7857,7814,5926
6865,608,5532,5891,8924,2316
6865,608,5532,9795,1921,9378
6865,608,5532,2444,5418,8959
6865,608,5532,7911,4193,2435
6865,608,5532,7319,906,6258
6865,608,5532,2257,5528,430
6865,608,5532,2720,1048,1106
6865,608,5532,3063,7223,2959
6865,608,5532,6843,3290,3883
6865,608,5532,5468,6892,6579
6865,608,5532,469,4122,3371
6865,608,5532,364,5080,5698
6865,608,5532,3647,8645,9087
6865,608,5532,707,6386,3850
6865,608,5532,5225,1639,1954
6865,608,5532,1842,3578,6184
6865,608,5532,8769,2452,4648
6865,608,5532,7028,4286,5557
6865,608,5532,4043,5040,9538
6865,608,5532,1983,1846,1871
6865,608,5532,9660,4387,4471
6865,608,5532,2348,8565,4242
6865,608,5532,4501,7863,2308
6865,608,5532,7139,400,5730
6865,608,5532,2932,3821,2088
6865,608,5532,9872,8105,3169
6865,608,5532,4959,587,6045
6865,608,5532,2143,332,2476
6865,608,5532,3230,2256,885
6865,608,5532,6293,4533,288
6865,608,5532,4894,7955,9600
6865,608,5532,7611,5857,1164
6865,608,5532,7348,8510,8551
6865,608,5532,1127,9588,3326
6865,608,5532,6803,9489,5315
6865,608,5532,5325,251,1255
6865,608,5532,8003,162,8546
6865,608,5532,8327,5458,8556
6865,608,5532,9057,3792,5854
6865,608,5532,3569,8794,5843
6865,608,5532,4254,3370,5603
6865,608,5532,9609,9321,3947
6865,608,5532,7797,2012,7520
6865,608,5532,1646,8112,2541
6865,608,5532,1868,34,572
6865,608,5532,9790,1924,2003
6865,608,5532,9450,5979,6055
6865,608,5532,9794,5286,4108
6865,608,5532,3563,869,640
6865,608,5532,4170,1910,4773
6865,608,5532,6793,4212,144
6865,608,5532,6771,7809,6235
6865,608,5532,1108,6667,6981
6865,608,5532,7016,4113,8514
6865,608,5532,9404,2404,9065
6865,608,5532,5175,1883,6444
6865,608,5532,4086,9656,2370
6865,608,5532,7649,1308,5916
6865,608,5532,2916,6780,6569
6865,608,5532,3375,4831,6520
6865,608,5532,5076,8148,1646
6865,608,5532,9315,128,4619
6865,608,5532,551,3506,6788
6865,608,5532,1558,1006,2683
6865,608,5532,6025,6590,2035
6865,608,5532,3680,4429,2526
6865,608,5532,7817,1611,5242
6865,608,5532,2811,7725,7037
6865,608,5532,7213,2839,8459
6865,608,5532,1695,5465,6665
6865,608,5532,5404,1998,1897
6865,608,5532,1025,5683,2694
6865,608,5532,6900,8081,5498
6865,608,5532,9167,6935,6828
6865,608,5532,8768,7088,7326
6865,608,5532,7511,9296,4711
6865,608,5532,1092,9199,8538
6865,608,5532,64,4665,1213
6865,608,5532,6467,3738,6086
6865,608,5532,8518,944,1611
6865,608,5532,4444,595,4322
6865,608,5532,5837,8500,9920
6865,608,5532,4398,8912,8762
6865,608,5532,1725,1812,7793
6865,608,5532,2586,3876,1836
6865,608,5532,5271,7732,850
6865,608,5532,1114,8947,9872
6865,608,5532,1505,8327,7086
6865,608,5532,4184,6068,2411
6865,608,5532,2068,7333,8578
6865,608,5532,4240,606,9726
6865,608,5532,3186,1979,6035
6865,608,5532,1984,8123,3199
6865,608,5532,1146,999,7984
6865,608,5532,9893,2123,3059
6865,608,5532,2899,4247,566
6865,608,5532,9921,1355,3586
6865,608,5532,4737,2720,7519
6865,608,5532,9746,1189,7282
6865,608,5532,229,1675,3498
6865,608,5532,8225,2903,388
6865,608,5532,2509,9524,4506
6865,608,5532,7991,9653,1761
6865,608,5532,752,7176,3681
6865,608,5532,5784,3047,7161
6865,608,5532,3062,3825,5045
6865,608,5532,7870,625,4922
6865,608,5532,557,3322,6452
6865,608,5532,698,767,3737
6865,608,5532,2318,7978,3838
6865,608,5532,5147,2545,9506
6865,608,5532,6583,8729,9890
6865,608,5532,9015,3558,4342
6865,608,5532,4112,8796,6504
6865,608,5532,1368,4417,6633
6865,608,5532,852,6252,8700
6865,608,5532,4014,5876,7269
6865,608,5532,7200,3279,2639
6865,608,5532,5120,2716,4348
6865,608,5532,7871,5811,6725
6865,608,5532,6686,9577,5470
6865,608,5532,5671,2470,181
6865,608,5532,2013,8653,2922
6865,608,5532,2025,8501,5035
6865,608,5532,2926,2239,540
6865,608,5532,6433,318,390
6865,608,5532,3586,918,5063
6865,608,5532,5963,3396,1705
6865,608,5532,9678,655,8782
6865,608,5532,2160,7201,5176
6865,608,5532,7364,3020,8800
6865,608,5532,6615,2733,2560
6865,608,5532,8727,5458,6143
6865,608,5532,5630,7716,5614
6865,608,5532,254,7999,9967
6865,608,5532,9190,538,6049
6865,608,5532,391,8136,6325
6865,608,5532,8580,62,6516
6865,608,5532,2442,4548,5789
6865,608,5532,3476,2785,8735
6865,608,5532,5527,686,8781
6865,608,5532,6275,1624,5256
6865,608,5532,9000,8246,4661
6865,608,5532,5793,7977,4729
6865,608,5532,7890,3334,3123
6865,608,5532,5457,7953,328
6865,608,5532,9426,220,1097
6865,608,5532,8124,8627,6135
6865,608,5532,5333,1365,3520
6865,608,5532,4831,1983,8477
6865,608,5532,1402,1292,7400
6865,608,5532,9314,612,5152
6865,608,5532,800,7027,5844
6865,608,5532,4081,2900,3146
6865,608,5532,6760,9897,784
6865,608,5532,5461,5672,3568
6865,608,5532,1310,723,5322
6865,608,5532,1225,8589,6079
6865,608,5532,3839,6946,8379
6865,608,5532,8583,9074,2460
6865,608,5532,2939,7691,840
6865,608,5532,9226,1509,6656
6865,608,5532,60,3855,6938
6865,608,5532,8716,9952,7711
6865,608,5532,6608,4619,9317
6865,608,5532,7420,5771,7279
6865,608,5532,138,4966,1721
6865,608,5532,432,2150,9896
6865,608,5532,2539,6568,3834
6865,608,5532,3608,232,314
6865,608,5532,3320,7390,6433
6865,608,5532,214,3435,8038
6865,608,5532,994,5023,1227
6865,608,5532,9561,957,1850
6865,608,5532,352,2658,7260
6865,608,5532,2808,6402,6134
6865,608,5532,3855,1498,1761
6865,608,5532,9281,2298,9802
6865,608,5532,5315,6933,6125
6865,608,5532,8818,5356,2488
6865,608,5532,1736,2556,9888
6865,608,5532,5871,6030,7276
6865,608,5532,1938,2059,4576
6865,608,5532,3672,7138,3295
6865,608,5532,6117,724,5875
6865,608,5532,6916,1718,1450
6865,608,5532,6355,1563,7322
6865,608,5532,9699,13,3132
6865,608,5532,4438,2200,6376
6865,608,5532,3050,2090,3406
6865,608,5532,3808,9290,2330
6865,608,5532,7446,7494,3555
6865,608,5532,482,3559,7260
6865,608,5532,9257,9455,4520
6865,608,5532,7694,6295,1186
6865,608,5532,5578,8051,9295
6865,608,5532,9839,6222,990
6865,608,5532,7970,6561,281
6865,608,5532,2695,817,929
6865,608,5532,1306,6572,4758
6865,608,5532,3664,6240,9148
6865,608,5532,2354,3866,4421
6865,608,5532,499,6970,6734
6865,608,5532,4432,1984,2100
6865,608,5532,9369,9925,6448
6865,608,5532,3335,8944,4621
6865,608,5532,4738,9866,1092
6865,608,5532,548,6331,5418
6865,608,5532,4495,1137,5182
6865,608,5532,448,7420,1240
6865,608,5532,1497,3580,8316
6865,608,5532,4777,8438,2679
6865,608,5532,8797,8214,5062
6865,608,5532,2922,9929,1874
6865,608,5532,1949,5133,6574
6865,608,5532,1316,7337,6941
6865,608,5532,1503,2282,1649
6865,608,5532,9541,1715,5486
6865,608,5532,1569,9060,1707
6865,608,5532,1769,4970,9411
6865,608,5532,5826,6925,1391
6865,608,5532,8754,964,6931
6865,608,5532,3745,7856,2601
6865,608,5532,7074,441,4908
6865,608,5532,5652,4650,5464
6865,608,5532,7232,3287,8837
6865,608,5532,5922,8569,961
6865,608,5532,7093,5955,507
6865,608,5532,2245,9213,4731
6865,608,5532,202,8091,1786
6865,608,5532,5689,3120,1497
6865,608,5532,9443,3663,9542
6865,608,5532,2987,8987,1002
6865,608,5532,2219,1662,2152
6865,608,5532,4550,9901,544
6865,608,5532,2368,6279,5176
6865,608,5532,7350,1030,5187
6865,608,5532,2029,119,3932
6865,608,5532,8590,7663,2051
6865,608,5532,596,1167,6356
6865,608,5532,9523,5040,735
6865,608,5532,9860,1245,9481
6865,608,5532,6415,9456,3117
6865,608,5532,9427,198,3875
6865,608,5532,6456,1416,9254
6865,608,5532,9982,5944,9970
6865,608,5532,2319,4059,1670
6865,608,5532,7410,5557,74
6865,608,5532,3121,9133,5399
6865,608,5532,1202,5344,3167
6865,608,5532,1994,3062,6447
6865,608,5532,2577,7743,8622
6865,608,5532,6194,74,2343
6865,608,5532,6566,4430,6380
6865,608,5532,8108,7929,4517
6865,608,5532,420,2074,6516
6865,608,5532,177,8260,7599
6865,608,5532,93,5441,8926
6865,608,5532,6536,9197,6169
6865,608,5532,2117,3743,2359
6865,608,5532,4166,212,4278
6865,608,5532,4419,1297,158
6865,608,5532,5900,90,9036
6865,608,5532,9887,3343,1895
6865,608,5532,1572,9612,4007
6865,608,5532,118,6553,5453
6865,608,5532,9810,5636,2818
6865,608,5532,1918,181,2706
6865,608,5532,497,9141,6579
6865,608,5532,826,4634,6660
6865,608,5532,5497,2451,6392
6865,608,5532,7827,2540,7831
6865,608,5532,9706,7824,8427
6865,608,5532,8179,3663,9035
6865,608,5532,5490,1253,7594
6865,608,5532,5348,3326,9896
6865,608,5532,1545,4603,2063
6865,608,5532,3033,3763,3273
6865,608,5532,6853,9813,5136
6865,608,5532,5473,8110,6138
6865,608,5532,1318,5137,6887
6865,608,5532,1858,5031,4773
6865,608,5532,341,3139,4855
6865,608,5532,2954,4670,6863
6865,608,5532,5951,5146,8256
6865,608,5532,3784,238,6430
6865,608,5532,2915,3900,3343
6865,608,5532,8770,2106,8196
6865,608,5532,545,7071,8942
6865,608,5532,6986,6030,6831
6865,608,5532,5391,782,7083
6865,608,5532,1628,98,2291
6865,608,5532,9006,2460,7011
6865,608,5532,3532,9444,8614
6865,608,5532,3028,19,167
6865,608,5532,6867,567,3660
6865,608,5532,2940,7744,5910
6865,608,5532,9970,6529,875
6865,608,5532,880,5215,9889
6865,608,5532,719,9752,6573
6865,608,5532,1119,4539,6162
6865,608,5532,7541,4504,7714
6865,608,5532,657,5469,3364
6865,608,5532,6040,8765,9752
6865,608,5532,5890,6750,2127
6865,608,5532,874,59,4078
6865,608,5532,4636,7992,6649
6865,608,5532,5911,7625,3694
6865,608,5532,548,5019,5372
6865,608,5532,5484,9938,1216
6865,608,5532,1765,8259,6291
6865,608,5532,8598,7204,7831
6865,608,5532,3890,7113,3343
6865,608,5532,9697,5293,2676
6865,608,5532,2523,5004,7685
6865,608,5532,2074,6365,8772
6865,608,5532,8799,7708,5253
6865,608,5532,542,8524,8277
6865,608,5532,263,6879,7418
6865,608,5532,6788,3090,4800
6865,608,5532,3501,5684,9783
6865,608,5532,6331,1660,1533
6865,608,5532,734,5733,8008
6865,608,5532,1169,334,7453
6865,608,5532,4950,8198,96
6865,608,5532,8857,8978,8359
6865,608,5532,8619,6925,6842
6865,608,5532,5180,385,6557
6865,608,5532,3603,3496,9733
6865,608,5532,2864,942,6242
6865,608,5532,9835,7773,602
6865,608,5532,4770,884,850
6865,608,5532,3011,4352,7677
6865,608,5532,9504,2414,6106
6865,608,5532,2519,4909,8860
6865,608,5532,9054,5846,8304
6865,608,5532,8545,301,9186
6865,608,5532,1800,4333,1148
6865,608,5532,5082,3384,5793
6865,608,5532,8692,5587,3463
6865,608,5532,4110,685,617
6865,608,5532,5829,8009,8569
6865,608,5532,4634,8468,9315
6865,608,5532,1452,8512,3451
6865,608,5532,1256,8975,3010
6865,608,5532,8426,2744,1573
6865,608,5532,7963,9977,3371
6865,608,5532,6433,3554,3482
6865,608,5532,5744,8178,5306
6865,608,5532,4097,4790,8202
6865,608,5532,2295,6584,6918
6865,608,5532,4429,2212,3026
6865,608,5532,7495,3556,1990
6865,608,5532,2825,4324,3823
6865,608,5532,8852,4064,9752
6865,608,5532,9989,1392,537
6865,608,5532,2301,6241,5955
6865,608,5532,4424,625,1924
6865,608,5532,8270,9831,9336
6865,608,5532,7021,7532,6103
6865,608,5532,444,2714,9811
6865,608,5532,5164,1011,8635
6865,608,5532,9156,3895,7060
6865,608,5532,1742,421,5975
6865,608,5532,4254,2572,4766
6865,608,5532,6498,3224,6776
6865,608,5532,8309,3990,4502
6865,608,5532,1720,9014,2036
6865,608,5532,8474,7317,2106
6865,608,5532,9466,2891,4981
6865,608,5532,4738,1680,4132
6865,608,5532,494,5760,6796
6865,608,5532,3961,4615,3817
6865,608,5532,4470,9794,5449
6865,608,5532,9887,174,891
6865,608,5532,7497,6335,5313
6865,608,5532,3895,3945,6157
6865,608,5532,956,5751,7128
6865,608,5532,8431,5925,4196
6865,608,5532,6580,2680,9905
6865,608,5532,6713,2505,7370
6865,608,5532,4297,9446,8213
6865,608,5532,3699,7119,6829
6865,608,5532,5063,7187,1543
6865,608,5532,5417,1854,9340
6865,608,5532,4225,3751,5709
6865,608,5532,3915,2051,9910
6865,608,5532,6722,7702,299
6865,608,5532,7340,9754,6869
6865,608,5532,9693,1938,9221
6865,608,5532,9938,5032,6419
6865,608,5532,4617,421,8218
6865,608,5532,5866,7385,8380
6865,608,5532,6835,1365,9819
6865,608,5532,1866,2445,2984
6865,608,5532,5613,5181,9895
6865,608,5532,6582,1259,1845
6865,608,5532,584,9680,8822
6865,608,5532,8906,2173,8833
6865,608,5532,6406,8951,1869
6865,608,5532,9133,6329,9699
6865,608,5532,9382,8116,4901
6865,608,5532,9796,2813,3906
6865,608,5532,916,1401,1718
6865,608,5532,7273,629,7926
6865,608,5532,2762,8432,3399
6865,608,5532,4829,7777,9965
6865,608,5532,8852,5933,8227
6865,608,5532,7667,3321,2926
6865,608,5532,3911,3061,8058
6865,608,5532,8980,9045,8235
6865,608,5532,7936,4362,7141
6865,608,5532,9331,2168,8595
6865,608,5532,7718,4028,1523
6865,608,5532,2000,4076,3403
6865,608,5532,2918,2053,9971
6865,608,5532,1120,8684,2242
6865,608,5532,794,9055,5320
6865,608,5532,1626,1088,4116
6865,608,5532,9915,4806,5693
6865,608,5532,4744,8119,1068
6865,608,5532,6469,2240,276
6865,608,5532,7692,2283,3117
6865,608,5532,4279,4566,7293
6865,608,5532,5164,6439,5784
6865,608,5532,1237,2549,6238
6865,608,5532,9565,7455,5226
6865,608,5532,6277,9361,5764
6865,608,5532,648,6564,9202
6865,608,5532,8721,6224,1935
6865,608,5532,841,1821,2865
6865,608,5532,4000,2872,7341
6865,608,5532,3649,7619,8136
6865,608,5532,6955,369,7884
6865,608,5532,7475,4851,3479
6865,608,5532,8603,5070,4705
6865,608,5532,6654,655,9711
6865,608,5532,5531,4446,4943
6865,608,5532,63,6425,3535
6865,608,5532,8715,9925,5162
6865,608,5532,3557,9765,6505
6865,608,5532,1771,4519,6921
6865,608,5532,931,6329,6125
6865,608,5532,8292,5140,5303
6865,608,5532,4230,5025,77
6865,608,5532,7276,4276,3058
6865,608,5532,9912,4169,4523
6865,608,5532,3207,3836,6077
6865,608,5532,9388,5184,7310
6865,608,5532,3158,4637,157
