8883,2825,2959,2269,1121,1004
8883,2825,2959,1210,9024,1142
8883,2825,2959,8978,6500,437
8883,2825,2959,9817,7279,2658
8883,2825,2959,9187,9522,8595
8883,2825,2959,7087,1589,8777
8883,2825,2959,1804,4050,2150
8883,2825,2959,8800,6869,7167
8883,2825,2959,1478,7366,4730
8883,2825,2959,2575,8737,1127
8883,2825,2959,2179,8632,2314
8883,2825,2959,2219,7211,8939
8883,2825,2959,3157,5256,4477
8883,2825,2959,4585,4726,4496
8883,2825,2959,2278,7609,8853
8883,2825,2959,7679,4385,8494
8883,2825,2959,961,1675,8466
8883,2825,2959,7292,8167,3190
8883,2825,2959,4848,3696,5454
8883,2825,2959,9033,8637,5472
8883,2825,2959,3180,2790,3529
8883,2825,2959,5953,6603,5571
8883,2825,2959,9980,8138,261
8883,2825,2959,9989,6720,7915
8883,2825,2959,5435,200,1355
8883,2825,2959,5190,181,8284
8883,2825,2959,9953,4432,4098
8883,2825,2959,8954,626,4053
8883,2825,2959,1894,7337,4865
8883,2825,2959,2065,8101,8472
8883,2825,2959,1234,5114,981
8883,2825,2959,5440,6782,3121
8883,2825,2959,2325,141,4748
8883,2825,2959,8783,4102,6297
8883,2825,2959,8440,9804,9057
8883,2825,2959,3052,9865,7382
8883,2825,2959,2198,6532,998
8883,2825,2959,5580,1685,179
8883,2825,2959,8038,8135,3520
8883,2825,2959,4880,7793,6179
8883,2825,2959,6175,9138,5331
8883,2825,2959,6204,318,5533
8883,2825,2959,3667,4283,1527
8883,2825,2959,7281,2070,2878
8883,2825,2959,2815,8645,6204
8883,2825,2959,3121,8000,6521
8883,2825,2959,5349,8770,3826
8883,2825,2959,636,7856,459
8883,2825,2959,5437,9909,5521
8883,2825,2959,759,322,5493
8883,2825,2959,1947,1783,2943
8883,2825,2959,3456,8688,6085
8883,2825,2959,9808,9776,4815
8883,2825,2959,4801,5393,9941
8883,2825,2959,1908,8969,6765
8883,2825,2959,2390,8960,2724
8883,2825,2959,2183,986,9922
8883,2825,2959,3393,8145,9997
8883,2825,2959,6592,1286,5628
8883,2825,2959,1391,3107,5899
8883,2825,2959,4425,1534,9995
8883,2825,2959,3095,9972,3926
8883,2825,2959,425,4984,8499
8883,2825,2959,8252,6298,4370
8883,2825,2959,6738,4892,8898
8883,2825,2959,6107,6017,3227
8883,2825,2959,6371,5980,4096
8883,2825,2959,2261,4562,4261
8883,2825,2959,5805,6215,9742
8883,2825,2959,7879,1342,7292
8883,2825,2959,298,1501,7379
8883,2825,2959,8615,7768,1509
8883,2825,2959,7151,2781,9511
8883,2825,2959,6665,2553,8694
8883,2825,2959,4393,8976,9218
8883,2825,2959,8390,324,657
8883,2825,2959,9734,7181,6593
8883,2825,2959,3659,5787,3741
8883,2825,2959,4872,4333,3444
8883,2825,2959,3558,6806,9206
8883,2825,2959,9845,2932,2214
8883,2825,2959,4808,676,1771
8883,2825,2959,252,1916,5717
8883,2825,2959,8497,1946,8058
8883,2825,2959,8178,4998,3815
8883,2825,2959,7697,3963,8077
8883,2825,2959,8628,1199,3811
8883,2825,2959,5913,1379,1377
8883,2825,2959,8532,1270,6298
8883,2825,2959,5287,2341,9819
8883,2825,2959,5750,5444,1905
8883,2825,2959,3317,2299,6818
8883,2825,2959,2804,2819,2720
8883,2825,2959,4341,2735,4663
8883,2825,2959,4940,2827,7208
8883,2825,2959,4432,7713,3736
8883,2825,2959,3722,2357,7676
8883,2825,2959,7635,723,1775
8883,2825,2959,6317,2492,6594
8883,2825,2959,47,1110,3417
8883,2825,2959,9906,8781,1039
8883,2825,2959,1986,563,3764
8883,2825,2959,8784,5449,2217
8883,2825,2959,9290,3624,9954
8883,2825,2959,9662,1108,1639
8883,2825,2959,6859,2975,2907
8883,2825,2959,6820,7078,4429
8883,2825,2959,3069,5438,551
8883,2825,2959,3011,3281,8392
8883,2825,2959,161,7973,4251
8883,2825,2959,7790,5781,3857
8883,2825,2959,5243,9140,6123
8883,2825,2959,8285,9697,3398
8883,2825,2959,2,9310,7776
8883,2825,2959,2657,5927,4826
8883,2825,2959,3860,5295,3666
8883,2825,2959,1277,5412,4379
8883,2825,2959,1356,8084,4539
8883,2825,2959,9942,181,8977
8883,2825,2959,7382,9469,9005
8883,2825,2959,4930,4885,5699
8883,2825,2959,5339,7882,3018
8883,2825,2959,7317,8118,6201
8883,2825,2959,5743,2754,8635
8883,2825,2959,1855,5346,5968
8883,2825,2959,6536,9685,877
8883,2825,2959,3993,9265,541
8883,2825,2959,4216,7291,4518
8883,2825,2959,7887,9175,4554
8883,2825,2959,5908,7700,6477
8883,2825,2959,3372,3472,6893
8883,2825,2959,4155,10000,5551
8883,2825,2959,4279,5483,2069
8883,2825,2959,3586,4186,9674
8883,2825,2959,5505,1740,4051
8883,2825,2959,6727,4362,7708
8883,2825,2959,4691,6624,5599
8883,2825,2959,9120,6806,1464
8883,2825,2959,5192,4771,9579
8883,2825,2959,8075,7647,7240
8883,2825,2959,4901,857,1536
8883,2825,2959,6894,4518,8873
8883,2825,2959,786,8291,2981
8883,2825,2959,2053,7615,3797
8883,2825,2959,4087,2111,7285
8883,2825,2959,8351,5502,1710
8883,2825,2959,2207,2419,3542
8883,2825,2959,4572,328,2697
8883,2825,2959,1721,8444,3294
8883,2825,2959,3854,8559,3073
8883,2825,2959,5099,3459,6253
8883,2825,2959,8620,7936,8613
8883,2825,2959,9361,3897,2166
8883,2825,2959,4442,2682,4267
8883,2825,2959,4007,3754,7037
8883,2825,2959,3257,3869,590
8883,2825,2959,8419,2657,7955
8883,2825,2959,8178,1059,706
8883,2825,2959,4610,8435,4777
8883,2825,2959,4639,6702,9911
8883,2825,2959,465,3501,1498
8883,2825,2959,9057,168,6121
8883,2825,2959,9643,7183,4409
8883,2825,2959,3533,8003,4588
8883,2825,2959,9698,4266,5029
8883,2825,2959,9567,8233,5662
8883,2825,2959,4560,1154,2591
8883,2825,2959,2210,4265,9953
8883,2825,2959,5428,7402,1200
8883,2825,2959,1205,9126,5630
8883,2825,2959,7396,3074,8914
8883,2825,2959,3313,4197,6469
8883,2825,2959,6966,507,691
8883,2825,2959,7053,7288,3758
8883,2825,2959,2219,212,7852
8883,2825,2959,6402,7363,8985
8883,2825,2959,2852,485,1353
8883,2825,2959,1000,8294,324
8883,2825,2959,2224,8429,5147
8883,2825,2959,5852,594,4510
8883,2825,2959,6751,4288,5935
8883,2825,2959,8795,4534,7537
8883,2825,2959,9567,1658,5342
8883,2825,2959,8474,7249,6996
8883,2825,2959,5400,7300,865
8883,2825,2959,394,6893,8808
8883,2825,2959,6804,5559,5906
8883,2825,2959,5215,1559,2509
8883,2825,2959,5092,2296,2700
8883,2825,2959,2632,6520,7800
8883,2825,2959,3585,8418,9674
8883,2825,2959,1904,2596,342
8883,2825,2959,2241,6634,2916
8883,2825,2959,231,7385,5719
8883,2825,2959,5021,2314,2368
8883,2825,2959,1408,3635,3626
8883,2825,2959,7910,8085,7122
8883,2825,2959,3002,1863,8669
8883,2825,2959,2968,8256,7215
8883,2825,2959,415,3948,7873
8883,2825,2959,5362,423,8059
8883,2825,2959,8981,1574,6933
8883,2825,2959,2928,8773,3050
8883,2825,2959,5870,4137,3951
8883,2825,2959,7667,6163,4722
8883,2825,2959,3902,4264,2005
8883,2825,2959,9026,6193,5899
8883,2825,2959,4240,5960,8286
8883,2825,2959,3102,4725,8163
8883,2825,2959,640,3753,9369
8883,2825,2959,3420,2672,4634
8883,2825,2959,8068,186,4484
8883,2825,2959,8701,2575,889
8883,2825,2959,7249,5194,4757
8883,2825,2959,1596,8078,4100
8883,2825,2959,2941,7333,3515
8883,2825,2959,7414,3767,308
8883,2825,2959,3234,8260,9547
8883,2825,2959,939,6306,8
8883,2825,2959,4715,5681,4187
8883,2825,2959,8940,8196,1992
8883,2825,2959,1795,1401,7430
8883,2825,2959,133,8859,3633
8883,2825,2959,4444,4232,7636
8883,2825,2959,1161,2874,9043
8883,2825,2959,5578,9638,2396
8883,2825,2959,5266,9150,5714
8883,2825,2959,6587,6220,4498
8883,2825,2959,9370,3319,8777
8883,2825,2959,49,184,6374
8883,2825,2959,8175,8411,5898
8883,2825,2959,9252,1621,9631
8883,2825,2959,7071,1457,3242
8883,2825,2959,4860,9126,7846
8883,2825,2959,6896,1747,1587
8883,2825,2959,1935,248,4321
8883,2825,2959,1141,3371,5770
8883,2825,2959,2313,9519,2567
8883,2825,2959,2182,328,1069
8883,2825,2959,7384,8626,2039
8883,2825,2959,9018,81,1727
8883,2825,2959,2267,7230,8601
8883,2825,2959,6487,2913,966
8883,2825,2959,1303,3294,8243
8883,2825,2959,5099,822,3147
8883,2825,2959,9473,6141,5617
8883,2825,2959,9613,4954,2616
8883,2825,2959,9209,9949,5391
8883,2825,2959,6483,8032,51
8883,2825,2959,188,6006,2860
8883,2825,2959,1965,4799,7205
8883,2825,2959,9815,1098,3790
8883,2825,2959,2599,6373,2964
8883,2825,2959,5963,8262,9440
8883,2825,2959,4765,8174,8936
8883,2825,2959,2517,6278,1258
8883,2825,2959,3719,5914,8345
8883,2825,2959,4430,1000,7506
8883,2825,2959,1852,8469,5852
8883,2825,2959,671,1348,2495
8883,2825,2959,6593,9791,4548
8883,2825,2959,3693,5602,6473
8883,2825,2959,7488,9933,3948
8883,2825,2959,9633,8761,7701
8883,2825,2959,9396,3779,4999
8883,2825,2959,7258,3252,6989
8883,2825,2959,132,8845,8260
8883,2825,2959,1281,3373,8344
8883,2825,2959,3093,9333,5647
8883,2825,2959,7616,7434,1706
8883,2825,2959,7932,3755,7111
8883,2825,2959,7298,2455,9845
8883,2825,2959,9696,813,3015
8883,2825,2959,2962,3383,93
8883,2825,2959,4129,896,5704
8883,2825,2959,3243,6175,1633
8883,2825,2959,3736,9409,7353
8883,2825,2959,8986,6316,1309
8883,2825,2959,3994,1362,6115
8883,2825,2959,8079,2563,6937
8883,2825,2959,2368,3182,6450
8883,2825,2959,3321,356,4137
8883,2825,2959,1574,4363,605
8883,2825,2959,6329,6650,3540
8883,2825,2959,5468,9466,2526
8883,2825,2959,5642,4373,4051
8883,2825,2959,7473,2542,7980
8883,2825,2959,8501,6131,1108
8883,2825,2959,6725,5627,153
8883,2825,2959,6968,8324,9128
8883,2825,2959,3749,2096,1023
8883,2825,2959,4601,9949,9618
8883,2825,2959,9294,1935,5498
8883,2825,2959,3726,6000,7109
8883,2825,2959,8215,1723,2181
8883,2825,2959,9638,8453,8292
8883,2825,2959,3143,4503,2716
8883,2825,2959,5809,4092,9202
8883,2825,2959,8289,2563,7709
8883,2825,2959,8266,4959,6957
8883,2825,2959,2191,1317,7527
8883,2825,2959,2199,6215,373
8883,2825,2959,1086,113,2465
8883,2825,2959,4511,7933,4308
8883,2825,2959,4809,8389,314
8883,2825,2959,8675,912,6467
8883,2825,2959,6115,5708,7571
8883,2825,2959,8039,6566,9566
8883,2825,2959,7077,8331,2049
8883,2825,2959,7521,5009,3795
8883,2825,2959,2636,4564,7336
8883,2825,2959,8155,9025,3944
8883,2825,2959,2183,4436,8196
8883,2825,2959,2470,9802,9884
8883,2825,2959,3520,9150,3209
8883,2825,2959,2589,3742,7656
8883,2825,2959,6491,278,2024
8883,2825,2959,3894,4506,3423
8883,2825,2959,1074,3118,8219
8883,2825,2959,1554,4262,8067
8883,2825,2959,4996,5689,2288
8883,2825,2959,3808,918,9732
8883,2825,2959,8803,5504,7821
8883,2825,2959,21,515,4836
8883,2825,2959,4641,1594,7779
8883,2825,2959,9267,1179,5083
8883,2825,2959,10,4957,6258
8883,2825,2959,3202,5970,5460
8883,2825,2959,581,9474,9715
8883,2825,2959,9740,9290,4439
8883,2825,2959,3014,22,9098
8883,2825,2959,6468,9843,9242
8883,2825,2959,6424,873,8186
8883,2825,2959,1591,2408,894
8883,2825,2959,862,55,6927
8883,2825,2959,6245,846,6400
8883,2825,2959,8955,7619,7363
8883,2825,2959,5989,6715,9199
8883,2825,2959,2700,6579,5846
8883,2825,2959,3881,408,6001
8883,2825,2959,4868,2650,4791
8883,2825,2959,8806,763,7897
8883,2825,2959,1189,5436,983
8883,2825,2959,1353,352,7973
8883,2825,2959,6692,6961,3155
8883,2825,2959,4129,7232,60
8883,2825,2959,2512,6796,5420
8883,2825,2959,5789,6864,9739
8883,2825,2959,2433,8472,891
8883,2825,2959,8752,9944,7154
8883,2825,2959,3863,2878,7320
8883,2825,2959,3778,156,3252
8883,2825,2959,8354,4056,9992
8883,2825,2959,5508,8929,2052
8883,2825,2959,3514,3124,9701
8883,2825,2959,5658,9257,6419
8883,2825,2959,6559,4119,1329
8883,2825,2959,734,2880,8751
8883,2825,2959,2250,4860,5174
8883,2825,2959,4274,2824,4378
8883,2825,2959,6979,8212,8750
8883,2825,2959,4467,8030,5373
8883,2825,2959,5065,4875,5950
8883,2825,2959,7700,5887,9380
8883,2825,2959,8484,233,1227
8883,2825,2959,3383,2272,3108
8883,2825,2959,4191,3334,2075
8883,2825,2959,7519,4728,1211
8883,2825,2959,3760,4082,5552
8883,2825,2959,6288,5254,5777
8883,2825,2959,4593,372,5083
8883,2825,2959,1571,8961,3082
8883,2825,2959,3157,4317,5008
8883,2825,2959,4580,4700,6242
8883,2825,2959,4915,9212,6566
8883,2825,2959,2637,2348,6595
8883,2825,2959,352,1343,7440
8883,2825,2959,7775,285,2165
8883,2825,2959,2135,9176,6138
8883,2825,2959,277,6176,9169
8883,2825,2959,5589,4102,2698
8883,2825,2959,9109,4658,7847
8883,2825,2959,4175,8439,2407
8883,2825,2959,4554,6951,9642
8883,2825,2959,2094,2118,6030
8883,2825,2959,2913,9168,4449
8883,2825,2959,4885,2497,2043
8883,2825,2959,8244,5851,4507
8883,2825,2959,5839,2841,9384
8883,2825,2959,6827,7678,8984
8883,2825,2959,2535,4104,3368
8883,2825,2959,5503,5492,9287
8883,2825,2959,252,2017,1428
8883,2825,2959,9981,6635,2143
8883,2825,2959,3305,6263,393
8883,2825,2959,1698,4143,8636
8883,2825,2959,4452,7457,8409
8883,2825,2959,8364,7673,7365
8883,2825,2959,3707,218,3175
8883,2825,2959,1547,9074,8844
8883,2825,2959,7318,2722,8211
8883,2825,2959,2452,7638,2322
8883,2825,2959,7765,6857,8663
8883,2825,2959,6092,7826,4370
8883,2825,2959,3374,4845,2336
8883,2825,2959,6998,3278,9641
8883,2825,2959,6017,4909,3303
8883,2825,2959,2426,4677,4620
8883,2825,2959,9004,5574,6561
8883,2825,2959,4899,866,6337
8883,2825,2959,7901,8145,7514
8883,2825,2959,980,9868,3723
8883,2825,2959,5894,4321,8038
8883,2825,2959,9896,4483,6597
8883,2825,2959,2113,8283,6297
8883,2825,2959,9322,2764,7787
8883,2825,2959,3821,728,2696
8883,2825,2959,3902,8264,3398
8883,2825,2959,352,7879,4990
8883,2825,2959,879,4684,4664
8883,2825,2959,9573,9032,9160
8883,2825,2959,2812,2085,2081
8883,2825,2959,8056,5199,3053
8883,2825,2959,5637,7618,9226
8883,2825,2959,4828,1855,1699
8883,2825,2959,2046,3670,7190
8883,2825,2959,1835,5833,6066
8883,2825,2959,6076,5861,2783
8883,2825,2959,5622,7287,5475
8883,2825,2959,6389,2067,211
8883,2825,2959,3514,4826,2984
8883,2825,2959,3614,2712,3242
8883,2825,2959,5977,9892,8968
8883,2825,2959,408,8354,8587
8883,2825,2959,3727,9744,2586
8883,2825,2959,555,7454,5350
8883,2825,2959,6727,6527,8105
8883,2825,2959,6795,9294,5425
8883,2825,2959,3953,4680,9119
8883,2825,2959,1578,9719,8313
8883,2825,2959,6679,4959,1267
8883,2825,2959,5487,5338,4078
8883,2825,2959,3932,5057,8973
8883,2825,2959,6309,2605,2268
8883,2825,2959,4638,141,7642
8883,2825,2959,3970,1284,5802
8883,2825,2959,6125,8903,7819
8883,2825,2959,3311,5032,1744
8883,2825,2959,2378,1965,1445
8883,2825,2959,6658,5723,2233
8883,2825,2959,1166,3478,2326
8883,2825,2959,274,605,9532
8883,2825,2959,2200,216,3372
8883,2825,2959,4108,8374,2118
8883,2825,2959,1334,187,1242
8883,2825,2959,8208,9053,917
8883,2825,2959,651,6146,9737
8883,2825,2959,3051,6330,3997
8883,2825,2959,7612,6967,8667
8883,2825,2959,6472,820,6214
8883,2825,2959,7350,7525,8260
8883,2825,2959,7968,2102,6150
8883,2825,2959,8258,9920,1346
8883,2825,2959,5321,788,2935
8883,2825,2959,4551,2254,4340
8883,2825,2959,8898,6828,9492
8883,2825,2959,7884,9329,7024
8883,2825,2959,4237,9865,3437
8883,2825,2959,5442,7729,9046
8883,2825,2959,7843,5268,1522
8883,2825,2959,1224,478,320
8883,2825,2959,6112,5349,1397
8883,2825,2959,5748,3354,1145
8883,2825,2959,438,9573,4262
8883,2825,2959,2336,7438,4097
8883,2825,2959,4042,5416,6631
8883,2825,2959,1502,981,973
8883,2825,2959,1923,135,2184
8883,2825,2959,4877,4396,4512
8883,2825,2959,1075,3685,5571
8883,2825,2959,991,2082,1983
8883,2825,2959,1489,7538,1335
8883,2825,2959,6025,5369,8942
8883,2825,2959,7106,6925,7924
8883,2825,2959,6947,7511,763
8883,2825,2959,3354,447,9841
8883,2825,2959,4506,8265,3483
8883,2825,2959,6769,8361,4805
8883,2825,2959,7991,8345,6361
8883,2825,2959,760,139,4545
8883,2825,2959,3240,131,1644
8883,2825,2959,1268,7409,2006
8883,2825,2959,9189,1899,3283
8883,2825,2959,583,4974,7476
8883,2825,2959,5652,3627,6694
8883,2825,2959,1221,3366,7555
8883,2825,2959,2112,5900,2861
8883,2825,2959,5951,9079,4442
8883,2825,2959,409,7079,8112
8883,2825,2959,1610,2827,6331
8883,2825,2959,6083,3782,1715
8883,2825,2959,6090,9672,8473
8883,2825,2959,1852,7404,2136
8883,2825,2959,4479,4236,7289
8883,2825,2959,512,7531,8019
8883,2825,2959,9280,5765,5698
8883,2825,2959,7563,7265,6215
8883,2825,2959,2389,9211,3043
8883,2825,2959,6432,3588,4257
8883,2825,2959,7804,3642,3897
