8883,2825,2959,7622,5616,6918
8883,2825,2959,4370,916,3114
8883,2825,2959,5804,4202,3736
8883,2825,2959,8208,1069,8114
8883,2825,2959,4960,1659,7910
8883,2825,2959,5046,3141,9616
8883,2825,2959,2901,3180,4948
8883,2825,2959,7690,942,2322
8883,2825,2959,136,2138,8278
8883,2825,2959,1144,3102,6509
8883,2825,2959,8700,4057,8170
8883,2825,2959,283,6378,7366
8883,2825,2959,9365,6191,8817
8883,2825,2959,5048,4539,3500
8883,2825,2959,3579,9622,6800
8883,2825,2959,7116,4724,4643
8883,2825,2959,9467,3313,746
8883,2825,2959,8149,3444,3248
8883,2825,2959,8912,689,1040
8883,2825,2959,6150,7795,6139
8883,2825,2959,1649,9567,6770
8883,2825,2959,8243,6523,2266
8883,2825,2959,1033,4062,8396
8883,2825,2959,2500,8437,9969
8883,2825,2959,1664,6412,3321
8883,2825,2959,4498,737,7340
8883,2825,2959,9454,3326,9031
8883,2825,2959,9588,2756,1112
8883,2825,2959,9603,9833,2677
8883,2825,2959,2762,2295,501
8883,2825,2959,7809,6239,5801
8883,2825,2959,4881,893,5555
8883,2825,2959,4426,8738,7118
8883,2825,2959,6893,6473,6376
8883,2825,2959,1026,7260,2131
8883,2825,2959,7681,1446,4176
8883,2825,2959,4770,8648,9964
8883,2825,2959,5635,1964,6733
8883,2825,2959,1873,2530,8563
8883,2825,2959,8698,4905,5902
8883,2825,2959,7671,2663,570
8883,2825,2959,2166,8424,6478
8883,2825,2959,7169,7532,7953
8883,2825,2959,3325,699,2249
8883,2825,2959,3451,2590,624
8883,2825,2959,8196,6391,1607
8883,2825,2959,7518,1416,6193
8883,2825,2959,7648,2618,7427
8883,2825,2959,125,1076,9458
8883,2825,2959,786,1978,4514
8883,2825,2959,8436,6762,8810
8883,2825,2959,4572,8777,1628
8883,2825,2959,5850,4348,7203
8883,2825,2959,745,4257,8670
8883,2825,2959,7727,8573,7526
8883,2825,2959,2942,5583,5508
8883,2825,2959,4540,9419,3379
8883,2825,2959,9020,6189,4146
8883,2825,2959,5002,7311,3898
8883,2825,2959,5887,3852,1537
8883,2825,2959,7760,3215,4656
8883,2825,2959,3183,4108,9099
8883,2825,2959,9926,2381,5427
8883,2825,2959,474,9345,9334
8883,2825,2959,7466,3534,7713
8883,2825,2959,9907,5169,751
8883,2825,2959,8523,1342,9856
8883,2825,2959,3925,2442,7720
8883,2825,2959,5861,2741,3358
8883,2825,2959,3226,2420,6379
8883,2825,2959,4710,6239,833
8883,2825,2959,7154,3497,6038
8883,2825,2959,4594,2295,9804
8883,2825,2959,3852,5281,6764
8883,2825,2959,9228,9625,2501
8883,2825,2959,4609,9627,3686
8883,2825,2959,3621,4209,4040
8883,2825,2959,4047,2261,5032
8883,2825,2959,149,8289,1435
8883,2825,2959,7276,4409,1563
8883,2825,2959,831,3687,6469
8883,2825,2959,4578,8281,7714
8883,2825,2959,8416,9293,3727
8883,2825,2959,6475,1921,3744
8883,2825,2959,2630,1690,9169
8883,2825,2959,5914,4519,691
8883,2825,2959,1415,2906,7449
8883,2825,2959,3334,7290,9044
8883,2825,2959,7528,4100,2521
8883,2825,2959,7722,913,8878
8883,2825,2959,4623,4675,4984
8883,2825,2959,2481,6212,7144
8883,2825,2959,389,3848,8687
8883,2825,2959,9217,965,9071
8883,2825,2959,686,5649,8329
8883,2825,2959,1006,4708,5080
8883,2825,2959,5487,9403,364
8883,2825,2959,1436,1182,3328
8883,2825,2959,4924,9314,3676
8883,2825,2959,1603,6450,6902
8883,2825,2959,2041,6577,5730
8883,2825,2959,6914,5907,7269
8883,2825,2959,8235,4175,6879
8883,2825,2959,2398,7478,9378
8883,2825,2959,2190,7422,9456
8883,2825,2959,2426,5943,4218
8883,2825,2959,7850,3439,408
8883,2825,2959,6298,623,6970
8883,2825,2959,8185,8300,8273
8883,2825,2959,4583,9879,5800
8883,2825,2959,3472,7225,5264
8883,2825,2959,3656,4456,9831
8883,2825,2959,2522,1838,1124
8883,2825,2959,8070,9032,9234
8883,2825,2959,1830,3697,2040
8883,2825,2959,5619,2024,3047
8883,2825,2959,1370,228,2845
8883,2825,2959,2444,968,8364
8883,2825,2959,482,4953,982
8883,2825,2959,5998,5069,1486
8883,2825,2959,4997,6853,692
8883,2825,2959,4118,5550,3640
8883,2825,2959,8498,8067,8725
8883,2825,2959,334,5870,597
8883,2825,2959,527,2957,7349
8883,2825,2959,5290,940,2370
8883,2825,2959,7129,9516,3464
8883,2825,2959,3351,37,4455
8883,2825,2959,8832,1570,7894
8883,2825,2959,2298,285,3700
8883,2825,2959,3705,1842,1874
8883,2825,2959,8722,5465,9216
8883,2825,2959,270,6043,3483
8883,2825,2959,7939,9783,2551
8883,2825,2959,791,7410,8494
8883,2825,2959,8354,5870,9057
8883,2825,2959,6988,2001,1788
8883,2825,2959,4012,1178,5259
8883,2825,2959,7644,598,4995
8883,2825,2959,4689,1146,9933
8883,2825,2959,5470,4324,1713
8883,2825,2959,4658,963,838
8883,2825,2959,173,1090,1928
8883,2825,2959,4198,2641,4549
8883,2825,2959,8507,5467,7791
8883,2825,2959,485,7586,2406
8883,2825,2959,5693,7607,1744
8883,2825,2959,6785,5493,5042
8883,2825,2959,6815,8383,527
8883,2825,2959,5454,3680,9309
8883,2825,2959,9147,4050,6687
8883,2825,2959,162,1885,1629
8883,2825,2959,6758,3220,8912
8883,2825,2959,8670,4213,5005
8883,2825,2959,4231,2383,3183
8883,2825,2959,77,5140,7869
8883,2825,2959,2409,8979,2332
8883,2825,2959,3380,5200,2096
8883,2825,2959,1863,5677,8248
8883,2825,2959,7394,2295,5992
8883,2825,2959,9547,8864,3324
8883,2825,2959,504,9020,7922
8883,2825,2959,8592,1773,3569
8883,2825,2959,1370,7488,8886
8883,2825,2959,8572,761,6275
8883,2825,2959,5802,7433,5541
8883,2825,2959,7266,268,1598
8883,2825,2959,2820,2121,9497
8883,2825,2959,2490,6426,375
8883,2825,2959,1377,1850,5383
8883,2825,2959,4673,8421,7582
8883,2825,2959,9756,5917,3596
8883,2825,2959,3375,3835,3892
8883,2825,2959,9844,2446,1099
8883,2825,2959,8568,4866,1172
8883,2825,2959,1834,920,1939
8883,2825,2959,5070,787,3235
8883,2825,2959,1718,5639,6561
8883,2825,2959,663,7887,9775
8883,2825,2959,7471,4469,2846
8883,2825,2959,7347,8413,1294
8883,2825,2959,4962,622,9903
8883,2825,2959,2030,2324,1872
8883,2825,2959,6549,3567,4656
8883,2825,2959,1540,4489,150
8883,2825,2959,2656,7647,1408
8883,2825,2959,5326,9971,1499
8883,2825,2959,6966,6838,1404
8883,2825,2959,8003,8107,6283
8883,2825,2959,6434,508,8750
8883,2825,2959,1594,9560,6897
8883,2825,2959,2308,9549,2856
8883,2825,2959,8474,6935,6996
8883,2825,2959,3463,9950,9009
8883,2825,2959,2136,428,3799
8883,2825,2959,7944,3778,6338
8883,2825,2959,9580,5397,7561
8883,2825,2959,627,5496,7062
8883,2825,2959,9691,7111,9446
8883,2825,2959,6706,7244,4190
8883,2825,2959,2536,9855,2084
8883,2825,2959,9689,1781,7832
8883,2825,2959,8210,3294,4659
8883,2825,2959,296,3198,748
8883,2825,2959,2694,271,8892
8883,2825,2959,3409,7037,16
8883,2825,2959,9320,8438,7717
8883,2825,2959,6878,6870,9926
8883,2825,2959,9691,4485,9174
8883,2825,2959,7176,5912,494
8883,2825,2959,7505,2365,2831
8883,2825,2959,5076,9976,9321
8883,2825,2959,5483,546,2055
8883,2825,2959,8265,6927,46
8883,2825,2959,1902,9805,1707
8883,2825,2959,9845,460,5841
8883,2825,2959,5926,8366,3804
8883,2825,2959,4123,2305,1081
8883,2825,2959,1121,8824,6330
8883,2825,2959,8542,9681,8880
8883,2825,2959,7436,9190,7022
8883,2825,2959,154,7666,5942
8883,2825,2959,9409,9460,4086
8883,2825,2959,4150,2256,8403
8883,2825,2959,9998,9268,9155
8883,2825,2959,1625,210,1958
8883,2825,2959,6831,6583,1759
8883,2825,2959,1895,9274,8540
8883,2825,2959,5836,3825,7531
8883,2825,2959,3278,82,8876
8883,2825,2959,557,1317,367
8883,2825,2959,7475,6271,1732
8883,2825,2959,6123,1849,529
8883,2825,2959,2021,9034,176
8883,2825,2959,2393,6314,9615
8883,2825,2959,2104,219,7201
8883,2825,2959,58,6379,8231
8883,2825,2959,5540,8753,8485
8883,2825,2959,7925,6851,6155
8883,2825,2959,9426,6251,9732
8883,2825,2959,7494,2766,6581
8883,2825,2959,6862,3040,7839
8883,2825,2959,4539,2691,3340
8883,2825,2959,3,9901,4977
8883,2825,2959,4755,1949,3765
8883,2825,2959,9028,4521,8935
8883,2825,2959,9949,3923,1304
8883,2825,2959,1902,4381,435
8883,2825,2959,3502,4964,7350
8883,2825,2959,9574,4425,6373
8883,2825,2959,6959,3942,1318
8883,2825,2959,4051,2672,1426
8883,2825,2959,9368,9511,5083
8883,2825,2959,9805,7095,7263
8883,2825,2959,2851,1900,822
8883,2825,2959,9213,9861,6710
8883,2825,2959,7582,5798,6295
8883,2825,2959,7749,6920,2861
8883,2825,2959,8136,7391,5585
8883,2825,2959,6710,3062,8463
8883,2825,2959,6414,1685,9668
8883,2825,2959,6323,9065,7647
8883,2825,2959,5753,4687,2069
8883,2825,2959,373,4636,1312
8883,2825,2959,3055,3158,6812
8883,2825,2959,9565,7101,9761
8883,2825,2959,1980,4041,8068
8883,2825,2959,7720,7603,6066
8883,2825,2959,7113,1540,5514
8883,2825,2959,2480,5639,9759
8883,2825,2959,7888,8775,7823
8883,2825,2959,5982,1776,9842
8883,2825,2959,9938,7854,6235
8883,2825,2959,2052,3029,9287
8883,2825,2959,3028,9454,128
8883,2825,2959,4824,8754,7795
8883,2825,2959,8527,2237,9708
8883,2825,2959,3529,4170,902
8883,2825,2959,6275,2776,1743
8883,2825,2959,382,420,4141
8883,2825,2959,3501,9317,6193
8883,2825,2959,3150,2958,1839
8883,2825,2959,1498,4135,3837
8883,2825,2959,8724,5567,3640
8883,2825,2959,6818,4912,7935
8883,2825,2959,8915,6338,1230
8883,2825,2959,3893,7379,7495
8883,2825,2959,5152,9301,7680
8883,2825,2959,3436,7445,1904
8883,2825,2959,9787,3424,9010
8883,2825,2959,2512,5204,1668
8883,2825,2959,6977,949,7566
8883,2825,2959,6070,7469,9985
8883,2825,2959,5703,8465,4983
8883,2825,2959,1559,3643,9684
8883,2825,2959,9270,6791,2421
8883,2825,2959,6464,7673,370
8883,2825,2959,5610,9400,585
8883,2825,2959,1240,5836,4508
8883,2825,2959,3524,8337,2857
8883,2825,2959,2531,3202,8384
8883,2825,2959,1444,6373,9214
8883,2825,2959,2903,5376,635
8883,2825,2959,3387,9526,6200
8883,2825,2959,6331,6098,3490
8883,2825,2959,222,8763,6429
8883,2825,2959,1396,8426,2078
8883,2825,2959,6612,4412,5583
8883,2825,2959,2250,294,306
8883,2825,2959,9576,28,2274
8883,2825,2959,4797,6315,1241
8883,2825,2959,1929,2671,5159
8883,2825,2959,8867,6746,711
8883,2825,2959,9110,1317,96
8883,2825,2959,3977,8458,2600
8883,2825,2959,5491,4491,2259
8883,2825,2959,4599,6499,6440
8883,2825,2959,1629,8737,6613
8883,2825,2959,88,8809,523
8883,2825,2959,6808,3447,638
8883,2825,2959,4376,7967,951
8883,2825,2959,3988,3005,5544
8883,2825,2959,308,950,8356
8883,2825,2959,2740,2100,9278
8883,2825,2959,620,5522,8510
8883,2825,2959,2465,9820,465
8883,2825,2959,9119,3402,1440
8883,2825,2959,7717,3954,6967
8883,2825,2959,1542,1664,7405
8883,2825,2959,1289,6625,5827
8883,2825,2959,4775,3081,6874
8883,2825,2959,7042,6033,4692
8883,2825,2959,1342,2818,9786
8883,2825,2959,3296,4059,7552
8883,2825,2959,1099,7408,1467
8883,2825,2959,6685,8330,3412
8883,2825,2959,8373,799,1432
8883,2825,2959,819,1912,8135
8883,2825,2959,7376,9362,1096
8883,2825,2959,7808,6349,5351
8883,2825,2959,5207,5786,9726
8883,2825,2959,5520,916,1522
8883,2825,2959,5135,4227,2403
8883,2825,2959,4832,2948,2795
8883,2825,2959,8130,5847,7956
8883,2825,2959,4225,2022,70
8883,2825,2959,1056,3492,8426
8883,2825,2959,2357,8259,4475
8883,2825,2959,9770,2469,5848
8883,2825,2959,487,1854,7986
8883,2825,2959,4387,8190,7544
8883,2825,2959,8716,7928,3284
8883,2825,2959,4250,3886,4180
8883,2825,2959,8104,678,2018
8883,2825,2959,2859,5282,650
8883,2825,2959,1038,1592,9316
8883,2825,2959,4565,1610,4822
8883,2825,2959,3038,2707,2627
8883,2825,2959,2970,3271,5651
8883,2825,2959,7179,1658,8057
8883,2825,2959,364,9590,6962
8883,2825,2959,7246,2010,3657
8883,2825,2959,5808,658,2724
8883,2825,2959,9716,9607,7
8883,2825,2959,7107,8342,4387
8883,2825,2959,3149,3615,6718
8883,2825,2959,1230,8683,5539
8883,2825,2959,8896,6796,5707
8883,2825,2959,9981,9390,4731
8883,2825,2959,4167,911,6384
8883,2825,2959,7631,3183,9940
8883,2825,2959,3481,68,7968
8883,2825,2959,5690,590,1148
8883,2825,2959,877,3328,1802
8883,2825,2959,9180,4208,317
8883,2825,2959,4043,9898,8451
8883,2825,2959,1020,4321,2994
8883,2825,2959,2413,5823,8689
8883,2825,2959,9300,2994,4755
8883,2825,2959,3184,3368,2465
8883,2825,2959,6911,3568,1173
8883,2825,2959,1080,4135,300
8883,2825,2959,9366,1658,7767
8883,2825,2959,2311,3556,4840
8883,2825,2959,2566,8793,1826
8883,2825,2959,481,3816,897
8883,2825,2959,3071,85,4990
8883,2825,2959,5334,6759,2390
8883,2825,2959,7083,9609,2317
8883,2825,2959,9275,9054,8597
8883,2825,2959,9993,1567,7764
8883,2825,2959,2258,3969,109
8883,2825,2959,2626,7175,2441
8883,2825,2959,5697,9449,60
8883,2825,2959,9925,8946,7650
8883,2825,2959,3134,6451,9453
8883,2825,2959,3847,1731,8916
8883,2825,2959,893,168,2483
8883,2825,2959,1226,1487,8342
8883,2825,2959,5799,3311,5377
8883,2825,2959,2287,2870,7572
8883,2825,2959,936,714,37
8883,2825,2959,2348,5537,715
8883,2825,2959,2795,8404,612
8883,2825,2959,4592,4935,5216
8883,2825,2959,8413,1938,3269
8883,2825,2959,847,9369,9959
8883,2825,2959,4901,9733,2068
8883,2825,2959,2783,5951,7078
8883,2825,2959,2524,7261,2827
8883,2825,2959,8038,5646,1032
8883,2825,2959,595,4007,2160
8883,2825,2959,6731,6924,9274
8883,2825,2959,1061,8577,7211
8883,2825,2959,1197,8164,1463
8883,2825,2959,7666,1474,6983
8883,2825,2959,1838,7582,1747
8883,2825,2959,1420,862,3815
8883,2825,2959,512,7483,1492
8883,2825,2959,2115,7275,4386
8883,2825,2959,2723,2908,9744
8883,2825,2959,3810,3959,5221
8883,2825,2959,6241,1077,9804
8883,2825,2959,3065,1328,6419
8883,2825,2959,4921,7828,3203
8883,2825,2959,5477,1679,1728
8883,2825,2959,9511,1603,6083
8883,2825,2959,7192,8496,3761
8883,2825,2959,7010,3575,8430
8883,2825,2959,1804,8596,4360
8883,2825,2959,7604,3577,8093
8883,2825,2959,3718,3681,6661
8883,2825,2959,1776,686,9036
8883,2825,2959,141,2147,508
8883,2825,2959,1632,5206,7161
8883,2825,2959,5811,7960,2357
8883,2825,2959,9196,3738,1465
8883,2825,2959,6451,1854,6687
8883,2825,2959,7566,3289,3361
8883,2825,2959,5403,2258,8813
8883,2825,2959,1657,2589,4361
8883,2825,2959,509,7653,6548
8883,2825,2959,3531,6547,8008
8883,2825,2959,5542,453,2548
8883,2825,2959,2428,1044,6677
8883,2825,2959,9565,315,1932
8883,2825,2959,3730,4362,1090
8883,2825,2959,7468,651,9771
8883,2825,2959,9772,1837,9925
8883,2825,2959,434,7513,6528
8883,2825,2959,8623,2430,5493
8883,2825,2959,9429,7965,9059
8883,2825,2959,3716,8032,6376
8883,2825,2959,4109,9390,1801
8883,2825,2959,7417,6596,6357
8883,2825,2959,4600,1539,2941
8883,2825,2959,7012,4974,5629
8883,2825,2959,7176,7022,4574
8883,2825,2959,2571,2500,6005
8883,2825,2959,3087,7858,9557
8883,2825,2959,6921,9221,4646
8883,2825,2959,5212,1621,2971
8883,2825,2959,189,3293,8285
8883,2825,2959,146,3906,4946
8883,2825,2959,6815,310,4721
8883,2825,2959,3671,5211,1843
8883,2825,2959,5490,2137,7315
8883,2825,2959,8505,5646,2150
8883,2825,2959,770,7365,757
8883,2825,2959,1582,4336,3585
8883,2825,2959,330,187,6101
8883,2825,2959,8533,8513,9058
8883,2825,2959,4263,2669,4083
8883,2825,2959,2595,9404,259
8883,2825,2959,9218,6813,4021
8883,2825,2959,4666,4134,4901
8883,2825,2959,6436,4888,5978
8883,2825,2959,8232,6121,4811
8883,2825,2959,9849,2063,9092
8883,2825,2959,147,8105,5355
8883,2825,2959,1818,5144,6738
8883,2825,2959,1438,4793,5945
8883,2825,2959,5345,930,6257
8883,2825,2959,7762,7506,7757
8883,2825,2959,5888,2963,2802
8883,2825,2959,3190,5466,276
8883,2825,2959,5869,9766,4318
8883,2825,2959,4360,6243,329
8883,2825,2959,7436,4755,1333
8883,2825,2959,196,1564,6929
8883,2825,2959,3323,3332,7908
8883,2825,2959,2556,5655,777
8883,2825,2959,9905,8481,4525
8883,2825,2959,6190,9355,3948
8883,2825,2959,9360,6256,4286
8883,2825,2959,3052,4118,6812
8883,2825,2959,6257,4131,3374
8883,2825,2959,6899,6282,7020
8883,2825,2959,522,7087,9166
8883,2825,2959,3711,2803,7484
8883,2825,2959,9129,3670,8269
8883,2825,2959,2964,1515,7426
8883,2825,2959,6583,5972,2463
8883,2825,2959,9912,5284,7224
8883,2825,2959,1995,431,8353
8883,2825,2959,7445,2856,9198
8883,2825,2959,491,3377,2928
8883,2825,2959,5401,7273,6856
8883,2825,2959,328,9461,9358
8883,2825,2959,7545,9389,4799
