2380,6196,1311,298,1501,7379
2380,6196,1311,8615,7768,1509
2380,6196,1311,7151,2781,9511
2380,6196,1311,6665,2553,8694
2380,6196,1311,4393,8976,9218
2380,6196,1311,8390,324,657
2380,6196,1311,9734,7181,6593
2380,6196,1311,3659,5787,3741
2380,6196,1311,4872,4333,3444
2380,6196,1311,3558,6806,9206
2380,6196,1311,9845,2932,2214
2380,6196,1311,4808,676,1771
2380,6196,1311,252,1916,5717
2380,6196,1311,8497,1946,8058
2380,6196,1311,8178,4998,3815
2380,6196,1311,7697,3963,8077
2380,6196,1311,8628,1199,3811
2380,6196,1311,5913,1379,1377
2380,6196,1311,8532,1270,6298
2380,6196,1311,5287,2341,9819
2380,6196,1311,5750,5444,1905
2380,6196,1311,3317,2299,6818
2380,6196,1311,2804,2819,2720
2380,6196,1311,4341,2735,4663
2380,6196,1311,4940,2827,7208
2380,6196,1311,4432,7713,3736
2380,6196,1311,3722,2357,7676
2380,6196,1311,7635,723,1775
2380,6196,1311,6317,2492,6594
2380,6196,1311,47,1110,3417
2380,6196,1311,9906,8781,1039
2380,6196,1311,1986,563,3764
2380,6196,1311,8784,5449,2217
2380,6196,1311,9290,3624,9954
2380,6196,1311,9662,1108,1639
2380,6196,1311,6859,2975,2907
2380,6196,1311,6820,7078,4429
2380,6196,1311,3069,5438,551
2380,6196,1311,3011,3281,8392
2380,6196,1311,161,7973,4251
2380,6196,1311,7790,5781,3857
2380,6196,1311,5243,9140,6123
2380,6196,1311,8285,9697,3398
2380,6196,1311,2,9310,7776
2380,6196,1311,2657,5927,4826
2380,6196,1311,3860,5295,3666
2380,6196,1311,1277,5412,4379
2380,6196,1311,1356,8084,4539
2380,6196,1311,9942,181,8977
2380,6196,1311,7382,9469,9005
2380,6196,1311,4930,4885,5699
2380,6196,1311,5339,7882,3018
2380,6196,1311,7317,8118,6201
2380,6196,1311,5743,2754,8635
2380,6196,1311,1855,5346,5968
2380,6196,1311,6536,9685,877
2380,6196,1311,3993,9265,541
2380,6196,1311,4216,7291,4518
2380,6196,1311,7887,9175,4554
2380,6196,1311,5908,7700,6477
2380,6196,1311,3372,3472,6893
2380,6196,1311,4155,10000,5551
2380,6196,1311,4279,5483,2069
2380,6196,1311,3586,4186,9674
2380,6196,1311,5505,1740,4051
2380,6196,1311,6727,4362,7708
2380,6196,1311,4691,6624,5599
2380,6196,1311,9120,6806,1464
2380,6196,1311,5192,4771,9579
2380,6196,1311,8075,7647,7240
2380,6196,1311,4901,857,1536
2380,6196,1311,6894,4518,8873
2380,6196,1311,786,8291,2981
2380,6196,1311,2053,7615,3797
2380,6196,1311,4087,2111,7285
2380,6196,1311,8351,5502,1710
2380,6196,1311,2207,2419,3542
2380,6196,1311,4572,328,2697
2380,6196,1311,1721,8444,3294
2380,6196,1311,3854,8559,3073
2380,6196,1311,5099,3459,6253
2380,6196,1311,8620,7936,8613
2380,6196,1311,9361,3897,2166
2380,6196,1311,4442,2682,4267
2380,6196,1311,4007,3754,7037
2380,6196,1311,3257,3869,590
2380,6196,1311,8419,2657,7955
2380,6196,1311,8178,1059,706
2380,6196,1311,4610,8435,4777
2380,6196,1311,4639,6702,9911
2380,6196,1311,465,3501,1498
2380,6196,1311,9057,168,6121
2380,6196,1311,9643,7183,4409
2380,6196,1311,3533,8003,4588
2380,6196,1311,9698,4266,5029
2380,6196,1311,9567,8233,5662
2380,6196,1311,4560,1154,2591
2380,6196,1311,2210,4265,9953
2380,6196,1311,5428,7402,1200
2380,6196,1311,1205,9126,5630
2380,6196,1311,7396,3074,8914
2380,6196,1311,3313,4197,6469
2380,6196,1311,6966,507,691
2380,6196,1311,7053,7288,3758
2380,6196,1311,2219,212,7852
2380,6196,1311,6402,7363,8985
2380,6196,1311,2852,485,1353
2380,6196,1311,1000,8294,324
2380,6196,1311,2224,8429,5147
2380,6196,1311,5852,594,4510
2380,6196,1311,6751,4288,5935
2380,6196,1311,8795,4534,7537
2380,6196,1311,9567,1658,5342
2380,6196,1311,8474,7249,6996
2380,6196,1311,5400,7300,865
2380,6196,1311,394,6893,8808
2380,6196,1311,6804,5559,5906
2380,6196,1311,5215,1559,2509
2380,6196,1311,5092,2296,2700
2380,6196,1311,2632,6520,7800
2380,6196,1311,3585,8418,9674
2380,6196,1311,1904,2596,342
2380,6196,1311,2241,6634,2916
2380,6196,1311,231,7385,5719
2380,6196,1311,5021,2314,2368
2380,6196,1311,1408,3635,3626
2380,6196,1311,7910,8085,7122
2380,6196,1311,3002,1863,8669
2380,6196,1311,2968,8256,7215
2380,6196,1311,415,3948,7873
2380,6196,1311,5362,423,8059
2380,6196,1311,8981,1574,6933
2380,6196,1311,2928,8773,3050
2380,6196,1311,5870,4137,3951
2380,6196,1311,7667,6163,4722
2380,6196,1311,3902,4264,2005
2380,6196,1311,9026,6193,5899
2380,6196,1311,4240,5960,8286
2380,6196,1311,3102,4725,8163
2380,6196,1311,640,3753,9369
2380,6196,1311,3420,2672,4634
2380,6196,1311,8068,186,4484
2380,6196,1311,8701,2575,889
2380,6196,1311,7249,5194,4757
2380,6196,1311,1596,8078,4100
2380,6196,1311,2941,7333,3515
2380,6196,1311,7414,3767,308
2380,6196,1311,3234,8260,9547
2380,6196,1311,939,6306,8
2380,6196,1311,4715,5681,4187
2380,6196,1311,8940,8196,1992
2380,6196,1311,1795,1401,7430
2380,6196,1311,133,8859,3633
2380,6196,1311,4444,4232,7636
2380,6196,1311,1161,2874,9043
2380,6196,1311,5578,9638,2396
2380,6196,1311,5266,9150,5714
2380,6196,1311,6587,6220,4498
2380,6196,1311,9370,3319,8777
2380,6196,1311,49,184,6374
2380,6196,1311,8175,8411,5898
2380,6196,1311,9252,1621,9631
2380,6196,1311,7071,1457,3242
2380,6196,1311,4860,9126,7846
2380,6196,1311,6896,1747,1587
2380,6196,1311,1935,248,4321
2380,6196,1311,1141,3371,5770
2380,6196,1311,2313,9519,2567
2380,6196,1311,2182,328,1069
2380,6196,1311,7384,8626,2039
2380,6196,1311,9018,81,1727
2380,6196,1311,2267,7230,8601
2380,6196,1311,6487,2913,966
2380,6196,1311,1303,3294,8243
2380,6196,1311,5099,822,3147
2380,6196,1311,9473,6141,5617
2380,6196,1311,9613,4954,2616
2380,6196,1311,9209,9949,5391
2380,6196,1311,6483,8032,51
2380,6196,1311,188,6006,2860
2380,6196,1311,1965,4799,7205
2380,6196,1311,9815,1098,3790
2380,6196,1311,2599,6373,2964
2380,6196,1311,5963,8262,9440
2380,6196,1311,4765,8174,8936
2380,6196,1311,2517,6278,1258
2380,6196,1311,3719,5914,8345
2380,6196,1311,4430,1000,7506
2380,6196,1311,1852,8469,5852
2380,6196,1311,671,1348,2495
2380,6196,1311,6593,9791,4548
2380,6196,1311,3693,5602,6473
2380,6196,1311,7488,9933,3948
2380,6196,1311,9633,8761,7701
2380,6196,1311,9396,3779,4999
2380,6196,1311,7258,3252,6989
2380,6196,1311,132,8845,8260
2380,6196,1311,1281,3373,8344
2380,6196,1311,3093,9333,5647
2380,6196,1311,7616,7434,1706
2380,6196,1311,7932,3755,7111
2380,6196,1311,7298,2455,9845
2380,6196,1311,9696,813,3015
2380,6196,1311,2962,3383,93
2380,6196,1311,4129,896,5704
2380,6196,1311,3243,6175,1633
2380,6196,1311,3736,9409,7353
2380,6196,1311,8986,6316,1309
2380,6196,1311,3994,1362,6115
2380,6196,1311,8079,2563,6937
2380,6196,1311,2368,3182,6450
2380,6196,1311,3321,356,4137
2380,6196,1311,1574,4363,605
2380,6196,1311,6329,6650,3540
2380,6196,1311,5468,9466,2526
2380,6196,1311,5642,4373,4051
2380,6196,1311,7473,2542,7980
2380,6196,1311,8501,6131,1108
2380,6196,1311,6725,5627,153
2380,6196,1311,6968,8324,9128
2380,6196,1311,3749,2096,1023
2380,6196,1311,4601,9949,9618
2380,6196,1311,9294,1935,5498
2380,6196,1311,3726,6000,7109
2380,6196,1311,8215,1723,2181
2380,6196,1311,9638,8453,8292
2380,6196,1311,3143,4503,2716
2380,6196,1311,5809,4092,9202
2380,6196,1311,8289,2563,7709
2380,6196,1311,8266,4959,6957
2380,6196,1311,2191,1317,7527
2380,6196,1311,2199,6215,373
2380,6196,1311,1086,113,2465
2380,6196,1311,4511,7933,4308
2380,6196,1311,4809,8389,314
2380,6196,1311,8675,912,6467
2380,6196,1311,6115,5708,7571
2380,6196,1311,8039,6566,9566
2380,6196,1311,7077,8331,2049
2380,6196,1311,7521,5009,3795
2380,6196,1311,2636,4564,7336
2380,6196,1311,8155,9025,3944
2380,6196,1311,2183,4436,8196
2380,6196,1311,2470,9802,9884
2380,6196,1311,3520,9150,3209
2380,6196,1311,2589,3742,7656
2380,6196,1311,6491,278,2024
2380,6196,1311,3894,4506,3423
2380,6196,1311,1074,3118,8219
2380,6196,1311,1554,4262,8067
2380,6196,1311,4996,5689,2288
2380,6196,1311,3808,918,9732
2380,6196,1311,8803,5504,7821
2380,6196,1311,21,515,4836
2380,6196,1311,4641,1594,7779
2380,6196,1311,9267,1179,5083
2380,6196,1311,10,4957,6258
2380,6196,1311,3202,5970,5460
2380,6196,1311,581,9474,9715
2380,6196,1311,9740,9290,4439
2380,6196,1311,3014,22,9098
2380,6196,1311,6468,9843,9242
2380,6196,1311,6424,873,8186
2380,6196,1311,1591,2408,894
2380,6196,1311,862,55,6927
2380,6196,1311,6245,846,6400
2380,6196,1311,8955,7619,7363
2380,6196,1311,5989,6715,9199
2380,6196,1311,2700,6579,5846
2380,6196,1311,3881,408,6001
2380,6196,1311,4868,2650,4791
2380,6196,1311,8806,763,7897
2380,6196,1311,1189,5436,983
2380,6196,1311,1353,352,7973
2380,6196,1311,6692,6961,3155
2380,6196,1311,4129,7232,60
2380,6196,1311,2512,6796,5420
2380,6196,1311,5789,6864,9739
2380,6196,1311,2433,8472,891
2380,6196,1311,8752,9944,7154
2380,6196,1311,3863,2878,7320
2380,6196,1311,3778,156,3252
2380,6196,1311,8354,4056,9992
2380,6196,1311,5508,8929,2052
2380,6196,1311,3514,3124,9701
2380,6196,1311,5658,9257,6419
2380,6196,1311,6559,4119,1329
2380,6196,1311,734,2880,8751
2380,6196,1311,2250,4860,5174
2380,6196,1311,4274,2824,4378
2380,6196,1311,6979,8212,8750
2380,6196,1311,4467,8030,5373
2380,6196,1311,5065,4875,5950
2380,6196,1311,7700,5887,9380
2380,6196,1311,8484,233,1227
2380,6196,1311,3383,2272,3108
2380,6196,1311,4191,3334,2075
2380,6196,1311,7519,4728,1211
2380,6196,1311,3760,4082,5552
2380,6196,1311,6288,5254,5777
2380,6196,1311,4593,372,5083
2380,6196,1311,1571,8961,3082
2380,6196,1311,3157,4317,5008
2380,6196,1311,4580,4700,6242
2380,6196,1311,4915,9212,6566
2380,6196,1311,2637,2348,6595
2380,6196,1311,352,1343,7440
2380,6196,1311,7775,285,2165
2380,6196,1311,2135,9176,6138
2380,6196,1311,277,6176,9169
2380,6196,1311,5589,4102,2698
2380,6196,1311,9109,4658,7847
2380,6196,1311,4175,8439,2407
2380,6196,1311,4554,6951,9642
2380,6196,1311,2094,2118,6030
2380,6196,1311,2913,9168,4449
2380,6196,1311,4885,2497,2043
2380,6196,1311,8244,5851,4507
2380,6196,1311,5839,2841,9384
2380,6196,1311,6827,7678,8984
2380,6196,1311,2535,4104,3368
2380,6196,1311,5503,5492,9287
2380,6196,1311,252,2017,1428
2380,6196,1311,9981,6635,2143
2380,6196,1311,3305,6263,393
2380,6196,1311,1698,4143,8636
2380,6196,1311,4452,7457,8409
2380,6196,1311,8364,7673,7365
2380,6196,1311,3707,218,3175
2380,6196,1311,1547,9074,8844
2380,6196,1311,7318,2722,8211
2380,6196,1311,2452,7638,2322
2380,6196,1311,7765,6857,8663
2380,6196,1311,6092,7826,4370
2380,6196,1311,3374,4845,2336
2380,6196,1311,6998,3278,9641
2380,6196,1311,6017,4909,3303
2380,6196,1311,2426,4677,4620
2380,6196,1311,9004,5574,6561
2380,6196,1311,4899,866,6337
2380,6196,1311,7901,8145,7514
2380,6196,1311,980,9868,3723
2380,6196,1311,5894,4321,8038
2380,6196,1311,9896,4483,6597
2380,6196,1311,2113,8283,6297
2380,6196,1311,9322,2764,7787
2380,6196,1311,3821,728,2696
2380,6196,1311,3902,8264,3398
2380,6196,1311,352,7879,4990
2380,6196,1311,879,4684,4664
2380,6196,1311,9573,9032,9160
2380,6196,1311,2812,2085,2081
2380,6196,1311,8056,5199,3053
2380,6196,1311,5637,7618,9226
2380,6196,1311,4828,1855,1699
2380,6196,1311,2046,3670,7190
2380,6196,1311,1835,5833,6066
2380,6196,1311,6076,5861,2783
2380,6196,1311,5622,7287,5475
2380,6196,1311,6389,2067,211
2380,6196,1311,3514,4826,2984
2380,6196,1311,3614,2712,3242
2380,6196,1311,5977,9892,8968
2380,6196,1311,408,8354,8587
2380,6196,1311,3727,9744,2586
2380,6196,1311,555,7454,5350
2380,6196,1311,6727,6527,8105
2380,6196,1311,6795,9294,5425
2380,6196,1311,3953,4680,9119
2380,6196,1311,1578,9719,8313
2380,6196,1311,6679,4959,1267
2380,6196,1311,5487,5338,4078
2380,6196,1311,3932,5057,8973
2380,6196,1311,6309,2605,2268
2380,6196,1311,4638,141,7642
2380,6196,1311,3970,1284,5802
2380,6196,1311,6125,8903,7819
2380,6196,1311,3311,5032,1744
2380,6196,1311,2378,1965,1445
2380,6196,1311,6658,5723,2233
2380,6196,1311,1166,3478,2326
2380,6196,1311,274,605,9532
2380,6196,1311,2200,216,3372
2380,6196,1311,4108,8374,2118
2380,6196,1311,1334,187,1242
2380,6196,1311,8208,9053,917
2380,6196,1311,651,6146,9737
2380,6196,1311,3051,6330,3997
2380,6196,1311,7612,6967,8667
2380,6196,1311,6472,820,6214
2380,6196,1311,7350,7525,8260
2380,6196,1311,7968,2102,6150
2380,6196,1311,8258,9920,1346
2380,6196,1311,5321,788,2935
2380,6196,1311,4551,2254,4340
2380,6196,1311,8898,6828,9492
2380,6196,1311,7884,9329,7024
2380,6196,1311,4237,9865,3437
2380,6196,1311,5442,7729,9046
2380,6196,1311,7843,5268,1522
2380,6196,1311,1224,478,320
2380,6196,1311,6112,5349,1397
2380,6196,1311,5748,3354,1145
2380,6196,1311,438,9573,4262
2380,6196,1311,2336,7438,4097
2380,6196,1311,4042,5416,6631
2380,6196,1311,1502,981,973
2380,6196,1311,1923,135,2184
2380,6196,1311,4877,4396,4512
2380,6196,1311,1075,3685,5571
2380,6196,1311,991,2082,1983
2380,6196,1311,1489,7538,1335
2380,6196,1311,6025,5369,8942
2380,6196,1311,7106,6925,7924
2380,6196,1311,6947,7511,763
2380,6196,1311,3354,447,9841
2380,6196,1311,4506,8265,3483
2380,6196,1311,6769,8361,4805
2380,6196,1311,7991,8345,6361
2380,6196,1311,760,139,4545
2380,6196,1311,3240,131,1644
2380,6196,1311,1268,7409,2006
2380,6196,1311,9189,1899,3283
2380,6196,1311,583,4974,7476
2380,6196,1311,5652,3627,6694
2380,6196,1311,1221,3366,7555
2380,6196,1311,2112,5900,2861
2380,6196,1311,5951,9079,4442
2380,6196,1311,409,7079,8112
2380,6196,1311,1610,2827,6331
2380,6196,1311,6083,3782,1715
2380,6196,1311,6090,9672,8473
2380,6196,1311,1852,7404,2136
2380,6196,1311,4479,4236,7289
2380,6196,1311,512,7531,8019
2380,6196,1311,9280,5765,5698
2380,6196,1311,7563,7265,6215
2380,6196,1311,2389,9211,3043
2380,6196,1311,6432,3588,4257
2380,6196,1311,7804,3642,3897
2380,6196,1311,6139,8307,6182
2380,6196,1311,9316,3321,6010
2380,6196,1311,4669,2356,8207
2380,6196,1311,1629,2944,1327
2380,6196,1311,1368,4104,8643
2380,6196,1311,7413,6865,3391
2380,6196,1311,1327,5335,6088
2380,6196,1311,7067,8272,1796
2380,6196,1311,6610,409,407
2380,6196,1311,5738,3249,1768
2380,6196,1311,136,4426,7365
2380,6196,1311,829,8576,3135
2380,6196,1311,7247,3182,2264
2380,6196,1311,1893,8034,6793
2380,6196,1311,7726,6575,3230
2380,6196,1311,7223,5718,2347
2380,6196,1311,8792,7920,4413
2380,6196,1311,159,5489,2739
2380,6196,1311,805,5256,8138
2380,6196,1311,4969,963,8868
2380,6196,1311,2462,6426,1811
2380,6196,1311,3595,8599,6634
2380,6196,1311,4010,4907,8350
2380,6196,1311,8430,7701,135
2380,6196,1311,6998,1136,5616
2380,6196,1311,1064,3553,1233
2380,6196,1311,5486,2557,1998
2380,6196,1311,8419,2723,6695
2380,6196,1311,7779,8565,2810
2380,6196,1311,3725,8374,6790
2380,6196,1311,8351,3340,5064
2380,6196,1311,2766,7113,796
2380,6196,1311,9884,1067,6511
2380,6196,1311,3938,7154,4370
2380,6196,1311,8569,2486,7901
2380,6196,1311,3373,3105,3418
2380,6196,1311,6552,7871,5147
2380,6196,1311,1421,3717,4558
2380,6196,1311,3039,7198,4011
2380,6196,1311,9316,8829,617
2380,6196,1311,786,4385,5310
2380,6196,1311,5634,5830,4093
2380,6196,1311,804,5841,1031
2380,6196,1311,965,3548,4297
2380,6196,1311,3616,2381,2236
2380,6196,1311,3390,9820,2669
2380,6196,1311,5806,1806,5269
2380,6196,1311,990,8114,937
2380,6196,1311,4375,879,6031
2380,6196,1311,7125,4545,2183
2380,6196,1311,6733,9280,893
2380,6196,1311,7499,5831,293
2380,6196,1311,1977,9038,465
2380,6196,1311,1681,8250,6980
2380,6196,1311,2094,8645,5586
2380,6196,1311,546,4883,9690
2380,6196,1311,2679,9600,6476
2380,6196,1311,7923,121,6237
2380,6196,1311,6844,7873,2723
2380,6196,1311,5481,3898,691
2380,6196,1311,7705,5542,9719
2380,6196,1311,563,1810,2111
2380,6196,1311,883,9649,8203
2380,6196,1311,2190,8730,4767
2380,6196,1311,2716,9684,928
2380,6196,1311,6580,1037,5385
2380,6196,1311,627,5913,3613
2380,6196,1311,7354,2637,8916
2380,6196,1311,2148,1250,8046
2380,6196,1311,1540,2293,8147
