275,9082,8982,465,3501,1498
275,9082,8982,9057,168,6121
275,9082,8982,9643,7183,4409
275,9082,8982,3533,8003,4588
275,9082,8982,9698,4266,5029
275,9082,8982,9567,8233,5662
275,9082,8982,4560,1154,2591
275,9082,8982,2210,4265,9953
275,9082,8982,5428,7402,1200
275,9082,8982,1205,9126,5630
275,9082,8982,7396,3074,8914
275,9082,8982,3313,4197,6469
275,9082,8982,6966,507,691
275,9082,8982,7053,7288,3758
275,9082,8982,2219,212,7852
275,9082,8982,6402,7363,8985
275,9082,8982,2852,485,1353
275,9082,8982,1000,8294,324
275,9082,8982,2224,8429,5147
275,9082,8982,5852,594,4510
275,9082,8982,6751,4288,5935
275,9082,8982,8795,4534,7537
275,9082,8982,9567,1658,5342
275,9082,8982,8474,7249,6996
275,9082,8982,5400,7300,865
275,9082,8982,394,6893,8808
275,9082,8982,6804,5559,5906
275,9082,8982,5215,1559,2509
275,9082,8982,5092,2296,2700
275,9082,8982,2632,6520,7800
275,9082,8982,3585,8418,9674
275,9082,8982,1904,2596,342
275,9082,8982,2241,6634,2916
275,9082,8982,231,7385,5719
275,9082,8982,5021,2314,2368
275,9082,8982,1408,3635,3626
275,9082,8982,7910,8085,7122
275,9082,8982,3002,1863,8669
275,9082,8982,2968,8256,7215
275,9082,8982,415,3948,7873
275,9082,8982,5362,423,8059
275,9082,8982,8981,1574,6933
275,9082,8982,2928,8773,3050
275,9082,8982,5870,4137,3951
275,9082,8982,7667,6163,4722
275,9082,8982,3902,4264,2005
275,9082,8982,9026,6193,5899
275,9082,8982,4240,5960,8286
275,9082,8982,3102,4725,8163
275,9082,8982,640,3753,9369
275,9082,8982,3420,2672,4634
275,9082,8982,8068,186,4484
275,9082,8982,8701,2575,889
275,9082,8982,7249,5194,4757
275,9082,8982,1596,8078,4100
275,9082,8982,2941,7333,3515
275,9082,8982,7414,3767,308
275,9082,8982,3234,8260,9547
275,9082,8982,939,6306,8
275,9082,8982,4715,5681,4187
275,9082,8982,8940,8196,1992
275,9082,8982,1795,1401,7430
275,9082,8982,133,8859,3633
275,9082,8982,4444,4232,7636
275,9082,8982,1161,2874,9043
275,9082,8982,5578,9638,2396
275,9082,8982,5266,9150,5714
275,9082,8982,6587,6220,4498
275,9082,8982,9370,3319,8777
275,9082,8982,49,184,6374
275,9082,8982,8175,8411,5898
275,9082,8982,9252,1621,9631
275,9082,8982,7071,1457,3242
275,9082,8982,4860,9126,7846
275,9082,8982,6896,1747,1587
275,9082,8982,1935,248,4321
275,9082,8982,1141,3371,5770
275,9082,8982,2313,9519,2567
275,9082,8982,2182,328,1069
275,9082,8982,7384,8626,2039
275,9082,8982,9018,81,1727
275,9082,8982,2267,7230,8601
275,9082,8982,6487,2913,966
275,9082,8982,1303,3294,8243
275,9082,8982,5099,822,3147
275,9082,8982,9473,6141,5617
275,9082,8982,9613,4954,2616
275,9082,8982,9209,9949,5391
275,9082,8982,6483,8032,51
275,9082,8982,188,6006,2860
275,9082,8982,1965,4799,7205
275,9082,8982,9815,1098,3790
275,9082,8982,2599,6373,2964
275,9082,8982,5963,8262,9440
275,9082,8982,4765,8174,8936
275,9082,8982,2517,6278,1258
275,9082,8982,3719,5914,8345
275,9082,8982,4430,1000,7506
275,9082,8982,1852,8469,5852
275,9082,8982,671,1348,2495
275,9082,8982,6593,9791,4548
275,9082,8982,3693,5602,6473
275,9082,8982,7488,9933,3948
275,9082,8982,9633,8761,7701
275,9082,8982,9396,3779,4999
275,9082,8982,7258,3252,6989
275,9082,8982,132,8845,8260
275,9082,8982,1281,3373,8344
275,9082,8982,3093,9333,5647
275,9082,8982,7616,7434,1706
275,9082,8982,7932,3755,7111
275,9082,8982,7298,2455,9845
275,9082,8982,9696,813,3015
275,9082,8982,2962,3383,93
275,9082,8982,4129,896,5704
275,9082,8982,3243,6175,1633
275,9082,8982,3736,9409,7353
275,9082,8982,8986,6316,1309
275,9082,8982,3994,1362,6115
275,9082,8982,8079,2563,6937
275,9082,8982,2368,3182,6450
275,9082,8982,3321,356,4137
275,9082,8982,1574,4363,605
275,9082,8982,6329,6650,3540
275,9082,8982,5468,9466,2526
275,9082,8982,5642,4373,4051
275,9082,8982,7473,2542,7980
275,9082,8982,8501,6131,1108
275,9082,8982,6725,5627,153
275,9082,8982,6968,8324,9128
275,9082,8982,3749,2096,1023
275,9082,8982,4601,9949,9618
275,9082,8982,9294,1935,5498
275,9082,8982,3726,6000,7109
275,9082,8982,8215,1723,2181
275,9082,8982,9638,8453,8292
275,9082,8982,3143,4503,2716
275,9082,8982,5809,4092,9202
275,9082,8982,8289,2563,7709
275,9082,8982,8266,4959,6957
275,9082,8982,2191,1317,7527
275,9082,8982,2199,6215,373
275,9082,8982,1086,113,2465
275,9082,8982,4511,7933,4308
275,9082,8982,4809,8389,314
275,9082,8982,8675,912,6467
275,9082,8982,6115,5708,7571
275,9082,8982,8039,6566,9566
275,9082,8982,7077,8331,2049
275,9082,8982,7521,5009,3795
275,9082,8982,2636,4564,7336
275,9082,8982,8155,9025,3944
275,9082,8982,2183,4436,8196
275,9082,8982,2470,9802,9884
275,9082,8982,3520,9150,3209
275,9082,8982,2589,3742,7656
275,9082,8982,6491,278,2024
275,9082,8982,3894,4506,3423
275,9082,8982,1074,3118,8219
275,9082,8982,1554,4262,8067
275,9082,8982,4996,5689,2288
275,9082,8982,3808,918,9732
275,9082,8982,8803,5504,7821
275,9082,8982,21,515,4836
275,9082,8982,4641,1594,7779
275,9082,8982,9267,1179,5083
275,9082,8982,10,4957,6258
275,9082,8982,3202,5970,5460
275,9082,8982,581,9474,9715
275,9082,8982,9740,9290,4439
275,9082,8982,3014,22,9098
275,9082,8982,6468,9843,9242
275,9082,8982,6424,873,8186
275,9082,8982,1591,2408,894
275,9082,8982,862,55,6927
275,9082,8982,6245,846,6400
275,9082,8982,8955,7619,7363
275,9082,8982,5989,6715,9199
275,9082,8982,2700,6579,5846
275,9082,8982,3881,408,6001
275,9082,8982,4868,2650,4791
275,9082,8982,8806,763,7897
275,9082,8982,1189,5436,983
275,9082,8982,1353,352,7973
275,9082,8982,6692,6961,3155
275,9082,8982,4129,7232,60
275,9082,8982,2512,6796,5420
275,9082,8982,5789,6864,9739
275,9082,8982,2433,8472,891
275,9082,8982,8752,9944,7154
275,9082,8982,3863,2878,7320
275,9082,8982,3778,156,3252
275,9082,8982,8354,4056,9992
275,9082,8982,5508,8929,2052
275,9082,8982,3514,3124,9701
275,9082,8982,5658,9257,6419
275,9082,8982,6559,4119,1329
275,9082,8982,734,2880,8751
275,9082,8982,2250,4860,5174
275,9082,8982,4274,2824,4378
275,9082,8982,6979,8212,8750
275,9082,8982,4467,8030,5373
275,9082,8982,5065,4875,5950
275,9082,8982,7700,5887,9380
275,9082,8982,8484,233,1227
275,9082,8982,3383,2272,3108
275,9082,8982,4191,3334,2075
275,9082,8982,7519,4728,1211
275,9082,8982,3760,4082,5552
275,9082,8982,6288,5254,5777
275,9082,8982,4593,372,5083
275,9082,8982,1571,8961,3082
275,9082,8982,3157,4317,5008
275,9082,8982,4580,4700,6242
275,9082,8982,4915,9212,6566
275,9082,8982,2637,2348,6595
275,9082,8982,352,1343,7440
275,9082,8982,7775,285,2165
275,9082,8982,2135,9176,6138
275,9082,8982,277,6176,9169
275,9082,8982,5589,4102,2698
275,9082,8982,9109,4658,7847
275,9082,8982,4175,8439,2407
275,9082,8982,4554,6951,9642
275,9082,8982,2094,2118,6030
275,9082,8982,2913,9168,4449
275,9082,8982,4885,2497,2043
275,9082,8982,8244,5851,4507
275,9082,8982,5839,2841,9384
275,9082,8982,6827,7678,8984
275,9082,8982,2535,4104,3368
275,9082,8982,5503,5492,9287
275,9082,8982,252,2017,1428
275,9082,8982,9981,6635,2143
275,9082,8982,3305,6263,393
275,9082,8982,1698,4143,8636
275,9082,8982,4452,7457,8409
275,9082,8982,8364,7673,7365
275,9082,8982,3707,218,3175
275,9082,8982,1547,9074,8844
275,9082,8982,7318,2722,8211
275,9082,8982,2452,7638,2322
275,9082,8982,7765,6857,8663
275,9082,8982,6092,7826,4370
275,9082,8982,3374,4845,2336
275,9082,8982,6998,3278,9641
275,9082,8982,6017,4909,3303
275,9082,8982,2426,4677,4620
275,9082,8982,9004,5574,6561
275,9082,8982,4899,866,6337
275,9082,8982,7901,8145,7514
275,9082,8982,980,9868,3723
275,9082,8982,5894,4321,8038
275,9082,8982,9896,4483,6597
275,9082,8982,2113,8283,6297
275,9082,8982,9322,2764,7787
275,9082,8982,3821,728,2696
275,9082,8982,3902,8264,3398
275,9082,8982,352,7879,4990
275,9082,8982,879,4684,4664
275,9082,8982,9573,9032,9160
275,9082,8982,2812,2085,2081
275,9082,8982,8056,5199,3053
275,9082,8982,5637,7618,9226
275,9082,8982,4828,1855,1699
275,9082,8982,2046,3670,7190
275,9082,8982,1835,5833,6066
275,9082,8982,6076,5861,2783
275,9082,8982,5622,7287,5475
275,9082,8982,6389,2067,211
275,9082,8982,3514,4826,2984
275,9082,8982,3614,2712,3242
275,9082,8982,5977,9892,8968
275,9082,8982,408,8354,8587
275,9082,8982,3727,9744,2586
275,9082,8982,555,7454,5350
275,9082,8982,6727,6527,8105
275,9082,8982,6795,9294,5425
275,9082,8982,3953,4680,9119
275,9082,8982,1578,9719,8313
275,9082,8982,6679,4959,1267
275,9082,8982,5487,5338,4078
275,9082,8982,3932,5057,8973
275,9082,8982,6309,2605,2268
275,9082,8982,4638,141,7642
275,9082,8982,3970,1284,5802
275,9082,8982,6125,8903,7819
275,9082,8982,3311,5032,1744
275,9082,8982,2378,1965,1445
275,9082,8982,6658,5723,2233
275,9082,8982,1166,3478,2326
275,9082,8982,274,605,9532
275,9082,8982,2200,216,3372
275,9082,8982,4108,8374,2118
275,9082,8982,1334,187,1242
275,9082,8982,8208,9053,917
275,9082,8982,651,6146,9737
275,9082,8982,3051,6330,3997
275,9082,8982,7612,6967,8667
275,9082,8982,6472,820,6214
275,9082,8982,7350,7525,8260
275,9082,8982,7968,2102,6150
275,9082,8982,8258,9920,1346
275,9082,8982,5321,788,2935
275,9082,8982,4551,2254,4340
275,9082,8982,8898,6828,9492
275,9082,8982,7884,9329,7024
275,9082,8982,4237,9865,3437
275,9082,8982,5442,7729,9046
275,9082,8982,7843,5268,1522
275,9082,8982,1224,478,320
275,9082,8982,6112,5349,1397
275,9082,8982,5748,3354,1145
275,9082,8982,438,9573,4262
275,9082,8982,2336,7438,4097
275,9082,8982,4042,5416,6631
275,9082,8982,1502,981,973
275,9082,8982,1923,135,2184
275,9082,8982,4877,4396,4512
275,9082,8982,1075,3685,5571
275,9082,8982,991,2082,1983
275,9082,8982,1489,7538,1335
275,9082,8982,6025,5369,8942
275,9082,8982,7106,6925,7924
275,9082,8982,6947,7511,763
275,9082,8982,3354,447,9841
275,9082,8982,4506,8265,3483
275,9082,8982,6769,8361,4805
275,9082,8982,7991,8345,6361
275,9082,8982,760,139,4545
275,9082,8982,3240,131,1644
275,9082,8982,1268,7409,2006
275,9082,8982,9189,1899,3283
275,9082,8982,583,4974,7476
275,9082,8982,5652,3627,6694
275,9082,8982,1221,3366,7555
275,9082,8982,2112,5900,2861
275,9082,8982,5951,9079,4442
275,9082,8982,409,7079,8112
275,9082,8982,1610,2827,6331
275,9082,8982,6083,3782,1715
275,9082,8982,6090,9672,8473
275,9082,8982,1852,7404,2136
275,9082,8982,4479,4236,7289
275,9082,8982,512,7531,8019
275,9082,8982,9280,5765,5698
275,9082,8982,7563,7265,6215
275,9082,8982,2389,9211,3043
275,9082,8982,6432,3588,4257
275,9082,8982,7804,3642,3897
275,9082,8982,6139,8307,6182
275,9082,8982,9316,3321,6010
275,9082,8982,4669,2356,8207
275,9082,8982,1629,2944,1327
275,9082,8982,1368,4104,8643
275,9082,8982,7413,6865,3391
275,9082,8982,1327,5335,6088
275,9082,8982,7067,8272,1796
275,9082,8982,6610,409,407
275,9082,8982,5738,3249,1768
275,9082,8982,136,4426,7365
275,9082,8982,829,8576,3135
275,9082,8982,7247,3182,2264
275,9082,8982,1893,8034,6793
275,9082,8982,7726,6575,3230
275,9082,8982,7223,5718,2347
275,9082,8982,8792,7920,4413
275,9082,8982,159,5489,2739
275,9082,8982,805,5256,8138
275,9082,8982,4969,963,8868
275,9082,8982,2462,6426,1811
275,9082,8982,3595,8599,6634
275,9082,8982,4010,4907,8350
275,9082,8982,8430,7701,135
275,9082,8982,6998,1136,5616
275,9082,8982,1064,3553,1233
275,9082,8982,5486,2557,1998
275,9082,8982,8419,2723,6695
275,9082,8982,7779,8565,2810
275,9082,8982,3725,8374,6790
275,9082,8982,8351,3340,5064
275,9082,8982,2766,7113,796
275,9082,8982,9884,1067,6511
275,9082,8982,3938,7154,4370
275,9082,8982,8569,2486,7901
275,9082,8982,3373,3105,3418
275,9082,8982,6552,7871,5147
275,9082,8982,1421,3717,4558
275,9082,8982,3039,7198,4011
275,9082,8982,9316,8829,617
275,9082,8982,786,4385,5310
275,9082,8982,5634,5830,4093
275,9082,8982,804,5841,1031
275,9082,8982,965,3548,4297
275,9082,8982,3616,2381,2236
275,9082,8982,3390,9820,2669
275,9082,8982,5806,1806,5269
275,9082,8982,990,8114,937
275,9082,8982,4375,879,6031
275,9082,8982,7125,4545,2183
275,9082,8982,6733,9280,893
275,9082,8982,7499,5831,293
275,9082,8982,1977,9038,465
275,9082,8982,1681,8250,6980
275,9082,8982,2094,8645,5586
275,9082,8982,546,4883,9690
275,9082,8982,2679,9600,6476
275,9082,8982,7923,121,6237
275,9082,8982,6844,7873,2723
275,9082,8982,5481,3898,691
275,9082,8982,7705,5542,9719
275,9082,8982,563,1810,2111
275,9082,8982,883,9649,8203
275,9082,8982,2190,8730,4767
275,9082,8982,2716,9684,928
275,9082,8982,6580,1037,5385
275,9082,8982,627,5913,3613
275,9082,8982,7354,2637,8916
275,9082,8982,2148,1250,8046
275,9082,8982,1540,2293,8147
275,9082,8982,9630,7108,7572
275,9082,8982,1472,7003,3367
275,9082,8982,5566,5667,9938
275,9082,8982,7156,8757,45
275,9082,8982,8857,9930,3681
275,9082,8982,9129,705,1691
275,9082,8982,9601,4277,2249
275,9082,8982,4876,4161,384
275,9082,8982,2600,3982,8342
275,9082,8982,567,5509,2257
275,9082,8982,7457,1800,5278
275,9082,8982,9509,6652,4541
275,9082,8982,6292,1745,8186
275,9082,8982,4241,5929,3117
275,9082,8982,9108,9160,8977
275,9082,8982,7796,2713,1417
275,9082,8982,9494,6380,4335
275,9082,8982,7646,3089,8048
275,9082,8982,7088,1156,4619
275,9082,8982,9207,1656,1060
275,9082,8982,9637,7113,811
275,9082,8982,956,2135,9664
275,9082,8982,5516,7866,1706
275,9082,8982,6071,8084,3156
275,9082,8982,2472,4021,5223
275,9082,8982,6403,3503,1841
275,9082,8982,9751,6564,1451
275,9082,8982,1051,7413,9375
275,9082,8982,7316,6908,9730
275,9082,8982,6491,5526,9716
275,9082,8982,7727,9914,2725
275,9082,8982,1817,455,9466
275,9082,8982,5613,2441,6232
275,9082,8982,5727,3776,7531
275,9082,8982,381,9838,6987
275,9082,8982,4257,1869,4363
275,9082,8982,5077,1493,5180
275,9082,8982,7989,9909,6482
275,9082,8982,9280,9160,9194
275,9082,8982,9484,6666,6613
275,9082,8982,7894,655,8420
275,9082,8982,975,7417,8783
275,9082,8982,7230,4976,2815
275,9082,8982,9285,1695,5329
275,9082,8982,1070,979,4834
275,9082,8982,7665,1744,7921
275,9082,8982,7726,4808,8280
275,9082,8982,2720,4805,6232
275,9082,8982,9271,1635,1721
275,9082,8982,4451,9364,2464
275,9082,8982,292,5955,4517
275,9082,8982,7655,3156,5525
275,9082,8982,3064,5884,7234
275,9082,8982,6211,6182,6839
275,9082,8982,909,4037,6351
275,9082,8982,345,9384,6665
275,9082,8982,2693,4380,3847
275,9082,8982,4871,3887,1139
275,9082,8982,1631,9204,7786
275,9082,8982,1702,1176,2966
275,9082,8982,2571,1737,2882
275,9082,8982,3141,6033,7963
275,9082,8982,7087,5225,2027
275,9082,8982,84,3810,5588
275,9082,8982,5218,7035,6632
275,9082,8982,1443,7878,9664
275,9082,8982,847,8442,8661
275,9082,8982,8229,8930,5596
275,9082,8982,7045,3980,9748
275,9082,8982,7451,2397,5622
275,9082,8982,1346,9397,4556
275,9082,8982,4980,848,857
275,9082,8982,9087,9215,8115
275,9082,8982,7038,646,7432
275,9082,8982,5312,8192,2135
275,9082,8982,4482,1719,2589
275,9082,8982,4953,456,3400
275,9082,8982,109,488,848
275,9082,8982,3615,8107,3831
275,9082,8982,1047,7187,3786
275,9082,8982,8250,3819,9576
275,9082,8982,8081,9320,5404
275,9082,8982,796,6759,5199
275,9082,8982,1031,4281,42
275,9082,8982,7703,3595,9088
275,9082,8982,683,5580,1794
275,9082,8982,4008,1125,5390
275,9082,8982,3394,654,9218
275,9082,8982,5144,1756,8072
275,9082,8982,4004,2811,6685
