3959,979,9531,7378,6905,5656
3959,979,9531,9594,9299,3026
3959,979,9531,1377,4570,4670
3959,979,9531,6899,178,6312
3959,979,9531,637,5582,5112
3959,979,9531,9475,4387,3206
3959,979,9531,8348,236,2454
3959,979,9531,8503,8466,4321
3959,979,9531,9363,1296,3103
3959,979,9531,3892,6635,7000
3959,979,9531,603,2099,2226
3959,979,9531,4284,8173,7377
3959,979,9531,9866,4886,7625
3959,979,9531,5687,4947,7026
3959,979,9531,6483,3838,1698
3959,979,9531,1065,597,5772
3959,979,9531,5028,2375,3715
3959,979,9531,561,1836,7126
3959,979,9531,401,8129,8391
3959,979,9531,8527,4526,8876
3959,979,9531,4691,7724,6842
3959,979,9531,6495,3622,4354
3959,979,9531,7265,1340,8742
3959,979,9531,5158,3857,6934
3959,979,9531,9241,7877,6445
3959,979,9531,9741,7430,2023
3959,979,9531,5910,6448,229
3959,979,9531,1424,6246,5975
3959,979,9531,9324,2782,9678
3959,979,9531,2382,4560,9413
3959,979,9531,2926,1218,2889
3959,979,9531,1384,7421,4794
3959,979,9531,4059,834,1622
3959,979,9531,9622,8767,6285
3959,979,9531,8513,3307,1716
3959,979,9531,6865,1628,8318
3959,979,9531,7824,5887,7971
3959,979,9531,2949,1227,9085
3959,979,9531,4414,3867,253
3959,979,9531,2712,5305,1926
3959,979,9531,3382,5885,827
3959,979,9531,4923,3541,5501
3959,979,9531,711,8969,487
3959,979,9531,2392,9183,3157
3959,979,9531,3988,3606,9971
3959,979,9531,6436,6559,2628
3959,979,9531,2069,7508,7395
3959,979,9531,8468,7712,4556
3959,979,9531,5613,6959,4417
3959,979,9531,9189,3715,8067
3959,979,9531,4165,7812,3643
3959,979,9531,1112,4524,4258
3959,979,9531,1525,2157,9213
3959,979,9531,2723,5737,2040
3959,979,9531,9099,316,3303
3959,979,9531,5414,1875,8835
3959,979,9531,1511,8315,3421
3959,979,9531,9081,6146,8023
3959,979,9531,6266,828,9570
3959,979,9531,6809,339,4047
3959,979,9531,4841,4910,7451
3959,979,9531,7300,3283,8208
3959,979,9531,3259,132,1926
3959,979,9531,1630,8264,5516
3959,979,9531,4344,4177,5336
3959,979,9531,8215,169,8129
3959,979,9531,1328,8859,2397
3959,979,9531,2467,2030,897
3959,979,9531,7232,8934,6327
3959,979,9531,1484,9577,558
3959,979,9531,3174,4462,5015
3959,979,9531,230,9659,3745
3959,979,9531,1055,5165,8967
3959,979,9531,9795,3551,1799
3959,979,9531,958,2320,8608
3959,979,9531,8607,2036,276
3959,979,9531,704,3123,4992
3959,979,9531,8951,6361,4161
3959,979,9531,5938,6184,8834
3959,979,9531,3297,5571,8991
3959,979,9531,8046,195,8846
3959,979,9531,1168,2018,3383
3959,979,9531,7039,8300,6847
3959,979,9531,1247,8372,2432
3959,979,9531,3796,5628,2865
3959,979,9531,6561,3935,8969
3959,979,9531,6192,5089,7864
3959,979,9531,1899,6489,8904
3959,979,9531,5301,7124,3032
3959,979,9531,551,7831,5366
3959,979,9531,4949,1822,6557
3959,979,9531,1468,5370,5919
3959,979,9531,8081,8724,1044
3959,979,9531,1190,7499,694
3959,979,9531,5656,7020,4799
3959,979,9531,3637,1860,9885
3959,979,9531,596,4131,8852
3959,979,9531,2579,766,3216
3959,979,9531,5444,2416,956
3959,979,9531,4860,6197,9279
3959,979,9531,2289,2536,2567
3959,979,9531,3376,868,3170
3959,979,9531,3338,757,28
3959,979,9531,2600,7707,7562
3959,979,9531,205,37,3174
3959,979,9531,6854,5823,3092
3959,979,9531,8847,7244,2619
3959,979,9531,163,9023,4714
3959,979,9531,5495,1513,5964
3959,979,9531,7585,2361,3392
3959,979,9531,9926,2330,3595
3959,979,9531,1634,1658,1068
3959,979,9531,6479,6685,7404
3959,979,9531,3080,6259,8586
3959,979,9531,4462,2602,7098
3959,979,9531,3804,7042,4468
3959,979,9531,8799,1087,4674
3959,979,9531,8826,9066,966
3959,979,9531,5038,9213,4568
3959,979,9531,3246,3513,7161
3959,979,9531,4443,2852,2862
3959,979,9531,5326,2788,1740
3959,979,9531,3552,1856,3011
3959,979,9531,5731,2748,142
3959,979,9531,2574,8940,1541
3959,979,9531,6624,8193,8450
3959,979,9531,9696,5397,9030
3959,979,9531,4645,8221,2980
3959,979,9531,783,8693,5379
3959,979,9531,6708,1124,7481
3959,979,9531,3095,7643,9486
3959,979,9531,2369,7484,3645
3959,979,9531,77,4483,9343
3959,979,9531,5507,6702,7442
3959,979,9531,7951,9349,242
3959,979,9531,3227,4324,9731
3959,979,9531,9350,1141,5176
3959,979,9531,5259,405,4132
3959,979,9531,9032,9228,9834
3959,979,9531,3314,6959,8464
3959,979,9531,7179,5765,735
3959,979,9531,4311,6506,4892
3959,979,9531,5418,308,6105
3959,979,9531,5173,2537,556
3959,979,9531,627,5807,2545
3959,979,9531,5838,754,1010
3959,979,9531,1338,6421,1529
3959,979,9531,297,7848,6278
3959,979,9531,8739,3182,6003
3959,979,9531,102,2243,2574
3959,979,9531,418,2151,395
3959,979,9531,4092,3522,8633
3959,979,9531,3786,3934,6966
3959,979,9531,7017,996,1706
3959,979,9531,6577,6064,6577
3959,979,9531,6445,2346,1244
3959,979,9531,7414,8464,790
3959,979,9531,8420,9675,5299
3959,979,9531,1973,4671,8821
3959,979,9531,581,9550,8476
3959,979,9531,9891,1865,4247
3959,979,9531,7102,7600,7103
3959,979,9531,2,4052,6863
3959,979,9531,7302,4882,5714
3959,979,9531,4082,8623,1185
3959,979,9531,9869,5441,2663
3959,979,9531,6229,3274,2249
3959,979,9531,136,5465,979
3959,979,9531,7209,1188,6602
3959,979,9531,6103,1745,6197
3959,979,9531,4923,9403,3570
3959,979,9531,2329,7003,9776
3959,979,9531,623,5733,6988
3959,979,9531,9253,759,315
3959,979,9531,4517,7629,4645
3959,979,9531,4318,3874,2645
3959,979,9531,3849,6373,1466
3959,979,9531,1066,7616,6513
3959,979,9531,4492,9551,4749
3959,979,9531,1757,5907,3378
3959,979,9531,6760,4853,7140
3959,979,9531,5282,875,3508
3959,979,9531,5901,7629,4565
3959,979,9531,9558,1809,2255
3959,979,9531,3356,2758,8517
3959,979,9531,7157,5487,4795
3959,979,9531,6760,4942,3938
3959,979,9531,4309,808,1876
3959,979,9531,7714,9451,8104
3959,979,9531,3458,4456,6248
3959,979,9531,5924,8968,2872
3959,979,9531,2881,4913,9863
3959,979,9531,3878,4987,1640
3959,979,9531,5355,3203,6607
3959,979,9531,6958,6598,846
3959,979,9531,717,6504,2426
3959,979,9531,2138,8110,2843
3959,979,9531,2454,5835,9416
3959,979,9531,279,5191,8031
3959,979,9531,7732,8463,2898
3959,979,9531,3982,5516,6732
3959,979,9531,6244,2250,455
3959,979,9531,4811,1242,4096
3959,979,9531,3962,2539,8446
3959,979,9531,7698,3552,6656
3959,979,9531,2664,5119,8926
3959,979,9531,2851,2876,5959
3959,979,9531,7805,4365,6154
3959,979,9531,8673,5359,6270
3959,979,9531,329,1183,3450
3959,979,9531,9661,3221,658
3959,979,9531,7512,7802,8777
3959,979,9531,1219,8759,118
3959,979,9531,2348,6156,3962
3959,979,9531,1966,6962,7550
3959,979,9531,6906,3646,9715
3959,979,9531,3516,9350,8062
3959,979,9531,4288,6120,2439
3959,979,9531,921,6629,9207
3959,979,9531,4842,3632,111
3959,979,9531,7730,1233,6241
3959,979,9531,4697,2841,8967
3959,979,9531,4189,9726,3341
3959,979,9531,8624,8836,697
3959,979,9531,9547,8416,4797
3959,979,9531,8798,9151,2128
3959,979,9531,8998,7980,2680
3959,979,9531,8630,691,6819
3959,979,9531,6560,8415,1515
3959,979,9531,1908,1914,6741
3959,979,9531,5232,8286,5250
3959,979,9531,9101,2254,7414
3959,979,9531,9624,5033,3721
3959,979,9531,8199,6570,7243
3959,979,9531,8538,7797,8280
3959,979,9531,8606,6067,4215
3959,979,9531,5815,9443,8886
3959,979,9531,1157,4766,5584
3959,979,9531,2886,3429,1023
3959,979,9531,561,9605,7341
3959,979,9531,4547,4869,5741
3959,979,9531,598,4850,6761
3959,979,9531,8269,5964,5264
3959,979,9531,2982,3959,6504
3959,979,9531,8959,4184,1460
3959,979,9531,2140,9705,6464
3959,979,9531,42,6643,6481
3959,979,9531,797,867,7885
3959,979,9531,8830,7263,1840
3959,979,9531,7284,8189,9753
3959,979,9531,6990,6800,3284
3959,979,9531,4497,3642,7450
3959,979,9531,7003,6616,3798
3959,979,9531,3585,5209,4131
3959,979,9531,7997,2206,4413
3959,979,9531,8728,9963,9687
3959,979,9531,6649,6377,6579
3959,979,9531,7993,1285,2440
3959,979,9531,4979,394,5662
3959,979,9531,5372,2721,1423
3959,979,9531,4083,7489,2558
3959,979,9531,5654,3838,208
3959,979,9531,3961,6959,4532
3959,979,9531,848,7687,7753
3959,979,9531,362,3862,7587
3959,979,9531,5975,3476,5415
3959,979,9531,851,4697,8690
3959,979,9531,8287,633,6980
3959,979,9531,7960,4343,4603
3959,979,9531,6450,5633,4184
3959,979,9531,1042,2010,7825
3959,979,9531,4569,6631,7797
3959,979,9531,7071,1791,569
3959,979,9531,695,6588,5023
3959,979,9531,7946,5717,1879
3959,979,9531,3398,9705,2577
3959,979,9531,4949,8771,6843
3959,979,9531,2370,8134,3335
3959,979,9531,8787,4142,7556
3959,979,9531,3859,7273,9832
3959,979,9531,8906,1261,6213
3959,979,9531,3836,6815,3700
3959,979,9531,5858,8476,551
3959,979,9531,402,9214,3052
3959,979,9531,5948,7477,1194
3959,979,9531,2861,3902,6430
3959,979,9531,9365,9026,2035
3959,979,9531,2999,1499,1838
3959,979,9531,3759,7280,7535
3959,979,9531,932,992,8681
3959,979,9531,7694,8143,2985
3959,979,9531,1054,2372,4815
3959,979,9531,930,6776,7735
3959,979,9531,9019,6490,6778
3959,979,9531,1993,2218,8685
3959,979,9531,9558,3428,6698
3959,979,9531,7118,1813,4795
3959,979,9531,8045,4436,2718
3959,979,9531,9926,4480,7094
3959,979,9531,4295,4869,4422
3959,979,9531,1397,1879,702
3959,979,9531,8358,467,1792
3959,979,9531,5012,9784,3730
3959,979,9531,7170,5172,9803
3959,979,9531,1594,8147,6373
3959,979,9531,458,2542,9767
3959,979,9531,7148,1231,9177
3959,979,9531,1125,7493,9750
3959,979,9531,8490,8957,6468
3959,979,9531,3395,1085,5306
3959,979,9531,7352,3938,8358
3959,979,9531,2411,4280,782
3959,979,9531,6570,1229,9198
3959,979,9531,9461,8630,5329
3959,979,9531,3628,5913,3010
3959,979,9531,8775,9668,4640
3959,979,9531,4453,615,1983
3959,979,9531,6955,1046,2284
3959,979,9531,9247,2186,7579
3959,979,9531,6193,1417,7402
3959,979,9531,5309,1016,6458
3959,979,9531,3297,3935,7225
3959,979,9531,6823,6148,5216
3959,979,9531,4608,1415,101
3959,979,9531,9353,5069,1537
3959,979,9531,6734,9710,1930
3959,979,9531,519,7429,2443
3959,979,9531,8618,5197,4749
3959,979,9531,790,4796,7568
3959,979,9531,6552,7345,54
3959,979,9531,7945,2658,6319
3959,979,9531,6252,5808,9295
3959,979,9531,4617,9617,4467
3959,979,9531,1401,5474,4710
3959,979,9531,5183,3982,4568
3959,979,9531,1012,357,7437
3959,979,9531,7519,7363,3682
3959,979,9531,9808,8547,7764
3959,979,9531,1075,5411,1925
3959,979,9531,2140,7794,1272
3959,979,9531,7938,7416,7249
3959,979,9531,2063,3169,1136
3959,979,9531,6584,5789,7190
3959,979,9531,261,9431,3744
3959,979,9531,6254,3839,2441
3959,979,9531,9214,4631,3488
3959,979,9531,1926,3810,2035
3959,979,9531,5891,1504,9668
3959,979,9531,5318,6426,5605
3959,979,9531,3870,4597,1176
3959,979,9531,366,9692,2932
3959,979,9531,3355,3657,9325
3959,979,9531,1301,3588,1683
3959,979,9531,7569,4363,8027
3959,979,9531,3808,8258,3526
3959,979,9531,8467,2237,1466
3959,979,9531,4396,757,4653
3959,979,9531,7138,8428,3017
3959,979,9531,6864,9561,8754
3959,979,9531,3149,2759,8254
3959,979,9531,3770,2219,3705
3959,979,9531,2292,1257,1076
3959,979,9531,7931,506,2988
3959,979,9531,7580,6688,3051
3959,979,9531,6190,3169,3594
3959,979,9531,9167,6084,9834
3959,979,9531,7337,4230,4097
3959,979,9531,2521,9189,1330
3959,979,9531,203,5841,1422
3959,979,9531,8356,9408,6943
3959,979,9531,5505,6873,2417
3959,979,9531,7215,3327,7927
3959,979,9531,3354,7330,810
3959,979,9531,4581,4766,9467
3959,979,9531,1223,1078,5543
3959,979,9531,4125,8944,2246
3959,979,9531,6773,8304,2457
3959,979,9531,7471,8170,8598
3959,979,9531,9392,7649,9459
3959,979,9531,663,5331,996
3959,979,9531,6398,1058,7620
3959,979,9531,47,8461,1818
3959,979,9531,7653,662,8175
3959,979,9531,6192,7724,1733
3959,979,9531,8183,9800,1953
3959,979,9531,8995,5370,7190
3959,979,9531,4664,6847,9324
3959,979,9531,7477,7189,6963
3959,979,9531,6745,8292,7375
3959,979,9531,4147,7967,6826
3959,979,9531,4713,8627,682
3959,979,9531,6682,6997,2029
3959,979,9531,6439,2330,3575
3959,979,9531,6997,9810,783
3959,979,9531,8329,1754,1068
3959,979,9531,4575,4386,2368
3959,979,9531,795,5769,6157
3959,979,9531,8763,9273,6877
3959,979,9531,531,2027,9690
3959,979,9531,5524,3860,5931
3959,979,9531,7887,6933,5983
3959,979,9531,334,9358,5779
3959,979,9531,4866,4511,3215
3959,979,9531,6554,8425,8403
3959,979,9531,4167,4438,9672
3959,979,9531,5583,753,3039
3959,979,9531,7099,1688,7593
3959,979,9531,2501,7453,2723
3959,979,9531,8338,2822,4731
3959,979,9531,9639,3040,45
3959,979,9531,9373,3371,3305
3959,979,9531,6835,9022,6363
3959,979,9531,4335,7091,1393
3959,979,9531,1318,8397,1648
3959,979,9531,7392,3168,3916
3959,979,9531,4116,4965,8009
3959,979,9531,9959,7096,3707
3959,979,9531,7464,916,682
3959,979,9531,390,2492,2877
3959,979,9531,5414,5830,2603
3959,979,9531,5806,6275,2606
3959,979,9531,5753,1106,8176
3959,979,9531,8276,6160,164
3959,979,9531,3459,438,6851
3959,979,9531,8530,9148,3019
3959,979,9531,3850,4560,5712
3959,979,9531,4911,1670,610
3959,979,9531,5110,4005,2003
3959,979,9531,8237,8840,9408
3959,979,9531,5193,3647,9114
3959,979,9531,579,301,7021
3959,979,9531,5565,9924,2861
3959,979,9531,8363,3436,2993
3959,979,9531,5744,3796,2572
3959,979,9531,7164,296,8429
3959,979,9531,5109,7707,4809
3959,979,9531,7972,9178,7083
3959,979,9531,6221,7602,4864
3959,979,9531,7167,8814,1740
3959,979,9531,7,1501,8347
3959,979,9531,719,798,5743
3959,979,9531,1635,7772,5516
3959,979,9531,6632,9563,420
3959,979,9531,1099,7257,8830
3959,979,9531,1326,8756,7245
3959,979,9531,83,902,374
3959,979,9531,2893,9978,20
3959,979,9531,5521,3246,2330
3959,979,9531,8595,7962,890
3959,979,9531,7314,7605,914
3959,979,9531,7779,9270,1861
3959,979,9531,38,4259,6221
3959,979,9531,1013,7325,4493
3959,979,9531,5386,616,9787
3959,979,9531,2674,1578,2369
3959,979,9531,8193,6488,1947
3959,979,9531,6560,9485,4493
3959,979,9531,5007,1343,3916
3959,979,9531,5829,7613,2690
3959,979,9531,8784,2595,843
3959,979,9531,5304,8022,7734
3959,979,9531,7183,7145,3909
3959,979,9531,3306,9646,1772
3959,979,9531,3698,3468,4344
3959,979,9531,9897,9558,876
3959,979,9531,4651,40,4387
3959,979,9531,5576,3984,7684
3959,979,9531,6468,680,5341
3959,979,9531,2495,2560,7999
3959,979,9531,6019,9181,6759
3959,979,9531,6561,7834,7030
3959,979,9531,3492,6179,5233
3959,979,9531,1631,8046,4612
3959,979,9531,2671,1102,5600
3959,979,9531,4291,2501,8060
3959,979,9531,8671,6216,8867
3959,979,9531,8863,11,1980
3959,979,9531,7492,2493,3314
3959,979,9531,252,8676,7343
3959,979,9531,8848,456,2689
3959,979,9531,1131,2684,1759
3959,979,9531,1671,5786,9072
3959,979,9531,6441,5516,3209
3959,979,9531,1160,6375,178
3959,979,9531,4740,7694,672
3959,979,9531,4416,3544,7492
3959,979,9531,6405,2197,6904
3959,979,9531,3603,2115,5871
3959,979,9531,7490,8056,7661
3959,979,9531,6566,6530,7327
3959,979,9531,9960,1182,1201
3959,979,9531,228,7280,2631
3959,979,9531,8184,3431,3761
3959,979,9531,1564,9281,8535
3959,979,9531,6650,2968,5235
3959,979,9531,4483,9895,8406
3959,979,9531,8365,3267,8758
3959,979,9531,3116,2610,483
3959,979,9531,5540,388,9399
3959,979,9531,931,2424,6113
3959,979,9531,9477,1850,5354
3959,979,9531,1569,9854,5803
3959,979,9531,3550,2049,3767
3959,979,9531,4984,5252,3833
3959,979,9531,8911,9467,9417
3959,979,9531,3349,5820,6516
3959,979,9531,6838,6365,7268
3959,979,9531,178,6521,7422
3959,979,9531,9400,682,2654
3959,979,9531,1852,3833,3101
