4867,9389,5428,8192,5369,4766
4867,9389,5428,6573,8109,332
4867,9389,5428,7577,4184,3147
4867,9389,5428,5733,6538,5219
4867,9389,5428,6463,3057,2140
4867,9389,5428,9080,4522,3434
4867,9389,5428,9446,9005,839
4867,9389,5428,4592,1191,7331
4867,9389,5428,1118,2173,1528
4867,9389,5428,7723,6278,3955
4867,9389,5428,6996,953,780
4867,9389,5428,8128,9677,9434
4867,9389,5428,694,6098,6214
4867,9389,5428,8208,9971,7721
4867,9389,5428,9635,4534,7237
4867,9389,5428,6241,6315,6893
4867,9389,5428,3,7984,781
4867,9389,5428,3371,3930,8336
4867,9389,5428,2896,9304,603
4867,9389,5428,5434,6288,5585
4867,9389,5428,7519,320,1370
4867,9389,5428,9520,4440,4386
4867,9389,5428,6417,4794,402
4867,9389,5428,4811,8065,6761
4867,9389,5428,2061,7739,7048
4867,9389,5428,5177,2039,1635
4867,9389,5428,9573,2829,8992
4867,9389,5428,4097,5325,7129
4867,9389,5428,3923,4424,92
4867,9389,5428,9963,5473,799
4867,9389,5428,5657,6414,3229
4867,9389,5428,23,4552,7165
4867,9389,5428,6689,8261,1087
4867,9389,5428,8532,9687,8683
4867,9389,5428,3424,2975,9650
4867,9389,5428,641,4204,6268
4867,9389,5428,3834,1767,2312
4867,9389,5428,4999,8644,4897
4867,9389,5428,5890,4787,3165
4867,9389,5428,9526,9810,6871
4867,9389,5428,2541,1566,3032
4867,9389,5428,4321,0,8264
4867,9389,5428,6413,3474,4654
4867,9389,5428,4636,9566,2346
4867,9389,5428,2874,6720,3871
4867,9389,5428,4333,2646,6775
4867,9389,5428,3650,4126,6105
4867,9389,5428,2932,7995,3748
4867,9389,5428,1363,4103,8813
4867,9389,5428,7418,7807,5979
4867,9389,5428,8436,7305,1992
4867,9389,5428,516,8793,8524
4867,9389,5428,7841,423,4541
4867,9389,5428,5701,3217,6846
4867,9389,5428,6620,9392,7206
4867,9389,5428,8508,1129,5
4867,9389,5428,6274,1826,4716
4867,9389,5428,4390,4908,6680
4867,9389,5428,5777,851,8369
4867,9389,5428,8523,4016,7380
4867,9389,5428,8415,5907,3217
4867,9389,5428,1756,2275,3338
4867,9389,5428,8931,4551,8582
4867,9389,5428,3450,9384,3544
4867,9389,5428,3843,3652,6177
4867,9389,5428,6137,7181,8644
4867,9389,5428,7216,7483,8298
4867,9389,5428,8906,9881,1426
4867,9389,5428,3476,8130,5850
4867,9389,5428,9874,3330,4608
4867,9389,5428,241,3761,9749
4867,9389,5428,8332,8152,1241
4867,9389,5428,2461,2297,3595
4867,9389,5428,4781,6520,508
4867,9389,5428,7455,7221,9336
4867,9389,5428,4015,5961,8133
4867,9389,5428,9889,2983,5135
4867,9389,5428,2981,6348,553
4867,9389,5428,3663,5661,4419
4867,9389,5428,6071,6531,1345
4867,9389,5428,1324,9256,5882
4867,9389,5428,1123,3366,8054
4867,9389,5428,411,2643,49
4867,9389,5428,9804,1570,1970
4867,9389,5428,9574,6511,6477
4867,9389,5428,240,7917,4678
4867,9389,5428,8686,7106,8755
4867,9389,5428,931,4891,5463
4867,9389,5428,2232,8660,4982
4867,9389,5428,851,9091,2045
4867,9389,5428,826,7732,3552
4867,9389,5428,3597,6362,612
4867,9389,5428,8315,6450,2540
4867,9389,5428,8945,7020,8695
4867,9389,5428,61,7014,8858
4867,9389,5428,8004,748,4096
4867,9389,5428,9199,6627,4082
4867,9389,5428,9820,9646,6599
4867,9389,5428,634,8729,2020
4867,9389,5428,1870,674,6334
4867,9389,5428,4262,9062,5840
4867,9389,5428,2933,9521,4255
4867,9389,5428,4671,9490,7593
4867,9389,5428,8360,9491,2889
4867,9389,5428,1339,9978,7470
4867,9389,5428,1856,2291,8536
4867,9389,5428,6586,5804,4873
4867,9389,5428,6528,8858,8535
4867,9389,5428,2138,8951,4981
4867,9389,5428,3905,6359,3347
4867,9389,5428,1689,8142,6253
4867,9389,5428,1454,7025,2947
4867,9389,5428,3911,57,6278
4867,9389,5428,7626,6230,3043
4867,9389,5428,5750,4739,242
4867,9389,5428,6783,6868,3102
4867,9389,5428,9875,249,2005
4867,9389,5428,4897,8855,9190
4867,9389,5428,9644,6188,7474
4867,9389,5428,7873,5545,7844
4867,9389,5428,7633,6011,1232
4867,9389,5428,3716,4521,8976
4867,9389,5428,6665,3507,2000
4867,9389,5428,6992,6123,4859
4867,9389,5428,8658,5829,8682
4867,9389,5428,5329,1117,3034
4867,9389,5428,8943,8620,9756
4867,9389,5428,8011,4320,7594
4867,9389,5428,265,687,7112
4867,9389,5428,2386,7069,2178
4867,9389,5428,1104,6221,5209
4867,9389,5428,6778,182,7947
4867,9389,5428,1341,8501,2594
4867,9389,5428,1827,830,1066
4867,9389,5428,1,1517,5260
4867,9389,5428,1679,8418,1353
4867,9389,5428,5249,2946,6998
4867,9389,5428,532,5963,6227
4867,9389,5428,7966,708,3425
4867,9389,5428,7126,5237,8430
4867,9389,5428,5845,7058,5367
4867,9389,5428,3638,6438,7482
4867,9389,5428,8002,4961,1242
4867,9389,5428,9971,3293,3173
4867,9389,5428,4632,503,9087
4867,9389,5428,4681,6049,240
4867,9389,5428,5055,8898,1326
4867,9389,5428,6306,2511,5517
4867,9389,5428,3407,9298,5336
4867,9389,5428,4891,9613,2399
4867,9389,5428,5549,6391,2584
4867,9389,5428,6997,362,8709
4867,9389,5428,6817,3430,8170
4867,9389,5428,9077,9758,3480
4867,9389,5428,5681,2901,301
4867,9389,5428,7979,2091,5169
4867,9389,5428,5677,3090,531
4867,9389,5428,7325,7486,2435
4867,9389,5428,8147,1491,2673
4867,9389,5428,1499,6764,4082
4867,9389,5428,429,3245,256
4867,9389,5428,745,9422,4316
4867,9389,5428,3134,3700,8078
4867,9389,5428,1088,766,2305
4867,9389,5428,9783,2752,4674
4867,9389,5428,4118,4977,6807
4867,9389,5428,9782,1347,4505
4867,9389,5428,6791,8304,7890
4867,9389,5428,3128,8854,6997
4867,9389,5428,6211,8276,9432
4867,9389,5428,5970,8907,1567
4867,9389,5428,8699,6346,1610
4867,9389,5428,8654,9163,6359
4867,9389,5428,5633,3270,7710
4867,9389,5428,377,4826,1562
4867,9389,5428,8393,5443,3252
4867,9389,5428,3670,5814,7909
4867,9389,5428,6105,3445,4903
4867,9389,5428,9369,1629,7895
4867,9389,5428,1853,7127,3044
4867,9389,5428,9434,380,5730
4867,9389,5428,6284,7106,2229
4867,9389,5428,4230,832,7311
4867,9389,5428,7276,3350,7908
4867,9389,5428,5453,2255,62
4867,9389,5428,1721,8123,6742
4867,9389,5428,4197,4481,2228
4867,9389,5428,3822,1423,8208
4867,9389,5428,8890,5804,1472
4867,9389,5428,1970,6391,5016
4867,9389,5428,3148,4634,1860
4867,9389,5428,6747,7641,1887
4867,9389,5428,9100,2882,9241
4867,9389,5428,9382,1503,9990
4867,9389,5428,521,950,6337
4867,9389,5428,6107,5258,2687
4867,9389,5428,2178,1744,7062
4867,9389,5428,3154,3884,1752
4867,9389,5428,8473,6815,9543
4867,9389,5428,255,61,7706
4867,9389,5428,8709,9938,5812
4867,9389,5428,6686,7477,8574
4867,9389,5428,2400,5309,1439
4867,9389,5428,8031,5517,2209
4867,9389,5428,8232,5830,9622
4867,9389,5428,5531,5580,745
4867,9389,5428,206,5844,4959
4867,9389,5428,3494,4252,1598
4867,9389,5428,8688,27,8627
4867,9389,5428,2826,9817,8594
4867,9389,5428,5957,2049,2083
4867,9389,5428,278,2671,2085
4867,9389,5428,1892,2127,7413
4867,9389,5428,3743,3890,2681
4867,9389,5428,1940,2254,6183
4867,9389,5428,1906,6352,7557
4867,9389,5428,1113,8464,8936
4867,9389,5428,4525,7877,7635
4867,9389,5428,6934,5782,1131
4867,9389,5428,4373,98,9860
4867,9389,5428,4051,4142,7994
4867,9389,5428,394,3243,4502
4867,9389,5428,6764,5138,2263
4867,9389,5428,8728,8154,832
4867,9389,5428,8256,9592,1263
4867,9389,5428,2692,8311,5520
4867,9389,5428,1987,3091,3075
4867,9389,5428,5438,4153,3848
4867,9389,5428,429,9002,8022
4867,9389,5428,336,8491,2612
4867,9389,5428,2277,4223,1903
4867,9389,5428,3794,2384,4750
4867,9389,5428,1613,7911,2323
4867,9389,5428,3709,7230,6414
4867,9389,5428,2545,1294,8738
4867,9389,5428,5670,4516,3243
4867,9389,5428,9875,466,1682
4867,9389,5428,1606,423,2440
4867,9389,5428,5298,5362,4183
4867,9389,5428,6391,7824,5231
4867,9389,5428,9239,3375,8035
4867,9389,5428,5883,6418,802
4867,9389,5428,3823,8730,7519
4867,9389,5428,4159,6876,6362
4867,9389,5428,6944,765,1235
4867,9389,5428,6681,8237,3778
4867,9389,5428,266,5496,8553
4867,9389,5428,3265,4403,9461
4867,9389,5428,1952,3593,8824
4867,9389,5428,995,5433,3737
4867,9389,5428,8504,8641,9225
4867,9389,5428,3360,5165,4899
4867,9389,5428,9258,7679,7622
4867,9389,5428,3829,452,1750
4867,9389,5428,4158,6822,2234
4867,9389,5428,6117,8749,7997
4867,9389,5428,2883,1900,8583
4867,9389,5428,1227,2162,8688
4867,9389,5428,8462,2693,3219
4867,9389,5428,9239,5478,168
4867,9389,5428,1505,6742,7435
4867,9389,5428,2842,1160,5435
4867,9389,5428,9476,8860,5082
4867,9389,5428,6982,2502,8419
4867,9389,5428,9905,3245,8540
4867,9389,5428,1576,7086,2980
4867,9389,5428,3767,8087,1711
4867,9389,5428,8794,3366,4329
4867,9389,5428,6019,9529,4370
4867,9389,5428,5730,7090,1166
4867,9389,5428,8742,815,2493
4867,9389,5428,4814,9362,2482
4867,9389,5428,6190,965,6998
4867,9389,5428,2542,1713,351
4867,9389,5428,113,9103,1931
4867,9389,5428,8377,6241,9401
4867,9389,5428,4580,965,9201
4867,9389,5428,3330,9963,1610
4867,9389,5428,7239,1133,8194
4867,9389,5428,4597,842,5869
4867,9389,5428,7752,5767,3490
4867,9389,5428,1421,2316,1998
4867,9389,5428,4502,9689,7682
4867,9389,5428,9463,4901,1814
4867,9389,5428,1114,9171,1680
4867,9389,5428,2627,443,3398
4867,9389,5428,5593,8049,2913
4867,9389,5428,356,316,6173
4867,9389,5428,5370,5106,1559
4867,9389,5428,31,5471,950
4867,9389,5428,570,450,9411
4867,9389,5428,57,4744,2351
4867,9389,5428,3855,2929,2728
4867,9389,5428,189,1721,4904
4867,9389,5428,9887,6519,173
4867,9389,5428,4050,7046,2322
4867,9389,5428,8559,825,7355
4867,9389,5428,7472,4877,1633
4867,9389,5428,9417,6982,3472
4867,9389,5428,4478,7625,2717
4867,9389,5428,6932,1111,217
4867,9389,5428,1964,912,1588
4867,9389,5428,3406,6045,8007
4867,9389,5428,2369,7504,6277
4867,9389,5428,6290,4769,1235
4867,9389,5428,9764,9075,2405
4867,9389,5428,5181,6464,2796
4867,9389,5428,787,3258,4811
4867,9389,5428,6332,7676,8290
4867,9389,5428,3195,8355,3027
4867,9389,5428,848,4737,6370
4867,9389,5428,4528,5584,7205
4867,9389,5428,442,6917,3158
4867,9389,5428,29,7893,5463
4867,9389,5428,6681,7537,2827
4867,9389,5428,58,7825,5111
4867,9389,5428,8386,5952,9526
4867,9389,5428,572,283,913
4867,9389,5428,4335,9150,1385
4867,9389,5428,7434,8570,7017
4867,9389,5428,1337,9633,7483
4867,9389,5428,7656,946,4806
4867,9389,5428,6685,6232,7230
4867,9389,5428,5542,2979,9584
4867,9389,5428,3761,4520,4137
4867,9389,5428,575,9728,4012
4867,9389,5428,9798,3414,2659
4867,9389,5428,3048,9107,2231
4867,9389,5428,9103,2148,5315
4867,9389,5428,3440,7636,2295
4867,9389,5428,958,4721,2356
4867,9389,5428,4867,8349,6214
4867,9389,5428,2222,9317,4749
4867,9389,5428,2148,4402,4062
4867,9389,5428,7886,9982,584
4867,9389,5428,5726,5334,6533
4867,9389,5428,6052,3673,7714
4867,9389,5428,4312,588,6342
4867,9389,5428,975,1992,9192
4867,9389,5428,7410,4475,791
4867,9389,5428,8421,664,6665
4867,9389,5428,965,1239,4764
4867,9389,5428,2171,2500,4508
4867,9389,5428,4572,9920,4204
4867,9389,5428,219,4710,1754
4867,9389,5428,8685,2035,8066
4867,9389,5428,8807,5414,6095
4867,9389,5428,7988,7163,3049
4867,9389,5428,4626,8809,7620
4867,9389,5428,2978,3155,789
4867,9389,5428,2816,4699,8069
4867,9389,5428,641,5551,9334
4867,9389,5428,5408,495,1304
4867,9389,5428,2953,4203,9382
4867,9389,5428,1178,9275,3695
4867,9389,5428,4904,7287,5449
4867,9389,5428,694,516,2944
4867,9389,5428,1449,8493,4446
4867,9389,5428,2216,3842,9903
4867,9389,5428,475,8936,9320
4867,9389,5428,3308,6059,839
4867,9389,5428,1183,6604,9839
4867,9389,5428,1104,323,2087
4867,9389,5428,9513,2455,224
4867,9389,5428,3530,5922,6964
4867,9389,5428,6951,2616,102
4867,9389,5428,9150,1885,7574
4867,9389,5428,5270,9794,2046
4867,9389,5428,2939,7643,6496
4867,9389,5428,8841,1218,8147
4867,9389,5428,4579,8677,6191
4867,9389,5428,4936,2486,550
4867,9389,5428,6383,3287,9662
4867,9389,5428,7435,1829,6910
4867,9389,5428,1180,4341,1717
4867,9389,5428,1040,4481,1344
4867,9389,5428,5458,6877,8563
4867,9389,5428,4036,319,9224
4867,9389,5428,8460,7755,9287
4867,9389,5428,4231,5247,1483
4867,9389,5428,438,4446,2227
4867,9389,5428,7917,8993,3292
4867,9389,5428,3451,5394,3570
4867,9389,5428,5255,8619,706
4867,9389,5428,8123,3650,3530
4867,9389,5428,1171,7050,8714
4867,9389,5428,5399,8168,3249
4867,9389,5428,9003,5954,2246
4867,9389,5428,9661,6606,5816
4867,9389,5428,4466,735,7635
4867,9389,5428,1791,9483,7630
4867,9389,5428,7989,4865,5319
4867,9389,5428,4526,9269,9895
4867,9389,5428,8492,8315,222
4867,9389,5428,5956,5402,9693
4867,9389,5428,702,1460,5603
4867,9389,5428,9117,7045,9156
4867,9389,5428,9608,3963,3768
4867,9389,5428,2334,4345,6686
4867,9389,5428,1529,1924,2595
4867,9389,5428,5085,1301,9293
4867,9389,5428,8164,7997,1509
4867,9389,5428,9664,2407,5961
4867,9389,5428,9629,9071,4500
4867,9389,5428,838,4248,604
4867,9389,5428,5412,9169,5716
4867,9389,5428,2953,7690,7017
4867,9389,5428,6712,8050,2811
4867,9389,5428,6061,3749,9024
4867,9389,5428,6911,524,3547
4867,9389,5428,9813,7132,7916
4867,9389,5428,4969,4747,7760
4867,9389,5428,412,4352,2639
4867,9389,5428,1241,4415,4491
4867,9389,5428,946,5868,2995
4867,9389,5428,4709,889,6695
4867,9389,5428,626,4243,5116
4867,9389,5428,5674,9934,3669
4867,9389,5428,5616,5667,4574
4867,9389,5428,6353,412,6607
4867,9389,5428,3627,9895,8889
4867,9389,5428,2511,8156,9750
4867,9389,5428,2903,2139,4180
4867,9389,5428,6729,9231,4849
4867,9389,5428,5226,3537,8993
4867,9389,5428,2824,55,5816
4867,9389,5428,1671,2987,4875
4867,9389,5428,9183,5218,6302
4867,9389,5428,6394,54,3559
4867,9389,5428,9439,3887,8829
4867,9389,5428,1843,6358,4205
4867,9389,5428,7507,8886,513
4867,9389,5428,3412,5941,8861
4867,9389,5428,2558,8194,6685
4867,9389,5428,3886,3915,615
4867,9389,5428,1967,9809,831
4867,9389,5428,6884,1139,2791
4867,9389,5428,3715,9293,3692
4867,9389,5428,7946,1211,7771
4867,9389,5428,5039,7362,3794
4867,9389,5428,1976,1337,2675
4867,9389,5428,5932,9217,7112
4867,9389,5428,191,4064,3086
4867,9389,5428,7498,3848,1780
4867,9389,5428,7240,1284,9099
4867,9389,5428,7981,735,84
4867,9389,5428,3288,3192,3253
4867,9389,5428,3568,5131,7697
4867,9389,5428,8356,6637,7370
4867,9389,5428,2491,4780,1433
4867,9389,5428,6924,4668,1643
4867,9389,5428,9514,4478,4107
4867,9389,5428,8337,4937,98
4867,9389,5428,4353,9386,7073
4867,9389,5428,2128,5660,2072
4867,9389,5428,5105,2371,2889
4867,9389,5428,5713,1268,9172
4867,9389,5428,4348,3566,5226
4867,9389,5428,4749,4445,7937
4867,9389,5428,1797,9427,9996
4867,9389,5428,1756,7922,6462
4867,9389,5428,1275,2909,6456
4867,9389,5428,9011,7408,8175
4867,9389,5428,3258,8675,2483
4867,9389,5428,3663,6638,3230
4867,9389,5428,4509,6338,3737
4867,9389,5428,181,2466,5006
4867,9389,5428,3860,9827,793
4867,9389,5428,5708,3742,4632
4867,9389,5428,3705,1363,2560
4867,9389,5428,2652,9195,7442
4867,9389,5428,2737,5609,8907
4867,9389,5428,9177,9890,2117
4867,9389,5428,1507,7480,3962
4867,9389,5428,9482,7673,7146
4867,9389,5428,9755,4239,1446
4867,9389,5428,2955,7044,7724
4867,9389,5428,6727,9908,2512
4867,9389,5428,6958,9146,5381
4867,9389,5428,5239,6376,6617
4867,9389,5428,5726,6053,3746
4867,9389,5428,4807,9737,1591
4867,9389,5428,1950,7642,8859
4867,9389,5428,2792,9862,5964
4867,9389,5428,5042,6627,7742
4867,9389,5428,3518,4028,8057
4867,9389,5428,2804,6985,876
4867,9389,5428,6352,7009,4317
4867,9389,5428,7676,9933,1609
4867,9389,5428,9668,9577,4761
4867,9389,5428,6555,11,1310
4867,9389,5428,4129,9220,9578
4867,9389,5428,788,5975,4250
4867,9389,5428,6056,1066,7320
4867,9389,5428,9490,9462,445
4867,9389,5428,2857,2292,5418
4867,9389,5428,4347,9957,3731
4867,9389,5428,7081,6407,25
4867,9389,5428,2620,5804,9112
4867,9389,5428,1609,7804,4808
4867,9389,5428,5522,1258,8695
4867,9389,5428,965,8836,1351
4867,9389,5428,6200,205,6823
4867,9389,5428,7077,4087,550
4867,9389,5428,2166,5422,6951
4867,9389,5428,5931,7812,4058
4867,9389,5428,9293,3310,5707
4867,9389,5428,1918,606,2031
4867,9389,5428,6271,3266,427
4867,9389,5428,4431,3148,9863
