4867,9389,5428,8691,5583,4418
4867,9389,5428,5012,839,3901
4867,9389,5428,3234,1850,7025
4867,9389,5428,1903,2898,1406
4867,9389,5428,1395,6271,6734
4867,9389,5428,6618,7249,47
4867,9389,5428,213,1061,7590
4867,9389,5428,5439,6093,146
4867,9389,5428,3142,7209,6111
4867,9389,5428,5564,2503,1667
4867,9389,5428,6774,3391,1192
4867,9389,5428,6632,112,3610
4867,9389,5428,9001,5317,4082
4867,9389,5428,9636,2457,4063
4867,9389,5428,171,361,8258
4867,9389,5428,6584,8319,451
4867,9389,5428,2836,863,1609
4867,9389,5428,2009,9637,433
4867,9389,5428,6112,1519,9415
4867,9389,5428,6387,5886,8941
4867,9389,5428,9225,5427,1360
4867,9389,5428,2990,3895,419
4867,9389,5428,6216,1265,7864
4867,9389,5428,6844,1033,9830
4867,9389,5428,4425,8323,533
4867,9389,5428,9970,2578,6533
4867,9389,5428,331,9103,4144
4867,9389,5428,3838,9341,1154
4867,9389,5428,6777,6242,2369
4867,9389,5428,7228,6283,1833
4867,9389,5428,7276,1492,2995
4867,9389,5428,8141,6940,5782
4867,9389,5428,7368,7161,6881
4867,9389,5428,8197,219,7465
4867,9389,5428,9511,2727,1786
4867,9389,5428,9360,7176,3062
4867,9389,5428,3753,1177,7396
4867,9389,5428,6280,3344,8639
4867,9389,5428,6595,5490,2147
4867,9389,5428,8717,7817,6858
4867,9389,5428,5844,575,1409
4867,9389,5428,359,1832,5057
4867,9389,5428,3769,2761,9737
4867,9389,5428,7384,3253,4322
4867,9389,5428,4625,8656,7505
4867,9389,5428,2470,6794,5285
4867,9389,5428,5004,4743,7530
4867,9389,5428,6252,1440,3735
4867,9389,5428,924,1932,6593
4867,9389,5428,7032,7468,1105
4867,9389,5428,8506,9872,8384
4867,9389,5428,8705,9542,4818
4867,9389,5428,7910,3769,6839
4867,9389,5428,9225,8301,6888
4867,9389,5428,426,9482,4372
4867,9389,5428,4047,3967,7293
4867,9389,5428,8482,3688,2777
4867,9389,5428,460,7701,9529
4867,9389,5428,34,9804,5955
4867,9389,5428,250,1760,317
4867,9389,5428,6830,7590,3561
4867,9389,5428,4946,1214,9002
4867,9389,5428,1678,5644,4958
4867,9389,5428,6867,4863,6129
4867,9389,5428,8299,3466,8956
4867,9389,5428,1712,7003,3007
4867,9389,5428,8825,4406,7852
4867,9389,5428,9163,2083,9089
4867,9389,5428,6312,1199,3730
4867,9389,5428,5728,3977,6742
4867,9389,5428,7409,8409,6387
4867,9389,5428,4448,2927,7090
4867,9389,5428,337,4802,7611
4867,9389,5428,1595,7608,23
4867,9389,5428,1506,5985,9749
4867,9389,5428,5257,6741,1475
4867,9389,5428,9422,6921,9382
4867,9389,5428,705,1263,2425
4867,9389,5428,3800,4387,892
4867,9389,5428,4776,9629,8359
4867,9389,5428,5877,4632,2745
4867,9389,5428,4538,904,5751
4867,9389,5428,8728,2192,9724
4867,9389,5428,1626,2,2313
4867,9389,5428,8492,799,8681
4867,9389,5428,7447,8997,6842
4867,9389,5428,6836,5012,8949
4867,9389,5428,1837,7552,8904
4867,9389,5428,9454,7382,7069
4867,9389,5428,6074,5589,236
4867,9389,5428,5336,936,6543
4867,9389,5428,1834,5032,9817
4867,9389,5428,536,6681,5772
4867,9389,5428,4456,1769,5349
4867,9389,5428,6655,5892,7576
4867,9389,5428,9353,7468,7663
4867,9389,5428,6467,5599,4266
4867,9389,5428,6096,2136,4604
4867,9389,5428,4266,8984,6333
4867,9389,5428,7936,1731,70
4867,9389,5428,694,9853,1002
4867,9389,5428,4552,8829,7951
4867,9389,5428,2425,4408,4452
4867,9389,5428,4911,7535,7727
4867,9389,5428,6726,1363,2367
4867,9389,5428,995,2499,4471
4867,9389,5428,6798,1178,4523
4867,9389,5428,2273,1214,940
4867,9389,5428,8730,3211,4711
4867,9389,5428,6656,3988,1361
4867,9389,5428,9183,3256,6870
4867,9389,5428,4105,956,4173
4867,9389,5428,813,3793,8609
4867,9389,5428,4784,1457,6082
4867,9389,5428,8054,4900,9293
4867,9389,5428,8914,5960,4433
4867,9389,5428,59,1513,1910
4867,9389,5428,9829,5838,4543
4867,9389,5428,4454,716,9573
4867,9389,5428,1986,1031,4192
4867,9389,5428,6097,4657,490
4867,9389,5428,4938,4520,7044
4867,9389,5428,6669,9952,534
4867,9389,5428,6242,8553,7967
4867,9389,5428,4225,9496,1743
4867,9389,5428,7119,65,4558
4867,9389,5428,1991,1127,7623
4867,9389,5428,5670,1654,545
4867,9389,5428,3244,4518,3306
4867,9389,5428,9385,4563,2877
4867,9389,5428,9895,6107,1858
4867,9389,5428,5608,6457,1470
4867,9389,5428,6000,365,9018
4867,9389,5428,8779,9411,1308
4867,9389,5428,6060,9397,239
4867,9389,5428,350,9918,1333
4867,9389,5428,9053,6199,1164
4867,9389,5428,5226,0,6054
4867,9389,5428,167,4964,9812
4867,9389,5428,14,8771,5892
4867,9389,5428,2097,4027,2404
4867,9389,5428,1231,9715,5442
4867,9389,5428,3301,8169,235
4867,9389,5428,1542,2461,7595
4867,9389,5428,3429,2825,2156
4867,9389,5428,1034,5261,6519
4867,9389,5428,7675,6863,9722
4867,9389,5428,7314,38,5754
4867,9389,5428,6246,3744,4955
4867,9389,5428,1529,686,7109
4867,9389,5428,2092,3560,9642
4867,9389,5428,8750,7517,5624
4867,9389,5428,3737,5125,1644
4867,9389,5428,9474,4782,4197
4867,9389,5428,4702,2635,6256
4867,9389,5428,1209,5553,4456
4867,9389,5428,7323,8623,1812
4867,9389,5428,2980,5914,8522
4867,9389,5428,208,4504,3294
4867,9389,5428,7712,6111,9408
4867,9389,5428,9474,3735,194
4867,9389,5428,4127,9329,8564
4867,9389,5428,3200,5095,4120
4867,9389,5428,3258,5717,3172
4867,9389,5428,9499,7627,6090
4867,9389,5428,9058,1979,5690
4867,9389,5428,2876,6331,4834
4867,9389,5428,6516,5857,5001
4867,9389,5428,4967,4744,1405
4867,9389,5428,2768,5988,3324
4867,9389,5428,9774,3824,9626
4867,9389,5428,9153,258,5739
4867,9389,5428,2224,2316,7063
4867,9389,5428,6131,9268,2202
4867,9389,5428,9114,2874,1698
4867,9389,5428,3478,3737,5721
4867,9389,5428,358,7697,9600
4867,9389,5428,8902,6575,728
4867,9389,5428,3975,16,2623
4867,9389,5428,8912,8665,6291
4867,9389,5428,9341,7669,2728
4867,9389,5428,9674,7129,9082
4867,9389,5428,6841,3148,1150
4867,9389,5428,3388,2282,7801
4867,9389,5428,5506,4445,9398
4867,9389,5428,8073,1832,4514
4867,9389,5428,473,341,331
4867,9389,5428,4762,7506,399
4867,9389,5428,8246,1110,4948
4867,9389,5428,3303,7393,6371
4867,9389,5428,2047,3088,6405
4867,9389,5428,8804,4485,6852
4867,9389,5428,4961,1800,603
4867,9389,5428,1866,809,2188
4867,9389,5428,9481,3131,7022
4867,9389,5428,3962,8463,3238
4867,9389,5428,7698,816,4486
4867,9389,5428,3826,5747,1762
4867,9389,5428,8541,7510,3864
4867,9389,5428,3665,9908,8968
4867,9389,5428,1300,5047,1512
4867,9389,5428,9486,1607,1258
4867,9389,5428,3735,9250,5327
4867,9389,5428,490,2518,1286
4867,9389,5428,3509,3513,2027
4867,9389,5428,9031,5881,1343
4867,9389,5428,3908,5882,9974
4867,9389,5428,242,5673,8803
4867,9389,5428,4243,3756,5187
4867,9389,5428,7483,3997,2719
4867,9389,5428,2313,4514,1164
4867,9389,5428,6307,2464,3916
4867,9389,5428,8319,4967,7178
4867,9389,5428,9783,2577,582
4867,9389,5428,4286,671,5155
4867,9389,5428,1048,525,3804
4867,9389,5428,7659,4698,476
4867,9389,5428,5795,590,1716
4867,9389,5428,7277,3801,1587
4867,9389,5428,4589,4791,3378
4867,9389,5428,998,5312,1391
4867,9389,5428,1805,7058,6973
4867,9389,5428,6172,6204,8953
4867,9389,5428,5836,3225,8304
4867,9389,5428,2043,7936,4528
4867,9389,5428,6286,7118,5952
4867,9389,5428,9357,2923,9310
4867,9389,5428,7856,7119,2976
4867,9389,5428,9492,5218,7769
4867,9389,5428,5945,6720,9743
4867,9389,5428,8253,3850,8643
4867,9389,5428,9039,257,2226
4867,9389,5428,5109,958,4094
4867,9389,5428,3820,4686,4853
4867,9389,5428,6210,5249,1127
4867,9389,5428,4191,9533,298
4867,9389,5428,4839,9052,9461
4867,9389,5428,9169,5104,3272
4867,9389,5428,597,3000,2849
4867,9389,5428,8914,3112,655
4867,9389,5428,9020,9561,2944
4867,9389,5428,6561,123,8607
4867,9389,5428,9668,122,3958
4867,9389,5428,7735,5209,87
4867,9389,5428,6339,6179,5765
4867,9389,5428,2780,2293,795
4867,9389,5428,7898,4075,3403
4867,9389,5428,6046,3975,1008
4867,9389,5428,5874,8696,6071
4867,9389,5428,8042,7515,4081
4867,9389,5428,6330,7438,1960
4867,9389,5428,7009,800,6425
4867,9389,5428,6139,4753,2137
4867,9389,5428,7195,5272,2585
4867,9389,5428,3728,8294,5464
4867,9389,5428,4559,5833,4898
4867,9389,5428,3987,2352,818
4867,9389,5428,1084,4738,2003
4867,9389,5428,4696,2119,1726
4867,9389,5428,9912,3945,3472
4867,9389,5428,3697,2846,692
4867,9389,5428,7267,7900,6601
4867,9389,5428,8470,1012,6439
4867,9389,5428,8638,7076,7618
4867,9389,5428,642,9081,5199
4867,9389,5428,1264,3849,9276
4867,9389,5428,791,726,4248
4867,9389,5428,4338,7343,952
4867,9389,5428,7672,3180,7096
4867,9389,5428,3461,6981,2641
4867,9389,5428,6145,9329,5733
4867,9389,5428,6957,5595,8218
4867,9389,5428,2218,3541,473
4867,9389,5428,3731,2839,5085
4867,9389,5428,6292,4908,1180
4867,9389,5428,5786,3292,3329
4867,9389,5428,3235,2320,8768
4867,9389,5428,5413,2258,3376
4867,9389,5428,3116,5288,8044
4867,9389,5428,8139,9110,810
4867,9389,5428,7501,2677,805
4867,9389,5428,11,3823,1524
4867,9389,5428,8513,4858,3488
4867,9389,5428,2956,4441,5527
4867,9389,5428,1373,8047,8366
4867,9389,5428,8723,9961,5192
4867,9389,5428,366,4509,6178
4867,9389,5428,1729,5016,9086
4867,9389,5428,1784,9425,3805
4867,9389,5428,1134,7067,8335
4867,9389,5428,8756,818,2701
4867,9389,5428,856,8551,2663
4867,9389,5428,5738,93,1797
4867,9389,5428,3726,7289,2579
4867,9389,5428,7181,6530,2383
4867,9389,5428,9527,1222,6359
4867,9389,5428,7462,3356,6562
4867,9389,5428,4645,2240,2382
4867,9389,5428,4135,688,1189
4867,9389,5428,3263,9061,4325
4867,9389,5428,5133,6153,1226
4867,9389,5428,3311,2883,3033
4867,9389,5428,3949,2705,7322
4867,9389,5428,8705,2026,1488
4867,9389,5428,6860,3365,2541
4867,9389,5428,7297,7601,6130
4867,9389,5428,6808,4469,8771
4867,9389,5428,9607,5906,8960
4867,9389,5428,8557,2246,2067
4867,9389,5428,2327,6425,7768
4867,9389,5428,7640,165,1722
4867,9389,5428,6419,2065,4291
4867,9389,5428,6939,4602,1799
4867,9389,5428,2080,9730,9417
4867,9389,5428,4487,7025,7981
4867,9389,5428,5717,9331,6759
4867,9389,5428,7311,3373,9374
4867,9389,5428,2240,2411,9394
4867,9389,5428,7717,6800,9544
4867,9389,5428,9331,9091,6621
4867,9389,5428,1952,6632,1978
4867,9389,5428,797,7510,3210
4867,9389,5428,9318,6530,6751
4867,9389,5428,7857,5346,1703
4867,9389,5428,9788,8218,4520
4867,9389,5428,4830,7932,6090
4867,9389,5428,4243,6239,3441
4867,9389,5428,3312,8593,8820
4867,9389,5428,8790,169,5009
4867,9389,5428,9367,5017,2712
4867,9389,5428,5041,1539,6513
4867,9389,5428,9329,6089,3401
4867,9389,5428,9339,437,2549
4867,9389,5428,5184,3832,8804
4867,9389,5428,2572,932,4918
4867,9389,5428,3470,9402,8022
4867,9389,5428,8990,9998,9174
4867,9389,5428,3705,5171,1302
4867,9389,5428,5701,331,2703
4867,9389,5428,9618,1443,6591
4867,9389,5428,2053,6715,926
4867,9389,5428,2351,7126,4598
4867,9389,5428,9668,1273,3585
4867,9389,5428,7431,8407,2089
4867,9389,5428,7260,7306,3339
4867,9389,5428,173,9037,4442
4867,9389,5428,5212,5117,9242
4867,9389,5428,2153,4908,6248
4867,9389,5428,5575,7942,4768
4867,9389,5428,2224,859,7980
4867,9389,5428,8801,9189,3098
4867,9389,5428,4853,9526,2919
4867,9389,5428,9005,5569,6611
4867,9389,5428,9559,4034,5055
4867,9389,5428,2536,2906,4932
4867,9389,5428,3440,9207,3742
4867,9389,5428,4086,5748,1797
4867,9389,5428,8280,7916,4392
4867,9389,5428,6740,1718,9998
4867,9389,5428,2299,6989,7677
4867,9389,5428,7784,5694,2709
4867,9389,5428,5836,6460,3393
4867,9389,5428,6698,7360,1254
4867,9389,5428,169,1889,4931
4867,9389,5428,3554,5756,5303
4867,9389,5428,6191,1804,8849
4867,9389,5428,3816,2619,2263
4867,9389,5428,4335,4874,8862
4867,9389,5428,8048,3670,7561
4867,9389,5428,3980,3300,7384
4867,9389,5428,4420,4865,2412
4867,9389,5428,3552,3508,4150
4867,9389,5428,2252,5769,1687
4867,9389,5428,1323,943,9936
4867,9389,5428,5289,9351,1063
4867,9389,5428,7377,1720,7765
4867,9389,5428,5760,5884,1631
4867,9389,5428,7458,4453,1013
4867,9389,5428,2989,1182,1505
4867,9389,5428,282,5315,9771
4867,9389,5428,9639,5534,7033
4867,9389,5428,6759,7680,5417
4867,9389,5428,9959,4633,3959
4867,9389,5428,5529,5178,116
4867,9389,5428,4026,9503,6451
4867,9389,5428,1879,2875,6581
4867,9389,5428,3305,5632,6938
4867,9389,5428,2036,770,6897
4867,9389,5428,5539,1284,1629
4867,9389,5428,5472,7810,5098
4867,9389,5428,1159,1336,308
4867,9389,5428,4961,3225,68
4867,9389,5428,7274,230,3495
4867,9389,5428,4109,4088,4741
4867,9389,5428,5763,2137,4640
4867,9389,5428,1258,5990,5362
4867,9389,5428,5526,8208,333
4867,9389,5428,204,8512,2145
4867,9389,5428,7152,5319,9457
4867,9389,5428,5329,6780,410
4867,9389,5428,3456,4555,4159
4867,9389,5428,9311,3847,7297
4867,9389,5428,6109,6441,8613
4867,9389,5428,4723,3953,757
4867,9389,5428,2489,6327,7705
4867,9389,5428,9929,8816,3917
4867,9389,5428,2233,868,815
4867,9389,5428,4234,5223,5364
4867,9389,5428,4947,9147,1930
4867,9389,5428,6710,5430,3758
4867,9389,5428,7510,7293,6899
4867,9389,5428,3877,6675,6255
4867,9389,5428,4483,1977,7857
4867,9389,5428,6319,6516,5894
4867,9389,5428,8573,8920,6322
4867,9389,5428,9701,4154,370
4867,9389,5428,5761,854,1865
4867,9389,5428,1904,1545,1905
4867,9389,5428,8479,3458,4161
4867,9389,5428,6122,4562,1491
4867,9389,5428,6399,3606,1534
4867,9389,5428,1043,2957,6699
4867,9389,5428,5212,7996,6078
4867,9389,5428,4869,1691,448
4867,9389,5428,3107,5866,4346
4867,9389,5428,5221,4837,4644
4867,9389,5428,6760,1122,5722
4867,9389,5428,4531,6211,698
4867,9389,5428,259,6077,9011
4867,9389,5428,8977,2555,6585
4867,9389,5428,5936,2688,2953
4867,9389,5428,2539,4400,6378
4867,9389,5428,7777,3976,7656
4867,9389,5428,3183,5215,4809
4867,9389,5428,4388,8664,1637
4867,9389,5428,4059,1490,5835
4867,9389,5428,1793,4176,9667
4867,9389,5428,3746,2970,8225
4867,9389,5428,7889,1806,3283
4867,9389,5428,9648,528,7244
4867,9389,5428,708,694,5756
4867,9389,5428,5079,3765,3008
4867,9389,5428,2440,7887,5873
4867,9389,5428,6366,4580,7692
4867,9389,5428,349,1152,3172
4867,9389,5428,9541,5466,6050
4867,9389,5428,3778,451,6415
4867,9389,5428,9184,3430,5830
4867,9389,5428,6731,1978,3388
4867,9389,5428,9160,4242,4677
4867,9389,5428,3097,8555,8717
4867,9389,5428,3217,1355,9345
4867,9389,5428,2897,4911,2889
4867,9389,5428,5746,1540,3151
4867,9389,5428,7247,1564,900
4867,9389,5428,2465,3929,7346
4867,9389,5428,4194,7892,1872
4867,9389,5428,3073,1483,9309
4867,9389,5428,4392,2732,2637
4867,9389,5428,6940,2503,1515
4867,9389,5428,7491,9433,6757
4867,9389,5428,9482,9737,363
4867,9389,5428,769,5694,90
4867,9389,5428,2514,8833,4567
4867,9389,5428,986,2768,1545
4867,9389,5428,7267,9951,2997
4867,9389,5428,4094,8760,6335
4867,9389,5428,1136,4883,4914
4867,9389,5428,3219,2651,7213
4867,9389,5428,7242,6732,105
4867,9389,5428,2597,6741,4534
4867,9389,5428,5050,4320,3939
4867,9389,5428,8860,2992,2635
4867,9389,5428,7088,4683,6358
4867,9389,5428,237,1404,189
4867,9389,5428,3116,8904,2933
4867,9389,5428,9636,1373,3328
4867,9389,5428,7983,3441,4690
4867,9389,5428,7086,5205,149
4867,9389,5428,9571,1789,9167
4867,9389,5428,9699,4795,4335
4867,9389,5428,9109,6546,3803
4867,9389,5428,5441,6321,9121
4867,9389,5428,1118,4942,1931
4867,9389,5428,7903,7552,9832
4867,9389,5428,4159,7798,6701
4867,9389,5428,7755,6926,4158
4867,9389,5428,1377,5642,7302
4867,9389,5428,9403,4138,9631
4867,9389,5428,1146,9755,7170
4867,9389,5428,3327,9004,1777
4867,9389,5428,6625,886,6501
4867,9389,5428,5869,6694,4186
4867,9389,5428,5967,6064,6666
4867,9389,5428,9259,5005,6932
4867,9389,5428,2445,447,7278
4867,9389,5428,4550,175,6785
4867,9389,5428,2780,7939,8485
4867,9389,5428,4980,2502,8263
4867,9389,5428,8679,4954,9807
4867,9389,5428,5958,8164,3559
4867,9389,5428,6439,2226,1994
4867,9389,5428,7505,2781,66
4867,9389,5428,1865,1107,9683
4867,9389,5428,7287,2137,3012
4867,9389,5428,7075,283,1855
4867,9389,5428,739,3527,5072
4867,9389,5428,1947,686,1145
4867,9389,5428,4637,7412,1973
4867,9389,5428,3754,2585,7993
