7022,7234,9980,8014,8149,7317
7022,7234,9980,529,8610,6313
7022,7234,9980,4135,3972,5387
7022,7234,9980,3445,7026,2563
7022,7234,9980,6720,4834,3563
7022,7234,9980,6953,2084,3652
7022,7234,9980,7208,3101,459
7022,7234,9980,2144,9973,4221
7022,7234,9980,7874,718,2387
7022,7234,9980,7532,9386,3906
7022,7234,9980,5140,1079,4357
7022,7234,9980,2915,3176,4443
7022,7234,9980,8124,4108,7091
7022,7234,9980,3131,5538,5651
7022,7234,9980,3215,2279,6962
7022,7234,9980,4172,4527,9508
7022,7234,9980,960,3463,4358
7022,7234,9980,5985,9913,3954
7022,7234,9980,9342,1927,5320
7022,7234,9980,6353,2250,8870
7022,7234,9980,4747,7544,7871
7022,7234,9980,9477,6087,2837
7022,7234,9980,6321,801,6044
7022,7234,9980,9854,3238,4517
7022,7234,9980,4493,8595,5743
7022,7234,9980,6617,4110,9450
7022,7234,9980,6438,4736,9616
7022,7234,9980,4514,4366,5441
7022,7234,9980,7176,6278,8379
7022,7234,9980,3511,1382,2452
7022,7234,9980,8483,1775,3565
7022,7234,9980,663,5190,1378
7022,7234,9980,8441,2065,5447
7022,7234,9980,5205,6419,9990
7022,7234,9980,2277,8337,1836
7022,7234,9980,1545,5002,8276
7022,7234,9980,9657,7623,5792
7022,7234,9980,7796,2925,3496
7022,7234,9980,8469,953,5508
7022,7234,9980,4994,575,6135
8929,6978,4053,2230,2822,9220
8929,6978,4053,6967,6016,3899
8929,6978,4053,9498,7394,5544
8929,6978,4053,4002,1811,7105
8929,6978,4053,1661,9835,8955
8929,6978,4053,2407,7540,6915
8929,6978,4053,9814,5542,4716
8929,6978,4053,4146,6939,2077
8929,6978,4053,8513,2105,3707
8929,6978,4053,2381,4316,3196
8929,6978,4053,4836,9414,2252
8929,6978,4053,248,9589,2800
8929,6978,4053,2080,4006,2166
8929,6978,4053,4533,7227,3731
8929,6978,4053,3210,5286,2212
8929,6978,4053,3671,2496,4194
8929,6978,4053,5940,7967,2878
8929,6978,4053,1468,6979,9208
8929,6978,4053,7350,8841,1469
8929,6978,4053,2245,6459,1408
8929,6978,4053,5893,2175,9193
8929,6978,4053,8036,1955,7253
8929,6978,4053,9589,3492,1555
8929,6978,4053,1911,7493,8890
8929,6978,4053,5241,2510,7325
8929,6978,4053,3443,6824,8545
8929,6978,4053,5726,85,5922
8929,6978,4053,9661,1717,9761
8929,6978,4053,9855,6316,8123
8929,6978,4053,8925,3242,8585
8929,6978,4053,6224,2503,3256
8929,6978,4053,8502,3318,3561
8929,6978,4053,5522,6339,8391
8929,6978,4053,4703,5784,8412
8929,6978,4053,4042,5445,8952
8929,6978,4053,5889,4384,2177
8929,6978,4053,4703,3753,5877
8929,6978,4053,1832,7736,8400
8929,6978,4053,5764,6446,4359
8929,6978,4053,5201,8133,1167
8929,6978,4053,1599,7009,7027
8929,6978,4053,5130,6506,9733
8929,6978,4053,1584,5345,127
8929,6978,4053,8335,1280,5560
8929,6978,4053,2142,8064,8759
8929,6978,4053,1099,6311,3225
8929,6978,4053,8318,8293,403
8929,6978,4053,5086,8967,3951
8929,6978,4053,9756,2428,9872
8929,6978,4053,2736,6652,2219
8929,6978,4053,7354,2364,1905
8929,6978,4053,5811,4629,6291
8929,6978,4053,2409,9412,1521
8929,6978,4053,3316,6438,6980
8929,6978,4053,8977,2583,4822
8929,6978,4053,7395,6489,6609
8929,6978,4053,1841,3830,6170
8929,6978,4053,4711,8400,6753
8929,6978,4053,4341,121,8403
8929,6978,4053,295,4437,3452
8929,6978,4053,3179,3367,9332
8929,6978,4053,1074,3467,4483
8929,6978,4053,7691,2189,6392
8929,6978,4053,1486,7167,4570
8929,6978,4053,3980,9883,3497
8929,6978,4053,7978,6627,255
8929,6978,4053,1736,9499,390
8929,6978,4053,7022,7899,2504
8929,6978,4053,8517,3674,4511
8929,6978,4053,758,9085,1549
8929,6978,4053,8695,3505,4644
8929,6978,4053,3830,4212,6887
8929,6978,4053,2710,9827,1444
8929,6978,4053,5507,1238,6645
8929,6978,4053,3878,1898,8871
8929,6978,4053,2957,9015,1852
8929,6978,4053,6526,2342,1414
8929,6978,4053,8603,1433,9970
8929,6978,4053,9951,8499,8033
8929,6978,4053,8031,1244,4632
8929,6978,4053,6732,2753,67
8929,6978,4053,4476,8067,689
8929,6978,4053,2150,2079,2753
8929,6978,4053,5504,9923,4608
8929,6978,4053,2156,6899,6607
8929,6978,4053,6828,3167,9083
8929,6978,4053,9249,8529,5275
8929,6978,4053,1783,9056,74
8929,6978,4053,7290,3749,5983
8929,6978,4053,4994,5720,2939
8929,6978,4053,4797,4899,5972
8929,6978,4053,1701,8060,6018
8929,6978,4053,3065,4327,3249
8929,6978,4053,4421,2265,5384
8929,6978,4053,411,6205,1781
8929,6978,4053,7761,8852,5390
8929,6978,4053,4924,9447,6332
8929,6978,4053,9217,2987,7810
8929,6978,4053,8650,6681,2953
8929,6978,4053,9637,2434,2606
8929,6978,4053,3347,381,1838
8929,6978,4053,264,3348,9913
8929,6978,4053,2547,6276,2999
8929,6978,4053,1900,4357,989
8929,6978,4053,3663,6787,4296
8929,6978,4053,8867,6944,9752
8929,6978,4053,5872,1636,8306
8929,6978,4053,5291,2971,8774
8929,6978,4053,2604,7663,8850
8929,6978,4053,734,5244,2251
8929,6978,4053,167,7677,7249
8929,6978,4053,3032,5446,555
8929,6978,4053,5664,6845,4746
8929,6978,4053,8996,323,1966
8929,6978,4053,6701,198,3048
8929,6978,4053,4590,6894,1068
8929,6978,4053,5667,6422,5325
8929,6978,4053,5535,7338,4795
8929,6978,4053,6083,2087,6686
8929,6978,4053,5094,2501,6480
8929,6978,4053,327,9697,5280
8929,6978,4053,2806,8440,8967
8929,6978,4053,9974,8500,8190
8929,6978,4053,6990,3654,6702
8929,6978,4053,1415,4128,2835
8929,6978,4053,7774,8396,6019
8929,6978,4053,3680,6851,237
8929,6978,4053,2783,19,4805
8929,6978,4053,5397,7126,9407
8929,6978,4053,2364,5504,3584
8929,6978,4053,1930,4550,7320
8929,6978,4053,6236,9510,6262
8929,6978,4053,348,5946,1804
8929,6978,4053,6206,2541,9481
8929,6978,4053,7324,1649,8559
8929,6978,4053,9027,9818,1238
8929,6978,4053,272,6293,1975
8929,6978,4053,2494,2671,252
8929,6978,4053,249,7896,8351
8929,6978,4053,2703,5151,4443
8929,6978,4053,5209,84,4159
8929,6978,4053,4507,7820,6277
8929,6978,4053,4122,3439,5382
8929,6978,4053,8883,2825,2959
8929,6978,4053,8447,7348,9616
8929,6978,4053,6865,608,5532
8929,6978,4053,4146,1581,3554
8929,6978,4053,6335,402,6479
8929,6978,4053,4092,3085,1762
8929,6978,4053,894,9905,9254
8929,6978,4053,5687,8150,5932
8929,6978,4053,2380,6196,1311
8929,6978,4053,5045,1979,5553
8929,6978,4053,3959,979,9531
8929,6978,4053,275,9082,8982
8929,6978,4053,7123,703,3388
8929,6978,4053,1896,5819,5876
8929,6978,4053,7749,3528,8884
8929,6978,4053,4867,9389,5428
8929,6978,4053,243,9501,9114
8929,6978,4053,6570,6544,8099
8929,6978,4053,8540,257,8066
8929,6978,4053,7022,7234,9980
8929,6978,4053,8929,6978,4053
8929,6978,4053,3709,7787,7748
8929,6978,4053,1112,1585,540
8929,6978,4053,3053,1625,3052
8929,6978,4053,6853,2620,9686
8929,6978,4053,5160,1270,4189
8929,6978,4053,9264,5247,3358
8929,6978,4053,7553,1243,6712
8929,6978,4053,9338,2513,5109
8929,6978,4053,5940,671,2877
8929,6978,4053,3864,2513,5430
8929,6978,4053,8116,2425,2850
8929,6978,4053,7372,1190,4128
8929,6978,4053,372,6014,82
8929,6978,4053,4295,2225,7326
8929,6978,4053,5976,2836,7031
8929,6978,4053,5234,6074,7957
8929,6978,4053,3530,5230,6747
8929,6978,4053,4927,290,9537
8929,6978,4053,6026,3861,8990
8929,6978,4053,9263,8177,8494
8929,6978,4053,7736,4187,6641
8929,6978,4053,7880,4973,2532
8929,6978,4053,7141,5382,7753
8929,6978,4053,4932,5684,5150
8929,6978,4053,1738,6668,3224
8929,6978,4053,6881,1679,2616
8929,6978,4053,9194,9722,131
8929,6978,4053,5005,8452,605
8929,6978,4053,1903,9281,408
8929,6978,4053,8841,6696,8721
8929,6978,4053,6482,3041,1238
8929,6978,4053,5449,5379,5322
8929,6978,4053,9655,7563,7044
8929,6978,4053,6166,4909,4222
8929,6978,4053,1036,81,5155
8929,6978,4053,3839,2824,4841
8929,6978,4053,9247,4560,3184
8929,6978,4053,794,3776,8995
8929,6978,4053,7395,8648,2064
8929,6978,4053,5391,1587,3586
8929,6978,4053,8564,8101,2497
8929,6978,4053,3822,5255,6059
8929,6978,4053,1402,778,3455
8929,6978,4053,3808,9476,4993
8929,6978,4053,7253,5879,121
8929,6978,4053,8305,1643,2797
8929,6978,4053,1660,5358,4573
8929,6978,4053,7672,9625,9840
8929,6978,4053,2514,2770,9310
8929,6978,4053,6401,2863,2324
8929,6978,4053,5652,4194,6108
8929,6978,4053,461,9814,6309
8929,6978,4053,3031,9687,5225
8929,6978,4053,9405,2092,5965
8929,6978,4053,6305,7915,910
8929,6978,4053,1970,79,2705
8929,6978,4053,4565,9900,1756
8929,6978,4053,6114,4076,8291
8929,6978,4053,3892,5372,5496
8929,6978,4053,1359,5451,6877
8929,6978,4053,6476,4312,943
8929,6978,4053,3390,860,3218
8929,6978,4053,9664,6922,8049
8929,6978,4053,9725,6217,1721
8929,6978,4053,8419,8310,5386
8929,6978,4053,8010,5256,6043
8929,6978,4053,5960,8384,3839
8929,6978,4053,5542,4148,5331
8929,6978,4053,9316,8039,3685
8929,6978,4053,497,7581,9053
8929,6978,4053,8699,8727,4519
8929,6978,4053,7381,4226,6212
8929,6978,4053,8777,3205,2988
8929,6978,4053,9314,6084,131
8929,6978,4053,8405,6862,4282
8929,6978,4053,1305,1795,5243
8929,6978,4053,2159,3802,301
8929,6978,4053,8713,1156,2624
8929,6978,4053,8982,1965,4946
8929,6978,4053,5319,5171,3280
8929,6978,4053,7417,2203,1923
8929,6978,4053,3527,4862,9183
8929,6978,4053,4313,6689,1492
8929,6978,4053,103,1642,8464
8929,6978,4053,4288,3255,38
8929,6978,4053,8652,9278,1371
8929,6978,4053,9915,6572,2368
8929,6978,4053,201,4958,959
8929,6978,4053,8190,8952,8455
8929,6978,4053,7211,2274,9174
8929,6978,4053,135,9318,9434
8929,6978,4053,1642,2551,4074
8929,6978,4053,1449,4116,9765
8929,6978,4053,5069,3475,6736
8929,6978,4053,8305,5749,4462
8929,6978,4053,2365,2474,9783
8929,6978,4053,9846,2110,1115
8929,6978,4053,4264,2912,6604
8929,6978,4053,4227,2944,5488
8929,6978,4053,9718,2457,8225
8929,6978,4053,1524,8012,748
8929,6978,4053,7488,2840,3485
8929,6978,4053,1539,5676,7256
8929,6978,4053,4661,2681,9270
8929,6978,4053,1140,8806,2006
8929,6978,4053,3482,5220,3325
8929,6978,4053,4980,4505,1236
8929,6978,4053,68,7386,2309
8929,6978,4053,8408,7861,3742
8929,6978,4053,5447,5155,8520
8929,6978,4053,5976,5325,786
8929,6978,4053,8249,1010,1149
8929,6978,4053,9633,6018,2874
8929,6978,4053,4120,3199,4985
8929,6978,4053,1171,3638,7853
8929,6978,4053,3951,2643,921
8929,6978,4053,1883,9889,8060
8929,6978,4053,5879,4935,579
8929,6978,4053,567,3201,2306
8929,6978,4053,552,6072,1628
8929,6978,4053,7748,1974,9202
8929,6978,4053,1410,7195,554
8929,6978,4053,6903,7119,5580
8929,6978,4053,9877,5609,4211
8929,6978,4053,5090,268,3597
8929,6978,4053,8707,2261,1033
8929,6978,4053,3275,1406,5254
8929,6978,4053,7071,3500,6157
8929,6978,4053,7075,7071,2425
8929,6978,4053,8198,5278,4676
8929,6978,4053,4526,3279,2950
8929,6978,4053,4751,6155,8080
8929,6978,4053,188,8955,2929
8929,6978,4053,9017,230,777
8929,6978,4053,2608,1739,1923
8929,6978,4053,8008,3657,7962
8929,6978,4053,7924,2261,6798
8929,6978,4053,3916,2439,3521
8929,6978,4053,6167,2804,942
8929,6978,4053,7213,1117,7178
8929,6978,4053,9226,7279,1221
8929,6978,4053,4863,7704,9270
8929,6978,4053,4945,9668,8080
8929,6978,4053,4023,2246,7023
8929,6978,4053,9597,9857,9963
8929,6978,4053,619,7608,5032
8929,6978,4053,8028,9134,8413
8929,6978,4053,3401,2849,4676
8929,6978,4053,4682,4426,6340
8929,6978,4053,6279,5087,1447
8929,6978,4053,1738,7356,2750
8929,6978,4053,8457,2275,3613
8929,6978,4053,1648,9640,7335
8929,6978,4053,7215,8070,1660
8929,6978,4053,748,9060,4622
8929,6978,4053,5481,2036,5337
8929,6978,4053,5400,8951,1903
8929,6978,4053,9275,7238,5451
8929,6978,4053,4490,2388,8831
8929,6978,4053,6659,7829,5106
8929,6978,4053,8748,4836,7859
8929,6978,4053,8075,9007,8514
8929,6978,4053,785,8487,9722
8929,6978,4053,7524,8063,3878
8929,6978,4053,1445,1353,9053
8929,6978,4053,245,5866,6196
8929,6978,4053,2280,6691,4417
8929,6978,4053,8266,3854,4046
8929,6978,4053,811,6837,6182
8929,6978,4053,7545,5306,5522
8929,6978,4053,4461,1058,727
8929,6978,4053,6977,2832,2594
8929,6978,4053,9329,5043,6652
8929,6978,4053,2735,2358,3613
8929,6978,4053,4560,7827,1434
8929,6978,4053,2972,7649,9467
8929,6978,4053,7194,7302,267
8929,6978,4053,401,6978,2880
8929,6978,4053,6925,2183,8669
8929,6978,4053,6013,4006,3501
8929,6978,4053,2945,4824,9118
8929,6978,4053,3000,3437,3079
8929,6978,4053,3962,2413,4929
8929,6978,4053,7634,5544,8859
8929,6978,4053,5015,9948,5051
8929,6978,4053,7661,5946,9027
8929,6978,4053,9661,977,2165
8929,6978,4053,9356,3119,6852
8929,6978,4053,3126,829,3946
8929,6978,4053,4163,2125,5364
8929,6978,4053,4722,3482,4377
8929,6978,4053,5317,1150,9754
8929,6978,4053,5771,7414,5647
8929,6978,4053,7522,49,6321
8929,6978,4053,1193,3934,7154
8929,6978,4053,4316,3812,6687
8929,6978,4053,6501,5456,3534
8929,6978,4053,6356,792,3041
8929,6978,4053,9629,9378,4125
8929,6978,4053,6485,3402,4673
8929,6978,4053,9121,1476,5988
8929,6978,4053,5342,5318,5380
8929,6978,4053,5250,5944,2230
8929,6978,4053,4701,8622,2428
8929,6978,4053,9378,3843,353
8929,6978,4053,5960,1130,2276
8929,6978,4053,2947,5101,7732
8929,6978,4053,4343,2263,2570
8929,6978,4053,5477,5669,147
8929,6978,4053,3410,8518,6061
8929,6978,4053,8437,3898,7488
8929,6978,4053,3204,6790,1956
8929,6978,4053,3321,8700,5183
8929,6978,4053,2558,4416,339
8929,6978,4053,1419,2709,721
8929,6978,4053,855,6479,1657
8929,6978,4053,261,168,7504
8929,6978,4053,1037,9251,5180
8929,6978,4053,374,8243,8679
8929,6978,4053,8369,8083,4445
8929,6978,4053,3922,1647,3168
8929,6978,4053,8292,99,5799
8929,6978,4053,5216,5843,9087
8929,6978,4053,1249,6820,5871
8929,6978,4053,5522,5617,3603
8929,6978,4053,7338,1952,343
8929,6978,4053,8235,1262,3260
8929,6978,4053,3587,1715,602
8929,6978,4053,1913,4806,2852
8929,6978,4053,3863,9473,4118
8929,6978,4053,4717,3346,5719
8929,6978,4053,8728,6179,3397
8929,6978,4053,3830,183,2424
8929,6978,4053,6767,2899,2817
8929,6978,4053,7393,5693,147
8929,6978,4053,4727,6622,174
8929,6978,4053,1555,2836,4848
8929,6978,4053,3398,298,88
8929,6978,4053,3181,3534,3995
8929,6978,4053,3746,745,9910
8929,6978,4053,8611,2934,240
8929,6978,4053,7239,8226,8988
8929,6978,4053,7287,469,2560
8929,6978,4053,7709,6094,5132
8929,6978,4053,1470,2148,2685
8929,6978,4053,6300,3876,4597
8929,6978,4053,9964,4277,2934
8929,6978,4053,815,9246,7735
8929,6978,4053,8974,595,7892
8929,6978,4053,5689,6368,5536
8929,6978,4053,4390,4898,8142
8929,6978,4053,8983,8108,3413
8929,6978,4053,2764,3658,9325
8929,6978,4053,6231,4279,5739
8929,6978,4053,1952,1903,4232
8929,6978,4053,162,446,209
8929,6978,4053,6301,4653,5998
8929,6978,4053,6171,9892,6090
8929,6978,4053,4792,8309,3759
8929,6978,4053,1798,1318,7947
8929,6978,4053,7308,5684,5475
8929,6978,4053,1044,7103,6224
8929,6978,4053,7762,3935,382
8929,6978,4053,1577,9396,238
8929,6978,4053,4097,4405,4287
8929,6978,4053,1073,5710,2471
8929,6978,4053,1738,2195,4609
8929,6978,4053,8831,4451,8622
8929,6978,4053,6931,3125,3341
8929,6978,4053,5415,8602,1854
8929,6978,4053,2217,3313,7665
8929,6978,4053,2832,3206,7703
8929,6978,4053,2048,9995,2847
8929,6978,4053,7075,9301,3756
8929,6978,4053,8948,3732,6261
8929,6978,4053,5261,702,9731
8929,6978,4053,585,8601,9876
8929,6978,4053,5066,8457,241
8929,6978,4053,4480,128,1818
8929,6978,4053,9650,5524,9238
8929,6978,4053,1424,3560,2792
8929,6978,4053,7194,7820,6022
8929,6978,4053,5276,1331,4444
8929,6978,4053,8498,1306,516
8929,6978,4053,9176,3738,9799
8929,6978,4053,3931,9332,3274
8929,6978,4053,6959,9602,7004
8929,6978,4053,4829,5934,9213
8929,6978,4053,6476,4568,3139
8929,6978,4053,2629,1887,4588
8929,6978,4053,4787,2346,4429
8929,6978,4053,1907,192,4511
8929,6978,4053,8250,8488,5877
8929,6978,4053,4315,4268,3760
8929,6978,4053,2052,9747,4691
8929,6978,4053,6335,2216,6864
8929,6978,4053,4971,714,9864
8929,6978,4053,9142,5009,4311
8929,6978,4053,7237,388,2997
8929,6978,4053,2596,3612,4062
8929,6978,4053,7204,5145,7994
8929,6978,4053,116,6600,5865
8929,6978,4053,8986,4584,3240
8929,6978,4053,8907,6376,318
8929,6978,4053,6945,9747,3236
8929,6978,4053,5547,7837,3818
