7022,7234,9980,557,1317,367
7022,7234,9980,7475,6271,1732
7022,7234,9980,6123,1849,529
7022,7234,9980,2021,9034,176
7022,7234,9980,2393,6314,9615
7022,7234,9980,2104,219,7201
7022,7234,9980,58,6379,8231
7022,7234,9980,5540,8753,8485
7022,7234,9980,7925,6851,6155
7022,7234,9980,9426,6251,9732
7022,7234,9980,7494,2766,6581
7022,7234,9980,6862,3040,7839
7022,7234,9980,4539,2691,3340
7022,7234,9980,3,9901,4977
7022,7234,9980,4755,1949,3765
7022,7234,9980,9028,4521,8935
7022,7234,9980,9949,3923,1304
7022,7234,9980,1902,4381,435
7022,7234,9980,3502,4964,7350
7022,7234,9980,9574,4425,6373
7022,7234,9980,6959,3942,1318
7022,7234,9980,4051,2672,1426
7022,7234,9980,9368,9511,5083
7022,7234,9980,9805,7095,7263
7022,7234,9980,2851,1900,822
7022,7234,9980,9213,9861,6710
7022,7234,9980,7582,5798,6295
7022,7234,9980,7749,6920,2861
7022,7234,9980,8136,7391,5585
7022,7234,9980,6710,3062,8463
7022,7234,9980,6414,1685,9668
7022,7234,9980,6323,9065,7647
7022,7234,9980,5753,4687,2069
7022,7234,9980,373,4636,1312
7022,7234,9980,3055,3158,6812
7022,7234,9980,9565,7101,9761
7022,7234,9980,1980,4041,8068
7022,7234,9980,7720,7603,6066
7022,7234,9980,7113,1540,5514
7022,7234,9980,2480,5639,9759
7022,7234,9980,7888,8775,7823
7022,7234,9980,5982,1776,9842
7022,7234,9980,9938,7854,6235
7022,7234,9980,2052,3029,9287
7022,7234,9980,3028,9454,128
7022,7234,9980,4824,8754,7795
7022,7234,9980,8527,2237,9708
7022,7234,9980,3529,4170,902
7022,7234,9980,6275,2776,1743
7022,7234,9980,382,420,4141
7022,7234,9980,3501,9317,6193
7022,7234,9980,3150,2958,1839
7022,7234,9980,1498,4135,3837
7022,7234,9980,8724,5567,3640
7022,7234,9980,6818,4912,7935
7022,7234,9980,8915,6338,1230
7022,7234,9980,3893,7379,7495
7022,7234,9980,5152,9301,7680
7022,7234,9980,3436,7445,1904
7022,7234,9980,9787,3424,9010
7022,7234,9980,2512,5204,1668
7022,7234,9980,6977,949,7566
7022,7234,9980,6070,7469,9985
7022,7234,9980,5703,8465,4983
7022,7234,9980,1559,3643,9684
7022,7234,9980,9270,6791,2421
7022,7234,9980,6464,7673,370
7022,7234,9980,5610,9400,585
7022,7234,9980,1240,5836,4508
7022,7234,9980,3524,8337,2857
7022,7234,9980,2531,3202,8384
7022,7234,9980,1444,6373,9214
7022,7234,9980,2903,5376,635
7022,7234,9980,3387,9526,6200
7022,7234,9980,6331,6098,3490
7022,7234,9980,222,8763,6429
7022,7234,9980,1396,8426,2078
7022,7234,9980,6612,4412,5583
7022,7234,9980,2250,294,306
7022,7234,9980,9576,28,2274
7022,7234,9980,4797,6315,1241
7022,7234,9980,1929,2671,5159
7022,7234,9980,8867,6746,711
7022,7234,9980,9110,1317,96
7022,7234,9980,3977,8458,2600
7022,7234,9980,5491,4491,2259
7022,7234,9980,4599,6499,6440
7022,7234,9980,1629,8737,6613
7022,7234,9980,88,8809,523
7022,7234,9980,6808,3447,638
7022,7234,9980,4376,7967,951
7022,7234,9980,3988,3005,5544
7022,7234,9980,308,950,8356
7022,7234,9980,2740,2100,9278
7022,7234,9980,620,5522,8510
7022,7234,9980,2465,9820,465
7022,7234,9980,9119,3402,1440
7022,7234,9980,7717,3954,6967
7022,7234,9980,1542,1664,7405
7022,7234,9980,1289,6625,5827
7022,7234,9980,4775,3081,6874
7022,7234,9980,7042,6033,4692
7022,7234,9980,1342,2818,9786
7022,7234,9980,3296,4059,7552
7022,7234,9980,1099,7408,1467
7022,7234,9980,6685,8330,3412
7022,7234,9980,8373,799,1432
7022,7234,9980,819,1912,8135
7022,7234,9980,7376,9362,1096
7022,7234,9980,7808,6349,5351
7022,7234,9980,5207,5786,9726
7022,7234,9980,5520,916,1522
7022,7234,9980,5135,4227,2403
7022,7234,9980,4832,2948,2795
7022,7234,9980,8130,5847,7956
7022,7234,9980,4225,2022,70
7022,7234,9980,1056,3492,8426
7022,7234,9980,2357,8259,4475
7022,7234,9980,9770,2469,5848
7022,7234,9980,487,1854,7986
7022,7234,9980,4387,8190,7544
7022,7234,9980,8716,7928,3284
7022,7234,9980,4250,3886,4180
7022,7234,9980,8104,678,2018
7022,7234,9980,2859,5282,650
7022,7234,9980,1038,1592,9316
7022,7234,9980,4565,1610,4822
7022,7234,9980,3038,2707,2627
7022,7234,9980,2970,3271,5651
7022,7234,9980,7179,1658,8057
7022,7234,9980,364,9590,6962
7022,7234,9980,7246,2010,3657
7022,7234,9980,5808,658,2724
7022,7234,9980,9716,9607,7
7022,7234,9980,7107,8342,4387
7022,7234,9980,3149,3615,6718
7022,7234,9980,1230,8683,5539
7022,7234,9980,8896,6796,5707
7022,7234,9980,9981,9390,4731
7022,7234,9980,4167,911,6384
7022,7234,9980,7631,3183,9940
7022,7234,9980,3481,68,7968
7022,7234,9980,5690,590,1148
7022,7234,9980,877,3328,1802
7022,7234,9980,9180,4208,317
7022,7234,9980,4043,9898,8451
7022,7234,9980,1020,4321,2994
7022,7234,9980,2413,5823,8689
7022,7234,9980,9300,2994,4755
7022,7234,9980,3184,3368,2465
7022,7234,9980,6911,3568,1173
7022,7234,9980,1080,4135,300
7022,7234,9980,9366,1658,7767
7022,7234,9980,2311,3556,4840
7022,7234,9980,2566,8793,1826
7022,7234,9980,481,3816,897
7022,7234,9980,3071,85,4990
7022,7234,9980,5334,6759,2390
7022,7234,9980,7083,9609,2317
7022,7234,9980,9275,9054,8597
7022,7234,9980,9993,1567,7764
7022,7234,9980,2258,3969,109
7022,7234,9980,2626,7175,2441
7022,7234,9980,5697,9449,60
7022,7234,9980,9925,8946,7650
7022,7234,9980,3134,6451,9453
7022,7234,9980,3847,1731,8916
7022,7234,9980,893,168,2483
7022,7234,9980,1226,1487,8342
7022,7234,9980,5799,3311,5377
7022,7234,9980,2287,2870,7572
7022,7234,9980,936,714,37
7022,7234,9980,2348,5537,715
7022,7234,9980,2795,8404,612
7022,7234,9980,4592,4935,5216
7022,7234,9980,8413,1938,3269
7022,7234,9980,847,9369,9959
7022,7234,9980,4901,9733,2068
7022,7234,9980,2783,5951,7078
7022,7234,9980,2524,7261,2827
7022,7234,9980,8038,5646,1032
7022,7234,9980,595,4007,2160
7022,7234,9980,6731,6924,9274
7022,7234,9980,1061,8577,7211
7022,7234,9980,1197,8164,1463
7022,7234,9980,7666,1474,6983
7022,7234,9980,1838,7582,1747
7022,7234,9980,1420,862,3815
7022,7234,9980,512,7483,1492
7022,7234,9980,2115,7275,4386
7022,7234,9980,2723,2908,9744
7022,7234,9980,3810,3959,5221
7022,7234,9980,6241,1077,9804
7022,7234,9980,3065,1328,6419
7022,7234,9980,4921,7828,3203
7022,7234,9980,5477,1679,1728
7022,7234,9980,9511,1603,6083
7022,7234,9980,7192,8496,3761
7022,7234,9980,7010,3575,8430
7022,7234,9980,1804,8596,4360
7022,7234,9980,7604,3577,8093
7022,7234,9980,3718,3681,6661
7022,7234,9980,1776,686,9036
7022,7234,9980,141,2147,508
7022,7234,9980,1632,5206,7161
7022,7234,9980,5811,7960,2357
7022,7234,9980,9196,3738,1465
7022,7234,9980,6451,1854,6687
7022,7234,9980,7566,3289,3361
7022,7234,9980,5403,2258,8813
7022,7234,9980,1657,2589,4361
7022,7234,9980,509,7653,6548
7022,7234,9980,3531,6547,8008
7022,7234,9980,5542,453,2548
7022,7234,9980,2428,1044,6677
7022,7234,9980,9565,315,1932
7022,7234,9980,3730,4362,1090
7022,7234,9980,7468,651,9771
7022,7234,9980,9772,1837,9925
7022,7234,9980,434,7513,6528
7022,7234,9980,8623,2430,5493
7022,7234,9980,9429,7965,9059
7022,7234,9980,3716,8032,6376
7022,7234,9980,4109,9390,1801
7022,7234,9980,7417,6596,6357
7022,7234,9980,4600,1539,2941
7022,7234,9980,7012,4974,5629
7022,7234,9980,7176,7022,4574
7022,7234,9980,2571,2500,6005
7022,7234,9980,3087,7858,9557
7022,7234,9980,6921,9221,4646
7022,7234,9980,5212,1621,2971
7022,7234,9980,189,3293,8285
7022,7234,9980,146,3906,4946
7022,7234,9980,6815,310,4721
7022,7234,9980,3671,5211,1843
7022,7234,9980,5490,2137,7315
7022,7234,9980,8505,5646,2150
7022,7234,9980,770,7365,757
7022,7234,9980,1582,4336,3585
7022,7234,9980,330,187,6101
7022,7234,9980,8533,8513,9058
7022,7234,9980,4263,2669,4083
7022,7234,9980,2595,9404,259
7022,7234,9980,9218,6813,4021
7022,7234,9980,4666,4134,4901
7022,7234,9980,6436,4888,5978
7022,7234,9980,8232,6121,4811
7022,7234,9980,9849,2063,9092
7022,7234,9980,147,8105,5355
7022,7234,9980,1818,5144,6738
7022,7234,9980,1438,4793,5945
7022,7234,9980,5345,930,6257
7022,7234,9980,7762,7506,7757
7022,7234,9980,5888,2963,2802
7022,7234,9980,3190,5466,276
7022,7234,9980,5869,9766,4318
7022,7234,9980,4360,6243,329
7022,7234,9980,7436,4755,1333
7022,7234,9980,196,1564,6929
7022,7234,9980,3323,3332,7908
7022,7234,9980,2556,5655,777
7022,7234,9980,9905,8481,4525
7022,7234,9980,6190,9355,3948
7022,7234,9980,9360,6256,4286
7022,7234,9980,3052,4118,6812
7022,7234,9980,6257,4131,3374
7022,7234,9980,6899,6282,7020
7022,7234,9980,522,7087,9166
7022,7234,9980,3711,2803,7484
7022,7234,9980,9129,3670,8269
7022,7234,9980,2964,1515,7426
7022,7234,9980,6583,5972,2463
7022,7234,9980,9912,5284,7224
7022,7234,9980,1995,431,8353
7022,7234,9980,7445,2856,9198
7022,7234,9980,491,3377,2928
7022,7234,9980,5401,7273,6856
7022,7234,9980,328,9461,9358
7022,7234,9980,7545,9389,4799
7022,7234,9980,6762,2969,2245
7022,7234,9980,8766,2552,6969
7022,7234,9980,1520,6316,2387
7022,7234,9980,3560,2944,5854
7022,7234,9980,6164,2645,669
7022,7234,9980,3354,5538,9346
7022,7234,9980,1591,3080,2386
7022,7234,9980,7381,3535,2427
7022,7234,9980,6919,5993,1330
7022,7234,9980,1555,1120,1112
7022,7234,9980,9914,2212,5620
7022,7234,9980,1261,7745,2682
7022,7234,9980,1483,90,5504
7022,7234,9980,8424,4433,2639
7022,7234,9980,7286,3906,9530
7022,7234,9980,8840,6305,1456
7022,7234,9980,2618,3998,7889
7022,7234,9980,7069,9529,1073
7022,7234,9980,7515,2414,6802
7022,7234,9980,3384,9556,2473
7022,7234,9980,4225,6560,8866
7022,7234,9980,9989,5892,4375
7022,7234,9980,987,6897,8836
7022,7234,9980,1036,9202,6202
7022,7234,9980,7339,882,9925
7022,7234,9980,9825,5347,2066
7022,7234,9980,726,7058,793
7022,7234,9980,9031,2588,8431
7022,7234,9980,2034,6120,5159
7022,7234,9980,6716,9481,1014
7022,7234,9980,494,7513,659
7022,7234,9980,2613,5165,1945
7022,7234,9980,7997,8122,5624
7022,7234,9980,4153,9710,8945
7022,7234,9980,2308,9024,5633
7022,7234,9980,8011,3190,4724
7022,7234,9980,8914,6955,9792
7022,7234,9980,1710,9985,3158
7022,7234,9980,9778,5619,2682
7022,7234,9980,5651,9003,4221
7022,7234,9980,3074,1612,3382
7022,7234,9980,4268,1288,7559
7022,7234,9980,8801,1078,5534
7022,7234,9980,7783,7309,3705
7022,7234,9980,384,8846,9613
7022,7234,9980,9810,1902,424
7022,7234,9980,1566,4500,37
7022,7234,9980,5831,7389,4716
7022,7234,9980,453,3599,7765
7022,7234,9980,7561,8501,3907
7022,7234,9980,5621,1416,187
7022,7234,9980,8392,2106,701
7022,7234,9980,8444,4764,1619
7022,7234,9980,9646,2617,4805
7022,7234,9980,7456,1112,1784
7022,7234,9980,9209,51,6840
7022,7234,9980,3610,4378,4479
7022,7234,9980,2718,5364,9049
7022,7234,9980,4744,7410,6179
7022,7234,9980,2027,576,9338
7022,7234,9980,5661,9224,9633
7022,7234,9980,2995,14,564
7022,7234,9980,9425,370,2153
7022,7234,9980,9367,1756,9484
7022,7234,9980,2840,3568,8790
7022,7234,9980,3026,5333,2796
7022,7234,9980,8448,702,3840
7022,7234,9980,8133,2853,2489
7022,7234,9980,493,6940,4405
7022,7234,9980,8425,626,8622
7022,7234,9980,5229,9004,5054
7022,7234,9980,291,3787,9924
7022,7234,9980,513,4788,4634
7022,7234,9980,3896,5824,2248
7022,7234,9980,3195,9485,7085
7022,7234,9980,5148,9577,4365
7022,7234,9980,7812,974,3793
7022,7234,9980,5622,4746,9150
7022,7234,9980,9606,9368,9073
7022,7234,9980,8455,6012,7678
7022,7234,9980,2907,622,8161
7022,7234,9980,7265,6273,8209
7022,7234,9980,5294,7278,3255
7022,7234,9980,9438,9945,5423
7022,7234,9980,448,5177,1113
7022,7234,9980,8219,3547,1152
7022,7234,9980,2083,1560,7828
7022,7234,9980,4562,4531,3197
7022,7234,9980,6295,3778,6352
7022,7234,9980,7842,7062,8184
7022,7234,9980,3209,7028,3379
7022,7234,9980,8989,2033,2616
7022,7234,9980,421,4749,8521
7022,7234,9980,8161,5615,8049
7022,7234,9980,4922,6391,4456
7022,7234,9980,496,5600,170
7022,7234,9980,1710,4263,7287
7022,7234,9980,352,1275,302
7022,7234,9980,6074,6494,2322
7022,7234,9980,6581,7279,6681
7022,7234,9980,7213,5459,8329
7022,7234,9980,9636,7193,355
7022,7234,9980,4941,7468,6999
7022,7234,9980,6720,1775,5227
7022,7234,9980,9156,7455,706
7022,7234,9980,8914,6688,405
7022,7234,9980,1156,5758,8530
7022,7234,9980,7772,5170,6421
7022,7234,9980,1355,1712,994
7022,7234,9980,8694,2665,513
7022,7234,9980,318,8676,5495
7022,7234,9980,8616,5471,1694
7022,7234,9980,1595,6296,2431
7022,7234,9980,4831,6887,1927
7022,7234,9980,8012,753,2117
7022,7234,9980,7827,3374,4020
7022,7234,9980,7467,7260,8108
7022,7234,9980,5264,3464,7792
7022,7234,9980,3427,1639,6807
7022,7234,9980,6627,3325,1822
7022,7234,9980,9376,9465,3325
7022,7234,9980,8438,8802,3471
7022,7234,9980,6253,8262,1465
7022,7234,9980,3281,3801,4137
7022,7234,9980,6457,5832,9617
7022,7234,9980,8326,8897,4969
7022,7234,9980,6005,6262,7903
7022,7234,9980,6405,6251,2221
7022,7234,9980,4062,2814,7150
7022,7234,9980,2086,5767,9127
7022,7234,9980,3672,8157,7926
7022,7234,9980,7051,9714,6746
7022,7234,9980,289,2658,8275
7022,7234,9980,5764,2926,1023
7022,7234,9980,2579,9760,5622
7022,7234,9980,7368,7415,128
7022,7234,9980,7440,986,2045
7022,7234,9980,1025,1094,8463
7022,7234,9980,1506,4745,678
7022,7234,9980,5146,3684,6001
7022,7234,9980,7844,3850,581
7022,7234,9980,2790,8190,2086
7022,7234,9980,4783,8365,5717
7022,7234,9980,6737,7032,4580
7022,7234,9980,8426,5044,2352
7022,7234,9980,2993,2121,5747
7022,7234,9980,1299,1251,887
7022,7234,9980,3177,909,3610
7022,7234,9980,3444,1406,4018
7022,7234,9980,6608,1751,766
7022,7234,9980,7402,1331,3983
7022,7234,9980,4389,5667,9672
7022,7234,9980,7960,2755,2292
7022,7234,9980,9919,6618,6432
7022,7234,9980,1136,8018,2343
7022,7234,9980,5176,2181,4581
7022,7234,9980,9242,6129,8326
7022,7234,9980,3908,6354,3169
7022,7234,9980,6735,4533,1395
7022,7234,9980,6691,4346,7338
7022,7234,9980,3604,4307,9623
7022,7234,9980,6761,8856,3284
7022,7234,9980,2347,8008,3001
7022,7234,9980,3932,5541,2316
7022,7234,9980,4184,2054,7162
7022,7234,9980,3511,6685,2898
7022,7234,9980,6569,1765,7039
7022,7234,9980,1964,2715,45
7022,7234,9980,4712,3208,8591
7022,7234,9980,1998,2599,7623
7022,7234,9980,2501,4216,2176
7022,7234,9980,9219,9545,951
7022,7234,9980,1327,2582,5597
7022,7234,9980,5382,7495,1047
7022,7234,9980,9481,802,9204
7022,7234,9980,525,2402,4833
7022,7234,9980,3003,5683,7964
7022,7234,9980,7271,8360,2966
7022,7234,9980,3034,8176,2617
7022,7234,9980,9734,7087,5194
7022,7234,9980,1421,6895,9654
7022,7234,9980,65,8980,9525
7022,7234,9980,9242,4187,8539
7022,7234,9980,8137,4224,4469
7022,7234,9980,6401,3865,1657
7022,7234,9980,7672,250,7708
7022,7234,9980,4024,7592,1164
7022,7234,9980,6644,5185,8981
7022,7234,9980,531,6229,2655
7022,7234,9980,8603,2599,4610
7022,7234,9980,2422,1227,9166
7022,7234,9980,4489,9960,1570
7022,7234,9980,366,3820,1825
7022,7234,9980,3924,7767,1542
7022,7234,9980,4460,8907,665
7022,7234,9980,1116,159,8010
7022,7234,9980,4404,501,9359
7022,7234,9980,5753,9731,8260
7022,7234,9980,6541,7529,1842
7022,7234,9980,6501,1699,2867
7022,7234,9980,4304,7463,2071
7022,7234,9980,9655,230,3655
7022,7234,9980,5643,431,8571
7022,7234,9980,3809,3680,5972
7022,7234,9980,6508,3062,3628
7022,7234,9980,335,2973,6133
7022,7234,9980,7935,5658,7888
7022,7234,9980,2878,1517,3604
7022,7234,9980,3193,5419,9951
7022,7234,9980,1057,9375,9316
7022,7234,9980,7666,4829,5678
7022,7234,9980,8905,6685,8492
7022,7234,9980,2460,9145,811
7022,7234,9980,456,2819,9677
7022,7234,9980,3379,9587,4943
7022,7234,9980,2478,5115,2419
7022,7234,9980,8800,7937,8447
7022,7234,9980,8166,1094,4128
7022,7234,9980,2618,7655,6502
7022,7234,9980,9590,4514,5729
7022,7234,9980,6742,6014,6748
7022,7234,9980,8411,7744,6735
7022,7234,9980,2384,2127,8842
7022,7234,9980,4874,418,6115
7022,7234,9980,5749,1098,6551
7022,7234,9980,3874,2027,2027
7022,7234,9980,194,4959,1238
7022,7234,9980,4405,3376,1686
7022,7234,9980,6775,1043,8308
7022,7234,9980,9679,6453,4181
