6570,6544,8099,7932,2952,7456
6570,6544,8099,4612,6794,1708
6570,6544,8099,3638,3433,3589
6570,6544,8099,7987,2535,3710
6570,6544,8099,5530,9981,4205
6570,6544,8099,8173,3182,4529
6570,6544,8099,7678,5065,7826
6570,6544,8099,5720,863,4507
6570,6544,8099,7397,3454,5985
6570,6544,8099,6362,364,5864
6570,6544,8099,4331,9077,6250
6570,6544,8099,9553,5217,5062
6570,6544,8099,5320,2312,9319
6570,6544,8099,9976,1463,8926
6570,6544,8099,2021,6308,9041
6570,6544,8099,4225,9175,2781
6570,6544,8099,5235,6565,5037
6570,6544,8099,1833,9851,3627
6570,6544,8099,6855,7943,5367
6570,6544,8099,7692,703,5278
6570,6544,8099,5430,1438,5606
6570,6544,8099,7040,7127,5408
6570,6544,8099,1201,6608,841
6570,6544,8099,7424,8239,3902
6570,6544,8099,3678,4881,6077
6570,6544,8099,1544,573,1527
6570,6544,8099,7823,1232,266
6570,6544,8099,5933,8760,761
6570,6544,8099,5455,9364,6273
6570,6544,8099,7071,1904,688
6570,6544,8099,123,5538,6732
6570,6544,8099,2897,4586,7285
6570,6544,8099,46,6557,1427
6570,6544,8099,2041,8055,6685
6570,6544,8099,5114,9432,9290
6570,6544,8099,283,6403,4377
6570,6544,8099,9122,4848,7640
6570,6544,8099,1287,3489,3997
6570,6544,8099,8813,6455,8784
6570,6544,8099,9097,4789,6913
6570,6544,8099,9103,3834,5147
6570,6544,8099,5762,9899,833
6570,6544,8099,2571,2733,8902
6570,6544,8099,5454,8228,7446
6570,6544,8099,5475,3058,3601
6570,6544,8099,196,9142,2444
6570,6544,8099,3859,4144,7639
6570,6544,8099,2874,1321,2916
6570,6544,8099,2560,1380,4198
6570,6544,8099,8605,228,3252
6570,6544,8099,9425,9829,2689
6570,6544,8099,9574,4461,292
6570,6544,8099,7243,6119,4519
6570,6544,8099,3072,934,2213
6570,6544,8099,3015,5499,9322
6570,6544,8099,7789,4585,7868
6570,6544,8099,7652,2222,7950
6570,6544,8099,8656,5034,4075
6570,6544,8099,8383,8493,1629
6570,6544,8099,1094,7454,1341
6570,6544,8099,8532,5192,5172
6570,6544,8099,6013,4779,3165
6570,6544,8099,974,264,8716
6570,6544,8099,616,5003,3429
6570,6544,8099,7883,397,1292
6570,6544,8099,871,1509,6815
6570,6544,8099,694,5011,8529
6570,6544,8099,4136,1928,7612
6570,6544,8099,7016,1895,3931
6570,6544,8099,1516,6989,1298
6570,6544,8099,3244,2203,7246
6570,6544,8099,3974,2636,9487
6570,6544,8099,3470,7010,8657
6570,6544,8099,8281,6782,1950
6570,6544,8099,2867,8529,1369
6570,6544,8099,2114,1129,2455
6570,6544,8099,7369,1720,7974
6570,6544,8099,2035,8873,3014
6570,6544,8099,4443,8244,5621
6570,6544,8099,7436,7963,494
6570,6544,8099,8499,3501,2250
6570,6544,8099,7328,8369,9964
6570,6544,8099,1431,4909,8832
6570,6544,8099,6091,3147,5777
6570,6544,8099,7219,2988,3344
6570,6544,8099,303,990,3348
6570,6544,8099,5541,3072,2875
6570,6544,8099,1071,7323,3274
6570,6544,8099,1504,9502,6787
6570,6544,8099,6251,6514,4637
6570,6544,8099,7983,3513,4483
6570,6544,8099,6087,9140,5659
6570,6544,8099,8972,206,1356
6570,6544,8099,7723,7112,3527
6570,6544,8099,1963,2633,2464
6570,6544,8099,3223,7001,194
6570,6544,8099,7227,5363,9126
6570,6544,8099,8470,9147,1679
6570,6544,8099,4173,4702,5981
6570,6544,8099,251,9938,534
6570,6544,8099,6063,9418,5694
6570,6544,8099,4428,532,9757
6570,6544,8099,6920,6442,676
6570,6544,8099,3418,8253,1879
6570,6544,8099,6728,5882,3887
6570,6544,8099,1614,4409,1336
6570,6544,8099,5867,9230,7849
6570,6544,8099,7410,7525,7023
6570,6544,8099,1345,7007,2229
6570,6544,8099,1867,1865,6959
6570,6544,8099,725,7053,4020
6570,6544,8099,254,2694,1127
6570,6544,8099,1782,6131,5367
6570,6544,8099,6816,3505,132
6570,6544,8099,877,4137,4634
6570,6544,8099,6997,9020,8593
6570,6544,8099,3279,8581,7462
6570,6544,8099,628,9134,8752
6570,6544,8099,4666,1966,3493
6570,6544,8099,6598,6834,829
6570,6544,8099,959,6562,3176
6570,6544,8099,6464,5974,3779
6570,6544,8099,222,5414,6640
6570,6544,8099,717,6926,8080
6570,6544,8099,4441,7072,8138
6570,6544,8099,4576,3687,3161
6570,6544,8099,2624,7604,5664
6570,6544,8099,5797,608,2340
6570,6544,8099,4113,1992,9304
6570,6544,8099,1100,917,8317
6570,6544,8099,1027,2253,7494
6570,6544,8099,4891,8995,8162
6570,6544,8099,2202,6426,9806
6570,6544,8099,340,7524,8753
6570,6544,8099,4518,5588,6048
6570,6544,8099,4222,581,5339
6570,6544,8099,9012,9259,3954
6570,6544,8099,4917,1866,7725
6570,6544,8099,9156,4269,2102
6570,6544,8099,8166,421,9018
6570,6544,8099,5370,9169,140
6570,6544,8099,9892,3454,1476
6570,6544,8099,7825,6518,7958
6570,6544,8099,7578,4992,2414
6570,6544,8099,8442,3251,3586
6570,6544,8099,3791,9801,9664
6570,6544,8099,8723,8533,9688
6570,6544,8099,7613,9938,92
6570,6544,8099,7304,6336,7477
6570,6544,8099,42,942,2839
6570,6544,8099,6535,6809,2392
6570,6544,8099,3539,3696,47
6570,6544,8099,4598,2131,7437
6570,6544,8099,5375,8775,7673
6570,6544,8099,3988,7224,3107
6570,6544,8099,1606,6843,591
6570,6544,8099,7315,3869,8356
6570,6544,8099,1280,9723,762
6570,6544,8099,7393,2820,1857
6570,6544,8099,8516,355,3459
6570,6544,8099,8083,1824,6022
6570,6544,8099,5368,7821,8932
6570,6544,8099,5843,829,3489
6570,6544,8099,7292,7506,4764
6570,6544,8099,5850,1343,8495
6570,6544,8099,1803,6373,879
6570,6544,8099,3537,7922,7373
6570,6544,8099,7938,3503,6703
6570,6544,8099,2194,457,8719
6570,6544,8099,2435,1903,324
6570,6544,8099,332,7037,9263
6570,6544,8099,1428,3502,6176
6570,6544,8099,4381,7759,3889
6570,6544,8099,5631,7814,3521
6570,6544,8099,8431,8307,5652
6570,6544,8099,4148,2932,8263
6570,6544,8099,9720,5166,4663
6570,6544,8099,8403,9469,1875
6570,6544,8099,6054,2041,7773
6570,6544,8099,583,714,1837
6570,6544,8099,5188,7760,5119
6570,6544,8099,8765,3299,3698
6570,6544,8099,772,5683,664
6570,6544,8099,5838,4574,7754
6570,6544,8099,4641,6474,499
6570,6544,8099,2557,8525,1089
6570,6544,8099,6066,913,6545
6570,6544,8099,1647,1614,5776
6570,6544,8099,5896,5446,3615
6570,6544,8099,5951,4549,628
6570,6544,8099,7973,9776,4863
6570,6544,8099,4393,6793,9878
6570,6544,8099,3695,8378,3509
6570,6544,8099,2856,5867,182
6570,6544,8099,5203,345,5370
6570,6544,8099,7006,5147,555
6570,6544,8099,4757,6580,3297
6570,6544,8099,64,9346,9508
6570,6544,8099,9695,8179,3303
6570,6544,8099,2307,1611,8620
6570,6544,8099,1175,5521,7230
6570,6544,8099,7537,9591,607
6570,6544,8099,3218,6229,6339
6570,6544,8099,2290,7119,30
6570,6544,8099,4763,7807,9791
6570,6544,8099,7193,2285,3065
6570,6544,8099,7073,2713,7199
6570,6544,8099,6186,3518,1752
6570,6544,8099,1304,5672,4783
6570,6544,8099,879,2781,1317
6570,6544,8099,5464,5373,7766
6570,6544,8099,1409,8449,2920
6570,6544,8099,6345,6763,8007
6570,6544,8099,7449,5893,4076
6570,6544,8099,5133,5065,5990
6570,6544,8099,2754,3874,8038
6570,6544,8099,4735,418,4402
6570,6544,8099,1123,1636,7367
6570,6544,8099,4185,1696,9486
6570,6544,8099,3412,9761,771
6570,6544,8099,9719,7600,4362
6570,6544,8099,947,9043,8887
6570,6544,8099,4416,773,6836
6570,6544,8099,124,2706,9702
6570,6544,8099,8868,959,4293
6570,6544,8099,7588,8408,9821
6570,6544,8099,6500,4739,153
6570,6544,8099,2387,4041,1991
6570,6544,8099,2626,1221,8004
6570,6544,8099,6562,3794,8553
6570,6544,8099,9476,6520,5131
6570,6544,8099,6758,4524,6166
6570,6544,8099,2007,5683,887
6570,6544,8099,814,7990,1109
6570,6544,8099,7531,5144,9400
6570,6544,8099,861,5711,8989
6570,6544,8099,4302,5420,7346
6570,6544,8099,6001,7933,5195
6570,6544,8099,2918,3647,4651
6570,6544,8099,7527,8628,1307
6570,6544,8099,1869,6685,6265
6570,6544,8099,8884,5971,6111
6570,6544,8099,826,8528,5847
6570,6544,8099,7597,3878,9859
6570,6544,8099,1450,1142,6472
6570,6544,8099,9314,4948,9794
6570,6544,8099,2719,8668,7128
6570,6544,8099,5940,1027,4596
6570,6544,8099,6282,3383,5480
6570,6544,8099,9729,3333,2948
6570,6544,8099,1495,6292,9737
6570,6544,8099,7692,2142,7476
6570,6544,8099,147,439,662
6570,6544,8099,8722,9612,5947
6570,6544,8099,2887,4563,1463
6570,6544,8099,3351,9878,882
6570,6544,8099,9600,8113,4504
6570,6544,8099,9417,3940,2444
6570,6544,8099,6822,699,3798
6570,6544,8099,1935,3565,5511
6570,6544,8099,6287,4703,4754
6570,6544,8099,7235,7315,2645
6570,6544,8099,5072,3097,5920
6570,6544,8099,3682,3122,2918
6570,6544,8099,9966,811,5887
6570,6544,8099,3191,6657,7823
6570,6544,8099,1412,429,5922
6570,6544,8099,6084,4564,6119
6570,6544,8099,4534,2869,5284
6570,6544,8099,6367,789,8466
6570,6544,8099,660,2626,796
6570,6544,8099,8760,3957,1400
6570,6544,8099,7531,1250,5651
6570,6544,8099,1409,7376,6221
6570,6544,8099,9922,5884,9947
6570,6544,8099,6182,7003,6520
6570,6544,8099,9640,7827,6007
6570,6544,8099,1588,7655,8890
6570,6544,8099,6031,8684,2022
6570,6544,8099,3510,8133,9927
6570,6544,8099,2072,3186,5003
6570,6544,8099,3702,5728,7811
6570,6544,8099,665,3403,6747
6570,6544,8099,5982,6284,8355
6570,6544,8099,1824,1344,283
6570,6544,8099,667,1324,3647
6570,6544,8099,5956,9132,5391
6570,6544,8099,3837,7297,3347
6570,6544,8099,8796,4967,3679
6570,6544,8099,8578,3357,744
6570,6544,8099,7468,4462,1678
6570,6544,8099,2474,9227,1077
6570,6544,8099,7540,8092,4527
6570,6544,8099,474,5577,3532
6570,6544,8099,4014,1815,6812
6570,6544,8099,7314,5393,9105
6570,6544,8099,1209,7408,2068
6570,6544,8099,3091,3927,1767
6570,6544,8099,3104,3669,8138
6570,6544,8099,9482,8776,689
6570,6544,8099,4831,8514,6598
6570,6544,8099,1907,6883,7771
6570,6544,8099,5618,2986,8944
6570,6544,8099,2741,6823,6265
6570,6544,8099,2380,8626,2029
6570,6544,8099,7972,1204,6730
6570,6544,8099,5743,2417,6566
6570,6544,8099,7036,7078,3089
6570,6544,8099,2862,6832,1483
6570,6544,8099,9940,4505,3281
6570,6544,8099,6013,5250,7222
6570,6544,8099,4678,5394,4740
6570,6544,8099,3842,8070,6833
6570,6544,8099,8420,6769,9687
6570,6544,8099,9141,5492,1155
6570,6544,8099,2712,9,647
6570,6544,8099,2366,4154,7763
6570,6544,8099,4793,8670,9403
6570,6544,8099,4684,5046,6669
6570,6544,8099,3783,3449,7198
6570,6544,8099,8519,1592,7593
6570,6544,8099,5381,9440,4494
6570,6544,8099,7744,6243,7459
6570,6544,8099,8037,5469,2697
6570,6544,8099,9246,8235,8621
6570,6544,8099,1130,5653,8539
6570,6544,8099,1487,6743,7701
6570,6544,8099,7315,1747,1379
6570,6544,8099,1150,5904,3210
6570,6544,8099,1857,9875,4153
6570,6544,8099,5472,1057,5073
6570,6544,8099,1437,2931,93
6570,6544,8099,2905,7570,4900
6570,6544,8099,820,402,4828
6570,6544,8099,5853,641,6008
6570,6544,8099,2052,4018,8141
6570,6544,8099,7888,5003,7891
6570,6544,8099,3272,6592,573
6570,6544,8099,656,3855,7688
6570,6544,8099,9937,4996,4777
6570,6544,8099,2931,4959,7287
6570,6544,8099,3001,176,5268
6570,6544,8099,5499,6151,4430
6570,6544,8099,4895,7703,6392
6570,6544,8099,2832,7573,7921
6570,6544,8099,7217,6157,1431
6570,6544,8099,783,6803,708
6570,6544,8099,3571,980,489
6570,6544,8099,7798,903,4819
6570,6544,8099,4737,60,7804
6570,6544,8099,5679,5163,7402
6570,6544,8099,9325,3005,1159
6570,6544,8099,6341,364,1771
6570,6544,8099,8910,8740,3950
6570,6544,8099,6553,3033,9412
6570,6544,8099,8813,2243,3329
6570,6544,8099,6881,9500,986
6570,6544,8099,4148,7999,8209
6570,6544,8099,7347,4474,5082
6570,6544,8099,737,6720,8184
6570,6544,8099,5051,8500,4803
6570,6544,8099,5393,1680,6109
6570,6544,8099,763,6989,6659
6570,6544,8099,933,5146,3097
6570,6544,8099,7061,7421,4082
6570,6544,8099,1830,2409,5067
6570,6544,8099,3894,457,3662
6570,6544,8099,657,3617,2059
6570,6544,8099,4338,6875,1306
6570,6544,8099,2548,7218,8722
6570,6544,8099,4634,1982,2211
6570,6544,8099,2317,4657,6616
6570,6544,8099,7887,3604,8925
6570,6544,8099,9883,9583,1364
6570,6544,8099,2260,6899,1322
6570,6544,8099,2933,673,9978
6570,6544,8099,5340,9652,2871
6570,6544,8099,5840,7520,308
6570,6544,8099,5428,5921,3954
6570,6544,8099,62,5266,4643
6570,6544,8099,3787,1941,2027
6570,6544,8099,58,1059,5393
6570,6544,8099,9951,278,9876
6570,6544,8099,5782,3255,3864
6570,6544,8099,4844,3550,7232
6570,6544,8099,2725,7367,4528
6570,6544,8099,2977,1477,5132
6570,6544,8099,5407,9035,6493
6570,6544,8099,9223,2994,5100
6570,6544,8099,2585,9620,9533
6570,6544,8099,5521,1017,7791
6570,6544,8099,2520,2576,6459
6570,6544,8099,9927,8465,5420
6570,6544,8099,9725,3208,9072
6570,6544,8099,4970,3581,5462
6570,6544,8099,8603,5052,2377
6570,6544,8099,7302,7316,9585
6570,6544,8099,853,4551,6729
6570,6544,8099,7919,547,1128
6570,6544,8099,9671,7144,551
6570,6544,8099,5465,847,4162
6570,6544,8099,3474,9748,9238
6570,6544,8099,4181,2015,3160
6570,6544,8099,9124,7510,5569
6570,6544,8099,4871,7372,844
6570,6544,8099,8069,894,5873
6570,6544,8099,8593,5664,4099
6570,6544,8099,4660,6460,1390
6570,6544,8099,3432,1236,4588
6570,6544,8099,1734,8646,3674
6570,6544,8099,9143,544,5701
6570,6544,8099,7193,7495,6465
6570,6544,8099,3704,8894,8604
6570,6544,8099,319,6732,7486
6570,6544,8099,4282,66,3383
6570,6544,8099,4361,3097,3517
6570,6544,8099,9814,8816,4765
6570,6544,8099,7715,8865,3434
6570,6544,8099,4934,1772,3408
6570,6544,8099,1802,4831,4714
6570,6544,8099,6375,8782,597
6570,6544,8099,9081,8829,9432
6570,6544,8099,561,2765,9630
6570,6544,8099,8384,97,1782
6570,6544,8099,2210,7515,9102
6570,6544,8099,7408,2672,2668
6570,6544,8099,1351,3030,5881
6570,6544,8099,5700,2919,1913
6570,6544,8099,55,1515,4053
6570,6544,8099,5096,6850,8517
6570,6544,8099,100,1102,3872
6570,6544,8099,9482,6755,2743
6570,6544,8099,2669,8245,8478
6570,6544,8099,9036,671,839
6570,6544,8099,7502,3762,2371
6570,6544,8099,1478,5003,4393
6570,6544,8099,3887,347,8971
6570,6544,8099,8329,3435,5021
6570,6544,8099,533,1819,7827
6570,6544,8099,7963,7646,4413
6570,6544,8099,2816,9652,3015
6570,6544,8099,3114,2570,1175
6570,6544,8099,2401,8667,5947
6570,6544,8099,345,6803,1350
6570,6544,8099,2763,8163,6411
6570,6544,8099,5537,5173,2795
6570,6544,8099,9301,9962,1566
6570,6544,8099,3419,2263,5494
6570,6544,8099,6193,2511,7617
6570,6544,8099,5176,3556,9744
6570,6544,8099,5755,1146,453
6570,6544,8099,9310,5524,4660
6570,6544,8099,6918,9084,8758
6570,6544,8099,4657,2563,8146
6570,6544,8099,2266,7381,8807
6570,6544,8099,860,8045,9060
6570,6544,8099,3979,8190,5654
6570,6544,8099,9714,7454,8958
6570,6544,8099,6506,9135,5563
6570,6544,8099,2853,1633,1226
6570,6544,8099,4499,2227,8622
6570,6544,8099,1404,5101,7320
6570,6544,8099,2254,6531,9922
6570,6544,8099,588,341,7679
6570,6544,8099,8410,2126,359
6570,6544,8099,6670,7372,9951
6570,6544,8099,3874,535,3685
6570,6544,8099,9615,8815,6056
6570,6544,8099,7293,7186,6991
6570,6544,8099,4912,7945,2707
6570,6544,8099,4671,2561,389
6570,6544,8099,7592,3664,4380
6570,6544,8099,8311,6107,535
6570,6544,8099,1487,6434,6287
6570,6544,8099,4649,1977,7326
6570,6544,8099,8822,840,222
6570,6544,8099,6250,3740,8030
6570,6544,8099,726,6637,8718
6570,6544,8099,6249,2251,9089
6570,6544,8099,2249,4745,1855
6570,6544,8099,1358,6568,2210
6570,6544,8099,1359,555,3470
6570,6544,8099,3150,1595,6254
6570,6544,8099,4903,6187,8836
6570,6544,8099,2698,5278,1001
6570,6544,8099,3411,8531,7484
6570,6544,8099,394,2003,8076
6570,6544,8099,2340,4387,1752
6570,6544,8099,8763,8915,3031
6570,6544,8099,9653,4068,6608
6570,6544,8099,500,4104,5369
6570,6544,8099,7178,5211,2309
6570,6544,8099,8675,5988,9172
6570,6544,8099,8230,3129,157
6570,6544,8099,4332,3220,5027
6570,6544,8099,5121,7620,2335
6570,6544,8099,3199,8535,6150
6570,6544,8099,4065,6500,9506
6570,6544,8099,5746,4005,1169
6570,6544,8099,5,2230,9911
6570,6544,8099,6937,284,4414
6570,6544,8099,6774,928,1997
6570,6544,8099,9205,2081,1280
6570,6544,8099,6857,1469,979
6570,6544,8099,794,7885,3016
6570,6544,8099,9947,1490,3590
6570,6544,8099,1091,5945,6818
6570,6544,8099,5313,1250,1427
6570,6544,8099,9817,6245,7696
6570,6544,8099,6814,9519,4717
