4867,9389,5428,5295,209,6739
4867,9389,5428,6737,2953,476
4867,9389,5428,6076,670,3753
4867,9389,5428,6110,3583,625
4867,9389,5428,4640,9427,7675
4867,9389,5428,8353,6493,6751
4867,9389,5428,1458,9708,9436
4867,9389,5428,7811,4255,5146
4867,9389,5428,2372,9820,8307
4867,9389,5428,7591,5399,6872
4867,9389,5428,4869,3057,8245
4867,9389,5428,8190,6534,2296
4867,9389,5428,9998,4045,9183
4867,9389,5428,3060,4986,3909
4867,9389,5428,762,2041,7986
4867,9389,5428,8181,8467,3348
4867,9389,5428,2798,4352,448
4867,9389,5428,9861,957,8281
4867,9389,5428,4681,5459,8556
4867,9389,5428,7488,751,7419
4867,9389,5428,2486,6484,4326
4867,9389,5428,4257,2087,3966
4867,9389,5428,4024,6670,7932
4867,9389,5428,8137,4525,1119
4867,9389,5428,2161,3446,9309
4867,9389,5428,3468,3926,6198
4867,9389,5428,5579,957,1476
4867,9389,5428,9097,5823,9137
4867,9389,5428,1875,8881,7828
4867,9389,5428,2473,4478,8942
4867,9389,5428,4912,210,4868
4867,9389,5428,1914,4933,1993
4867,9389,5428,2456,2017,651
4867,9389,5428,5298,8786,4415
4867,9389,5428,4682,2774,8550
4867,9389,5428,5449,9158,5436
4867,9389,5428,3393,1323,9002
4867,9389,5428,2211,3280,4146
4867,9389,5428,6039,5429,4521
4867,9389,5428,4785,4341,2358
4867,9389,5428,8547,3378,9505
4867,9389,5428,1346,5318,581
4867,9389,5428,6577,7788,7785
4867,9389,5428,6652,5804,4284
4867,9389,5428,204,4476,8753
4867,9389,5428,9047,282,8678
4867,9389,5428,8863,3504,5656
4867,9389,5428,2619,6440,5709
4867,9389,5428,157,2503,8070
4867,9389,5428,1062,3528,615
4867,9389,5428,140,9061,8176
4867,9389,5428,6816,5181,8457
4867,9389,5428,7224,5270,4817
4867,9389,5428,5051,7116,4818
4867,9389,5428,6209,5020,2
4867,9389,5428,4429,7966,1746
4867,9389,5428,2121,1971,9870
4867,9389,5428,1659,7740,6055
4867,9389,5428,3929,9335,7565
4867,9389,5428,9560,3458,9427
4867,9389,5428,6588,8139,65
4867,9389,5428,9734,9581,3729
4867,9389,5428,6991,3015,7278
4867,9389,5428,2003,6463,5279
4867,9389,5428,5375,4847,9255
4867,9389,5428,2236,802,8648
4867,9389,5428,5040,931,4049
4867,9389,5428,5169,533,4242
4867,9389,5428,3459,1509,7001
4867,9389,5428,6806,9010,4781
4867,9389,5428,9829,330,7122
4867,9389,5428,5755,40,3618
4867,9389,5428,1804,5068,8130
4867,9389,5428,6314,5313,1547
4867,9389,5428,5380,5731,1348
4867,9389,5428,9407,1463,167
4867,9389,5428,3812,3904,7634
4867,9389,5428,8149,1501,9325
4867,9389,5428,4547,3504,6848
4867,9389,5428,3372,5293,7555
4867,9389,5428,835,728,9396
4867,9389,5428,1557,6559,9421
4867,9389,5428,1947,1003,5131
4867,9389,5428,9290,9945,2119
4867,9389,5428,9777,6360,843
4867,9389,5428,8261,186,4098
4867,9389,5428,7665,3216,2392
4867,9389,5428,4028,9865,2965
4867,9389,5428,5041,3919,2350
4867,9389,5428,8148,8720,8
4867,9389,5428,7713,7430,5219
4867,9389,5428,4742,6484,9132
4867,9389,5428,1481,5066,5657
4867,9389,5428,9964,1876,1917
4867,9389,5428,7536,6961,1712
4867,9389,5428,5786,7200,3446
4867,9389,5428,6447,7028,6689
4867,9389,5428,416,8298,4963
4867,9389,5428,7140,3122,726
4867,9389,5428,5240,4015,1805
4867,9389,5428,6258,59,6432
4867,9389,5428,1636,4190,4724
4867,9389,5428,8493,268,2817
4867,9389,5428,286,9725,3160
4867,9389,5428,191,3803,4064
4867,9389,5428,9250,6544,2089
4867,9389,5428,8510,4493,4609
4867,9389,5428,7548,9620,6269
4867,9389,5428,3385,2214,3064
4867,9389,5428,5536,6116,3125
4867,9389,5428,4803,4660,1429
4867,9389,5428,7897,3896,2534
4867,9389,5428,9708,9455,4807
4867,9389,5428,5325,3148,1058
4867,9389,5428,1125,5959,1319
4867,9389,5428,4679,1738,3866
4867,9389,5428,8676,404,985
4867,9389,5428,766,7191,8919
4867,9389,5428,3493,265,8021
4867,9389,5428,5735,8883,9844
4867,9389,5428,2929,4270,4369
4867,9389,5428,7459,7023,5622
4867,9389,5428,7290,8884,6129
4867,9389,5428,5738,2681,3218
4867,9389,5428,6055,8523,416
4867,9389,5428,4320,8001,1885
4867,9389,5428,4734,4519,2037
4867,9389,5428,4937,3651,8141
4867,9389,5428,6800,7191,5699
4867,9389,5428,3580,4173,9375
4867,9389,5428,1472,628,9668
4867,9389,5428,2815,6,6213
4867,9389,5428,9065,5300,615
4867,9389,5428,1022,2767,1959
4867,9389,5428,6449,3687,6026
4867,9389,5428,1074,7299,757
4867,9389,5428,352,2231,8803
4867,9389,5428,9106,8542,2602
4867,9389,5428,2754,9762,5793
4867,9389,5428,8332,1068,4444
4867,9389,5428,4119,4234,7389
4867,9389,5428,3569,8437,4269
4867,9389,5428,7845,1745,7947
4867,9389,5428,475,7765,7493
4867,9389,5428,6960,9546,5882
4867,9389,5428,9001,6597,840
4867,9389,5428,9957,9298,7512
4867,9389,5428,1184,8496,8824
4867,9389,5428,8460,3982,5203
4867,9389,5428,8251,6628,6961
4867,9389,5428,7813,8819,1387
4867,9389,5428,9028,1943,9688
4867,9389,5428,8792,1022,3492
4867,9389,5428,2866,8371,8417
4867,9389,5428,461,839,470
4867,9389,5428,5438,5708,3008
4867,9389,5428,1776,7620,6451
4867,9389,5428,5754,1348,8734
4867,9389,5428,6466,3236,1665
4867,9389,5428,1449,1144,1541
4867,9389,5428,4148,7933,3990
4867,9389,5428,3783,5165,9754
4867,9389,5428,1093,9486,5486
4867,9389,5428,6877,7681,4974
4867,9389,5428,9083,3021,2091
4867,9389,5428,3779,5034,315
4867,9389,5428,9963,2076,5427
4867,9389,5428,738,9602,8381
4867,9389,5428,4574,4720,8231
4867,9389,5428,8004,4314,569
4867,9389,5428,1542,1235,4236
4867,9389,5428,9532,4680,825
4867,9389,5428,8303,4210,7287
4867,9389,5428,3032,8927,727
4867,9389,5428,5382,636,2222
4867,9389,5428,8444,1803,2374
4867,9389,5428,9367,4308,9652
4867,9389,5428,9351,2843,4841
4867,9389,5428,1765,9525,7693
4867,9389,5428,1640,3622,3469
4867,9389,5428,5608,4070,1374
4867,9389,5428,5978,4399,9519
4867,9389,5428,3224,9686,2808
4867,9389,5428,3658,4590,9654
4867,9389,5428,1701,9540,1292
4867,9389,5428,6952,9507,1223
4867,9389,5428,5568,1750,6398
4867,9389,5428,9531,2815,4638
4867,9389,5428,4895,2517,9865
4867,9389,5428,4126,6023,9660
4867,9389,5428,1246,8562,6961
4867,9389,5428,7720,9977,7044
4867,9389,5428,6128,4940,6696
4867,9389,5428,6418,8159,7964
4867,9389,5428,4830,3554,4560
4867,9389,5428,3726,6638,3821
4867,9389,5428,190,8533,3195
4867,9389,5428,5566,2748,400
4867,9389,5428,340,5744,6236
4867,9389,5428,6550,4343,1376
4867,9389,5428,3113,954,2866
4867,9389,5428,453,5368,426
4867,9389,5428,5938,7874,7016
4867,9389,5428,5872,6226,6616
4867,9389,5428,9250,2787,9193
4867,9389,5428,6114,3878,8289
4867,9389,5428,7442,4395,6646
4867,9389,5428,614,9871,1273
4867,9389,5428,6574,8334,2013
4867,9389,5428,7876,2046,1155
4867,9389,5428,2469,7833,3160
4867,9389,5428,3039,7847,609
4867,9389,5428,1028,6760,217
4867,9389,5428,8264,9271,8609
4867,9389,5428,1556,8251,6873
4867,9389,5428,5354,8976,4900
4867,9389,5428,3169,8797,2544
4867,9389,5428,6712,9861,1489
4867,9389,5428,5006,2368,1967
4867,9389,5428,4209,486,6374
4867,9389,5428,5325,7163,390
4867,9389,5428,1533,6864,8176
4867,9389,5428,2918,4148,7029
4867,9389,5428,7491,4100,61
4867,9389,5428,3370,6025,6430
4867,9389,5428,5348,8421,3630
4867,9389,5428,2879,3662,394
4867,9389,5428,4227,9264,5866
4867,9389,5428,3619,6015,1008
4867,9389,5428,6710,6039,1994
4867,9389,5428,5191,7510,5943
4867,9389,5428,9706,898,4034
4867,9389,5428,5705,8244,2796
4867,9389,5428,5881,4349,1194
4867,9389,5428,484,6439,5959
4867,9389,5428,3066,64,5603
4867,9389,5428,9451,6257,988
4867,9389,5428,3947,3941,28
4867,9389,5428,4493,2537,2935
4867,9389,5428,2266,8289,9397
4867,9389,5428,2842,4442,2301
4867,9389,5428,5054,8089,2024
4867,9389,5428,8079,1301,7802
4867,9389,5428,9228,9931,8295
4867,9389,5428,8929,2801,290
4867,9389,5428,7267,8282,5886
4867,9389,5428,4869,5596,6845
4867,9389,5428,8033,8839,1722
4867,9389,5428,7616,9405,5893
4867,9389,5428,3645,4391,4005
4867,9389,5428,1257,1703,2936
4867,9389,5428,3474,319,5991
4867,9389,5428,9771,7159,332
4867,9389,5428,354,5415,9786
4867,9389,5428,2663,1900,7596
4867,9389,5428,8878,4366,7786
4867,9389,5428,9145,2874,5134
4867,9389,5428,8864,3919,765
4867,9389,5428,321,9137,9707
4867,9389,5428,9157,6850,7480
4867,9389,5428,2097,7971,4103
4867,9389,5428,253,6835,9124
4867,9389,5428,58,8482,7971
4867,9389,5428,6050,6247,6932
4867,9389,5428,5116,6493,4674
4867,9389,5428,6440,59,5259
4867,9389,5428,1587,2590,3813
4867,9389,5428,9334,9516,5886
4867,9389,5428,9274,6145,6354
4867,9389,5428,8061,1364,9126
4867,9389,5428,7800,5284,5575
4867,9389,5428,4496,9411,5508
4867,9389,5428,7335,8830,9466
4867,9389,5428,3574,8306,8
4867,9389,5428,5611,9985,9894
4867,9389,5428,1798,9598,8781
4867,9389,5428,7916,7100,300
4867,9389,5428,9373,1751,2968
4867,9389,5428,8816,3696,45
4867,9389,5428,8591,8870,9560
4867,9389,5428,3349,8647,7511
4867,9389,5428,6234,6180,4814
4867,9389,5428,6852,8313,8679
4867,9389,5428,8537,6352,1324
4867,9389,5428,7382,7427,8669
4867,9389,5428,5032,2260,5128
4867,9389,5428,8012,6268,7558
4867,9389,5428,8826,277,5832
4867,9389,5428,2747,1936,6756
4867,9389,5428,9566,4009,4437
4867,9389,5428,568,4336,2105
4867,9389,5428,4445,2874,6702
4867,9389,5428,1443,7663,2572
4867,9389,5428,84,3008,1997
4867,9389,5428,4608,9581,3405
4867,9389,5428,260,6997,1108
4867,9389,5428,6357,7282,5279
4867,9389,5428,1086,3030,3545
4867,9389,5428,8294,1736,2948
4867,9389,5428,2356,83,1065
4867,9389,5428,968,6772,4599
4867,9389,5428,5600,6359,9565
4867,9389,5428,1393,1563,1191
4867,9389,5428,7977,3745,5665
4867,9389,5428,934,782,1561
4867,9389,5428,6100,4384,3955
4867,9389,5428,2901,890,8898
4867,9389,5428,6320,384,75
4867,9389,5428,3095,3171,8255
4867,9389,5428,5514,2533,5424
4867,9389,5428,6562,3449,7318
4867,9389,5428,4179,1068,740
4867,9389,5428,881,5411,8377
4867,9389,5428,3593,5878,1345
4867,9389,5428,6555,1964,3989
4867,9389,5428,4663,178,5491
4867,9389,5428,3488,3621,1520
4867,9389,5428,890,8819,3500
4867,9389,5428,9162,8006,399
4867,9389,5428,5835,6309,7082
4867,9389,5428,5448,4769,5240
4867,9389,5428,1253,6369,12
4867,9389,5428,4574,29,7550
4867,9389,5428,6677,6820,3247
4867,9389,5428,5636,9778,7988
4867,9389,5428,1442,5795,7018
4867,9389,5428,5657,1641,1728
4867,9389,5428,9053,5772,2954
4867,9389,5428,1457,7768,9594
4867,9389,5428,9252,5915,1842
4867,9389,5428,9432,2746,4299
4867,9389,5428,4795,5975,9373
4867,9389,5428,3209,5003,6110
4867,9389,5428,8165,8952,469
4867,9389,5428,7963,4671,7226
4867,9389,5428,5386,3209,5965
4867,9389,5428,1602,8741,6857
4867,9389,5428,7424,241,3039
4867,9389,5428,2915,5833,7113
4867,9389,5428,5395,3651,4289
4867,9389,5428,9025,6943,72
4867,9389,5428,3118,9475,6816
4867,9389,5428,2317,4037,9647
4867,9389,5428,7453,890,8797
4867,9389,5428,8224,8619,3174
4867,9389,5428,5326,4925,4005
4867,9389,5428,5951,4147,5466
4867,9389,5428,5801,5359,7435
4867,9389,5428,9878,394,9641
4867,9389,5428,8848,9542,2775
4867,9389,5428,9059,2450,5828
4867,9389,5428,5205,7517,7702
4867,9389,5428,4497,6167,4428
4867,9389,5428,9743,5843,8918
4867,9389,5428,2422,5152,9268
4867,9389,5428,1722,6222,1846
4867,9389,5428,1483,8102,9599
4867,9389,5428,8279,6855,8545
4867,9389,5428,6126,5854,2567
4867,9389,5428,5962,2024,2387
4867,9389,5428,9905,3292,5433
4867,9389,5428,272,5526,283
4867,9389,5428,9615,6799,7765
4867,9389,5428,5250,7027,5004
4867,9389,5428,5557,9630,8164
4867,9389,5428,2267,4277,4224
4867,9389,5428,9599,8431,5466
4867,9389,5428,9623,9417,5517
4867,9389,5428,590,3864,9321
4867,9389,5428,866,5387,9016
4867,9389,5428,8318,8632,3097
4867,9389,5428,6268,8984,1005
4867,9389,5428,720,5228,5051
4867,9389,5428,9027,7294,2656
4867,9389,5428,8161,4342,3475
4867,9389,5428,8333,1449,4521
4867,9389,5428,573,4469,8796
4867,9389,5428,6859,1609,1841
4867,9389,5428,7633,39,6233
4867,9389,5428,9889,2059,389
4867,9389,5428,6676,2048,9045
4867,9389,5428,4216,9250,5378
4867,9389,5428,796,2668,107
4867,9389,5428,8507,5690,3698
4867,9389,5428,8598,670,8386
4867,9389,5428,7739,3994,4022
4867,9389,5428,8235,180,7979
4867,9389,5428,8231,3865,416
4867,9389,5428,2457,4955,7212
4867,9389,5428,543,9407,3838
4867,9389,5428,833,3859,7026
4867,9389,5428,7014,3179,9886
4867,9389,5428,47,4820,7993
4867,9389,5428,2935,7244,738
4867,9389,5428,1325,3703,7446
4867,9389,5428,7775,6762,2789
4867,9389,5428,1007,3456,382
4867,9389,5428,9088,3344,6930
4867,9389,5428,4614,4835,9482
4867,9389,5428,2551,7699,563
4867,9389,5428,1795,8872,5728
4867,9389,5428,7189,8797,1650
4867,9389,5428,3784,1292,2387
4867,9389,5428,1730,8188,423
4867,9389,5428,1703,3043,5092
4867,9389,5428,5129,2811,3849
4867,9389,5428,197,2451,6700
4867,9389,5428,8918,8888,6277
4867,9389,5428,4538,9619,2008
4867,9389,5428,5302,6281,7225
4867,9389,5428,8388,3645,6313
4867,9389,5428,6255,5309,265
4867,9389,5428,2938,3267,2182
4867,9389,5428,8661,1161,3897
4867,9389,5428,4157,4967,5227
4867,9389,5428,3136,2352,4144
4867,9389,5428,6857,9293,9894
4867,9389,5428,1193,9479,9091
4867,9389,5428,1775,8443,1584
4867,9389,5428,3963,9682,1850
4867,9389,5428,755,7636,5998
4867,9389,5428,8605,1726,1128
4867,9389,5428,3603,356,9743
4867,9389,5428,4752,3447,8672
4867,9389,5428,756,2634,4469
4867,9389,5428,4283,561,2760
4867,9389,5428,751,7381,4815
4867,9389,5428,3604,6539,8301
4867,9389,5428,4143,2054,3013
4867,9389,5428,3395,501,5312
4867,9389,5428,7343,528,1232
4867,9389,5428,8748,6159,3151
4867,9389,5428,1966,9282,2840
4867,9389,5428,6676,2586,3446
4867,9389,5428,726,3344,3225
4867,9389,5428,3418,5693,8560
4867,9389,5428,1464,2865,2166
4867,9389,5428,9291,4358,6806
4867,9389,5428,4764,159,4149
4867,9389,5428,1102,7960,3446
4867,9389,5428,1060,9375,7806
4867,9389,5428,6480,4804,5665
4867,9389,5428,9398,4378,8907
4867,9389,5428,9389,3193,8423
4867,9389,5428,8841,9297,3037
4867,9389,5428,7610,3013,9224
4867,9389,5428,3013,1426,1088
4867,9389,5428,5806,4453,7899
4867,9389,5428,546,2193,5549
4867,9389,5428,4033,5603,8944
4867,9389,5428,8257,3642,9388
4867,9389,5428,2971,7794,7119
4867,9389,5428,2060,2013,3382
4867,9389,5428,4085,910,3023
4867,9389,5428,7987,1031,2689
4867,9389,5428,4504,6210,1438
4867,9389,5428,7290,543,8608
4867,9389,5428,999,9664,8520
4867,9389,5428,4015,1557,7815
4867,9389,5428,6825,2997,9429
4867,9389,5428,7376,3069,3758
4867,9389,5428,6384,4491,9487
4867,9389,5428,208,3975,9434
4867,9389,5428,4092,8305,7725
4867,9389,5428,9455,8263,3745
4867,9389,5428,4521,7270,3517
4867,9389,5428,1915,9872,2824
4867,9389,5428,2727,2257,3013
4867,9389,5428,3501,8411,7081
4867,9389,5428,4379,9705,9807
4867,9389,5428,7207,4776,2957
4867,9389,5428,8423,5258,3340
4867,9389,5428,4251,4546,1535
4867,9389,5428,4635,9307,3866
4867,9389,5428,4194,7110,8289
4867,9389,5428,8329,5714,5741
4867,9389,5428,101,224,3062
4867,9389,5428,6517,8467,8615
4867,9389,5428,7254,3717,2222
4867,9389,5428,9930,442,9152
4867,9389,5428,4831,482,5804
4867,9389,5428,49,6552,448
4867,9389,5428,1036,7770,1788
4867,9389,5428,4233,3953,7671
4867,9389,5428,8517,3423,1378
4867,9389,5428,8903,2526,4111
4867,9389,5428,4974,1640,7537
4867,9389,5428,8721,823,7911
4867,9389,5428,6341,950,5026
4867,9389,5428,9761,9756,9825
4867,9389,5428,5796,10,9243
4867,9389,5428,3337,3745,2818
4867,9389,5428,6020,5148,2826
4867,9389,5428,6585,2385,1380
4867,9389,5428,3379,7957,1390
4867,9389,5428,2595,3951,4699
4867,9389,5428,7334,8497,1039
4867,9389,5428,3988,4661,5867
4867,9389,5428,2047,9466,7554
4867,9389,5428,5484,1038,6478
4867,9389,5428,8949,3882,14
4867,9389,5428,9643,3925,1720
4867,9389,5428,6387,9171,7123
4867,9389,5428,4129,4804,669
4867,9389,5428,3232,870,9254
4867,9389,5428,1149,5780,9397
4867,9389,5428,8545,2297,1945
4867,9389,5428,5366,6832,8633
4867,9389,5428,9113,7155,6431
4867,9389,5428,3359,3380,7373
