3053,1625,3052,6165,878,6389
3053,1625,3052,3604,3429,6879
3053,1625,3052,1008,43,9307
3053,1625,3052,2981,6824,8330
3053,1625,3052,5854,2378,6366
3053,1625,3052,3440,1158,8726
3053,1625,3052,3883,4215,7063
3053,1625,3052,9356,8897,4351
3053,1625,3052,7515,9997,206
3053,1625,3052,8203,7197,3640
3053,1625,3052,1401,1840,6771
3053,1625,3052,5828,5262,7083
3053,1625,3052,4584,1892,5339
3053,1625,3052,8538,2405,3794
3053,1625,3052,8995,5946,9423
3053,1625,3052,6832,4894,9829
3053,1625,3052,4569,2626,4388
3053,1625,3052,8454,276,9113
3053,1625,3052,6210,8441,7593
3053,1625,3052,6836,465,3658
3053,1625,3052,7342,2621,7523
3053,1625,3052,7463,779,1541
3053,1625,3052,8101,967,5140
3053,1625,3052,4503,875,7003
3053,1625,3052,6440,4364,2526
3053,1625,3052,4392,1385,8300
3053,1625,3052,6651,6432,3955
3053,1625,3052,3361,926,4882
3053,1625,3052,7805,1988,8372
3053,1625,3052,1512,1077,7751
3053,1625,3052,6286,4443,7695
3053,1625,3052,4419,102,9134
3053,1625,3052,845,4019,5765
3053,1625,3052,9603,2652,3512
3053,1625,3052,3670,3308,5663
3053,1625,3052,7052,1410,1060
3053,1625,3052,7449,6076,4674
3053,1625,3052,9659,8508,4356
3053,1625,3052,5695,2206,1374
3053,1625,3052,7407,9764,8828
3053,1625,3052,4077,8271,7856
3053,1625,3052,585,2285,3639
3053,1625,3052,4670,5058,6940
3053,1625,3052,5655,1893,7368
3053,1625,3052,9581,7056,1968
3053,1625,3052,9588,4339,4598
3053,1625,3052,694,2776,4821
3053,1625,3052,5821,3461,5464
3053,1625,3052,114,9071,9161
3053,1625,3052,7958,1018,7920
3053,1625,3052,8989,1196,8523
3053,1625,3052,8342,9647,5879
3053,1625,3052,4789,4054,4292
3053,1625,3052,2919,2594,5926
3053,1625,3052,150,5971,4662
3053,1625,3052,5905,1274,7760
3053,1625,3052,6778,6993,9363
3053,1625,3052,7871,7209,8573
3053,1625,3052,9979,3842,7796
3053,1625,3052,651,7209,6433
3053,1625,3052,3878,2558,9510
3053,1625,3052,5163,4089,2453
3053,1625,3052,1354,3379,8948
3053,1625,3052,6587,4303,4839
3053,1625,3052,1982,8615,6016
3053,1625,3052,567,6805,9315
3053,1625,3052,2263,4058,8826
3053,1625,3052,3476,5144,5089
3053,1625,3052,1294,6617,1675
3053,1625,3052,7196,9137,7495
3053,1625,3052,3885,8859,8141
3053,1625,3052,6248,5751,8337
3053,1625,3052,3417,4010,2889
3053,1625,3052,660,1242,1682
3053,1625,3052,9897,5045,8481
3053,1625,3052,5408,6496,7981
3053,1625,3052,9709,8183,7077
3053,1625,3052,6241,976,9252
3053,1625,3052,9243,4599,4645
3053,1625,3052,5277,8097,2664
3053,1625,3052,3957,6732,5754
3053,1625,3052,4258,1983,7780
3053,1625,3052,8049,3570,9421
3053,1625,3052,2206,9757,7635
3053,1625,3052,6530,2662,8091
3053,1625,3052,2527,4366,1127
3053,1625,3052,5447,3438,1444
3053,1625,3052,4585,313,5205
3053,1625,3052,8631,6257,831
3053,1625,3052,1521,7270,1854
3053,1625,3052,8133,2655,363
3053,1625,3052,6581,3424,9309
3053,1625,3052,5215,299,7376
3053,1625,3052,2599,2651,2860
3053,1625,3052,828,6570,9177
3053,1625,3052,6407,5779,2082
3053,1625,3052,908,3178,3587
3053,1625,3052,4319,4758,6158
3053,1625,3052,861,649,2594
3053,1625,3052,6485,6867,765
3053,1625,3052,1076,188,3323
3053,1625,3052,7167,2257,438
3053,1625,3052,4987,3511,4841
3053,1625,3052,4977,8131,683
3053,1625,3052,9382,1756,1107
3053,1625,3052,3596,5782,3950
3053,1625,3052,6466,9272,9310
3053,1625,3052,1845,3831,8597
3053,1625,3052,8815,1182,581
3053,1625,3052,3301,8104,6913
3053,1625,3052,1957,5185,5714
3053,1625,3052,6982,2184,6481
3053,1625,3052,4616,8460,6911
3053,1625,3052,5205,379,5031
3053,1625,3052,2860,5322,8671
3053,1625,3052,9785,3654,2121
3053,1625,3052,5848,9770,154
3053,1625,3052,3482,8018,4518
3053,1625,3052,2687,577,7346
3053,1625,3052,964,4907,4132
3053,1625,3052,5170,4834,4336
3053,1625,3052,8272,7135,3749
3053,1625,3052,590,9170,8863
3053,1625,3052,9808,8421,1045
3053,1625,3052,9284,5084,5829
3053,1625,3052,281,4743,2749
3053,1625,3052,9730,3708,8648
3053,1625,3052,4222,7019,6262
3053,1625,3052,9509,3994,8044
3053,1625,3052,2424,8239,7222
3053,1625,3052,8147,9649,8230
3053,1625,3052,7232,820,5059
3053,1625,3052,2033,4828,6714
3053,1625,3052,2331,8749,6996
3053,1625,3052,3919,3865,6721
3053,1625,3052,8434,2343,1537
3053,1625,3052,8362,5419,4879
3053,1625,3052,4886,3135,5464
3053,1625,3052,8829,6682,8846
3053,1625,3052,6687,7341,2966
3053,1625,3052,6296,5703,1773
3053,1625,3052,6036,9858,7039
3053,1625,3052,3834,9437,408
3053,1625,3052,4561,1720,3132
3053,1625,3052,8186,4923,8602
3053,1625,3052,1841,7911,1313
3053,1625,3052,8791,2846,2139
3053,1625,3052,5349,9695,1715
3053,1625,3052,2196,8338,3376
3053,1625,3052,9531,8761,6784
3053,1625,3052,6743,8770,8216
3053,1625,3052,3719,7416,2602
3053,1625,3052,4579,4518,5773
3053,1625,3052,3995,3708,8081
3053,1625,3052,7471,5510,9595
3053,1625,3052,4737,1030,665
3053,1625,3052,9914,4480,9507
3053,1625,3052,3527,5134,4771
3053,1625,3052,44,286,2093
3053,1625,3052,7054,7148,4047
3053,1625,3052,2978,309,7156
3053,1625,3052,4948,9964,4997
3053,1625,3052,8241,4385,6740
3053,1625,3052,4440,5713,7932
3053,1625,3052,4914,2635,9988
3053,1625,3052,636,5580,9948
3053,1625,3052,1355,8867,1961
3053,1625,3052,3168,9263,5575
3053,1625,3052,4625,873,5233
3053,1625,3052,6835,1645,7792
3053,1625,3052,4824,6585,8224
3053,1625,3052,7578,470,4987
3053,1625,3052,9602,602,7766
3053,1625,3052,7285,5238,5160
3053,1625,3052,2382,3674,9318
3053,1625,3052,9001,5311,9305
3053,1625,3052,4057,3843,5913
3053,1625,3052,5364,8478,8982
3053,1625,3052,8757,5144,2557
3053,1625,3052,7395,3445,4379
3053,1625,3052,6898,7828,252
3053,1625,3052,7037,2321,952
3053,1625,3052,7746,3260,3574
3053,1625,3052,701,798,7747
3053,1625,3052,5550,3476,279
3053,1625,3052,1564,4280,2334
3053,1625,3052,1127,1021,2678
3053,1625,3052,515,1579,4483
3053,1625,3052,8178,5237,2487
3053,1625,3052,6106,544,582
3053,1625,3052,6221,7312,6306
3053,1625,3052,2134,8565,9192
3053,1625,3052,8813,8839,3592
3053,1625,3052,7934,7392,1037
3053,1625,3052,4553,1752,3225
3053,1625,3052,8951,4769,9236
3053,1625,3052,8325,2055,1070
3053,1625,3052,1000,9671,5044
3053,1625,3052,1596,3197,7245
3053,1625,3052,7002,8852,5231
3053,1625,3052,2773,3717,208
3053,1625,3052,2799,2786,826
3053,1625,3052,8696,5155,9824
3053,1625,3052,4978,56,5474
3053,1625,3052,2997,5920,4042
3053,1625,3052,791,73,4300
3053,1625,3052,4369,3074,2444
3053,1625,3052,9004,5593,1406
3053,1625,3052,2097,8068,6560
3053,1625,3052,8000,3972,4289
3053,1625,3052,8796,9449,8545
3053,1625,3052,6306,1179,137
3053,1625,3052,2751,2211,7039
3053,1625,3052,7708,8688,448
3053,1625,3052,7776,4470,4053
3053,1625,3052,1615,2750,96
3053,1625,3052,7502,4955,6616
3053,1625,3052,59,4559,7012
3053,1625,3052,3346,8357,236
3053,1625,3052,1960,3929,6445
3053,1625,3052,3161,2096,8072
3053,1625,3052,7475,8116,9674
3053,1625,3052,3170,2316,6617
3053,1625,3052,9628,1793,270
3053,1625,3052,2187,9104,6928
3053,1625,3052,1848,3315,1648
3053,1625,3052,1698,7384,7933
3053,1625,3052,1742,1116,609
3053,1625,3052,5610,9608,2655
3053,1625,3052,6393,5076,8175
3053,1625,3052,3774,2625,3072
3053,1625,3052,7137,1565,4004
3053,1625,3052,3064,5855,8012
3053,1625,3052,7983,8456,7415
3053,1625,3052,5718,484,1187
3053,1625,3052,4349,551,1923
3053,1625,3052,7921,5737,4280
3053,1625,3052,9541,1223,4608
3053,1625,3052,498,9647,3696
3053,1625,3052,3575,9986,5481
3053,1625,3052,9763,8041,5995
3053,1625,3052,8125,6447,3573
3053,1625,3052,3097,9652,5068
3053,1625,3052,7496,5889,4240
3053,1625,3052,9272,9599,7701
3053,1625,3052,8948,8725,9350
3053,1625,3052,5799,5982,2453
3053,1625,3052,3091,6252,8452
3053,1625,3052,2692,8385,9912
3053,1625,3052,827,8485,3827
3053,1625,3052,7412,96,1725
3053,1625,3052,2864,9748,6400
3053,1625,3052,1917,3276,4066
3053,1625,3052,5900,3808,6734
3053,1625,3052,1464,4456,6193
3053,1625,3052,9859,3814,496
3053,1625,3052,1090,8872,8642
3053,1625,3052,3040,3149,9341
3053,1625,3052,1794,2608,3689
3053,1625,3052,9885,908,5466
3053,1625,3052,4733,7873,7093
3053,1625,3052,2688,4719,3971
3053,1625,3052,8668,4496,1939
3053,1625,3052,5884,4321,8740
3053,1625,3052,6814,5883,3979
3053,1625,3052,3674,9598,4217
3053,1625,3052,3668,2007,2850
3053,1625,3052,739,810,7892
3053,1625,3052,9891,7535,6585
3053,1625,3052,8161,5942,9985
3053,1625,3052,3868,2753,6383
3053,1625,3052,1310,2580,6000
3053,1625,3052,965,8797,4765
3053,1625,3052,2526,830,9360
3053,1625,3052,800,9771,1378
3053,1625,3052,9541,768,6578
3053,1625,3052,6448,7164,6529
3053,1625,3052,1370,3778,5976
3053,1625,3052,3435,7391,1492
3053,1625,3052,1988,9396,839
3053,1625,3052,888,4095,4805
3053,1625,3052,3297,1634,6155
3053,1625,3052,9296,7907,9198
3053,1625,3052,6925,6248,7523
3053,1625,3052,2556,3582,7031
3053,1625,3052,9229,1942,6335
3053,1625,3052,1508,3063,4503
3053,1625,3052,2948,1372,8382
3053,1625,3052,5403,2872,1050
3053,1625,3052,8049,9067,515
3053,1625,3052,8539,8699,4944
3053,1625,3052,8405,3162,8574
3053,1625,3052,5636,5075,7526
3053,1625,3052,2363,1710,813
3053,1625,3052,3737,6926,280
3053,1625,3052,3067,9600,6471
3053,1625,3052,2000,3982,1277
3053,1625,3052,5574,6273,22
3053,1625,3052,3461,8472,4874
3053,1625,3052,7589,931,4309
3053,1625,3052,6711,2736,872
3053,1625,3052,4652,2990,197
3053,1625,3052,8021,8009,7112
3053,1625,3052,52,3213,2082
3053,1625,3052,5950,2429,8244
3053,1625,3052,2128,5096,5172
3053,1625,3052,8734,5921,1175
3053,1625,3052,6702,6792,5913
3053,1625,3052,7366,2022,550
3053,1625,3052,5605,6276,5159
3053,1625,3052,6034,1382,554
3053,1625,3052,7072,9463,4143
3053,1625,3052,3488,3943,1272
3053,1625,3052,1962,8284,5373
3053,1625,3052,4802,6245,2950
3053,1625,3052,9974,5378,6263
3053,1625,3052,8959,7431,6632
3053,1625,3052,8021,62,3210
3053,1625,3052,2249,1659,1849
3053,1625,3052,8362,3160,469
3053,1625,3052,8184,541,307
3053,1625,3052,907,4055,8915
3053,1625,3052,9199,8288,9356
3053,1625,3052,9296,6747,5888
3053,1625,3052,4416,7981,7864
3053,1625,3052,1809,6004,9148
3053,1625,3052,8095,1756,3561
3053,1625,3052,370,1563,6712
3053,1625,3052,7293,4133,6483
3053,1625,3052,3426,3665,1375
3053,1625,3052,2319,5678,9752
3053,1625,3052,7932,1652,387
3053,1625,3052,5687,3458,6470
3053,1625,3052,1865,9690,9199
3053,1625,3052,8470,2252,6656
3053,1625,3052,5402,7952,4747
3053,1625,3052,8319,479,6449
3053,1625,3052,6727,8814,7009
3053,1625,3052,9434,5468,6226
3053,1625,3052,3220,5104,3600
3053,1625,3052,1515,5522,7069
3053,1625,3052,3811,874,9818
3053,1625,3052,9693,562,9131
3053,1625,3052,9702,9230,8447
3053,1625,3052,2642,6645,5164
3053,1625,3052,6360,2046,3774
3053,1625,3052,146,4587,4159
3053,1625,3052,1979,5104,78
3053,1625,3052,5100,7048,9747
3053,1625,3052,9848,5242,9857
3053,1625,3052,439,6207,8454
3053,1625,3052,682,2665,7079
3053,1625,3052,7361,8910,9031
3053,1625,3052,7910,9591,9617
3053,1625,3052,7607,8702,4537
3053,1625,3052,4783,4673,9377
3053,1625,3052,2525,2864,7909
3053,1625,3052,5651,342,5702
3053,1625,3052,3241,7592,2989
3053,1625,3052,9909,9616,6141
3053,1625,3052,4130,3797,5667
3053,1625,3052,5807,4149,3204
3053,1625,3052,700,9823,3714
3053,1625,3052,5500,9192,9707
3053,1625,3052,9681,9360,9501
3053,1625,3052,9376,9354,2451
3053,1625,3052,9228,5533,6772
3053,1625,3052,394,7553,4833
3053,1625,3052,1994,1008,3303
3053,1625,3052,8865,9950,2162
3053,1625,3052,5107,2241,840
3053,1625,3052,4136,6746,5363
3053,1625,3052,5087,6439,4536
3053,1625,3052,4794,9834,922
3053,1625,3052,4938,389,9270
3053,1625,3052,1825,5649,1129
3053,1625,3052,3074,8729,8476
3053,1625,3052,5744,9679,4451
3053,1625,3052,939,9598,7604
3053,1625,3052,1435,6750,7702
3053,1625,3052,7764,3023,1725
3053,1625,3052,279,5412,6986
3053,1625,3052,4725,4511,4215
3053,1625,3052,3631,961,7960
3053,1625,3052,717,6165,9759
3053,1625,3052,5377,7839,6640
3053,1625,3052,9390,1363,4094
3053,1625,3052,185,1997,221
3053,1625,3052,6036,5185,7032
3053,1625,3052,4679,2130,430
3053,1625,3052,792,3068,3996
3053,1625,3052,9631,6832,9041
3053,1625,3052,4263,3356,4273
3053,1625,3052,1903,4994,297
3053,1625,3052,7166,4634,1178
3053,1625,3052,9312,6186,1583
3053,1625,3052,7860,8553,495
3053,1625,3052,4826,645,6652
3053,1625,3052,6625,9163,7237
3053,1625,3052,1079,8428,6552
3053,1625,3052,1003,984,5386
3053,1625,3052,250,8186,4994
3053,1625,3052,121,3828,5189
3053,1625,3052,7897,2289,8241
3053,1625,3052,9215,3271,1785
3053,1625,3052,897,7079,5690
3053,1625,3052,7436,7548,5001
3053,1625,3052,6506,767,285
3053,1625,3052,2128,8312,5121
3053,1625,3052,3510,3277,8036
3053,1625,3052,1080,1209,3542
3053,1625,3052,5204,3357,710
3053,1625,3052,9940,1123,9276
3053,1625,3052,3952,1053,804
3053,1625,3052,1378,3381,868
3053,1625,3052,4926,1254,9879
3053,1625,3052,494,5483,4496
3053,1625,3052,9191,1499,4330
3053,1625,3052,8501,3907,6376
3053,1625,3052,3473,5347,2415
3053,1625,3052,2372,8701,3593
3053,1625,3052,9998,9702,728
3053,1625,3052,5687,5886,948
3053,1625,3052,5905,9061,5218
3053,1625,3052,1540,8708,7214
3053,1625,3052,8459,3505,9462
3053,1625,3052,237,8711,2197
3053,1625,3052,21,2378,8692
3053,1625,3052,4220,6442,7461
3053,1625,3052,3009,541,9828
3053,1625,3052,6468,2150,8037
3053,1625,3052,5415,9702,4950
3053,1625,3052,9205,907,422
3053,1625,3052,8112,8632,9763
3053,1625,3052,508,5718,4384
3053,1625,3052,4406,1553,8832
3053,1625,3052,8743,5727,9519
3053,1625,3052,7901,9430,4164
3053,1625,3052,8598,9800,6952
3053,1625,3052,4379,4724,5737
3053,1625,3052,6042,4511,4290
3053,1625,3052,8192,7012,5841
3053,1625,3052,6812,7859,4280
3053,1625,3052,7218,1644,4109
3053,1625,3052,5851,386,796
3053,1625,3052,9086,2211,9617
3053,1625,3052,6995,9890,3449
3053,1625,3052,9668,132,8430
3053,1625,3052,2076,3050,5107
3053,1625,3052,3021,7385,2644
3053,1625,3052,5974,6504,4975
3053,1625,3052,7371,6069,3355
3053,1625,3052,3578,8686,3403
3053,1625,3052,6968,1261,2985
3053,1625,3052,8531,995,3623
3053,1625,3052,768,2419,7218
3053,1625,3052,2683,3333,900
3053,1625,3052,4477,8873,2230
3053,1625,3052,7407,3428,5213
3053,1625,3052,1414,1399,5371
3053,1625,3052,4022,788,4566
3053,1625,3052,9229,7851,6265
3053,1625,3052,7700,3420,404
3053,1625,3052,3477,2485,5762
3053,1625,3052,390,1801,6644
3053,1625,3052,835,6376,6093
3053,1625,3052,912,6444,5029
3053,1625,3052,7015,5093,229
3053,1625,3052,5984,3651,1231
3053,1625,3052,8364,41,8633
3053,1625,3052,7828,1587,5313
3053,1625,3052,8335,3434,7993
3053,1625,3052,8771,3699,8212
3053,1625,3052,8811,5772,3668
3053,1625,3052,692,4265,7734
3053,1625,3052,4008,8517,1738
3053,1625,3052,6964,8545,4804
3053,1625,3052,7482,8810,8039
3053,1625,3052,9612,1762,6594
3053,1625,3052,4280,9196,1781
3053,1625,3052,2289,8502,5469
3053,1625,3052,1558,6566,5923
3053,1625,3052,7244,1963,3005
3053,1625,3052,6291,6355,5130
3053,1625,3052,5976,2428,3134
3053,1625,3052,9977,8531,5426
3053,1625,3052,486,2103,3160
3053,1625,3052,3420,2256,6384
3053,1625,3052,6911,8113,1953
3053,1625,3052,8167,9021,5030
3053,1625,3052,3005,5350,3602
3053,1625,3052,3372,2992,5692
3053,1625,3052,1541,4708,1986
3053,1625,3052,6372,5246,6938
3053,1625,3052,6158,4853,861
3053,1625,3052,7734,3093,3494
3053,1625,3052,9704,3070,1285
3053,1625,3052,4931,1442,5019
3053,1625,3052,2088,5254,766
3053,1625,3052,9964,7138,4280
3053,1625,3052,2269,1121,1004
3053,1625,3052,1210,9024,1142
3053,1625,3052,8978,6500,437
3053,1625,3052,9817,7279,2658
3053,1625,3052,9187,9522,8595
3053,1625,3052,7087,1589,8777
3053,1625,3052,1804,4050,2150
3053,1625,3052,8800,6869,7167
3053,1625,3052,1478,7366,4730
3053,1625,3052,2575,8737,1127
