3709,7787,7748,5608,4070,1374
3709,7787,7748,5978,4399,9519
3709,7787,7748,3224,9686,2808
3709,7787,7748,3658,4590,9654
3709,7787,7748,1701,9540,1292
3709,7787,7748,6952,9507,1223
3709,7787,7748,5568,1750,6398
3709,7787,7748,9531,2815,4638
3709,7787,7748,4895,2517,9865
3709,7787,7748,4126,6023,9660
3709,7787,7748,1246,8562,6961
3709,7787,7748,7720,9977,7044
3709,7787,7748,6128,4940,6696
3709,7787,7748,6418,8159,7964
3709,7787,7748,4830,3554,4560
3709,7787,7748,3726,6638,3821
3709,7787,7748,190,8533,3195
3709,7787,7748,5566,2748,400
3709,7787,7748,340,5744,6236
3709,7787,7748,6550,4343,1376
3709,7787,7748,3113,954,2866
3709,7787,7748,453,5368,426
3709,7787,7748,5938,7874,7016
3709,7787,7748,5872,6226,6616
3709,7787,7748,9250,2787,9193
3709,7787,7748,6114,3878,8289
3709,7787,7748,7442,4395,6646
3709,7787,7748,614,9871,1273
3709,7787,7748,6574,8334,2013
3709,7787,7748,7876,2046,1155
3709,7787,7748,2469,7833,3160
3709,7787,7748,3039,7847,609
3709,7787,7748,1028,6760,217
3709,7787,7748,8264,9271,8609
3709,7787,7748,1556,8251,6873
3709,7787,7748,5354,8976,4900
3709,7787,7748,3169,8797,2544
3709,7787,7748,6712,9861,1489
3709,7787,7748,5006,2368,1967
3709,7787,7748,4209,486,6374
3709,7787,7748,5325,7163,390
3709,7787,7748,1533,6864,8176
3709,7787,7748,2918,4148,7029
3709,7787,7748,7491,4100,61
3709,7787,7748,3370,6025,6430
3709,7787,7748,5348,8421,3630
3709,7787,7748,2879,3662,394
3709,7787,7748,4227,9264,5866
3709,7787,7748,3619,6015,1008
3709,7787,7748,6710,6039,1994
3709,7787,7748,5191,7510,5943
3709,7787,7748,9706,898,4034
3709,7787,7748,5705,8244,2796
3709,7787,7748,5881,4349,1194
3709,7787,7748,484,6439,5959
3709,7787,7748,3066,64,5603
3709,7787,7748,9451,6257,988
3709,7787,7748,3947,3941,28
3709,7787,7748,4493,2537,2935
3709,7787,7748,2266,8289,9397
3709,7787,7748,2842,4442,2301
3709,7787,7748,5054,8089,2024
3709,7787,7748,8079,1301,7802
3709,7787,7748,9228,9931,8295
3709,7787,7748,8929,2801,290
3709,7787,7748,7267,8282,5886
3709,7787,7748,4869,5596,6845
3709,7787,7748,8033,8839,1722
3709,7787,7748,7616,9405,5893
3709,7787,7748,3645,4391,4005
3709,7787,7748,1257,1703,2936
3709,7787,7748,3474,319,5991
3709,7787,7748,9771,7159,332
3709,7787,7748,354,5415,9786
3709,7787,7748,2663,1900,7596
3709,7787,7748,8878,4366,7786
3709,7787,7748,9145,2874,5134
3709,7787,7748,8864,3919,765
3709,7787,7748,321,9137,9707
3709,7787,7748,9157,6850,7480
3709,7787,7748,2097,7971,4103
3709,7787,7748,253,6835,9124
3709,7787,7748,58,8482,7971
3709,7787,7748,6050,6247,6932
3709,7787,7748,5116,6493,4674
3709,7787,7748,6440,59,5259
3709,7787,7748,1587,2590,3813
3709,7787,7748,9334,9516,5886
3709,7787,7748,9274,6145,6354
3709,7787,7748,8061,1364,9126
3709,7787,7748,7800,5284,5575
3709,7787,7748,4496,9411,5508
3709,7787,7748,7335,8830,9466
3709,7787,7748,3574,8306,8
3709,7787,7748,5611,9985,9894
3709,7787,7748,1798,9598,8781
3709,7787,7748,7916,7100,300
3709,7787,7748,9373,1751,2968
3709,7787,7748,8816,3696,45
3709,7787,7748,8591,8870,9560
3709,7787,7748,3349,8647,7511
3709,7787,7748,6234,6180,4814
3709,7787,7748,6852,8313,8679
3709,7787,7748,8537,6352,1324
3709,7787,7748,7382,7427,8669
3709,7787,7748,5032,2260,5128
3709,7787,7748,8012,6268,7558
3709,7787,7748,8826,277,5832
3709,7787,7748,2747,1936,6756
3709,7787,7748,9566,4009,4437
3709,7787,7748,568,4336,2105
3709,7787,7748,4445,2874,6702
3709,7787,7748,1443,7663,2572
3709,7787,7748,84,3008,1997
3709,7787,7748,4608,9581,3405
3709,7787,7748,260,6997,1108
3709,7787,7748,6357,7282,5279
3709,7787,7748,1086,3030,3545
3709,7787,7748,8294,1736,2948
3709,7787,7748,2356,83,1065
3709,7787,7748,968,6772,4599
3709,7787,7748,5600,6359,9565
3709,7787,7748,1393,1563,1191
3709,7787,7748,7977,3745,5665
3709,7787,7748,934,782,1561
3709,7787,7748,6100,4384,3955
3709,7787,7748,2901,890,8898
3709,7787,7748,6320,384,75
3709,7787,7748,3095,3171,8255
3709,7787,7748,5514,2533,5424
3709,7787,7748,6562,3449,7318
3709,7787,7748,4179,1068,740
3709,7787,7748,881,5411,8377
3709,7787,7748,3593,5878,1345
3709,7787,7748,6555,1964,3989
3709,7787,7748,4663,178,5491
3709,7787,7748,3488,3621,1520
3709,7787,7748,890,8819,3500
3709,7787,7748,9162,8006,399
3709,7787,7748,5835,6309,7082
3709,7787,7748,5448,4769,5240
3709,7787,7748,1253,6369,12
3709,7787,7748,4574,29,7550
3709,7787,7748,6677,6820,3247
3709,7787,7748,5636,9778,7988
3709,7787,7748,1442,5795,7018
3709,7787,7748,5657,1641,1728
3709,7787,7748,9053,5772,2954
3709,7787,7748,1457,7768,9594
3709,7787,7748,9252,5915,1842
3709,7787,7748,9432,2746,4299
3709,7787,7748,4795,5975,9373
3709,7787,7748,3209,5003,6110
3709,7787,7748,8165,8952,469
3709,7787,7748,7963,4671,7226
3709,7787,7748,5386,3209,5965
3709,7787,7748,1602,8741,6857
3709,7787,7748,7424,241,3039
3709,7787,7748,2915,5833,7113
3709,7787,7748,5395,3651,4289
3709,7787,7748,9025,6943,72
3709,7787,7748,3118,9475,6816
3709,7787,7748,2317,4037,9647
3709,7787,7748,7453,890,8797
3709,7787,7748,8224,8619,3174
3709,7787,7748,5326,4925,4005
3709,7787,7748,5951,4147,5466
3709,7787,7748,5801,5359,7435
3709,7787,7748,9878,394,9641
3709,7787,7748,8848,9542,2775
3709,7787,7748,9059,2450,5828
3709,7787,7748,5205,7517,7702
3709,7787,7748,4497,6167,4428
3709,7787,7748,9743,5843,8918
3709,7787,7748,2422,5152,9268
3709,7787,7748,1722,6222,1846
3709,7787,7748,1483,8102,9599
3709,7787,7748,8279,6855,8545
3709,7787,7748,6126,5854,2567
3709,7787,7748,5962,2024,2387
3709,7787,7748,9905,3292,5433
3709,7787,7748,272,5526,283
3709,7787,7748,9615,6799,7765
3709,7787,7748,5250,7027,5004
3709,7787,7748,5557,9630,8164
3709,7787,7748,2267,4277,4224
3709,7787,7748,9599,8431,5466
3709,7787,7748,9623,9417,5517
3709,7787,7748,590,3864,9321
3709,7787,7748,866,5387,9016
3709,7787,7748,8318,8632,3097
3709,7787,7748,6268,8984,1005
3709,7787,7748,720,5228,5051
3709,7787,7748,9027,7294,2656
3709,7787,7748,8161,4342,3475
3709,7787,7748,8333,1449,4521
3709,7787,7748,573,4469,8796
3709,7787,7748,6859,1609,1841
3709,7787,7748,7633,39,6233
3709,7787,7748,9889,2059,389
3709,7787,7748,6676,2048,9045
3709,7787,7748,4216,9250,5378
3709,7787,7748,796,2668,107
3709,7787,7748,8507,5690,3698
3709,7787,7748,8598,670,8386
3709,7787,7748,7739,3994,4022
3709,7787,7748,8235,180,7979
3709,7787,7748,8231,3865,416
3709,7787,7748,2457,4955,7212
3709,7787,7748,543,9407,3838
3709,7787,7748,833,3859,7026
3709,7787,7748,7014,3179,9886
3709,7787,7748,47,4820,7993
3709,7787,7748,2935,7244,738
3709,7787,7748,1325,3703,7446
3709,7787,7748,7775,6762,2789
3709,7787,7748,1007,3456,382
3709,7787,7748,9088,3344,6930
3709,7787,7748,4614,4835,9482
3709,7787,7748,2551,7699,563
3709,7787,7748,1795,8872,5728
3709,7787,7748,7189,8797,1650
3709,7787,7748,3784,1292,2387
3709,7787,7748,1730,8188,423
3709,7787,7748,1703,3043,5092
3709,7787,7748,5129,2811,3849
3709,7787,7748,197,2451,6700
3709,7787,7748,8918,8888,6277
3709,7787,7748,4538,9619,2008
3709,7787,7748,5302,6281,7225
3709,7787,7748,8388,3645,6313
3709,7787,7748,6255,5309,265
3709,7787,7748,2938,3267,2182
3709,7787,7748,8661,1161,3897
3709,7787,7748,4157,4967,5227
3709,7787,7748,3136,2352,4144
3709,7787,7748,6857,9293,9894
3709,7787,7748,1193,9479,9091
3709,7787,7748,1775,8443,1584
3709,7787,7748,3963,9682,1850
3709,7787,7748,755,7636,5998
3709,7787,7748,8605,1726,1128
3709,7787,7748,3603,356,9743
3709,7787,7748,4752,3447,8672
3709,7787,7748,756,2634,4469
3709,7787,7748,4283,561,2760
3709,7787,7748,751,7381,4815
3709,7787,7748,3604,6539,8301
3709,7787,7748,4143,2054,3013
3709,7787,7748,3395,501,5312
3709,7787,7748,7343,528,1232
3709,7787,7748,8748,6159,3151
3709,7787,7748,1966,9282,2840
3709,7787,7748,6676,2586,3446
3709,7787,7748,726,3344,3225
3709,7787,7748,3418,5693,8560
3709,7787,7748,1464,2865,2166
3709,7787,7748,9291,4358,6806
3709,7787,7748,4764,159,4149
3709,7787,7748,1102,7960,3446
3709,7787,7748,1060,9375,7806
3709,7787,7748,6480,4804,5665
3709,7787,7748,9398,4378,8907
3709,7787,7748,9389,3193,8423
3709,7787,7748,8841,9297,3037
3709,7787,7748,7610,3013,9224
3709,7787,7748,3013,1426,1088
3709,7787,7748,5806,4453,7899
3709,7787,7748,546,2193,5549
3709,7787,7748,4033,5603,8944
3709,7787,7748,8257,3642,9388
3709,7787,7748,2971,7794,7119
3709,7787,7748,2060,2013,3382
3709,7787,7748,4085,910,3023
3709,7787,7748,7987,1031,2689
3709,7787,7748,4504,6210,1438
3709,7787,7748,7290,543,8608
3709,7787,7748,999,9664,8520
3709,7787,7748,4015,1557,7815
3709,7787,7748,6825,2997,9429
3709,7787,7748,7376,3069,3758
3709,7787,7748,6384,4491,9487
3709,7787,7748,208,3975,9434
3709,7787,7748,4092,8305,7725
3709,7787,7748,9455,8263,3745
3709,7787,7748,4521,7270,3517
3709,7787,7748,1915,9872,2824
3709,7787,7748,2727,2257,3013
3709,7787,7748,3501,8411,7081
3709,7787,7748,4379,9705,9807
3709,7787,7748,7207,4776,2957
3709,7787,7748,8423,5258,3340
3709,7787,7748,4251,4546,1535
3709,7787,7748,4635,9307,3866
3709,7787,7748,4194,7110,8289
3709,7787,7748,8329,5714,5741
3709,7787,7748,101,224,3062
3709,7787,7748,6517,8467,8615
3709,7787,7748,7254,3717,2222
3709,7787,7748,9930,442,9152
3709,7787,7748,4831,482,5804
3709,7787,7748,49,6552,448
3709,7787,7748,1036,7770,1788
3709,7787,7748,4233,3953,7671
3709,7787,7748,8517,3423,1378
3709,7787,7748,8903,2526,4111
3709,7787,7748,4974,1640,7537
3709,7787,7748,8721,823,7911
3709,7787,7748,6341,950,5026
3709,7787,7748,9761,9756,9825
3709,7787,7748,5796,10,9243
3709,7787,7748,3337,3745,2818
3709,7787,7748,6020,5148,2826
3709,7787,7748,6585,2385,1380
3709,7787,7748,3379,7957,1390
3709,7787,7748,2595,3951,4699
3709,7787,7748,7334,8497,1039
3709,7787,7748,3988,4661,5867
3709,7787,7748,2047,9466,7554
3709,7787,7748,5484,1038,6478
3709,7787,7748,8949,3882,14
3709,7787,7748,9643,3925,1720
3709,7787,7748,6387,9171,7123
3709,7787,7748,4129,4804,669
3709,7787,7748,3232,870,9254
3709,7787,7748,1149,5780,9397
3709,7787,7748,8545,2297,1945
3709,7787,7748,5366,6832,8633
3709,7787,7748,9113,7155,6431
3709,7787,7748,3359,3380,7373
3709,7787,7748,6946,709,1032
3709,7787,7748,1259,8739,1351
3709,7787,7748,5463,9657,5130
3709,7787,7748,8857,5393,4210
3709,7787,7748,2804,334,194
3709,7787,7748,5460,1351,3458
3709,7787,7748,1178,3345,8561
3709,7787,7748,9930,1906,2833
3709,7787,7748,6193,6227,6530
3709,7787,7748,3561,4078,4501
3709,7787,7748,5289,7990,518
3709,7787,7748,6923,5462,2753
3709,7787,7748,1864,5658,4011
3709,7787,7748,4060,7421,6668
3709,7787,7748,3914,4461,2228
3709,7787,7748,96,5257,2766
3709,7787,7748,5886,579,2289
3709,7787,7748,1604,1249,3831
3709,7787,7748,8303,93,3772
3709,7787,7748,7479,2371,9259
3709,7787,7748,9293,4107,435
3709,7787,7748,5319,6694,5416
3709,7787,7748,4605,5293,7752
3709,7787,7748,4502,4414,6685
3709,7787,7748,2848,5878,5498
3709,7787,7748,2409,1866,9978
3709,7787,7748,9902,2496,5389
3709,7787,7748,9175,68,5057
3709,7787,7748,2414,1725,8156
3709,7787,7748,3898,1483,6350
3709,7787,7748,4283,8174,9372
3709,7787,7748,1351,1679,7989
3709,7787,7748,5045,4905,3133
3709,7787,7748,9291,1485,5073
3709,7787,7748,5720,7563,72
3709,7787,7748,6557,6157,8185
3709,7787,7748,9661,428,2398
3709,7787,7748,7572,3591,262
3709,7787,7748,1458,142,3171
3709,7787,7748,8058,1816,7550
3709,7787,7748,3301,5912,2998
3709,7787,7748,9224,3931,1565
3709,7787,7748,8473,7212,4849
3709,7787,7748,8268,6857,5742
3709,7787,7748,9698,5571,1683
3709,7787,7748,7887,7691,546
3709,7787,7748,1894,7328,8678
3709,7787,7748,3494,7803,5197
3709,7787,7748,8370,4068,5795
3709,7787,7748,1709,9728,1343
3709,7787,7748,7205,1992,7714
3709,7787,7748,5088,7010,2567
3709,7787,7748,7090,4653,4712
3709,7787,7748,6974,5768,5125
3709,7787,7748,8422,7260,522
3709,7787,7748,3326,738,8988
3709,7787,7748,7018,9157,8958
3709,7787,7748,9080,721,9260
3709,7787,7748,8621,8315,9712
3709,7787,7748,2964,5316,3004
3709,7787,7748,1694,7866,2125
3709,7787,7748,2352,9306,513
3709,7787,7748,8238,4544,6941
3709,7787,7748,1137,8250,5357
3709,7787,7748,8313,4048,3532
3709,7787,7748,2892,4718,7791
3709,7787,7748,3729,7519,2321
3709,7787,7748,7228,7690,8748
3709,7787,7748,154,4717,1125
3709,7787,7748,2964,2507,6178
3709,7787,7748,8811,3431,4777
3709,7787,7748,4237,188,5792
3709,7787,7748,5036,6035,7938
3709,7787,7748,3609,5435,7353
3709,7787,7748,1983,8722,3131
3709,7787,7748,1603,1877,8527
3709,7787,7748,554,3749,7583
3709,7787,7748,2129,3770,4810
3709,7787,7748,1711,2592,1030
3709,7787,7748,7126,8327,1428
3709,7787,7748,1898,3940,1813
3709,7787,7748,714,5246,8197
3709,7787,7748,6686,4814,9377
3709,7787,7748,1355,3600,3887
3709,7787,7748,8005,5018,6885
3709,7787,7748,7812,6858,9948
3709,7787,7748,2900,5391,6624
3709,7787,7748,3989,4578,3108
3709,7787,7748,2438,1395,7474
3709,7787,7748,9742,6322,5191
3709,7787,7748,3977,8834,2685
3709,7787,7748,8510,7787,8963
3709,7787,7748,6623,9925,2957
3709,7787,7748,4819,9819,7823
3709,7787,7748,9623,1883,6826
3709,7787,7748,2123,4955,1613
3709,7787,7748,4339,6940,1944
3709,7787,7748,4933,7347,8665
3709,7787,7748,3245,6754,1548
3709,7787,7748,5899,1580,3390
3709,7787,7748,1818,7973,6467
3709,7787,7748,7987,5594,8176
3709,7787,7748,3395,5742,3542
3709,7787,7748,4531,6110,3103
3709,7787,7748,4762,1706,3281
3709,7787,7748,6494,7067,354
3709,7787,7748,4401,9321,5539
3709,7787,7748,1282,177,1012
3709,7787,7748,2084,5216,7018
3709,7787,7748,8400,2722,9191
3709,7787,7748,7116,389,8878
3709,7787,7748,8658,4055,5507
3709,7787,7748,7315,4884,1540
3709,7787,7748,9078,276,6151
3709,7787,7748,8021,2090,125
3709,7787,7748,7056,5566,8643
3709,7787,7748,9219,4906,9356
3709,7787,7748,1423,5313,172
3709,7787,7748,7052,7388,6649
3709,7787,7748,4174,6671,160
3709,7787,7748,8753,8553,8817
3709,7787,7748,925,4808,2259
3709,7787,7748,5085,9432,1210
3709,7787,7748,2404,7400,1590
3709,7787,7748,1830,7817,8102
3709,7787,7748,197,9991,3899
3709,7787,7748,1620,5590,3043
3709,7787,7748,2200,4756,271
3709,7787,7748,8,4437,838
3709,7787,7748,4380,8716,6316
3709,7787,7748,2672,8133,6780
3709,7787,7748,971,6471,2252
3709,7787,7748,5907,7377,5510
3709,7787,7748,4590,441,3805
3709,7787,7748,1148,1049,5097
3709,7787,7748,9697,6946,4281
3709,7787,7748,282,8181,940
3709,7787,7748,5662,55,788
3709,7787,7748,2819,2417,2620
3709,7787,7748,2647,6322,8968
3709,7787,7748,5346,5713,2694
3709,7787,7748,4890,1525,4519
3709,7787,7748,7939,1450,8924
3709,7787,7748,5129,6807,7584
3709,7787,7748,2831,4067,5850
3709,7787,7748,9121,5312,8506
3709,7787,7748,2933,6975,6202
3709,7787,7748,1344,2292,9012
3709,7787,7748,9772,2606,3316
3709,7787,7748,7778,160,2720
3709,7787,7748,7333,4062,7939
3709,7787,7748,3328,7657,8692
3709,7787,7748,4312,6417,9324
3709,7787,7748,5471,7346,2147
3709,7787,7748,4427,3851,4907
3709,7787,7748,9565,3101,8988
3709,7787,7748,4446,681,2160
3709,7787,7748,1288,9735,6276
3709,7787,7748,2985,8806,8816
3709,7787,7748,7403,5433,3523
3709,7787,7748,967,1418,7210
3709,7787,7748,5233,6043,7305
3709,7787,7748,4303,437,7536
3709,7787,7748,566,3984,6965
3709,7787,7748,4229,1812,167
3709,7787,7748,4043,2005,5921
3709,7787,7748,3846,9809,289
3709,7787,7748,5939,5083,392
3709,7787,7748,8474,6408,9627
3709,7787,7748,8152,1631,9401
3709,7787,7748,5880,4780,8535
3709,7787,7748,7014,4414,1513
3709,7787,7748,7244,2723,9268
3709,7787,7748,8420,9832,5774
3709,7787,7748,3792,7407,639
3709,7787,7748,7406,9390,6310
3709,7787,7748,8917,4098,4794
3709,7787,7748,1396,9915,8910
3709,7787,7748,9497,3010,5600
3709,7787,7748,3836,793,3426
