3709,7787,7748,4930,4885,5699
3709,7787,7748,5339,7882,3018
3709,7787,7748,7317,8118,6201
3709,7787,7748,5743,2754,8635
3709,7787,7748,1855,5346,5968
3709,7787,7748,6536,9685,877
3709,7787,7748,3993,9265,541
3709,7787,7748,4216,7291,4518
3709,7787,7748,7887,9175,4554
3709,7787,7748,5908,7700,6477
3709,7787,7748,3372,3472,6893
3709,7787,7748,4155,10000,5551
3709,7787,7748,4279,5483,2069
3709,7787,7748,3586,4186,9674
3709,7787,7748,5505,1740,4051
3709,7787,7748,6727,4362,7708
3709,7787,7748,4691,6624,5599
3709,7787,7748,9120,6806,1464
3709,7787,7748,5192,4771,9579
3709,7787,7748,8075,7647,7240
3709,7787,7748,4901,857,1536
3709,7787,7748,6894,4518,8873
3709,7787,7748,786,8291,2981
3709,7787,7748,2053,7615,3797
3709,7787,7748,4087,2111,7285
3709,7787,7748,8351,5502,1710
3709,7787,7748,2207,2419,3542
3709,7787,7748,4572,328,2697
3709,7787,7748,1721,8444,3294
3709,7787,7748,3854,8559,3073
3709,7787,7748,5099,3459,6253
3709,7787,7748,8620,7936,8613
3709,7787,7748,9361,3897,2166
3709,7787,7748,4442,2682,4267
3709,7787,7748,4007,3754,7037
3709,7787,7748,3257,3869,590
3709,7787,7748,8419,2657,7955
3709,7787,7748,8178,1059,706
3709,7787,7748,4610,8435,4777
3709,7787,7748,4639,6702,9911
3709,7787,7748,465,3501,1498
3709,7787,7748,9057,168,6121
3709,7787,7748,9643,7183,4409
3709,7787,7748,3533,8003,4588
3709,7787,7748,9698,4266,5029
3709,7787,7748,9567,8233,5662
3709,7787,7748,4560,1154,2591
3709,7787,7748,2210,4265,9953
3709,7787,7748,5428,7402,1200
3709,7787,7748,1205,9126,5630
3709,7787,7748,7396,3074,8914
3709,7787,7748,3313,4197,6469
3709,7787,7748,6966,507,691
3709,7787,7748,7053,7288,3758
3709,7787,7748,2219,212,7852
3709,7787,7748,6402,7363,8985
3709,7787,7748,2852,485,1353
3709,7787,7748,1000,8294,324
3709,7787,7748,2224,8429,5147
3709,7787,7748,5852,594,4510
3709,7787,7748,6751,4288,5935
3709,7787,7748,8795,4534,7537
3709,7787,7748,9567,1658,5342
3709,7787,7748,8474,7249,6996
3709,7787,7748,5400,7300,865
3709,7787,7748,394,6893,8808
3709,7787,7748,6804,5559,5906
3709,7787,7748,5215,1559,2509
3709,7787,7748,5092,2296,2700
3709,7787,7748,2632,6520,7800
3709,7787,7748,3585,8418,9674
3709,7787,7748,1904,2596,342
3709,7787,7748,2241,6634,2916
3709,7787,7748,231,7385,5719
3709,7787,7748,5021,2314,2368
3709,7787,7748,1408,3635,3626
3709,7787,7748,7910,8085,7122
3709,7787,7748,3002,1863,8669
3709,7787,7748,2968,8256,7215
3709,7787,7748,415,3948,7873
3709,7787,7748,5362,423,8059
3709,7787,7748,8981,1574,6933
3709,7787,7748,2928,8773,3050
3709,7787,7748,5870,4137,3951
3709,7787,7748,7667,6163,4722
3709,7787,7748,3902,4264,2005
3709,7787,7748,9026,6193,5899
3709,7787,7748,4240,5960,8286
3709,7787,7748,3102,4725,8163
3709,7787,7748,640,3753,9369
3709,7787,7748,3420,2672,4634
3709,7787,7748,8068,186,4484
3709,7787,7748,8701,2575,889
3709,7787,7748,7249,5194,4757
3709,7787,7748,1596,8078,4100
3709,7787,7748,2941,7333,3515
3709,7787,7748,7414,3767,308
3709,7787,7748,3234,8260,9547
3709,7787,7748,939,6306,8
3709,7787,7748,4715,5681,4187
3709,7787,7748,8940,8196,1992
3709,7787,7748,1795,1401,7430
3709,7787,7748,133,8859,3633
3709,7787,7748,4444,4232,7636
3709,7787,7748,1161,2874,9043
3709,7787,7748,5578,9638,2396
3709,7787,7748,5266,9150,5714
3709,7787,7748,6587,6220,4498
3709,7787,7748,9370,3319,8777
3709,7787,7748,49,184,6374
3709,7787,7748,8175,8411,5898
3709,7787,7748,9252,1621,9631
3709,7787,7748,7071,1457,3242
3709,7787,7748,4860,9126,7846
3709,7787,7748,6896,1747,1587
3709,7787,7748,1935,248,4321
3709,7787,7748,1141,3371,5770
3709,7787,7748,2313,9519,2567
3709,7787,7748,2182,328,1069
3709,7787,7748,7384,8626,2039
3709,7787,7748,9018,81,1727
3709,7787,7748,2267,7230,8601
3709,7787,7748,6487,2913,966
3709,7787,7748,1303,3294,8243
3709,7787,7748,5099,822,3147
3709,7787,7748,9473,6141,5617
3709,7787,7748,9613,4954,2616
3709,7787,7748,9209,9949,5391
3709,7787,7748,6483,8032,51
3709,7787,7748,188,6006,2860
3709,7787,7748,1965,4799,7205
3709,7787,7748,9815,1098,3790
3709,7787,7748,2599,6373,2964
3709,7787,7748,5963,8262,9440
3709,7787,7748,4765,8174,8936
3709,7787,7748,2517,6278,1258
3709,7787,7748,3719,5914,8345
3709,7787,7748,4430,1000,7506
3709,7787,7748,1852,8469,5852
3709,7787,7748,671,1348,2495
3709,7787,7748,6593,9791,4548
3709,7787,7748,3693,5602,6473
3709,7787,7748,7488,9933,3948
3709,7787,7748,9633,8761,7701
3709,7787,7748,9396,3779,4999
3709,7787,7748,7258,3252,6989
3709,7787,7748,132,8845,8260
3709,7787,7748,1281,3373,8344
3709,7787,7748,3093,9333,5647
3709,7787,7748,7616,7434,1706
3709,7787,7748,7932,3755,7111
3709,7787,7748,7298,2455,9845
3709,7787,7748,9696,813,3015
3709,7787,7748,2962,3383,93
3709,7787,7748,4129,896,5704
3709,7787,7748,3243,6175,1633
3709,7787,7748,3736,9409,7353
3709,7787,7748,8986,6316,1309
3709,7787,7748,3994,1362,6115
3709,7787,7748,8079,2563,6937
3709,7787,7748,2368,3182,6450
3709,7787,7748,3321,356,4137
3709,7787,7748,1574,4363,605
3709,7787,7748,6329,6650,3540
3709,7787,7748,5468,9466,2526
3709,7787,7748,5642,4373,4051
3709,7787,7748,7473,2542,7980
3709,7787,7748,8501,6131,1108
3709,7787,7748,6725,5627,153
3709,7787,7748,6968,8324,9128
3709,7787,7748,3749,2096,1023
3709,7787,7748,4601,9949,9618
3709,7787,7748,9294,1935,5498
3709,7787,7748,3726,6000,7109
3709,7787,7748,8215,1723,2181
3709,7787,7748,9638,8453,8292
3709,7787,7748,3143,4503,2716
3709,7787,7748,5809,4092,9202
3709,7787,7748,8289,2563,7709
3709,7787,7748,8266,4959,6957
3709,7787,7748,2191,1317,7527
3709,7787,7748,2199,6215,373
3709,7787,7748,1086,113,2465
3709,7787,7748,4511,7933,4308
3709,7787,7748,4809,8389,314
3709,7787,7748,8675,912,6467
3709,7787,7748,6115,5708,7571
3709,7787,7748,8039,6566,9566
3709,7787,7748,7077,8331,2049
3709,7787,7748,7521,5009,3795
3709,7787,7748,2636,4564,7336
3709,7787,7748,8155,9025,3944
3709,7787,7748,2183,4436,8196
3709,7787,7748,2470,9802,9884
3709,7787,7748,3520,9150,3209
3709,7787,7748,2589,3742,7656
3709,7787,7748,6491,278,2024
3709,7787,7748,3894,4506,3423
3709,7787,7748,1074,3118,8219
3709,7787,7748,1554,4262,8067
3709,7787,7748,4996,5689,2288
3709,7787,7748,3808,918,9732
3709,7787,7748,8803,5504,7821
3709,7787,7748,21,515,4836
3709,7787,7748,4641,1594,7779
3709,7787,7748,9267,1179,5083
3709,7787,7748,10,4957,6258
3709,7787,7748,3202,5970,5460
3709,7787,7748,581,9474,9715
3709,7787,7748,9740,9290,4439
3709,7787,7748,3014,22,9098
3709,7787,7748,6468,9843,9242
3709,7787,7748,6424,873,8186
3709,7787,7748,1591,2408,894
3709,7787,7748,862,55,6927
3709,7787,7748,6245,846,6400
3709,7787,7748,8955,7619,7363
3709,7787,7748,5989,6715,9199
3709,7787,7748,2700,6579,5846
3709,7787,7748,3881,408,6001
3709,7787,7748,4868,2650,4791
3709,7787,7748,8806,763,7897
3709,7787,7748,1189,5436,983
3709,7787,7748,1353,352,7973
3709,7787,7748,6692,6961,3155
3709,7787,7748,4129,7232,60
3709,7787,7748,2512,6796,5420
3709,7787,7748,5789,6864,9739
3709,7787,7748,2433,8472,891
3709,7787,7748,8752,9944,7154
3709,7787,7748,3863,2878,7320
3709,7787,7748,3778,156,3252
3709,7787,7748,8354,4056,9992
3709,7787,7748,5508,8929,2052
3709,7787,7748,3514,3124,9701
3709,7787,7748,5658,9257,6419
3709,7787,7748,6559,4119,1329
3709,7787,7748,734,2880,8751
3709,7787,7748,2250,4860,5174
3709,7787,7748,4274,2824,4378
3709,7787,7748,6979,8212,8750
3709,7787,7748,4467,8030,5373
3709,7787,7748,5065,4875,5950
3709,7787,7748,7700,5887,9380
3709,7787,7748,8484,233,1227
3709,7787,7748,3383,2272,3108
3709,7787,7748,4191,3334,2075
3709,7787,7748,7519,4728,1211
3709,7787,7748,3760,4082,5552
3709,7787,7748,6288,5254,5777
3709,7787,7748,4593,372,5083
3709,7787,7748,1571,8961,3082
3709,7787,7748,3157,4317,5008
3709,7787,7748,4580,4700,6242
3709,7787,7748,4915,9212,6566
3709,7787,7748,2637,2348,6595
3709,7787,7748,352,1343,7440
3709,7787,7748,7775,285,2165
3709,7787,7748,2135,9176,6138
3709,7787,7748,277,6176,9169
3709,7787,7748,5589,4102,2698
3709,7787,7748,9109,4658,7847
3709,7787,7748,4175,8439,2407
3709,7787,7748,4554,6951,9642
3709,7787,7748,2094,2118,6030
3709,7787,7748,2913,9168,4449
3709,7787,7748,4885,2497,2043
3709,7787,7748,8244,5851,4507
3709,7787,7748,5839,2841,9384
3709,7787,7748,6827,7678,8984
3709,7787,7748,2535,4104,3368
3709,7787,7748,5503,5492,9287
3709,7787,7748,252,2017,1428
3709,7787,7748,9981,6635,2143
3709,7787,7748,3305,6263,393
3709,7787,7748,1698,4143,8636
3709,7787,7748,4452,7457,8409
3709,7787,7748,8364,7673,7365
3709,7787,7748,3707,218,3175
3709,7787,7748,1547,9074,8844
3709,7787,7748,7318,2722,8211
3709,7787,7748,2452,7638,2322
3709,7787,7748,7765,6857,8663
3709,7787,7748,6092,7826,4370
3709,7787,7748,3374,4845,2336
3709,7787,7748,6998,3278,9641
3709,7787,7748,6017,4909,3303
3709,7787,7748,2426,4677,4620
3709,7787,7748,9004,5574,6561
3709,7787,7748,4899,866,6337
3709,7787,7748,7901,8145,7514
3709,7787,7748,980,9868,3723
3709,7787,7748,5894,4321,8038
3709,7787,7748,9896,4483,6597
3709,7787,7748,2113,8283,6297
3709,7787,7748,9322,2764,7787
3709,7787,7748,3821,728,2696
3709,7787,7748,3902,8264,3398
3709,7787,7748,352,7879,4990
3709,7787,7748,879,4684,4664
3709,7787,7748,9573,9032,9160
3709,7787,7748,2812,2085,2081
3709,7787,7748,8056,5199,3053
3709,7787,7748,5637,7618,9226
3709,7787,7748,4828,1855,1699
3709,7787,7748,2046,3670,7190
3709,7787,7748,1835,5833,6066
3709,7787,7748,6076,5861,2783
3709,7787,7748,5622,7287,5475
3709,7787,7748,6389,2067,211
3709,7787,7748,3514,4826,2984
3709,7787,7748,3614,2712,3242
3709,7787,7748,5977,9892,8968
3709,7787,7748,408,8354,8587
3709,7787,7748,3727,9744,2586
3709,7787,7748,555,7454,5350
3709,7787,7748,6727,6527,8105
3709,7787,7748,6795,9294,5425
3709,7787,7748,3953,4680,9119
3709,7787,7748,1578,9719,8313
3709,7787,7748,6679,4959,1267
3709,7787,7748,5487,5338,4078
3709,7787,7748,3932,5057,8973
3709,7787,7748,6309,2605,2268
3709,7787,7748,4638,141,7642
3709,7787,7748,3970,1284,5802
3709,7787,7748,6125,8903,7819
3709,7787,7748,3311,5032,1744
3709,7787,7748,2378,1965,1445
3709,7787,7748,6658,5723,2233
3709,7787,7748,1166,3478,2326
3709,7787,7748,274,605,9532
3709,7787,7748,2200,216,3372
3709,7787,7748,4108,8374,2118
3709,7787,7748,1334,187,1242
3709,7787,7748,8208,9053,917
3709,7787,7748,651,6146,9737
3709,7787,7748,3051,6330,3997
3709,7787,7748,7612,6967,8667
3709,7787,7748,6472,820,6214
3709,7787,7748,7350,7525,8260
3709,7787,7748,7968,2102,6150
3709,7787,7748,8258,9920,1346
3709,7787,7748,5321,788,2935
3709,7787,7748,4551,2254,4340
3709,7787,7748,8898,6828,9492
3709,7787,7748,7884,9329,7024
3709,7787,7748,4237,9865,3437
3709,7787,7748,5442,7729,9046
3709,7787,7748,7843,5268,1522
3709,7787,7748,1224,478,320
3709,7787,7748,6112,5349,1397
3709,7787,7748,5748,3354,1145
3709,7787,7748,438,9573,4262
3709,7787,7748,2336,7438,4097
3709,7787,7748,4042,5416,6631
3709,7787,7748,1502,981,973
3709,7787,7748,1923,135,2184
3709,7787,7748,4877,4396,4512
3709,7787,7748,1075,3685,5571
3709,7787,7748,991,2082,1983
3709,7787,7748,1489,7538,1335
3709,7787,7748,6025,5369,8942
3709,7787,7748,7106,6925,7924
3709,7787,7748,6947,7511,763
3709,7787,7748,3354,447,9841
3709,7787,7748,4506,8265,3483
3709,7787,7748,6769,8361,4805
3709,7787,7748,7991,8345,6361
3709,7787,7748,760,139,4545
3709,7787,7748,3240,131,1644
3709,7787,7748,1268,7409,2006
3709,7787,7748,9189,1899,3283
3709,7787,7748,583,4974,7476
3709,7787,7748,5652,3627,6694
3709,7787,7748,1221,3366,7555
3709,7787,7748,2112,5900,2861
3709,7787,7748,5951,9079,4442
3709,7787,7748,409,7079,8112
3709,7787,7748,1610,2827,6331
3709,7787,7748,6083,3782,1715
3709,7787,7748,6090,9672,8473
3709,7787,7748,1852,7404,2136
3709,7787,7748,4479,4236,7289
3709,7787,7748,512,7531,8019
3709,7787,7748,9280,5765,5698
3709,7787,7748,7563,7265,6215
3709,7787,7748,2389,9211,3043
3709,7787,7748,6432,3588,4257
3709,7787,7748,7804,3642,3897
3709,7787,7748,6139,8307,6182
3709,7787,7748,9316,3321,6010
3709,7787,7748,4669,2356,8207
3709,7787,7748,1629,2944,1327
3709,7787,7748,1368,4104,8643
3709,7787,7748,7413,6865,3391
3709,7787,7748,1327,5335,6088
3709,7787,7748,7067,8272,1796
3709,7787,7748,6610,409,407
3709,7787,7748,5738,3249,1768
3709,7787,7748,136,4426,7365
3709,7787,7748,829,8576,3135
3709,7787,7748,7247,3182,2264
3709,7787,7748,1893,8034,6793
3709,7787,7748,7726,6575,3230
3709,7787,7748,7223,5718,2347
3709,7787,7748,8792,7920,4413
3709,7787,7748,159,5489,2739
3709,7787,7748,805,5256,8138
3709,7787,7748,4969,963,8868
3709,7787,7748,2462,6426,1811
3709,7787,7748,3595,8599,6634
3709,7787,7748,4010,4907,8350
3709,7787,7748,8430,7701,135
3709,7787,7748,6998,1136,5616
3709,7787,7748,1064,3553,1233
3709,7787,7748,5486,2557,1998
3709,7787,7748,8419,2723,6695
3709,7787,7748,7779,8565,2810
3709,7787,7748,3725,8374,6790
3709,7787,7748,8351,3340,5064
3709,7787,7748,2766,7113,796
3709,7787,7748,9884,1067,6511
3709,7787,7748,3938,7154,4370
3709,7787,7748,8569,2486,7901
3709,7787,7748,3373,3105,3418
3709,7787,7748,6552,7871,5147
3709,7787,7748,1421,3717,4558
3709,7787,7748,3039,7198,4011
3709,7787,7748,9316,8829,617
3709,7787,7748,786,4385,5310
3709,7787,7748,5634,5830,4093
3709,7787,7748,804,5841,1031
3709,7787,7748,965,3548,4297
3709,7787,7748,3616,2381,2236
3709,7787,7748,3390,9820,2669
3709,7787,7748,5806,1806,5269
3709,7787,7748,990,8114,937
3709,7787,7748,4375,879,6031
3709,7787,7748,7125,4545,2183
3709,7787,7748,6733,9280,893
3709,7787,7748,7499,5831,293
3709,7787,7748,1977,9038,465
3709,7787,7748,1681,8250,6980
3709,7787,7748,2094,8645,5586
3709,7787,7748,546,4883,9690
3709,7787,7748,2679,9600,6476
3709,7787,7748,7923,121,6237
3709,7787,7748,6844,7873,2723
3709,7787,7748,5481,3898,691
3709,7787,7748,7705,5542,9719
3709,7787,7748,563,1810,2111
3709,7787,7748,883,9649,8203
3709,7787,7748,2190,8730,4767
3709,7787,7748,2716,9684,928
3709,7787,7748,6580,1037,5385
3709,7787,7748,627,5913,3613
3709,7787,7748,7354,2637,8916
3709,7787,7748,2148,1250,8046
3709,7787,7748,1540,2293,8147
3709,7787,7748,9630,7108,7572
3709,7787,7748,1472,7003,3367
3709,7787,7748,5566,5667,9938
3709,7787,7748,7156,8757,45
3709,7787,7748,8857,9930,3681
3709,7787,7748,9129,705,1691
3709,7787,7748,9601,4277,2249
3709,7787,7748,4876,4161,384
3709,7787,7748,2600,3982,8342
3709,7787,7748,567,5509,2257
3709,7787,7748,7457,1800,5278
3709,7787,7748,9509,6652,4541
3709,7787,7748,6292,1745,8186
3709,7787,7748,4241,5929,3117
3709,7787,7748,9108,9160,8977
3709,7787,7748,7796,2713,1417
3709,7787,7748,9494,6380,4335
3709,7787,7748,7646,3089,8048
3709,7787,7748,7088,1156,4619
3709,7787,7748,9207,1656,1060
3709,7787,7748,9637,7113,811
3709,7787,7748,956,2135,9664
3709,7787,7748,5516,7866,1706
3709,7787,7748,6071,8084,3156
3709,7787,7748,2472,4021,5223
3709,7787,7748,6403,3503,1841
3709,7787,7748,9751,6564,1451
3709,7787,7748,1051,7413,9375
3709,7787,7748,7316,6908,9730
3709,7787,7748,6491,5526,9716
3709,7787,7748,7727,9914,2725
3709,7787,7748,1817,455,9466
3709,7787,7748,5613,2441,6232
3709,7787,7748,5727,3776,7531
3709,7787,7748,381,9838,6987
3709,7787,7748,4257,1869,4363
3709,7787,7748,5077,1493,5180
3709,7787,7748,7989,9909,6482
3709,7787,7748,9280,9160,9194
3709,7787,7748,9484,6666,6613
3709,7787,7748,7894,655,8420
3709,7787,7748,975,7417,8783
3709,7787,7748,7230,4976,2815
3709,7787,7748,9285,1695,5329
3709,7787,7748,1070,979,4834
3709,7787,7748,7665,1744,7921
3709,7787,7748,7726,4808,8280
3709,7787,7748,2720,4805,6232
3709,7787,7748,9271,1635,1721
3709,7787,7748,4451,9364,2464
