3709,7787,7748,4997,6853,692
3709,7787,7748,4118,5550,3640
3709,7787,7748,8498,8067,8725
3709,7787,7748,334,5870,597
3709,7787,7748,527,2957,7349
3709,7787,7748,5290,940,2370
3709,7787,7748,7129,9516,3464
3709,7787,7748,3351,37,4455
3709,7787,7748,8832,1570,7894
3709,7787,7748,2298,285,3700
3709,7787,7748,3705,1842,1874
3709,7787,7748,8722,5465,9216
3709,7787,7748,270,6043,3483
3709,7787,7748,7939,9783,2551
3709,7787,7748,791,7410,8494
3709,7787,7748,8354,5870,9057
3709,7787,7748,6988,2001,1788
3709,7787,7748,4012,1178,5259
3709,7787,7748,7644,598,4995
3709,7787,7748,4689,1146,9933
3709,7787,7748,5470,4324,1713
3709,7787,7748,4658,963,838
3709,7787,7748,173,1090,1928
3709,7787,7748,4198,2641,4549
3709,7787,7748,8507,5467,7791
3709,7787,7748,485,7586,2406
3709,7787,7748,5693,7607,1744
3709,7787,7748,6785,5493,5042
3709,7787,7748,6815,8383,527
3709,7787,7748,5454,3680,9309
3709,7787,7748,9147,4050,6687
3709,7787,7748,162,1885,1629
3709,7787,7748,6758,3220,8912
3709,7787,7748,8670,4213,5005
3709,7787,7748,4231,2383,3183
3709,7787,7748,77,5140,7869
3709,7787,7748,2409,8979,2332
3709,7787,7748,3380,5200,2096
3709,7787,7748,1863,5677,8248
3709,7787,7748,7394,2295,5992
3709,7787,7748,9547,8864,3324
3709,7787,7748,504,9020,7922
3709,7787,7748,8592,1773,3569
3709,7787,7748,1370,7488,8886
3709,7787,7748,8572,761,6275
3709,7787,7748,5802,7433,5541
3709,7787,7748,7266,268,1598
3709,7787,7748,2820,2121,9497
3709,7787,7748,2490,6426,375
3709,7787,7748,1377,1850,5383
3709,7787,7748,4673,8421,7582
3709,7787,7748,9756,5917,3596
3709,7787,7748,3375,3835,3892
3709,7787,7748,9844,2446,1099
3709,7787,7748,8568,4866,1172
3709,7787,7748,1834,920,1939
3709,7787,7748,5070,787,3235
3709,7787,7748,1718,5639,6561
3709,7787,7748,663,7887,9775
3709,7787,7748,7471,4469,2846
3709,7787,7748,7347,8413,1294
3709,7787,7748,4962,622,9903
3709,7787,7748,2030,2324,1872
3709,7787,7748,6549,3567,4656
3709,7787,7748,1540,4489,150
3709,7787,7748,2656,7647,1408
3709,7787,7748,5326,9971,1499
3709,7787,7748,6966,6838,1404
3709,7787,7748,8003,8107,6283
3709,7787,7748,6434,508,8750
3709,7787,7748,1594,9560,6897
3709,7787,7748,2308,9549,2856
3709,7787,7748,8474,6935,6996
3709,7787,7748,3463,9950,9009
3709,7787,7748,2136,428,3799
3709,7787,7748,7944,3778,6338
3709,7787,7748,9580,5397,7561
3709,7787,7748,627,5496,7062
3709,7787,7748,9691,7111,9446
3709,7787,7748,6706,7244,4190
3709,7787,7748,2536,9855,2084
3709,7787,7748,9689,1781,7832
3709,7787,7748,8210,3294,4659
3709,7787,7748,296,3198,748
3709,7787,7748,2694,271,8892
3709,7787,7748,3409,7037,16
3709,7787,7748,9320,8438,7717
3709,7787,7748,6878,6870,9926
3709,7787,7748,9691,4485,9174
3709,7787,7748,7176,5912,494
3709,7787,7748,7505,2365,2831
3709,7787,7748,5076,9976,9321
3709,7787,7748,5483,546,2055
3709,7787,7748,8265,6927,46
3709,7787,7748,1902,9805,1707
3709,7787,7748,9845,460,5841
3709,7787,7748,5926,8366,3804
3709,7787,7748,4123,2305,1081
3709,7787,7748,1121,8824,6330
3709,7787,7748,8542,9681,8880
3709,7787,7748,7436,9190,7022
3709,7787,7748,154,7666,5942
3709,7787,7748,9409,9460,4086
3709,7787,7748,4150,2256,8403
3709,7787,7748,9998,9268,9155
3709,7787,7748,1625,210,1958
3709,7787,7748,6831,6583,1759
3709,7787,7748,1895,9274,8540
3709,7787,7748,5836,3825,7531
3709,7787,7748,3278,82,8876
3709,7787,7748,557,1317,367
3709,7787,7748,7475,6271,1732
3709,7787,7748,6123,1849,529
3709,7787,7748,2021,9034,176
3709,7787,7748,2393,6314,9615
3709,7787,7748,2104,219,7201
3709,7787,7748,58,6379,8231
3709,7787,7748,5540,8753,8485
3709,7787,7748,7925,6851,6155
3709,7787,7748,9426,6251,9732
3709,7787,7748,7494,2766,6581
3709,7787,7748,6862,3040,7839
3709,7787,7748,4539,2691,3340
3709,7787,7748,3,9901,4977
3709,7787,7748,4755,1949,3765
3709,7787,7748,9028,4521,8935
3709,7787,7748,9949,3923,1304
3709,7787,7748,1902,4381,435
3709,7787,7748,3502,4964,7350
3709,7787,7748,9574,4425,6373
3709,7787,7748,6959,3942,1318
3709,7787,7748,4051,2672,1426
3709,7787,7748,9368,9511,5083
3709,7787,7748,9805,7095,7263
3709,7787,7748,2851,1900,822
3709,7787,7748,9213,9861,6710
3709,7787,7748,7582,5798,6295
3709,7787,7748,7749,6920,2861
3709,7787,7748,8136,7391,5585
3709,7787,7748,6710,3062,8463
3709,7787,7748,6414,1685,9668
3709,7787,7748,6323,9065,7647
3709,7787,7748,5753,4687,2069
3709,7787,7748,373,4636,1312
3709,7787,7748,3055,3158,6812
3709,7787,7748,9565,7101,9761
3709,7787,7748,1980,4041,8068
3709,7787,7748,7720,7603,6066
3709,7787,7748,7113,1540,5514
3709,7787,7748,2480,5639,9759
3709,7787,7748,7888,8775,7823
3709,7787,7748,5982,1776,9842
3709,7787,7748,9938,7854,6235
3709,7787,7748,2052,3029,9287
3709,7787,7748,3028,9454,128
3709,7787,7748,4824,8754,7795
3709,7787,7748,8527,2237,9708
3709,7787,7748,3529,4170,902
3709,7787,7748,6275,2776,1743
3709,7787,7748,382,420,4141
3709,7787,7748,3501,9317,6193
3709,7787,7748,3150,2958,1839
3709,7787,7748,1498,4135,3837
3709,7787,7748,8724,5567,3640
3709,7787,7748,6818,4912,7935
3709,7787,7748,8915,6338,1230
3709,7787,7748,3893,7379,7495
3709,7787,7748,5152,9301,7680
3709,7787,7748,3436,7445,1904
3709,7787,7748,9787,3424,9010
3709,7787,7748,2512,5204,1668
3709,7787,7748,6977,949,7566
3709,7787,7748,6070,7469,9985
3709,7787,7748,5703,8465,4983
3709,7787,7748,1559,3643,9684
3709,7787,7748,9270,6791,2421
3709,7787,7748,6464,7673,370
3709,7787,7748,5610,9400,585
3709,7787,7748,1240,5836,4508
3709,7787,7748,3524,8337,2857
3709,7787,7748,2531,3202,8384
3709,7787,7748,1444,6373,9214
3709,7787,7748,2903,5376,635
3709,7787,7748,3387,9526,6200
3709,7787,7748,6331,6098,3490
3709,7787,7748,222,8763,6429
3709,7787,7748,1396,8426,2078
3709,7787,7748,6612,4412,5583
3709,7787,7748,2250,294,306
3709,7787,7748,9576,28,2274
3709,7787,7748,4797,6315,1241
3709,7787,7748,1929,2671,5159
3709,7787,7748,8867,6746,711
3709,7787,7748,9110,1317,96
3709,7787,7748,3977,8458,2600
3709,7787,7748,5491,4491,2259
3709,7787,7748,4599,6499,6440
3709,7787,7748,1629,8737,6613
3709,7787,7748,88,8809,523
3709,7787,7748,6808,3447,638
3709,7787,7748,4376,7967,951
3709,7787,7748,3988,3005,5544
3709,7787,7748,308,950,8356
3709,7787,7748,2740,2100,9278
3709,7787,7748,620,5522,8510
3709,7787,7748,2465,9820,465
3709,7787,7748,9119,3402,1440
3709,7787,7748,7717,3954,6967
3709,7787,7748,1542,1664,7405
3709,7787,7748,1289,6625,5827
3709,7787,7748,4775,3081,6874
3709,7787,7748,7042,6033,4692
3709,7787,7748,1342,2818,9786
3709,7787,7748,3296,4059,7552
3709,7787,7748,1099,7408,1467
3709,7787,7748,6685,8330,3412
3709,7787,7748,8373,799,1432
3709,7787,7748,819,1912,8135
3709,7787,7748,7376,9362,1096
3709,7787,7748,7808,6349,5351
3709,7787,7748,5207,5786,9726
3709,7787,7748,5520,916,1522
3709,7787,7748,5135,4227,2403
3709,7787,7748,4832,2948,2795
3709,7787,7748,8130,5847,7956
3709,7787,7748,4225,2022,70
3709,7787,7748,1056,3492,8426
3709,7787,7748,2357,8259,4475
3709,7787,7748,9770,2469,5848
3709,7787,7748,487,1854,7986
3709,7787,7748,4387,8190,7544
3709,7787,7748,8716,7928,3284
3709,7787,7748,4250,3886,4180
3709,7787,7748,8104,678,2018
3709,7787,7748,2859,5282,650
3709,7787,7748,1038,1592,9316
3709,7787,7748,4565,1610,4822
3709,7787,7748,3038,2707,2627
3709,7787,7748,2970,3271,5651
3709,7787,7748,7179,1658,8057
3709,7787,7748,364,9590,6962
3709,7787,7748,7246,2010,3657
3709,7787,7748,5808,658,2724
3709,7787,7748,9716,9607,7
3709,7787,7748,7107,8342,4387
3709,7787,7748,3149,3615,6718
3709,7787,7748,1230,8683,5539
3709,7787,7748,8896,6796,5707
3709,7787,7748,9981,9390,4731
3709,7787,7748,4167,911,6384
3709,7787,7748,7631,3183,9940
3709,7787,7748,3481,68,7968
3709,7787,7748,5690,590,1148
3709,7787,7748,877,3328,1802
3709,7787,7748,9180,4208,317
3709,7787,7748,4043,9898,8451
3709,7787,7748,1020,4321,2994
3709,7787,7748,2413,5823,8689
3709,7787,7748,9300,2994,4755
3709,7787,7748,3184,3368,2465
3709,7787,7748,6911,3568,1173
3709,7787,7748,1080,4135,300
3709,7787,7748,9366,1658,7767
3709,7787,7748,2311,3556,4840
3709,7787,7748,2566,8793,1826
3709,7787,7748,481,3816,897
3709,7787,7748,3071,85,4990
3709,7787,7748,5334,6759,2390
3709,7787,7748,7083,9609,2317
3709,7787,7748,9275,9054,8597
3709,7787,7748,9993,1567,7764
3709,7787,7748,2258,3969,109
3709,7787,7748,2626,7175,2441
3709,7787,7748,5697,9449,60
3709,7787,7748,9925,8946,7650
3709,7787,7748,3134,6451,9453
3709,7787,7748,3847,1731,8916
3709,7787,7748,893,168,2483
3709,7787,7748,1226,1487,8342
3709,7787,7748,5799,3311,5377
3709,7787,7748,2287,2870,7572
3709,7787,7748,936,714,37
3709,7787,7748,2348,5537,715
3709,7787,7748,2795,8404,612
3709,7787,7748,4592,4935,5216
3709,7787,7748,8413,1938,3269
3709,7787,7748,847,9369,9959
3709,7787,7748,4901,9733,2068
3709,7787,7748,2783,5951,7078
3709,7787,7748,2524,7261,2827
3709,7787,7748,8038,5646,1032
3709,7787,7748,595,4007,2160
3709,7787,7748,6731,6924,9274
3709,7787,7748,1061,8577,7211
3709,7787,7748,1197,8164,1463
3709,7787,7748,7666,1474,6983
3709,7787,7748,1838,7582,1747
3709,7787,7748,1420,862,3815
3709,7787,7748,512,7483,1492
3709,7787,7748,2115,7275,4386
3709,7787,7748,2723,2908,9744
3709,7787,7748,3810,3959,5221
3709,7787,7748,6241,1077,9804
3709,7787,7748,3065,1328,6419
3709,7787,7748,4921,7828,3203
3709,7787,7748,5477,1679,1728
3709,7787,7748,9511,1603,6083
3709,7787,7748,7192,8496,3761
3709,7787,7748,7010,3575,8430
3709,7787,7748,1804,8596,4360
3709,7787,7748,7604,3577,8093
3709,7787,7748,3718,3681,6661
3709,7787,7748,1776,686,9036
3709,7787,7748,141,2147,508
3709,7787,7748,1632,5206,7161
3709,7787,7748,5811,7960,2357
3709,7787,7748,9196,3738,1465
3709,7787,7748,6451,1854,6687
3709,7787,7748,7566,3289,3361
3709,7787,7748,5403,2258,8813
3709,7787,7748,1657,2589,4361
3709,7787,7748,509,7653,6548
3709,7787,7748,3531,6547,8008
3709,7787,7748,5542,453,2548
3709,7787,7748,2428,1044,6677
3709,7787,7748,9565,315,1932
3709,7787,7748,3730,4362,1090
3709,7787,7748,7468,651,9771
3709,7787,7748,9772,1837,9925
3709,7787,7748,434,7513,6528
3709,7787,7748,8623,2430,5493
3709,7787,7748,9429,7965,9059
3709,7787,7748,3716,8032,6376
3709,7787,7748,4109,9390,1801
3709,7787,7748,7417,6596,6357
3709,7787,7748,4600,1539,2941
3709,7787,7748,7012,4974,5629
3709,7787,7748,7176,7022,4574
3709,7787,7748,2571,2500,6005
3709,7787,7748,3087,7858,9557
3709,7787,7748,6921,9221,4646
3709,7787,7748,5212,1621,2971
3709,7787,7748,189,3293,8285
3709,7787,7748,146,3906,4946
3709,7787,7748,6815,310,4721
3709,7787,7748,3671,5211,1843
3709,7787,7748,5490,2137,7315
3709,7787,7748,8505,5646,2150
3709,7787,7748,770,7365,757
3709,7787,7748,1582,4336,3585
3709,7787,7748,330,187,6101
3709,7787,7748,8533,8513,9058
3709,7787,7748,4263,2669,4083
3709,7787,7748,2595,9404,259
3709,7787,7748,9218,6813,4021
3709,7787,7748,4666,4134,4901
3709,7787,7748,6436,4888,5978
3709,7787,7748,8232,6121,4811
3709,7787,7748,9849,2063,9092
3709,7787,7748,147,8105,5355
3709,7787,7748,1818,5144,6738
3709,7787,7748,1438,4793,5945
3709,7787,7748,5345,930,6257
3709,7787,7748,7762,7506,7757
3709,7787,7748,5888,2963,2802
3709,7787,7748,3190,5466,276
3709,7787,7748,5869,9766,4318
3709,7787,7748,4360,6243,329
3709,7787,7748,7436,4755,1333
3709,7787,7748,196,1564,6929
3709,7787,7748,3323,3332,7908
3709,7787,7748,2556,5655,777
3709,7787,7748,9905,8481,4525
3709,7787,7748,6190,9355,3948
3709,7787,7748,9360,6256,4286
3709,7787,7748,3052,4118,6812
3709,7787,7748,6257,4131,3374
3709,7787,7748,6899,6282,7020
3709,7787,7748,522,7087,9166
3709,7787,7748,3711,2803,7484
3709,7787,7748,9129,3670,8269
3709,7787,7748,2964,1515,7426
3709,7787,7748,6583,5972,2463
3709,7787,7748,9912,5284,7224
3709,7787,7748,1995,431,8353
3709,7787,7748,7445,2856,9198
3709,7787,7748,491,3377,2928
3709,7787,7748,5401,7273,6856
3709,7787,7748,328,9461,9358
3709,7787,7748,7545,9389,4799
3709,7787,7748,6762,2969,2245
3709,7787,7748,8766,2552,6969
3709,7787,7748,1520,6316,2387
3709,7787,7748,3560,2944,5854
3709,7787,7748,6164,2645,669
3709,7787,7748,3354,5538,9346
3709,7787,7748,1591,3080,2386
3709,7787,7748,7381,3535,2427
3709,7787,7748,6919,5993,1330
3709,7787,7748,1555,1120,1112
3709,7787,7748,9914,2212,5620
3709,7787,7748,1261,7745,2682
3709,7787,7748,1483,90,5504
3709,7787,7748,8424,4433,2639
3709,7787,7748,7286,3906,9530
3709,7787,7748,8840,6305,1456
3709,7787,7748,2618,3998,7889
3709,7787,7748,7069,9529,1073
3709,7787,7748,7515,2414,6802
3709,7787,7748,3384,9556,2473
3709,7787,7748,4225,6560,8866
3709,7787,7748,9989,5892,4375
3709,7787,7748,987,6897,8836
3709,7787,7748,1036,9202,6202
3709,7787,7748,7339,882,9925
3709,7787,7748,9825,5347,2066
3709,7787,7748,726,7058,793
3709,7787,7748,9031,2588,8431
3709,7787,7748,2034,6120,5159
3709,7787,7748,6716,9481,1014
3709,7787,7748,494,7513,659
3709,7787,7748,2613,5165,1945
3709,7787,7748,7997,8122,5624
3709,7787,7748,4153,9710,8945
3709,7787,7748,2308,9024,5633
3709,7787,7748,8011,3190,4724
3709,7787,7748,8914,6955,9792
3709,7787,7748,1710,9985,3158
3709,7787,7748,9778,5619,2682
3709,7787,7748,5651,9003,4221
3709,7787,7748,3074,1612,3382
3709,7787,7748,4268,1288,7559
3709,7787,7748,8801,1078,5534
3709,7787,7748,7783,7309,3705
3709,7787,7748,384,8846,9613
3709,7787,7748,9810,1902,424
3709,7787,7748,1566,4500,37
3709,7787,7748,5831,7389,4716
3709,7787,7748,453,3599,7765
3709,7787,7748,7561,8501,3907
3709,7787,7748,5621,1416,187
3709,7787,7748,8392,2106,701
3709,7787,7748,8444,4764,1619
3709,7787,7748,9646,2617,4805
3709,7787,7748,7456,1112,1784
3709,7787,7748,9209,51,6840
3709,7787,7748,3610,4378,4479
3709,7787,7748,2718,5364,9049
3709,7787,7748,4744,7410,6179
3709,7787,7748,2027,576,9338
3709,7787,7748,5661,9224,9633
3709,7787,7748,2995,14,564
3709,7787,7748,9425,370,2153
3709,7787,7748,9367,1756,9484
3709,7787,7748,2840,3568,8790
3709,7787,7748,3026,5333,2796
3709,7787,7748,8448,702,3840
3709,7787,7748,8133,2853,2489
3709,7787,7748,493,6940,4405
3709,7787,7748,8425,626,8622
3709,7787,7748,5229,9004,5054
3709,7787,7748,291,3787,9924
3709,7787,7748,513,4788,4634
3709,7787,7748,3896,5824,2248
3709,7787,7748,3195,9485,7085
3709,7787,7748,5148,9577,4365
3709,7787,7748,7812,974,3793
3709,7787,7748,5622,4746,9150
3709,7787,7748,9606,9368,9073
3709,7787,7748,8455,6012,7678
3709,7787,7748,2907,622,8161
3709,7787,7748,7265,6273,8209
3709,7787,7748,5294,7278,3255
3709,7787,7748,9438,9945,5423
3709,7787,7748,448,5177,1113
3709,7787,7748,8219,3547,1152
3709,7787,7748,2083,1560,7828
3709,7787,7748,4562,4531,3197
3709,7787,7748,6295,3778,6352
3709,7787,7748,7842,7062,8184
3709,7787,7748,3209,7028,3379
3709,7787,7748,8989,2033,2616
3709,7787,7748,421,4749,8521
3709,7787,7748,8161,5615,8049
3709,7787,7748,4922,6391,4456
3709,7787,7748,496,5600,170
3709,7787,7748,1710,4263,7287
3709,7787,7748,352,1275,302
3709,7787,7748,6074,6494,2322
3709,7787,7748,6581,7279,6681
3709,7787,7748,7213,5459,8329
3709,7787,7748,9636,7193,355
3709,7787,7748,4941,7468,6999
3709,7787,7748,6720,1775,5227
3709,7787,7748,9156,7455,706
3709,7787,7748,8914,6688,405
3709,7787,7748,1156,5758,8530
3709,7787,7748,7772,5170,6421
3709,7787,7748,1355,1712,994
3709,7787,7748,8694,2665,513
3709,7787,7748,318,8676,5495
3709,7787,7748,8616,5471,1694
3709,7787,7748,1595,6296,2431
3709,7787,7748,4831,6887,1927
3709,7787,7748,8012,753,2117
3709,7787,7748,7827,3374,4020
3709,7787,7748,7467,7260,8108
3709,7787,7748,5264,3464,7792
3709,7787,7748,3427,1639,6807
3709,7787,7748,6627,3325,1822
