1112,1585,540,2562,2231,787
1112,1585,540,6076,5932,6322
1112,1585,540,680,3088,751
1112,1585,540,7367,7931,5291
1112,1585,540,1087,9401,415
1112,1585,540,9432,1533,9923
1112,1585,540,7210,4694,9749
1112,1585,540,9226,7874,5988
1112,1585,540,5531,4751,3549
1112,1585,540,2525,7907,8256
1112,1585,540,9588,4281,5892
1112,1585,540,9594,3917,5107
1112,1585,540,3951,4463,4338
1112,1585,540,5427,7911,4388
1112,1585,540,2607,2051,1069
1112,1585,540,3520,5389,5567
1112,1585,540,4128,1019,5608
1112,1585,540,6665,4035,1766
1112,1585,540,4043,302,8940
1112,1585,540,2836,2755,9111
1112,1585,540,5719,7799,5789
1112,1585,540,307,3512,3231
1112,1585,540,7702,7683,5383
1112,1585,540,2569,2846,6728
1112,1585,540,6323,4072,7145
1112,1585,540,6104,8278,4032
1112,1585,540,2762,1180,1533
1112,1585,540,1275,4940,5765
1112,1585,540,494,9501,9165
1112,1585,540,7474,5459,6824
1112,1585,540,7216,4106,4936
1112,1585,540,8858,2256,2533
1112,1585,540,1869,269,7204
1112,1585,540,5608,7916,1812
1112,1585,540,3479,2892,573
1112,1585,540,8583,4116,2051
1112,1585,540,333,3950,7036
1112,1585,540,6887,9564,189
1112,1585,540,1253,2210,8001
1112,1585,540,1550,6778,9754
1112,1585,540,3419,727,8684
1112,1585,540,4453,7897,6903
1112,1585,540,4200,1636,5474
1112,1585,540,5319,7361,7102
1112,1585,540,8982,4883,2621
1112,1585,540,8179,5123,6015
1112,1585,540,1458,6315,4042
1112,1585,540,4093,7585,858
1112,1585,540,714,1374,7246
1112,1585,540,745,7267,1875
1112,1585,540,1985,461,381
1112,1585,540,2735,6025,5661
1112,1585,540,4047,7242,817
1112,1585,540,2871,1296,1433
1112,1585,540,8623,8894,5279
1112,1585,540,4187,1707,5093
1112,1585,540,1883,2293,8375
1112,1585,540,7101,1941,6551
1112,1585,540,6205,2108,9522
1112,1585,540,3238,5638,9713
1112,1585,540,5808,3824,348
1112,1585,540,203,3223,1155
1112,1585,540,841,7792,1293
1112,1585,540,8657,6416,9850
1112,1585,540,2188,223,71
1112,1585,540,4413,9775,4130
1112,1585,540,4894,9574,9122
1112,1585,540,4077,212,2587
1112,1585,540,9091,8198,3526
1112,1585,540,2010,3096,4684
1112,1585,540,2,2956,3580
1112,1585,540,2296,1454,9640
1112,1585,540,1370,6132,8705
1112,1585,540,8795,6210,3750
1112,1585,540,4099,2408,6820
1112,1585,540,3903,3972,8800
1112,1585,540,2005,90,8067
1112,1585,540,5643,8866,3592
1112,1585,540,5903,9371,4379
1112,1585,540,3539,5787,6342
1112,1585,540,4328,2419,2304
1112,1585,540,8421,9944,4906
1112,1585,540,6718,2485,7646
1112,1585,540,6197,4013,2648
1112,1585,540,5704,4277,1654
1112,1585,540,7922,12,3250
1112,1585,540,8880,5401,3983
1112,1585,540,1772,381,3201
1112,1585,540,9654,5530,6544
1112,1585,540,7570,9936,8397
1112,1585,540,9093,3115,7030
1112,1585,540,3567,2492,4687
1112,1585,540,3452,1535,7739
1112,1585,540,7498,886,5219
1112,1585,540,3998,9454,2141
1112,1585,540,8561,3237,7784
1112,1585,540,8218,8869,4980
1112,1585,540,4485,5592,4330
1112,1585,540,4172,5000,9953
1112,1585,540,5878,61,6960
1112,1585,540,8283,7812,4045
1112,1585,540,6327,3457,3131
1112,1585,540,2949,2639,825
1112,1585,540,9957,2711,5019
1112,1585,540,2950,8494,2811
1112,1585,540,8975,2867,9289
1112,1585,540,5417,1654,5396
1112,1585,540,237,2878,494
1112,1585,540,2636,1420,3884
1112,1585,540,9198,5049,3905
1112,1585,540,3489,852,6516
1112,1585,540,6665,3830,7150
1112,1585,540,4066,3225,9803
1112,1585,540,7998,6579,1991
1112,1585,540,6924,8197,5329
1112,1585,540,8151,7223,5336
1112,1585,540,245,2623,6852
1112,1585,540,1473,1874,1588
1112,1585,540,4325,2303,7620
1112,1585,540,636,5531,4336
1112,1585,540,3240,9592,544
1112,1585,540,1299,2541,197
1112,1585,540,9939,6157,1793
1112,1585,540,7460,6432,8991
1112,1585,540,2911,7609,2880
1112,1585,540,3060,4467,2029
1112,1585,540,4549,2716,7182
1112,1585,540,7383,7732,5401
1112,1585,540,9299,6640,4238
1112,1585,540,9860,5042,8708
1112,1585,540,8691,5583,4418
1112,1585,540,5012,839,3901
1112,1585,540,3234,1850,7025
1112,1585,540,1903,2898,1406
1112,1585,540,1395,6271,6734
1112,1585,540,6618,7249,47
1112,1585,540,213,1061,7590
1112,1585,540,5439,6093,146
1112,1585,540,3142,7209,6111
1112,1585,540,5564,2503,1667
1112,1585,540,6774,3391,1192
1112,1585,540,6632,112,3610
1112,1585,540,9001,5317,4082
1112,1585,540,9636,2457,4063
1112,1585,540,171,361,8258
1112,1585,540,6584,8319,451
1112,1585,540,2836,863,1609
1112,1585,540,2009,9637,433
1112,1585,540,6112,1519,9415
1112,1585,540,6387,5886,8941
1112,1585,540,9225,5427,1360
1112,1585,540,2990,3895,419
1112,1585,540,6216,1265,7864
1112,1585,540,6844,1033,9830
1112,1585,540,4425,8323,533
1112,1585,540,9970,2578,6533
1112,1585,540,331,9103,4144
1112,1585,540,3838,9341,1154
1112,1585,540,6777,6242,2369
1112,1585,540,7228,6283,1833
1112,1585,540,7276,1492,2995
1112,1585,540,8141,6940,5782
1112,1585,540,7368,7161,6881
1112,1585,540,8197,219,7465
1112,1585,540,9511,2727,1786
1112,1585,540,9360,7176,3062
1112,1585,540,3753,1177,7396
1112,1585,540,6280,3344,8639
1112,1585,540,6595,5490,2147
1112,1585,540,8717,7817,6858
1112,1585,540,5844,575,1409
1112,1585,540,359,1832,5057
1112,1585,540,3769,2761,9737
1112,1585,540,7384,3253,4322
1112,1585,540,4625,8656,7505
1112,1585,540,2470,6794,5285
1112,1585,540,5004,4743,7530
1112,1585,540,6252,1440,3735
1112,1585,540,924,1932,6593
1112,1585,540,7032,7468,1105
1112,1585,540,8506,9872,8384
1112,1585,540,8705,9542,4818
1112,1585,540,7910,3769,6839
1112,1585,540,9225,8301,6888
1112,1585,540,426,9482,4372
1112,1585,540,4047,3967,7293
1112,1585,540,8482,3688,2777
1112,1585,540,460,7701,9529
1112,1585,540,34,9804,5955
1112,1585,540,250,1760,317
1112,1585,540,6830,7590,3561
1112,1585,540,4946,1214,9002
1112,1585,540,1678,5644,4958
1112,1585,540,6867,4863,6129
1112,1585,540,8299,3466,8956
1112,1585,540,1712,7003,3007
1112,1585,540,8825,4406,7852
1112,1585,540,9163,2083,9089
1112,1585,540,6312,1199,3730
1112,1585,540,5728,3977,6742
1112,1585,540,7409,8409,6387
1112,1585,540,4448,2927,7090
1112,1585,540,337,4802,7611
1112,1585,540,1595,7608,23
1112,1585,540,1506,5985,9749
1112,1585,540,5257,6741,1475
1112,1585,540,9422,6921,9382
1112,1585,540,705,1263,2425
1112,1585,540,3800,4387,892
1112,1585,540,4776,9629,8359
1112,1585,540,5877,4632,2745
1112,1585,540,4538,904,5751
1112,1585,540,8728,2192,9724
1112,1585,540,1626,2,2313
1112,1585,540,8492,799,8681
1112,1585,540,7447,8997,6842
1112,1585,540,6836,5012,8949
1112,1585,540,1837,7552,8904
1112,1585,540,9454,7382,7069
1112,1585,540,6074,5589,236
1112,1585,540,5336,936,6543
1112,1585,540,1834,5032,9817
1112,1585,540,536,6681,5772
1112,1585,540,4456,1769,5349
1112,1585,540,6655,5892,7576
1112,1585,540,9353,7468,7663
1112,1585,540,6467,5599,4266
1112,1585,540,6096,2136,4604
1112,1585,540,4266,8984,6333
1112,1585,540,7936,1731,70
1112,1585,540,694,9853,1002
1112,1585,540,4552,8829,7951
1112,1585,540,2425,4408,4452
1112,1585,540,4911,7535,7727
1112,1585,540,6726,1363,2367
1112,1585,540,995,2499,4471
1112,1585,540,6798,1178,4523
1112,1585,540,2273,1214,940
1112,1585,540,8730,3211,4711
1112,1585,540,6656,3988,1361
1112,1585,540,9183,3256,6870
1112,1585,540,4105,956,4173
1112,1585,540,813,3793,8609
1112,1585,540,4784,1457,6082
1112,1585,540,8054,4900,9293
1112,1585,540,8914,5960,4433
1112,1585,540,59,1513,1910
1112,1585,540,9829,5838,4543
1112,1585,540,4454,716,9573
1112,1585,540,1986,1031,4192
1112,1585,540,6097,4657,490
1112,1585,540,4938,4520,7044
1112,1585,540,6669,9952,534
1112,1585,540,6242,8553,7967
1112,1585,540,4225,9496,1743
1112,1585,540,7119,65,4558
1112,1585,540,1991,1127,7623
1112,1585,540,5670,1654,545
1112,1585,540,3244,4518,3306
1112,1585,540,9385,4563,2877
1112,1585,540,9895,6107,1858
1112,1585,540,5608,6457,1470
1112,1585,540,6000,365,9018
1112,1585,540,8779,9411,1308
1112,1585,540,6060,9397,239
1112,1585,540,350,9918,1333
1112,1585,540,9053,6199,1164
1112,1585,540,5226,0,6054
1112,1585,540,167,4964,9812
1112,1585,540,14,8771,5892
1112,1585,540,2097,4027,2404
1112,1585,540,1231,9715,5442
1112,1585,540,3301,8169,235
1112,1585,540,1542,2461,7595
1112,1585,540,3429,2825,2156
1112,1585,540,1034,5261,6519
1112,1585,540,7675,6863,9722
1112,1585,540,7314,38,5754
1112,1585,540,6246,3744,4955
1112,1585,540,1529,686,7109
1112,1585,540,2092,3560,9642
1112,1585,540,8750,7517,5624
1112,1585,540,3737,5125,1644
1112,1585,540,9474,4782,4197
1112,1585,540,4702,2635,6256
1112,1585,540,1209,5553,4456
1112,1585,540,7323,8623,1812
1112,1585,540,2980,5914,8522
1112,1585,540,208,4504,3294
1112,1585,540,7712,6111,9408
1112,1585,540,9474,3735,194
1112,1585,540,4127,9329,8564
1112,1585,540,3200,5095,4120
1112,1585,540,3258,5717,3172
1112,1585,540,9499,7627,6090
1112,1585,540,9058,1979,5690
1112,1585,540,2876,6331,4834
1112,1585,540,6516,5857,5001
1112,1585,540,4967,4744,1405
1112,1585,540,2768,5988,3324
1112,1585,540,9774,3824,9626
1112,1585,540,9153,258,5739
1112,1585,540,2224,2316,7063
1112,1585,540,6131,9268,2202
1112,1585,540,9114,2874,1698
1112,1585,540,3478,3737,5721
1112,1585,540,358,7697,9600
1112,1585,540,8902,6575,728
1112,1585,540,3975,16,2623
1112,1585,540,8912,8665,6291
1112,1585,540,9341,7669,2728
1112,1585,540,9674,7129,9082
1112,1585,540,6841,3148,1150
1112,1585,540,3388,2282,7801
1112,1585,540,5506,4445,9398
1112,1585,540,8073,1832,4514
1112,1585,540,473,341,331
1112,1585,540,4762,7506,399
1112,1585,540,8246,1110,4948
1112,1585,540,3303,7393,6371
1112,1585,540,2047,3088,6405
1112,1585,540,8804,4485,6852
1112,1585,540,4961,1800,603
1112,1585,540,1866,809,2188
1112,1585,540,9481,3131,7022
1112,1585,540,3962,8463,3238
1112,1585,540,7698,816,4486
1112,1585,540,3826,5747,1762
1112,1585,540,8541,7510,3864
1112,1585,540,3665,9908,8968
1112,1585,540,1300,5047,1512
1112,1585,540,9486,1607,1258
1112,1585,540,3735,9250,5327
1112,1585,540,490,2518,1286
1112,1585,540,3509,3513,2027
1112,1585,540,9031,5881,1343
1112,1585,540,3908,5882,9974
1112,1585,540,242,5673,8803
1112,1585,540,4243,3756,5187
1112,1585,540,7483,3997,2719
1112,1585,540,2313,4514,1164
1112,1585,540,6307,2464,3916
1112,1585,540,8319,4967,7178
1112,1585,540,9783,2577,582
1112,1585,540,4286,671,5155
1112,1585,540,1048,525,3804
1112,1585,540,7659,4698,476
1112,1585,540,5795,590,1716
1112,1585,540,7277,3801,1587
1112,1585,540,4589,4791,3378
1112,1585,540,998,5312,1391
1112,1585,540,1805,7058,6973
1112,1585,540,6172,6204,8953
1112,1585,540,5836,3225,8304
1112,1585,540,2043,7936,4528
1112,1585,540,6286,7118,5952
1112,1585,540,9357,2923,9310
1112,1585,540,7856,7119,2976
1112,1585,540,9492,5218,7769
1112,1585,540,5945,6720,9743
1112,1585,540,8253,3850,8643
1112,1585,540,9039,257,2226
1112,1585,540,5109,958,4094
1112,1585,540,3820,4686,4853
1112,1585,540,6210,5249,1127
1112,1585,540,4191,9533,298
1112,1585,540,4839,9052,9461
1112,1585,540,9169,5104,3272
1112,1585,540,597,3000,2849
1112,1585,540,8914,3112,655
1112,1585,540,9020,9561,2944
1112,1585,540,6561,123,8607
1112,1585,540,9668,122,3958
1112,1585,540,7735,5209,87
1112,1585,540,6339,6179,5765
1112,1585,540,2780,2293,795
1112,1585,540,7898,4075,3403
1112,1585,540,6046,3975,1008
1112,1585,540,5874,8696,6071
1112,1585,540,8042,7515,4081
1112,1585,540,6330,7438,1960
1112,1585,540,7009,800,6425
1112,1585,540,6139,4753,2137
1112,1585,540,7195,5272,2585
1112,1585,540,3728,8294,5464
1112,1585,540,4559,5833,4898
1112,1585,540,3987,2352,818
1112,1585,540,1084,4738,2003
1112,1585,540,4696,2119,1726
1112,1585,540,9912,3945,3472
1112,1585,540,3697,2846,692
1112,1585,540,7267,7900,6601
1112,1585,540,8470,1012,6439
1112,1585,540,8638,7076,7618
1112,1585,540,642,9081,5199
1112,1585,540,1264,3849,9276
1112,1585,540,791,726,4248
1112,1585,540,4338,7343,952
1112,1585,540,7672,3180,7096
1112,1585,540,3461,6981,2641
1112,1585,540,6145,9329,5733
1112,1585,540,6957,5595,8218
1112,1585,540,2218,3541,473
1112,1585,540,3731,2839,5085
1112,1585,540,6292,4908,1180
1112,1585,540,5786,3292,3329
1112,1585,540,3235,2320,8768
1112,1585,540,5413,2258,3376
1112,1585,540,3116,5288,8044
1112,1585,540,8139,9110,810
1112,1585,540,7501,2677,805
1112,1585,540,11,3823,1524
1112,1585,540,8513,4858,3488
1112,1585,540,2956,4441,5527
1112,1585,540,1373,8047,8366
1112,1585,540,8723,9961,5192
1112,1585,540,366,4509,6178
1112,1585,540,1729,5016,9086
1112,1585,540,1784,9425,3805
1112,1585,540,1134,7067,8335
1112,1585,540,8756,818,2701
1112,1585,540,856,8551,2663
1112,1585,540,5738,93,1797
1112,1585,540,3726,7289,2579
1112,1585,540,7181,6530,2383
1112,1585,540,9527,1222,6359
1112,1585,540,7462,3356,6562
1112,1585,540,4645,2240,2382
1112,1585,540,4135,688,1189
1112,1585,540,3263,9061,4325
1112,1585,540,5133,6153,1226
1112,1585,540,3311,2883,3033
1112,1585,540,3949,2705,7322
1112,1585,540,8705,2026,1488
1112,1585,540,6860,3365,2541
1112,1585,540,7297,7601,6130
1112,1585,540,6808,4469,8771
1112,1585,540,9607,5906,8960
1112,1585,540,8557,2246,2067
1112,1585,540,2327,6425,7768
1112,1585,540,7640,165,1722
1112,1585,540,6419,2065,4291
1112,1585,540,6939,4602,1799
1112,1585,540,2080,9730,9417
1112,1585,540,4487,7025,7981
1112,1585,540,5717,9331,6759
1112,1585,540,7311,3373,9374
1112,1585,540,2240,2411,9394
1112,1585,540,7717,6800,9544
1112,1585,540,9331,9091,6621
1112,1585,540,1952,6632,1978
1112,1585,540,797,7510,3210
1112,1585,540,9318,6530,6751
1112,1585,540,7857,5346,1703
1112,1585,540,9788,8218,4520
1112,1585,540,4830,7932,6090
1112,1585,540,4243,6239,3441
1112,1585,540,3312,8593,8820
1112,1585,540,8790,169,5009
1112,1585,540,9367,5017,2712
1112,1585,540,5041,1539,6513
1112,1585,540,9329,6089,3401
1112,1585,540,9339,437,2549
1112,1585,540,5184,3832,8804
1112,1585,540,2572,932,4918
1112,1585,540,3470,9402,8022
1112,1585,540,8990,9998,9174
1112,1585,540,3705,5171,1302
1112,1585,540,5701,331,2703
1112,1585,540,9618,1443,6591
1112,1585,540,2053,6715,926
1112,1585,540,2351,7126,4598
1112,1585,540,9668,1273,3585
1112,1585,540,7431,8407,2089
1112,1585,540,7260,7306,3339
1112,1585,540,173,9037,4442
1112,1585,540,5212,5117,9242
1112,1585,540,2153,4908,6248
1112,1585,540,5575,7942,4768
1112,1585,540,2224,859,7980
1112,1585,540,8801,9189,3098
1112,1585,540,4853,9526,2919
1112,1585,540,9005,5569,6611
1112,1585,540,9559,4034,5055
1112,1585,540,2536,2906,4932
1112,1585,540,3440,9207,3742
1112,1585,540,4086,5748,1797
1112,1585,540,8280,7916,4392
1112,1585,540,6740,1718,9998
1112,1585,540,2299,6989,7677
1112,1585,540,7784,5694,2709
1112,1585,540,5836,6460,3393
1112,1585,540,6698,7360,1254
1112,1585,540,169,1889,4931
1112,1585,540,3554,5756,5303
1112,1585,540,6191,1804,8849
1112,1585,540,3816,2619,2263
1112,1585,540,4335,4874,8862
1112,1585,540,8048,3670,7561
1112,1585,540,3980,3300,7384
1112,1585,540,4420,4865,2412
1112,1585,540,3552,3508,4150
1112,1585,540,2252,5769,1687
1112,1585,540,1323,943,9936
1112,1585,540,5289,9351,1063
1112,1585,540,7377,1720,7765
1112,1585,540,5760,5884,1631
1112,1585,540,7458,4453,1013
1112,1585,540,2989,1182,1505
1112,1585,540,282,5315,9771
