3709,7787,7748,3320,7390,6433
3709,7787,7748,214,3435,8038
3709,7787,7748,994,5023,1227
3709,7787,7748,9561,957,1850
3709,7787,7748,352,2658,7260
3709,7787,7748,2808,6402,6134
3709,7787,7748,3855,1498,1761
3709,7787,7748,9281,2298,9802
3709,7787,7748,5315,6933,6125
3709,7787,7748,8818,5356,2488
3709,7787,7748,1736,2556,9888
3709,7787,7748,5871,6030,7276
3709,7787,7748,1938,2059,4576
3709,7787,7748,3672,7138,3295
3709,7787,7748,6117,724,5875
3709,7787,7748,6916,1718,1450
3709,7787,7748,6355,1563,7322
3709,7787,7748,9699,13,3132
3709,7787,7748,4438,2200,6376
3709,7787,7748,3050,2090,3406
3709,7787,7748,3808,9290,2330
3709,7787,7748,7446,7494,3555
3709,7787,7748,482,3559,7260
3709,7787,7748,9257,9455,4520
3709,7787,7748,7694,6295,1186
3709,7787,7748,5578,8051,9295
3709,7787,7748,9839,6222,990
3709,7787,7748,7970,6561,281
3709,7787,7748,2695,817,929
3709,7787,7748,1306,6572,4758
3709,7787,7748,3664,6240,9148
3709,7787,7748,2354,3866,4421
3709,7787,7748,499,6970,6734
3709,7787,7748,4432,1984,2100
3709,7787,7748,9369,9925,6448
3709,7787,7748,3335,8944,4621
3709,7787,7748,4738,9866,1092
3709,7787,7748,548,6331,5418
3709,7787,7748,4495,1137,5182
3709,7787,7748,448,7420,1240
3709,7787,7748,1497,3580,8316
3709,7787,7748,4777,8438,2679
3709,7787,7748,8797,8214,5062
3709,7787,7748,2922,9929,1874
3709,7787,7748,1949,5133,6574
3709,7787,7748,1316,7337,6941
3709,7787,7748,1503,2282,1649
3709,7787,7748,9541,1715,5486
3709,7787,7748,1569,9060,1707
3709,7787,7748,1769,4970,9411
3709,7787,7748,5826,6925,1391
3709,7787,7748,8754,964,6931
3709,7787,7748,3745,7856,2601
3709,7787,7748,7074,441,4908
3709,7787,7748,5652,4650,5464
3709,7787,7748,7232,3287,8837
3709,7787,7748,5922,8569,961
3709,7787,7748,7093,5955,507
3709,7787,7748,2245,9213,4731
3709,7787,7748,202,8091,1786
3709,7787,7748,5689,3120,1497
3709,7787,7748,9443,3663,9542
3709,7787,7748,2987,8987,1002
3709,7787,7748,2219,1662,2152
3709,7787,7748,4550,9901,544
3709,7787,7748,2368,6279,5176
3709,7787,7748,7350,1030,5187
3709,7787,7748,2029,119,3932
3709,7787,7748,8590,7663,2051
3709,7787,7748,596,1167,6356
3709,7787,7748,9523,5040,735
3709,7787,7748,9860,1245,9481
3709,7787,7748,6415,9456,3117
3709,7787,7748,9427,198,3875
3709,7787,7748,6456,1416,9254
3709,7787,7748,9982,5944,9970
3709,7787,7748,2319,4059,1670
3709,7787,7748,7410,5557,74
3709,7787,7748,3121,9133,5399
3709,7787,7748,1202,5344,3167
3709,7787,7748,1994,3062,6447
3709,7787,7748,2577,7743,8622
3709,7787,7748,6194,74,2343
3709,7787,7748,6566,4430,6380
3709,7787,7748,8108,7929,4517
3709,7787,7748,420,2074,6516
3709,7787,7748,177,8260,7599
3709,7787,7748,93,5441,8926
3709,7787,7748,6536,9197,6169
3709,7787,7748,2117,3743,2359
3709,7787,7748,4166,212,4278
3709,7787,7748,4419,1297,158
3709,7787,7748,5900,90,9036
3709,7787,7748,9887,3343,1895
3709,7787,7748,1572,9612,4007
3709,7787,7748,118,6553,5453
3709,7787,7748,9810,5636,2818
3709,7787,7748,1918,181,2706
3709,7787,7748,497,9141,6579
3709,7787,7748,826,4634,6660
3709,7787,7748,5497,2451,6392
3709,7787,7748,7827,2540,7831
3709,7787,7748,9706,7824,8427
3709,7787,7748,8179,3663,9035
3709,7787,7748,5490,1253,7594
3709,7787,7748,5348,3326,9896
3709,7787,7748,1545,4603,2063
3709,7787,7748,3033,3763,3273
3709,7787,7748,6853,9813,5136
3709,7787,7748,5473,8110,6138
3709,7787,7748,1318,5137,6887
3709,7787,7748,1858,5031,4773
3709,7787,7748,341,3139,4855
3709,7787,7748,2954,4670,6863
3709,7787,7748,5951,5146,8256
3709,7787,7748,3784,238,6430
3709,7787,7748,2915,3900,3343
3709,7787,7748,8770,2106,8196
3709,7787,7748,545,7071,8942
3709,7787,7748,6986,6030,6831
3709,7787,7748,5391,782,7083
3709,7787,7748,1628,98,2291
3709,7787,7748,9006,2460,7011
3709,7787,7748,3532,9444,8614
3709,7787,7748,3028,19,167
3709,7787,7748,6867,567,3660
3709,7787,7748,2940,7744,5910
3709,7787,7748,9970,6529,875
3709,7787,7748,880,5215,9889
3709,7787,7748,719,9752,6573
3709,7787,7748,1119,4539,6162
3709,7787,7748,7541,4504,7714
3709,7787,7748,657,5469,3364
3709,7787,7748,6040,8765,9752
3709,7787,7748,5890,6750,2127
3709,7787,7748,874,59,4078
3709,7787,7748,4636,7992,6649
3709,7787,7748,5911,7625,3694
3709,7787,7748,548,5019,5372
3709,7787,7748,5484,9938,1216
3709,7787,7748,1765,8259,6291
3709,7787,7748,8598,7204,7831
3709,7787,7748,3890,7113,3343
3709,7787,7748,9697,5293,2676
3709,7787,7748,2523,5004,7685
3709,7787,7748,2074,6365,8772
3709,7787,7748,8799,7708,5253
3709,7787,7748,542,8524,8277
3709,7787,7748,263,6879,7418
3709,7787,7748,6788,3090,4800
3709,7787,7748,3501,5684,9783
3709,7787,7748,6331,1660,1533
3709,7787,7748,734,5733,8008
3709,7787,7748,1169,334,7453
3709,7787,7748,4950,8198,96
3709,7787,7748,8857,8978,8359
3709,7787,7748,8619,6925,6842
3709,7787,7748,5180,385,6557
3709,7787,7748,3603,3496,9733
3709,7787,7748,2864,942,6242
3709,7787,7748,9835,7773,602
3709,7787,7748,4770,884,850
3709,7787,7748,3011,4352,7677
3709,7787,7748,9504,2414,6106
3709,7787,7748,2519,4909,8860
3709,7787,7748,9054,5846,8304
3709,7787,7748,8545,301,9186
3709,7787,7748,1800,4333,1148
3709,7787,7748,5082,3384,5793
3709,7787,7748,8692,5587,3463
3709,7787,7748,4110,685,617
3709,7787,7748,5829,8009,8569
3709,7787,7748,4634,8468,9315
3709,7787,7748,1452,8512,3451
3709,7787,7748,1256,8975,3010
3709,7787,7748,8426,2744,1573
3709,7787,7748,7963,9977,3371
3709,7787,7748,6433,3554,3482
3709,7787,7748,5744,8178,5306
3709,7787,7748,4097,4790,8202
3709,7787,7748,2295,6584,6918
3709,7787,7748,4429,2212,3026
3709,7787,7748,7495,3556,1990
3709,7787,7748,2825,4324,3823
3709,7787,7748,8852,4064,9752
3709,7787,7748,9989,1392,537
3709,7787,7748,2301,6241,5955
3709,7787,7748,4424,625,1924
3709,7787,7748,8270,9831,9336
3709,7787,7748,7021,7532,6103
3709,7787,7748,444,2714,9811
3709,7787,7748,5164,1011,8635
3709,7787,7748,9156,3895,7060
3709,7787,7748,1742,421,5975
3709,7787,7748,4254,2572,4766
3709,7787,7748,6498,3224,6776
3709,7787,7748,8309,3990,4502
3709,7787,7748,1720,9014,2036
3709,7787,7748,8474,7317,2106
3709,7787,7748,9466,2891,4981
3709,7787,7748,4738,1680,4132
3709,7787,7748,494,5760,6796
3709,7787,7748,3961,4615,3817
3709,7787,7748,4470,9794,5449
3709,7787,7748,9887,174,891
3709,7787,7748,7497,6335,5313
3709,7787,7748,3895,3945,6157
3709,7787,7748,956,5751,7128
3709,7787,7748,8431,5925,4196
3709,7787,7748,6580,2680,9905
3709,7787,7748,6713,2505,7370
3709,7787,7748,4297,9446,8213
3709,7787,7748,3699,7119,6829
3709,7787,7748,5063,7187,1543
3709,7787,7748,5417,1854,9340
3709,7787,7748,4225,3751,5709
3709,7787,7748,3915,2051,9910
3709,7787,7748,6722,7702,299
3709,7787,7748,7340,9754,6869
3709,7787,7748,9693,1938,9221
3709,7787,7748,9938,5032,6419
3709,7787,7748,4617,421,8218
3709,7787,7748,5866,7385,8380
3709,7787,7748,6835,1365,9819
3709,7787,7748,1866,2445,2984
3709,7787,7748,5613,5181,9895
3709,7787,7748,6582,1259,1845
3709,7787,7748,584,9680,8822
3709,7787,7748,8906,2173,8833
3709,7787,7748,6406,8951,1869
3709,7787,7748,9133,6329,9699
3709,7787,7748,9382,8116,4901
3709,7787,7748,9796,2813,3906
3709,7787,7748,916,1401,1718
3709,7787,7748,7273,629,7926
3709,7787,7748,2762,8432,3399
3709,7787,7748,4829,7777,9965
3709,7787,7748,8852,5933,8227
3709,7787,7748,7667,3321,2926
3709,7787,7748,3911,3061,8058
3709,7787,7748,8980,9045,8235
3709,7787,7748,7936,4362,7141
3709,7787,7748,9331,2168,8595
3709,7787,7748,7718,4028,1523
3709,7787,7748,2000,4076,3403
3709,7787,7748,2918,2053,9971
3709,7787,7748,1120,8684,2242
3709,7787,7748,794,9055,5320
3709,7787,7748,1626,1088,4116
3709,7787,7748,9915,4806,5693
3709,7787,7748,4744,8119,1068
3709,7787,7748,6469,2240,276
3709,7787,7748,7692,2283,3117
3709,7787,7748,4279,4566,7293
3709,7787,7748,5164,6439,5784
3709,7787,7748,1237,2549,6238
3709,7787,7748,9565,7455,5226
3709,7787,7748,6277,9361,5764
3709,7787,7748,648,6564,9202
3709,7787,7748,8721,6224,1935
3709,7787,7748,841,1821,2865
3709,7787,7748,4000,2872,7341
3709,7787,7748,3649,7619,8136
3709,7787,7748,6955,369,7884
3709,7787,7748,7475,4851,3479
3709,7787,7748,8603,5070,4705
3709,7787,7748,6654,655,9711
3709,7787,7748,5531,4446,4943
3709,7787,7748,63,6425,3535
3709,7787,7748,8715,9925,5162
3709,7787,7748,3557,9765,6505
3709,7787,7748,1771,4519,6921
3709,7787,7748,931,6329,6125
3709,7787,7748,8292,5140,5303
3709,7787,7748,4230,5025,77
3709,7787,7748,7276,4276,3058
3709,7787,7748,9912,4169,4523
3709,7787,7748,3207,3836,6077
3709,7787,7748,9388,5184,7310
3709,7787,7748,3158,4637,157
3709,7787,7748,3542,356,1081
3709,7787,7748,3709,904,7934
3709,7787,7748,3602,100,7182
3709,7787,7748,8547,9317,9896
3709,7787,7748,478,3394,4570
3709,7787,7748,9491,8735,8030
3709,7787,7748,2762,3068,3671
3709,7787,7748,1905,3485,1050
3709,7787,7748,5763,940,6119
3709,7787,7748,7247,1728,9564
3709,7787,7748,5988,8081,5386
3709,7787,7748,122,1335,7092
3709,7787,7748,4688,9891,2041
3709,7787,7748,9016,4911,1388
3709,7787,7748,9903,9795,413
3709,7787,7748,8899,542,7560
3709,7787,7748,1154,3293,5801
3709,7787,7748,8202,9287,3395
3709,7787,7748,6509,6071,3952
3709,7787,7748,8271,5244,9193
3709,7787,7748,9356,1704,246
3709,7787,7748,5871,768,1107
3709,7787,7748,8539,9596,4203
3709,7787,7748,5389,4790,5442
3709,7787,7748,8042,6429,1475
3709,7787,7748,8023,6400,1467
3709,7787,7748,7517,8220,528
3709,7787,7748,2675,668,5377
3709,7787,7748,5760,1568,7075
3709,7787,7748,1576,2352,2907
3709,7787,7748,8611,9219,530
3709,7787,7748,8233,2143,5830
3709,7787,7748,5475,6450,1547
3709,7787,7748,2972,6943,5396
3709,7787,7748,7370,8946,7703
3709,7787,7748,2021,1449,4390
3709,7787,7748,6335,8558,9650
3709,7787,7748,5128,1913,5506
3709,7787,7748,4199,3240,3189
3709,7787,7748,1587,295,7205
3709,7787,7748,4396,7654,8704
3709,7787,7748,1283,5497,4556
3709,7787,7748,910,4105,6781
3709,7787,7748,8581,2559,5147
3709,7787,7748,1081,3977,7171
3709,7787,7748,1376,5654,1353
3709,7787,7748,320,2611,8948
3709,7787,7748,9213,9275,6368
3709,7787,7748,5584,6307,9242
3709,7787,7748,5692,5577,8461
3709,7787,7748,5034,9165,1089
3709,7787,7748,2121,1646,7713
3709,7787,7748,4976,7879,2969
3709,7787,7748,2020,7327,8422
3709,7787,7748,4386,8551,2779
3709,7787,7748,8749,7298,2834
3709,7787,7748,2260,126,4727
3709,7787,7748,7271,9818,6031
3709,7787,7748,9772,7039,4487
3709,7787,7748,2023,3941,6877
3709,7787,7748,6773,5992,8237
3709,7787,7748,8685,3319,5993
3709,7787,7748,6908,2381,7155
3709,7787,7748,2758,197,7463
3709,7787,7748,4130,344,7782
3709,7787,7748,2528,3546,1529
3709,7787,7748,6342,928,5141
3709,7787,7748,5379,3641,1328
3709,7787,7748,8384,486,8500
3709,7787,7748,4539,7607,5482
3709,7787,7748,1279,1001,9897
3709,7787,7748,7474,3211,9319
3709,7787,7748,697,7119,4149
3709,7787,7748,2233,9651,2146
3709,7787,7748,4928,8065,1233
3709,7787,7748,8437,4391,8906
3709,7787,7748,5875,4466,7452
3709,7787,7748,6116,6674,5002
3709,7787,7748,5419,9703,9807
3709,7787,7748,743,8595,8543
3709,7787,7748,2025,8472,4976
3709,7787,7748,6566,7147,6929
3709,7787,7748,4733,15,2184
3709,7787,7748,4609,7854,5069
3709,7787,7748,6803,3260,5141
3709,7787,7748,5521,2104,4707
3709,7787,7748,8395,7313,590
3709,7787,7748,4709,1173,6510
3709,7787,7748,6499,7039,8771
3709,7787,7748,9078,6742,7441
3709,7787,7748,6521,1514,1681
3709,7787,7748,1819,7796,1113
3709,7787,7748,9352,731,7009
3709,7787,7748,3813,3247,7546
3709,7787,7748,4487,1858,6556
3709,7787,7748,9225,6379,9829
3709,7787,7748,1352,1032,5922
3709,7787,7748,7681,8948,2679
3709,7787,7748,5150,6915,9641
3709,7787,7748,6735,5954,2420
3709,7787,7748,5980,6279,9851
3709,7787,7748,1766,1884,7543
3709,7787,7748,4064,2832,4253
3709,7787,7748,6245,3867,2288
3709,7787,7748,475,9776,3424
3709,7787,7748,9128,1295,7412
3709,7787,7748,2486,9776,6987
3709,7787,7748,903,5614,9568
3709,7787,7748,3988,4580,5423
3709,7787,7748,2707,7463,4141
3709,7787,7748,6366,1088,6067
3709,7787,7748,8861,5908,274
3709,7787,7748,2684,3397,5668
3709,7787,7748,232,218,8977
3709,7787,7748,3175,8872,577
3709,7787,7748,4928,3344,3432
3709,7787,7748,6118,6004,9056
3709,7787,7748,5795,7965,7065
3709,7787,7748,185,9722,466
3709,7787,7748,5763,8125,9321
3709,7787,7748,7489,9779,3437
3709,7787,7748,4886,7630,8695
3709,7787,7748,2008,4662,3094
3709,7787,7748,3019,2260,9754
3709,7787,7748,8968,5665,4268
3709,7787,7748,9288,6553,1820
3709,7787,7748,3472,501,2428
3709,7787,7748,4807,7557,4748
3709,7787,7748,3074,2183,4541
3709,7787,7748,5111,1306,5381
3709,7787,7748,6009,7374,8207
3709,7787,7748,7319,8973,789
3709,7787,7748,2533,7094,5484
3709,7787,7748,1243,6910,7397
3709,7787,7748,6034,4973,6678
3709,7787,7748,2067,9899,1647
3709,7787,7748,3913,3629,8430
3709,7787,7748,2952,827,3489
3709,7787,7748,6778,7866,5098
3709,7787,7748,2182,7329,5559
3709,7787,7748,8587,7595,763
3709,7787,7748,4465,7347,7563
3709,7787,7748,9140,5304,56
3709,7787,7748,1788,3926,6399
3709,7787,7748,8313,7021,8542
3709,7787,7748,5904,8716,6185
3709,7787,7748,6594,8273,4381
3709,7787,7748,6065,4391,6985
3709,7787,7748,7181,9474,8196
3709,7787,7748,1992,7691,445
3709,7787,7748,7970,1844,1852
3709,7787,7748,2398,6929,4278
3709,7787,7748,7302,1893,7114
3709,7787,7748,5203,7288,8689
3709,7787,7748,9045,1694,9551
3709,7787,7748,4883,2080,7446
3709,7787,7748,3819,1293,7371
3709,7787,7748,2857,3663,7166
3709,7787,7748,5337,7144,7183
3709,7787,7748,1886,1095,5062
3709,7787,7748,8321,77,5766
3709,7787,7748,2039,5559,2493
3709,7787,7748,6205,3935,1860
3709,7787,7748,4848,5210,24
3709,7787,7748,1438,949,2316
3709,7787,7748,5089,5759,4176
3709,7787,7748,9599,9293,6513
3709,7787,7748,9012,704,2305
3709,7787,7748,4534,7462,892
3709,7787,7748,1648,7049,5735
3709,7787,7748,8098,2426,3136
3709,7787,7748,3797,9075,4682
3709,7787,7748,615,3828,910
3709,7787,7748,22,8720,8053
3709,7787,7748,3391,9433,7173
3709,7787,7748,1188,6985,6692
3709,7787,7748,489,4674,6222
3709,7787,7748,1758,5447,18
3709,7787,7748,4796,7725,2136
3709,7787,7748,3622,4267,388
3709,7787,7748,550,482,5830
3709,7787,7748,6629,6533,2971
3709,7787,7748,7655,3423,1520
3709,7787,7748,7851,3519,1789
3709,7787,7748,3591,7876,6459
3709,7787,7748,2331,6924,7489
3709,7787,7748,4012,876,8081
3709,7787,7748,4114,2243,4927
3709,7787,7748,1046,9128,5448
3709,7787,7748,1966,6455,4921
3709,7787,7748,2569,540,9222
3709,7787,7748,225,3054,3431
3709,7787,7748,8320,1039,1832
3709,7787,7748,9581,6518,958
3709,7787,7748,5349,9781,1173
3709,7787,7748,2567,7347,9761
3709,7787,7748,7593,7148,6243
3709,7787,7748,4038,7326,1204
3709,7787,7748,1267,7247,1542
3709,7787,7748,3695,9728,4154
3709,7787,7748,8087,6427,4271
3709,7787,7748,7514,495,7190
3709,7787,7748,417,2355,5596
3709,7787,7748,9322,9159,9710
3709,7787,7748,123,770,7797
3709,7787,7748,8117,5271,4706
3709,7787,7748,2612,7391,9958
3709,7787,7748,7746,4663,8415
3709,7787,7748,2766,8235,8733
3709,7787,7748,3134,5853,9614
3709,7787,7748,3528,2140,9318
3709,7787,7748,7169,7684,1935
3709,7787,7748,666,4372,9817
3709,7787,7748,2403,8696,9369
3709,7787,7748,4650,5088,7582
3709,7787,7748,1251,1942,6524
3709,7787,7748,4978,6947,4031
3709,7787,7748,7198,9063,3222
3709,7787,7748,3941,7520,5915
3709,7787,7748,5313,981,2964
3709,7787,7748,530,1726,4928
3709,7787,7748,5972,8203,4229
3709,7787,7748,2268,3823,5493
3709,7787,7748,1803,4301,1214
3709,7787,7748,9975,3380,4990
3709,7787,7748,1122,2478,1924
3709,7787,7748,7171,9827,9737
3709,7787,7748,8466,5636,3339
3709,7787,7748,5155,3243,6537
3709,7787,7748,4122,7921,2052
