6853,2620,9686,68,876,6248
6853,2620,9686,8806,229,7430
6853,2620,9686,577,2378,6180
6853,2620,9686,4601,4072,8704
6853,2620,9686,4162,8364,3724
6853,2620,9686,2637,1410,8860
6853,2620,9686,1219,9931,7062
6853,2620,9686,4720,4092,4910
6853,2620,9686,1447,9984,5864
6853,2620,9686,762,4120,6449
6853,2620,9686,5551,5844,2566
6853,2620,9686,2200,5763,9636
6853,2620,9686,9939,2893,2345
6853,2620,9686,8479,2473,1124
6853,2620,9686,7241,1581,2083
6853,2620,9686,4155,6569,8
6853,2620,9686,197,9433,542
6853,2620,9686,9316,1714,3336
6853,2620,9686,4523,2676,5004
6853,2620,9686,1026,6628,2841
6853,2620,9686,8363,2365,7179
6853,2620,9686,2558,6715,5136
6853,2620,9686,9617,5627,2724
6853,2620,9686,8019,4248,7578
6853,2620,9686,369,220,7729
6853,2620,9686,7144,8510,6230
6853,2620,9686,3390,9422,1355
6853,2620,9686,7012,4557,7078
6853,2620,9686,4423,1353,723
6853,2620,9686,9796,2420,8601
6853,2620,9686,4819,1805,2230
6853,2620,9686,1934,9748,1751
6853,2620,9686,7682,5105,4226
6853,2620,9686,5387,9380,3759
6853,2620,9686,2731,6677,917
6853,2620,9686,5302,5742,7454
6853,2620,9686,1636,1093,7874
6853,2620,9686,9149,5590,9279
6853,2620,9686,6772,1009,1708
6853,2620,9686,412,6459,865
6853,2620,9686,102,1917,838
6853,2620,9686,1010,904,3876
6853,2620,9686,7687,5133,7441
6853,2620,9686,2358,1587,5284
6853,2620,9686,8662,1697,8956
6853,2620,9686,4251,4325,6383
6853,2620,9686,4353,3903,1419
6853,2620,9686,7264,3180,815
6853,2620,9686,2229,1681,9813
6853,2620,9686,1374,7900,8690
6853,2620,9686,8643,9062,398
6853,2620,9686,3275,3169,4093
6853,2620,9686,791,4228,229
6853,2620,9686,5116,7262,7411
6853,2620,9686,8321,4742,5116
6853,2620,9686,1110,9909,9867
6853,2620,9686,5775,2004,6334
6853,2620,9686,6995,4281,7418
6853,2620,9686,7615,9500,3273
6853,2620,9686,764,3467,3032
6853,2620,9686,9041,9386,7399
6853,2620,9686,880,368,3416
6853,2620,9686,9269,5894,9328
6853,2620,9686,8680,5116,29
6853,2620,9686,2874,2258,9896
6853,2620,9686,3795,1909,7492
6853,2620,9686,2357,1879,6989
6853,2620,9686,6918,4635,1905
6853,2620,9686,8339,4634,2678
6853,2620,9686,1610,2452,3253
6853,2620,9686,2771,8706,7428
6853,2620,9686,53,3450,4338
6853,2620,9686,6473,2315,9288
6853,2620,9686,3718,9494,7314
6853,2620,9686,6519,8962,5097
6853,2620,9686,8887,6153,1768
6853,2620,9686,3904,6696,4880
6853,2620,9686,8774,4971,7549
6853,2620,9686,7535,6731,581
6853,2620,9686,5626,3654,6376
6853,2620,9686,509,1233,8652
6853,2620,9686,4632,113,3712
6853,2620,9686,30,180,2104
6853,2620,9686,380,8666,6577
6853,2620,9686,5473,6806,9998
6853,2620,9686,2827,9326,322
6853,2620,9686,5822,9593,6022
6853,2620,9686,4076,4897,5911
6853,2620,9686,6491,5675,7715
6853,2620,9686,1903,554,6984
6853,2620,9686,6893,7566,6574
6853,2620,9686,5535,6944,3841
6853,2620,9686,7468,4,9185
6853,2620,9686,3307,5057,7245
6853,2620,9686,6780,3688,1162
6853,2620,9686,7462,7346,5355
6853,2620,9686,7548,848,970
6853,2620,9686,5109,4012,7084
6853,2620,9686,7021,8875,2205
6853,2620,9686,664,2198,9349
6853,2620,9686,2455,8398,2859
6853,2620,9686,6368,9284,4920
6853,2620,9686,2419,1027,7362
6853,2620,9686,1092,2297,6132
6853,2620,9686,284,9890,3676
6853,2620,9686,9081,9521,5271
6853,2620,9686,4443,3243,8129
6853,2620,9686,4739,2597,5539
6853,2620,9686,503,4718,3450
6853,2620,9686,6542,9463,3459
6853,2620,9686,2185,2519,1289
6853,2620,9686,2145,2651,190
6853,2620,9686,5076,9160,117
6853,2620,9686,9066,4801,5734
6853,2620,9686,8248,4020,1520
6853,2620,9686,6202,5810,8419
6853,2620,9686,468,1251,2747
6853,2620,9686,3282,282,3862
6853,2620,9686,4011,1859,2392
6853,2620,9686,744,797,5636
6853,2620,9686,7190,9123,222
6853,2620,9686,8328,3422,4151
6853,2620,9686,276,8299,4863
6853,2620,9686,9285,9512,8499
6853,2620,9686,3657,4561,402
6853,2620,9686,5407,5734,4337
6853,2620,9686,4474,8679,696
6853,2620,9686,1189,9757,9454
6853,2620,9686,4953,2726,3188
6853,2620,9686,343,7820,3756
6853,2620,9686,5718,125,4072
6853,2620,9686,7592,7276,2405
6853,2620,9686,7653,2395,7322
6853,2620,9686,4159,1689,1140
6853,2620,9686,307,5431,1691
6853,2620,9686,5703,5830,2619
6853,2620,9686,5670,9964,3518
6853,2620,9686,7899,2027,6213
6853,2620,9686,5557,1582,9584
6853,2620,9686,4846,3995,5722
6853,2620,9686,8013,7468,1868
6853,2620,9686,5615,677,1145
6853,2620,9686,654,8421,3927
6853,2620,9686,3367,3380,3849
6853,2620,9686,5118,9942,5392
6853,2620,9686,3178,4725,818
6853,2620,9686,3073,614,1687
6853,2620,9686,386,7022,4542
6853,2620,9686,9529,2390,2083
6853,2620,9686,1814,374,7328
6853,2620,9686,6396,9641,3038
6853,2620,9686,9240,8329,9967
6853,2620,9686,567,1929,4794
6853,2620,9686,6110,3647,8311
6853,2620,9686,8586,8708,5800
6853,2620,9686,9204,4616,3697
6853,2620,9686,1374,5505,2139
6853,2620,9686,1033,5998,1958
6853,2620,9686,7637,4482,1412
6853,2620,9686,7912,2567,202
6853,2620,9686,5991,9241,9830
6853,2620,9686,2892,1333,5293
6853,2620,9686,6397,9398,5635
6853,2620,9686,8652,7782,9059
6853,2620,9686,3597,9687,4633
6853,2620,9686,8661,4627,2539
6853,2620,9686,1131,7077,1528
6853,2620,9686,1477,5495,6322
6853,2620,9686,3266,1126,7318
6853,2620,9686,6522,3011,1758
6853,2620,9686,961,561,117
6853,2620,9686,351,9109,6183
6853,2620,9686,4228,6320,7857
6853,2620,9686,5715,5532,8729
6853,2620,9686,9373,3643,7655
6853,2620,9686,9565,8705,4113
6853,2620,9686,1774,4731,715
6853,2620,9686,3277,1076,4202
6853,2620,9686,2362,8092,6547
6853,2620,9686,7679,4906,7988
6853,2620,9686,5264,5053,9398
6853,2620,9686,9752,9785,2567
6853,2620,9686,2404,4676,2094
6853,2620,9686,1151,7008,2551
6853,2620,9686,7018,2048,1220
6853,2620,9686,3903,8869,6090
6853,2620,9686,192,8502,611
6853,2620,9686,6461,9335,5937
6853,2620,9686,382,2315,1564
6853,2620,9686,5546,6347,9488
6853,2620,9686,7483,4252,4555
6853,2620,9686,6632,9429,3988
6853,2620,9686,3615,7149,2542
6853,2620,9686,2145,6558,5136
6853,2620,9686,4459,6464,7679
6853,2620,9686,9896,9185,1099
6853,2620,9686,8542,8638,6302
6853,2620,9686,1871,139,6156
6853,2620,9686,1247,5482,5487
6853,2620,9686,3561,3359,9229
6853,2620,9686,3166,8073,1014
6853,2620,9686,1557,9212,6417
6853,2620,9686,9360,6138,2611
6853,2620,9686,8139,1753,3516
6853,2620,9686,4337,6578,872
6853,2620,9686,6551,7120,9016
6853,2620,9686,6183,7340,9706
6853,2620,9686,2905,1244,8059
6853,2620,9686,423,9008,1325
6853,2620,9686,794,1962,5751
6853,2620,9686,5517,4833,4732
6853,2620,9686,8102,9869,7311
6853,2620,9686,5776,6517,2715
6853,2620,9686,7089,3023,497
6853,2620,9686,6503,8090,9311
6853,2620,9686,2194,6277,3235
6853,2620,9686,9011,9776,8499
6853,2620,9686,8996,8971,1756
6853,2620,9686,4302,9949,2743
6853,2620,9686,2836,1929,8006
6853,2620,9686,9639,6698,5925
6853,2620,9686,1261,8371,8808
6853,2620,9686,5920,1217,4602
6853,2620,9686,429,6020,8902
6853,2620,9686,1744,3079,4396
6853,2620,9686,8708,807,7412
6853,2620,9686,3658,3119,8727
6853,2620,9686,4839,5866,2018
6853,2620,9686,4920,5992,5018
6853,2620,9686,5889,863,2482
6853,2620,9686,9698,6776,9402
6853,2620,9686,3483,2962,3054
6853,2620,9686,4555,9329,837
6853,2620,9686,947,5507,4790
6853,2620,9686,1739,8794,562
6853,2620,9686,9839,7935,1893
6853,2620,9686,5527,4873,3218
6853,2620,9686,5460,6160,8713
6853,2620,9686,1772,1666,8120
6853,2620,9686,4908,1568,948
6853,2620,9686,4864,1838,411
6853,2620,9686,8022,4679,5016
6853,2620,9686,4573,7355,975
6853,2620,9686,8129,1493,1588
6853,2620,9686,594,3319,4365
6853,2620,9686,4909,7251,4807
6853,2620,9686,7114,9330,3517
6853,2620,9686,9371,702,2552
6853,2620,9686,8450,6730,781
6853,2620,9686,3044,120,5982
6853,2620,9686,8420,5800,2282
6853,2620,9686,7145,4562,2644
6853,2620,9686,1467,2051,1574
6853,2620,9686,1736,5918,5261
6853,2620,9686,6097,700,364
6853,2620,9686,6268,8124,3996
6853,2620,9686,5516,6375,4250
6853,2620,9686,3540,4556,3732
6853,2620,9686,5527,3605,1400
6853,2620,9686,8139,6063,3599
6853,2620,9686,2703,8956,9615
6853,2620,9686,2899,9150,6267
6853,2620,9686,3446,2503,6287
6853,2620,9686,3457,8869,3018
6853,2620,9686,1885,3027,3454
6853,2620,9686,9909,1320,4223
6853,2620,9686,7831,4392,7471
6853,2620,9686,5048,5512,1970
6853,2620,9686,8293,3286,8947
6853,2620,9686,1732,5135,6466
6853,2620,9686,7479,3212,726
6853,2620,9686,1999,9979,8128
6853,2620,9686,5602,1684,9191
6853,2620,9686,7287,1889,3463
6853,2620,9686,1978,1845,8517
6853,2620,9686,4375,3251,1507
6853,2620,9686,8222,5534,2442
6853,2620,9686,2801,8191,2173
6853,2620,9686,8198,9296,2923
6853,2620,9686,8538,9871,4436
6853,2620,9686,6287,2909,8504
6853,2620,9686,834,6295,5790
6853,2620,9686,5472,9440,1394
6853,2620,9686,825,1000,3328
6853,2620,9686,4914,832,5511
6853,2620,9686,1212,8197,191
6853,2620,9686,239,4052,1071
6853,2620,9686,2129,2844,4494
6853,2620,9686,3888,5091,7658
6853,2620,9686,3810,4109,5140
6853,2620,9686,3655,6920,2259
6853,2620,9686,2406,1544,6270
6853,2620,9686,5453,7517,4710
6853,2620,9686,3425,8717,7391
6853,2620,9686,9646,3726,3755
6853,2620,9686,1979,9676,6422
6853,2620,9686,5289,1387,5129
6853,2620,9686,4336,2153,9251
6853,2620,9686,5857,3778,7850
6853,2620,9686,6483,263,7728
6853,2620,9686,4579,7976,212
6853,2620,9686,7022,2818,3012
6853,2620,9686,1013,4206,504
6853,2620,9686,1432,701,7510
6853,2620,9686,6497,8134,1409
6853,2620,9686,4220,2968,7371
6853,2620,9686,8444,3602,206
6853,2620,9686,8795,2633,7769
6853,2620,9686,9158,1120,4631
6853,2620,9686,1135,3224,732
6853,2620,9686,4941,5882,6421
6853,2620,9686,366,200,3771
6853,2620,9686,800,6590,7255
6853,2620,9686,9846,1634,6384
6853,2620,9686,1597,4961,7976
6853,2620,9686,645,564,3310
6853,2620,9686,8692,2154,2534
6853,2620,9686,448,7112,9732
6853,2620,9686,4345,41,3766
6853,2620,9686,9738,6057,8750
6853,2620,9686,3578,373,2611
6853,2620,9686,6182,8382,9056
6853,2620,9686,7283,5692,164
6853,2620,9686,3887,4397,3843
6853,2620,9686,915,9600,6270
6853,2620,9686,7394,1930,1986
6853,2620,9686,9947,3836,6282
6853,2620,9686,2745,793,4725
6853,2620,9686,2133,8350,6023
6853,2620,9686,3952,4157,7168
6853,2620,9686,8377,3499,1375
6853,2620,9686,1209,173,1694
6853,2620,9686,1243,3739,3086
6853,2620,9686,1361,7174,1216
6853,2620,9686,7201,7484,3165
6853,2620,9686,7457,2916,3339
6853,2620,9686,7963,7239,4651
6853,2620,9686,2018,6806,1442
6853,2620,9686,8266,2556,5221
6853,2620,9686,4513,1084,4779
6853,2620,9686,7290,7430,3362
6853,2620,9686,8340,997,757
6853,2620,9686,6720,3416,9576
6853,2620,9686,5896,9302,6193
6853,2620,9686,7055,7995,749
6853,2620,9686,2552,4877,4948
6853,2620,9686,634,7030,6004
6853,2620,9686,4601,4917,1490
6853,2620,9686,5756,9167,805
6853,2620,9686,4470,6825,3516
6853,2620,9686,9880,8952,7557
6853,2620,9686,6767,3016,1432
6853,2620,9686,7521,2916,2911
6853,2620,9686,8191,1572,5693
6853,2620,9686,1114,9896,4876
6853,2620,9686,201,9924,1729
6853,2620,9686,7838,768,7257
6853,2620,9686,5912,4997,1471
6853,2620,9686,9681,6956,6007
6853,2620,9686,2701,6371,1515
6853,2620,9686,8213,7286,5662
6853,2620,9686,5871,8448,9997
6853,2620,9686,1120,4465,8668
6853,2620,9686,8406,9638,5941
6853,2620,9686,3888,7900,6990
6853,2620,9686,8496,1887,2829
6853,2620,9686,9856,5851,1908
6853,2620,9686,5702,2312,35
6853,2620,9686,2558,4629,5290
6853,2620,9686,3619,7606,6024
6853,2620,9686,2564,2097,4462
6853,2620,9686,2097,8003,7057
6853,2620,9686,8144,3873,99
6853,2620,9686,2236,359,1430
6853,2620,9686,6326,7750,7011
6853,2620,9686,2641,3023,4877
6853,2620,9686,3646,1198,2631
6853,2620,9686,1689,1113,9861
6853,2620,9686,7621,5566,3818
6853,2620,9686,4938,5685,6832
6853,2620,9686,724,7733,2232
6853,2620,9686,3473,7845,2385
6853,2620,9686,464,3046,6241
6853,2620,9686,4656,3031,2506
6853,2620,9686,1417,6432,1760
6853,2620,9686,8633,6708,3002
6853,2620,9686,1202,6335,4968
6853,2620,9686,477,4982,3057
6853,2620,9686,5947,9996,2426
6853,2620,9686,7723,6920,8580
6853,2620,9686,5569,439,4073
6853,2620,9686,3125,7466,7499
6853,2620,9686,364,7541,5699
6853,2620,9686,8986,7656,1621
6853,2620,9686,6353,2524,2365
6853,2620,9686,1059,4836,374
6853,2620,9686,9251,6392,9279
6853,2620,9686,9281,5576,2693
6853,2620,9686,8982,4899,2232
6853,2620,9686,6731,2436,9203
6853,2620,9686,9860,90,9662
6853,2620,9686,4284,5692,8854
6853,2620,9686,8133,1828,1288
6853,2620,9686,487,1582,931
6853,2620,9686,4123,958,6641
6853,2620,9686,6094,6897,2765
6853,2620,9686,780,6615,8401
6853,2620,9686,1386,2111,3399
6853,2620,9686,5535,6561,5892
6853,2620,9686,9622,6979,1878
6853,2620,9686,9579,8049,457
6853,2620,9686,46,4649,9324
6853,2620,9686,5677,9795,1553
6853,2620,9686,2123,7073,3560
6853,2620,9686,5562,3278,6403
6853,2620,9686,9417,8085,2715
6853,2620,9686,1274,244,4357
6853,2620,9686,4465,9399,4315
6853,2620,9686,8933,2966,5197
6853,2620,9686,1562,5176,3955
6853,2620,9686,7846,2144,2428
6853,2620,9686,4222,4720,6716
6853,2620,9686,9663,1898,200
6853,2620,9686,3372,9356,2167
6853,2620,9686,7362,4004,9533
6853,2620,9686,9063,7325,9434
6853,2620,9686,808,2663,3365
6853,2620,9686,4180,6089,43
6853,2620,9686,7955,3187,217
6853,2620,9686,564,9243,9946
6853,2620,9686,2334,3753,8533
6853,2620,9686,8883,6563,7782
6853,2620,9686,2363,2357,9460
6853,2620,9686,229,4233,131
6853,2620,9686,377,6852,9060
6853,2620,9686,5698,1275,2474
6853,2620,9686,1216,6952,8499
6853,2620,9686,4428,1249,7442
6853,2620,9686,7627,5627,2230
6853,2620,9686,2437,9110,687
6853,2620,9686,342,4634,839
6853,2620,9686,9308,2873,7205
6853,2620,9686,6091,9303,2096
6853,2620,9686,5645,438,7617
6853,2620,9686,4191,4216,9667
6853,2620,9686,6600,1874,1576
6853,2620,9686,2106,8838,9569
6853,2620,9686,6682,420,9176
6853,2620,9686,410,5384,417
6853,2620,9686,8582,7070,9911
6853,2620,9686,4601,3309,4253
6853,2620,9686,2615,9363,3218
6853,2620,9686,5145,5727,7837
6853,2620,9686,1598,6219,9819
6853,2620,9686,7209,5701,6334
6853,2620,9686,2249,7552,6024
6853,2620,9686,2225,9040,6772
6853,2620,9686,3289,2005,5467
6853,2620,9686,8424,6196,7745
6853,2620,9686,1273,10000,9748
6853,2620,9686,3667,8698,7410
6853,2620,9686,3805,5332,8546
6853,2620,9686,940,4961,9382
6853,2620,9686,3522,2103,8588
6853,2620,9686,667,7244,1989
6853,2620,9686,6592,6965,3195
6853,2620,9686,8634,7764,1563
6853,2620,9686,5773,632,4753
6853,2620,9686,7014,4159,5880
6853,2620,9686,6740,3655,6426
6853,2620,9686,8994,7121,7181
6853,2620,9686,121,2710,9888
6853,2620,9686,9946,9524,3123
6853,2620,9686,9660,4311,6340
6853,2620,9686,8244,8412,5164
6853,2620,9686,1581,4562,6435
6853,2620,9686,5136,153,547
6853,2620,9686,55,5513,7765
6853,2620,9686,2335,779,9852
6853,2620,9686,7602,3778,5327
6853,2620,9686,1763,3024,7076
6853,2620,9686,3025,9488,8341
6853,2620,9686,3694,2463,7365
6853,2620,9686,9000,4369,2200
6853,2620,9686,6514,6005,2495
6853,2620,9686,5844,1256,3110
6853,2620,9686,743,6455,7447
6853,2620,9686,5007,496,8402
6853,2620,9686,6339,966,2685
6853,2620,9686,7971,8346,2045
6853,2620,9686,1193,2954,9928
6853,2620,9686,8409,6428,6866
6853,2620,9686,9093,715,6305
6853,2620,9686,5645,6096,1854
6853,2620,9686,9272,6620,8123
6853,2620,9686,3110,6022,2777
6853,2620,9686,2919,7354,4348
6853,2620,9686,3300,9382,6363
6853,2620,9686,474,6081,3787
6853,2620,9686,9476,3621,7292
6853,2620,9686,1259,7427,1836
6853,2620,9686,6707,7026,8812
6853,2620,9686,6028,297,4813
6853,2620,9686,564,9108,7453
6853,2620,9686,6619,6166,7871
6853,2620,9686,7601,3825,6410
6853,2620,9686,3051,4185,6615
6853,2620,9686,1179,1496,4701
6853,2620,9686,5490,7115,3495
6853,2620,9686,3358,6313,882
