5940,671,2877,1257,1703,2936
5940,671,2877,3474,319,5991
5940,671,2877,9771,7159,332
5940,671,2877,354,5415,9786
5940,671,2877,2663,1900,7596
5940,671,2877,8878,4366,7786
5940,671,2877,9145,2874,5134
5940,671,2877,8864,3919,765
5940,671,2877,321,9137,9707
5940,671,2877,9157,6850,7480
5940,671,2877,2097,7971,4103
5940,671,2877,253,6835,9124
5940,671,2877,58,8482,7971
5940,671,2877,6050,6247,6932
5940,671,2877,5116,6493,4674
5940,671,2877,6440,59,5259
5940,671,2877,1587,2590,3813
5940,671,2877,9334,9516,5886
5940,671,2877,9274,6145,6354
5940,671,2877,8061,1364,9126
5940,671,2877,7800,5284,5575
5940,671,2877,4496,9411,5508
5940,671,2877,7335,8830,9466
5940,671,2877,3574,8306,8
5940,671,2877,5611,9985,9894
5940,671,2877,1798,9598,8781
5940,671,2877,7916,7100,300
5940,671,2877,9373,1751,2968
5940,671,2877,8816,3696,45
5940,671,2877,8591,8870,9560
5940,671,2877,3349,8647,7511
5940,671,2877,6234,6180,4814
5940,671,2877,6852,8313,8679
5940,671,2877,8537,6352,1324
5940,671,2877,7382,7427,8669
5940,671,2877,5032,2260,5128
5940,671,2877,8012,6268,7558
5940,671,2877,8826,277,5832
5940,671,2877,2747,1936,6756
5940,671,2877,9566,4009,4437
5940,671,2877,568,4336,2105
5940,671,2877,4445,2874,6702
5940,671,2877,1443,7663,2572
5940,671,2877,84,3008,1997
5940,671,2877,4608,9581,3405
5940,671,2877,260,6997,1108
5940,671,2877,6357,7282,5279
5940,671,2877,1086,3030,3545
5940,671,2877,8294,1736,2948
5940,671,2877,2356,83,1065
5940,671,2877,968,6772,4599
5940,671,2877,5600,6359,9565
5940,671,2877,1393,1563,1191
5940,671,2877,7977,3745,5665
5940,671,2877,934,782,1561
5940,671,2877,6100,4384,3955
5940,671,2877,2901,890,8898
5940,671,2877,6320,384,75
5940,671,2877,3095,3171,8255
5940,671,2877,5514,2533,5424
5940,671,2877,6562,3449,7318
5940,671,2877,4179,1068,740
5940,671,2877,881,5411,8377
5940,671,2877,3593,5878,1345
5940,671,2877,6555,1964,3989
5940,671,2877,4663,178,5491
5940,671,2877,3488,3621,1520
5940,671,2877,890,8819,3500
5940,671,2877,9162,8006,399
5940,671,2877,5835,6309,7082
5940,671,2877,5448,4769,5240
5940,671,2877,1253,6369,12
5940,671,2877,4574,29,7550
5940,671,2877,6677,6820,3247
5940,671,2877,5636,9778,7988
5940,671,2877,1442,5795,7018
5940,671,2877,5657,1641,1728
5940,671,2877,9053,5772,2954
5940,671,2877,1457,7768,9594
5940,671,2877,9252,5915,1842
5940,671,2877,9432,2746,4299
5940,671,2877,4795,5975,9373
5940,671,2877,3209,5003,6110
5940,671,2877,8165,8952,469
5940,671,2877,7963,4671,7226
5940,671,2877,5386,3209,5965
5940,671,2877,1602,8741,6857
5940,671,2877,7424,241,3039
5940,671,2877,2915,5833,7113
5940,671,2877,5395,3651,4289
5940,671,2877,9025,6943,72
5940,671,2877,3118,9475,6816
5940,671,2877,2317,4037,9647
5940,671,2877,7453,890,8797
5940,671,2877,8224,8619,3174
5940,671,2877,5326,4925,4005
5940,671,2877,5951,4147,5466
5940,671,2877,5801,5359,7435
5940,671,2877,9878,394,9641
5940,671,2877,8848,9542,2775
5940,671,2877,9059,2450,5828
5940,671,2877,5205,7517,7702
5940,671,2877,4497,6167,4428
5940,671,2877,9743,5843,8918
5940,671,2877,2422,5152,9268
5940,671,2877,1722,6222,1846
5940,671,2877,1483,8102,9599
5940,671,2877,8279,6855,8545
5940,671,2877,6126,5854,2567
5940,671,2877,5962,2024,2387
5940,671,2877,9905,3292,5433
5940,671,2877,272,5526,283
5940,671,2877,9615,6799,7765
5940,671,2877,5250,7027,5004
5940,671,2877,5557,9630,8164
5940,671,2877,2267,4277,4224
5940,671,2877,9599,8431,5466
5940,671,2877,9623,9417,5517
5940,671,2877,590,3864,9321
5940,671,2877,866,5387,9016
5940,671,2877,8318,8632,3097
5940,671,2877,6268,8984,1005
5940,671,2877,720,5228,5051
5940,671,2877,9027,7294,2656
5940,671,2877,8161,4342,3475
5940,671,2877,8333,1449,4521
5940,671,2877,573,4469,8796
5940,671,2877,6859,1609,1841
5940,671,2877,7633,39,6233
5940,671,2877,9889,2059,389
5940,671,2877,6676,2048,9045
5940,671,2877,4216,9250,5378
5940,671,2877,796,2668,107
5940,671,2877,8507,5690,3698
5940,671,2877,8598,670,8386
5940,671,2877,7739,3994,4022
5940,671,2877,8235,180,7979
5940,671,2877,8231,3865,416
5940,671,2877,2457,4955,7212
5940,671,2877,543,9407,3838
5940,671,2877,833,3859,7026
5940,671,2877,7014,3179,9886
5940,671,2877,47,4820,7993
5940,671,2877,2935,7244,738
5940,671,2877,1325,3703,7446
5940,671,2877,7775,6762,2789
5940,671,2877,1007,3456,382
5940,671,2877,9088,3344,6930
5940,671,2877,4614,4835,9482
5940,671,2877,2551,7699,563
5940,671,2877,1795,8872,5728
5940,671,2877,7189,8797,1650
5940,671,2877,3784,1292,2387
5940,671,2877,1730,8188,423
5940,671,2877,1703,3043,5092
5940,671,2877,5129,2811,3849
5940,671,2877,197,2451,6700
5940,671,2877,8918,8888,6277
5940,671,2877,4538,9619,2008
5940,671,2877,5302,6281,7225
5940,671,2877,8388,3645,6313
5940,671,2877,6255,5309,265
5940,671,2877,2938,3267,2182
5940,671,2877,8661,1161,3897
5940,671,2877,4157,4967,5227
5940,671,2877,3136,2352,4144
5940,671,2877,6857,9293,9894
5940,671,2877,1193,9479,9091
5940,671,2877,1775,8443,1584
5940,671,2877,3963,9682,1850
5940,671,2877,755,7636,5998
5940,671,2877,8605,1726,1128
5940,671,2877,3603,356,9743
5940,671,2877,4752,3447,8672
5940,671,2877,756,2634,4469
5940,671,2877,4283,561,2760
5940,671,2877,751,7381,4815
5940,671,2877,3604,6539,8301
5940,671,2877,4143,2054,3013
5940,671,2877,3395,501,5312
5940,671,2877,7343,528,1232
5940,671,2877,8748,6159,3151
5940,671,2877,1966,9282,2840
5940,671,2877,6676,2586,3446
5940,671,2877,726,3344,3225
5940,671,2877,3418,5693,8560
5940,671,2877,1464,2865,2166
5940,671,2877,9291,4358,6806
5940,671,2877,4764,159,4149
5940,671,2877,1102,7960,3446
5940,671,2877,1060,9375,7806
5940,671,2877,6480,4804,5665
5940,671,2877,9398,4378,8907
5940,671,2877,9389,3193,8423
5940,671,2877,8841,9297,3037
5940,671,2877,7610,3013,9224
5940,671,2877,3013,1426,1088
5940,671,2877,5806,4453,7899
5940,671,2877,546,2193,5549
5940,671,2877,4033,5603,8944
5940,671,2877,8257,3642,9388
5940,671,2877,2971,7794,7119
5940,671,2877,2060,2013,3382
5940,671,2877,4085,910,3023
5940,671,2877,7987,1031,2689
5940,671,2877,4504,6210,1438
5940,671,2877,7290,543,8608
5940,671,2877,999,9664,8520
5940,671,2877,4015,1557,7815
5940,671,2877,6825,2997,9429
5940,671,2877,7376,3069,3758
5940,671,2877,6384,4491,9487
5940,671,2877,208,3975,9434
5940,671,2877,4092,8305,7725
5940,671,2877,9455,8263,3745
5940,671,2877,4521,7270,3517
5940,671,2877,1915,9872,2824
5940,671,2877,2727,2257,3013
5940,671,2877,3501,8411,7081
5940,671,2877,4379,9705,9807
5940,671,2877,7207,4776,2957
5940,671,2877,8423,5258,3340
5940,671,2877,4251,4546,1535
5940,671,2877,4635,9307,3866
5940,671,2877,4194,7110,8289
5940,671,2877,8329,5714,5741
5940,671,2877,101,224,3062
5940,671,2877,6517,8467,8615
5940,671,2877,7254,3717,2222
5940,671,2877,9930,442,9152
5940,671,2877,4831,482,5804
5940,671,2877,49,6552,448
5940,671,2877,1036,7770,1788
5940,671,2877,4233,3953,7671
5940,671,2877,8517,3423,1378
5940,671,2877,8903,2526,4111
5940,671,2877,4974,1640,7537
5940,671,2877,8721,823,7911
5940,671,2877,6341,950,5026
5940,671,2877,9761,9756,9825
5940,671,2877,5796,10,9243
5940,671,2877,3337,3745,2818
5940,671,2877,6020,5148,2826
5940,671,2877,6585,2385,1380
5940,671,2877,3379,7957,1390
5940,671,2877,2595,3951,4699
5940,671,2877,7334,8497,1039
5940,671,2877,3988,4661,5867
5940,671,2877,2047,9466,7554
5940,671,2877,5484,1038,6478
5940,671,2877,8949,3882,14
5940,671,2877,9643,3925,1720
5940,671,2877,6387,9171,7123
5940,671,2877,4129,4804,669
5940,671,2877,3232,870,9254
5940,671,2877,1149,5780,9397
5940,671,2877,8545,2297,1945
5940,671,2877,5366,6832,8633
5940,671,2877,9113,7155,6431
5940,671,2877,3359,3380,7373
5940,671,2877,6946,709,1032
5940,671,2877,1259,8739,1351
5940,671,2877,5463,9657,5130
5940,671,2877,8857,5393,4210
5940,671,2877,2804,334,194
5940,671,2877,5460,1351,3458
5940,671,2877,1178,3345,8561
5940,671,2877,9930,1906,2833
5940,671,2877,6193,6227,6530
5940,671,2877,3561,4078,4501
5940,671,2877,5289,7990,518
5940,671,2877,6923,5462,2753
5940,671,2877,1864,5658,4011
5940,671,2877,4060,7421,6668
5940,671,2877,3914,4461,2228
5940,671,2877,96,5257,2766
5940,671,2877,5886,579,2289
5940,671,2877,1604,1249,3831
5940,671,2877,8303,93,3772
5940,671,2877,7479,2371,9259
5940,671,2877,9293,4107,435
5940,671,2877,5319,6694,5416
5940,671,2877,4605,5293,7752
5940,671,2877,4502,4414,6685
5940,671,2877,2848,5878,5498
5940,671,2877,2409,1866,9978
5940,671,2877,9902,2496,5389
5940,671,2877,9175,68,5057
5940,671,2877,2414,1725,8156
5940,671,2877,3898,1483,6350
5940,671,2877,4283,8174,9372
5940,671,2877,1351,1679,7989
5940,671,2877,5045,4905,3133
5940,671,2877,9291,1485,5073
5940,671,2877,5720,7563,72
5940,671,2877,6557,6157,8185
5940,671,2877,9661,428,2398
5940,671,2877,7572,3591,262
5940,671,2877,1458,142,3171
5940,671,2877,8058,1816,7550
5940,671,2877,3301,5912,2998
5940,671,2877,9224,3931,1565
5940,671,2877,8473,7212,4849
5940,671,2877,8268,6857,5742
5940,671,2877,9698,5571,1683
5940,671,2877,7887,7691,546
5940,671,2877,1894,7328,8678
5940,671,2877,3494,7803,5197
5940,671,2877,8370,4068,5795
5940,671,2877,1709,9728,1343
5940,671,2877,7205,1992,7714
5940,671,2877,5088,7010,2567
5940,671,2877,7090,4653,4712
5940,671,2877,6974,5768,5125
5940,671,2877,8422,7260,522
5940,671,2877,3326,738,8988
5940,671,2877,7018,9157,8958
5940,671,2877,9080,721,9260
5940,671,2877,8621,8315,9712
5940,671,2877,2964,5316,3004
5940,671,2877,1694,7866,2125
5940,671,2877,2352,9306,513
5940,671,2877,8238,4544,6941
5940,671,2877,1137,8250,5357
5940,671,2877,8313,4048,3532
5940,671,2877,2892,4718,7791
5940,671,2877,3729,7519,2321
5940,671,2877,7228,7690,8748
5940,671,2877,154,4717,1125
5940,671,2877,2964,2507,6178
5940,671,2877,8811,3431,4777
5940,671,2877,4237,188,5792
5940,671,2877,5036,6035,7938
5940,671,2877,3609,5435,7353
5940,671,2877,1983,8722,3131
5940,671,2877,1603,1877,8527
5940,671,2877,554,3749,7583
5940,671,2877,2129,3770,4810
5940,671,2877,1711,2592,1030
5940,671,2877,7126,8327,1428
5940,671,2877,1898,3940,1813
5940,671,2877,714,5246,8197
5940,671,2877,6686,4814,9377
5940,671,2877,1355,3600,3887
5940,671,2877,8005,5018,6885
5940,671,2877,7812,6858,9948
5940,671,2877,2900,5391,6624
5940,671,2877,3989,4578,3108
5940,671,2877,2438,1395,7474
5940,671,2877,9742,6322,5191
5940,671,2877,3977,8834,2685
5940,671,2877,8510,7787,8963
5940,671,2877,6623,9925,2957
5940,671,2877,4819,9819,7823
5940,671,2877,9623,1883,6826
5940,671,2877,2123,4955,1613
5940,671,2877,4339,6940,1944
5940,671,2877,4933,7347,8665
5940,671,2877,3245,6754,1548
5940,671,2877,5899,1580,3390
5940,671,2877,1818,7973,6467
5940,671,2877,7987,5594,8176
5940,671,2877,3395,5742,3542
5940,671,2877,4531,6110,3103
5940,671,2877,4762,1706,3281
5940,671,2877,6494,7067,354
5940,671,2877,4401,9321,5539
5940,671,2877,1282,177,1012
5940,671,2877,2084,5216,7018
5940,671,2877,8400,2722,9191
5940,671,2877,7116,389,8878
5940,671,2877,8658,4055,5507
5940,671,2877,7315,4884,1540
5940,671,2877,9078,276,6151
5940,671,2877,8021,2090,125
5940,671,2877,7056,5566,8643
5940,671,2877,9219,4906,9356
5940,671,2877,1423,5313,172
5940,671,2877,7052,7388,6649
5940,671,2877,4174,6671,160
5940,671,2877,8753,8553,8817
5940,671,2877,925,4808,2259
5940,671,2877,5085,9432,1210
5940,671,2877,2404,7400,1590
5940,671,2877,1830,7817,8102
5940,671,2877,197,9991,3899
5940,671,2877,1620,5590,3043
5940,671,2877,2200,4756,271
5940,671,2877,8,4437,838
5940,671,2877,4380,8716,6316
5940,671,2877,2672,8133,6780
5940,671,2877,971,6471,2252
5940,671,2877,5907,7377,5510
5940,671,2877,4590,441,3805
5940,671,2877,1148,1049,5097
5940,671,2877,9697,6946,4281
5940,671,2877,282,8181,940
5940,671,2877,5662,55,788
5940,671,2877,2819,2417,2620
5940,671,2877,2647,6322,8968
5940,671,2877,5346,5713,2694
5940,671,2877,4890,1525,4519
5940,671,2877,7939,1450,8924
5940,671,2877,5129,6807,7584
5940,671,2877,2831,4067,5850
5940,671,2877,9121,5312,8506
5940,671,2877,2933,6975,6202
5940,671,2877,1344,2292,9012
5940,671,2877,9772,2606,3316
5940,671,2877,7778,160,2720
5940,671,2877,7333,4062,7939
5940,671,2877,3328,7657,8692
5940,671,2877,4312,6417,9324
5940,671,2877,5471,7346,2147
5940,671,2877,4427,3851,4907
5940,671,2877,9565,3101,8988
5940,671,2877,4446,681,2160
5940,671,2877,1288,9735,6276
5940,671,2877,2985,8806,8816
5940,671,2877,7403,5433,3523
5940,671,2877,967,1418,7210
5940,671,2877,5233,6043,7305
5940,671,2877,4303,437,7536
5940,671,2877,566,3984,6965
5940,671,2877,4229,1812,167
5940,671,2877,4043,2005,5921
5940,671,2877,3846,9809,289
5940,671,2877,5939,5083,392
5940,671,2877,8474,6408,9627
5940,671,2877,8152,1631,9401
5940,671,2877,5880,4780,8535
5940,671,2877,7014,4414,1513
5940,671,2877,7244,2723,9268
5940,671,2877,8420,9832,5774
5940,671,2877,3792,7407,639
5940,671,2877,7406,9390,6310
5940,671,2877,8917,4098,4794
5940,671,2877,1396,9915,8910
5940,671,2877,9497,3010,5600
5940,671,2877,3836,793,3426
5940,671,2877,8657,944,8306
5940,671,2877,8202,1748,7422
5940,671,2877,7137,2574,3751
5940,671,2877,3731,7795,812
5940,671,2877,6392,8348,600
5940,671,2877,5999,4178,3496
5940,671,2877,3241,6524,5231
5940,671,2877,2701,4603,5455
5940,671,2877,7366,8999,6415
5940,671,2877,6724,4692,4724
5940,671,2877,4704,5210,1502
5940,671,2877,535,8162,6375
5940,671,2877,1944,7165,2770
5940,671,2877,7243,9664,2983
5940,671,2877,3946,1647,2139
5940,671,2877,7257,8887,3418
5940,671,2877,662,3556,8180
5940,671,2877,7647,7978,1468
5940,671,2877,8621,9491,7592
5940,671,2877,5876,2290,7682
5940,671,2877,8936,6646,7727
5940,671,2877,9152,4506,4037
5940,671,2877,8582,8611,683
5940,671,2877,7653,2356,5443
5940,671,2877,4930,2089,9498
5940,671,2877,7472,6808,1496
5940,671,2877,2913,9479,7255
5940,671,2877,7188,2351,563
5940,671,2877,7891,2344,9068
5940,671,2877,1585,1368,8881
5940,671,2877,2265,2825,7331
5940,671,2877,3224,4371,6596
5940,671,2877,7615,3008,641
5940,671,2877,5826,4347,2776
5940,671,2877,5278,3923,1863
5940,671,2877,6137,5978,3473
5940,671,2877,7499,8155,3985
5940,671,2877,4274,913,4363
5940,671,2877,2808,5144,8372
5940,671,2877,656,1921,2456
5940,671,2877,2148,3414,4864
5940,671,2877,6358,3121,710
5940,671,2877,9187,6219,7007
5940,671,2877,524,8151,5327
5940,671,2877,7298,4565,811
5940,671,2877,6993,7562,3818
5940,671,2877,2946,4588,3925
5940,671,2877,2106,3311,6754
5940,671,2877,2602,2805,9872
5940,671,2877,6000,7277,6033
5940,671,2877,3259,4854,9296
5940,671,2877,5282,5852,602
5940,671,2877,3551,6460,7197
5940,671,2877,7878,7043,8434
5940,671,2877,67,753,7245
5940,671,2877,6618,6174,2700
5940,671,2877,6716,3798,9125
5940,671,2877,9328,5732,3456
5940,671,2877,7401,8941,4665
5940,671,2877,9138,1752,6316
5940,671,2877,2190,3427,1222
5940,671,2877,1311,14,4472
5940,671,2877,8,7075,8898
5940,671,2877,2591,7039,407
5940,671,2877,6144,8871,676
5940,671,2877,4890,3790,4859
5940,671,2877,858,1566,6807
5940,671,2877,5318,3586,7509
5940,671,2877,4962,4452,7702
5940,671,2877,8370,3963,1818
