9338,2513,5109,9129,3670,8269
9338,2513,5109,2964,1515,7426
9338,2513,5109,6583,5972,2463
9338,2513,5109,9912,5284,7224
9338,2513,5109,1995,431,8353
9338,2513,5109,7445,2856,9198
9338,2513,5109,491,3377,2928
9338,2513,5109,5401,7273,6856
9338,2513,5109,328,9461,9358
9338,2513,5109,7545,9389,4799
9338,2513,5109,6762,2969,2245
9338,2513,5109,8766,2552,6969
9338,2513,5109,1520,6316,2387
9338,2513,5109,3560,2944,5854
9338,2513,5109,6164,2645,669
9338,2513,5109,3354,5538,9346
9338,2513,5109,1591,3080,2386
9338,2513,5109,7381,3535,2427
9338,2513,5109,6919,5993,1330
9338,2513,5109,1555,1120,1112
9338,2513,5109,9914,2212,5620
9338,2513,5109,1261,7745,2682
9338,2513,5109,1483,90,5504
9338,2513,5109,8424,4433,2639
9338,2513,5109,7286,3906,9530
9338,2513,5109,8840,6305,1456
9338,2513,5109,2618,3998,7889
9338,2513,5109,7069,9529,1073
9338,2513,5109,7515,2414,6802
9338,2513,5109,3384,9556,2473
9338,2513,5109,4225,6560,8866
9338,2513,5109,9989,5892,4375
9338,2513,5109,987,6897,8836
9338,2513,5109,1036,9202,6202
9338,2513,5109,7339,882,9925
9338,2513,5109,9825,5347,2066
9338,2513,5109,726,7058,793
9338,2513,5109,9031,2588,8431
9338,2513,5109,2034,6120,5159
9338,2513,5109,6716,9481,1014
9338,2513,5109,494,7513,659
9338,2513,5109,2613,5165,1945
9338,2513,5109,7997,8122,5624
9338,2513,5109,4153,9710,8945
9338,2513,5109,2308,9024,5633
9338,2513,5109,8011,3190,4724
9338,2513,5109,8914,6955,9792
9338,2513,5109,1710,9985,3158
9338,2513,5109,9778,5619,2682
9338,2513,5109,5651,9003,4221
9338,2513,5109,3074,1612,3382
9338,2513,5109,4268,1288,7559
9338,2513,5109,8801,1078,5534
9338,2513,5109,7783,7309,3705
9338,2513,5109,384,8846,9613
9338,2513,5109,9810,1902,424
9338,2513,5109,1566,4500,37
9338,2513,5109,5831,7389,4716
9338,2513,5109,453,3599,7765
9338,2513,5109,7561,8501,3907
9338,2513,5109,5621,1416,187
9338,2513,5109,8392,2106,701
9338,2513,5109,8444,4764,1619
9338,2513,5109,9646,2617,4805
9338,2513,5109,7456,1112,1784
9338,2513,5109,9209,51,6840
9338,2513,5109,3610,4378,4479
9338,2513,5109,2718,5364,9049
9338,2513,5109,4744,7410,6179
9338,2513,5109,2027,576,9338
9338,2513,5109,5661,9224,9633
9338,2513,5109,2995,14,564
9338,2513,5109,9425,370,2153
9338,2513,5109,9367,1756,9484
9338,2513,5109,2840,3568,8790
9338,2513,5109,3026,5333,2796
9338,2513,5109,8448,702,3840
9338,2513,5109,8133,2853,2489
9338,2513,5109,493,6940,4405
9338,2513,5109,8425,626,8622
9338,2513,5109,5229,9004,5054
9338,2513,5109,291,3787,9924
9338,2513,5109,513,4788,4634
9338,2513,5109,3896,5824,2248
9338,2513,5109,3195,9485,7085
9338,2513,5109,5148,9577,4365
9338,2513,5109,7812,974,3793
9338,2513,5109,5622,4746,9150
9338,2513,5109,9606,9368,9073
9338,2513,5109,8455,6012,7678
9338,2513,5109,2907,622,8161
9338,2513,5109,7265,6273,8209
9338,2513,5109,5294,7278,3255
9338,2513,5109,9438,9945,5423
9338,2513,5109,448,5177,1113
9338,2513,5109,8219,3547,1152
9338,2513,5109,2083,1560,7828
9338,2513,5109,4562,4531,3197
9338,2513,5109,6295,3778,6352
9338,2513,5109,7842,7062,8184
9338,2513,5109,3209,7028,3379
9338,2513,5109,8989,2033,2616
9338,2513,5109,421,4749,8521
9338,2513,5109,8161,5615,8049
9338,2513,5109,4922,6391,4456
9338,2513,5109,496,5600,170
9338,2513,5109,1710,4263,7287
9338,2513,5109,352,1275,302
9338,2513,5109,6074,6494,2322
9338,2513,5109,6581,7279,6681
9338,2513,5109,7213,5459,8329
9338,2513,5109,9636,7193,355
9338,2513,5109,4941,7468,6999
9338,2513,5109,6720,1775,5227
9338,2513,5109,9156,7455,706
9338,2513,5109,8914,6688,405
9338,2513,5109,1156,5758,8530
9338,2513,5109,7772,5170,6421
9338,2513,5109,1355,1712,994
9338,2513,5109,8694,2665,513
9338,2513,5109,318,8676,5495
9338,2513,5109,8616,5471,1694
9338,2513,5109,1595,6296,2431
9338,2513,5109,4831,6887,1927
9338,2513,5109,8012,753,2117
9338,2513,5109,7827,3374,4020
9338,2513,5109,7467,7260,8108
9338,2513,5109,5264,3464,7792
9338,2513,5109,3427,1639,6807
9338,2513,5109,6627,3325,1822
9338,2513,5109,9376,9465,3325
9338,2513,5109,8438,8802,3471
9338,2513,5109,6253,8262,1465
9338,2513,5109,3281,3801,4137
9338,2513,5109,6457,5832,9617
9338,2513,5109,8326,8897,4969
9338,2513,5109,6005,6262,7903
9338,2513,5109,6405,6251,2221
9338,2513,5109,4062,2814,7150
9338,2513,5109,2086,5767,9127
9338,2513,5109,3672,8157,7926
9338,2513,5109,7051,9714,6746
9338,2513,5109,289,2658,8275
9338,2513,5109,5764,2926,1023
9338,2513,5109,2579,9760,5622
9338,2513,5109,7368,7415,128
9338,2513,5109,7440,986,2045
9338,2513,5109,1025,1094,8463
9338,2513,5109,1506,4745,678
9338,2513,5109,5146,3684,6001
9338,2513,5109,7844,3850,581
9338,2513,5109,2790,8190,2086
9338,2513,5109,4783,8365,5717
9338,2513,5109,6737,7032,4580
9338,2513,5109,8426,5044,2352
9338,2513,5109,2993,2121,5747
9338,2513,5109,1299,1251,887
9338,2513,5109,3177,909,3610
9338,2513,5109,3444,1406,4018
9338,2513,5109,6608,1751,766
9338,2513,5109,7402,1331,3983
9338,2513,5109,4389,5667,9672
9338,2513,5109,7960,2755,2292
9338,2513,5109,9919,6618,6432
9338,2513,5109,1136,8018,2343
9338,2513,5109,5176,2181,4581
9338,2513,5109,9242,6129,8326
9338,2513,5109,3908,6354,3169
9338,2513,5109,6735,4533,1395
9338,2513,5109,6691,4346,7338
9338,2513,5109,3604,4307,9623
9338,2513,5109,6761,8856,3284
9338,2513,5109,2347,8008,3001
9338,2513,5109,3932,5541,2316
9338,2513,5109,4184,2054,7162
9338,2513,5109,3511,6685,2898
9338,2513,5109,6569,1765,7039
9338,2513,5109,1964,2715,45
9338,2513,5109,4712,3208,8591
9338,2513,5109,1998,2599,7623
9338,2513,5109,2501,4216,2176
9338,2513,5109,9219,9545,951
9338,2513,5109,1327,2582,5597
9338,2513,5109,5382,7495,1047
9338,2513,5109,9481,802,9204
9338,2513,5109,525,2402,4833
9338,2513,5109,3003,5683,7964
9338,2513,5109,7271,8360,2966
9338,2513,5109,3034,8176,2617
9338,2513,5109,9734,7087,5194
9338,2513,5109,1421,6895,9654
9338,2513,5109,65,8980,9525
9338,2513,5109,9242,4187,8539
9338,2513,5109,8137,4224,4469
9338,2513,5109,6401,3865,1657
9338,2513,5109,7672,250,7708
9338,2513,5109,4024,7592,1164
9338,2513,5109,6644,5185,8981
9338,2513,5109,531,6229,2655
9338,2513,5109,8603,2599,4610
9338,2513,5109,2422,1227,9166
9338,2513,5109,4489,9960,1570
9338,2513,5109,366,3820,1825
9338,2513,5109,3924,7767,1542
9338,2513,5109,4460,8907,665
9338,2513,5109,1116,159,8010
9338,2513,5109,4404,501,9359
9338,2513,5109,5753,9731,8260
9338,2513,5109,6541,7529,1842
9338,2513,5109,6501,1699,2867
9338,2513,5109,4304,7463,2071
9338,2513,5109,9655,230,3655
9338,2513,5109,5643,431,8571
9338,2513,5109,3809,3680,5972
9338,2513,5109,6508,3062,3628
9338,2513,5109,335,2973,6133
9338,2513,5109,7935,5658,7888
9338,2513,5109,2878,1517,3604
9338,2513,5109,3193,5419,9951
9338,2513,5109,1057,9375,9316
9338,2513,5109,7666,4829,5678
9338,2513,5109,8905,6685,8492
9338,2513,5109,2460,9145,811
9338,2513,5109,456,2819,9677
9338,2513,5109,3379,9587,4943
9338,2513,5109,2478,5115,2419
9338,2513,5109,8800,7937,8447
9338,2513,5109,8166,1094,4128
9338,2513,5109,2618,7655,6502
9338,2513,5109,9590,4514,5729
9338,2513,5109,6742,6014,6748
9338,2513,5109,8411,7744,6735
9338,2513,5109,2384,2127,8842
9338,2513,5109,4874,418,6115
9338,2513,5109,5749,1098,6551
9338,2513,5109,3874,2027,2027
9338,2513,5109,194,4959,1238
9338,2513,5109,4405,3376,1686
9338,2513,5109,6775,1043,8308
9338,2513,5109,9679,6453,4181
9338,2513,5109,5568,5561,9434
9338,2513,5109,3202,9232,9137
9338,2513,5109,2850,3610,976
9338,2513,5109,4251,3105,613
9338,2513,5109,9886,5157,1755
9338,2513,5109,1836,5553,5658
9338,2513,5109,3954,7242,2228
9338,2513,5109,2838,3286,8448
9338,2513,5109,8421,1622,5054
9338,2513,5109,7711,1766,8307
9338,2513,5109,7917,5642,6874
9338,2513,5109,5862,7332,8999
9338,2513,5109,6664,2048,7308
9338,2513,5109,633,4702,2398
9338,2513,5109,3707,6735,4699
9338,2513,5109,4855,5262,2127
9338,2513,5109,8340,3271,7322
9338,2513,5109,6648,7720,7207
9338,2513,5109,9592,3317,3304
9338,2513,5109,4290,4857,2766
9338,2513,5109,9002,4226,452
9338,2513,5109,6035,8727,3833
9338,2513,5109,3751,3710,3093
9338,2513,5109,7225,9641,257
9338,2513,5109,9689,9940,8213
9338,2513,5109,3664,7431,9865
9338,2513,5109,6598,1145,5074
9338,2513,5109,720,368,2324
9338,2513,5109,1902,9058,8897
9338,2513,5109,3870,6359,3254
9338,2513,5109,9997,9654,1765
9338,2513,5109,9314,7612,5079
9338,2513,5109,477,2472,7341
9338,2513,5109,253,7012,4631
9338,2513,5109,8131,4027,5311
9338,2513,5109,8627,6045,6172
9338,2513,5109,5299,2920,3189
9338,2513,5109,3213,9123,2100
9338,2513,5109,4295,5275,7944
9338,2513,5109,2095,3786,491
9338,2513,5109,3599,4528,5985
9338,2513,5109,8951,6858,1819
9338,2513,5109,2015,1017,7098
9338,2513,5109,9785,5115,3897
9338,2513,5109,1970,5488,5846
9338,2513,5109,715,8721,6131
9338,2513,5109,7321,2057,1065
9338,2513,5109,5773,8369,5968
9338,2513,5109,6304,6379,6183
9338,2513,5109,593,2847,9067
9338,2513,5109,2198,4659,7766
9338,2513,5109,5076,6123,9094
9338,2513,5109,5505,5209,3119
9338,2513,5109,8509,153,4531
9338,2513,5109,1287,1453,7604
9338,2513,5109,8951,6039,4984
9338,2513,5109,3134,9814,8694
9338,2513,5109,3818,437,817
9338,2513,5109,4411,2272,5269
9338,2513,5109,266,4166,2549
9338,2513,5109,8038,343,7335
9338,2513,5109,9025,1871,1541
9338,2513,5109,1540,4855,3732
9338,2513,5109,7657,6447,1808
9338,2513,5109,4992,3754,764
9338,2513,5109,3322,8257,3644
9338,2513,5109,5315,2905,3733
9338,2513,5109,2262,7716,3340
9338,2513,5109,644,9716,1028
9338,2513,5109,1129,3189,3918
9338,2513,5109,3900,9747,181
9338,2513,5109,8407,7176,6208
9338,2513,5109,7309,1206,6987
9338,2513,5109,8530,5749,9789
9338,2513,5109,7660,6348,3404
9338,2513,5109,2524,9811,1463
9338,2513,5109,1220,197,7965
9338,2513,5109,5860,3507,7370
9338,2513,5109,4222,7411,6316
9338,2513,5109,4863,9180,8535
9338,2513,5109,9852,1966,22
9338,2513,5109,3741,4237,5946
9338,2513,5109,3455,3960,9408
9338,2513,5109,9651,9006,5647
9338,2513,5109,782,356,251
9338,2513,5109,6682,7899,73
9338,2513,5109,9715,5896,2289
9338,2513,5109,6763,9434,5898
9338,2513,5109,4845,8183,3461
9338,2513,5109,8709,2508,8950
9338,2513,5109,1408,9775,6263
9338,2513,5109,6609,2944,9588
9338,2513,5109,4588,668,2416
9338,2513,5109,9337,303,1715
9338,2513,5109,7900,2307,8615
9338,2513,5109,9660,4853,7148
9338,2513,5109,5278,7861,5756
9338,2513,5109,7131,2003,7395
9338,2513,5109,6347,7022,1059
9338,2513,5109,3130,6247,4875
9338,2513,5109,9051,6266,738
9338,2513,5109,6264,3816,1710
9338,2513,5109,4151,4455,8398
9338,2513,5109,5863,6397,317
9338,2513,5109,36,8379,4819
9338,2513,5109,1356,8266,1675
9338,2513,5109,1072,9975,4754
9338,2513,5109,7546,4862,1445
9338,2513,5109,2737,1276,5677
9338,2513,5109,4701,6906,4022
9338,2513,5109,866,5795,5575
9338,2513,5109,2103,696,4623
9338,2513,5109,3368,8665,5757
9338,2513,5109,8179,2734,7968
9338,2513,5109,1201,7221,6037
9338,2513,5109,8808,9412,4793
9338,2513,5109,7829,5032,7425
9338,2513,5109,6387,6459,895
9338,2513,5109,432,4539,9713
9338,2513,5109,1549,5070,1314
9338,2513,5109,9031,8910,8763
9338,2513,5109,6516,1387,4998
9338,2513,5109,9587,8141,4085
9338,2513,5109,7877,7207,5107
9338,2513,5109,8243,3135,1379
9338,2513,5109,789,5454,1848
9338,2513,5109,3085,3651,2858
9338,2513,5109,1597,554,3805
9338,2513,5109,6942,6077,455
9338,2513,5109,5583,3934,9312
9338,2513,5109,8790,9814,6493
9338,2513,5109,3755,4135,9461
9338,2513,5109,2208,1654,988
9338,2513,5109,757,8679,6325
9338,2513,5109,2197,9259,1967
9338,2513,5109,7269,9908,7894
9338,2513,5109,6946,2685,9104
9338,2513,5109,2238,506,4208
9338,2513,5109,3926,7101,9368
9338,2513,5109,8326,7402,3177
9338,2513,5109,6897,1833,9416
9338,2513,5109,3320,9058,7606
9338,2513,5109,8395,5795,3412
9338,2513,5109,4427,7718,2071
9338,2513,5109,3794,4270,6773
9338,2513,5109,1563,3780,5351
9338,2513,5109,384,1470,6397
9338,2513,5109,5419,6918,7405
9338,2513,5109,5446,8200,1982
9338,2513,5109,7325,1790,7006
9338,2513,5109,3272,9255,8286
9338,2513,5109,1321,567,1864
9338,2513,5109,4483,3049,6375
9338,2513,5109,5805,3082,6098
9338,2513,5109,7705,9179,8169
9338,2513,5109,2351,1174,6097
9338,2513,5109,7354,2869,6876
9338,2513,5109,237,4244,8951
9338,2513,5109,5210,5411,5865
9338,2513,5109,2356,823,3132
9338,2513,5109,1492,6750,5644
9338,2513,5109,9498,3297,6833
9338,2513,5109,4300,9372,5742
9338,2513,5109,5059,1717,6270
9338,2513,5109,490,2881,5188
9338,2513,5109,3353,8094,5685
9338,2513,5109,8539,4085,4455
9338,2513,5109,8986,4099,5090
9338,2513,5109,4583,634,1901
9338,2513,5109,3022,9376,1518
9338,2513,5109,9759,5346,346
9338,2513,5109,3123,3177,7386
9338,2513,5109,1585,9185,8731
9338,2513,5109,3476,6148,2689
9338,2513,5109,8620,1740,1436
9338,2513,5109,1207,5210,823
9338,2513,5109,9569,2651,3828
9338,2513,5109,3370,831,5036
9338,2513,5109,5274,3109,2641
9338,2513,5109,8936,8267,7005
9338,2513,5109,1942,9385,1521
9338,2513,5109,6385,4085,8847
9338,2513,5109,5357,7704,1794
9338,2513,5109,3029,9763,4504
9338,2513,5109,6583,3459,594
9338,2513,5109,5469,598,2734
9338,2513,5109,9891,4072,4238
9338,2513,5109,5300,690,2419
9338,2513,5109,5419,2331,7854
9338,2513,5109,9046,9426,7387
9338,2513,5109,9734,297,4860
9338,2513,5109,33,2583,9598
9338,2513,5109,6409,4538,915
9338,2513,5109,2891,6357,1146
9338,2513,5109,88,518,8473
9338,2513,5109,1966,6384,2378
9338,2513,5109,240,7738,1533
9338,2513,5109,4288,4454,7679
9338,2513,5109,6387,7632,5163
9338,2513,5109,9100,7508,105
9338,2513,5109,3664,9404,3510
9338,2513,5109,885,5531,5039
9338,2513,5109,6146,5610,7506
9338,2513,5109,3544,3426,9928
9338,2513,5109,6190,3742,142
9338,2513,5109,2614,7771,9820
9338,2513,5109,6412,8445,8878
9338,2513,5109,2125,9669,518
9338,2513,5109,4297,6856,7103
9338,2513,5109,4895,227,7525
9338,2513,5109,5873,9571,7671
9338,2513,5109,93,6939,6285
9338,2513,5109,5222,4682,920
9338,2513,5109,1820,8769,2075
9338,2513,5109,2348,6541,1631
9338,2513,5109,3985,3874,5197
9338,2513,5109,103,1165,4229
9338,2513,5109,1830,1986,1754
9338,2513,5109,7082,5672,5106
9338,2513,5109,5392,1037,417
9338,2513,5109,2650,4237,9304
9338,2513,5109,4514,2680,8129
9338,2513,5109,9431,1804,4437
9338,2513,5109,1533,5034,9197
9338,2513,5109,7618,8036,3684
9338,2513,5109,1473,536,6682
9338,2513,5109,5393,32,7204
9338,2513,5109,4929,5269,1795
9338,2513,5109,506,6053,8706
9338,2513,5109,4888,6180,2984
9338,2513,5109,5107,5524,8330
9338,2513,5109,9027,1381,5592
9338,2513,5109,9175,9722,8657
9338,2513,5109,7938,8998,5190
9338,2513,5109,1112,4089,9306
9338,2513,5109,9767,1491,5146
9338,2513,5109,6431,3199,444
9338,2513,5109,5000,5290,6968
9338,2513,5109,6771,2603,4633
9338,2513,5109,3266,8418,4003
9338,2513,5109,9698,1717,5406
9338,2513,5109,8568,3835,3501
9338,2513,5109,1818,2574,6681
9338,2513,5109,9429,8953,1259
9338,2513,5109,796,3105,2973
9338,2513,5109,1951,8038,1036
9338,2513,5109,9000,5462,4617
9338,2513,5109,2748,115,3374
9338,2513,5109,431,599,9910
9338,2513,5109,9518,6479,8237
9338,2513,5109,9781,8235,7572
9338,2513,5109,9690,9913,7558
9338,2513,5109,6543,7948,5602
9338,2513,5109,5997,5323,3338
9338,2513,5109,9659,1195,6027
9338,2513,5109,7472,1618,2839
9338,2513,5109,9397,3783,7055
9338,2513,5109,6173,7249,6399
9338,2513,5109,160,3491,9373
9338,2513,5109,4005,9866,4393
9338,2513,5109,3703,1021,3600
9338,2513,5109,2017,1453,6886
9338,2513,5109,342,8553,1759
9338,2513,5109,5987,3420,9935
9338,2513,5109,7924,3121,3525
9338,2513,5109,2754,7791,3892
9338,2513,5109,9312,2055,6387
9338,2513,5109,8182,4916,9296
9338,2513,5109,7738,1272,2566
9338,2513,5109,4342,9216,6601
