5940,7967,2878,2041,6577,5730
5940,7967,2878,6914,5907,7269
5940,7967,2878,8235,4175,6879
5940,7967,2878,2398,7478,9378
5940,7967,2878,2190,7422,9456
5940,7967,2878,2426,5943,4218
5940,7967,2878,7850,3439,408
5940,7967,2878,6298,623,6970
5940,7967,2878,8185,8300,8273
5940,7967,2878,4583,9879,5800
5940,7967,2878,3472,7225,5264
5940,7967,2878,3656,4456,9831
5940,7967,2878,2522,1838,1124
5940,7967,2878,8070,9032,9234
5940,7967,2878,1830,3697,2040
5940,7967,2878,5619,2024,3047
5940,7967,2878,1370,228,2845
5940,7967,2878,2444,968,8364
5940,7967,2878,482,4953,982
5940,7967,2878,5998,5069,1486
5940,7967,2878,4997,6853,692
5940,7967,2878,4118,5550,3640
5940,7967,2878,8498,8067,8725
5940,7967,2878,334,5870,597
5940,7967,2878,527,2957,7349
5940,7967,2878,5290,940,2370
5940,7967,2878,7129,9516,3464
5940,7967,2878,3351,37,4455
5940,7967,2878,8832,1570,7894
5940,7967,2878,2298,285,3700
5940,7967,2878,3705,1842,1874
5940,7967,2878,8722,5465,9216
5940,7967,2878,270,6043,3483
5940,7967,2878,7939,9783,2551
5940,7967,2878,791,7410,8494
5940,7967,2878,8354,5870,9057
5940,7967,2878,6988,2001,1788
5940,7967,2878,4012,1178,5259
5940,7967,2878,7644,598,4995
5940,7967,2878,4689,1146,9933
5940,7967,2878,5470,4324,1713
5940,7967,2878,4658,963,838
5940,7967,2878,173,1090,1928
5940,7967,2878,4198,2641,4549
5940,7967,2878,8507,5467,7791
5940,7967,2878,485,7586,2406
5940,7967,2878,5693,7607,1744
5940,7967,2878,6785,5493,5042
5940,7967,2878,6815,8383,527
5940,7967,2878,5454,3680,9309
5940,7967,2878,9147,4050,6687
5940,7967,2878,162,1885,1629
5940,7967,2878,6758,3220,8912
5940,7967,2878,8670,4213,5005
5940,7967,2878,4231,2383,3183
5940,7967,2878,77,5140,7869
5940,7967,2878,2409,8979,2332
5940,7967,2878,3380,5200,2096
5940,7967,2878,1863,5677,8248
5940,7967,2878,7394,2295,5992
5940,7967,2878,9547,8864,3324
5940,7967,2878,504,9020,7922
5940,7967,2878,8592,1773,3569
5940,7967,2878,1370,7488,8886
5940,7967,2878,8572,761,6275
5940,7967,2878,5802,7433,5541
5940,7967,2878,7266,268,1598
5940,7967,2878,2820,2121,9497
5940,7967,2878,2490,6426,375
5940,7967,2878,1377,1850,5383
5940,7967,2878,4673,8421,7582
5940,7967,2878,9756,5917,3596
5940,7967,2878,3375,3835,3892
5940,7967,2878,9844,2446,1099
5940,7967,2878,8568,4866,1172
5940,7967,2878,1834,920,1939
5940,7967,2878,5070,787,3235
5940,7967,2878,1718,5639,6561
5940,7967,2878,663,7887,9775
5940,7967,2878,7471,4469,2846
5940,7967,2878,7347,8413,1294
5940,7967,2878,4962,622,9903
5940,7967,2878,2030,2324,1872
5940,7967,2878,6549,3567,4656
5940,7967,2878,1540,4489,150
5940,7967,2878,2656,7647,1408
5940,7967,2878,5326,9971,1499
5940,7967,2878,6966,6838,1404
5940,7967,2878,8003,8107,6283
5940,7967,2878,6434,508,8750
5940,7967,2878,1594,9560,6897
5940,7967,2878,2308,9549,2856
5940,7967,2878,8474,6935,6996
5940,7967,2878,3463,9950,9009
5940,7967,2878,2136,428,3799
5940,7967,2878,7944,3778,6338
5940,7967,2878,9580,5397,7561
5940,7967,2878,627,5496,7062
5940,7967,2878,9691,7111,9446
5940,7967,2878,6706,7244,4190
5940,7967,2878,2536,9855,2084
5940,7967,2878,9689,1781,7832
5940,7967,2878,8210,3294,4659
5940,7967,2878,296,3198,748
5940,7967,2878,2694,271,8892
5940,7967,2878,3409,7037,16
5940,7967,2878,9320,8438,7717
5940,7967,2878,6878,6870,9926
5940,7967,2878,9691,4485,9174
5940,7967,2878,7176,5912,494
5940,7967,2878,7505,2365,2831
5940,7967,2878,5076,9976,9321
5940,7967,2878,5483,546,2055
5940,7967,2878,8265,6927,46
5940,7967,2878,1902,9805,1707
5940,7967,2878,9845,460,5841
5940,7967,2878,5926,8366,3804
5940,7967,2878,4123,2305,1081
5940,7967,2878,1121,8824,6330
5940,7967,2878,8542,9681,8880
5940,7967,2878,7436,9190,7022
5940,7967,2878,154,7666,5942
5940,7967,2878,9409,9460,4086
5940,7967,2878,4150,2256,8403
5940,7967,2878,9998,9268,9155
5940,7967,2878,1625,210,1958
5940,7967,2878,6831,6583,1759
5940,7967,2878,1895,9274,8540
5940,7967,2878,5836,3825,7531
5940,7967,2878,3278,82,8876
5940,7967,2878,557,1317,367
5940,7967,2878,7475,6271,1732
5940,7967,2878,6123,1849,529
5940,7967,2878,2021,9034,176
5940,7967,2878,2393,6314,9615
5940,7967,2878,2104,219,7201
5940,7967,2878,58,6379,8231
5940,7967,2878,5540,8753,8485
5940,7967,2878,7925,6851,6155
5940,7967,2878,9426,6251,9732
5940,7967,2878,7494,2766,6581
5940,7967,2878,6862,3040,7839
5940,7967,2878,4539,2691,3340
5940,7967,2878,3,9901,4977
5940,7967,2878,4755,1949,3765
5940,7967,2878,9028,4521,8935
5940,7967,2878,9949,3923,1304
5940,7967,2878,1902,4381,435
5940,7967,2878,3502,4964,7350
5940,7967,2878,9574,4425,6373
5940,7967,2878,6959,3942,1318
5940,7967,2878,4051,2672,1426
5940,7967,2878,9368,9511,5083
5940,7967,2878,9805,7095,7263
5940,7967,2878,2851,1900,822
5940,7967,2878,9213,9861,6710
5940,7967,2878,7582,5798,6295
5940,7967,2878,7749,6920,2861
5940,7967,2878,8136,7391,5585
5940,7967,2878,6710,3062,8463
5940,7967,2878,6414,1685,9668
5940,7967,2878,6323,9065,7647
5940,7967,2878,5753,4687,2069
5940,7967,2878,373,4636,1312
5940,7967,2878,3055,3158,6812
5940,7967,2878,9565,7101,9761
5940,7967,2878,1980,4041,8068
5940,7967,2878,7720,7603,6066
5940,7967,2878,7113,1540,5514
5940,7967,2878,2480,5639,9759
5940,7967,2878,7888,8775,7823
5940,7967,2878,5982,1776,9842
5940,7967,2878,9938,7854,6235
5940,7967,2878,2052,3029,9287
5940,7967,2878,3028,9454,128
5940,7967,2878,4824,8754,7795
5940,7967,2878,8527,2237,9708
5940,7967,2878,3529,4170,902
5940,7967,2878,6275,2776,1743
5940,7967,2878,382,420,4141
5940,7967,2878,3501,9317,6193
5940,7967,2878,3150,2958,1839
5940,7967,2878,1498,4135,3837
5940,7967,2878,8724,5567,3640
5940,7967,2878,6818,4912,7935
5940,7967,2878,8915,6338,1230
5940,7967,2878,3893,7379,7495
5940,7967,2878,5152,9301,7680
5940,7967,2878,3436,7445,1904
5940,7967,2878,9787,3424,9010
5940,7967,2878,2512,5204,1668
5940,7967,2878,6977,949,7566
5940,7967,2878,6070,7469,9985
5940,7967,2878,5703,8465,4983
5940,7967,2878,1559,3643,9684
5940,7967,2878,9270,6791,2421
5940,7967,2878,6464,7673,370
5940,7967,2878,5610,9400,585
5940,7967,2878,1240,5836,4508
5940,7967,2878,3524,8337,2857
5940,7967,2878,2531,3202,8384
5940,7967,2878,1444,6373,9214
5940,7967,2878,2903,5376,635
5940,7967,2878,3387,9526,6200
5940,7967,2878,6331,6098,3490
5940,7967,2878,222,8763,6429
5940,7967,2878,1396,8426,2078
5940,7967,2878,6612,4412,5583
5940,7967,2878,2250,294,306
5940,7967,2878,9576,28,2274
5940,7967,2878,4797,6315,1241
5940,7967,2878,1929,2671,5159
5940,7967,2878,8867,6746,711
5940,7967,2878,9110,1317,96
5940,7967,2878,3977,8458,2600
5940,7967,2878,5491,4491,2259
5940,7967,2878,4599,6499,6440
5940,7967,2878,1629,8737,6613
5940,7967,2878,88,8809,523
5940,7967,2878,6808,3447,638
5940,7967,2878,4376,7967,951
5940,7967,2878,3988,3005,5544
5940,7967,2878,308,950,8356
5940,7967,2878,2740,2100,9278
5940,7967,2878,620,5522,8510
5940,7967,2878,2465,9820,465
5940,7967,2878,9119,3402,1440
5940,7967,2878,7717,3954,6967
5940,7967,2878,1542,1664,7405
5940,7967,2878,1289,6625,5827
5940,7967,2878,4775,3081,6874
5940,7967,2878,7042,6033,4692
5940,7967,2878,1342,2818,9786
5940,7967,2878,3296,4059,7552
5940,7967,2878,1099,7408,1467
5940,7967,2878,6685,8330,3412
5940,7967,2878,8373,799,1432
5940,7967,2878,819,1912,8135
5940,7967,2878,7376,9362,1096
5940,7967,2878,7808,6349,5351
5940,7967,2878,5207,5786,9726
5940,7967,2878,5520,916,1522
5940,7967,2878,5135,4227,2403
5940,7967,2878,4832,2948,2795
5940,7967,2878,8130,5847,7956
5940,7967,2878,4225,2022,70
5940,7967,2878,1056,3492,8426
5940,7967,2878,2357,8259,4475
5940,7967,2878,9770,2469,5848
5940,7967,2878,487,1854,7986
5940,7967,2878,4387,8190,7544
5940,7967,2878,8716,7928,3284
5940,7967,2878,4250,3886,4180
5940,7967,2878,8104,678,2018
5940,7967,2878,2859,5282,650
5940,7967,2878,1038,1592,9316
5940,7967,2878,4565,1610,4822
5940,7967,2878,3038,2707,2627
5940,7967,2878,2970,3271,5651
5940,7967,2878,7179,1658,8057
5940,7967,2878,364,9590,6962
5940,7967,2878,7246,2010,3657
5940,7967,2878,5808,658,2724
5940,7967,2878,9716,9607,7
5940,7967,2878,7107,8342,4387
5940,7967,2878,3149,3615,6718
5940,7967,2878,1230,8683,5539
5940,7967,2878,8896,6796,5707
5940,7967,2878,9981,9390,4731
5940,7967,2878,4167,911,6384
5940,7967,2878,7631,3183,9940
5940,7967,2878,3481,68,7968
5940,7967,2878,5690,590,1148
5940,7967,2878,877,3328,1802
5940,7967,2878,9180,4208,317
5940,7967,2878,4043,9898,8451
5940,7967,2878,1020,4321,2994
5940,7967,2878,2413,5823,8689
5940,7967,2878,9300,2994,4755
5940,7967,2878,3184,3368,2465
5940,7967,2878,6911,3568,1173
5940,7967,2878,1080,4135,300
5940,7967,2878,9366,1658,7767
5940,7967,2878,2311,3556,4840
5940,7967,2878,2566,8793,1826
5940,7967,2878,481,3816,897
5940,7967,2878,3071,85,4990
5940,7967,2878,5334,6759,2390
5940,7967,2878,7083,9609,2317
5940,7967,2878,9275,9054,8597
5940,7967,2878,9993,1567,7764
5940,7967,2878,2258,3969,109
5940,7967,2878,2626,7175,2441
5940,7967,2878,5697,9449,60
5940,7967,2878,9925,8946,7650
5940,7967,2878,3134,6451,9453
5940,7967,2878,3847,1731,8916
5940,7967,2878,893,168,2483
5940,7967,2878,1226,1487,8342
5940,7967,2878,5799,3311,5377
5940,7967,2878,2287,2870,7572
5940,7967,2878,936,714,37
5940,7967,2878,2348,5537,715
5940,7967,2878,2795,8404,612
5940,7967,2878,4592,4935,5216
5940,7967,2878,8413,1938,3269
5940,7967,2878,847,9369,9959
5940,7967,2878,4901,9733,2068
5940,7967,2878,2783,5951,7078
5940,7967,2878,2524,7261,2827
5940,7967,2878,8038,5646,1032
5940,7967,2878,595,4007,2160
5940,7967,2878,6731,6924,9274
5940,7967,2878,1061,8577,7211
5940,7967,2878,1197,8164,1463
5940,7967,2878,7666,1474,6983
5940,7967,2878,1838,7582,1747
5940,7967,2878,1420,862,3815
5940,7967,2878,512,7483,1492
5940,7967,2878,2115,7275,4386
5940,7967,2878,2723,2908,9744
5940,7967,2878,3810,3959,5221
5940,7967,2878,6241,1077,9804
5940,7967,2878,3065,1328,6419
5940,7967,2878,4921,7828,3203
5940,7967,2878,5477,1679,1728
5940,7967,2878,9511,1603,6083
5940,7967,2878,7192,8496,3761
5940,7967,2878,7010,3575,8430
5940,7967,2878,1804,8596,4360
5940,7967,2878,7604,3577,8093
5940,7967,2878,3718,3681,6661
5940,7967,2878,1776,686,9036
5940,7967,2878,141,2147,508
5940,7967,2878,1632,5206,7161
5940,7967,2878,5811,7960,2357
5940,7967,2878,9196,3738,1465
5940,7967,2878,6451,1854,6687
5940,7967,2878,7566,3289,3361
5940,7967,2878,5403,2258,8813
5940,7967,2878,1657,2589,4361
5940,7967,2878,509,7653,6548
5940,7967,2878,3531,6547,8008
5940,7967,2878,5542,453,2548
5940,7967,2878,2428,1044,6677
5940,7967,2878,9565,315,1932
5940,7967,2878,3730,4362,1090
5940,7967,2878,7468,651,9771
5940,7967,2878,9772,1837,9925
5940,7967,2878,434,7513,6528
5940,7967,2878,8623,2430,5493
5940,7967,2878,9429,7965,9059
5940,7967,2878,3716,8032,6376
5940,7967,2878,4109,9390,1801
5940,7967,2878,7417,6596,6357
5940,7967,2878,4600,1539,2941
5940,7967,2878,7012,4974,5629
5940,7967,2878,7176,7022,4574
5940,7967,2878,2571,2500,6005
5940,7967,2878,3087,7858,9557
5940,7967,2878,6921,9221,4646
5940,7967,2878,5212,1621,2971
5940,7967,2878,189,3293,8285
5940,7967,2878,146,3906,4946
5940,7967,2878,6815,310,4721
5940,7967,2878,3671,5211,1843
5940,7967,2878,5490,2137,7315
5940,7967,2878,8505,5646,2150
5940,7967,2878,770,7365,757
5940,7967,2878,1582,4336,3585
5940,7967,2878,330,187,6101
5940,7967,2878,8533,8513,9058
5940,7967,2878,4263,2669,4083
5940,7967,2878,2595,9404,259
5940,7967,2878,9218,6813,4021
5940,7967,2878,4666,4134,4901
5940,7967,2878,6436,4888,5978
5940,7967,2878,8232,6121,4811
5940,7967,2878,9849,2063,9092
5940,7967,2878,147,8105,5355
5940,7967,2878,1818,5144,6738
5940,7967,2878,1438,4793,5945
5940,7967,2878,5345,930,6257
5940,7967,2878,7762,7506,7757
5940,7967,2878,5888,2963,2802
5940,7967,2878,3190,5466,276
5940,7967,2878,5869,9766,4318
5940,7967,2878,4360,6243,329
5940,7967,2878,7436,4755,1333
5940,7967,2878,196,1564,6929
5940,7967,2878,3323,3332,7908
5940,7967,2878,2556,5655,777
5940,7967,2878,9905,8481,4525
5940,7967,2878,6190,9355,3948
5940,7967,2878,9360,6256,4286
5940,7967,2878,3052,4118,6812
5940,7967,2878,6257,4131,3374
5940,7967,2878,6899,6282,7020
5940,7967,2878,522,7087,9166
5940,7967,2878,3711,2803,7484
5940,7967,2878,9129,3670,8269
5940,7967,2878,2964,1515,7426
5940,7967,2878,6583,5972,2463
5940,7967,2878,9912,5284,7224
5940,7967,2878,1995,431,8353
5940,7967,2878,7445,2856,9198
5940,7967,2878,491,3377,2928
5940,7967,2878,5401,7273,6856
5940,7967,2878,328,9461,9358
5940,7967,2878,7545,9389,4799
5940,7967,2878,6762,2969,2245
5940,7967,2878,8766,2552,6969
5940,7967,2878,1520,6316,2387
5940,7967,2878,3560,2944,5854
5940,7967,2878,6164,2645,669
5940,7967,2878,3354,5538,9346
5940,7967,2878,1591,3080,2386
5940,7967,2878,7381,3535,2427
5940,7967,2878,6919,5993,1330
5940,7967,2878,1555,1120,1112
5940,7967,2878,9914,2212,5620
5940,7967,2878,1261,7745,2682
5940,7967,2878,1483,90,5504
5940,7967,2878,8424,4433,2639
5940,7967,2878,7286,3906,9530
5940,7967,2878,8840,6305,1456
5940,7967,2878,2618,3998,7889
5940,7967,2878,7069,9529,1073
5940,7967,2878,7515,2414,6802
5940,7967,2878,3384,9556,2473
5940,7967,2878,4225,6560,8866
5940,7967,2878,9989,5892,4375
5940,7967,2878,987,6897,8836
5940,7967,2878,1036,9202,6202
5940,7967,2878,7339,882,9925
5940,7967,2878,9825,5347,2066
5940,7967,2878,726,7058,793
5940,7967,2878,9031,2588,8431
5940,7967,2878,2034,6120,5159
5940,7967,2878,6716,9481,1014
5940,7967,2878,494,7513,659
5940,7967,2878,2613,5165,1945
5940,7967,2878,7997,8122,5624
5940,7967,2878,4153,9710,8945
5940,7967,2878,2308,9024,5633
5940,7967,2878,8011,3190,4724
5940,7967,2878,8914,6955,9792
5940,7967,2878,1710,9985,3158
5940,7967,2878,9778,5619,2682
5940,7967,2878,5651,9003,4221
5940,7967,2878,3074,1612,3382
5940,7967,2878,4268,1288,7559
5940,7967,2878,8801,1078,5534
5940,7967,2878,7783,7309,3705
5940,7967,2878,384,8846,9613
5940,7967,2878,9810,1902,424
5940,7967,2878,1566,4500,37
5940,7967,2878,5831,7389,4716
5940,7967,2878,453,3599,7765
5940,7967,2878,7561,8501,3907
5940,7967,2878,5621,1416,187
5940,7967,2878,8392,2106,701
5940,7967,2878,8444,4764,1619
5940,7967,2878,9646,2617,4805
5940,7967,2878,7456,1112,1784
5940,7967,2878,9209,51,6840
5940,7967,2878,3610,4378,4479
5940,7967,2878,2718,5364,9049
5940,7967,2878,4744,7410,6179
5940,7967,2878,2027,576,9338
5940,7967,2878,5661,9224,9633
5940,7967,2878,2995,14,564
5940,7967,2878,9425,370,2153
5940,7967,2878,9367,1756,9484
5940,7967,2878,2840,3568,8790
5940,7967,2878,3026,5333,2796
5940,7967,2878,8448,702,3840
5940,7967,2878,8133,2853,2489
5940,7967,2878,493,6940,4405
5940,7967,2878,8425,626,8622
5940,7967,2878,5229,9004,5054
5940,7967,2878,291,3787,9924
5940,7967,2878,513,4788,4634
5940,7967,2878,3896,5824,2248
5940,7967,2878,3195,9485,7085
5940,7967,2878,5148,9577,4365
5940,7967,2878,7812,974,3793
5940,7967,2878,5622,4746,9150
5940,7967,2878,9606,9368,9073
5940,7967,2878,8455,6012,7678
5940,7967,2878,2907,622,8161
5940,7967,2878,7265,6273,8209
5940,7967,2878,5294,7278,3255
5940,7967,2878,9438,9945,5423
5940,7967,2878,448,5177,1113
5940,7967,2878,8219,3547,1152
5940,7967,2878,2083,1560,7828
5940,7967,2878,4562,4531,3197
5940,7967,2878,6295,3778,6352
5940,7967,2878,7842,7062,8184
5940,7967,2878,3209,7028,3379
5940,7967,2878,8989,2033,2616
5940,7967,2878,421,4749,8521
5940,7967,2878,8161,5615,8049
5940,7967,2878,4922,6391,4456
5940,7967,2878,496,5600,170
5940,7967,2878,1710,4263,7287
5940,7967,2878,352,1275,302
5940,7967,2878,6074,6494,2322
5940,7967,2878,6581,7279,6681
