9338,2513,5109,140,9061,8176
9338,2513,5109,6816,5181,8457
9338,2513,5109,7224,5270,4817
9338,2513,5109,5051,7116,4818
9338,2513,5109,6209,5020,2
9338,2513,5109,4429,7966,1746
9338,2513,5109,2121,1971,9870
9338,2513,5109,1659,7740,6055
9338,2513,5109,3929,9335,7565
9338,2513,5109,9560,3458,9427
9338,2513,5109,6588,8139,65
9338,2513,5109,9734,9581,3729
9338,2513,5109,6991,3015,7278
9338,2513,5109,2003,6463,5279
9338,2513,5109,5375,4847,9255
9338,2513,5109,2236,802,8648
9338,2513,5109,5040,931,4049
9338,2513,5109,5169,533,4242
9338,2513,5109,3459,1509,7001
9338,2513,5109,6806,9010,4781
9338,2513,5109,9829,330,7122
9338,2513,5109,5755,40,3618
9338,2513,5109,1804,5068,8130
9338,2513,5109,6314,5313,1547
9338,2513,5109,5380,5731,1348
9338,2513,5109,9407,1463,167
9338,2513,5109,3812,3904,7634
9338,2513,5109,8149,1501,9325
9338,2513,5109,4547,3504,6848
9338,2513,5109,3372,5293,7555
9338,2513,5109,835,728,9396
9338,2513,5109,1557,6559,9421
9338,2513,5109,1947,1003,5131
9338,2513,5109,9290,9945,2119
9338,2513,5109,9777,6360,843
9338,2513,5109,8261,186,4098
9338,2513,5109,7665,3216,2392
9338,2513,5109,4028,9865,2965
9338,2513,5109,5041,3919,2350
9338,2513,5109,8148,8720,8
9338,2513,5109,7713,7430,5219
9338,2513,5109,4742,6484,9132
9338,2513,5109,1481,5066,5657
9338,2513,5109,9964,1876,1917
9338,2513,5109,7536,6961,1712
9338,2513,5109,5786,7200,3446
9338,2513,5109,6447,7028,6689
9338,2513,5109,416,8298,4963
9338,2513,5109,7140,3122,726
9338,2513,5109,5240,4015,1805
9338,2513,5109,6258,59,6432
9338,2513,5109,1636,4190,4724
9338,2513,5109,8493,268,2817
9338,2513,5109,286,9725,3160
9338,2513,5109,191,3803,4064
9338,2513,5109,9250,6544,2089
9338,2513,5109,8510,4493,4609
9338,2513,5109,7548,9620,6269
9338,2513,5109,3385,2214,3064
9338,2513,5109,5536,6116,3125
9338,2513,5109,4803,4660,1429
9338,2513,5109,7897,3896,2534
9338,2513,5109,9708,9455,4807
9338,2513,5109,5325,3148,1058
9338,2513,5109,1125,5959,1319
9338,2513,5109,4679,1738,3866
9338,2513,5109,8676,404,985
9338,2513,5109,766,7191,8919
9338,2513,5109,3493,265,8021
9338,2513,5109,5735,8883,9844
9338,2513,5109,2929,4270,4369
9338,2513,5109,7459,7023,5622
9338,2513,5109,7290,8884,6129
9338,2513,5109,5738,2681,3218
9338,2513,5109,6055,8523,416
9338,2513,5109,4320,8001,1885
9338,2513,5109,4734,4519,2037
9338,2513,5109,4937,3651,8141
9338,2513,5109,6800,7191,5699
9338,2513,5109,3580,4173,9375
9338,2513,5109,1472,628,9668
9338,2513,5109,2815,6,6213
9338,2513,5109,9065,5300,615
9338,2513,5109,1022,2767,1959
9338,2513,5109,6449,3687,6026
9338,2513,5109,1074,7299,757
9338,2513,5109,352,2231,8803
9338,2513,5109,9106,8542,2602
9338,2513,5109,2754,9762,5793
9338,2513,5109,8332,1068,4444
9338,2513,5109,4119,4234,7389
9338,2513,5109,3569,8437,4269
9338,2513,5109,7845,1745,7947
9338,2513,5109,475,7765,7493
9338,2513,5109,6960,9546,5882
9338,2513,5109,9001,6597,840
9338,2513,5109,9957,9298,7512
9338,2513,5109,1184,8496,8824
9338,2513,5109,8460,3982,5203
9338,2513,5109,8251,6628,6961
9338,2513,5109,7813,8819,1387
9338,2513,5109,9028,1943,9688
9338,2513,5109,8792,1022,3492
9338,2513,5109,2866,8371,8417
9338,2513,5109,461,839,470
9338,2513,5109,5438,5708,3008
9338,2513,5109,1776,7620,6451
9338,2513,5109,5754,1348,8734
9338,2513,5109,6466,3236,1665
9338,2513,5109,1449,1144,1541
9338,2513,5109,4148,7933,3990
9338,2513,5109,3783,5165,9754
9338,2513,5109,1093,9486,5486
9338,2513,5109,6877,7681,4974
9338,2513,5109,9083,3021,2091
9338,2513,5109,3779,5034,315
9338,2513,5109,9963,2076,5427
9338,2513,5109,738,9602,8381
9338,2513,5109,4574,4720,8231
9338,2513,5109,8004,4314,569
9338,2513,5109,1542,1235,4236
9338,2513,5109,9532,4680,825
9338,2513,5109,8303,4210,7287
9338,2513,5109,3032,8927,727
9338,2513,5109,5382,636,2222
9338,2513,5109,8444,1803,2374
9338,2513,5109,9367,4308,9652
9338,2513,5109,9351,2843,4841
9338,2513,5109,1765,9525,7693
9338,2513,5109,1640,3622,3469
9338,2513,5109,5608,4070,1374
9338,2513,5109,5978,4399,9519
9338,2513,5109,3224,9686,2808
9338,2513,5109,3658,4590,9654
9338,2513,5109,1701,9540,1292
9338,2513,5109,6952,9507,1223
9338,2513,5109,5568,1750,6398
9338,2513,5109,9531,2815,4638
9338,2513,5109,4895,2517,9865
9338,2513,5109,4126,6023,9660
9338,2513,5109,1246,8562,6961
9338,2513,5109,7720,9977,7044
9338,2513,5109,6128,4940,6696
9338,2513,5109,6418,8159,7964
9338,2513,5109,4830,3554,4560
9338,2513,5109,3726,6638,3821
9338,2513,5109,190,8533,3195
9338,2513,5109,5566,2748,400
9338,2513,5109,340,5744,6236
9338,2513,5109,6550,4343,1376
9338,2513,5109,3113,954,2866
9338,2513,5109,453,5368,426
9338,2513,5109,5938,7874,7016
9338,2513,5109,5872,6226,6616
9338,2513,5109,9250,2787,9193
9338,2513,5109,6114,3878,8289
9338,2513,5109,7442,4395,6646
9338,2513,5109,614,9871,1273
9338,2513,5109,6574,8334,2013
9338,2513,5109,7876,2046,1155
9338,2513,5109,2469,7833,3160
9338,2513,5109,3039,7847,609
9338,2513,5109,1028,6760,217
9338,2513,5109,8264,9271,8609
9338,2513,5109,1556,8251,6873
9338,2513,5109,5354,8976,4900
9338,2513,5109,3169,8797,2544
9338,2513,5109,6712,9861,1489
9338,2513,5109,5006,2368,1967
9338,2513,5109,4209,486,6374
9338,2513,5109,5325,7163,390
9338,2513,5109,1533,6864,8176
9338,2513,5109,2918,4148,7029
9338,2513,5109,7491,4100,61
9338,2513,5109,3370,6025,6430
9338,2513,5109,5348,8421,3630
9338,2513,5109,2879,3662,394
9338,2513,5109,4227,9264,5866
9338,2513,5109,3619,6015,1008
9338,2513,5109,6710,6039,1994
9338,2513,5109,5191,7510,5943
9338,2513,5109,9706,898,4034
9338,2513,5109,5705,8244,2796
9338,2513,5109,5881,4349,1194
9338,2513,5109,484,6439,5959
9338,2513,5109,3066,64,5603
9338,2513,5109,9451,6257,988
9338,2513,5109,3947,3941,28
9338,2513,5109,4493,2537,2935
9338,2513,5109,2266,8289,9397
9338,2513,5109,2842,4442,2301
9338,2513,5109,5054,8089,2024
9338,2513,5109,8079,1301,7802
9338,2513,5109,9228,9931,8295
9338,2513,5109,8929,2801,290
9338,2513,5109,7267,8282,5886
9338,2513,5109,4869,5596,6845
9338,2513,5109,8033,8839,1722
9338,2513,5109,7616,9405,5893
9338,2513,5109,3645,4391,4005
9338,2513,5109,1257,1703,2936
9338,2513,5109,3474,319,5991
9338,2513,5109,9771,7159,332
9338,2513,5109,354,5415,9786
9338,2513,5109,2663,1900,7596
9338,2513,5109,8878,4366,7786
9338,2513,5109,9145,2874,5134
9338,2513,5109,8864,3919,765
9338,2513,5109,321,9137,9707
9338,2513,5109,9157,6850,7480
9338,2513,5109,2097,7971,4103
9338,2513,5109,253,6835,9124
9338,2513,5109,58,8482,7971
9338,2513,5109,6050,6247,6932
9338,2513,5109,5116,6493,4674
9338,2513,5109,6440,59,5259
9338,2513,5109,1587,2590,3813
9338,2513,5109,9334,9516,5886
9338,2513,5109,9274,6145,6354
9338,2513,5109,8061,1364,9126
9338,2513,5109,7800,5284,5575
9338,2513,5109,4496,9411,5508
9338,2513,5109,7335,8830,9466
9338,2513,5109,3574,8306,8
9338,2513,5109,5611,9985,9894
9338,2513,5109,1798,9598,8781
9338,2513,5109,7916,7100,300
9338,2513,5109,9373,1751,2968
9338,2513,5109,8816,3696,45
9338,2513,5109,8591,8870,9560
9338,2513,5109,3349,8647,7511
9338,2513,5109,6234,6180,4814
9338,2513,5109,6852,8313,8679
9338,2513,5109,8537,6352,1324
9338,2513,5109,7382,7427,8669
9338,2513,5109,5032,2260,5128
9338,2513,5109,8012,6268,7558
9338,2513,5109,8826,277,5832
9338,2513,5109,2747,1936,6756
9338,2513,5109,9566,4009,4437
9338,2513,5109,568,4336,2105
9338,2513,5109,4445,2874,6702
9338,2513,5109,1443,7663,2572
9338,2513,5109,84,3008,1997
9338,2513,5109,4608,9581,3405
9338,2513,5109,260,6997,1108
9338,2513,5109,6357,7282,5279
9338,2513,5109,1086,3030,3545
9338,2513,5109,8294,1736,2948
9338,2513,5109,2356,83,1065
9338,2513,5109,968,6772,4599
9338,2513,5109,5600,6359,9565
9338,2513,5109,1393,1563,1191
9338,2513,5109,7977,3745,5665
9338,2513,5109,934,782,1561
9338,2513,5109,6100,4384,3955
9338,2513,5109,2901,890,8898
9338,2513,5109,6320,384,75
9338,2513,5109,3095,3171,8255
9338,2513,5109,5514,2533,5424
9338,2513,5109,6562,3449,7318
9338,2513,5109,4179,1068,740
9338,2513,5109,881,5411,8377
9338,2513,5109,3593,5878,1345
9338,2513,5109,6555,1964,3989
9338,2513,5109,4663,178,5491
9338,2513,5109,3488,3621,1520
9338,2513,5109,890,8819,3500
9338,2513,5109,9162,8006,399
9338,2513,5109,5835,6309,7082
9338,2513,5109,5448,4769,5240
9338,2513,5109,1253,6369,12
9338,2513,5109,4574,29,7550
9338,2513,5109,6677,6820,3247
9338,2513,5109,5636,9778,7988
9338,2513,5109,1442,5795,7018
9338,2513,5109,5657,1641,1728
9338,2513,5109,9053,5772,2954
9338,2513,5109,1457,7768,9594
9338,2513,5109,9252,5915,1842
9338,2513,5109,9432,2746,4299
9338,2513,5109,4795,5975,9373
9338,2513,5109,3209,5003,6110
9338,2513,5109,8165,8952,469
9338,2513,5109,7963,4671,7226
9338,2513,5109,5386,3209,5965
9338,2513,5109,1602,8741,6857
9338,2513,5109,7424,241,3039
9338,2513,5109,2915,5833,7113
9338,2513,5109,5395,3651,4289
9338,2513,5109,9025,6943,72
9338,2513,5109,3118,9475,6816
9338,2513,5109,2317,4037,9647
9338,2513,5109,7453,890,8797
9338,2513,5109,8224,8619,3174
9338,2513,5109,5326,4925,4005
9338,2513,5109,5951,4147,5466
9338,2513,5109,5801,5359,7435
9338,2513,5109,9878,394,9641
9338,2513,5109,8848,9542,2775
9338,2513,5109,9059,2450,5828
9338,2513,5109,5205,7517,7702
9338,2513,5109,4497,6167,4428
9338,2513,5109,9743,5843,8918
9338,2513,5109,2422,5152,9268
9338,2513,5109,1722,6222,1846
9338,2513,5109,1483,8102,9599
9338,2513,5109,8279,6855,8545
9338,2513,5109,6126,5854,2567
9338,2513,5109,5962,2024,2387
9338,2513,5109,9905,3292,5433
9338,2513,5109,272,5526,283
9338,2513,5109,9615,6799,7765
9338,2513,5109,5250,7027,5004
9338,2513,5109,5557,9630,8164
9338,2513,5109,2267,4277,4224
9338,2513,5109,9599,8431,5466
9338,2513,5109,9623,9417,5517
9338,2513,5109,590,3864,9321
9338,2513,5109,866,5387,9016
9338,2513,5109,8318,8632,3097
9338,2513,5109,6268,8984,1005
9338,2513,5109,720,5228,5051
9338,2513,5109,9027,7294,2656
9338,2513,5109,8161,4342,3475
9338,2513,5109,8333,1449,4521
9338,2513,5109,573,4469,8796
9338,2513,5109,6859,1609,1841
9338,2513,5109,7633,39,6233
9338,2513,5109,9889,2059,389
9338,2513,5109,6676,2048,9045
9338,2513,5109,4216,9250,5378
9338,2513,5109,796,2668,107
9338,2513,5109,8507,5690,3698
9338,2513,5109,8598,670,8386
9338,2513,5109,7739,3994,4022
9338,2513,5109,8235,180,7979
9338,2513,5109,8231,3865,416
9338,2513,5109,2457,4955,7212
9338,2513,5109,543,9407,3838
9338,2513,5109,833,3859,7026
9338,2513,5109,7014,3179,9886
9338,2513,5109,47,4820,7993
9338,2513,5109,2935,7244,738
9338,2513,5109,1325,3703,7446
9338,2513,5109,7775,6762,2789
9338,2513,5109,1007,3456,382
9338,2513,5109,9088,3344,6930
9338,2513,5109,4614,4835,9482
9338,2513,5109,2551,7699,563
9338,2513,5109,1795,8872,5728
9338,2513,5109,7189,8797,1650
9338,2513,5109,3784,1292,2387
9338,2513,5109,1730,8188,423
9338,2513,5109,1703,3043,5092
9338,2513,5109,5129,2811,3849
9338,2513,5109,197,2451,6700
9338,2513,5109,8918,8888,6277
9338,2513,5109,4538,9619,2008
9338,2513,5109,5302,6281,7225
9338,2513,5109,8388,3645,6313
9338,2513,5109,6255,5309,265
9338,2513,5109,2938,3267,2182
9338,2513,5109,8661,1161,3897
9338,2513,5109,4157,4967,5227
9338,2513,5109,3136,2352,4144
9338,2513,5109,6857,9293,9894
9338,2513,5109,1193,9479,9091
9338,2513,5109,1775,8443,1584
9338,2513,5109,3963,9682,1850
9338,2513,5109,755,7636,5998
9338,2513,5109,8605,1726,1128
9338,2513,5109,3603,356,9743
9338,2513,5109,4752,3447,8672
9338,2513,5109,756,2634,4469
9338,2513,5109,4283,561,2760
9338,2513,5109,751,7381,4815
9338,2513,5109,3604,6539,8301
9338,2513,5109,4143,2054,3013
9338,2513,5109,3395,501,5312
9338,2513,5109,7343,528,1232
9338,2513,5109,8748,6159,3151
9338,2513,5109,1966,9282,2840
9338,2513,5109,6676,2586,3446
9338,2513,5109,726,3344,3225
9338,2513,5109,3418,5693,8560
9338,2513,5109,1464,2865,2166
9338,2513,5109,9291,4358,6806
9338,2513,5109,4764,159,4149
9338,2513,5109,1102,7960,3446
9338,2513,5109,1060,9375,7806
9338,2513,5109,6480,4804,5665
9338,2513,5109,9398,4378,8907
9338,2513,5109,9389,3193,8423
9338,2513,5109,8841,9297,3037
9338,2513,5109,7610,3013,9224
9338,2513,5109,3013,1426,1088
9338,2513,5109,5806,4453,7899
9338,2513,5109,546,2193,5549
9338,2513,5109,4033,5603,8944
9338,2513,5109,8257,3642,9388
9338,2513,5109,2971,7794,7119
9338,2513,5109,2060,2013,3382
9338,2513,5109,4085,910,3023
9338,2513,5109,7987,1031,2689
9338,2513,5109,4504,6210,1438
9338,2513,5109,7290,543,8608
9338,2513,5109,999,9664,8520
9338,2513,5109,4015,1557,7815
9338,2513,5109,6825,2997,9429
9338,2513,5109,7376,3069,3758
9338,2513,5109,6384,4491,9487
9338,2513,5109,208,3975,9434
9338,2513,5109,4092,8305,7725
9338,2513,5109,9455,8263,3745
9338,2513,5109,4521,7270,3517
9338,2513,5109,1915,9872,2824
9338,2513,5109,2727,2257,3013
9338,2513,5109,3501,8411,7081
9338,2513,5109,4379,9705,9807
9338,2513,5109,7207,4776,2957
9338,2513,5109,8423,5258,3340
9338,2513,5109,4251,4546,1535
9338,2513,5109,4635,9307,3866
9338,2513,5109,4194,7110,8289
9338,2513,5109,8329,5714,5741
9338,2513,5109,101,224,3062
9338,2513,5109,6517,8467,8615
9338,2513,5109,7254,3717,2222
9338,2513,5109,9930,442,9152
9338,2513,5109,4831,482,5804
9338,2513,5109,49,6552,448
9338,2513,5109,1036,7770,1788
9338,2513,5109,4233,3953,7671
9338,2513,5109,8517,3423,1378
9338,2513,5109,8903,2526,4111
9338,2513,5109,4974,1640,7537
9338,2513,5109,8721,823,7911
9338,2513,5109,6341,950,5026
9338,2513,5109,9761,9756,9825
9338,2513,5109,5796,10,9243
9338,2513,5109,3337,3745,2818
9338,2513,5109,6020,5148,2826
9338,2513,5109,6585,2385,1380
9338,2513,5109,3379,7957,1390
9338,2513,5109,2595,3951,4699
9338,2513,5109,7334,8497,1039
9338,2513,5109,3988,4661,5867
9338,2513,5109,2047,9466,7554
9338,2513,5109,5484,1038,6478
9338,2513,5109,8949,3882,14
9338,2513,5109,9643,3925,1720
9338,2513,5109,6387,9171,7123
9338,2513,5109,4129,4804,669
9338,2513,5109,3232,870,9254
9338,2513,5109,1149,5780,9397
9338,2513,5109,8545,2297,1945
9338,2513,5109,5366,6832,8633
9338,2513,5109,9113,7155,6431
9338,2513,5109,3359,3380,7373
9338,2513,5109,6946,709,1032
9338,2513,5109,1259,8739,1351
9338,2513,5109,5463,9657,5130
9338,2513,5109,8857,5393,4210
9338,2513,5109,2804,334,194
9338,2513,5109,5460,1351,3458
9338,2513,5109,1178,3345,8561
9338,2513,5109,9930,1906,2833
9338,2513,5109,6193,6227,6530
9338,2513,5109,3561,4078,4501
9338,2513,5109,5289,7990,518
9338,2513,5109,6923,5462,2753
9338,2513,5109,1864,5658,4011
9338,2513,5109,4060,7421,6668
9338,2513,5109,3914,4461,2228
9338,2513,5109,96,5257,2766
9338,2513,5109,5886,579,2289
9338,2513,5109,1604,1249,3831
9338,2513,5109,8303,93,3772
9338,2513,5109,7479,2371,9259
9338,2513,5109,9293,4107,435
9338,2513,5109,5319,6694,5416
9338,2513,5109,4605,5293,7752
9338,2513,5109,4502,4414,6685
9338,2513,5109,2848,5878,5498
9338,2513,5109,2409,1866,9978
9338,2513,5109,9902,2496,5389
9338,2513,5109,9175,68,5057
9338,2513,5109,2414,1725,8156
9338,2513,5109,3898,1483,6350
9338,2513,5109,4283,8174,9372
9338,2513,5109,1351,1679,7989
9338,2513,5109,5045,4905,3133
9338,2513,5109,9291,1485,5073
9338,2513,5109,5720,7563,72
9338,2513,5109,6557,6157,8185
9338,2513,5109,9661,428,2398
9338,2513,5109,7572,3591,262
9338,2513,5109,1458,142,3171
9338,2513,5109,8058,1816,7550
9338,2513,5109,3301,5912,2998
9338,2513,5109,9224,3931,1565
9338,2513,5109,8473,7212,4849
9338,2513,5109,8268,6857,5742
9338,2513,5109,9698,5571,1683
9338,2513,5109,7887,7691,546
9338,2513,5109,1894,7328,8678
9338,2513,5109,3494,7803,5197
9338,2513,5109,8370,4068,5795
9338,2513,5109,1709,9728,1343
