1468,6979,9208,1294,1891,4026
1468,6979,9208,4058,9194,5226
1468,6979,9208,2466,768,4456
1468,6979,9208,6657,3105,3569
1468,6979,9208,704,1363,3388
1468,6979,9208,6357,6538,8803
1468,6979,9208,6959,6463,6967
1468,6979,9208,577,4582,7090
1468,6979,9208,8499,7671,4180
1468,6979,9208,2850,2497,8306
1468,6979,9208,496,7133,2756
1468,6979,9208,9842,2430,7540
1468,6979,9208,5613,9127,1015
1468,6979,9208,3797,9998,4695
1468,6979,9208,5675,9914,9280
1468,6979,9208,7534,2474,9045
1468,6979,9208,2597,1869,9546
1468,6979,9208,2121,7351,4661
1468,6979,9208,8075,247,1201
1468,6979,9208,7963,4536,3838
1468,6979,9208,312,3699,6344
1468,6979,9208,166,6738,3442
1468,6979,9208,3860,3337,4097
1468,6979,9208,2973,1013,6833
1468,6979,9208,7844,9619,1285
1468,6979,9208,2381,7991,3819
1468,6979,9208,9914,5772,7414
1468,6979,9208,4882,973,6874
1468,6979,9208,3856,980,1231
1468,6979,9208,496,7494,3260
1468,6979,9208,2733,2512,4250
1468,6979,9208,3195,6750,7671
1468,6979,9208,1532,9338,4279
1468,6979,9208,2376,3870,3907
1468,6979,9208,1406,1129,3072
1468,6979,9208,6812,8697,743
1468,6979,9208,8713,354,7717
1468,6979,9208,7240,1313,3177
1468,6979,9208,463,449,3241
1468,6979,9208,3087,8160,155
1468,6979,9208,7932,2952,7456
1468,6979,9208,4612,6794,1708
1468,6979,9208,3638,3433,3589
1468,6979,9208,7987,2535,3710
1468,6979,9208,5530,9981,4205
1468,6979,9208,8173,3182,4529
1468,6979,9208,7678,5065,7826
1468,6979,9208,5720,863,4507
1468,6979,9208,7397,3454,5985
1468,6979,9208,6362,364,5864
1468,6979,9208,4331,9077,6250
1468,6979,9208,9553,5217,5062
1468,6979,9208,5320,2312,9319
1468,6979,9208,9976,1463,8926
1468,6979,9208,2021,6308,9041
1468,6979,9208,4225,9175,2781
1468,6979,9208,5235,6565,5037
1468,6979,9208,1833,9851,3627
1468,6979,9208,6855,7943,5367
1468,6979,9208,7692,703,5278
1468,6979,9208,5430,1438,5606
1468,6979,9208,7040,7127,5408
1468,6979,9208,1201,6608,841
1468,6979,9208,7424,8239,3902
1468,6979,9208,3678,4881,6077
1468,6979,9208,1544,573,1527
1468,6979,9208,7823,1232,266
1468,6979,9208,5933,8760,761
1468,6979,9208,5455,9364,6273
1468,6979,9208,7071,1904,688
1468,6979,9208,123,5538,6732
1468,6979,9208,2897,4586,7285
1468,6979,9208,46,6557,1427
1468,6979,9208,2041,8055,6685
1468,6979,9208,5114,9432,9290
1468,6979,9208,283,6403,4377
1468,6979,9208,9122,4848,7640
1468,6979,9208,1287,3489,3997
1468,6979,9208,8813,6455,8784
1468,6979,9208,9097,4789,6913
1468,6979,9208,9103,3834,5147
1468,6979,9208,5762,9899,833
1468,6979,9208,2571,2733,8902
1468,6979,9208,5454,8228,7446
1468,6979,9208,5475,3058,3601
1468,6979,9208,196,9142,2444
1468,6979,9208,3859,4144,7639
1468,6979,9208,2874,1321,2916
1468,6979,9208,2560,1380,4198
1468,6979,9208,8605,228,3252
1468,6979,9208,9425,9829,2689
1468,6979,9208,9574,4461,292
1468,6979,9208,7243,6119,4519
1468,6979,9208,3072,934,2213
1468,6979,9208,3015,5499,9322
1468,6979,9208,7789,4585,7868
1468,6979,9208,7652,2222,7950
1468,6979,9208,8656,5034,4075
1468,6979,9208,8383,8493,1629
1468,6979,9208,1094,7454,1341
1468,6979,9208,8532,5192,5172
1468,6979,9208,6013,4779,3165
1468,6979,9208,974,264,8716
1468,6979,9208,616,5003,3429
1468,6979,9208,7883,397,1292
1468,6979,9208,871,1509,6815
1468,6979,9208,694,5011,8529
1468,6979,9208,4136,1928,7612
1468,6979,9208,7016,1895,3931
1468,6979,9208,1516,6989,1298
1468,6979,9208,3244,2203,7246
1468,6979,9208,3974,2636,9487
1468,6979,9208,3470,7010,8657
1468,6979,9208,8281,6782,1950
1468,6979,9208,2867,8529,1369
1468,6979,9208,2114,1129,2455
1468,6979,9208,7369,1720,7974
1468,6979,9208,2035,8873,3014
1468,6979,9208,4443,8244,5621
1468,6979,9208,7436,7963,494
1468,6979,9208,8499,3501,2250
1468,6979,9208,7328,8369,9964
1468,6979,9208,1431,4909,8832
1468,6979,9208,6091,3147,5777
1468,6979,9208,7219,2988,3344
1468,6979,9208,303,990,3348
1468,6979,9208,5541,3072,2875
1468,6979,9208,1071,7323,3274
1468,6979,9208,1504,9502,6787
1468,6979,9208,6251,6514,4637
1468,6979,9208,7983,3513,4483
1468,6979,9208,6087,9140,5659
1468,6979,9208,8972,206,1356
1468,6979,9208,7723,7112,3527
1468,6979,9208,1963,2633,2464
1468,6979,9208,3223,7001,194
1468,6979,9208,7227,5363,9126
1468,6979,9208,8470,9147,1679
1468,6979,9208,4173,4702,5981
1468,6979,9208,251,9938,534
1468,6979,9208,6063,9418,5694
1468,6979,9208,4428,532,9757
1468,6979,9208,6920,6442,676
1468,6979,9208,3418,8253,1879
1468,6979,9208,6728,5882,3887
1468,6979,9208,1614,4409,1336
1468,6979,9208,5867,9230,7849
1468,6979,9208,7410,7525,7023
1468,6979,9208,1345,7007,2229
1468,6979,9208,1867,1865,6959
1468,6979,9208,725,7053,4020
1468,6979,9208,254,2694,1127
1468,6979,9208,1782,6131,5367
1468,6979,9208,6816,3505,132
1468,6979,9208,877,4137,4634
1468,6979,9208,6997,9020,8593
1468,6979,9208,3279,8581,7462
1468,6979,9208,628,9134,8752
1468,6979,9208,4666,1966,3493
1468,6979,9208,6598,6834,829
1468,6979,9208,959,6562,3176
1468,6979,9208,6464,5974,3779
1468,6979,9208,222,5414,6640
1468,6979,9208,717,6926,8080
1468,6979,9208,4441,7072,8138
1468,6979,9208,4576,3687,3161
1468,6979,9208,2624,7604,5664
1468,6979,9208,5797,608,2340
1468,6979,9208,4113,1992,9304
1468,6979,9208,1100,917,8317
1468,6979,9208,1027,2253,7494
1468,6979,9208,4891,8995,8162
1468,6979,9208,2202,6426,9806
1468,6979,9208,340,7524,8753
1468,6979,9208,4518,5588,6048
1468,6979,9208,4222,581,5339
1468,6979,9208,9012,9259,3954
1468,6979,9208,4917,1866,7725
1468,6979,9208,9156,4269,2102
1468,6979,9208,8166,421,9018
1468,6979,9208,5370,9169,140
1468,6979,9208,9892,3454,1476
1468,6979,9208,7825,6518,7958
1468,6979,9208,7578,4992,2414
1468,6979,9208,8442,3251,3586
1468,6979,9208,3791,9801,9664
1468,6979,9208,8723,8533,9688
1468,6979,9208,7613,9938,92
1468,6979,9208,7304,6336,7477
1468,6979,9208,42,942,2839
1468,6979,9208,6535,6809,2392
1468,6979,9208,3539,3696,47
1468,6979,9208,4598,2131,7437
1468,6979,9208,5375,8775,7673
1468,6979,9208,3988,7224,3107
1468,6979,9208,1606,6843,591
1468,6979,9208,7315,3869,8356
1468,6979,9208,1280,9723,762
1468,6979,9208,7393,2820,1857
1468,6979,9208,8516,355,3459
1468,6979,9208,8083,1824,6022
1468,6979,9208,5368,7821,8932
1468,6979,9208,5843,829,3489
1468,6979,9208,7292,7506,4764
1468,6979,9208,5850,1343,8495
1468,6979,9208,1803,6373,879
1468,6979,9208,3537,7922,7373
1468,6979,9208,7938,3503,6703
1468,6979,9208,2194,457,8719
1468,6979,9208,2435,1903,324
1468,6979,9208,332,7037,9263
1468,6979,9208,1428,3502,6176
1468,6979,9208,4381,7759,3889
1468,6979,9208,5631,7814,3521
1468,6979,9208,8431,8307,5652
1468,6979,9208,4148,2932,8263
1468,6979,9208,9720,5166,4663
1468,6979,9208,8403,9469,1875
1468,6979,9208,6054,2041,7773
1468,6979,9208,583,714,1837
1468,6979,9208,5188,7760,5119
1468,6979,9208,8765,3299,3698
1468,6979,9208,772,5683,664
1468,6979,9208,5838,4574,7754
1468,6979,9208,4641,6474,499
1468,6979,9208,2557,8525,1089
1468,6979,9208,6066,913,6545
1468,6979,9208,1647,1614,5776
1468,6979,9208,5896,5446,3615
1468,6979,9208,5951,4549,628
1468,6979,9208,7973,9776,4863
1468,6979,9208,4393,6793,9878
1468,6979,9208,3695,8378,3509
1468,6979,9208,2856,5867,182
1468,6979,9208,5203,345,5370
1468,6979,9208,7006,5147,555
1468,6979,9208,4757,6580,3297
1468,6979,9208,64,9346,9508
1468,6979,9208,9695,8179,3303
1468,6979,9208,2307,1611,8620
1468,6979,9208,1175,5521,7230
1468,6979,9208,7537,9591,607
1468,6979,9208,3218,6229,6339
1468,6979,9208,2290,7119,30
1468,6979,9208,4763,7807,9791
1468,6979,9208,7193,2285,3065
1468,6979,9208,7073,2713,7199
1468,6979,9208,6186,3518,1752
1468,6979,9208,1304,5672,4783
1468,6979,9208,879,2781,1317
1468,6979,9208,5464,5373,7766
1468,6979,9208,1409,8449,2920
1468,6979,9208,6345,6763,8007
1468,6979,9208,7449,5893,4076
1468,6979,9208,5133,5065,5990
1468,6979,9208,2754,3874,8038
1468,6979,9208,4735,418,4402
1468,6979,9208,1123,1636,7367
1468,6979,9208,4185,1696,9486
1468,6979,9208,3412,9761,771
1468,6979,9208,9719,7600,4362
1468,6979,9208,947,9043,8887
1468,6979,9208,4416,773,6836
1468,6979,9208,124,2706,9702
1468,6979,9208,8868,959,4293
1468,6979,9208,7588,8408,9821
1468,6979,9208,6500,4739,153
1468,6979,9208,2387,4041,1991
1468,6979,9208,2626,1221,8004
1468,6979,9208,6562,3794,8553
1468,6979,9208,9476,6520,5131
1468,6979,9208,6758,4524,6166
1468,6979,9208,2007,5683,887
1468,6979,9208,814,7990,1109
1468,6979,9208,7531,5144,9400
1468,6979,9208,861,5711,8989
1468,6979,9208,4302,5420,7346
1468,6979,9208,6001,7933,5195
1468,6979,9208,2918,3647,4651
1468,6979,9208,7527,8628,1307
1468,6979,9208,1869,6685,6265
1468,6979,9208,8884,5971,6111
1468,6979,9208,826,8528,5847
1468,6979,9208,7597,3878,9859
1468,6979,9208,1450,1142,6472
1468,6979,9208,9314,4948,9794
1468,6979,9208,2719,8668,7128
1468,6979,9208,5940,1027,4596
1468,6979,9208,6282,3383,5480
1468,6979,9208,9729,3333,2948
1468,6979,9208,1495,6292,9737
1468,6979,9208,7692,2142,7476
1468,6979,9208,147,439,662
1468,6979,9208,8722,9612,5947
1468,6979,9208,2887,4563,1463
1468,6979,9208,3351,9878,882
1468,6979,9208,9600,8113,4504
1468,6979,9208,9417,3940,2444
1468,6979,9208,6822,699,3798
1468,6979,9208,1935,3565,5511
1468,6979,9208,6287,4703,4754
1468,6979,9208,7235,7315,2645
1468,6979,9208,5072,3097,5920
1468,6979,9208,3682,3122,2918
1468,6979,9208,9966,811,5887
1468,6979,9208,3191,6657,7823
1468,6979,9208,1412,429,5922
1468,6979,9208,6084,4564,6119
1468,6979,9208,4534,2869,5284
1468,6979,9208,6367,789,8466
1468,6979,9208,660,2626,796
1468,6979,9208,8760,3957,1400
1468,6979,9208,7531,1250,5651
1468,6979,9208,1409,7376,6221
1468,6979,9208,9922,5884,9947
1468,6979,9208,6182,7003,6520
1468,6979,9208,9640,7827,6007
1468,6979,9208,1588,7655,8890
1468,6979,9208,6031,8684,2022
1468,6979,9208,3510,8133,9927
1468,6979,9208,2072,3186,5003
1468,6979,9208,3702,5728,7811
1468,6979,9208,665,3403,6747
1468,6979,9208,5982,6284,8355
1468,6979,9208,1824,1344,283
1468,6979,9208,667,1324,3647
1468,6979,9208,5956,9132,5391
1468,6979,9208,3837,7297,3347
1468,6979,9208,8796,4967,3679
1468,6979,9208,8578,3357,744
1468,6979,9208,7468,4462,1678
1468,6979,9208,2474,9227,1077
1468,6979,9208,7540,8092,4527
1468,6979,9208,474,5577,3532
1468,6979,9208,4014,1815,6812
1468,6979,9208,7314,5393,9105
1468,6979,9208,1209,7408,2068
1468,6979,9208,3091,3927,1767
1468,6979,9208,3104,3669,8138
1468,6979,9208,9482,8776,689
1468,6979,9208,4831,8514,6598
1468,6979,9208,1907,6883,7771
1468,6979,9208,5618,2986,8944
1468,6979,9208,2741,6823,6265
1468,6979,9208,2380,8626,2029
1468,6979,9208,7972,1204,6730
1468,6979,9208,5743,2417,6566
1468,6979,9208,7036,7078,3089
1468,6979,9208,2862,6832,1483
1468,6979,9208,9940,4505,3281
1468,6979,9208,6013,5250,7222
1468,6979,9208,4678,5394,4740
1468,6979,9208,3842,8070,6833
1468,6979,9208,8420,6769,9687
1468,6979,9208,9141,5492,1155
1468,6979,9208,2712,9,647
1468,6979,9208,2366,4154,7763
1468,6979,9208,4793,8670,9403
1468,6979,9208,4684,5046,6669
1468,6979,9208,3783,3449,7198
1468,6979,9208,8519,1592,7593
1468,6979,9208,5381,9440,4494
1468,6979,9208,7744,6243,7459
1468,6979,9208,8037,5469,2697
1468,6979,9208,9246,8235,8621
1468,6979,9208,1130,5653,8539
1468,6979,9208,1487,6743,7701
1468,6979,9208,7315,1747,1379
1468,6979,9208,1150,5904,3210
1468,6979,9208,1857,9875,4153
1468,6979,9208,5472,1057,5073
1468,6979,9208,1437,2931,93
1468,6979,9208,2905,7570,4900
1468,6979,9208,820,402,4828
1468,6979,9208,5853,641,6008
1468,6979,9208,2052,4018,8141
1468,6979,9208,7888,5003,7891
1468,6979,9208,3272,6592,573
1468,6979,9208,656,3855,7688
1468,6979,9208,9937,4996,4777
1468,6979,9208,2931,4959,7287
1468,6979,9208,3001,176,5268
1468,6979,9208,5499,6151,4430
1468,6979,9208,4895,7703,6392
1468,6979,9208,2832,7573,7921
1468,6979,9208,7217,6157,1431
1468,6979,9208,783,6803,708
1468,6979,9208,3571,980,489
1468,6979,9208,7798,903,4819
1468,6979,9208,4737,60,7804
1468,6979,9208,5679,5163,7402
1468,6979,9208,9325,3005,1159
1468,6979,9208,6341,364,1771
1468,6979,9208,8910,8740,3950
1468,6979,9208,6553,3033,9412
1468,6979,9208,8813,2243,3329
1468,6979,9208,6881,9500,986
1468,6979,9208,4148,7999,8209
1468,6979,9208,7347,4474,5082
1468,6979,9208,737,6720,8184
1468,6979,9208,5051,8500,4803
1468,6979,9208,5393,1680,6109
1468,6979,9208,763,6989,6659
1468,6979,9208,933,5146,3097
1468,6979,9208,7061,7421,4082
1468,6979,9208,1830,2409,5067
1468,6979,9208,3894,457,3662
1468,6979,9208,657,3617,2059
1468,6979,9208,4338,6875,1306
1468,6979,9208,2548,7218,8722
1468,6979,9208,4634,1982,2211
1468,6979,9208,2317,4657,6616
1468,6979,9208,7887,3604,8925
1468,6979,9208,9883,9583,1364
1468,6979,9208,2260,6899,1322
1468,6979,9208,2933,673,9978
1468,6979,9208,5340,9652,2871
1468,6979,9208,5840,7520,308
1468,6979,9208,5428,5921,3954
1468,6979,9208,62,5266,4643
1468,6979,9208,3787,1941,2027
1468,6979,9208,58,1059,5393
1468,6979,9208,9951,278,9876
1468,6979,9208,5782,3255,3864
1468,6979,9208,4844,3550,7232
1468,6979,9208,2725,7367,4528
1468,6979,9208,2977,1477,5132
1468,6979,9208,5407,9035,6493
1468,6979,9208,9223,2994,5100
1468,6979,9208,2585,9620,9533
1468,6979,9208,5521,1017,7791
1468,6979,9208,2520,2576,6459
1468,6979,9208,9927,8465,5420
1468,6979,9208,9725,3208,9072
1468,6979,9208,4970,3581,5462
1468,6979,9208,8603,5052,2377
1468,6979,9208,7302,7316,9585
1468,6979,9208,853,4551,6729
1468,6979,9208,7919,547,1128
1468,6979,9208,9671,7144,551
1468,6979,9208,5465,847,4162
1468,6979,9208,3474,9748,9238
1468,6979,9208,4181,2015,3160
1468,6979,9208,9124,7510,5569
1468,6979,9208,4871,7372,844
1468,6979,9208,8069,894,5873
1468,6979,9208,8593,5664,4099
1468,6979,9208,4660,6460,1390
1468,6979,9208,3432,1236,4588
1468,6979,9208,1734,8646,3674
1468,6979,9208,9143,544,5701
1468,6979,9208,7193,7495,6465
1468,6979,9208,3704,8894,8604
1468,6979,9208,319,6732,7486
1468,6979,9208,4282,66,3383
1468,6979,9208,4361,3097,3517
1468,6979,9208,9814,8816,4765
1468,6979,9208,7715,8865,3434
1468,6979,9208,4934,1772,3408
1468,6979,9208,1802,4831,4714
1468,6979,9208,6375,8782,597
1468,6979,9208,9081,8829,9432
1468,6979,9208,561,2765,9630
1468,6979,9208,8384,97,1782
1468,6979,9208,2210,7515,9102
1468,6979,9208,7408,2672,2668
1468,6979,9208,1351,3030,5881
1468,6979,9208,5700,2919,1913
1468,6979,9208,55,1515,4053
1468,6979,9208,5096,6850,8517
1468,6979,9208,100,1102,3872
1468,6979,9208,9482,6755,2743
1468,6979,9208,2669,8245,8478
1468,6979,9208,9036,671,839
1468,6979,9208,7502,3762,2371
1468,6979,9208,1478,5003,4393
1468,6979,9208,3887,347,8971
1468,6979,9208,8329,3435,5021
1468,6979,9208,533,1819,7827
1468,6979,9208,7963,7646,4413
1468,6979,9208,2816,9652,3015
1468,6979,9208,3114,2570,1175
1468,6979,9208,2401,8667,5947
1468,6979,9208,345,6803,1350
1468,6979,9208,2763,8163,6411
1468,6979,9208,5537,5173,2795
1468,6979,9208,9301,9962,1566
1468,6979,9208,3419,2263,5494
1468,6979,9208,6193,2511,7617
1468,6979,9208,5176,3556,9744
1468,6979,9208,5755,1146,453
1468,6979,9208,9310,5524,4660
1468,6979,9208,6918,9084,8758
1468,6979,9208,4657,2563,8146
1468,6979,9208,2266,7381,8807
1468,6979,9208,860,8045,9060
1468,6979,9208,3979,8190,5654
1468,6979,9208,9714,7454,8958
1468,6979,9208,6506,9135,5563
1468,6979,9208,2853,1633,1226
1468,6979,9208,4499,2227,8622
1468,6979,9208,1404,5101,7320
1468,6979,9208,2254,6531,9922
1468,6979,9208,588,341,7679
1468,6979,9208,8410,2126,359
1468,6979,9208,6670,7372,9951
1468,6979,9208,3874,535,3685
1468,6979,9208,9615,8815,6056
1468,6979,9208,7293,7186,6991
1468,6979,9208,4912,7945,2707
