8116,2425,2850,2097,4027,2404
8116,2425,2850,1231,9715,5442
8116,2425,2850,3301,8169,235
8116,2425,2850,1542,2461,7595
8116,2425,2850,3429,2825,2156
8116,2425,2850,1034,5261,6519
8116,2425,2850,7675,6863,9722
8116,2425,2850,7314,38,5754
8116,2425,2850,6246,3744,4955
8116,2425,2850,1529,686,7109
8116,2425,2850,2092,3560,9642
8116,2425,2850,8750,7517,5624
8116,2425,2850,3737,5125,1644
8116,2425,2850,9474,4782,4197
8116,2425,2850,4702,2635,6256
8116,2425,2850,1209,5553,4456
8116,2425,2850,7323,8623,1812
8116,2425,2850,2980,5914,8522
8116,2425,2850,208,4504,3294
8116,2425,2850,7712,6111,9408
8116,2425,2850,9474,3735,194
8116,2425,2850,4127,9329,8564
8116,2425,2850,3200,5095,4120
8116,2425,2850,3258,5717,3172
8116,2425,2850,9499,7627,6090
8116,2425,2850,9058,1979,5690
8116,2425,2850,2876,6331,4834
8116,2425,2850,6516,5857,5001
8116,2425,2850,4967,4744,1405
8116,2425,2850,2768,5988,3324
8116,2425,2850,9774,3824,9626
8116,2425,2850,9153,258,5739
8116,2425,2850,2224,2316,7063
8116,2425,2850,6131,9268,2202
8116,2425,2850,9114,2874,1698
8116,2425,2850,3478,3737,5721
8116,2425,2850,358,7697,9600
8116,2425,2850,8902,6575,728
8116,2425,2850,3975,16,2623
8116,2425,2850,8912,8665,6291
8116,2425,2850,9341,7669,2728
8116,2425,2850,9674,7129,9082
8116,2425,2850,6841,3148,1150
8116,2425,2850,3388,2282,7801
8116,2425,2850,5506,4445,9398
8116,2425,2850,8073,1832,4514
8116,2425,2850,473,341,331
8116,2425,2850,4762,7506,399
8116,2425,2850,8246,1110,4948
8116,2425,2850,3303,7393,6371
8116,2425,2850,2047,3088,6405
8116,2425,2850,8804,4485,6852
8116,2425,2850,4961,1800,603
8116,2425,2850,1866,809,2188
8116,2425,2850,9481,3131,7022
8116,2425,2850,3962,8463,3238
8116,2425,2850,7698,816,4486
8116,2425,2850,3826,5747,1762
8116,2425,2850,8541,7510,3864
8116,2425,2850,3665,9908,8968
8116,2425,2850,1300,5047,1512
8116,2425,2850,9486,1607,1258
8116,2425,2850,3735,9250,5327
8116,2425,2850,490,2518,1286
8116,2425,2850,3509,3513,2027
8116,2425,2850,9031,5881,1343
8116,2425,2850,3908,5882,9974
8116,2425,2850,242,5673,8803
8116,2425,2850,4243,3756,5187
8116,2425,2850,7483,3997,2719
8116,2425,2850,2313,4514,1164
8116,2425,2850,6307,2464,3916
8116,2425,2850,8319,4967,7178
8116,2425,2850,9783,2577,582
8116,2425,2850,4286,671,5155
8116,2425,2850,1048,525,3804
8116,2425,2850,7659,4698,476
8116,2425,2850,5795,590,1716
8116,2425,2850,7277,3801,1587
8116,2425,2850,4589,4791,3378
8116,2425,2850,998,5312,1391
8116,2425,2850,1805,7058,6973
8116,2425,2850,6172,6204,8953
8116,2425,2850,5836,3225,8304
8116,2425,2850,2043,7936,4528
8116,2425,2850,6286,7118,5952
8116,2425,2850,9357,2923,9310
8116,2425,2850,7856,7119,2976
8116,2425,2850,9492,5218,7769
8116,2425,2850,5945,6720,9743
8116,2425,2850,8253,3850,8643
8116,2425,2850,9039,257,2226
8116,2425,2850,5109,958,4094
8116,2425,2850,3820,4686,4853
8116,2425,2850,6210,5249,1127
8116,2425,2850,4191,9533,298
8116,2425,2850,4839,9052,9461
8116,2425,2850,9169,5104,3272
8116,2425,2850,597,3000,2849
8116,2425,2850,8914,3112,655
8116,2425,2850,9020,9561,2944
8116,2425,2850,6561,123,8607
8116,2425,2850,9668,122,3958
8116,2425,2850,7735,5209,87
8116,2425,2850,6339,6179,5765
8116,2425,2850,2780,2293,795
8116,2425,2850,7898,4075,3403
8116,2425,2850,6046,3975,1008
8116,2425,2850,5874,8696,6071
8116,2425,2850,8042,7515,4081
8116,2425,2850,6330,7438,1960
8116,2425,2850,7009,800,6425
8116,2425,2850,6139,4753,2137
8116,2425,2850,7195,5272,2585
8116,2425,2850,3728,8294,5464
8116,2425,2850,4559,5833,4898
8116,2425,2850,3987,2352,818
8116,2425,2850,1084,4738,2003
8116,2425,2850,4696,2119,1726
8116,2425,2850,9912,3945,3472
8116,2425,2850,3697,2846,692
8116,2425,2850,7267,7900,6601
8116,2425,2850,8470,1012,6439
8116,2425,2850,8638,7076,7618
8116,2425,2850,642,9081,5199
8116,2425,2850,1264,3849,9276
8116,2425,2850,791,726,4248
8116,2425,2850,4338,7343,952
8116,2425,2850,7672,3180,7096
8116,2425,2850,3461,6981,2641
8116,2425,2850,6145,9329,5733
8116,2425,2850,6957,5595,8218
8116,2425,2850,2218,3541,473
8116,2425,2850,3731,2839,5085
8116,2425,2850,6292,4908,1180
8116,2425,2850,5786,3292,3329
8116,2425,2850,3235,2320,8768
8116,2425,2850,5413,2258,3376
8116,2425,2850,3116,5288,8044
8116,2425,2850,8139,9110,810
8116,2425,2850,7501,2677,805
8116,2425,2850,11,3823,1524
8116,2425,2850,8513,4858,3488
8116,2425,2850,2956,4441,5527
8116,2425,2850,1373,8047,8366
8116,2425,2850,8723,9961,5192
8116,2425,2850,366,4509,6178
8116,2425,2850,1729,5016,9086
8116,2425,2850,1784,9425,3805
8116,2425,2850,1134,7067,8335
8116,2425,2850,8756,818,2701
8116,2425,2850,856,8551,2663
8116,2425,2850,5738,93,1797
8116,2425,2850,3726,7289,2579
8116,2425,2850,7181,6530,2383
8116,2425,2850,9527,1222,6359
8116,2425,2850,7462,3356,6562
8116,2425,2850,4645,2240,2382
8116,2425,2850,4135,688,1189
8116,2425,2850,3263,9061,4325
8116,2425,2850,5133,6153,1226
8116,2425,2850,3311,2883,3033
8116,2425,2850,3949,2705,7322
8116,2425,2850,8705,2026,1488
8116,2425,2850,6860,3365,2541
8116,2425,2850,7297,7601,6130
8116,2425,2850,6808,4469,8771
8116,2425,2850,9607,5906,8960
8116,2425,2850,8557,2246,2067
8116,2425,2850,2327,6425,7768
8116,2425,2850,7640,165,1722
8116,2425,2850,6419,2065,4291
8116,2425,2850,6939,4602,1799
8116,2425,2850,2080,9730,9417
8116,2425,2850,4487,7025,7981
8116,2425,2850,5717,9331,6759
8116,2425,2850,7311,3373,9374
8116,2425,2850,2240,2411,9394
8116,2425,2850,7717,6800,9544
8116,2425,2850,9331,9091,6621
8116,2425,2850,1952,6632,1978
8116,2425,2850,797,7510,3210
8116,2425,2850,9318,6530,6751
8116,2425,2850,7857,5346,1703
8116,2425,2850,9788,8218,4520
8116,2425,2850,4830,7932,6090
8116,2425,2850,4243,6239,3441
8116,2425,2850,3312,8593,8820
8116,2425,2850,8790,169,5009
8116,2425,2850,9367,5017,2712
8116,2425,2850,5041,1539,6513
8116,2425,2850,9329,6089,3401
8116,2425,2850,9339,437,2549
8116,2425,2850,5184,3832,8804
8116,2425,2850,2572,932,4918
8116,2425,2850,3470,9402,8022
8116,2425,2850,8990,9998,9174
8116,2425,2850,3705,5171,1302
8116,2425,2850,5701,331,2703
8116,2425,2850,9618,1443,6591
8116,2425,2850,2053,6715,926
8116,2425,2850,2351,7126,4598
8116,2425,2850,9668,1273,3585
8116,2425,2850,7431,8407,2089
8116,2425,2850,7260,7306,3339
8116,2425,2850,173,9037,4442
8116,2425,2850,5212,5117,9242
8116,2425,2850,2153,4908,6248
8116,2425,2850,5575,7942,4768
8116,2425,2850,2224,859,7980
8116,2425,2850,8801,9189,3098
8116,2425,2850,4853,9526,2919
8116,2425,2850,9005,5569,6611
8116,2425,2850,9559,4034,5055
8116,2425,2850,2536,2906,4932
8116,2425,2850,3440,9207,3742
8116,2425,2850,4086,5748,1797
8116,2425,2850,8280,7916,4392
8116,2425,2850,6740,1718,9998
8116,2425,2850,2299,6989,7677
8116,2425,2850,7784,5694,2709
8116,2425,2850,5836,6460,3393
8116,2425,2850,6698,7360,1254
8116,2425,2850,169,1889,4931
8116,2425,2850,3554,5756,5303
8116,2425,2850,6191,1804,8849
8116,2425,2850,3816,2619,2263
8116,2425,2850,4335,4874,8862
8116,2425,2850,8048,3670,7561
8116,2425,2850,3980,3300,7384
8116,2425,2850,4420,4865,2412
8116,2425,2850,3552,3508,4150
8116,2425,2850,2252,5769,1687
8116,2425,2850,1323,943,9936
8116,2425,2850,5289,9351,1063
8116,2425,2850,7377,1720,7765
8116,2425,2850,5760,5884,1631
8116,2425,2850,7458,4453,1013
8116,2425,2850,2989,1182,1505
8116,2425,2850,282,5315,9771
8116,2425,2850,9639,5534,7033
8116,2425,2850,6759,7680,5417
8116,2425,2850,9959,4633,3959
8116,2425,2850,5529,5178,116
8116,2425,2850,4026,9503,6451
8116,2425,2850,1879,2875,6581
8116,2425,2850,3305,5632,6938
8116,2425,2850,2036,770,6897
8116,2425,2850,5539,1284,1629
8116,2425,2850,5472,7810,5098
8116,2425,2850,1159,1336,308
8116,2425,2850,4961,3225,68
8116,2425,2850,7274,230,3495
8116,2425,2850,4109,4088,4741
8116,2425,2850,5763,2137,4640
8116,2425,2850,1258,5990,5362
8116,2425,2850,5526,8208,333
8116,2425,2850,204,8512,2145
8116,2425,2850,7152,5319,9457
8116,2425,2850,5329,6780,410
8116,2425,2850,3456,4555,4159
8116,2425,2850,9311,3847,7297
8116,2425,2850,6109,6441,8613
8116,2425,2850,4723,3953,757
8116,2425,2850,2489,6327,7705
8116,2425,2850,9929,8816,3917
8116,2425,2850,2233,868,815
8116,2425,2850,4234,5223,5364
8116,2425,2850,4947,9147,1930
8116,2425,2850,6710,5430,3758
8116,2425,2850,7510,7293,6899
8116,2425,2850,3877,6675,6255
8116,2425,2850,4483,1977,7857
8116,2425,2850,6319,6516,5894
8116,2425,2850,8573,8920,6322
8116,2425,2850,9701,4154,370
8116,2425,2850,5761,854,1865
8116,2425,2850,1904,1545,1905
8116,2425,2850,8479,3458,4161
8116,2425,2850,6122,4562,1491
8116,2425,2850,6399,3606,1534
8116,2425,2850,1043,2957,6699
8116,2425,2850,5212,7996,6078
8116,2425,2850,4869,1691,448
8116,2425,2850,3107,5866,4346
8116,2425,2850,5221,4837,4644
8116,2425,2850,6760,1122,5722
8116,2425,2850,4531,6211,698
8116,2425,2850,259,6077,9011
8116,2425,2850,8977,2555,6585
8116,2425,2850,5936,2688,2953
8116,2425,2850,2539,4400,6378
8116,2425,2850,7777,3976,7656
8116,2425,2850,3183,5215,4809
8116,2425,2850,4388,8664,1637
8116,2425,2850,4059,1490,5835
8116,2425,2850,1793,4176,9667
8116,2425,2850,3746,2970,8225
8116,2425,2850,7889,1806,3283
8116,2425,2850,9648,528,7244
8116,2425,2850,708,694,5756
8116,2425,2850,5079,3765,3008
8116,2425,2850,2440,7887,5873
8116,2425,2850,6366,4580,7692
8116,2425,2850,349,1152,3172
8116,2425,2850,9541,5466,6050
8116,2425,2850,3778,451,6415
8116,2425,2850,9184,3430,5830
8116,2425,2850,6731,1978,3388
8116,2425,2850,9160,4242,4677
8116,2425,2850,3097,8555,8717
8116,2425,2850,3217,1355,9345
8116,2425,2850,2897,4911,2889
8116,2425,2850,5746,1540,3151
8116,2425,2850,7247,1564,900
8116,2425,2850,2465,3929,7346
8116,2425,2850,4194,7892,1872
8116,2425,2850,3073,1483,9309
8116,2425,2850,4392,2732,2637
8116,2425,2850,6940,2503,1515
8116,2425,2850,7491,9433,6757
8116,2425,2850,9482,9737,363
8116,2425,2850,769,5694,90
8116,2425,2850,2514,8833,4567
8116,2425,2850,986,2768,1545
8116,2425,2850,7267,9951,2997
8116,2425,2850,4094,8760,6335
8116,2425,2850,1136,4883,4914
8116,2425,2850,3219,2651,7213
8116,2425,2850,7242,6732,105
8116,2425,2850,2597,6741,4534
8116,2425,2850,5050,4320,3939
8116,2425,2850,8860,2992,2635
8116,2425,2850,7088,4683,6358
8116,2425,2850,237,1404,189
8116,2425,2850,3116,8904,2933
8116,2425,2850,9636,1373,3328
8116,2425,2850,7983,3441,4690
8116,2425,2850,7086,5205,149
8116,2425,2850,9571,1789,9167
8116,2425,2850,9699,4795,4335
8116,2425,2850,9109,6546,3803
8116,2425,2850,5441,6321,9121
8116,2425,2850,1118,4942,1931
8116,2425,2850,7903,7552,9832
8116,2425,2850,4159,7798,6701
8116,2425,2850,7755,6926,4158
8116,2425,2850,1377,5642,7302
8116,2425,2850,9403,4138,9631
8116,2425,2850,1146,9755,7170
8116,2425,2850,3327,9004,1777
8116,2425,2850,6625,886,6501
8116,2425,2850,5869,6694,4186
8116,2425,2850,5967,6064,6666
8116,2425,2850,9259,5005,6932
8116,2425,2850,2445,447,7278
8116,2425,2850,4550,175,6785
8116,2425,2850,2780,7939,8485
8116,2425,2850,4980,2502,8263
8116,2425,2850,8679,4954,9807
8116,2425,2850,5958,8164,3559
8116,2425,2850,6439,2226,1994
8116,2425,2850,7505,2781,66
8116,2425,2850,1865,1107,9683
8116,2425,2850,7287,2137,3012
8116,2425,2850,7075,283,1855
8116,2425,2850,739,3527,5072
8116,2425,2850,1947,686,1145
8116,2425,2850,4637,7412,1973
8116,2425,2850,3754,2585,7993
8116,2425,2850,798,4842,1453
8116,2425,2850,1524,1592,6169
8116,2425,2850,8093,3430,4867
8116,2425,2850,9007,7123,3129
8116,2425,2850,192,2346,6234
8116,2425,2850,4275,8319,4894
8116,2425,2850,9556,1741,3452
8116,2425,2850,8167,6693,3098
8116,2425,2850,8482,3188,3459
8116,2425,2850,5123,6595,4861
8116,2425,2850,1434,8866,4771
8116,2425,2850,4081,1664,3963
8116,2425,2850,506,1494,4590
8116,2425,2850,7935,1433,6556
8116,2425,2850,3484,2839,1096
8116,2425,2850,1752,6064,2280
8116,2425,2850,3982,5279,9269
8116,2425,2850,882,6373,5182
8116,2425,2850,2015,7454,1902
8116,2425,2850,2076,4467,527
8116,2425,2850,7378,6905,5656
8116,2425,2850,9594,9299,3026
8116,2425,2850,1377,4570,4670
8116,2425,2850,6899,178,6312
8116,2425,2850,637,5582,5112
8116,2425,2850,9475,4387,3206
8116,2425,2850,8348,236,2454
8116,2425,2850,8503,8466,4321
8116,2425,2850,9363,1296,3103
8116,2425,2850,3892,6635,7000
8116,2425,2850,603,2099,2226
8116,2425,2850,4284,8173,7377
8116,2425,2850,9866,4886,7625
8116,2425,2850,5687,4947,7026
8116,2425,2850,6483,3838,1698
8116,2425,2850,1065,597,5772
8116,2425,2850,5028,2375,3715
8116,2425,2850,561,1836,7126
8116,2425,2850,401,8129,8391
8116,2425,2850,8527,4526,8876
8116,2425,2850,4691,7724,6842
8116,2425,2850,6495,3622,4354
8116,2425,2850,7265,1340,8742
8116,2425,2850,5158,3857,6934
8116,2425,2850,9241,7877,6445
8116,2425,2850,9741,7430,2023
8116,2425,2850,5910,6448,229
8116,2425,2850,1424,6246,5975
8116,2425,2850,9324,2782,9678
8116,2425,2850,2382,4560,9413
8116,2425,2850,2926,1218,2889
8116,2425,2850,1384,7421,4794
8116,2425,2850,4059,834,1622
8116,2425,2850,9622,8767,6285
8116,2425,2850,8513,3307,1716
8116,2425,2850,6865,1628,8318
8116,2425,2850,7824,5887,7971
8116,2425,2850,2949,1227,9085
8116,2425,2850,4414,3867,253
8116,2425,2850,2712,5305,1926
8116,2425,2850,3382,5885,827
8116,2425,2850,4923,3541,5501
8116,2425,2850,711,8969,487
8116,2425,2850,2392,9183,3157
8116,2425,2850,3988,3606,9971
8116,2425,2850,6436,6559,2628
8116,2425,2850,2069,7508,7395
8116,2425,2850,8468,7712,4556
8116,2425,2850,5613,6959,4417
8116,2425,2850,9189,3715,8067
8116,2425,2850,4165,7812,3643
8116,2425,2850,1112,4524,4258
8116,2425,2850,1525,2157,9213
8116,2425,2850,2723,5737,2040
8116,2425,2850,9099,316,3303
8116,2425,2850,5414,1875,8835
8116,2425,2850,1511,8315,3421
8116,2425,2850,9081,6146,8023
8116,2425,2850,6266,828,9570
8116,2425,2850,6809,339,4047
8116,2425,2850,4841,4910,7451
8116,2425,2850,7300,3283,8208
8116,2425,2850,3259,132,1926
8116,2425,2850,1630,8264,5516
8116,2425,2850,4344,4177,5336
8116,2425,2850,8215,169,8129
8116,2425,2850,1328,8859,2397
8116,2425,2850,2467,2030,897
8116,2425,2850,7232,8934,6327
8116,2425,2850,1484,9577,558
8116,2425,2850,3174,4462,5015
8116,2425,2850,230,9659,3745
8116,2425,2850,1055,5165,8967
8116,2425,2850,9795,3551,1799
8116,2425,2850,958,2320,8608
8116,2425,2850,8607,2036,276
8116,2425,2850,704,3123,4992
8116,2425,2850,8951,6361,4161
8116,2425,2850,5938,6184,8834
8116,2425,2850,3297,5571,8991
8116,2425,2850,8046,195,8846
8116,2425,2850,1168,2018,3383
8116,2425,2850,7039,8300,6847
8116,2425,2850,1247,8372,2432
8116,2425,2850,3796,5628,2865
8116,2425,2850,6561,3935,8969
8116,2425,2850,6192,5089,7864
8116,2425,2850,1899,6489,8904
8116,2425,2850,5301,7124,3032
8116,2425,2850,551,7831,5366
8116,2425,2850,4949,1822,6557
8116,2425,2850,1468,5370,5919
8116,2425,2850,8081,8724,1044
8116,2425,2850,1190,7499,694
8116,2425,2850,5656,7020,4799
8116,2425,2850,3637,1860,9885
8116,2425,2850,596,4131,8852
8116,2425,2850,2579,766,3216
8116,2425,2850,5444,2416,956
8116,2425,2850,4860,6197,9279
8116,2425,2850,2289,2536,2567
8116,2425,2850,3376,868,3170
8116,2425,2850,3338,757,28
8116,2425,2850,2600,7707,7562
8116,2425,2850,205,37,3174
8116,2425,2850,6854,5823,3092
8116,2425,2850,8847,7244,2619
8116,2425,2850,163,9023,4714
8116,2425,2850,5495,1513,5964
8116,2425,2850,7585,2361,3392
8116,2425,2850,9926,2330,3595
8116,2425,2850,1634,1658,1068
8116,2425,2850,6479,6685,7404
8116,2425,2850,3080,6259,8586
8116,2425,2850,4462,2602,7098
8116,2425,2850,3804,7042,4468
8116,2425,2850,8799,1087,4674
8116,2425,2850,8826,9066,966
8116,2425,2850,5038,9213,4568
8116,2425,2850,3246,3513,7161
