1468,6979,9208,6893,7566,6574
1468,6979,9208,5535,6944,3841
1468,6979,9208,7468,4,9185
1468,6979,9208,3307,5057,7245
1468,6979,9208,6780,3688,1162
1468,6979,9208,7462,7346,5355
1468,6979,9208,7548,848,970
1468,6979,9208,5109,4012,7084
1468,6979,9208,7021,8875,2205
1468,6979,9208,664,2198,9349
1468,6979,9208,2455,8398,2859
1468,6979,9208,6368,9284,4920
1468,6979,9208,2419,1027,7362
1468,6979,9208,1092,2297,6132
1468,6979,9208,284,9890,3676
1468,6979,9208,9081,9521,5271
1468,6979,9208,4443,3243,8129
1468,6979,9208,4739,2597,5539
1468,6979,9208,503,4718,3450
1468,6979,9208,6542,9463,3459
1468,6979,9208,2185,2519,1289
1468,6979,9208,2145,2651,190
1468,6979,9208,5076,9160,117
1468,6979,9208,9066,4801,5734
1468,6979,9208,8248,4020,1520
1468,6979,9208,6202,5810,8419
1468,6979,9208,468,1251,2747
1468,6979,9208,3282,282,3862
1468,6979,9208,4011,1859,2392
1468,6979,9208,744,797,5636
1468,6979,9208,7190,9123,222
1468,6979,9208,8328,3422,4151
1468,6979,9208,276,8299,4863
1468,6979,9208,9285,9512,8499
1468,6979,9208,3657,4561,402
1468,6979,9208,5407,5734,4337
1468,6979,9208,4474,8679,696
1468,6979,9208,1189,9757,9454
1468,6979,9208,4953,2726,3188
1468,6979,9208,343,7820,3756
1468,6979,9208,5718,125,4072
1468,6979,9208,7592,7276,2405
1468,6979,9208,7653,2395,7322
1468,6979,9208,4159,1689,1140
1468,6979,9208,307,5431,1691
1468,6979,9208,5703,5830,2619
1468,6979,9208,5670,9964,3518
1468,6979,9208,7899,2027,6213
1468,6979,9208,5557,1582,9584
1468,6979,9208,4846,3995,5722
1468,6979,9208,8013,7468,1868
1468,6979,9208,5615,677,1145
1468,6979,9208,654,8421,3927
1468,6979,9208,3367,3380,3849
1468,6979,9208,5118,9942,5392
1468,6979,9208,3178,4725,818
1468,6979,9208,3073,614,1687
1468,6979,9208,386,7022,4542
1468,6979,9208,9529,2390,2083
1468,6979,9208,1814,374,7328
1468,6979,9208,6396,9641,3038
1468,6979,9208,9240,8329,9967
1468,6979,9208,567,1929,4794
1468,6979,9208,6110,3647,8311
1468,6979,9208,8586,8708,5800
1468,6979,9208,9204,4616,3697
1468,6979,9208,1374,5505,2139
1468,6979,9208,1033,5998,1958
1468,6979,9208,7637,4482,1412
1468,6979,9208,7912,2567,202
1468,6979,9208,5991,9241,9830
1468,6979,9208,2892,1333,5293
1468,6979,9208,6397,9398,5635
1468,6979,9208,8652,7782,9059
1468,6979,9208,3597,9687,4633
1468,6979,9208,8661,4627,2539
1468,6979,9208,1131,7077,1528
1468,6979,9208,1477,5495,6322
1468,6979,9208,3266,1126,7318
1468,6979,9208,6522,3011,1758
1468,6979,9208,961,561,117
1468,6979,9208,351,9109,6183
1468,6979,9208,4228,6320,7857
1468,6979,9208,5715,5532,8729
1468,6979,9208,9373,3643,7655
1468,6979,9208,9565,8705,4113
1468,6979,9208,1774,4731,715
1468,6979,9208,3277,1076,4202
1468,6979,9208,2362,8092,6547
1468,6979,9208,7679,4906,7988
1468,6979,9208,5264,5053,9398
1468,6979,9208,9752,9785,2567
1468,6979,9208,2404,4676,2094
1468,6979,9208,1151,7008,2551
1468,6979,9208,7018,2048,1220
1468,6979,9208,3903,8869,6090
1468,6979,9208,192,8502,611
1468,6979,9208,6461,9335,5937
1468,6979,9208,382,2315,1564
1468,6979,9208,5546,6347,9488
1468,6979,9208,7483,4252,4555
1468,6979,9208,6632,9429,3988
1468,6979,9208,3615,7149,2542
1468,6979,9208,2145,6558,5136
1468,6979,9208,4459,6464,7679
1468,6979,9208,9896,9185,1099
1468,6979,9208,8542,8638,6302
1468,6979,9208,1871,139,6156
1468,6979,9208,1247,5482,5487
1468,6979,9208,3561,3359,9229
1468,6979,9208,3166,8073,1014
1468,6979,9208,1557,9212,6417
1468,6979,9208,9360,6138,2611
1468,6979,9208,8139,1753,3516
1468,6979,9208,4337,6578,872
1468,6979,9208,6551,7120,9016
1468,6979,9208,6183,7340,9706
1468,6979,9208,2905,1244,8059
1468,6979,9208,423,9008,1325
1468,6979,9208,794,1962,5751
1468,6979,9208,5517,4833,4732
1468,6979,9208,8102,9869,7311
1468,6979,9208,5776,6517,2715
1468,6979,9208,7089,3023,497
1468,6979,9208,6503,8090,9311
1468,6979,9208,2194,6277,3235
1468,6979,9208,9011,9776,8499
1468,6979,9208,8996,8971,1756
1468,6979,9208,4302,9949,2743
1468,6979,9208,2836,1929,8006
1468,6979,9208,9639,6698,5925
1468,6979,9208,1261,8371,8808
1468,6979,9208,5920,1217,4602
1468,6979,9208,429,6020,8902
1468,6979,9208,1744,3079,4396
1468,6979,9208,8708,807,7412
1468,6979,9208,3658,3119,8727
1468,6979,9208,4839,5866,2018
1468,6979,9208,4920,5992,5018
1468,6979,9208,5889,863,2482
1468,6979,9208,9698,6776,9402
1468,6979,9208,3483,2962,3054
1468,6979,9208,4555,9329,837
1468,6979,9208,947,5507,4790
1468,6979,9208,1739,8794,562
1468,6979,9208,9839,7935,1893
1468,6979,9208,5527,4873,3218
1468,6979,9208,5460,6160,8713
1468,6979,9208,1772,1666,8120
1468,6979,9208,4908,1568,948
1468,6979,9208,4864,1838,411
1468,6979,9208,8022,4679,5016
1468,6979,9208,4573,7355,975
1468,6979,9208,8129,1493,1588
1468,6979,9208,594,3319,4365
1468,6979,9208,4909,7251,4807
1468,6979,9208,7114,9330,3517
1468,6979,9208,9371,702,2552
1468,6979,9208,8450,6730,781
1468,6979,9208,3044,120,5982
1468,6979,9208,8420,5800,2282
1468,6979,9208,7145,4562,2644
1468,6979,9208,1467,2051,1574
1468,6979,9208,1736,5918,5261
1468,6979,9208,6097,700,364
1468,6979,9208,6268,8124,3996
1468,6979,9208,5516,6375,4250
1468,6979,9208,3540,4556,3732
1468,6979,9208,5527,3605,1400
1468,6979,9208,8139,6063,3599
1468,6979,9208,2703,8956,9615
1468,6979,9208,2899,9150,6267
1468,6979,9208,3446,2503,6287
1468,6979,9208,3457,8869,3018
1468,6979,9208,1885,3027,3454
1468,6979,9208,9909,1320,4223
1468,6979,9208,7831,4392,7471
1468,6979,9208,5048,5512,1970
1468,6979,9208,8293,3286,8947
1468,6979,9208,1732,5135,6466
1468,6979,9208,7479,3212,726
1468,6979,9208,1999,9979,8128
1468,6979,9208,5602,1684,9191
1468,6979,9208,7287,1889,3463
1468,6979,9208,1978,1845,8517
1468,6979,9208,4375,3251,1507
1468,6979,9208,8222,5534,2442
1468,6979,9208,2801,8191,2173
1468,6979,9208,8198,9296,2923
1468,6979,9208,8538,9871,4436
1468,6979,9208,6287,2909,8504
1468,6979,9208,834,6295,5790
1468,6979,9208,5472,9440,1394
1468,6979,9208,825,1000,3328
1468,6979,9208,4914,832,5511
1468,6979,9208,1212,8197,191
1468,6979,9208,239,4052,1071
1468,6979,9208,2129,2844,4494
1468,6979,9208,3888,5091,7658
1468,6979,9208,3810,4109,5140
1468,6979,9208,3655,6920,2259
1468,6979,9208,2406,1544,6270
1468,6979,9208,5453,7517,4710
1468,6979,9208,3425,8717,7391
1468,6979,9208,9646,3726,3755
1468,6979,9208,1979,9676,6422
1468,6979,9208,5289,1387,5129
1468,6979,9208,4336,2153,9251
1468,6979,9208,5857,3778,7850
1468,6979,9208,6483,263,7728
1468,6979,9208,4579,7976,212
1468,6979,9208,7022,2818,3012
1468,6979,9208,1013,4206,504
1468,6979,9208,1432,701,7510
1468,6979,9208,6497,8134,1409
1468,6979,9208,4220,2968,7371
1468,6979,9208,8444,3602,206
1468,6979,9208,8795,2633,7769
1468,6979,9208,9158,1120,4631
1468,6979,9208,1135,3224,732
1468,6979,9208,4941,5882,6421
1468,6979,9208,366,200,3771
1468,6979,9208,800,6590,7255
1468,6979,9208,9846,1634,6384
1468,6979,9208,1597,4961,7976
1468,6979,9208,645,564,3310
1468,6979,9208,8692,2154,2534
1468,6979,9208,448,7112,9732
1468,6979,9208,4345,41,3766
1468,6979,9208,9738,6057,8750
1468,6979,9208,3578,373,2611
1468,6979,9208,6182,8382,9056
1468,6979,9208,7283,5692,164
1468,6979,9208,3887,4397,3843
1468,6979,9208,915,9600,6270
1468,6979,9208,7394,1930,1986
1468,6979,9208,9947,3836,6282
1468,6979,9208,2745,793,4725
1468,6979,9208,2133,8350,6023
1468,6979,9208,3952,4157,7168
1468,6979,9208,8377,3499,1375
1468,6979,9208,1209,173,1694
1468,6979,9208,1243,3739,3086
1468,6979,9208,1361,7174,1216
1468,6979,9208,7201,7484,3165
1468,6979,9208,7457,2916,3339
1468,6979,9208,7963,7239,4651
1468,6979,9208,2018,6806,1442
1468,6979,9208,8266,2556,5221
1468,6979,9208,4513,1084,4779
1468,6979,9208,7290,7430,3362
1468,6979,9208,8340,997,757
1468,6979,9208,6720,3416,9576
1468,6979,9208,5896,9302,6193
1468,6979,9208,7055,7995,749
1468,6979,9208,2552,4877,4948
1468,6979,9208,634,7030,6004
1468,6979,9208,4601,4917,1490
1468,6979,9208,5756,9167,805
1468,6979,9208,4470,6825,3516
1468,6979,9208,9880,8952,7557
1468,6979,9208,6767,3016,1432
1468,6979,9208,7521,2916,2911
1468,6979,9208,8191,1572,5693
1468,6979,9208,1114,9896,4876
1468,6979,9208,201,9924,1729
1468,6979,9208,7838,768,7257
1468,6979,9208,5912,4997,1471
1468,6979,9208,9681,6956,6007
1468,6979,9208,2701,6371,1515
1468,6979,9208,8213,7286,5662
1468,6979,9208,5871,8448,9997
1468,6979,9208,1120,4465,8668
1468,6979,9208,8406,9638,5941
1468,6979,9208,3888,7900,6990
1468,6979,9208,8496,1887,2829
1468,6979,9208,9856,5851,1908
1468,6979,9208,5702,2312,35
1468,6979,9208,2558,4629,5290
1468,6979,9208,3619,7606,6024
1468,6979,9208,2564,2097,4462
1468,6979,9208,2097,8003,7057
1468,6979,9208,8144,3873,99
1468,6979,9208,2236,359,1430
1468,6979,9208,6326,7750,7011
1468,6979,9208,2641,3023,4877
1468,6979,9208,3646,1198,2631
1468,6979,9208,1689,1113,9861
1468,6979,9208,7621,5566,3818
1468,6979,9208,4938,5685,6832
1468,6979,9208,724,7733,2232
1468,6979,9208,3473,7845,2385
1468,6979,9208,464,3046,6241
1468,6979,9208,4656,3031,2506
1468,6979,9208,1417,6432,1760
1468,6979,9208,8633,6708,3002
1468,6979,9208,1202,6335,4968
1468,6979,9208,477,4982,3057
1468,6979,9208,5947,9996,2426
1468,6979,9208,7723,6920,8580
1468,6979,9208,5569,439,4073
1468,6979,9208,3125,7466,7499
1468,6979,9208,364,7541,5699
1468,6979,9208,8986,7656,1621
1468,6979,9208,6353,2524,2365
1468,6979,9208,1059,4836,374
1468,6979,9208,9251,6392,9279
1468,6979,9208,9281,5576,2693
1468,6979,9208,8982,4899,2232
1468,6979,9208,6731,2436,9203
1468,6979,9208,9860,90,9662
1468,6979,9208,4284,5692,8854
1468,6979,9208,8133,1828,1288
1468,6979,9208,487,1582,931
1468,6979,9208,4123,958,6641
1468,6979,9208,6094,6897,2765
1468,6979,9208,780,6615,8401
1468,6979,9208,1386,2111,3399
1468,6979,9208,5535,6561,5892
1468,6979,9208,9622,6979,1878
1468,6979,9208,9579,8049,457
1468,6979,9208,46,4649,9324
1468,6979,9208,5677,9795,1553
1468,6979,9208,2123,7073,3560
1468,6979,9208,5562,3278,6403
1468,6979,9208,9417,8085,2715
1468,6979,9208,1274,244,4357
1468,6979,9208,4465,9399,4315
1468,6979,9208,8933,2966,5197
1468,6979,9208,1562,5176,3955
1468,6979,9208,7846,2144,2428
1468,6979,9208,4222,4720,6716
1468,6979,9208,9663,1898,200
1468,6979,9208,3372,9356,2167
1468,6979,9208,7362,4004,9533
1468,6979,9208,9063,7325,9434
1468,6979,9208,808,2663,3365
1468,6979,9208,4180,6089,43
1468,6979,9208,7955,3187,217
1468,6979,9208,564,9243,9946
1468,6979,9208,2334,3753,8533
1468,6979,9208,8883,6563,7782
1468,6979,9208,2363,2357,9460
1468,6979,9208,229,4233,131
1468,6979,9208,377,6852,9060
1468,6979,9208,5698,1275,2474
1468,6979,9208,1216,6952,8499
1468,6979,9208,4428,1249,7442
1468,6979,9208,7627,5627,2230
1468,6979,9208,2437,9110,687
1468,6979,9208,342,4634,839
1468,6979,9208,9308,2873,7205
1468,6979,9208,6091,9303,2096
1468,6979,9208,5645,438,7617
1468,6979,9208,4191,4216,9667
1468,6979,9208,6600,1874,1576
1468,6979,9208,2106,8838,9569
1468,6979,9208,6682,420,9176
1468,6979,9208,410,5384,417
1468,6979,9208,8582,7070,9911
1468,6979,9208,4601,3309,4253
1468,6979,9208,2615,9363,3218
1468,6979,9208,5145,5727,7837
1468,6979,9208,1598,6219,9819
1468,6979,9208,7209,5701,6334
1468,6979,9208,2249,7552,6024
1468,6979,9208,2225,9040,6772
1468,6979,9208,3289,2005,5467
1468,6979,9208,8424,6196,7745
1468,6979,9208,1273,10000,9748
1468,6979,9208,3667,8698,7410
1468,6979,9208,3805,5332,8546
1468,6979,9208,940,4961,9382
1468,6979,9208,3522,2103,8588
1468,6979,9208,667,7244,1989
1468,6979,9208,6592,6965,3195
1468,6979,9208,8634,7764,1563
1468,6979,9208,5773,632,4753
1468,6979,9208,7014,4159,5880
1468,6979,9208,6740,3655,6426
1468,6979,9208,8994,7121,7181
1468,6979,9208,121,2710,9888
1468,6979,9208,9946,9524,3123
1468,6979,9208,9660,4311,6340
1468,6979,9208,8244,8412,5164
1468,6979,9208,1581,4562,6435
1468,6979,9208,5136,153,547
1468,6979,9208,55,5513,7765
1468,6979,9208,2335,779,9852
1468,6979,9208,7602,3778,5327
1468,6979,9208,1763,3024,7076
1468,6979,9208,3025,9488,8341
1468,6979,9208,3694,2463,7365
1468,6979,9208,9000,4369,2200
1468,6979,9208,6514,6005,2495
1468,6979,9208,5844,1256,3110
1468,6979,9208,743,6455,7447
1468,6979,9208,5007,496,8402
1468,6979,9208,6339,966,2685
1468,6979,9208,7971,8346,2045
1468,6979,9208,1193,2954,9928
1468,6979,9208,8409,6428,6866
1468,6979,9208,9093,715,6305
1468,6979,9208,5645,6096,1854
1468,6979,9208,9272,6620,8123
1468,6979,9208,3110,6022,2777
1468,6979,9208,2919,7354,4348
1468,6979,9208,3300,9382,6363
1468,6979,9208,474,6081,3787
1468,6979,9208,9476,3621,7292
1468,6979,9208,1259,7427,1836
1468,6979,9208,6707,7026,8812
1468,6979,9208,6028,297,4813
1468,6979,9208,564,9108,7453
1468,6979,9208,6619,6166,7871
1468,6979,9208,7601,3825,6410
1468,6979,9208,3051,4185,6615
1468,6979,9208,1179,1496,4701
1468,6979,9208,5490,7115,3495
1468,6979,9208,3358,6313,882
1468,6979,9208,5253,6337,9949
1468,6979,9208,3570,4686,4217
1468,6979,9208,1824,2117,7099
1468,6979,9208,3365,2302,1388
1468,6979,9208,3554,5363,2812
1468,6979,9208,2119,4587,1559
1468,6979,9208,8887,3363,3835
1468,6979,9208,2446,3417,7881
1468,6979,9208,7041,8736,8569
1468,6979,9208,7166,7727,3672
1468,6979,9208,2541,4609,1136
1468,6979,9208,4327,717,7996
1468,6979,9208,5308,1568,4374
1468,6979,9208,5750,932,900
1468,6979,9208,7581,8076,2325
1468,6979,9208,7928,8974,9474
1468,6979,9208,7213,127,9989
1468,6979,9208,3833,5253,5775
1468,6979,9208,5994,6203,9811
1468,6979,9208,4105,1991,6062
1468,6979,9208,8886,2543,3115
1468,6979,9208,7706,1613,4854
1468,6979,9208,8014,3343,6945
1468,6979,9208,9299,6265,1429
1468,6979,9208,3260,2057,174
1468,6979,9208,3891,8359,5567
1468,6979,9208,4176,12,3083
1468,6979,9208,7258,4939,6314
1468,6979,9208,6239,6387,6282
1468,6979,9208,6197,553,4010
1468,6979,9208,6434,5103,835
1468,6979,9208,2386,917,8750
1468,6979,9208,484,556,8326
1468,6979,9208,8281,7677,2912
1468,6979,9208,7714,7213,6400
1468,6979,9208,3617,1107,3091
1468,6979,9208,5190,7722,9773
1468,6979,9208,3160,5295,6844
1468,6979,9208,9514,4874,4377
1468,6979,9208,4929,5075,9312
1468,6979,9208,8122,2120,1131
1468,6979,9208,5044,6888,8171
1468,6979,9208,2459,5166,3574
1468,6979,9208,946,4924,5063
1468,6979,9208,600,428,278
1468,6979,9208,9641,1755,2916
1468,6979,9208,9120,4199,142
1468,6979,9208,3486,5877,6284
1468,6979,9208,720,451,7485
1468,6979,9208,8611,9485,35
1468,6979,9208,3084,9332,8636
1468,6979,9208,8614,3822,7598
1468,6979,9208,6572,3016,8723
1468,6979,9208,1893,2780,5694
1468,6979,9208,56,3822,368
1468,6979,9208,896,1800,5617
1468,6979,9208,7365,3462,2033
1468,6979,9208,3231,4504,7531
1468,6979,9208,9643,1993,7774
1468,6979,9208,3398,6988,4277
1468,6979,9208,3746,6595,8529
1468,6979,9208,7558,7211,6440
1468,6979,9208,6321,3602,157
1468,6979,9208,9238,6389,1022
1468,6979,9208,648,1846,6912
1468,6979,9208,5379,9207,8089
1468,6979,9208,494,1942,2560
1468,6979,9208,4775,3910,6223
1468,6979,9208,7641,5977,8991
1468,6979,9208,9529,5184,9860
1468,6979,9208,7632,8978,4530
1468,6979,9208,5621,7279,491
1468,6979,9208,6199,3058,5543
1468,6979,9208,1747,810,6082
1468,6979,9208,9301,4148,6115
1468,6979,9208,5427,6602,9201
1468,6979,9208,9311,2714,8038
1468,6979,9208,3510,1492,3548
1468,6979,9208,1948,3057,5651
1468,6979,9208,8928,564,207
1468,6979,9208,9157,6343,5025
1468,6979,9208,3869,7283,7442
1468,6979,9208,6276,1181,4609
1468,6979,9208,7780,1217,740
1468,6979,9208,2043,4013,3837
1468,6979,9208,8932,6463,8632
1468,6979,9208,3821,8224,1474
1468,6979,9208,878,9067,1598
1468,6979,9208,7507,5801,1325
1468,6979,9208,1681,2074,2949
