9263,8177,8494,8388,3645,6313
9263,8177,8494,6255,5309,265
9263,8177,8494,2938,3267,2182
9263,8177,8494,8661,1161,3897
9263,8177,8494,4157,4967,5227
9263,8177,8494,3136,2352,4144
9263,8177,8494,6857,9293,9894
9263,8177,8494,1193,9479,9091
9263,8177,8494,1775,8443,1584
9263,8177,8494,3963,9682,1850
9263,8177,8494,755,7636,5998
9263,8177,8494,8605,1726,1128
9263,8177,8494,3603,356,9743
9263,8177,8494,4752,3447,8672
9263,8177,8494,756,2634,4469
9263,8177,8494,4283,561,2760
9263,8177,8494,751,7381,4815
9263,8177,8494,3604,6539,8301
9263,8177,8494,4143,2054,3013
9263,8177,8494,3395,501,5312
9263,8177,8494,7343,528,1232
9263,8177,8494,8748,6159,3151
9263,8177,8494,1966,9282,2840
9263,8177,8494,6676,2586,3446
9263,8177,8494,726,3344,3225
9263,8177,8494,3418,5693,8560
9263,8177,8494,1464,2865,2166
9263,8177,8494,9291,4358,6806
9263,8177,8494,4764,159,4149
9263,8177,8494,1102,7960,3446
9263,8177,8494,1060,9375,7806
9263,8177,8494,6480,4804,5665
9263,8177,8494,9398,4378,8907
9263,8177,8494,9389,3193,8423
9263,8177,8494,8841,9297,3037
9263,8177,8494,7610,3013,9224
9263,8177,8494,3013,1426,1088
9263,8177,8494,5806,4453,7899
9263,8177,8494,546,2193,5549
9263,8177,8494,4033,5603,8944
9263,8177,8494,8257,3642,9388
9263,8177,8494,2971,7794,7119
9263,8177,8494,2060,2013,3382
9263,8177,8494,4085,910,3023
9263,8177,8494,7987,1031,2689
9263,8177,8494,4504,6210,1438
9263,8177,8494,7290,543,8608
9263,8177,8494,999,9664,8520
9263,8177,8494,4015,1557,7815
9263,8177,8494,6825,2997,9429
9263,8177,8494,7376,3069,3758
9263,8177,8494,6384,4491,9487
9263,8177,8494,208,3975,9434
9263,8177,8494,4092,8305,7725
9263,8177,8494,9455,8263,3745
9263,8177,8494,4521,7270,3517
9263,8177,8494,1915,9872,2824
9263,8177,8494,2727,2257,3013
9263,8177,8494,3501,8411,7081
9263,8177,8494,4379,9705,9807
9263,8177,8494,7207,4776,2957
9263,8177,8494,8423,5258,3340
9263,8177,8494,4251,4546,1535
9263,8177,8494,4635,9307,3866
9263,8177,8494,4194,7110,8289
9263,8177,8494,8329,5714,5741
9263,8177,8494,101,224,3062
9263,8177,8494,6517,8467,8615
9263,8177,8494,7254,3717,2222
9263,8177,8494,9930,442,9152
9263,8177,8494,4831,482,5804
9263,8177,8494,49,6552,448
9263,8177,8494,1036,7770,1788
9263,8177,8494,4233,3953,7671
9263,8177,8494,8517,3423,1378
9263,8177,8494,8903,2526,4111
9263,8177,8494,4974,1640,7537
9263,8177,8494,8721,823,7911
9263,8177,8494,6341,950,5026
9263,8177,8494,9761,9756,9825
9263,8177,8494,5796,10,9243
9263,8177,8494,3337,3745,2818
9263,8177,8494,6020,5148,2826
9263,8177,8494,6585,2385,1380
9263,8177,8494,3379,7957,1390
9263,8177,8494,2595,3951,4699
9263,8177,8494,7334,8497,1039
9263,8177,8494,3988,4661,5867
9263,8177,8494,2047,9466,7554
9263,8177,8494,5484,1038,6478
9263,8177,8494,8949,3882,14
9263,8177,8494,9643,3925,1720
9263,8177,8494,6387,9171,7123
9263,8177,8494,4129,4804,669
9263,8177,8494,3232,870,9254
9263,8177,8494,1149,5780,9397
9263,8177,8494,8545,2297,1945
9263,8177,8494,5366,6832,8633
9263,8177,8494,9113,7155,6431
9263,8177,8494,3359,3380,7373
9263,8177,8494,6946,709,1032
9263,8177,8494,1259,8739,1351
9263,8177,8494,5463,9657,5130
9263,8177,8494,8857,5393,4210
9263,8177,8494,2804,334,194
9263,8177,8494,5460,1351,3458
9263,8177,8494,1178,3345,8561
9263,8177,8494,9930,1906,2833
9263,8177,8494,6193,6227,6530
9263,8177,8494,3561,4078,4501
9263,8177,8494,5289,7990,518
9263,8177,8494,6923,5462,2753
9263,8177,8494,1864,5658,4011
9263,8177,8494,4060,7421,6668
9263,8177,8494,3914,4461,2228
9263,8177,8494,96,5257,2766
9263,8177,8494,5886,579,2289
9263,8177,8494,1604,1249,3831
9263,8177,8494,8303,93,3772
9263,8177,8494,7479,2371,9259
9263,8177,8494,9293,4107,435
9263,8177,8494,5319,6694,5416
9263,8177,8494,4605,5293,7752
9263,8177,8494,4502,4414,6685
9263,8177,8494,2848,5878,5498
9263,8177,8494,2409,1866,9978
9263,8177,8494,9902,2496,5389
9263,8177,8494,9175,68,5057
9263,8177,8494,2414,1725,8156
9263,8177,8494,3898,1483,6350
9263,8177,8494,4283,8174,9372
9263,8177,8494,1351,1679,7989
9263,8177,8494,5045,4905,3133
9263,8177,8494,9291,1485,5073
9263,8177,8494,5720,7563,72
9263,8177,8494,6557,6157,8185
9263,8177,8494,9661,428,2398
9263,8177,8494,7572,3591,262
9263,8177,8494,1458,142,3171
9263,8177,8494,8058,1816,7550
9263,8177,8494,3301,5912,2998
9263,8177,8494,9224,3931,1565
9263,8177,8494,8473,7212,4849
9263,8177,8494,8268,6857,5742
9263,8177,8494,9698,5571,1683
9263,8177,8494,7887,7691,546
9263,8177,8494,1894,7328,8678
9263,8177,8494,3494,7803,5197
9263,8177,8494,8370,4068,5795
9263,8177,8494,1709,9728,1343
9263,8177,8494,7205,1992,7714
9263,8177,8494,5088,7010,2567
9263,8177,8494,7090,4653,4712
9263,8177,8494,6974,5768,5125
9263,8177,8494,8422,7260,522
9263,8177,8494,3326,738,8988
9263,8177,8494,7018,9157,8958
9263,8177,8494,9080,721,9260
9263,8177,8494,8621,8315,9712
9263,8177,8494,2964,5316,3004
9263,8177,8494,1694,7866,2125
9263,8177,8494,2352,9306,513
9263,8177,8494,8238,4544,6941
9263,8177,8494,1137,8250,5357
9263,8177,8494,8313,4048,3532
9263,8177,8494,2892,4718,7791
9263,8177,8494,3729,7519,2321
9263,8177,8494,7228,7690,8748
9263,8177,8494,154,4717,1125
9263,8177,8494,2964,2507,6178
9263,8177,8494,8811,3431,4777
9263,8177,8494,4237,188,5792
9263,8177,8494,5036,6035,7938
9263,8177,8494,3609,5435,7353
9263,8177,8494,1983,8722,3131
9263,8177,8494,1603,1877,8527
9263,8177,8494,554,3749,7583
9263,8177,8494,2129,3770,4810
9263,8177,8494,1711,2592,1030
9263,8177,8494,7126,8327,1428
9263,8177,8494,1898,3940,1813
9263,8177,8494,714,5246,8197
9263,8177,8494,6686,4814,9377
9263,8177,8494,1355,3600,3887
9263,8177,8494,8005,5018,6885
9263,8177,8494,7812,6858,9948
9263,8177,8494,2900,5391,6624
9263,8177,8494,3989,4578,3108
9263,8177,8494,2438,1395,7474
9263,8177,8494,9742,6322,5191
9263,8177,8494,3977,8834,2685
9263,8177,8494,8510,7787,8963
9263,8177,8494,6623,9925,2957
9263,8177,8494,4819,9819,7823
9263,8177,8494,9623,1883,6826
9263,8177,8494,2123,4955,1613
9263,8177,8494,4339,6940,1944
9263,8177,8494,4933,7347,8665
9263,8177,8494,3245,6754,1548
9263,8177,8494,5899,1580,3390
9263,8177,8494,1818,7973,6467
9263,8177,8494,7987,5594,8176
9263,8177,8494,3395,5742,3542
9263,8177,8494,4531,6110,3103
9263,8177,8494,4762,1706,3281
9263,8177,8494,6494,7067,354
9263,8177,8494,4401,9321,5539
9263,8177,8494,1282,177,1012
9263,8177,8494,2084,5216,7018
9263,8177,8494,8400,2722,9191
9263,8177,8494,7116,389,8878
9263,8177,8494,8658,4055,5507
9263,8177,8494,7315,4884,1540
9263,8177,8494,9078,276,6151
9263,8177,8494,8021,2090,125
9263,8177,8494,7056,5566,8643
9263,8177,8494,9219,4906,9356
9263,8177,8494,1423,5313,172
9263,8177,8494,7052,7388,6649
9263,8177,8494,4174,6671,160
9263,8177,8494,8753,8553,8817
9263,8177,8494,925,4808,2259
9263,8177,8494,5085,9432,1210
9263,8177,8494,2404,7400,1590
9263,8177,8494,1830,7817,8102
9263,8177,8494,197,9991,3899
9263,8177,8494,1620,5590,3043
9263,8177,8494,2200,4756,271
9263,8177,8494,8,4437,838
9263,8177,8494,4380,8716,6316
9263,8177,8494,2672,8133,6780
9263,8177,8494,971,6471,2252
9263,8177,8494,5907,7377,5510
9263,8177,8494,4590,441,3805
9263,8177,8494,1148,1049,5097
9263,8177,8494,9697,6946,4281
9263,8177,8494,282,8181,940
9263,8177,8494,5662,55,788
9263,8177,8494,2819,2417,2620
9263,8177,8494,2647,6322,8968
9263,8177,8494,5346,5713,2694
9263,8177,8494,4890,1525,4519
9263,8177,8494,7939,1450,8924
9263,8177,8494,5129,6807,7584
9263,8177,8494,2831,4067,5850
9263,8177,8494,9121,5312,8506
9263,8177,8494,2933,6975,6202
9263,8177,8494,1344,2292,9012
9263,8177,8494,9772,2606,3316
9263,8177,8494,7778,160,2720
9263,8177,8494,7333,4062,7939
9263,8177,8494,3328,7657,8692
9263,8177,8494,4312,6417,9324
9263,8177,8494,5471,7346,2147
9263,8177,8494,4427,3851,4907
9263,8177,8494,9565,3101,8988
9263,8177,8494,4446,681,2160
9263,8177,8494,1288,9735,6276
9263,8177,8494,2985,8806,8816
9263,8177,8494,7403,5433,3523
9263,8177,8494,967,1418,7210
9263,8177,8494,5233,6043,7305
9263,8177,8494,4303,437,7536
9263,8177,8494,566,3984,6965
9263,8177,8494,4229,1812,167
9263,8177,8494,4043,2005,5921
9263,8177,8494,3846,9809,289
9263,8177,8494,5939,5083,392
9263,8177,8494,8474,6408,9627
9263,8177,8494,8152,1631,9401
9263,8177,8494,5880,4780,8535
9263,8177,8494,7014,4414,1513
9263,8177,8494,7244,2723,9268
9263,8177,8494,8420,9832,5774
9263,8177,8494,3792,7407,639
9263,8177,8494,7406,9390,6310
9263,8177,8494,8917,4098,4794
9263,8177,8494,1396,9915,8910
9263,8177,8494,9497,3010,5600
9263,8177,8494,3836,793,3426
9263,8177,8494,8657,944,8306
9263,8177,8494,8202,1748,7422
9263,8177,8494,7137,2574,3751
9263,8177,8494,3731,7795,812
9263,8177,8494,6392,8348,600
9263,8177,8494,5999,4178,3496
9263,8177,8494,3241,6524,5231
9263,8177,8494,2701,4603,5455
9263,8177,8494,7366,8999,6415
9263,8177,8494,6724,4692,4724
9263,8177,8494,4704,5210,1502
9263,8177,8494,535,8162,6375
9263,8177,8494,1944,7165,2770
9263,8177,8494,7243,9664,2983
9263,8177,8494,3946,1647,2139
9263,8177,8494,7257,8887,3418
9263,8177,8494,662,3556,8180
9263,8177,8494,7647,7978,1468
9263,8177,8494,8621,9491,7592
9263,8177,8494,5876,2290,7682
9263,8177,8494,8936,6646,7727
9263,8177,8494,9152,4506,4037
9263,8177,8494,8582,8611,683
9263,8177,8494,7653,2356,5443
9263,8177,8494,4930,2089,9498
9263,8177,8494,7472,6808,1496
9263,8177,8494,2913,9479,7255
9263,8177,8494,7188,2351,563
9263,8177,8494,7891,2344,9068
9263,8177,8494,1585,1368,8881
9263,8177,8494,2265,2825,7331
9263,8177,8494,3224,4371,6596
9263,8177,8494,7615,3008,641
9263,8177,8494,5826,4347,2776
9263,8177,8494,5278,3923,1863
9263,8177,8494,6137,5978,3473
9263,8177,8494,7499,8155,3985
9263,8177,8494,4274,913,4363
9263,8177,8494,2808,5144,8372
9263,8177,8494,656,1921,2456
9263,8177,8494,2148,3414,4864
9263,8177,8494,6358,3121,710
9263,8177,8494,9187,6219,7007
9263,8177,8494,524,8151,5327
9263,8177,8494,7298,4565,811
9263,8177,8494,6993,7562,3818
9263,8177,8494,2946,4588,3925
9263,8177,8494,2106,3311,6754
9263,8177,8494,2602,2805,9872
9263,8177,8494,6000,7277,6033
9263,8177,8494,3259,4854,9296
9263,8177,8494,5282,5852,602
9263,8177,8494,3551,6460,7197
9263,8177,8494,7878,7043,8434
9263,8177,8494,67,753,7245
9263,8177,8494,6618,6174,2700
9263,8177,8494,6716,3798,9125
9263,8177,8494,9328,5732,3456
9263,8177,8494,7401,8941,4665
9263,8177,8494,9138,1752,6316
9263,8177,8494,2190,3427,1222
9263,8177,8494,1311,14,4472
9263,8177,8494,8,7075,8898
9263,8177,8494,2591,7039,407
9263,8177,8494,6144,8871,676
9263,8177,8494,4890,3790,4859
9263,8177,8494,858,1566,6807
9263,8177,8494,5318,3586,7509
9263,8177,8494,4962,4452,7702
9263,8177,8494,8370,3963,1818
9263,8177,8494,9841,7454,5298
9263,8177,8494,7117,8819,6305
9263,8177,8494,6575,7951,2063
9263,8177,8494,576,6841,5851
9263,8177,8494,2629,4090,2412
9263,8177,8494,8290,1999,2519
9263,8177,8494,8096,7716,6381
9263,8177,8494,9691,3685,4246
9263,8177,8494,7347,6373,6776
9263,8177,8494,7099,7083,7830
9263,8177,8494,3852,2439,6994
9263,8177,8494,4474,5265,9420
9263,8177,8494,7725,9698,6557
9263,8177,8494,831,6924,9189
9263,8177,8494,7214,6193,7536
9263,8177,8494,5987,3972,9266
9263,8177,8494,9369,6148,2204
9263,8177,8494,4425,3976,2245
9263,8177,8494,620,6601,9333
9263,8177,8494,7097,2370,530
9263,8177,8494,68,876,6248
9263,8177,8494,8806,229,7430
9263,8177,8494,577,2378,6180
9263,8177,8494,4601,4072,8704
9263,8177,8494,4162,8364,3724
9263,8177,8494,2637,1410,8860
9263,8177,8494,1219,9931,7062
9263,8177,8494,4720,4092,4910
9263,8177,8494,1447,9984,5864
9263,8177,8494,762,4120,6449
9263,8177,8494,5551,5844,2566
9263,8177,8494,2200,5763,9636
9263,8177,8494,9939,2893,2345
9263,8177,8494,8479,2473,1124
9263,8177,8494,7241,1581,2083
9263,8177,8494,4155,6569,8
9263,8177,8494,197,9433,542
9263,8177,8494,9316,1714,3336
9263,8177,8494,4523,2676,5004
9263,8177,8494,1026,6628,2841
9263,8177,8494,8363,2365,7179
9263,8177,8494,2558,6715,5136
9263,8177,8494,9617,5627,2724
9263,8177,8494,8019,4248,7578
9263,8177,8494,369,220,7729
9263,8177,8494,7144,8510,6230
9263,8177,8494,3390,9422,1355
9263,8177,8494,7012,4557,7078
9263,8177,8494,4423,1353,723
9263,8177,8494,9796,2420,8601
9263,8177,8494,4819,1805,2230
9263,8177,8494,1934,9748,1751
9263,8177,8494,7682,5105,4226
9263,8177,8494,5387,9380,3759
9263,8177,8494,2731,6677,917
9263,8177,8494,5302,5742,7454
9263,8177,8494,1636,1093,7874
9263,8177,8494,9149,5590,9279
9263,8177,8494,6772,1009,1708
9263,8177,8494,412,6459,865
9263,8177,8494,102,1917,838
9263,8177,8494,1010,904,3876
9263,8177,8494,7687,5133,7441
9263,8177,8494,2358,1587,5284
9263,8177,8494,8662,1697,8956
9263,8177,8494,4251,4325,6383
9263,8177,8494,4353,3903,1419
9263,8177,8494,7264,3180,815
9263,8177,8494,2229,1681,9813
9263,8177,8494,1374,7900,8690
9263,8177,8494,8643,9062,398
9263,8177,8494,3275,3169,4093
9263,8177,8494,791,4228,229
9263,8177,8494,5116,7262,7411
9263,8177,8494,8321,4742,5116
9263,8177,8494,1110,9909,9867
9263,8177,8494,5775,2004,6334
9263,8177,8494,6995,4281,7418
9263,8177,8494,7615,9500,3273
9263,8177,8494,764,3467,3032
9263,8177,8494,9041,9386,7399
9263,8177,8494,880,368,3416
9263,8177,8494,9269,5894,9328
9263,8177,8494,8680,5116,29
9263,8177,8494,2874,2258,9896
9263,8177,8494,3795,1909,7492
9263,8177,8494,2357,1879,6989
9263,8177,8494,6918,4635,1905
9263,8177,8494,8339,4634,2678
9263,8177,8494,1610,2452,3253
9263,8177,8494,2771,8706,7428
9263,8177,8494,53,3450,4338
9263,8177,8494,6473,2315,9288
9263,8177,8494,3718,9494,7314
9263,8177,8494,6519,8962,5097
9263,8177,8494,8887,6153,1768
9263,8177,8494,3904,6696,4880
9263,8177,8494,8774,4971,7549
9263,8177,8494,7535,6731,581
9263,8177,8494,5626,3654,6376
9263,8177,8494,509,1233,8652
9263,8177,8494,4632,113,3712
9263,8177,8494,30,180,2104
9263,8177,8494,380,8666,6577
9263,8177,8494,5473,6806,9998
9263,8177,8494,2827,9326,322
9263,8177,8494,5822,9593,6022
9263,8177,8494,4076,4897,5911
9263,8177,8494,6491,5675,7715
9263,8177,8494,1903,554,6984
9263,8177,8494,6893,7566,6574
9263,8177,8494,5535,6944,3841
9263,8177,8494,7468,4,9185
9263,8177,8494,3307,5057,7245
9263,8177,8494,6780,3688,1162
9263,8177,8494,7462,7346,5355
9263,8177,8494,7548,848,970
9263,8177,8494,5109,4012,7084
9263,8177,8494,7021,8875,2205
9263,8177,8494,664,2198,9349
9263,8177,8494,2455,8398,2859
9263,8177,8494,6368,9284,4920
9263,8177,8494,2419,1027,7362
9263,8177,8494,1092,2297,6132
9263,8177,8494,284,9890,3676
9263,8177,8494,9081,9521,5271
9263,8177,8494,4443,3243,8129
9263,8177,8494,4739,2597,5539
9263,8177,8494,503,4718,3450
9263,8177,8494,6542,9463,3459
9263,8177,8494,2185,2519,1289
9263,8177,8494,2145,2651,190
9263,8177,8494,5076,9160,117
9263,8177,8494,9066,4801,5734
9263,8177,8494,8248,4020,1520
9263,8177,8494,6202,5810,8419
9263,8177,8494,468,1251,2747
9263,8177,8494,3282,282,3862
9263,8177,8494,4011,1859,2392
9263,8177,8494,744,797,5636
9263,8177,8494,7190,9123,222
9263,8177,8494,8328,3422,4151
9263,8177,8494,276,8299,4863
9263,8177,8494,9285,9512,8499
9263,8177,8494,3657,4561,402
9263,8177,8494,5407,5734,4337
9263,8177,8494,4474,8679,696
9263,8177,8494,1189,9757,9454
9263,8177,8494,4953,2726,3188
9263,8177,8494,343,7820,3756
9263,8177,8494,5718,125,4072
9263,8177,8494,7592,7276,2405
9263,8177,8494,7653,2395,7322
9263,8177,8494,4159,1689,1140
9263,8177,8494,307,5431,1691
9263,8177,8494,5703,5830,2619
9263,8177,8494,5670,9964,3518
9263,8177,8494,7899,2027,6213
9263,8177,8494,5557,1582,9584
9263,8177,8494,4846,3995,5722
