3530,5230,6747,3492,7026,9244
3530,5230,6747,4529,2288,6409
3530,5230,6747,1587,5581,5988
3530,5230,6747,1580,1235,4136
3530,5230,6747,5628,9502,3096
3530,5230,6747,7942,4389,7539
3530,5230,6747,9353,362,7848
3530,5230,6747,2757,3187,507
3530,5230,6747,5063,3334,1424
3530,5230,6747,3328,3798,5707
3530,5230,6747,2154,4830,5562
3530,5230,6747,8001,3383,6702
3530,5230,6747,7489,3732,8534
3530,5230,6747,5675,9295,2139
3530,5230,6747,6326,798,9485
3530,5230,6747,7190,2333,8565
3530,5230,6747,2487,7810,3290
3530,5230,6747,4282,6375,4430
3530,5230,6747,8668,1881,5485
3530,5230,6747,4014,2404,2255
3530,5230,6747,657,8187,7597
3530,5230,6747,5967,4333,396
3530,5230,6747,5584,5766,1193
3530,5230,6747,8408,2709,9910
3530,5230,6747,5127,5999,1119
3530,5230,6747,8097,7706,1336
3530,5230,6747,4017,3413,8962
3530,5230,6747,4699,7685,540
3530,5230,6747,1821,9044,2784
3530,5230,6747,1701,3421,7255
3530,5230,6747,7716,4829,2001
3530,5230,6747,3548,5318,9843
3530,5230,6747,2317,857,9989
3530,5230,6747,2597,5973,5472
3530,5230,6747,5510,3832,3469
3530,5230,6747,7850,5740,3266
3530,5230,6747,5463,8324,3501
3530,5230,6747,9191,8616,4243
3530,5230,6747,9252,7232,1311
3530,5230,6747,2698,1851,7525
3530,5230,6747,1294,1891,4026
3530,5230,6747,4058,9194,5226
3530,5230,6747,2466,768,4456
3530,5230,6747,6657,3105,3569
3530,5230,6747,704,1363,3388
3530,5230,6747,6357,6538,8803
3530,5230,6747,6959,6463,6967
3530,5230,6747,577,4582,7090
3530,5230,6747,8499,7671,4180
3530,5230,6747,2850,2497,8306
3530,5230,6747,496,7133,2756
3530,5230,6747,9842,2430,7540
3530,5230,6747,5613,9127,1015
3530,5230,6747,3797,9998,4695
3530,5230,6747,5675,9914,9280
3530,5230,6747,7534,2474,9045
3530,5230,6747,2597,1869,9546
3530,5230,6747,2121,7351,4661
3530,5230,6747,8075,247,1201
3530,5230,6747,7963,4536,3838
3530,5230,6747,312,3699,6344
3530,5230,6747,166,6738,3442
3530,5230,6747,3860,3337,4097
3530,5230,6747,2973,1013,6833
3530,5230,6747,7844,9619,1285
3530,5230,6747,2381,7991,3819
3530,5230,6747,9914,5772,7414
3530,5230,6747,4882,973,6874
3530,5230,6747,3856,980,1231
3530,5230,6747,496,7494,3260
3530,5230,6747,2733,2512,4250
3530,5230,6747,3195,6750,7671
3530,5230,6747,1532,9338,4279
3530,5230,6747,2376,3870,3907
3530,5230,6747,1406,1129,3072
3530,5230,6747,6812,8697,743
3530,5230,6747,8713,354,7717
3530,5230,6747,7240,1313,3177
3530,5230,6747,463,449,3241
3530,5230,6747,3087,8160,155
3530,5230,6747,7932,2952,7456
3530,5230,6747,4612,6794,1708
3530,5230,6747,3638,3433,3589
3530,5230,6747,7987,2535,3710
3530,5230,6747,5530,9981,4205
3530,5230,6747,8173,3182,4529
3530,5230,6747,7678,5065,7826
3530,5230,6747,5720,863,4507
3530,5230,6747,7397,3454,5985
3530,5230,6747,6362,364,5864
3530,5230,6747,4331,9077,6250
3530,5230,6747,9553,5217,5062
3530,5230,6747,5320,2312,9319
3530,5230,6747,9976,1463,8926
3530,5230,6747,2021,6308,9041
3530,5230,6747,4225,9175,2781
3530,5230,6747,5235,6565,5037
3530,5230,6747,1833,9851,3627
3530,5230,6747,6855,7943,5367
3530,5230,6747,7692,703,5278
3530,5230,6747,5430,1438,5606
3530,5230,6747,7040,7127,5408
3530,5230,6747,1201,6608,841
3530,5230,6747,7424,8239,3902
3530,5230,6747,3678,4881,6077
3530,5230,6747,1544,573,1527
3530,5230,6747,7823,1232,266
3530,5230,6747,5933,8760,761
3530,5230,6747,5455,9364,6273
3530,5230,6747,7071,1904,688
3530,5230,6747,123,5538,6732
3530,5230,6747,2897,4586,7285
3530,5230,6747,46,6557,1427
3530,5230,6747,2041,8055,6685
3530,5230,6747,5114,9432,9290
3530,5230,6747,283,6403,4377
3530,5230,6747,9122,4848,7640
3530,5230,6747,1287,3489,3997
3530,5230,6747,8813,6455,8784
3530,5230,6747,9097,4789,6913
3530,5230,6747,9103,3834,5147
3530,5230,6747,5762,9899,833
3530,5230,6747,2571,2733,8902
3530,5230,6747,5454,8228,7446
3530,5230,6747,5475,3058,3601
3530,5230,6747,196,9142,2444
3530,5230,6747,3859,4144,7639
3530,5230,6747,2874,1321,2916
3530,5230,6747,2560,1380,4198
3530,5230,6747,8605,228,3252
3530,5230,6747,9425,9829,2689
3530,5230,6747,9574,4461,292
3530,5230,6747,7243,6119,4519
3530,5230,6747,3072,934,2213
3530,5230,6747,3015,5499,9322
3530,5230,6747,7789,4585,7868
3530,5230,6747,7652,2222,7950
3530,5230,6747,8656,5034,4075
3530,5230,6747,8383,8493,1629
3530,5230,6747,1094,7454,1341
3530,5230,6747,8532,5192,5172
3530,5230,6747,6013,4779,3165
3530,5230,6747,974,264,8716
3530,5230,6747,616,5003,3429
3530,5230,6747,7883,397,1292
3530,5230,6747,871,1509,6815
3530,5230,6747,694,5011,8529
3530,5230,6747,4136,1928,7612
3530,5230,6747,7016,1895,3931
3530,5230,6747,1516,6989,1298
3530,5230,6747,3244,2203,7246
3530,5230,6747,3974,2636,9487
3530,5230,6747,3470,7010,8657
3530,5230,6747,8281,6782,1950
3530,5230,6747,2867,8529,1369
3530,5230,6747,2114,1129,2455
3530,5230,6747,7369,1720,7974
3530,5230,6747,2035,8873,3014
3530,5230,6747,4443,8244,5621
3530,5230,6747,7436,7963,494
3530,5230,6747,8499,3501,2250
3530,5230,6747,7328,8369,9964
3530,5230,6747,1431,4909,8832
3530,5230,6747,6091,3147,5777
3530,5230,6747,7219,2988,3344
3530,5230,6747,303,990,3348
3530,5230,6747,5541,3072,2875
3530,5230,6747,1071,7323,3274
3530,5230,6747,1504,9502,6787
3530,5230,6747,6251,6514,4637
3530,5230,6747,7983,3513,4483
3530,5230,6747,6087,9140,5659
3530,5230,6747,8972,206,1356
3530,5230,6747,7723,7112,3527
3530,5230,6747,1963,2633,2464
3530,5230,6747,3223,7001,194
3530,5230,6747,7227,5363,9126
3530,5230,6747,8470,9147,1679
3530,5230,6747,4173,4702,5981
3530,5230,6747,251,9938,534
3530,5230,6747,6063,9418,5694
3530,5230,6747,4428,532,9757
3530,5230,6747,6920,6442,676
3530,5230,6747,3418,8253,1879
3530,5230,6747,6728,5882,3887
3530,5230,6747,1614,4409,1336
3530,5230,6747,5867,9230,7849
3530,5230,6747,7410,7525,7023
3530,5230,6747,1345,7007,2229
3530,5230,6747,1867,1865,6959
3530,5230,6747,725,7053,4020
3530,5230,6747,254,2694,1127
3530,5230,6747,1782,6131,5367
3530,5230,6747,6816,3505,132
3530,5230,6747,877,4137,4634
3530,5230,6747,6997,9020,8593
3530,5230,6747,3279,8581,7462
3530,5230,6747,628,9134,8752
3530,5230,6747,4666,1966,3493
3530,5230,6747,6598,6834,829
3530,5230,6747,959,6562,3176
3530,5230,6747,6464,5974,3779
3530,5230,6747,222,5414,6640
3530,5230,6747,717,6926,8080
3530,5230,6747,4441,7072,8138
3530,5230,6747,4576,3687,3161
3530,5230,6747,2624,7604,5664
3530,5230,6747,5797,608,2340
3530,5230,6747,4113,1992,9304
3530,5230,6747,1100,917,8317
3530,5230,6747,1027,2253,7494
3530,5230,6747,4891,8995,8162
3530,5230,6747,2202,6426,9806
3530,5230,6747,340,7524,8753
3530,5230,6747,4518,5588,6048
3530,5230,6747,4222,581,5339
3530,5230,6747,9012,9259,3954
3530,5230,6747,4917,1866,7725
3530,5230,6747,9156,4269,2102
3530,5230,6747,8166,421,9018
3530,5230,6747,5370,9169,140
3530,5230,6747,9892,3454,1476
3530,5230,6747,7825,6518,7958
3530,5230,6747,7578,4992,2414
3530,5230,6747,8442,3251,3586
3530,5230,6747,3791,9801,9664
3530,5230,6747,8723,8533,9688
3530,5230,6747,7613,9938,92
3530,5230,6747,7304,6336,7477
3530,5230,6747,42,942,2839
3530,5230,6747,6535,6809,2392
3530,5230,6747,3539,3696,47
3530,5230,6747,4598,2131,7437
3530,5230,6747,5375,8775,7673
3530,5230,6747,3988,7224,3107
3530,5230,6747,1606,6843,591
3530,5230,6747,7315,3869,8356
3530,5230,6747,1280,9723,762
3530,5230,6747,7393,2820,1857
3530,5230,6747,8516,355,3459
3530,5230,6747,8083,1824,6022
3530,5230,6747,5368,7821,8932
3530,5230,6747,5843,829,3489
3530,5230,6747,7292,7506,4764
3530,5230,6747,5850,1343,8495
3530,5230,6747,1803,6373,879
3530,5230,6747,3537,7922,7373
3530,5230,6747,7938,3503,6703
3530,5230,6747,2194,457,8719
3530,5230,6747,2435,1903,324
3530,5230,6747,332,7037,9263
3530,5230,6747,1428,3502,6176
3530,5230,6747,4381,7759,3889
3530,5230,6747,5631,7814,3521
3530,5230,6747,8431,8307,5652
3530,5230,6747,4148,2932,8263
3530,5230,6747,9720,5166,4663
3530,5230,6747,8403,9469,1875
3530,5230,6747,6054,2041,7773
3530,5230,6747,583,714,1837
3530,5230,6747,5188,7760,5119
3530,5230,6747,8765,3299,3698
3530,5230,6747,772,5683,664
3530,5230,6747,5838,4574,7754
3530,5230,6747,4641,6474,499
3530,5230,6747,2557,8525,1089
3530,5230,6747,6066,913,6545
3530,5230,6747,1647,1614,5776
3530,5230,6747,5896,5446,3615
3530,5230,6747,5951,4549,628
3530,5230,6747,7973,9776,4863
3530,5230,6747,4393,6793,9878
3530,5230,6747,3695,8378,3509
3530,5230,6747,2856,5867,182
3530,5230,6747,5203,345,5370
3530,5230,6747,7006,5147,555
3530,5230,6747,4757,6580,3297
3530,5230,6747,64,9346,9508
3530,5230,6747,9695,8179,3303
3530,5230,6747,2307,1611,8620
3530,5230,6747,1175,5521,7230
3530,5230,6747,7537,9591,607
3530,5230,6747,3218,6229,6339
3530,5230,6747,2290,7119,30
3530,5230,6747,4763,7807,9791
3530,5230,6747,7193,2285,3065
3530,5230,6747,7073,2713,7199
3530,5230,6747,6186,3518,1752
3530,5230,6747,1304,5672,4783
3530,5230,6747,879,2781,1317
3530,5230,6747,5464,5373,7766
3530,5230,6747,1409,8449,2920
3530,5230,6747,6345,6763,8007
3530,5230,6747,7449,5893,4076
3530,5230,6747,5133,5065,5990
3530,5230,6747,2754,3874,8038
3530,5230,6747,4735,418,4402
3530,5230,6747,1123,1636,7367
3530,5230,6747,4185,1696,9486
3530,5230,6747,3412,9761,771
3530,5230,6747,9719,7600,4362
3530,5230,6747,947,9043,8887
3530,5230,6747,4416,773,6836
3530,5230,6747,124,2706,9702
3530,5230,6747,8868,959,4293
3530,5230,6747,7588,8408,9821
3530,5230,6747,6500,4739,153
3530,5230,6747,2387,4041,1991
3530,5230,6747,2626,1221,8004
3530,5230,6747,6562,3794,8553
3530,5230,6747,9476,6520,5131
3530,5230,6747,6758,4524,6166
3530,5230,6747,2007,5683,887
3530,5230,6747,814,7990,1109
3530,5230,6747,7531,5144,9400
3530,5230,6747,861,5711,8989
3530,5230,6747,4302,5420,7346
3530,5230,6747,6001,7933,5195
3530,5230,6747,2918,3647,4651
3530,5230,6747,7527,8628,1307
3530,5230,6747,1869,6685,6265
3530,5230,6747,8884,5971,6111
3530,5230,6747,826,8528,5847
3530,5230,6747,7597,3878,9859
3530,5230,6747,1450,1142,6472
3530,5230,6747,9314,4948,9794
3530,5230,6747,2719,8668,7128
3530,5230,6747,5940,1027,4596
3530,5230,6747,6282,3383,5480
3530,5230,6747,9729,3333,2948
3530,5230,6747,1495,6292,9737
3530,5230,6747,7692,2142,7476
3530,5230,6747,147,439,662
3530,5230,6747,8722,9612,5947
3530,5230,6747,2887,4563,1463
3530,5230,6747,3351,9878,882
3530,5230,6747,9600,8113,4504
3530,5230,6747,9417,3940,2444
3530,5230,6747,6822,699,3798
3530,5230,6747,1935,3565,5511
3530,5230,6747,6287,4703,4754
3530,5230,6747,7235,7315,2645
3530,5230,6747,5072,3097,5920
3530,5230,6747,3682,3122,2918
3530,5230,6747,9966,811,5887
3530,5230,6747,3191,6657,7823
3530,5230,6747,1412,429,5922
3530,5230,6747,6084,4564,6119
3530,5230,6747,4534,2869,5284
3530,5230,6747,6367,789,8466
3530,5230,6747,660,2626,796
3530,5230,6747,8760,3957,1400
3530,5230,6747,7531,1250,5651
3530,5230,6747,1409,7376,6221
3530,5230,6747,9922,5884,9947
3530,5230,6747,6182,7003,6520
3530,5230,6747,9640,7827,6007
3530,5230,6747,1588,7655,8890
3530,5230,6747,6031,8684,2022
3530,5230,6747,3510,8133,9927
3530,5230,6747,2072,3186,5003
3530,5230,6747,3702,5728,7811
3530,5230,6747,665,3403,6747
3530,5230,6747,5982,6284,8355
3530,5230,6747,1824,1344,283
3530,5230,6747,667,1324,3647
3530,5230,6747,5956,9132,5391
3530,5230,6747,3837,7297,3347
3530,5230,6747,8796,4967,3679
3530,5230,6747,8578,3357,744
3530,5230,6747,7468,4462,1678
3530,5230,6747,2474,9227,1077
3530,5230,6747,7540,8092,4527
3530,5230,6747,474,5577,3532
3530,5230,6747,4014,1815,6812
3530,5230,6747,7314,5393,9105
3530,5230,6747,1209,7408,2068
3530,5230,6747,3091,3927,1767
3530,5230,6747,3104,3669,8138
3530,5230,6747,9482,8776,689
3530,5230,6747,4831,8514,6598
3530,5230,6747,1907,6883,7771
3530,5230,6747,5618,2986,8944
3530,5230,6747,2741,6823,6265
3530,5230,6747,2380,8626,2029
3530,5230,6747,7972,1204,6730
3530,5230,6747,5743,2417,6566
3530,5230,6747,7036,7078,3089
3530,5230,6747,2862,6832,1483
3530,5230,6747,9940,4505,3281
3530,5230,6747,6013,5250,7222
3530,5230,6747,4678,5394,4740
3530,5230,6747,3842,8070,6833
3530,5230,6747,8420,6769,9687
3530,5230,6747,9141,5492,1155
3530,5230,6747,2712,9,647
3530,5230,6747,2366,4154,7763
3530,5230,6747,4793,8670,9403
3530,5230,6747,4684,5046,6669
3530,5230,6747,3783,3449,7198
3530,5230,6747,8519,1592,7593
3530,5230,6747,5381,9440,4494
3530,5230,6747,7744,6243,7459
3530,5230,6747,8037,5469,2697
3530,5230,6747,9246,8235,8621
3530,5230,6747,1130,5653,8539
3530,5230,6747,1487,6743,7701
3530,5230,6747,7315,1747,1379
3530,5230,6747,1150,5904,3210
3530,5230,6747,1857,9875,4153
3530,5230,6747,5472,1057,5073
3530,5230,6747,1437,2931,93
3530,5230,6747,2905,7570,4900
3530,5230,6747,820,402,4828
3530,5230,6747,5853,641,6008
3530,5230,6747,2052,4018,8141
3530,5230,6747,7888,5003,7891
3530,5230,6747,3272,6592,573
3530,5230,6747,656,3855,7688
3530,5230,6747,9937,4996,4777
3530,5230,6747,2931,4959,7287
3530,5230,6747,3001,176,5268
3530,5230,6747,5499,6151,4430
3530,5230,6747,4895,7703,6392
3530,5230,6747,2832,7573,7921
3530,5230,6747,7217,6157,1431
3530,5230,6747,783,6803,708
3530,5230,6747,3571,980,489
3530,5230,6747,7798,903,4819
3530,5230,6747,4737,60,7804
3530,5230,6747,5679,5163,7402
3530,5230,6747,9325,3005,1159
3530,5230,6747,6341,364,1771
3530,5230,6747,8910,8740,3950
3530,5230,6747,6553,3033,9412
3530,5230,6747,8813,2243,3329
3530,5230,6747,6881,9500,986
3530,5230,6747,4148,7999,8209
3530,5230,6747,7347,4474,5082
3530,5230,6747,737,6720,8184
3530,5230,6747,5051,8500,4803
3530,5230,6747,5393,1680,6109
3530,5230,6747,763,6989,6659
3530,5230,6747,933,5146,3097
3530,5230,6747,7061,7421,4082
3530,5230,6747,1830,2409,5067
3530,5230,6747,3894,457,3662
3530,5230,6747,657,3617,2059
3530,5230,6747,4338,6875,1306
3530,5230,6747,2548,7218,8722
3530,5230,6747,4634,1982,2211
3530,5230,6747,2317,4657,6616
3530,5230,6747,7887,3604,8925
3530,5230,6747,9883,9583,1364
3530,5230,6747,2260,6899,1322
3530,5230,6747,2933,673,9978
3530,5230,6747,5340,9652,2871
3530,5230,6747,5840,7520,308
3530,5230,6747,5428,5921,3954
3530,5230,6747,62,5266,4643
3530,5230,6747,3787,1941,2027
3530,5230,6747,58,1059,5393
3530,5230,6747,9951,278,9876
3530,5230,6747,5782,3255,3864
3530,5230,6747,4844,3550,7232
3530,5230,6747,2725,7367,4528
3530,5230,6747,2977,1477,5132
3530,5230,6747,5407,9035,6493
3530,5230,6747,9223,2994,5100
3530,5230,6747,2585,9620,9533
3530,5230,6747,5521,1017,7791
3530,5230,6747,2520,2576,6459
3530,5230,6747,9927,8465,5420
3530,5230,6747,9725,3208,9072
3530,5230,6747,4970,3581,5462
3530,5230,6747,8603,5052,2377
3530,5230,6747,7302,7316,9585
3530,5230,6747,853,4551,6729
3530,5230,6747,7919,547,1128
3530,5230,6747,9671,7144,551
3530,5230,6747,5465,847,4162
3530,5230,6747,3474,9748,9238
3530,5230,6747,4181,2015,3160
3530,5230,6747,9124,7510,5569
3530,5230,6747,4871,7372,844
3530,5230,6747,8069,894,5873
3530,5230,6747,8593,5664,4099
3530,5230,6747,4660,6460,1390
3530,5230,6747,3432,1236,4588
3530,5230,6747,1734,8646,3674
3530,5230,6747,9143,544,5701
3530,5230,6747,7193,7495,6465
3530,5230,6747,3704,8894,8604
3530,5230,6747,319,6732,7486
3530,5230,6747,4282,66,3383
3530,5230,6747,4361,3097,3517
3530,5230,6747,9814,8816,4765
3530,5230,6747,7715,8865,3434
3530,5230,6747,4934,1772,3408
3530,5230,6747,1802,4831,4714
3530,5230,6747,6375,8782,597
3530,5230,6747,9081,8829,9432
3530,5230,6747,561,2765,9630
3530,5230,6747,8384,97,1782
3530,5230,6747,2210,7515,9102
3530,5230,6747,7408,2672,2668
3530,5230,6747,1351,3030,5881
3530,5230,6747,5700,2919,1913
3530,5230,6747,55,1515,4053
3530,5230,6747,5096,6850,8517
