4927,290,9537,7447,7440,4086
4927,290,9537,7855,6620,5837
4927,290,9537,134,2496,8484
4927,290,9537,7172,675,6590
4927,290,9537,9739,922,6155
4927,290,9537,9039,7054,6827
4927,290,9537,8375,1752,2096
4927,290,9537,6249,5856,2218
4927,290,9537,8662,2965,3132
4927,290,9537,2742,87,2443
4927,290,9537,9890,9385,7064
4927,290,9537,7081,9710,7634
4927,290,9537,7005,4942,7639
4927,290,9537,9322,3985,5813
4927,290,9537,8557,2795,3996
4927,290,9537,6109,2397,54
4927,290,9537,8902,2164,3766
4927,290,9537,3804,3416,5303
4927,290,9537,6163,9904,6460
4927,290,9537,6817,6708,3282
4927,290,9537,364,5054,1859
4927,290,9537,692,7613,3478
4927,290,9537,4939,5386,6024
4927,290,9537,6536,1106,5886
4927,290,9537,4047,9668,3296
4927,290,9537,4482,4510,701
4927,290,9537,2662,1689,186
4927,290,9537,4171,7921,2674
4927,290,9537,2091,8866,7397
4927,290,9537,6242,6557,9208
4927,290,9537,9527,5002,1441
4927,290,9537,562,2935,8954
4927,290,9537,4497,5810,3304
4927,290,9537,7020,8608,8057
4927,290,9537,4944,8250,8363
4927,290,9537,1597,6461,5147
4927,290,9537,5570,8714,8419
4927,290,9537,8588,4487,224
4927,290,9537,8028,1740,8829
4927,290,9537,212,2570,858
4927,290,9537,6140,5266,8900
4927,290,9537,4141,4508,621
4927,290,9537,3022,7113,7657
4927,290,9537,949,2482,4719
4927,290,9537,5391,2326,5432
4927,290,9537,1454,6676,5766
4927,290,9537,8245,8609,6210
4927,290,9537,3446,583,4353
4927,290,9537,2498,5845,4142
4927,290,9537,649,686,7738
4927,290,9537,7089,9827,8464
4927,290,9537,1419,6240,268
4927,290,9537,4201,3131,3349
4927,290,9537,9865,6988,1457
4927,290,9537,5074,7266,3175
4927,290,9537,8874,1545,466
4927,290,9537,3676,4108,9420
4927,290,9537,3057,314,50
4927,290,9537,4892,4206,3960
4927,290,9537,8883,9538,8762
4927,290,9537,4505,7369,8223
4927,290,9537,191,8091,63
4927,290,9537,1189,7759,5506
4927,290,9537,5458,648,9880
4927,290,9537,9535,2423,1600
4927,290,9537,8747,871,8697
4927,290,9537,4770,6596,6293
4927,290,9537,3509,3671,9930
4927,290,9537,7721,3398,1213
4927,290,9537,8506,8885,2240
4927,290,9537,2373,2828,8724
4927,290,9537,3701,6189,3962
4927,290,9537,4694,5995,5531
4927,290,9537,2549,9985,2041
4927,290,9537,6335,3209,8911
4927,290,9537,3000,6358,3822
4927,290,9537,2724,6664,3468
4927,290,9537,9839,1978,7652
4927,290,9537,6456,2574,8632
4927,290,9537,7874,2139,5401
4927,290,9537,4709,7145,178
4927,290,9537,2280,2958,2262
4927,290,9537,2712,9564,5364
4927,290,9537,4155,4091,3770
4927,290,9537,371,6067,8093
4927,290,9537,6140,2182,4630
4927,290,9537,7648,571,9179
4927,290,9537,2749,8692,6975
4927,290,9537,7529,8200,8563
4927,290,9537,4053,1486,5710
4927,290,9537,920,1893,9521
4927,290,9537,3872,4297,3357
4927,290,9537,2444,8643,6881
4927,290,9537,600,3025,1005
4927,290,9537,810,8499,1259
4927,290,9537,6606,7807,1815
4927,290,9537,1132,5041,8707
4927,290,9537,4222,6111,5797
4927,290,9537,8851,9903,3993
4927,290,9537,7417,8073,5022
4927,290,9537,1681,4010,9756
4927,290,9537,8639,9830,7623
4927,290,9537,8223,3788,6990
4927,290,9537,9526,5229,3454
4927,290,9537,7673,7794,5333
4927,290,9537,8930,5700,1687
4927,290,9537,9469,8019,996
4927,290,9537,8936,1931,9537
4927,290,9537,610,9081,154
4927,290,9537,9455,3498,1496
4927,290,9537,9749,5857,8060
4927,290,9537,1391,8788,8550
4927,290,9537,1177,8328,6184
4927,290,9537,4156,5887,593
4927,290,9537,4534,2980,2938
4927,290,9537,6083,2605,5127
4927,290,9537,5740,654,5875
4927,290,9537,9029,2491,4451
4927,290,9537,9205,1926,5135
4927,290,9537,6216,2961,5407
4927,290,9537,7837,9343,1452
4927,290,9537,9151,9476,78
4927,290,9537,6252,8066,8987
4927,290,9537,7768,729,7952
4927,290,9537,7324,8790,6658
4927,290,9537,3794,6254,9487
4927,290,9537,7020,4506,242
4927,290,9537,2163,7445,8939
4927,290,9537,1316,9838,2268
4927,290,9537,4771,9295,4562
4927,290,9537,7916,5214,6525
4927,290,9537,198,8007,5366
4927,290,9537,3437,6250,3931
4927,290,9537,2507,8710,7668
4927,290,9537,8686,1251,2676
4927,290,9537,4675,1801,2114
4927,290,9537,5721,2272,7706
4927,290,9537,9051,4190,3624
4927,290,9537,6321,3356,5272
4927,290,9537,7772,1655,1439
4927,290,9537,8932,6532,8297
4927,290,9537,6490,946,5362
4927,290,9537,8839,9949,5900
4927,290,9537,5046,2684,3523
4927,290,9537,825,8055,3966
4927,290,9537,7854,9625,8861
4927,290,9537,4593,6139,7049
4927,290,9537,3094,6201,8472
4927,290,9537,9600,8728,2870
4927,290,9537,3645,2367,4503
4927,290,9537,1847,1071,2824
4927,290,9537,5440,6463,2818
4927,290,9537,695,6576,9536
4927,290,9537,67,6379,9220
4927,290,9537,6524,2277,8381
4927,290,9537,5517,1694,8641
4927,290,9537,429,9119,7788
4927,290,9537,6187,9643,8825
4927,290,9537,1745,5131,9273
4927,290,9537,7507,3938,9553
4927,290,9537,5467,9078,3123
4927,290,9537,6616,8848,2202
4927,290,9537,1903,3313,2189
4927,290,9537,9895,9641,7418
4927,290,9537,5580,7852,4600
4927,290,9537,1195,7212,2003
4927,290,9537,2711,3949,907
4927,290,9537,7743,2054,8768
4927,290,9537,3555,7840,3266
4927,290,9537,6276,5410,2017
4927,290,9537,8115,4374,1962
4927,290,9537,1416,8560,3673
4927,290,9537,206,6578,5046
4927,290,9537,1187,8410,9157
4927,290,9537,7596,3098,5899
4927,290,9537,6837,2816,6865
4927,290,9537,4106,3247,2912
4927,290,9537,3698,5928,4203
4927,290,9537,8759,1497,8036
4927,290,9537,8295,6051,9109
4927,290,9537,7814,248,9229
4927,290,9537,2035,2708,1844
4927,290,9537,9581,9155,4068
4927,290,9537,5241,5326,4703
4927,290,9537,5801,624,2996
4927,290,9537,7975,128,6982
4927,290,9537,2281,2844,100
4927,290,9537,2336,9453,3764
4927,290,9537,7778,8040,9122
4927,290,9537,4393,9859,2032
4927,290,9537,5892,4254,5589
4927,290,9537,8104,5765,6418
4927,290,9537,306,7321,484
4927,290,9537,8589,1640,7334
4927,290,9537,991,4976,1716
4927,290,9537,7520,2760,15
4927,290,9537,6270,6036,9539
4927,290,9537,104,3867,445
4927,290,9537,3935,4418,9670
4927,290,9537,3819,3932,634
4927,290,9537,6489,9170,2521
4927,290,9537,5304,3040,9312
4927,290,9537,2047,9359,9597
4927,290,9537,4506,3384,8924
4927,290,9537,7413,4696,6396
4927,290,9537,2926,9321,2982
4927,290,9537,1086,3870,547
4927,290,9537,786,8237,1994
4927,290,9537,5637,861,9230
4927,290,9537,4230,2697,4966
4927,290,9537,1793,2639,108
4927,290,9537,770,9447,266
4927,290,9537,4742,5575,1812
4927,290,9537,5518,9156,612
4927,290,9537,2124,5082,5238
4927,290,9537,6338,2117,919
4927,290,9537,8716,1071,4697
4927,290,9537,1446,58,6319
4927,290,9537,1221,59,2573
4927,290,9537,7717,2201,3593
4927,290,9537,4129,2096,4968
4927,290,9537,8961,4315,1897
4927,290,9537,2782,1270,2375
4927,290,9537,2772,9234,5613
4927,290,9537,5800,6781,9064
4927,290,9537,1516,39,9748
4927,290,9537,400,1107,6312
4927,290,9537,6173,7249,419
4927,290,9537,2257,727,9745
4927,290,9537,8713,3324,174
4927,290,9537,56,6932,1290
4927,290,9537,9152,5635,7297
4927,290,9537,613,3044,6772
4927,290,9537,9402,6408,4954
4927,290,9537,8812,6814,9003
4927,290,9537,7069,1905,464
4927,290,9537,1269,5363,8821
4927,290,9537,4148,2879,5852
4927,290,9537,7965,1872,7596
4927,290,9537,2693,4459,7810
4927,290,9537,7543,3771,5853
4927,290,9537,3761,1693,508
4927,290,9537,9740,4006,2960
4927,290,9537,4894,5074,7794
4927,290,9537,615,9792,7318
4927,290,9537,145,770,7537
4927,290,9537,3106,4117,1697
4927,290,9537,8958,9566,3546
4927,290,9537,3070,7799,511
4927,290,9537,8806,7640,6946
4927,290,9537,2960,9172,4586
4927,290,9537,5836,7616,5973
4927,290,9537,7383,1568,4783
4927,290,9537,6494,247,1747
4927,290,9537,9519,3388,1464
4927,290,9537,7786,2451,6408
4927,290,9537,1619,7694,1790
4927,290,9537,8106,9025,7190
4927,290,9537,6639,3601,8235
4927,290,9537,5612,8253,7025
4927,290,9537,2307,4466,9687
4927,290,9537,2395,4744,7290
4927,290,9537,1225,8288,9836
4927,290,9537,4647,9522,8578
4927,290,9537,5171,3960,3557
4927,290,9537,164,2478,3722
4927,290,9537,13,2347,5827
4927,290,9537,9890,1755,6440
4927,290,9537,8519,8910,7613
4927,290,9537,7591,410,1117
4927,290,9537,5717,8555,6608
4927,290,9537,2729,3162,1364
4927,290,9537,4238,2536,9069
4927,290,9537,918,5853,787
4927,290,9537,1129,1176,3774
4927,290,9537,6315,3469,6454
4927,290,9537,6996,2964,2411
4927,290,9537,5056,4936,9988
4927,290,9537,7088,1301,6309
4927,290,9537,703,1429,6034
4927,290,9537,3142,2002,5870
4927,290,9537,2531,8961,190
4927,290,9537,4511,1912,7370
4927,290,9537,3868,7856,7248
4927,290,9537,3213,3340,8303
4927,290,9537,4610,7865,8140
4927,290,9537,9657,481,5626
4927,290,9537,8125,3223,1514
4927,290,9537,4565,2451,3095
4927,290,9537,7524,9108,3599
4927,290,9537,5856,4106,9152
4927,290,9537,595,8207,1858
4927,290,9537,9005,2389,1158
4927,290,9537,1572,1059,5049
4927,290,9537,8970,2657,6734
4927,290,9537,1004,9950,9740
4927,290,9537,6715,5828,1093
4927,290,9537,1352,2383,4602
4927,290,9537,154,9598,3286
4927,290,9537,2411,6996,6530
4927,290,9537,1056,4294,7757
4927,290,9537,3740,7783,4427
4927,290,9537,8614,1162,2382
4927,290,9537,132,9656,7225
4927,290,9537,3303,190,3660
4927,290,9537,2970,2225,4494
4927,290,9537,5514,1811,1153
4927,290,9537,8200,1223,1222
4927,290,9537,916,8938,6993
4927,290,9537,5018,8043,8889
4927,290,9537,5000,6823,4341
4927,290,9537,2934,3300,9199
4927,290,9537,6362,2544,8402
4927,290,9537,1296,6393,9892
4927,290,9537,6915,6705,8336
4927,290,9537,7784,4008,6197
4927,290,9537,4390,2964,306
4927,290,9537,6364,7441,5324
4927,290,9537,2416,753,1564
4927,290,9537,4968,8562,2181
4927,290,9537,9192,3645,2394
4927,290,9537,5308,9598,5420
4927,290,9537,1775,8412,8870
4927,290,9537,3611,5394,8384
4927,290,9537,1241,1073,8126
4927,290,9537,7523,4917,8663
4927,290,9537,9808,7139,3103
4927,290,9537,822,1961,1375
4927,290,9537,5966,8034,1867
4927,290,9537,3882,8810,9267
4927,290,9537,368,3416,1006
4927,290,9537,3633,306,8696
4927,290,9537,2525,4425,6116
4927,290,9537,4540,5306,5144
4927,290,9537,6344,7538,6763
4927,290,9537,1489,4738,618
4927,290,9537,9968,8034,1231
4927,290,9537,3136,6376,5079
4927,290,9537,535,9025,5428
4927,290,9537,7674,8505,8820
4927,290,9537,3580,5745,946
4927,290,9537,3995,6696,146
4927,290,9537,4097,1909,7055
4927,290,9537,9545,1626,2239
4927,290,9537,8357,5920,3565
4927,290,9537,5148,145,8628
4927,290,9537,3163,4180,6391
4927,290,9537,8206,9565,8356
4927,290,9537,1709,5548,8376
4927,290,9537,9374,5077,1918
4927,290,9537,2127,5133,2997
4927,290,9537,7100,2423,5529
4927,290,9537,1543,8055,2751
4927,290,9537,5795,6890,6146
4927,290,9537,1125,2765,3994
4927,290,9537,1374,5339,6135
4927,290,9537,7253,973,9208
4927,290,9537,913,865,5386
4927,290,9537,4006,5694,8148
4927,290,9537,8815,4188,6900
4927,290,9537,6737,831,9241
4927,290,9537,7053,371,3266
4927,290,9537,9468,4353,4379
4927,290,9537,9861,485,3992
4927,290,9537,3594,3078,3989
4927,290,9537,3002,9380,304
4927,290,9537,2406,6535,48
4927,290,9537,38,9712,9406
4927,290,9537,6893,5802,7337
4927,290,9537,6148,2700,2887
4927,290,9537,9837,1403,8432
4927,290,9537,3606,7876,6394
4927,290,9537,9113,3476,1571
4927,290,9537,8012,404,633
4927,290,9537,920,8024,7369
4927,290,9537,7202,5129,8727
4927,290,9537,6064,9970,7438
4927,290,9537,5076,1156,4310
4927,290,9537,5895,3250,1051
4927,290,9537,5115,4414,4717
4927,290,9537,2857,7792,4580
4927,290,9537,1468,8874,7696
4927,290,9537,2353,328,2871
4927,290,9537,9630,7522,2409
4927,290,9537,990,7772,3758
4927,290,9537,3705,5752,1097
4927,290,9537,6497,1783,8052
4927,290,9537,1398,3835,1452
4927,290,9537,8041,5269,3604
4927,290,9537,247,4516,8220
4927,290,9537,5217,9462,6708
4927,290,9537,6836,1235,4752
4927,290,9537,8,7260,262
4927,290,9537,6615,374,7894
4927,290,9537,8604,9213,9715
4927,290,9537,8679,1880,6855
4927,290,9537,393,831,9612
4927,290,9537,1511,549,8504
4927,290,9537,5063,8200,2952
4927,290,9537,2884,1758,9072
4927,290,9537,8063,4212,5039
4927,290,9537,2482,9447,9507
4927,290,9537,7356,5139,736
4927,290,9537,8897,7517,9367
4927,290,9537,3257,9159,464
4927,290,9537,5018,476,9471
4927,290,9537,4179,4931,3916
4927,290,9537,3664,902,7915
4927,290,9537,9553,8767,1430
4927,290,9537,7896,4662,1018
4927,290,9537,8266,618,9608
4927,290,9537,2332,3536,4056
4927,290,9537,9350,7195,5073
4927,290,9537,8881,5149,9638
4927,290,9537,8577,9831,8596
4927,290,9537,5554,6158,3198
4927,290,9537,8915,2953,2041
4927,290,9537,2276,8373,4735
4927,290,9537,5618,9084,3988
4927,290,9537,8804,8501,3967
4927,290,9537,5162,5836,3560
4927,290,9537,5456,1199,1399
4927,290,9537,144,9777,4740
4927,290,9537,257,5971,6815
4927,290,9537,1942,1438,4739
4927,290,9537,9066,4428,7210
4927,290,9537,8934,6150,6681
4927,290,9537,5478,5101,3455
4927,290,9537,267,5849,4561
4927,290,9537,6838,3301,4459
4927,290,9537,9125,1421,4632
4927,290,9537,2753,9741,4081
4927,290,9537,9636,2678,3742
4927,290,9537,3297,2875,9581
4927,290,9537,7859,9597,4041
4927,290,9537,8722,4657,1032
4927,290,9537,1056,3695,5123
4927,290,9537,6994,5780,1696
4927,290,9537,1719,4804,2863
4927,290,9537,4319,3990,4754
4927,290,9537,6519,4198,8756
4927,290,9537,4422,4605,997
4927,290,9537,1645,2994,6232
4927,290,9537,8691,2996,7471
4927,290,9537,4927,2407,2245
4927,290,9537,8217,462,4864
4927,290,9537,2631,7589,2107
4927,290,9537,21,8634,4898
4927,290,9537,7145,1721,7364
4927,290,9537,6228,2880,1748
4927,290,9537,215,7353,9985
4927,290,9537,1041,6560,556
4927,290,9537,1856,9944,6772
4927,290,9537,9260,3743,1632
4927,290,9537,4486,5407,5328
4927,290,9537,3755,8054,3999
4927,290,9537,5958,2813,211
4927,290,9537,3877,2444,5457
4927,290,9537,6128,1232,1135
4927,290,9537,5109,1536,130
4927,290,9537,6359,1797,6863
4927,290,9537,4126,7662,5370
4927,290,9537,8426,1657,6955
4927,290,9537,3060,653,7653
4927,290,9537,4894,3713,3659
4927,290,9537,220,8584,2397
4927,290,9537,1696,1747,2095
4927,290,9537,2202,3411,243
4927,290,9537,2312,9057,3520
4927,290,9537,2583,9037,2635
4927,290,9537,932,4911,3809
4927,290,9537,8965,6251,2567
4927,290,9537,5794,2527,5773
4927,290,9537,5125,8145,397
4927,290,9537,9998,7078,3156
4927,290,9537,3581,1415,3324
4927,290,9537,8797,7809,3405
4927,290,9537,8035,2598,1173
4927,290,9537,6764,2089,790
4927,290,9537,965,701,9695
4927,290,9537,3252,2750,8212
4927,290,9537,2358,3155,665
4927,290,9537,9126,2504,115
4927,290,9537,702,5483,6916
4927,290,9537,6371,840,2078
4927,290,9537,6630,6505,4655
4927,290,9537,5387,7102,1539
4927,290,9537,2766,5317,1280
4927,290,9537,7962,3830,5929
4927,290,9537,3024,3309,5314
4927,290,9537,6804,7385,9568
4927,290,9537,414,8074,7444
4927,290,9537,3041,7090,9868
4927,290,9537,8372,6069,2551
4927,290,9537,1003,720,8074
4927,290,9537,8590,3259,1712
4927,290,9537,2351,7403,5270
4927,290,9537,5042,1679,2311
4927,290,9537,4721,3741,2177
4927,290,9537,5422,7439,4869
4927,290,9537,8192,5369,4766
4927,290,9537,6573,8109,332
4927,290,9537,7577,4184,3147
4927,290,9537,5733,6538,5219
4927,290,9537,6463,3057,2140
4927,290,9537,9080,4522,3434
4927,290,9537,9446,9005,839
4927,290,9537,4592,1191,7331
4927,290,9537,1118,2173,1528
4927,290,9537,7723,6278,3955
