7141,5382,7753,8949,3882,14
7141,5382,7753,9643,3925,1720
7141,5382,7753,6387,9171,7123
7141,5382,7753,4129,4804,669
7141,5382,7753,3232,870,9254
7141,5382,7753,1149,5780,9397
7141,5382,7753,8545,2297,1945
7141,5382,7753,5366,6832,8633
7141,5382,7753,9113,7155,6431
7141,5382,7753,3359,3380,7373
7141,5382,7753,6946,709,1032
7141,5382,7753,1259,8739,1351
7141,5382,7753,5463,9657,5130
7141,5382,7753,8857,5393,4210
7141,5382,7753,2804,334,194
7141,5382,7753,5460,1351,3458
7141,5382,7753,1178,3345,8561
7141,5382,7753,9930,1906,2833
7141,5382,7753,6193,6227,6530
7141,5382,7753,3561,4078,4501
7141,5382,7753,5289,7990,518
7141,5382,7753,6923,5462,2753
7141,5382,7753,1864,5658,4011
7141,5382,7753,4060,7421,6668
7141,5382,7753,3914,4461,2228
7141,5382,7753,96,5257,2766
7141,5382,7753,5886,579,2289
7141,5382,7753,1604,1249,3831
7141,5382,7753,8303,93,3772
7141,5382,7753,7479,2371,9259
7141,5382,7753,9293,4107,435
7141,5382,7753,5319,6694,5416
7141,5382,7753,4605,5293,7752
7141,5382,7753,4502,4414,6685
7141,5382,7753,2848,5878,5498
7141,5382,7753,2409,1866,9978
7141,5382,7753,9902,2496,5389
7141,5382,7753,9175,68,5057
7141,5382,7753,2414,1725,8156
7141,5382,7753,3898,1483,6350
7141,5382,7753,4283,8174,9372
7141,5382,7753,1351,1679,7989
7141,5382,7753,5045,4905,3133
7141,5382,7753,9291,1485,5073
7141,5382,7753,5720,7563,72
7141,5382,7753,6557,6157,8185
7141,5382,7753,9661,428,2398
7141,5382,7753,7572,3591,262
7141,5382,7753,1458,142,3171
7141,5382,7753,8058,1816,7550
7141,5382,7753,3301,5912,2998
7141,5382,7753,9224,3931,1565
7141,5382,7753,8473,7212,4849
7141,5382,7753,8268,6857,5742
7141,5382,7753,9698,5571,1683
7141,5382,7753,7887,7691,546
7141,5382,7753,1894,7328,8678
7141,5382,7753,3494,7803,5197
7141,5382,7753,8370,4068,5795
7141,5382,7753,1709,9728,1343
7141,5382,7753,7205,1992,7714
7141,5382,7753,5088,7010,2567
7141,5382,7753,7090,4653,4712
7141,5382,7753,6974,5768,5125
7141,5382,7753,8422,7260,522
7141,5382,7753,3326,738,8988
7141,5382,7753,7018,9157,8958
7141,5382,7753,9080,721,9260
7141,5382,7753,8621,8315,9712
7141,5382,7753,2964,5316,3004
7141,5382,7753,1694,7866,2125
7141,5382,7753,2352,9306,513
7141,5382,7753,8238,4544,6941
7141,5382,7753,1137,8250,5357
7141,5382,7753,8313,4048,3532
7141,5382,7753,2892,4718,7791
7141,5382,7753,3729,7519,2321
7141,5382,7753,7228,7690,8748
7141,5382,7753,154,4717,1125
7141,5382,7753,2964,2507,6178
7141,5382,7753,8811,3431,4777
7141,5382,7753,4237,188,5792
7141,5382,7753,5036,6035,7938
7141,5382,7753,3609,5435,7353
7141,5382,7753,1983,8722,3131
7141,5382,7753,1603,1877,8527
7141,5382,7753,554,3749,7583
7141,5382,7753,2129,3770,4810
7141,5382,7753,1711,2592,1030
7141,5382,7753,7126,8327,1428
7141,5382,7753,1898,3940,1813
7141,5382,7753,714,5246,8197
7141,5382,7753,6686,4814,9377
7141,5382,7753,1355,3600,3887
7141,5382,7753,8005,5018,6885
7141,5382,7753,7812,6858,9948
7141,5382,7753,2900,5391,6624
7141,5382,7753,3989,4578,3108
7141,5382,7753,2438,1395,7474
7141,5382,7753,9742,6322,5191
7141,5382,7753,3977,8834,2685
7141,5382,7753,8510,7787,8963
7141,5382,7753,6623,9925,2957
7141,5382,7753,4819,9819,7823
7141,5382,7753,9623,1883,6826
7141,5382,7753,2123,4955,1613
7141,5382,7753,4339,6940,1944
7141,5382,7753,4933,7347,8665
7141,5382,7753,3245,6754,1548
7141,5382,7753,5899,1580,3390
7141,5382,7753,1818,7973,6467
7141,5382,7753,7987,5594,8176
7141,5382,7753,3395,5742,3542
7141,5382,7753,4531,6110,3103
7141,5382,7753,4762,1706,3281
7141,5382,7753,6494,7067,354
7141,5382,7753,4401,9321,5539
7141,5382,7753,1282,177,1012
7141,5382,7753,2084,5216,7018
7141,5382,7753,8400,2722,9191
7141,5382,7753,7116,389,8878
7141,5382,7753,8658,4055,5507
7141,5382,7753,7315,4884,1540
7141,5382,7753,9078,276,6151
7141,5382,7753,8021,2090,125
7141,5382,7753,7056,5566,8643
7141,5382,7753,9219,4906,9356
7141,5382,7753,1423,5313,172
7141,5382,7753,7052,7388,6649
7141,5382,7753,4174,6671,160
7141,5382,7753,8753,8553,8817
7141,5382,7753,925,4808,2259
7141,5382,7753,5085,9432,1210
7141,5382,7753,2404,7400,1590
7141,5382,7753,1830,7817,8102
7141,5382,7753,197,9991,3899
7141,5382,7753,1620,5590,3043
7141,5382,7753,2200,4756,271
7141,5382,7753,8,4437,838
7141,5382,7753,4380,8716,6316
7141,5382,7753,2672,8133,6780
7141,5382,7753,971,6471,2252
7141,5382,7753,5907,7377,5510
7141,5382,7753,4590,441,3805
7141,5382,7753,1148,1049,5097
7141,5382,7753,9697,6946,4281
7141,5382,7753,282,8181,940
7141,5382,7753,5662,55,788
7141,5382,7753,2819,2417,2620
7141,5382,7753,2647,6322,8968
7141,5382,7753,5346,5713,2694
7141,5382,7753,4890,1525,4519
7141,5382,7753,7939,1450,8924
7141,5382,7753,5129,6807,7584
7141,5382,7753,2831,4067,5850
7141,5382,7753,9121,5312,8506
7141,5382,7753,2933,6975,6202
7141,5382,7753,1344,2292,9012
7141,5382,7753,9772,2606,3316
7141,5382,7753,7778,160,2720
7141,5382,7753,7333,4062,7939
7141,5382,7753,3328,7657,8692
7141,5382,7753,4312,6417,9324
7141,5382,7753,5471,7346,2147
7141,5382,7753,4427,3851,4907
7141,5382,7753,9565,3101,8988
7141,5382,7753,4446,681,2160
7141,5382,7753,1288,9735,6276
7141,5382,7753,2985,8806,8816
7141,5382,7753,7403,5433,3523
7141,5382,7753,967,1418,7210
7141,5382,7753,5233,6043,7305
7141,5382,7753,4303,437,7536
7141,5382,7753,566,3984,6965
7141,5382,7753,4229,1812,167
7141,5382,7753,4043,2005,5921
7141,5382,7753,3846,9809,289
7141,5382,7753,5939,5083,392
7141,5382,7753,8474,6408,9627
7141,5382,7753,8152,1631,9401
7141,5382,7753,5880,4780,8535
7141,5382,7753,7014,4414,1513
7141,5382,7753,7244,2723,9268
7141,5382,7753,8420,9832,5774
7141,5382,7753,3792,7407,639
7141,5382,7753,7406,9390,6310
7141,5382,7753,8917,4098,4794
7141,5382,7753,1396,9915,8910
7141,5382,7753,9497,3010,5600
7141,5382,7753,3836,793,3426
7141,5382,7753,8657,944,8306
7141,5382,7753,8202,1748,7422
7141,5382,7753,7137,2574,3751
7141,5382,7753,3731,7795,812
7141,5382,7753,6392,8348,600
7141,5382,7753,5999,4178,3496
7141,5382,7753,3241,6524,5231
7141,5382,7753,2701,4603,5455
7141,5382,7753,7366,8999,6415
7141,5382,7753,6724,4692,4724
7141,5382,7753,4704,5210,1502
7141,5382,7753,535,8162,6375
7141,5382,7753,1944,7165,2770
7141,5382,7753,7243,9664,2983
7141,5382,7753,3946,1647,2139
7141,5382,7753,7257,8887,3418
7141,5382,7753,662,3556,8180
7141,5382,7753,7647,7978,1468
7141,5382,7753,8621,9491,7592
7141,5382,7753,5876,2290,7682
7141,5382,7753,8936,6646,7727
7141,5382,7753,9152,4506,4037
7141,5382,7753,8582,8611,683
7141,5382,7753,7653,2356,5443
7141,5382,7753,4930,2089,9498
7141,5382,7753,7472,6808,1496
7141,5382,7753,2913,9479,7255
7141,5382,7753,7188,2351,563
7141,5382,7753,7891,2344,9068
7141,5382,7753,1585,1368,8881
7141,5382,7753,2265,2825,7331
7141,5382,7753,3224,4371,6596
7141,5382,7753,7615,3008,641
7141,5382,7753,5826,4347,2776
7141,5382,7753,5278,3923,1863
7141,5382,7753,6137,5978,3473
7141,5382,7753,7499,8155,3985
7141,5382,7753,4274,913,4363
7141,5382,7753,2808,5144,8372
7141,5382,7753,656,1921,2456
7141,5382,7753,2148,3414,4864
7141,5382,7753,6358,3121,710
7141,5382,7753,9187,6219,7007
7141,5382,7753,524,8151,5327
7141,5382,7753,7298,4565,811
7141,5382,7753,6993,7562,3818
7141,5382,7753,2946,4588,3925
7141,5382,7753,2106,3311,6754
7141,5382,7753,2602,2805,9872
7141,5382,7753,6000,7277,6033
7141,5382,7753,3259,4854,9296
7141,5382,7753,5282,5852,602
7141,5382,7753,3551,6460,7197
7141,5382,7753,7878,7043,8434
7141,5382,7753,67,753,7245
7141,5382,7753,6618,6174,2700
7141,5382,7753,6716,3798,9125
7141,5382,7753,9328,5732,3456
7141,5382,7753,7401,8941,4665
7141,5382,7753,9138,1752,6316
7141,5382,7753,2190,3427,1222
7141,5382,7753,1311,14,4472
7141,5382,7753,8,7075,8898
7141,5382,7753,2591,7039,407
7141,5382,7753,6144,8871,676
7141,5382,7753,4890,3790,4859
7141,5382,7753,858,1566,6807
7141,5382,7753,5318,3586,7509
7141,5382,7753,4962,4452,7702
7141,5382,7753,8370,3963,1818
7141,5382,7753,9841,7454,5298
7141,5382,7753,7117,8819,6305
7141,5382,7753,6575,7951,2063
7141,5382,7753,576,6841,5851
7141,5382,7753,2629,4090,2412
7141,5382,7753,8290,1999,2519
7141,5382,7753,8096,7716,6381
7141,5382,7753,9691,3685,4246
7141,5382,7753,7347,6373,6776
7141,5382,7753,7099,7083,7830
7141,5382,7753,3852,2439,6994
7141,5382,7753,4474,5265,9420
7141,5382,7753,7725,9698,6557
7141,5382,7753,831,6924,9189
7141,5382,7753,7214,6193,7536
7141,5382,7753,5987,3972,9266
7141,5382,7753,9369,6148,2204
7141,5382,7753,4425,3976,2245
7141,5382,7753,620,6601,9333
7141,5382,7753,7097,2370,530
7141,5382,7753,68,876,6248
7141,5382,7753,8806,229,7430
7141,5382,7753,577,2378,6180
7141,5382,7753,4601,4072,8704
7141,5382,7753,4162,8364,3724
7141,5382,7753,2637,1410,8860
7141,5382,7753,1219,9931,7062
7141,5382,7753,4720,4092,4910
7141,5382,7753,1447,9984,5864
7141,5382,7753,762,4120,6449
7141,5382,7753,5551,5844,2566
7141,5382,7753,2200,5763,9636
7141,5382,7753,9939,2893,2345
7141,5382,7753,8479,2473,1124
7141,5382,7753,7241,1581,2083
7141,5382,7753,4155,6569,8
7141,5382,7753,197,9433,542
7141,5382,7753,9316,1714,3336
7141,5382,7753,4523,2676,5004
7141,5382,7753,1026,6628,2841
7141,5382,7753,8363,2365,7179
7141,5382,7753,2558,6715,5136
7141,5382,7753,9617,5627,2724
7141,5382,7753,8019,4248,7578
7141,5382,7753,369,220,7729
7141,5382,7753,7144,8510,6230
7141,5382,7753,3390,9422,1355
7141,5382,7753,7012,4557,7078
7141,5382,7753,4423,1353,723
7141,5382,7753,9796,2420,8601
7141,5382,7753,4819,1805,2230
7141,5382,7753,1934,9748,1751
7141,5382,7753,7682,5105,4226
7141,5382,7753,5387,9380,3759
7141,5382,7753,2731,6677,917
7141,5382,7753,5302,5742,7454
7141,5382,7753,1636,1093,7874
7141,5382,7753,9149,5590,9279
7141,5382,7753,6772,1009,1708
7141,5382,7753,412,6459,865
7141,5382,7753,102,1917,838
7141,5382,7753,1010,904,3876
7141,5382,7753,7687,5133,7441
7141,5382,7753,2358,1587,5284
7141,5382,7753,8662,1697,8956
7141,5382,7753,4251,4325,6383
7141,5382,7753,4353,3903,1419
7141,5382,7753,7264,3180,815
7141,5382,7753,2229,1681,9813
7141,5382,7753,1374,7900,8690
7141,5382,7753,8643,9062,398
7141,5382,7753,3275,3169,4093
7141,5382,7753,791,4228,229
7141,5382,7753,5116,7262,7411
7141,5382,7753,8321,4742,5116
7141,5382,7753,1110,9909,9867
7141,5382,7753,5775,2004,6334
7141,5382,7753,6995,4281,7418
7141,5382,7753,7615,9500,3273
7141,5382,7753,764,3467,3032
7141,5382,7753,9041,9386,7399
7141,5382,7753,880,368,3416
7141,5382,7753,9269,5894,9328
7141,5382,7753,8680,5116,29
7141,5382,7753,2874,2258,9896
7141,5382,7753,3795,1909,7492
7141,5382,7753,2357,1879,6989
7141,5382,7753,6918,4635,1905
7141,5382,7753,8339,4634,2678
7141,5382,7753,1610,2452,3253
7141,5382,7753,2771,8706,7428
7141,5382,7753,53,3450,4338
7141,5382,7753,6473,2315,9288
7141,5382,7753,3718,9494,7314
7141,5382,7753,6519,8962,5097
7141,5382,7753,8887,6153,1768
7141,5382,7753,3904,6696,4880
7141,5382,7753,8774,4971,7549
7141,5382,7753,7535,6731,581
7141,5382,7753,5626,3654,6376
7141,5382,7753,509,1233,8652
7141,5382,7753,4632,113,3712
7141,5382,7753,30,180,2104
7141,5382,7753,380,8666,6577
7141,5382,7753,5473,6806,9998
7141,5382,7753,2827,9326,322
7141,5382,7753,5822,9593,6022
7141,5382,7753,4076,4897,5911
7141,5382,7753,6491,5675,7715
7141,5382,7753,1903,554,6984
7141,5382,7753,6893,7566,6574
7141,5382,7753,5535,6944,3841
7141,5382,7753,7468,4,9185
7141,5382,7753,3307,5057,7245
7141,5382,7753,6780,3688,1162
7141,5382,7753,7462,7346,5355
7141,5382,7753,7548,848,970
7141,5382,7753,5109,4012,7084
7141,5382,7753,7021,8875,2205
7141,5382,7753,664,2198,9349
7141,5382,7753,2455,8398,2859
7141,5382,7753,6368,9284,4920
7141,5382,7753,2419,1027,7362
7141,5382,7753,1092,2297,6132
7141,5382,7753,284,9890,3676
7141,5382,7753,9081,9521,5271
7141,5382,7753,4443,3243,8129
7141,5382,7753,4739,2597,5539
7141,5382,7753,503,4718,3450
7141,5382,7753,6542,9463,3459
7141,5382,7753,2185,2519,1289
7141,5382,7753,2145,2651,190
7141,5382,7753,5076,9160,117
7141,5382,7753,9066,4801,5734
7141,5382,7753,8248,4020,1520
7141,5382,7753,6202,5810,8419
7141,5382,7753,468,1251,2747
7141,5382,7753,3282,282,3862
7141,5382,7753,4011,1859,2392
7141,5382,7753,744,797,5636
7141,5382,7753,7190,9123,222
7141,5382,7753,8328,3422,4151
7141,5382,7753,276,8299,4863
7141,5382,7753,9285,9512,8499
7141,5382,7753,3657,4561,402
7141,5382,7753,5407,5734,4337
7141,5382,7753,4474,8679,696
7141,5382,7753,1189,9757,9454
7141,5382,7753,4953,2726,3188
7141,5382,7753,343,7820,3756
7141,5382,7753,5718,125,4072
7141,5382,7753,7592,7276,2405
7141,5382,7753,7653,2395,7322
7141,5382,7753,4159,1689,1140
7141,5382,7753,307,5431,1691
7141,5382,7753,5703,5830,2619
7141,5382,7753,5670,9964,3518
7141,5382,7753,7899,2027,6213
7141,5382,7753,5557,1582,9584
7141,5382,7753,4846,3995,5722
7141,5382,7753,8013,7468,1868
7141,5382,7753,5615,677,1145
7141,5382,7753,654,8421,3927
7141,5382,7753,3367,3380,3849
7141,5382,7753,5118,9942,5392
7141,5382,7753,3178,4725,818
7141,5382,7753,3073,614,1687
7141,5382,7753,386,7022,4542
7141,5382,7753,9529,2390,2083
7141,5382,7753,1814,374,7328
7141,5382,7753,6396,9641,3038
7141,5382,7753,9240,8329,9967
7141,5382,7753,567,1929,4794
7141,5382,7753,6110,3647,8311
7141,5382,7753,8586,8708,5800
7141,5382,7753,9204,4616,3697
7141,5382,7753,1374,5505,2139
7141,5382,7753,1033,5998,1958
7141,5382,7753,7637,4482,1412
7141,5382,7753,7912,2567,202
7141,5382,7753,5991,9241,9830
7141,5382,7753,2892,1333,5293
7141,5382,7753,6397,9398,5635
7141,5382,7753,8652,7782,9059
7141,5382,7753,3597,9687,4633
7141,5382,7753,8661,4627,2539
7141,5382,7753,1131,7077,1528
7141,5382,7753,1477,5495,6322
7141,5382,7753,3266,1126,7318
7141,5382,7753,6522,3011,1758
7141,5382,7753,961,561,117
7141,5382,7753,351,9109,6183
7141,5382,7753,4228,6320,7857
7141,5382,7753,5715,5532,8729
7141,5382,7753,9373,3643,7655
7141,5382,7753,9565,8705,4113
7141,5382,7753,1774,4731,715
7141,5382,7753,3277,1076,4202
7141,5382,7753,2362,8092,6547
7141,5382,7753,7679,4906,7988
7141,5382,7753,5264,5053,9398
7141,5382,7753,9752,9785,2567
7141,5382,7753,2404,4676,2094
7141,5382,7753,1151,7008,2551
7141,5382,7753,7018,2048,1220
7141,5382,7753,3903,8869,6090
7141,5382,7753,192,8502,611
7141,5382,7753,6461,9335,5937
7141,5382,7753,382,2315,1564
7141,5382,7753,5546,6347,9488
7141,5382,7753,7483,4252,4555
7141,5382,7753,6632,9429,3988
7141,5382,7753,3615,7149,2542
7141,5382,7753,2145,6558,5136
7141,5382,7753,4459,6464,7679
7141,5382,7753,9896,9185,1099
7141,5382,7753,8542,8638,6302
7141,5382,7753,1871,139,6156
7141,5382,7753,1247,5482,5487
7141,5382,7753,3561,3359,9229
7141,5382,7753,3166,8073,1014
7141,5382,7753,1557,9212,6417
7141,5382,7753,9360,6138,2611
7141,5382,7753,8139,1753,3516
7141,5382,7753,4337,6578,872
7141,5382,7753,6551,7120,9016
7141,5382,7753,6183,7340,9706
7141,5382,7753,2905,1244,8059
7141,5382,7753,423,9008,1325
7141,5382,7753,794,1962,5751
7141,5382,7753,5517,4833,4732
7141,5382,7753,8102,9869,7311
7141,5382,7753,5776,6517,2715
7141,5382,7753,7089,3023,497
7141,5382,7753,6503,8090,9311
7141,5382,7753,2194,6277,3235
7141,5382,7753,9011,9776,8499
7141,5382,7753,8996,8971,1756
7141,5382,7753,4302,9949,2743
7141,5382,7753,2836,1929,8006
7141,5382,7753,9639,6698,5925
7141,5382,7753,1261,8371,8808
7141,5382,7753,5920,1217,4602
7141,5382,7753,429,6020,8902
7141,5382,7753,1744,3079,4396
7141,5382,7753,8708,807,7412
7141,5382,7753,3658,3119,8727
7141,5382,7753,4839,5866,2018
7141,5382,7753,4920,5992,5018
7141,5382,7753,5889,863,2482
