9263,8177,8494,1515,5522,7069
9263,8177,8494,3811,874,9818
9263,8177,8494,9693,562,9131
9263,8177,8494,9702,9230,8447
9263,8177,8494,2642,6645,5164
9263,8177,8494,6360,2046,3774
9263,8177,8494,146,4587,4159
9263,8177,8494,1979,5104,78
9263,8177,8494,5100,7048,9747
9263,8177,8494,9848,5242,9857
9263,8177,8494,439,6207,8454
9263,8177,8494,682,2665,7079
9263,8177,8494,7361,8910,9031
9263,8177,8494,7910,9591,9617
9263,8177,8494,7607,8702,4537
9263,8177,8494,4783,4673,9377
9263,8177,8494,2525,2864,7909
9263,8177,8494,5651,342,5702
9263,8177,8494,3241,7592,2989
9263,8177,8494,9909,9616,6141
9263,8177,8494,4130,3797,5667
9263,8177,8494,5807,4149,3204
9263,8177,8494,700,9823,3714
9263,8177,8494,5500,9192,9707
9263,8177,8494,9681,9360,9501
9263,8177,8494,9376,9354,2451
9263,8177,8494,9228,5533,6772
9263,8177,8494,394,7553,4833
9263,8177,8494,1994,1008,3303
9263,8177,8494,8865,9950,2162
9263,8177,8494,5107,2241,840
9263,8177,8494,4136,6746,5363
9263,8177,8494,5087,6439,4536
9263,8177,8494,4794,9834,922
9263,8177,8494,4938,389,9270
9263,8177,8494,1825,5649,1129
9263,8177,8494,3074,8729,8476
9263,8177,8494,5744,9679,4451
9263,8177,8494,939,9598,7604
9263,8177,8494,1435,6750,7702
9263,8177,8494,7764,3023,1725
9263,8177,8494,279,5412,6986
9263,8177,8494,4725,4511,4215
9263,8177,8494,3631,961,7960
9263,8177,8494,717,6165,9759
9263,8177,8494,5377,7839,6640
9263,8177,8494,9390,1363,4094
9263,8177,8494,185,1997,221
9263,8177,8494,6036,5185,7032
9263,8177,8494,4679,2130,430
9263,8177,8494,792,3068,3996
9263,8177,8494,9631,6832,9041
9263,8177,8494,4263,3356,4273
9263,8177,8494,1903,4994,297
9263,8177,8494,7166,4634,1178
9263,8177,8494,9312,6186,1583
9263,8177,8494,7860,8553,495
9263,8177,8494,4826,645,6652
9263,8177,8494,6625,9163,7237
9263,8177,8494,1079,8428,6552
9263,8177,8494,1003,984,5386
9263,8177,8494,250,8186,4994
9263,8177,8494,121,3828,5189
9263,8177,8494,7897,2289,8241
9263,8177,8494,9215,3271,1785
9263,8177,8494,897,7079,5690
9263,8177,8494,7436,7548,5001
9263,8177,8494,6506,767,285
9263,8177,8494,2128,8312,5121
9263,8177,8494,3510,3277,8036
9263,8177,8494,1080,1209,3542
9263,8177,8494,5204,3357,710
9263,8177,8494,9940,1123,9276
9263,8177,8494,3952,1053,804
9263,8177,8494,1378,3381,868
9263,8177,8494,4926,1254,9879
9263,8177,8494,494,5483,4496
9263,8177,8494,9191,1499,4330
9263,8177,8494,8501,3907,6376
9263,8177,8494,3473,5347,2415
9263,8177,8494,2372,8701,3593
9263,8177,8494,9998,9702,728
9263,8177,8494,5687,5886,948
9263,8177,8494,5905,9061,5218
9263,8177,8494,1540,8708,7214
9263,8177,8494,8459,3505,9462
9263,8177,8494,237,8711,2197
9263,8177,8494,21,2378,8692
9263,8177,8494,4220,6442,7461
9263,8177,8494,3009,541,9828
9263,8177,8494,6468,2150,8037
9263,8177,8494,5415,9702,4950
9263,8177,8494,9205,907,422
9263,8177,8494,8112,8632,9763
9263,8177,8494,508,5718,4384
9263,8177,8494,4406,1553,8832
9263,8177,8494,8743,5727,9519
9263,8177,8494,7901,9430,4164
9263,8177,8494,8598,9800,6952
9263,8177,8494,4379,4724,5737
9263,8177,8494,6042,4511,4290
9263,8177,8494,8192,7012,5841
9263,8177,8494,6812,7859,4280
9263,8177,8494,7218,1644,4109
9263,8177,8494,5851,386,796
9263,8177,8494,9086,2211,9617
9263,8177,8494,6995,9890,3449
9263,8177,8494,9668,132,8430
9263,8177,8494,2076,3050,5107
9263,8177,8494,3021,7385,2644
9263,8177,8494,5974,6504,4975
9263,8177,8494,7371,6069,3355
9263,8177,8494,3578,8686,3403
9263,8177,8494,6968,1261,2985
9263,8177,8494,8531,995,3623
9263,8177,8494,768,2419,7218
9263,8177,8494,2683,3333,900
9263,8177,8494,4477,8873,2230
9263,8177,8494,7407,3428,5213
9263,8177,8494,1414,1399,5371
9263,8177,8494,4022,788,4566
9263,8177,8494,9229,7851,6265
9263,8177,8494,7700,3420,404
9263,8177,8494,3477,2485,5762
9263,8177,8494,390,1801,6644
9263,8177,8494,835,6376,6093
9263,8177,8494,912,6444,5029
9263,8177,8494,7015,5093,229
9263,8177,8494,5984,3651,1231
9263,8177,8494,8364,41,8633
9263,8177,8494,7828,1587,5313
9263,8177,8494,8335,3434,7993
9263,8177,8494,8771,3699,8212
9263,8177,8494,8811,5772,3668
9263,8177,8494,692,4265,7734
9263,8177,8494,4008,8517,1738
9263,8177,8494,6964,8545,4804
9263,8177,8494,7482,8810,8039
9263,8177,8494,9612,1762,6594
9263,8177,8494,4280,9196,1781
9263,8177,8494,2289,8502,5469
9263,8177,8494,1558,6566,5923
9263,8177,8494,7244,1963,3005
9263,8177,8494,6291,6355,5130
9263,8177,8494,5976,2428,3134
9263,8177,8494,9977,8531,5426
9263,8177,8494,486,2103,3160
9263,8177,8494,3420,2256,6384
9263,8177,8494,6911,8113,1953
9263,8177,8494,8167,9021,5030
9263,8177,8494,3005,5350,3602
9263,8177,8494,3372,2992,5692
9263,8177,8494,1541,4708,1986
9263,8177,8494,6372,5246,6938
9263,8177,8494,6158,4853,861
9263,8177,8494,7734,3093,3494
9263,8177,8494,9704,3070,1285
9263,8177,8494,4931,1442,5019
9263,8177,8494,2088,5254,766
9263,8177,8494,9964,7138,4280
9263,8177,8494,2269,1121,1004
9263,8177,8494,1210,9024,1142
9263,8177,8494,8978,6500,437
9263,8177,8494,9817,7279,2658
9263,8177,8494,9187,9522,8595
9263,8177,8494,7087,1589,8777
9263,8177,8494,1804,4050,2150
9263,8177,8494,8800,6869,7167
9263,8177,8494,1478,7366,4730
9263,8177,8494,2575,8737,1127
9263,8177,8494,2179,8632,2314
9263,8177,8494,2219,7211,8939
9263,8177,8494,3157,5256,4477
9263,8177,8494,4585,4726,4496
9263,8177,8494,2278,7609,8853
9263,8177,8494,7679,4385,8494
9263,8177,8494,961,1675,8466
9263,8177,8494,7292,8167,3190
9263,8177,8494,4848,3696,5454
9263,8177,8494,9033,8637,5472
9263,8177,8494,3180,2790,3529
9263,8177,8494,5953,6603,5571
9263,8177,8494,9980,8138,261
9263,8177,8494,9989,6720,7915
9263,8177,8494,5435,200,1355
9263,8177,8494,5190,181,8284
9263,8177,8494,9953,4432,4098
9263,8177,8494,8954,626,4053
9263,8177,8494,1894,7337,4865
9263,8177,8494,2065,8101,8472
9263,8177,8494,1234,5114,981
9263,8177,8494,5440,6782,3121
9263,8177,8494,2325,141,4748
9263,8177,8494,8783,4102,6297
9263,8177,8494,8440,9804,9057
9263,8177,8494,3052,9865,7382
9263,8177,8494,2198,6532,998
9263,8177,8494,5580,1685,179
9263,8177,8494,8038,8135,3520
9263,8177,8494,4880,7793,6179
9263,8177,8494,6175,9138,5331
9263,8177,8494,6204,318,5533
9263,8177,8494,3667,4283,1527
9263,8177,8494,7281,2070,2878
9263,8177,8494,2815,8645,6204
9263,8177,8494,3121,8000,6521
9263,8177,8494,5349,8770,3826
9263,8177,8494,636,7856,459
9263,8177,8494,5437,9909,5521
9263,8177,8494,759,322,5493
9263,8177,8494,1947,1783,2943
9263,8177,8494,3456,8688,6085
9263,8177,8494,9808,9776,4815
9263,8177,8494,4801,5393,9941
9263,8177,8494,1908,8969,6765
9263,8177,8494,2390,8960,2724
9263,8177,8494,2183,986,9922
9263,8177,8494,3393,8145,9997
9263,8177,8494,6592,1286,5628
9263,8177,8494,1391,3107,5899
9263,8177,8494,4425,1534,9995
9263,8177,8494,3095,9972,3926
9263,8177,8494,425,4984,8499
9263,8177,8494,8252,6298,4370
9263,8177,8494,6738,4892,8898
9263,8177,8494,6107,6017,3227
9263,8177,8494,6371,5980,4096
9263,8177,8494,2261,4562,4261
9263,8177,8494,5805,6215,9742
9263,8177,8494,7879,1342,7292
9263,8177,8494,298,1501,7379
9263,8177,8494,8615,7768,1509
9263,8177,8494,7151,2781,9511
9263,8177,8494,6665,2553,8694
9263,8177,8494,4393,8976,9218
9263,8177,8494,8390,324,657
9263,8177,8494,9734,7181,6593
9263,8177,8494,3659,5787,3741
9263,8177,8494,4872,4333,3444
9263,8177,8494,3558,6806,9206
9263,8177,8494,9845,2932,2214
9263,8177,8494,4808,676,1771
9263,8177,8494,252,1916,5717
9263,8177,8494,8497,1946,8058
9263,8177,8494,8178,4998,3815
9263,8177,8494,7697,3963,8077
9263,8177,8494,8628,1199,3811
9263,8177,8494,5913,1379,1377
9263,8177,8494,8532,1270,6298
9263,8177,8494,5287,2341,9819
9263,8177,8494,5750,5444,1905
9263,8177,8494,3317,2299,6818
9263,8177,8494,2804,2819,2720
9263,8177,8494,4341,2735,4663
9263,8177,8494,4940,2827,7208
9263,8177,8494,4432,7713,3736
9263,8177,8494,3722,2357,7676
9263,8177,8494,7635,723,1775
9263,8177,8494,6317,2492,6594
9263,8177,8494,47,1110,3417
9263,8177,8494,9906,8781,1039
9263,8177,8494,1986,563,3764
9263,8177,8494,8784,5449,2217
9263,8177,8494,9290,3624,9954
9263,8177,8494,9662,1108,1639
9263,8177,8494,6859,2975,2907
9263,8177,8494,6820,7078,4429
9263,8177,8494,3069,5438,551
9263,8177,8494,3011,3281,8392
9263,8177,8494,161,7973,4251
9263,8177,8494,7790,5781,3857
9263,8177,8494,5243,9140,6123
9263,8177,8494,8285,9697,3398
9263,8177,8494,2,9310,7776
9263,8177,8494,2657,5927,4826
9263,8177,8494,3860,5295,3666
9263,8177,8494,1277,5412,4379
9263,8177,8494,1356,8084,4539
9263,8177,8494,9942,181,8977
9263,8177,8494,7382,9469,9005
9263,8177,8494,4930,4885,5699
9263,8177,8494,5339,7882,3018
9263,8177,8494,7317,8118,6201
9263,8177,8494,5743,2754,8635
9263,8177,8494,1855,5346,5968
9263,8177,8494,6536,9685,877
9263,8177,8494,3993,9265,541
9263,8177,8494,4216,7291,4518
9263,8177,8494,7887,9175,4554
9263,8177,8494,5908,7700,6477
9263,8177,8494,3372,3472,6893
9263,8177,8494,4155,10000,5551
9263,8177,8494,4279,5483,2069
9263,8177,8494,3586,4186,9674
9263,8177,8494,5505,1740,4051
9263,8177,8494,6727,4362,7708
9263,8177,8494,4691,6624,5599
9263,8177,8494,9120,6806,1464
9263,8177,8494,5192,4771,9579
9263,8177,8494,8075,7647,7240
9263,8177,8494,4901,857,1536
9263,8177,8494,6894,4518,8873
9263,8177,8494,786,8291,2981
9263,8177,8494,2053,7615,3797
9263,8177,8494,4087,2111,7285
9263,8177,8494,8351,5502,1710
9263,8177,8494,2207,2419,3542
9263,8177,8494,4572,328,2697
9263,8177,8494,1721,8444,3294
9263,8177,8494,3854,8559,3073
9263,8177,8494,5099,3459,6253
9263,8177,8494,8620,7936,8613
9263,8177,8494,9361,3897,2166
9263,8177,8494,4442,2682,4267
9263,8177,8494,4007,3754,7037
9263,8177,8494,3257,3869,590
9263,8177,8494,8419,2657,7955
9263,8177,8494,8178,1059,706
9263,8177,8494,4610,8435,4777
9263,8177,8494,4639,6702,9911
9263,8177,8494,465,3501,1498
9263,8177,8494,9057,168,6121
9263,8177,8494,9643,7183,4409
9263,8177,8494,3533,8003,4588
9263,8177,8494,9698,4266,5029
9263,8177,8494,9567,8233,5662
9263,8177,8494,4560,1154,2591
9263,8177,8494,2210,4265,9953
9263,8177,8494,5428,7402,1200
9263,8177,8494,1205,9126,5630
9263,8177,8494,7396,3074,8914
9263,8177,8494,3313,4197,6469
9263,8177,8494,6966,507,691
9263,8177,8494,7053,7288,3758
9263,8177,8494,2219,212,7852
9263,8177,8494,6402,7363,8985
9263,8177,8494,2852,485,1353
9263,8177,8494,1000,8294,324
9263,8177,8494,2224,8429,5147
9263,8177,8494,5852,594,4510
9263,8177,8494,6751,4288,5935
9263,8177,8494,8795,4534,7537
9263,8177,8494,9567,1658,5342
9263,8177,8494,8474,7249,6996
9263,8177,8494,5400,7300,865
9263,8177,8494,394,6893,8808
9263,8177,8494,6804,5559,5906
9263,8177,8494,5215,1559,2509
9263,8177,8494,5092,2296,2700
9263,8177,8494,2632,6520,7800
9263,8177,8494,3585,8418,9674
9263,8177,8494,1904,2596,342
9263,8177,8494,2241,6634,2916
9263,8177,8494,231,7385,5719
9263,8177,8494,5021,2314,2368
9263,8177,8494,1408,3635,3626
9263,8177,8494,7910,8085,7122
9263,8177,8494,3002,1863,8669
9263,8177,8494,2968,8256,7215
9263,8177,8494,415,3948,7873
9263,8177,8494,5362,423,8059
9263,8177,8494,8981,1574,6933
9263,8177,8494,2928,8773,3050
9263,8177,8494,5870,4137,3951
9263,8177,8494,7667,6163,4722
9263,8177,8494,3902,4264,2005
9263,8177,8494,9026,6193,5899
9263,8177,8494,4240,5960,8286
9263,8177,8494,3102,4725,8163
9263,8177,8494,640,3753,9369
9263,8177,8494,3420,2672,4634
9263,8177,8494,8068,186,4484
9263,8177,8494,8701,2575,889
9263,8177,8494,7249,5194,4757
9263,8177,8494,1596,8078,4100
9263,8177,8494,2941,7333,3515
9263,8177,8494,7414,3767,308
9263,8177,8494,3234,8260,9547
9263,8177,8494,939,6306,8
9263,8177,8494,4715,5681,4187
9263,8177,8494,8940,8196,1992
9263,8177,8494,1795,1401,7430
9263,8177,8494,133,8859,3633
9263,8177,8494,4444,4232,7636
9263,8177,8494,1161,2874,9043
9263,8177,8494,5578,9638,2396
9263,8177,8494,5266,9150,5714
9263,8177,8494,6587,6220,4498
9263,8177,8494,9370,3319,8777
9263,8177,8494,49,184,6374
9263,8177,8494,8175,8411,5898
9263,8177,8494,9252,1621,9631
9263,8177,8494,7071,1457,3242
9263,8177,8494,4860,9126,7846
9263,8177,8494,6896,1747,1587
9263,8177,8494,1935,248,4321
9263,8177,8494,1141,3371,5770
9263,8177,8494,2313,9519,2567
9263,8177,8494,2182,328,1069
9263,8177,8494,7384,8626,2039
9263,8177,8494,9018,81,1727
9263,8177,8494,2267,7230,8601
9263,8177,8494,6487,2913,966
9263,8177,8494,1303,3294,8243
9263,8177,8494,5099,822,3147
9263,8177,8494,9473,6141,5617
9263,8177,8494,9613,4954,2616
9263,8177,8494,9209,9949,5391
9263,8177,8494,6483,8032,51
9263,8177,8494,188,6006,2860
9263,8177,8494,1965,4799,7205
9263,8177,8494,9815,1098,3790
9263,8177,8494,2599,6373,2964
9263,8177,8494,5963,8262,9440
9263,8177,8494,4765,8174,8936
9263,8177,8494,2517,6278,1258
9263,8177,8494,3719,5914,8345
9263,8177,8494,4430,1000,7506
9263,8177,8494,1852,8469,5852
9263,8177,8494,671,1348,2495
9263,8177,8494,6593,9791,4548
9263,8177,8494,3693,5602,6473
9263,8177,8494,7488,9933,3948
9263,8177,8494,9633,8761,7701
9263,8177,8494,9396,3779,4999
9263,8177,8494,7258,3252,6989
9263,8177,8494,132,8845,8260
9263,8177,8494,1281,3373,8344
9263,8177,8494,3093,9333,5647
9263,8177,8494,7616,7434,1706
9263,8177,8494,7932,3755,7111
9263,8177,8494,7298,2455,9845
9263,8177,8494,9696,813,3015
9263,8177,8494,2962,3383,93
9263,8177,8494,4129,896,5704
9263,8177,8494,3243,6175,1633
9263,8177,8494,3736,9409,7353
9263,8177,8494,8986,6316,1309
9263,8177,8494,3994,1362,6115
9263,8177,8494,8079,2563,6937
9263,8177,8494,2368,3182,6450
9263,8177,8494,3321,356,4137
9263,8177,8494,1574,4363,605
9263,8177,8494,6329,6650,3540
9263,8177,8494,5468,9466,2526
9263,8177,8494,5642,4373,4051
9263,8177,8494,7473,2542,7980
9263,8177,8494,8501,6131,1108
9263,8177,8494,6725,5627,153
9263,8177,8494,6968,8324,9128
9263,8177,8494,3749,2096,1023
9263,8177,8494,4601,9949,9618
9263,8177,8494,9294,1935,5498
9263,8177,8494,3726,6000,7109
9263,8177,8494,8215,1723,2181
9263,8177,8494,9638,8453,8292
9263,8177,8494,3143,4503,2716
9263,8177,8494,5809,4092,9202
9263,8177,8494,8289,2563,7709
9263,8177,8494,8266,4959,6957
9263,8177,8494,2191,1317,7527
9263,8177,8494,2199,6215,373
9263,8177,8494,1086,113,2465
9263,8177,8494,4511,7933,4308
9263,8177,8494,4809,8389,314
9263,8177,8494,8675,912,6467
9263,8177,8494,6115,5708,7571
9263,8177,8494,8039,6566,9566
9263,8177,8494,7077,8331,2049
9263,8177,8494,7521,5009,3795
9263,8177,8494,2636,4564,7336
9263,8177,8494,8155,9025,3944
9263,8177,8494,2183,4436,8196
9263,8177,8494,2470,9802,9884
9263,8177,8494,3520,9150,3209
9263,8177,8494,2589,3742,7656
9263,8177,8494,6491,278,2024
9263,8177,8494,3894,4506,3423
9263,8177,8494,1074,3118,8219
9263,8177,8494,1554,4262,8067
9263,8177,8494,4996,5689,2288
9263,8177,8494,3808,918,9732
9263,8177,8494,8803,5504,7821
9263,8177,8494,21,515,4836
9263,8177,8494,4641,1594,7779
9263,8177,8494,9267,1179,5083
9263,8177,8494,10,4957,6258
9263,8177,8494,3202,5970,5460
9263,8177,8494,581,9474,9715
9263,8177,8494,9740,9290,4439
9263,8177,8494,3014,22,9098
9263,8177,8494,6468,9843,9242
9263,8177,8494,6424,873,8186
9263,8177,8494,1591,2408,894
9263,8177,8494,862,55,6927
9263,8177,8494,6245,846,6400
9263,8177,8494,8955,7619,7363
9263,8177,8494,5989,6715,9199
9263,8177,8494,2700,6579,5846
9263,8177,8494,3881,408,6001
9263,8177,8494,4868,2650,4791
9263,8177,8494,8806,763,7897
9263,8177,8494,1189,5436,983
9263,8177,8494,1353,352,7973
9263,8177,8494,6692,6961,3155
9263,8177,8494,4129,7232,60
9263,8177,8494,2512,6796,5420
9263,8177,8494,5789,6864,9739
9263,8177,8494,2433,8472,891
9263,8177,8494,8752,9944,7154
