6881,1679,2616,1401,1840,6771
6881,1679,2616,5828,5262,7083
6881,1679,2616,4584,1892,5339
6881,1679,2616,8538,2405,3794
6881,1679,2616,8995,5946,9423
6881,1679,2616,6832,4894,9829
6881,1679,2616,4569,2626,4388
6881,1679,2616,8454,276,9113
6881,1679,2616,6210,8441,7593
6881,1679,2616,6836,465,3658
6881,1679,2616,7342,2621,7523
6881,1679,2616,7463,779,1541
6881,1679,2616,8101,967,5140
6881,1679,2616,4503,875,7003
6881,1679,2616,6440,4364,2526
6881,1679,2616,4392,1385,8300
6881,1679,2616,6651,6432,3955
6881,1679,2616,3361,926,4882
6881,1679,2616,7805,1988,8372
6881,1679,2616,1512,1077,7751
6881,1679,2616,6286,4443,7695
6881,1679,2616,4419,102,9134
6881,1679,2616,845,4019,5765
6881,1679,2616,9603,2652,3512
6881,1679,2616,3670,3308,5663
6881,1679,2616,7052,1410,1060
6881,1679,2616,7449,6076,4674
6881,1679,2616,9659,8508,4356
6881,1679,2616,5695,2206,1374
6881,1679,2616,7407,9764,8828
6881,1679,2616,4077,8271,7856
6881,1679,2616,585,2285,3639
6881,1679,2616,4670,5058,6940
6881,1679,2616,5655,1893,7368
6881,1679,2616,9581,7056,1968
6881,1679,2616,9588,4339,4598
6881,1679,2616,694,2776,4821
6881,1679,2616,5821,3461,5464
6881,1679,2616,114,9071,9161
6881,1679,2616,7958,1018,7920
6881,1679,2616,8989,1196,8523
6881,1679,2616,8342,9647,5879
6881,1679,2616,4789,4054,4292
6881,1679,2616,2919,2594,5926
6881,1679,2616,150,5971,4662
6881,1679,2616,5905,1274,7760
6881,1679,2616,6778,6993,9363
6881,1679,2616,7871,7209,8573
6881,1679,2616,9979,3842,7796
6881,1679,2616,651,7209,6433
6881,1679,2616,3878,2558,9510
6881,1679,2616,5163,4089,2453
6881,1679,2616,1354,3379,8948
6881,1679,2616,6587,4303,4839
6881,1679,2616,1982,8615,6016
6881,1679,2616,567,6805,9315
6881,1679,2616,2263,4058,8826
6881,1679,2616,3476,5144,5089
6881,1679,2616,1294,6617,1675
6881,1679,2616,7196,9137,7495
6881,1679,2616,3885,8859,8141
6881,1679,2616,6248,5751,8337
6881,1679,2616,3417,4010,2889
6881,1679,2616,660,1242,1682
6881,1679,2616,9897,5045,8481
6881,1679,2616,5408,6496,7981
6881,1679,2616,9709,8183,7077
6881,1679,2616,6241,976,9252
6881,1679,2616,9243,4599,4645
6881,1679,2616,5277,8097,2664
6881,1679,2616,3957,6732,5754
6881,1679,2616,4258,1983,7780
6881,1679,2616,8049,3570,9421
6881,1679,2616,2206,9757,7635
6881,1679,2616,6530,2662,8091
6881,1679,2616,2527,4366,1127
6881,1679,2616,5447,3438,1444
6881,1679,2616,4585,313,5205
6881,1679,2616,8631,6257,831
6881,1679,2616,1521,7270,1854
6881,1679,2616,8133,2655,363
6881,1679,2616,6581,3424,9309
6881,1679,2616,5215,299,7376
6881,1679,2616,2599,2651,2860
6881,1679,2616,828,6570,9177
6881,1679,2616,6407,5779,2082
6881,1679,2616,908,3178,3587
6881,1679,2616,4319,4758,6158
6881,1679,2616,861,649,2594
6881,1679,2616,6485,6867,765
6881,1679,2616,1076,188,3323
6881,1679,2616,7167,2257,438
6881,1679,2616,4987,3511,4841
6881,1679,2616,4977,8131,683
6881,1679,2616,9382,1756,1107
6881,1679,2616,3596,5782,3950
6881,1679,2616,6466,9272,9310
6881,1679,2616,1845,3831,8597
6881,1679,2616,8815,1182,581
6881,1679,2616,3301,8104,6913
6881,1679,2616,1957,5185,5714
6881,1679,2616,6982,2184,6481
6881,1679,2616,4616,8460,6911
6881,1679,2616,5205,379,5031
6881,1679,2616,2860,5322,8671
6881,1679,2616,9785,3654,2121
6881,1679,2616,5848,9770,154
6881,1679,2616,3482,8018,4518
6881,1679,2616,2687,577,7346
6881,1679,2616,964,4907,4132
6881,1679,2616,5170,4834,4336
6881,1679,2616,8272,7135,3749
6881,1679,2616,590,9170,8863
6881,1679,2616,9808,8421,1045
6881,1679,2616,9284,5084,5829
6881,1679,2616,281,4743,2749
6881,1679,2616,9730,3708,8648
6881,1679,2616,4222,7019,6262
6881,1679,2616,9509,3994,8044
6881,1679,2616,2424,8239,7222
6881,1679,2616,8147,9649,8230
6881,1679,2616,7232,820,5059
6881,1679,2616,2033,4828,6714
6881,1679,2616,2331,8749,6996
6881,1679,2616,3919,3865,6721
6881,1679,2616,8434,2343,1537
6881,1679,2616,8362,5419,4879
6881,1679,2616,4886,3135,5464
6881,1679,2616,8829,6682,8846
6881,1679,2616,6687,7341,2966
6881,1679,2616,6296,5703,1773
6881,1679,2616,6036,9858,7039
6881,1679,2616,3834,9437,408
6881,1679,2616,4561,1720,3132
6881,1679,2616,8186,4923,8602
6881,1679,2616,1841,7911,1313
6881,1679,2616,8791,2846,2139
6881,1679,2616,5349,9695,1715
6881,1679,2616,2196,8338,3376
6881,1679,2616,9531,8761,6784
6881,1679,2616,6743,8770,8216
6881,1679,2616,3719,7416,2602
6881,1679,2616,4579,4518,5773
6881,1679,2616,3995,3708,8081
6881,1679,2616,7471,5510,9595
6881,1679,2616,4737,1030,665
6881,1679,2616,9914,4480,9507
6881,1679,2616,3527,5134,4771
6881,1679,2616,44,286,2093
6881,1679,2616,7054,7148,4047
6881,1679,2616,2978,309,7156
6881,1679,2616,4948,9964,4997
6881,1679,2616,8241,4385,6740
6881,1679,2616,4440,5713,7932
6881,1679,2616,4914,2635,9988
6881,1679,2616,636,5580,9948
6881,1679,2616,1355,8867,1961
6881,1679,2616,3168,9263,5575
6881,1679,2616,4625,873,5233
6881,1679,2616,6835,1645,7792
6881,1679,2616,4824,6585,8224
6881,1679,2616,7578,470,4987
6881,1679,2616,9602,602,7766
6881,1679,2616,7285,5238,5160
6881,1679,2616,2382,3674,9318
6881,1679,2616,9001,5311,9305
6881,1679,2616,4057,3843,5913
6881,1679,2616,5364,8478,8982
6881,1679,2616,8757,5144,2557
6881,1679,2616,7395,3445,4379
6881,1679,2616,6898,7828,252
6881,1679,2616,7037,2321,952
6881,1679,2616,7746,3260,3574
6881,1679,2616,701,798,7747
6881,1679,2616,5550,3476,279
6881,1679,2616,1564,4280,2334
6881,1679,2616,1127,1021,2678
6881,1679,2616,515,1579,4483
6881,1679,2616,8178,5237,2487
6881,1679,2616,6106,544,582
6881,1679,2616,6221,7312,6306
6881,1679,2616,2134,8565,9192
6881,1679,2616,8813,8839,3592
6881,1679,2616,7934,7392,1037
6881,1679,2616,4553,1752,3225
6881,1679,2616,8951,4769,9236
6881,1679,2616,8325,2055,1070
6881,1679,2616,1000,9671,5044
6881,1679,2616,1596,3197,7245
6881,1679,2616,7002,8852,5231
6881,1679,2616,2773,3717,208
6881,1679,2616,2799,2786,826
6881,1679,2616,8696,5155,9824
6881,1679,2616,4978,56,5474
6881,1679,2616,2997,5920,4042
6881,1679,2616,791,73,4300
6881,1679,2616,4369,3074,2444
6881,1679,2616,9004,5593,1406
6881,1679,2616,2097,8068,6560
6881,1679,2616,8000,3972,4289
6881,1679,2616,8796,9449,8545
6881,1679,2616,6306,1179,137
6881,1679,2616,2751,2211,7039
6881,1679,2616,7708,8688,448
6881,1679,2616,7776,4470,4053
6881,1679,2616,1615,2750,96
6881,1679,2616,7502,4955,6616
6881,1679,2616,59,4559,7012
6881,1679,2616,3346,8357,236
6881,1679,2616,1960,3929,6445
6881,1679,2616,3161,2096,8072
6881,1679,2616,7475,8116,9674
6881,1679,2616,3170,2316,6617
6881,1679,2616,9628,1793,270
6881,1679,2616,2187,9104,6928
6881,1679,2616,1848,3315,1648
6881,1679,2616,1698,7384,7933
6881,1679,2616,1742,1116,609
6881,1679,2616,5610,9608,2655
6881,1679,2616,6393,5076,8175
6881,1679,2616,3774,2625,3072
6881,1679,2616,7137,1565,4004
6881,1679,2616,3064,5855,8012
6881,1679,2616,7983,8456,7415
6881,1679,2616,5718,484,1187
6881,1679,2616,4349,551,1923
6881,1679,2616,7921,5737,4280
6881,1679,2616,9541,1223,4608
6881,1679,2616,498,9647,3696
6881,1679,2616,3575,9986,5481
6881,1679,2616,9763,8041,5995
6881,1679,2616,8125,6447,3573
6881,1679,2616,3097,9652,5068
6881,1679,2616,7496,5889,4240
6881,1679,2616,9272,9599,7701
6881,1679,2616,8948,8725,9350
6881,1679,2616,5799,5982,2453
6881,1679,2616,3091,6252,8452
6881,1679,2616,2692,8385,9912
6881,1679,2616,827,8485,3827
6881,1679,2616,7412,96,1725
6881,1679,2616,2864,9748,6400
6881,1679,2616,1917,3276,4066
6881,1679,2616,5900,3808,6734
6881,1679,2616,1464,4456,6193
6881,1679,2616,9859,3814,496
6881,1679,2616,1090,8872,8642
6881,1679,2616,3040,3149,9341
6881,1679,2616,1794,2608,3689
6881,1679,2616,9885,908,5466
6881,1679,2616,4733,7873,7093
6881,1679,2616,2688,4719,3971
6881,1679,2616,8668,4496,1939
6881,1679,2616,5884,4321,8740
6881,1679,2616,6814,5883,3979
6881,1679,2616,3674,9598,4217
6881,1679,2616,3668,2007,2850
6881,1679,2616,739,810,7892
6881,1679,2616,9891,7535,6585
6881,1679,2616,8161,5942,9985
6881,1679,2616,3868,2753,6383
6881,1679,2616,1310,2580,6000
6881,1679,2616,965,8797,4765
6881,1679,2616,2526,830,9360
6881,1679,2616,800,9771,1378
6881,1679,2616,9541,768,6578
6881,1679,2616,6448,7164,6529
6881,1679,2616,1370,3778,5976
6881,1679,2616,3435,7391,1492
6881,1679,2616,1988,9396,839
6881,1679,2616,888,4095,4805
6881,1679,2616,3297,1634,6155
6881,1679,2616,9296,7907,9198
6881,1679,2616,6925,6248,7523
6881,1679,2616,2556,3582,7031
6881,1679,2616,9229,1942,6335
6881,1679,2616,1508,3063,4503
6881,1679,2616,2948,1372,8382
6881,1679,2616,5403,2872,1050
6881,1679,2616,8049,9067,515
6881,1679,2616,8539,8699,4944
6881,1679,2616,8405,3162,8574
6881,1679,2616,5636,5075,7526
6881,1679,2616,2363,1710,813
6881,1679,2616,3737,6926,280
6881,1679,2616,3067,9600,6471
6881,1679,2616,2000,3982,1277
6881,1679,2616,5574,6273,22
6881,1679,2616,3461,8472,4874
6881,1679,2616,7589,931,4309
6881,1679,2616,6711,2736,872
6881,1679,2616,4652,2990,197
6881,1679,2616,8021,8009,7112
6881,1679,2616,52,3213,2082
6881,1679,2616,5950,2429,8244
6881,1679,2616,2128,5096,5172
6881,1679,2616,8734,5921,1175
6881,1679,2616,6702,6792,5913
6881,1679,2616,7366,2022,550
6881,1679,2616,5605,6276,5159
6881,1679,2616,6034,1382,554
6881,1679,2616,7072,9463,4143
6881,1679,2616,3488,3943,1272
6881,1679,2616,1962,8284,5373
6881,1679,2616,4802,6245,2950
6881,1679,2616,9974,5378,6263
6881,1679,2616,8959,7431,6632
6881,1679,2616,8021,62,3210
6881,1679,2616,2249,1659,1849
6881,1679,2616,8362,3160,469
6881,1679,2616,8184,541,307
6881,1679,2616,907,4055,8915
6881,1679,2616,9199,8288,9356
6881,1679,2616,9296,6747,5888
6881,1679,2616,4416,7981,7864
6881,1679,2616,1809,6004,9148
6881,1679,2616,8095,1756,3561
6881,1679,2616,370,1563,6712
6881,1679,2616,7293,4133,6483
6881,1679,2616,3426,3665,1375
6881,1679,2616,2319,5678,9752
6881,1679,2616,7932,1652,387
6881,1679,2616,5687,3458,6470
6881,1679,2616,1865,9690,9199
6881,1679,2616,8470,2252,6656
6881,1679,2616,5402,7952,4747
6881,1679,2616,8319,479,6449
6881,1679,2616,6727,8814,7009
6881,1679,2616,9434,5468,6226
6881,1679,2616,3220,5104,3600
6881,1679,2616,1515,5522,7069
6881,1679,2616,3811,874,9818
6881,1679,2616,9693,562,9131
6881,1679,2616,9702,9230,8447
6881,1679,2616,2642,6645,5164
6881,1679,2616,6360,2046,3774
6881,1679,2616,146,4587,4159
6881,1679,2616,1979,5104,78
6881,1679,2616,5100,7048,9747
6881,1679,2616,9848,5242,9857
6881,1679,2616,439,6207,8454
6881,1679,2616,682,2665,7079
6881,1679,2616,7361,8910,9031
6881,1679,2616,7910,9591,9617
6881,1679,2616,7607,8702,4537
6881,1679,2616,4783,4673,9377
6881,1679,2616,2525,2864,7909
6881,1679,2616,5651,342,5702
6881,1679,2616,3241,7592,2989
6881,1679,2616,9909,9616,6141
6881,1679,2616,4130,3797,5667
6881,1679,2616,5807,4149,3204
6881,1679,2616,700,9823,3714
6881,1679,2616,5500,9192,9707
6881,1679,2616,9681,9360,9501
6881,1679,2616,9376,9354,2451
6881,1679,2616,9228,5533,6772
6881,1679,2616,394,7553,4833
6881,1679,2616,1994,1008,3303
6881,1679,2616,8865,9950,2162
6881,1679,2616,5107,2241,840
6881,1679,2616,4136,6746,5363
6881,1679,2616,5087,6439,4536
6881,1679,2616,4794,9834,922
6881,1679,2616,4938,389,9270
6881,1679,2616,1825,5649,1129
6881,1679,2616,3074,8729,8476
6881,1679,2616,5744,9679,4451
6881,1679,2616,939,9598,7604
6881,1679,2616,1435,6750,7702
6881,1679,2616,7764,3023,1725
6881,1679,2616,279,5412,6986
6881,1679,2616,4725,4511,4215
6881,1679,2616,3631,961,7960
6881,1679,2616,717,6165,9759
6881,1679,2616,5377,7839,6640
6881,1679,2616,9390,1363,4094
6881,1679,2616,185,1997,221
6881,1679,2616,6036,5185,7032
6881,1679,2616,4679,2130,430
6881,1679,2616,792,3068,3996
6881,1679,2616,9631,6832,9041
6881,1679,2616,4263,3356,4273
6881,1679,2616,1903,4994,297
6881,1679,2616,7166,4634,1178
6881,1679,2616,9312,6186,1583
6881,1679,2616,7860,8553,495
6881,1679,2616,4826,645,6652
6881,1679,2616,6625,9163,7237
6881,1679,2616,1079,8428,6552
6881,1679,2616,1003,984,5386
6881,1679,2616,250,8186,4994
6881,1679,2616,121,3828,5189
6881,1679,2616,7897,2289,8241
6881,1679,2616,9215,3271,1785
6881,1679,2616,897,7079,5690
6881,1679,2616,7436,7548,5001
6881,1679,2616,6506,767,285
6881,1679,2616,2128,8312,5121
6881,1679,2616,3510,3277,8036
6881,1679,2616,1080,1209,3542
6881,1679,2616,5204,3357,710
6881,1679,2616,9940,1123,9276
6881,1679,2616,3952,1053,804
6881,1679,2616,1378,3381,868
6881,1679,2616,4926,1254,9879
6881,1679,2616,494,5483,4496
6881,1679,2616,9191,1499,4330
6881,1679,2616,8501,3907,6376
6881,1679,2616,3473,5347,2415
6881,1679,2616,2372,8701,3593
6881,1679,2616,9998,9702,728
6881,1679,2616,5687,5886,948
6881,1679,2616,5905,9061,5218
6881,1679,2616,1540,8708,7214
6881,1679,2616,8459,3505,9462
6881,1679,2616,237,8711,2197
6881,1679,2616,21,2378,8692
6881,1679,2616,4220,6442,7461
6881,1679,2616,3009,541,9828
6881,1679,2616,6468,2150,8037
6881,1679,2616,5415,9702,4950
6881,1679,2616,9205,907,422
6881,1679,2616,8112,8632,9763
6881,1679,2616,508,5718,4384
6881,1679,2616,4406,1553,8832
6881,1679,2616,8743,5727,9519
6881,1679,2616,7901,9430,4164
6881,1679,2616,8598,9800,6952
6881,1679,2616,4379,4724,5737
6881,1679,2616,6042,4511,4290
6881,1679,2616,8192,7012,5841
6881,1679,2616,6812,7859,4280
6881,1679,2616,7218,1644,4109
6881,1679,2616,5851,386,796
6881,1679,2616,9086,2211,9617
6881,1679,2616,6995,9890,3449
6881,1679,2616,9668,132,8430
6881,1679,2616,2076,3050,5107
6881,1679,2616,3021,7385,2644
6881,1679,2616,5974,6504,4975
6881,1679,2616,7371,6069,3355
6881,1679,2616,3578,8686,3403
6881,1679,2616,6968,1261,2985
6881,1679,2616,8531,995,3623
6881,1679,2616,768,2419,7218
6881,1679,2616,2683,3333,900
6881,1679,2616,4477,8873,2230
6881,1679,2616,7407,3428,5213
6881,1679,2616,1414,1399,5371
6881,1679,2616,4022,788,4566
6881,1679,2616,9229,7851,6265
6881,1679,2616,7700,3420,404
6881,1679,2616,3477,2485,5762
6881,1679,2616,390,1801,6644
6881,1679,2616,835,6376,6093
6881,1679,2616,912,6444,5029
6881,1679,2616,7015,5093,229
6881,1679,2616,5984,3651,1231
6881,1679,2616,8364,41,8633
6881,1679,2616,7828,1587,5313
6881,1679,2616,8335,3434,7993
6881,1679,2616,8771,3699,8212
6881,1679,2616,8811,5772,3668
6881,1679,2616,692,4265,7734
6881,1679,2616,4008,8517,1738
6881,1679,2616,6964,8545,4804
6881,1679,2616,7482,8810,8039
6881,1679,2616,9612,1762,6594
6881,1679,2616,4280,9196,1781
6881,1679,2616,2289,8502,5469
6881,1679,2616,1558,6566,5923
6881,1679,2616,7244,1963,3005
6881,1679,2616,6291,6355,5130
6881,1679,2616,5976,2428,3134
6881,1679,2616,9977,8531,5426
6881,1679,2616,486,2103,3160
6881,1679,2616,3420,2256,6384
6881,1679,2616,6911,8113,1953
6881,1679,2616,8167,9021,5030
6881,1679,2616,3005,5350,3602
6881,1679,2616,3372,2992,5692
6881,1679,2616,1541,4708,1986
6881,1679,2616,6372,5246,6938
6881,1679,2616,6158,4853,861
6881,1679,2616,7734,3093,3494
6881,1679,2616,9704,3070,1285
6881,1679,2616,4931,1442,5019
6881,1679,2616,2088,5254,766
6881,1679,2616,9964,7138,4280
6881,1679,2616,2269,1121,1004
6881,1679,2616,1210,9024,1142
6881,1679,2616,8978,6500,437
6881,1679,2616,9817,7279,2658
6881,1679,2616,9187,9522,8595
6881,1679,2616,7087,1589,8777
6881,1679,2616,1804,4050,2150
6881,1679,2616,8800,6869,7167
6881,1679,2616,1478,7366,4730
6881,1679,2616,2575,8737,1127
6881,1679,2616,2179,8632,2314
6881,1679,2616,2219,7211,8939
6881,1679,2616,3157,5256,4477
6881,1679,2616,4585,4726,4496
6881,1679,2616,2278,7609,8853
6881,1679,2616,7679,4385,8494
6881,1679,2616,961,1675,8466
6881,1679,2616,7292,8167,3190
6881,1679,2616,4848,3696,5454
6881,1679,2616,9033,8637,5472
