8841,6696,8721,1358,6568,2210
8841,6696,8721,1359,555,3470
8841,6696,8721,3150,1595,6254
8841,6696,8721,4903,6187,8836
8841,6696,8721,2698,5278,1001
8841,6696,8721,3411,8531,7484
8841,6696,8721,394,2003,8076
8841,6696,8721,2340,4387,1752
8841,6696,8721,8763,8915,3031
8841,6696,8721,9653,4068,6608
8841,6696,8721,500,4104,5369
8841,6696,8721,7178,5211,2309
8841,6696,8721,8675,5988,9172
8841,6696,8721,8230,3129,157
8841,6696,8721,4332,3220,5027
8841,6696,8721,5121,7620,2335
8841,6696,8721,3199,8535,6150
8841,6696,8721,4065,6500,9506
8841,6696,8721,5746,4005,1169
8841,6696,8721,5,2230,9911
8841,6696,8721,6937,284,4414
8841,6696,8721,6774,928,1997
8841,6696,8721,9205,2081,1280
8841,6696,8721,6857,1469,979
8841,6696,8721,794,7885,3016
8841,6696,8721,9947,1490,3590
8841,6696,8721,1091,5945,6818
8841,6696,8721,5313,1250,1427
8841,6696,8721,9817,6245,7696
8841,6696,8721,6814,9519,4717
8841,6696,8721,9659,4188,9913
8841,6696,8721,1869,4339,5556
8841,6696,8721,4000,2081,6985
8841,6696,8721,100,7427,8882
8841,6696,8721,3649,4760,957
8841,6696,8721,4868,8338,2092
8841,6696,8721,1365,4021,3276
8841,6696,8721,2389,8828,1134
8841,6696,8721,6677,7059,8664
8841,6696,8721,5270,1619,5188
8841,6696,8721,9155,237,8715
8841,6696,8721,4615,3911,5455
8841,6696,8721,3861,5327,3717
8841,6696,8721,9175,2619,9093
8841,6696,8721,2898,9045,9001
8841,6696,8721,1342,3871,6992
8841,6696,8721,2373,8449,6526
8841,6696,8721,8129,8165,1408
8841,6696,8721,4225,5037,8068
8841,6696,8721,9058,4423,5067
8841,6696,8721,2883,3567,4484
8841,6696,8721,8141,7133,7346
8841,6696,8721,6737,9037,9181
8841,6696,8721,5458,6766,9802
8841,6696,8721,148,9089,5872
8841,6696,8721,21,5792,7906
8841,6696,8721,3913,8293,8302
8841,6696,8721,5704,3035,5377
8841,6696,8721,3719,9690,8426
8841,6696,8721,4998,451,2251
8841,6696,8721,3851,5885,5223
8841,6696,8721,7793,3023,9317
8841,6696,8721,5208,4626,4105
8841,6696,8721,506,1154,1961
8841,6696,8721,1697,9752,7907
8841,6696,8721,2579,1436,5730
8841,6696,8721,4,1047,2743
8841,6696,8721,4987,4803,6851
8841,6696,8721,2232,391,5330
8841,6696,8721,4901,9480,9841
8841,6696,8721,9057,1995,3322
8841,6696,8721,6416,7078,6244
8841,6696,8721,4783,807,3475
8841,6696,8721,3856,915,3454
8841,6696,8721,8628,3101,9471
8841,6696,8721,3100,3519,4991
8841,6696,8721,6479,3447,9711
8841,6696,8721,7187,6109,4523
8841,6696,8721,7937,8442,2025
8841,6696,8721,3102,5044,3942
8841,6696,8721,2180,8897,8529
8841,6696,8721,8071,675,3485
8841,6696,8721,7068,1657,9851
8841,6696,8721,4125,6467,7033
8841,6696,8721,3194,5163,7719
8841,6696,8721,776,6066,1922
8841,6696,8721,8536,8762,3437
8841,6696,8721,9674,1197,7352
8841,6696,8721,7945,5302,2011
8841,6696,8721,5147,6880,1553
8841,6696,8721,7799,3610,7953
8841,6696,8721,3312,6652,7263
8841,6696,8721,9631,3503,1700
8841,6696,8721,7487,9925,3321
8841,6696,8721,1318,7972,1366
8841,6696,8721,2544,1605,2900
8841,6696,8721,9192,2694,1588
8841,6696,8721,1653,7657,3644
8841,6696,8721,8104,4035,9764
8841,6696,8721,3876,7927,2866
8841,6696,8721,4207,2030,5881
8841,6696,8721,5779,8202,8630
8841,6696,8721,7556,1718,9636
8841,6696,8721,8291,5469,7113
8841,6696,8721,4830,3454,3829
8841,6696,8721,5602,675,770
8841,6696,8721,4890,1851,1655
8841,6696,8721,4461,1475,2990
8841,6696,8721,8209,5952,7707
8841,6696,8721,5675,3544,59
8841,6696,8721,808,6210,815
8841,6696,8721,1569,3917,6354
8841,6696,8721,5898,5775,7769
8841,6696,8721,8138,6416,2395
8841,6696,8721,1024,2207,9741
8841,6696,8721,3131,9073,9642
8841,6696,8721,7818,427,4155
8841,6696,8721,1483,8540,8028
8841,6696,8721,9554,4129,4481
8841,6696,8721,8050,8049,2125
8841,6696,8721,6663,8746,9421
8841,6696,8721,6673,1438,1315
8841,6696,8721,7194,321,6304
8841,6696,8721,1963,1247,9513
8841,6696,8721,1994,4762,4957
8841,6696,8721,3930,9532,8806
8841,6696,8721,8384,971,4445
8841,6696,8721,2461,8782,8030
8841,6696,8721,5648,9344,5589
8841,6696,8721,6845,7305,2277
8841,6696,8721,3308,987,4928
8841,6696,8721,8554,6739,3819
8841,6696,8721,4883,6573,2947
8841,6696,8721,7918,9174,6759
8841,6696,8721,8056,939,8930
8841,6696,8721,4349,8275,842
8841,6696,8721,8172,1788,6878
8841,6696,8721,5769,2270,5179
8841,6696,8721,6294,4182,9596
8841,6696,8721,7153,1547,7336
8841,6696,8721,8011,8433,6473
8841,6696,8721,1694,1974,8253
8841,6696,8721,2891,693,1180
8841,6696,8721,8000,1760,3364
8841,6696,8721,3334,9432,2015
8841,6696,8721,5818,6180,1180
8841,6696,8721,2202,1024,915
8841,6696,8721,2704,7837,2961
8841,6696,8721,5337,2570,8849
8841,6696,8721,7857,7814,5926
8841,6696,8721,5891,8924,2316
8841,6696,8721,9795,1921,9378
8841,6696,8721,2444,5418,8959
8841,6696,8721,7911,4193,2435
8841,6696,8721,7319,906,6258
8841,6696,8721,2257,5528,430
8841,6696,8721,2720,1048,1106
8841,6696,8721,3063,7223,2959
8841,6696,8721,6843,3290,3883
8841,6696,8721,5468,6892,6579
8841,6696,8721,469,4122,3371
8841,6696,8721,364,5080,5698
8841,6696,8721,3647,8645,9087
8841,6696,8721,707,6386,3850
8841,6696,8721,5225,1639,1954
8841,6696,8721,1842,3578,6184
8841,6696,8721,8769,2452,4648
8841,6696,8721,7028,4286,5557
8841,6696,8721,4043,5040,9538
8841,6696,8721,1983,1846,1871
8841,6696,8721,9660,4387,4471
8841,6696,8721,2348,8565,4242
8841,6696,8721,4501,7863,2308
8841,6696,8721,7139,400,5730
8841,6696,8721,2932,3821,2088
8841,6696,8721,9872,8105,3169
8841,6696,8721,4959,587,6045
8841,6696,8721,2143,332,2476
8841,6696,8721,3230,2256,885
8841,6696,8721,6293,4533,288
8841,6696,8721,4894,7955,9600
8841,6696,8721,7611,5857,1164
8841,6696,8721,7348,8510,8551
8841,6696,8721,1127,9588,3326
8841,6696,8721,6803,9489,5315
8841,6696,8721,5325,251,1255
8841,6696,8721,8003,162,8546
8841,6696,8721,8327,5458,8556
8841,6696,8721,9057,3792,5854
8841,6696,8721,3569,8794,5843
8841,6696,8721,4254,3370,5603
8841,6696,8721,9609,9321,3947
8841,6696,8721,7797,2012,7520
8841,6696,8721,1646,8112,2541
8841,6696,8721,1868,34,572
8841,6696,8721,9790,1924,2003
8841,6696,8721,9450,5979,6055
8841,6696,8721,9794,5286,4108
8841,6696,8721,3563,869,640
8841,6696,8721,4170,1910,4773
8841,6696,8721,6793,4212,144
8841,6696,8721,6771,7809,6235
8841,6696,8721,1108,6667,6981
8841,6696,8721,7016,4113,8514
8841,6696,8721,9404,2404,9065
8841,6696,8721,5175,1883,6444
8841,6696,8721,4086,9656,2370
8841,6696,8721,7649,1308,5916
8841,6696,8721,2916,6780,6569
8841,6696,8721,3375,4831,6520
8841,6696,8721,5076,8148,1646
8841,6696,8721,9315,128,4619
8841,6696,8721,551,3506,6788
8841,6696,8721,1558,1006,2683
8841,6696,8721,6025,6590,2035
8841,6696,8721,3680,4429,2526
8841,6696,8721,7817,1611,5242
8841,6696,8721,2811,7725,7037
8841,6696,8721,7213,2839,8459
8841,6696,8721,1695,5465,6665
8841,6696,8721,5404,1998,1897
8841,6696,8721,1025,5683,2694
8841,6696,8721,6900,8081,5498
8841,6696,8721,9167,6935,6828
8841,6696,8721,8768,7088,7326
8841,6696,8721,7511,9296,4711
8841,6696,8721,1092,9199,8538
8841,6696,8721,64,4665,1213
8841,6696,8721,6467,3738,6086
8841,6696,8721,8518,944,1611
8841,6696,8721,4444,595,4322
8841,6696,8721,5837,8500,9920
8841,6696,8721,4398,8912,8762
8841,6696,8721,1725,1812,7793
8841,6696,8721,2586,3876,1836
8841,6696,8721,5271,7732,850
8841,6696,8721,1114,8947,9872
8841,6696,8721,1505,8327,7086
8841,6696,8721,4184,6068,2411
8841,6696,8721,2068,7333,8578
8841,6696,8721,4240,606,9726
8841,6696,8721,3186,1979,6035
8841,6696,8721,1984,8123,3199
8841,6696,8721,1146,999,7984
8841,6696,8721,9893,2123,3059
8841,6696,8721,2899,4247,566
8841,6696,8721,9921,1355,3586
8841,6696,8721,4737,2720,7519
8841,6696,8721,9746,1189,7282
8841,6696,8721,229,1675,3498
8841,6696,8721,8225,2903,388
8841,6696,8721,2509,9524,4506
8841,6696,8721,7991,9653,1761
8841,6696,8721,752,7176,3681
8841,6696,8721,5784,3047,7161
8841,6696,8721,3062,3825,5045
8841,6696,8721,7870,625,4922
8841,6696,8721,557,3322,6452
8841,6696,8721,698,767,3737
8841,6696,8721,2318,7978,3838
8841,6696,8721,5147,2545,9506
8841,6696,8721,6583,8729,9890
8841,6696,8721,9015,3558,4342
8841,6696,8721,4112,8796,6504
8841,6696,8721,1368,4417,6633
8841,6696,8721,852,6252,8700
8841,6696,8721,4014,5876,7269
8841,6696,8721,7200,3279,2639
8841,6696,8721,5120,2716,4348
8841,6696,8721,7871,5811,6725
8841,6696,8721,6686,9577,5470
8841,6696,8721,5671,2470,181
8841,6696,8721,2013,8653,2922
8841,6696,8721,2025,8501,5035
8841,6696,8721,2926,2239,540
8841,6696,8721,6433,318,390
8841,6696,8721,3586,918,5063
8841,6696,8721,5963,3396,1705
8841,6696,8721,9678,655,8782
8841,6696,8721,2160,7201,5176
8841,6696,8721,7364,3020,8800
8841,6696,8721,6615,2733,2560
8841,6696,8721,8727,5458,6143
8841,6696,8721,5630,7716,5614
8841,6696,8721,254,7999,9967
8841,6696,8721,9190,538,6049
8841,6696,8721,391,8136,6325
8841,6696,8721,8580,62,6516
8841,6696,8721,2442,4548,5789
8841,6696,8721,3476,2785,8735
8841,6696,8721,5527,686,8781
8841,6696,8721,6275,1624,5256
8841,6696,8721,9000,8246,4661
8841,6696,8721,5793,7977,4729
8841,6696,8721,7890,3334,3123
8841,6696,8721,5457,7953,328
8841,6696,8721,9426,220,1097
8841,6696,8721,8124,8627,6135
8841,6696,8721,5333,1365,3520
8841,6696,8721,4831,1983,8477
8841,6696,8721,1402,1292,7400
8841,6696,8721,9314,612,5152
8841,6696,8721,800,7027,5844
8841,6696,8721,4081,2900,3146
8841,6696,8721,6760,9897,784
8841,6696,8721,5461,5672,3568
8841,6696,8721,1310,723,5322
8841,6696,8721,1225,8589,6079
8841,6696,8721,3839,6946,8379
8841,6696,8721,8583,9074,2460
8841,6696,8721,2939,7691,840
8841,6696,8721,9226,1509,6656
8841,6696,8721,60,3855,6938
8841,6696,8721,8716,9952,7711
8841,6696,8721,6608,4619,9317
8841,6696,8721,7420,5771,7279
8841,6696,8721,138,4966,1721
8841,6696,8721,432,2150,9896
8841,6696,8721,2539,6568,3834
8841,6696,8721,3608,232,314
8841,6696,8721,3320,7390,6433
8841,6696,8721,214,3435,8038
8841,6696,8721,994,5023,1227
8841,6696,8721,9561,957,1850
8841,6696,8721,352,2658,7260
8841,6696,8721,2808,6402,6134
8841,6696,8721,3855,1498,1761
8841,6696,8721,9281,2298,9802
8841,6696,8721,5315,6933,6125
8841,6696,8721,8818,5356,2488
8841,6696,8721,1736,2556,9888
8841,6696,8721,5871,6030,7276
8841,6696,8721,1938,2059,4576
8841,6696,8721,3672,7138,3295
8841,6696,8721,6117,724,5875
8841,6696,8721,6916,1718,1450
8841,6696,8721,6355,1563,7322
8841,6696,8721,9699,13,3132
8841,6696,8721,4438,2200,6376
8841,6696,8721,3050,2090,3406
8841,6696,8721,3808,9290,2330
8841,6696,8721,7446,7494,3555
8841,6696,8721,482,3559,7260
8841,6696,8721,9257,9455,4520
8841,6696,8721,7694,6295,1186
8841,6696,8721,5578,8051,9295
8841,6696,8721,9839,6222,990
8841,6696,8721,7970,6561,281
8841,6696,8721,2695,817,929
8841,6696,8721,1306,6572,4758
8841,6696,8721,3664,6240,9148
8841,6696,8721,2354,3866,4421
8841,6696,8721,499,6970,6734
8841,6696,8721,4432,1984,2100
8841,6696,8721,9369,9925,6448
8841,6696,8721,3335,8944,4621
8841,6696,8721,4738,9866,1092
8841,6696,8721,548,6331,5418
8841,6696,8721,4495,1137,5182
8841,6696,8721,448,7420,1240
8841,6696,8721,1497,3580,8316
8841,6696,8721,4777,8438,2679
8841,6696,8721,8797,8214,5062
8841,6696,8721,2922,9929,1874
8841,6696,8721,1949,5133,6574
8841,6696,8721,1316,7337,6941
8841,6696,8721,1503,2282,1649
8841,6696,8721,9541,1715,5486
8841,6696,8721,1569,9060,1707
8841,6696,8721,1769,4970,9411
8841,6696,8721,5826,6925,1391
8841,6696,8721,8754,964,6931
8841,6696,8721,3745,7856,2601
8841,6696,8721,7074,441,4908
8841,6696,8721,5652,4650,5464
8841,6696,8721,7232,3287,8837
8841,6696,8721,5922,8569,961
8841,6696,8721,7093,5955,507
8841,6696,8721,2245,9213,4731
8841,6696,8721,202,8091,1786
8841,6696,8721,5689,3120,1497
8841,6696,8721,9443,3663,9542
8841,6696,8721,2987,8987,1002
8841,6696,8721,2219,1662,2152
8841,6696,8721,4550,9901,544
8841,6696,8721,2368,6279,5176
8841,6696,8721,7350,1030,5187
8841,6696,8721,2029,119,3932
8841,6696,8721,8590,7663,2051
8841,6696,8721,596,1167,6356
8841,6696,8721,9523,5040,735
8841,6696,8721,9860,1245,9481
8841,6696,8721,6415,9456,3117
8841,6696,8721,9427,198,3875
8841,6696,8721,6456,1416,9254
8841,6696,8721,9982,5944,9970
8841,6696,8721,2319,4059,1670
8841,6696,8721,7410,5557,74
8841,6696,8721,3121,9133,5399
8841,6696,8721,1202,5344,3167
8841,6696,8721,1994,3062,6447
8841,6696,8721,2577,7743,8622
8841,6696,8721,6194,74,2343
8841,6696,8721,6566,4430,6380
8841,6696,8721,8108,7929,4517
8841,6696,8721,420,2074,6516
8841,6696,8721,177,8260,7599
8841,6696,8721,93,5441,8926
8841,6696,8721,6536,9197,6169
8841,6696,8721,2117,3743,2359
8841,6696,8721,4166,212,4278
8841,6696,8721,4419,1297,158
8841,6696,8721,5900,90,9036
8841,6696,8721,9887,3343,1895
8841,6696,8721,1572,9612,4007
8841,6696,8721,118,6553,5453
8841,6696,8721,9810,5636,2818
8841,6696,8721,1918,181,2706
8841,6696,8721,497,9141,6579
8841,6696,8721,826,4634,6660
8841,6696,8721,5497,2451,6392
8841,6696,8721,7827,2540,7831
8841,6696,8721,9706,7824,8427
8841,6696,8721,8179,3663,9035
8841,6696,8721,5490,1253,7594
8841,6696,8721,5348,3326,9896
8841,6696,8721,1545,4603,2063
8841,6696,8721,3033,3763,3273
8841,6696,8721,6853,9813,5136
8841,6696,8721,5473,8110,6138
8841,6696,8721,1318,5137,6887
8841,6696,8721,1858,5031,4773
8841,6696,8721,341,3139,4855
8841,6696,8721,2954,4670,6863
8841,6696,8721,5951,5146,8256
8841,6696,8721,3784,238,6430
8841,6696,8721,2915,3900,3343
8841,6696,8721,8770,2106,8196
8841,6696,8721,545,7071,8942
8841,6696,8721,6986,6030,6831
8841,6696,8721,5391,782,7083
8841,6696,8721,1628,98,2291
8841,6696,8721,9006,2460,7011
8841,6696,8721,3532,9444,8614
8841,6696,8721,3028,19,167
8841,6696,8721,6867,567,3660
8841,6696,8721,2940,7744,5910
8841,6696,8721,9970,6529,875
8841,6696,8721,880,5215,9889
8841,6696,8721,719,9752,6573
8841,6696,8721,1119,4539,6162
8841,6696,8721,7541,4504,7714
8841,6696,8721,657,5469,3364
8841,6696,8721,6040,8765,9752
8841,6696,8721,5890,6750,2127
8841,6696,8721,874,59,4078
8841,6696,8721,4636,7992,6649
8841,6696,8721,5911,7625,3694
8841,6696,8721,548,5019,5372
8841,6696,8721,5484,9938,1216
8841,6696,8721,1765,8259,6291
8841,6696,8721,8598,7204,7831
8841,6696,8721,3890,7113,3343
8841,6696,8721,9697,5293,2676
8841,6696,8721,2523,5004,7685
8841,6696,8721,2074,6365,8772
8841,6696,8721,8799,7708,5253
8841,6696,8721,542,8524,8277
8841,6696,8721,263,6879,7418
8841,6696,8721,6788,3090,4800
8841,6696,8721,3501,5684,9783
8841,6696,8721,6331,1660,1533
8841,6696,8721,734,5733,8008
8841,6696,8721,1169,334,7453
8841,6696,8721,4950,8198,96
8841,6696,8721,8857,8978,8359
8841,6696,8721,8619,6925,6842
8841,6696,8721,5180,385,6557
8841,6696,8721,3603,3496,9733
8841,6696,8721,2864,942,6242
8841,6696,8721,9835,7773,602
8841,6696,8721,4770,884,850
8841,6696,8721,3011,4352,7677
8841,6696,8721,9504,2414,6106
8841,6696,8721,2519,4909,8860
8841,6696,8721,9054,5846,8304
8841,6696,8721,8545,301,9186
8841,6696,8721,1800,4333,1148
8841,6696,8721,5082,3384,5793
8841,6696,8721,8692,5587,3463
8841,6696,8721,4110,685,617
8841,6696,8721,5829,8009,8569
8841,6696,8721,4634,8468,9315
8841,6696,8721,1452,8512,3451
8841,6696,8721,1256,8975,3010
8841,6696,8721,8426,2744,1573
8841,6696,8721,7963,9977,3371
8841,6696,8721,6433,3554,3482
8841,6696,8721,5744,8178,5306
8841,6696,8721,4097,4790,8202
8841,6696,8721,2295,6584,6918
8841,6696,8721,4429,2212,3026
8841,6696,8721,7495,3556,1990
8841,6696,8721,2825,4324,3823
8841,6696,8721,8852,4064,9752
8841,6696,8721,9989,1392,537
8841,6696,8721,2301,6241,5955
8841,6696,8721,4424,625,1924
8841,6696,8721,8270,9831,9336
8841,6696,8721,7021,7532,6103
