5005,8452,605,9734,297,4860
5005,8452,605,33,2583,9598
5005,8452,605,6409,4538,915
5005,8452,605,2891,6357,1146
5005,8452,605,88,518,8473
5005,8452,605,1966,6384,2378
5005,8452,605,240,7738,1533
5005,8452,605,4288,4454,7679
5005,8452,605,6387,7632,5163
5005,8452,605,9100,7508,105
5005,8452,605,3664,9404,3510
5005,8452,605,885,5531,5039
5005,8452,605,6146,5610,7506
5005,8452,605,3544,3426,9928
5005,8452,605,6190,3742,142
5005,8452,605,2614,7771,9820
5005,8452,605,6412,8445,8878
5005,8452,605,2125,9669,518
5005,8452,605,4297,6856,7103
5005,8452,605,4895,227,7525
5005,8452,605,5873,9571,7671
5005,8452,605,93,6939,6285
5005,8452,605,5222,4682,920
5005,8452,605,1820,8769,2075
5005,8452,605,2348,6541,1631
5005,8452,605,3985,3874,5197
5005,8452,605,103,1165,4229
5005,8452,605,1830,1986,1754
5005,8452,605,7082,5672,5106
5005,8452,605,5392,1037,417
5005,8452,605,2650,4237,9304
5005,8452,605,4514,2680,8129
5005,8452,605,9431,1804,4437
5005,8452,605,1533,5034,9197
5005,8452,605,7618,8036,3684
5005,8452,605,1473,536,6682
5005,8452,605,5393,32,7204
5005,8452,605,4929,5269,1795
5005,8452,605,506,6053,8706
5005,8452,605,4888,6180,2984
5005,8452,605,5107,5524,8330
5005,8452,605,9027,1381,5592
5005,8452,605,9175,9722,8657
5005,8452,605,7938,8998,5190
5005,8452,605,1112,4089,9306
5005,8452,605,9767,1491,5146
5005,8452,605,6431,3199,444
5005,8452,605,5000,5290,6968
5005,8452,605,6771,2603,4633
5005,8452,605,3266,8418,4003
5005,8452,605,9698,1717,5406
5005,8452,605,8568,3835,3501
5005,8452,605,1818,2574,6681
5005,8452,605,9429,8953,1259
5005,8452,605,796,3105,2973
5005,8452,605,1951,8038,1036
5005,8452,605,9000,5462,4617
5005,8452,605,2748,115,3374
5005,8452,605,431,599,9910
5005,8452,605,9518,6479,8237
5005,8452,605,9781,8235,7572
5005,8452,605,9690,9913,7558
5005,8452,605,6543,7948,5602
5005,8452,605,5997,5323,3338
5005,8452,605,9659,1195,6027
5005,8452,605,7472,1618,2839
5005,8452,605,9397,3783,7055
5005,8452,605,6173,7249,6399
5005,8452,605,160,3491,9373
5005,8452,605,4005,9866,4393
5005,8452,605,3703,1021,3600
5005,8452,605,2017,1453,6886
5005,8452,605,342,8553,1759
5005,8452,605,5987,3420,9935
5005,8452,605,7924,3121,3525
5005,8452,605,2754,7791,3892
5005,8452,605,9312,2055,6387
5005,8452,605,8182,4916,9296
5005,8452,605,7738,1272,2566
5005,8452,605,4342,9216,6601
5005,8452,605,7507,125,2016
5005,8452,605,7757,518,4475
5005,8452,605,4651,3740,4385
5005,8452,605,734,1002,4986
5005,8452,605,8802,5789,8187
5005,8452,605,9519,3672,8085
5005,8452,605,9708,1191,1880
5005,8452,605,4729,9242,8311
5005,8452,605,5627,4702,7070
5005,8452,605,2559,860,476
5005,8452,605,2862,2275,3921
5005,8452,605,4410,9444,2360
5005,8452,605,2577,6326,8295
5005,8452,605,6837,2481,2344
5005,8452,605,516,9161,1939
5005,8452,605,4765,7252,4235
5005,8452,605,8760,2115,4982
5005,8452,605,1165,3417,1226
5005,8452,605,2080,9746,8361
5005,8452,605,232,9744,4651
5005,8452,605,1684,6351,847
5005,8452,605,4538,3313,5882
5005,8452,605,2197,767,1181
5005,8452,605,8887,487,9169
5005,8452,605,373,2529,940
5005,8452,605,1377,4826,5658
5005,8452,605,7715,3437,3175
5005,8452,605,5662,8631,8088
5005,8452,605,575,9733,6571
5005,8452,605,8939,4539,6824
5005,8452,605,2702,1741,2566
5005,8452,605,5097,3551,6680
5005,8452,605,624,9556,3097
5005,8452,605,5709,4827,1292
5005,8452,605,6465,7538,6492
5005,8452,605,7272,1816,7646
5005,8452,605,4152,8396,1118
5005,8452,605,9946,1907,7213
5005,8452,605,1934,4136,3570
5005,8452,605,8586,7040,495
5005,8452,605,2508,6319,7115
5005,8452,605,4523,7028,550
5005,8452,605,6566,2470,4281
5005,8452,605,6823,1599,4042
5005,8452,605,9987,1959,6063
5005,8452,605,9120,506,8789
5005,8452,605,9409,605,1208
5005,8452,605,7993,2119,7816
5005,8452,605,5339,2186,3282
5005,8452,605,761,8945,5779
5005,8452,605,4748,6238,8727
5005,8452,605,6739,6397,8013
5005,8452,605,6976,6936,8296
5005,8452,605,2143,5030,6893
5005,8452,605,2057,7052,5295
5005,8452,605,9347,6789,6245
5005,8452,605,6711,671,7994
5005,8452,605,2171,330,7782
5005,8452,605,446,6989,6270
5005,8452,605,9503,162,1650
5005,8452,605,6880,6065,5782
5005,8452,605,798,7505,2104
5005,8452,605,9524,1940,8107
5005,8452,605,6917,1020,5412
5005,8452,605,2854,4165,1149
5005,8452,605,8706,9674,5882
5005,8452,605,8527,3575,739
5005,8452,605,4832,9362,7337
5005,8452,605,5723,7671,8447
5005,8452,605,6792,6575,3751
5005,8452,605,5387,8699,1344
5005,8452,605,9539,4860,2528
5005,8452,605,1288,7852,9504
5005,8452,605,108,5547,5725
5005,8452,605,7417,844,1344
5005,8452,605,5675,587,4724
5005,8452,605,807,4713,2760
5005,8452,605,2437,1397,8810
5005,8452,605,881,2814,5740
5005,8452,605,9227,3195,3055
5005,8452,605,2059,7914,5541
5005,8452,605,2219,476,3503
5005,8452,605,3834,6327,5468
5005,8452,605,8352,5781,9085
5005,8452,605,2012,2284,7309
5005,8452,605,9024,7993,5551
5005,8452,605,9776,4999,516
5005,8452,605,9333,3437,1058
5005,8452,605,7692,7312,8842
5005,8452,605,7913,8793,4695
5005,8452,605,2818,2693,3724
5005,8452,605,8157,7988,1519
5005,8452,605,6274,134,8277
5005,8452,605,996,9121,1096
5005,8452,605,6394,9889,3451
5005,8452,605,7204,4191,5320
5005,8452,605,3801,6598,5916
5005,8452,605,350,5077,4950
5005,8452,605,1262,5992,5590
5005,8452,605,4916,6828,256
5005,8452,605,2098,9629,7677
5005,8452,605,5428,9876,1621
5005,8452,605,2542,3728,210
5005,8452,605,5275,3359,9312
5005,8452,605,3519,3288,8387
5005,8452,605,1742,2901,1582
5005,8452,605,4139,7802,6958
5005,8452,605,2917,7882,473
5005,8452,605,7042,6265,8558
5005,8452,605,5422,6734,7614
5005,8452,605,4761,4820,3425
5005,8452,605,9442,3305,1915
5005,8452,605,908,608,7089
5005,8452,605,4069,1388,8702
5005,8452,605,5365,4767,6864
5005,8452,605,5881,7185,5298
5005,8452,605,4277,6997,2629
5005,8452,605,8794,7981,8576
5005,8452,605,6948,9175,2809
5005,8452,605,9140,4033,9048
5005,8452,605,7670,3353,6795
5005,8452,605,6721,5688,6038
5005,8452,605,9585,4390,5733
5005,8452,605,9756,33,2528
5005,8452,605,5222,5239,4950
5005,8452,605,7020,9723,4624
5005,8452,605,7170,4399,6240
5005,8452,605,4935,9925,8627
5005,8452,605,7557,6516,1588
5005,8452,605,5690,9814,2998
5005,8452,605,1638,5251,4860
5005,8452,605,5736,9302,8408
5005,8452,605,2082,832,4626
5005,8452,605,8324,1944,6367
5005,8452,605,4833,2751,7904
5005,8452,605,7635,347,4793
5005,8452,605,6995,1800,6907
5005,8452,605,7607,6283,7697
5005,8452,605,1424,9500,3985
5005,8452,605,3,206,9771
5005,8452,605,1332,6041,9326
5005,8452,605,2957,5306,4559
5005,8452,605,4758,610,9755
5005,8452,605,8909,1929,4162
5005,8452,605,7926,3745,5375
5005,8452,605,1928,8944,6754
5005,8452,605,6642,6396,9491
5005,8452,605,8498,4773,1496
5005,8452,605,9219,4143,889
5005,8452,605,4782,863,1850
5005,8452,605,3616,7160,3372
5005,8452,605,6865,826,507
5005,8452,605,3242,1673,5720
5005,8452,605,2292,8625,4971
5005,8452,605,7646,8195,5966
5005,8452,605,4145,6971,5084
5005,8452,605,2234,1377,952
5005,8452,605,4472,4994,4039
5005,8452,605,1905,1274,5882
5005,8452,605,436,5118,5473
5005,8452,605,4382,2157,3007
5005,8452,605,4523,8083,8905
5005,8452,605,1357,5982,8925
5005,8452,605,3678,4419,4064
5005,8452,605,8446,6117,5445
5005,8452,605,6460,1117,5015
5005,8452,605,9275,1428,1368
5005,8452,605,4241,5558,3760
5005,8452,605,4906,4873,5045
5005,8452,605,8062,2994,3171
5005,8452,605,7463,9364,1156
5005,8452,605,1390,8747,9379
5005,8452,605,4644,7757,5836
5005,8452,605,8844,1323,227
5005,8452,605,2730,5216,9938
5005,8452,605,3166,688,1308
5005,8452,605,5385,5658,3736
5005,8452,605,1867,4854,6600
5005,8452,605,176,5521,2534
5005,8452,605,8463,3176,6440
5005,8452,605,2958,5355,5742
5005,8452,605,4414,757,6282
5005,8452,605,3864,7034,6692
5005,8452,605,8084,744,1173
5005,8452,605,7515,4276,3151
5005,8452,605,2053,2298,6364
5005,8452,605,2991,5599,1979
5005,8452,605,9625,9744,2905
5005,8452,605,7746,4426,9227
5005,8452,605,379,5593,8794
5005,8452,605,9456,3269,8631
5005,8452,605,2614,6842,6988
5005,8452,605,3396,9207,5936
5005,8452,605,4671,9653,7998
5005,8452,605,1735,1014,2460
5005,8452,605,3621,5846,3076
5005,8452,605,8807,7478,7021
5005,8452,605,1433,3812,2121
5005,8452,605,6088,4139,7475
5005,8452,605,977,4717,6760
5005,8452,605,2794,4723,7225
5005,8452,605,8933,3125,4399
5005,8452,605,3841,2935,437
5005,8452,605,1162,6885,4900
5005,8452,605,1096,3831,9496
5005,8452,605,8536,5476,2516
5005,8452,605,2090,5478,4486
5005,8452,605,3041,9811,8963
5005,8452,605,7747,3668,333
5005,8452,605,9708,2079,5599
5005,8452,605,8447,6637,5733
5005,8452,605,8868,9951,6610
5005,8452,605,8124,1115,4931
5005,8452,605,9505,5173,4994
5005,8452,605,4705,766,994
5005,8452,605,1588,5658,7051
5005,8452,605,7089,9686,9466
5005,8452,605,7399,4317,749
5005,8452,605,8184,806,7401
5005,8452,605,6100,6737,3331
5005,8452,605,4211,3219,5508
5005,8452,605,137,5942,5807
5005,8452,605,5237,5061,2902
5005,8452,605,2715,2704,3049
5005,8452,605,5340,5753,3108
5005,8452,605,5907,5003,5249
5005,8452,605,1587,4123,2882
5005,8452,605,1015,6696,2572
5005,8452,605,7527,1022,5920
5005,8452,605,8721,9551,4533
5005,8452,605,6396,9746,280
5005,8452,605,3312,1702,9897
5005,8452,605,8315,5431,9829
5005,8452,605,6989,2649,2141
5005,8452,605,5520,1093,4035
5005,8452,605,3159,7400,1573
5005,8452,605,2249,9614,9367
5005,8452,605,5349,1744,5410
5005,8452,605,4829,7510,564
5005,8452,605,6621,7011,9386
5005,8452,605,8014,8149,7317
5005,8452,605,529,8610,6313
5005,8452,605,4135,3972,5387
5005,8452,605,3445,7026,2563
5005,8452,605,6720,4834,3563
5005,8452,605,6953,2084,3652
5005,8452,605,7208,3101,459
5005,8452,605,2144,9973,4221
5005,8452,605,7874,718,2387
5005,8452,605,7532,9386,3906
5005,8452,605,5140,1079,4357
5005,8452,605,2915,3176,4443
5005,8452,605,8124,4108,7091
5005,8452,605,3131,5538,5651
5005,8452,605,3215,2279,6962
5005,8452,605,4172,4527,9508
5005,8452,605,960,3463,4358
5005,8452,605,5985,9913,3954
5005,8452,605,9342,1927,5320
5005,8452,605,6353,2250,8870
5005,8452,605,4747,7544,7871
5005,8452,605,9477,6087,2837
5005,8452,605,6321,801,6044
5005,8452,605,9854,3238,4517
5005,8452,605,4493,8595,5743
5005,8452,605,6617,4110,9450
5005,8452,605,6438,4736,9616
5005,8452,605,4514,4366,5441
5005,8452,605,7176,6278,8379
5005,8452,605,3511,1382,2452
5005,8452,605,8483,1775,3565
5005,8452,605,663,5190,1378
5005,8452,605,8441,2065,5447
5005,8452,605,5205,6419,9990
5005,8452,605,2277,8337,1836
5005,8452,605,1545,5002,8276
5005,8452,605,9657,7623,5792
5005,8452,605,7796,2925,3496
5005,8452,605,8469,953,5508
5005,8452,605,4994,575,6135
1903,9281,408,2230,2822,9220
1903,9281,408,6967,6016,3899
1903,9281,408,9498,7394,5544
1903,9281,408,4002,1811,7105
1903,9281,408,1661,9835,8955
1903,9281,408,2407,7540,6915
1903,9281,408,9814,5542,4716
1903,9281,408,4146,6939,2077
1903,9281,408,8513,2105,3707
1903,9281,408,2381,4316,3196
1903,9281,408,4836,9414,2252
1903,9281,408,248,9589,2800
1903,9281,408,2080,4006,2166
1903,9281,408,4533,7227,3731
1903,9281,408,3210,5286,2212
1903,9281,408,3671,2496,4194
1903,9281,408,5940,7967,2878
1903,9281,408,1468,6979,9208
1903,9281,408,7350,8841,1469
1903,9281,408,2245,6459,1408
1903,9281,408,5893,2175,9193
1903,9281,408,8036,1955,7253
1903,9281,408,9589,3492,1555
1903,9281,408,1911,7493,8890
1903,9281,408,5241,2510,7325
1903,9281,408,3443,6824,8545
1903,9281,408,5726,85,5922
1903,9281,408,9661,1717,9761
1903,9281,408,9855,6316,8123
1903,9281,408,8925,3242,8585
1903,9281,408,6224,2503,3256
1903,9281,408,8502,3318,3561
1903,9281,408,5522,6339,8391
1903,9281,408,4703,5784,8412
1903,9281,408,4042,5445,8952
1903,9281,408,5889,4384,2177
1903,9281,408,4703,3753,5877
1903,9281,408,1832,7736,8400
1903,9281,408,5764,6446,4359
1903,9281,408,5201,8133,1167
1903,9281,408,1599,7009,7027
1903,9281,408,5130,6506,9733
1903,9281,408,1584,5345,127
1903,9281,408,8335,1280,5560
1903,9281,408,2142,8064,8759
1903,9281,408,1099,6311,3225
1903,9281,408,8318,8293,403
1903,9281,408,5086,8967,3951
1903,9281,408,9756,2428,9872
1903,9281,408,2736,6652,2219
1903,9281,408,7354,2364,1905
1903,9281,408,5811,4629,6291
1903,9281,408,2409,9412,1521
1903,9281,408,3316,6438,6980
1903,9281,408,8977,2583,4822
1903,9281,408,7395,6489,6609
1903,9281,408,1841,3830,6170
1903,9281,408,4711,8400,6753
1903,9281,408,4341,121,8403
1903,9281,408,295,4437,3452
1903,9281,408,3179,3367,9332
1903,9281,408,1074,3467,4483
1903,9281,408,7691,2189,6392
1903,9281,408,1486,7167,4570
1903,9281,408,3980,9883,3497
1903,9281,408,7978,6627,255
1903,9281,408,1736,9499,390
1903,9281,408,7022,7899,2504
1903,9281,408,8517,3674,4511
1903,9281,408,758,9085,1549
1903,9281,408,8695,3505,4644
1903,9281,408,3830,4212,6887
1903,9281,408,2710,9827,1444
1903,9281,408,5507,1238,6645
1903,9281,408,3878,1898,8871
1903,9281,408,2957,9015,1852
1903,9281,408,6526,2342,1414
1903,9281,408,8603,1433,9970
1903,9281,408,9951,8499,8033
1903,9281,408,8031,1244,4632
1903,9281,408,6732,2753,67
1903,9281,408,4476,8067,689
1903,9281,408,2150,2079,2753
1903,9281,408,5504,9923,4608
1903,9281,408,2156,6899,6607
1903,9281,408,6828,3167,9083
1903,9281,408,9249,8529,5275
1903,9281,408,1783,9056,74
1903,9281,408,7290,3749,5983
1903,9281,408,4994,5720,2939
1903,9281,408,4797,4899,5972
1903,9281,408,1701,8060,6018
1903,9281,408,3065,4327,3249
1903,9281,408,4421,2265,5384
1903,9281,408,411,6205,1781
1903,9281,408,7761,8852,5390
1903,9281,408,4924,9447,6332
1903,9281,408,9217,2987,7810
1903,9281,408,8650,6681,2953
1903,9281,408,9637,2434,2606
1903,9281,408,3347,381,1838
1903,9281,408,264,3348,9913
1903,9281,408,2547,6276,2999
1903,9281,408,1900,4357,989
1903,9281,408,3663,6787,4296
1903,9281,408,8867,6944,9752
1903,9281,408,5872,1636,8306
1903,9281,408,5291,2971,8774
1903,9281,408,2604,7663,8850
1903,9281,408,734,5244,2251
1903,9281,408,167,7677,7249
1903,9281,408,3032,5446,555
1903,9281,408,5664,6845,4746
1903,9281,408,8996,323,1966
1903,9281,408,6701,198,3048
1903,9281,408,4590,6894,1068
1903,9281,408,5667,6422,5325
1903,9281,408,5535,7338,4795
1903,9281,408,6083,2087,6686
1903,9281,408,5094,2501,6480
1903,9281,408,327,9697,5280
1903,9281,408,2806,8440,8967
1903,9281,408,9974,8500,8190
1903,9281,408,6990,3654,6702
1903,9281,408,1415,4128,2835
1903,9281,408,7774,8396,6019
1903,9281,408,3680,6851,237
1903,9281,408,2783,19,4805
1903,9281,408,5397,7126,9407
1903,9281,408,2364,5504,3584
1903,9281,408,1930,4550,7320
1903,9281,408,6236,9510,6262
1903,9281,408,348,5946,1804
1903,9281,408,6206,2541,9481
1903,9281,408,7324,1649,8559
1903,9281,408,9027,9818,1238
1903,9281,408,272,6293,1975
1903,9281,408,2494,2671,252
1903,9281,408,249,7896,8351
1903,9281,408,2703,5151,4443
1903,9281,408,5209,84,4159
1903,9281,408,4507,7820,6277
1903,9281,408,4122,3439,5382
1903,9281,408,8883,2825,2959
1903,9281,408,8447,7348,9616
1903,9281,408,6865,608,5532
1903,9281,408,4146,1581,3554
1903,9281,408,6335,402,6479
1903,9281,408,4092,3085,1762
1903,9281,408,894,9905,9254
