8841,6696,8721,4420,4865,2412
8841,6696,8721,3552,3508,4150
8841,6696,8721,2252,5769,1687
8841,6696,8721,1323,943,9936
8841,6696,8721,5289,9351,1063
8841,6696,8721,7377,1720,7765
8841,6696,8721,5760,5884,1631
8841,6696,8721,7458,4453,1013
8841,6696,8721,2989,1182,1505
8841,6696,8721,282,5315,9771
8841,6696,8721,9639,5534,7033
8841,6696,8721,6759,7680,5417
8841,6696,8721,9959,4633,3959
8841,6696,8721,5529,5178,116
8841,6696,8721,4026,9503,6451
8841,6696,8721,1879,2875,6581
8841,6696,8721,3305,5632,6938
8841,6696,8721,2036,770,6897
8841,6696,8721,5539,1284,1629
8841,6696,8721,5472,7810,5098
8841,6696,8721,1159,1336,308
8841,6696,8721,4961,3225,68
8841,6696,8721,7274,230,3495
8841,6696,8721,4109,4088,4741
8841,6696,8721,5763,2137,4640
8841,6696,8721,1258,5990,5362
8841,6696,8721,5526,8208,333
8841,6696,8721,204,8512,2145
8841,6696,8721,7152,5319,9457
8841,6696,8721,5329,6780,410
8841,6696,8721,3456,4555,4159
8841,6696,8721,9311,3847,7297
8841,6696,8721,6109,6441,8613
8841,6696,8721,4723,3953,757
8841,6696,8721,2489,6327,7705
8841,6696,8721,9929,8816,3917
8841,6696,8721,2233,868,815
8841,6696,8721,4234,5223,5364
8841,6696,8721,4947,9147,1930
8841,6696,8721,6710,5430,3758
8841,6696,8721,7510,7293,6899
8841,6696,8721,3877,6675,6255
8841,6696,8721,4483,1977,7857
8841,6696,8721,6319,6516,5894
8841,6696,8721,8573,8920,6322
8841,6696,8721,9701,4154,370
8841,6696,8721,5761,854,1865
8841,6696,8721,1904,1545,1905
8841,6696,8721,8479,3458,4161
8841,6696,8721,6122,4562,1491
8841,6696,8721,6399,3606,1534
8841,6696,8721,1043,2957,6699
8841,6696,8721,5212,7996,6078
8841,6696,8721,4869,1691,448
8841,6696,8721,3107,5866,4346
8841,6696,8721,5221,4837,4644
8841,6696,8721,6760,1122,5722
8841,6696,8721,4531,6211,698
8841,6696,8721,259,6077,9011
8841,6696,8721,8977,2555,6585
8841,6696,8721,5936,2688,2953
8841,6696,8721,2539,4400,6378
8841,6696,8721,7777,3976,7656
8841,6696,8721,3183,5215,4809
8841,6696,8721,4388,8664,1637
8841,6696,8721,4059,1490,5835
8841,6696,8721,1793,4176,9667
8841,6696,8721,3746,2970,8225
8841,6696,8721,7889,1806,3283
8841,6696,8721,9648,528,7244
8841,6696,8721,708,694,5756
8841,6696,8721,5079,3765,3008
8841,6696,8721,2440,7887,5873
8841,6696,8721,6366,4580,7692
8841,6696,8721,349,1152,3172
8841,6696,8721,9541,5466,6050
8841,6696,8721,3778,451,6415
8841,6696,8721,9184,3430,5830
8841,6696,8721,6731,1978,3388
8841,6696,8721,9160,4242,4677
8841,6696,8721,3097,8555,8717
8841,6696,8721,3217,1355,9345
8841,6696,8721,2897,4911,2889
8841,6696,8721,5746,1540,3151
8841,6696,8721,7247,1564,900
8841,6696,8721,2465,3929,7346
8841,6696,8721,4194,7892,1872
8841,6696,8721,3073,1483,9309
8841,6696,8721,4392,2732,2637
8841,6696,8721,6940,2503,1515
8841,6696,8721,7491,9433,6757
8841,6696,8721,9482,9737,363
8841,6696,8721,769,5694,90
8841,6696,8721,2514,8833,4567
8841,6696,8721,986,2768,1545
8841,6696,8721,7267,9951,2997
8841,6696,8721,4094,8760,6335
8841,6696,8721,1136,4883,4914
8841,6696,8721,3219,2651,7213
8841,6696,8721,7242,6732,105
8841,6696,8721,2597,6741,4534
8841,6696,8721,5050,4320,3939
8841,6696,8721,8860,2992,2635
8841,6696,8721,7088,4683,6358
8841,6696,8721,237,1404,189
8841,6696,8721,3116,8904,2933
8841,6696,8721,9636,1373,3328
8841,6696,8721,7983,3441,4690
8841,6696,8721,7086,5205,149
8841,6696,8721,9571,1789,9167
8841,6696,8721,9699,4795,4335
8841,6696,8721,9109,6546,3803
8841,6696,8721,5441,6321,9121
8841,6696,8721,1118,4942,1931
8841,6696,8721,7903,7552,9832
8841,6696,8721,4159,7798,6701
8841,6696,8721,7755,6926,4158
8841,6696,8721,1377,5642,7302
8841,6696,8721,9403,4138,9631
8841,6696,8721,1146,9755,7170
8841,6696,8721,3327,9004,1777
8841,6696,8721,6625,886,6501
8841,6696,8721,5869,6694,4186
8841,6696,8721,5967,6064,6666
8841,6696,8721,9259,5005,6932
8841,6696,8721,2445,447,7278
8841,6696,8721,4550,175,6785
8841,6696,8721,2780,7939,8485
8841,6696,8721,4980,2502,8263
8841,6696,8721,8679,4954,9807
8841,6696,8721,5958,8164,3559
8841,6696,8721,6439,2226,1994
8841,6696,8721,7505,2781,66
8841,6696,8721,1865,1107,9683
8841,6696,8721,7287,2137,3012
8841,6696,8721,7075,283,1855
8841,6696,8721,739,3527,5072
8841,6696,8721,1947,686,1145
8841,6696,8721,4637,7412,1973
8841,6696,8721,3754,2585,7993
8841,6696,8721,798,4842,1453
8841,6696,8721,1524,1592,6169
8841,6696,8721,8093,3430,4867
8841,6696,8721,9007,7123,3129
8841,6696,8721,192,2346,6234
8841,6696,8721,4275,8319,4894
8841,6696,8721,9556,1741,3452
8841,6696,8721,8167,6693,3098
8841,6696,8721,8482,3188,3459
8841,6696,8721,5123,6595,4861
8841,6696,8721,1434,8866,4771
8841,6696,8721,4081,1664,3963
8841,6696,8721,506,1494,4590
8841,6696,8721,7935,1433,6556
8841,6696,8721,3484,2839,1096
8841,6696,8721,1752,6064,2280
8841,6696,8721,3982,5279,9269
8841,6696,8721,882,6373,5182
8841,6696,8721,2015,7454,1902
8841,6696,8721,2076,4467,527
8841,6696,8721,7378,6905,5656
8841,6696,8721,9594,9299,3026
8841,6696,8721,1377,4570,4670
8841,6696,8721,6899,178,6312
8841,6696,8721,637,5582,5112
8841,6696,8721,9475,4387,3206
8841,6696,8721,8348,236,2454
8841,6696,8721,8503,8466,4321
8841,6696,8721,9363,1296,3103
8841,6696,8721,3892,6635,7000
8841,6696,8721,603,2099,2226
8841,6696,8721,4284,8173,7377
8841,6696,8721,9866,4886,7625
8841,6696,8721,5687,4947,7026
8841,6696,8721,6483,3838,1698
8841,6696,8721,1065,597,5772
8841,6696,8721,5028,2375,3715
8841,6696,8721,561,1836,7126
8841,6696,8721,401,8129,8391
8841,6696,8721,8527,4526,8876
8841,6696,8721,4691,7724,6842
8841,6696,8721,6495,3622,4354
8841,6696,8721,7265,1340,8742
8841,6696,8721,5158,3857,6934
8841,6696,8721,9241,7877,6445
8841,6696,8721,9741,7430,2023
8841,6696,8721,5910,6448,229
8841,6696,8721,1424,6246,5975
8841,6696,8721,9324,2782,9678
8841,6696,8721,2382,4560,9413
8841,6696,8721,2926,1218,2889
8841,6696,8721,1384,7421,4794
8841,6696,8721,4059,834,1622
8841,6696,8721,9622,8767,6285
8841,6696,8721,8513,3307,1716
8841,6696,8721,6865,1628,8318
8841,6696,8721,7824,5887,7971
8841,6696,8721,2949,1227,9085
8841,6696,8721,4414,3867,253
8841,6696,8721,2712,5305,1926
8841,6696,8721,3382,5885,827
8841,6696,8721,4923,3541,5501
8841,6696,8721,711,8969,487
8841,6696,8721,2392,9183,3157
8841,6696,8721,3988,3606,9971
8841,6696,8721,6436,6559,2628
8841,6696,8721,2069,7508,7395
8841,6696,8721,8468,7712,4556
8841,6696,8721,5613,6959,4417
8841,6696,8721,9189,3715,8067
8841,6696,8721,4165,7812,3643
8841,6696,8721,1112,4524,4258
8841,6696,8721,1525,2157,9213
8841,6696,8721,2723,5737,2040
8841,6696,8721,9099,316,3303
8841,6696,8721,5414,1875,8835
8841,6696,8721,1511,8315,3421
8841,6696,8721,9081,6146,8023
8841,6696,8721,6266,828,9570
8841,6696,8721,6809,339,4047
8841,6696,8721,4841,4910,7451
8841,6696,8721,7300,3283,8208
8841,6696,8721,3259,132,1926
8841,6696,8721,1630,8264,5516
8841,6696,8721,4344,4177,5336
8841,6696,8721,8215,169,8129
8841,6696,8721,1328,8859,2397
8841,6696,8721,2467,2030,897
8841,6696,8721,7232,8934,6327
8841,6696,8721,1484,9577,558
8841,6696,8721,3174,4462,5015
8841,6696,8721,230,9659,3745
8841,6696,8721,1055,5165,8967
8841,6696,8721,9795,3551,1799
8841,6696,8721,958,2320,8608
8841,6696,8721,8607,2036,276
8841,6696,8721,704,3123,4992
8841,6696,8721,8951,6361,4161
8841,6696,8721,5938,6184,8834
8841,6696,8721,3297,5571,8991
8841,6696,8721,8046,195,8846
8841,6696,8721,1168,2018,3383
8841,6696,8721,7039,8300,6847
8841,6696,8721,1247,8372,2432
8841,6696,8721,3796,5628,2865
8841,6696,8721,6561,3935,8969
8841,6696,8721,6192,5089,7864
8841,6696,8721,1899,6489,8904
8841,6696,8721,5301,7124,3032
8841,6696,8721,551,7831,5366
8841,6696,8721,4949,1822,6557
8841,6696,8721,1468,5370,5919
8841,6696,8721,8081,8724,1044
8841,6696,8721,1190,7499,694
8841,6696,8721,5656,7020,4799
8841,6696,8721,3637,1860,9885
8841,6696,8721,596,4131,8852
8841,6696,8721,2579,766,3216
8841,6696,8721,5444,2416,956
8841,6696,8721,4860,6197,9279
8841,6696,8721,2289,2536,2567
8841,6696,8721,3376,868,3170
8841,6696,8721,3338,757,28
8841,6696,8721,2600,7707,7562
8841,6696,8721,205,37,3174
8841,6696,8721,6854,5823,3092
8841,6696,8721,8847,7244,2619
8841,6696,8721,163,9023,4714
8841,6696,8721,5495,1513,5964
8841,6696,8721,7585,2361,3392
8841,6696,8721,9926,2330,3595
8841,6696,8721,1634,1658,1068
8841,6696,8721,6479,6685,7404
8841,6696,8721,3080,6259,8586
8841,6696,8721,4462,2602,7098
8841,6696,8721,3804,7042,4468
8841,6696,8721,8799,1087,4674
8841,6696,8721,8826,9066,966
8841,6696,8721,5038,9213,4568
8841,6696,8721,3246,3513,7161
8841,6696,8721,4443,2852,2862
8841,6696,8721,5326,2788,1740
8841,6696,8721,3552,1856,3011
8841,6696,8721,5731,2748,142
8841,6696,8721,2574,8940,1541
8841,6696,8721,6624,8193,8450
8841,6696,8721,9696,5397,9030
8841,6696,8721,4645,8221,2980
8841,6696,8721,783,8693,5379
8841,6696,8721,6708,1124,7481
8841,6696,8721,3095,7643,9486
8841,6696,8721,2369,7484,3645
8841,6696,8721,77,4483,9343
8841,6696,8721,5507,6702,7442
8841,6696,8721,7951,9349,242
8841,6696,8721,3227,4324,9731
8841,6696,8721,9350,1141,5176
8841,6696,8721,5259,405,4132
8841,6696,8721,9032,9228,9834
8841,6696,8721,3314,6959,8464
8841,6696,8721,7179,5765,735
8841,6696,8721,4311,6506,4892
8841,6696,8721,5418,308,6105
8841,6696,8721,5173,2537,556
8841,6696,8721,627,5807,2545
8841,6696,8721,5838,754,1010
8841,6696,8721,1338,6421,1529
8841,6696,8721,297,7848,6278
8841,6696,8721,8739,3182,6003
8841,6696,8721,102,2243,2574
8841,6696,8721,418,2151,395
8841,6696,8721,4092,3522,8633
8841,6696,8721,3786,3934,6966
8841,6696,8721,7017,996,1706
8841,6696,8721,6577,6064,6577
8841,6696,8721,6445,2346,1244
8841,6696,8721,7414,8464,790
8841,6696,8721,8420,9675,5299
8841,6696,8721,1973,4671,8821
8841,6696,8721,581,9550,8476
8841,6696,8721,9891,1865,4247
8841,6696,8721,7102,7600,7103
8841,6696,8721,2,4052,6863
8841,6696,8721,7302,4882,5714
8841,6696,8721,4082,8623,1185
8841,6696,8721,9869,5441,2663
8841,6696,8721,6229,3274,2249
8841,6696,8721,136,5465,979
8841,6696,8721,7209,1188,6602
8841,6696,8721,6103,1745,6197
8841,6696,8721,4923,9403,3570
8841,6696,8721,2329,7003,9776
8841,6696,8721,623,5733,6988
8841,6696,8721,9253,759,315
8841,6696,8721,4517,7629,4645
8841,6696,8721,4318,3874,2645
8841,6696,8721,3849,6373,1466
8841,6696,8721,1066,7616,6513
8841,6696,8721,4492,9551,4749
8841,6696,8721,1757,5907,3378
8841,6696,8721,6760,4853,7140
8841,6696,8721,5282,875,3508
8841,6696,8721,5901,7629,4565
8841,6696,8721,9558,1809,2255
8841,6696,8721,3356,2758,8517
8841,6696,8721,7157,5487,4795
8841,6696,8721,6760,4942,3938
8841,6696,8721,4309,808,1876
8841,6696,8721,7714,9451,8104
8841,6696,8721,3458,4456,6248
8841,6696,8721,5924,8968,2872
8841,6696,8721,2881,4913,9863
8841,6696,8721,3878,4987,1640
8841,6696,8721,5355,3203,6607
8841,6696,8721,6958,6598,846
8841,6696,8721,717,6504,2426
8841,6696,8721,2138,8110,2843
8841,6696,8721,2454,5835,9416
8841,6696,8721,279,5191,8031
8841,6696,8721,7732,8463,2898
8841,6696,8721,3982,5516,6732
8841,6696,8721,6244,2250,455
8841,6696,8721,4811,1242,4096
8841,6696,8721,3962,2539,8446
8841,6696,8721,7698,3552,6656
8841,6696,8721,2664,5119,8926
8841,6696,8721,2851,2876,5959
8841,6696,8721,7805,4365,6154
8841,6696,8721,8673,5359,6270
8841,6696,8721,329,1183,3450
8841,6696,8721,9661,3221,658
8841,6696,8721,7512,7802,8777
8841,6696,8721,1219,8759,118
8841,6696,8721,2348,6156,3962
8841,6696,8721,1966,6962,7550
8841,6696,8721,6906,3646,9715
8841,6696,8721,3516,9350,8062
8841,6696,8721,4288,6120,2439
8841,6696,8721,921,6629,9207
8841,6696,8721,4842,3632,111
8841,6696,8721,7730,1233,6241
8841,6696,8721,4697,2841,8967
8841,6696,8721,4189,9726,3341
8841,6696,8721,8624,8836,697
8841,6696,8721,9547,8416,4797
8841,6696,8721,8798,9151,2128
8841,6696,8721,8998,7980,2680
8841,6696,8721,8630,691,6819
8841,6696,8721,6560,8415,1515
8841,6696,8721,1908,1914,6741
8841,6696,8721,5232,8286,5250
8841,6696,8721,9101,2254,7414
8841,6696,8721,9624,5033,3721
8841,6696,8721,8199,6570,7243
8841,6696,8721,8538,7797,8280
8841,6696,8721,8606,6067,4215
8841,6696,8721,5815,9443,8886
8841,6696,8721,1157,4766,5584
8841,6696,8721,2886,3429,1023
8841,6696,8721,561,9605,7341
8841,6696,8721,4547,4869,5741
8841,6696,8721,598,4850,6761
8841,6696,8721,8269,5964,5264
8841,6696,8721,2982,3959,6504
8841,6696,8721,8959,4184,1460
8841,6696,8721,2140,9705,6464
8841,6696,8721,42,6643,6481
8841,6696,8721,797,867,7885
8841,6696,8721,8830,7263,1840
8841,6696,8721,7284,8189,9753
8841,6696,8721,6990,6800,3284
8841,6696,8721,4497,3642,7450
8841,6696,8721,7003,6616,3798
8841,6696,8721,3585,5209,4131
8841,6696,8721,7997,2206,4413
8841,6696,8721,8728,9963,9687
8841,6696,8721,6649,6377,6579
8841,6696,8721,7993,1285,2440
8841,6696,8721,4979,394,5662
8841,6696,8721,5372,2721,1423
8841,6696,8721,4083,7489,2558
8841,6696,8721,5654,3838,208
8841,6696,8721,3961,6959,4532
8841,6696,8721,848,7687,7753
8841,6696,8721,362,3862,7587
8841,6696,8721,5975,3476,5415
8841,6696,8721,851,4697,8690
8841,6696,8721,8287,633,6980
8841,6696,8721,7960,4343,4603
8841,6696,8721,6450,5633,4184
8841,6696,8721,1042,2010,7825
8841,6696,8721,4569,6631,7797
8841,6696,8721,7071,1791,569
8841,6696,8721,695,6588,5023
8841,6696,8721,7946,5717,1879
8841,6696,8721,3398,9705,2577
8841,6696,8721,4949,8771,6843
8841,6696,8721,2370,8134,3335
8841,6696,8721,8787,4142,7556
8841,6696,8721,3859,7273,9832
8841,6696,8721,8906,1261,6213
8841,6696,8721,3836,6815,3700
8841,6696,8721,5858,8476,551
8841,6696,8721,402,9214,3052
8841,6696,8721,5948,7477,1194
8841,6696,8721,2861,3902,6430
8841,6696,8721,9365,9026,2035
8841,6696,8721,2999,1499,1838
8841,6696,8721,3759,7280,7535
8841,6696,8721,932,992,8681
8841,6696,8721,7694,8143,2985
8841,6696,8721,1054,2372,4815
8841,6696,8721,930,6776,7735
8841,6696,8721,9019,6490,6778
8841,6696,8721,1993,2218,8685
8841,6696,8721,9558,3428,6698
8841,6696,8721,7118,1813,4795
8841,6696,8721,8045,4436,2718
8841,6696,8721,9926,4480,7094
8841,6696,8721,4295,4869,4422
8841,6696,8721,1397,1879,702
8841,6696,8721,8358,467,1792
8841,6696,8721,5012,9784,3730
8841,6696,8721,7170,5172,9803
8841,6696,8721,1594,8147,6373
8841,6696,8721,458,2542,9767
8841,6696,8721,7148,1231,9177
8841,6696,8721,1125,7493,9750
8841,6696,8721,8490,8957,6468
8841,6696,8721,3395,1085,5306
8841,6696,8721,7352,3938,8358
8841,6696,8721,2411,4280,782
8841,6696,8721,6570,1229,9198
8841,6696,8721,9461,8630,5329
8841,6696,8721,3628,5913,3010
8841,6696,8721,8775,9668,4640
8841,6696,8721,4453,615,1983
8841,6696,8721,6955,1046,2284
8841,6696,8721,9247,2186,7579
8841,6696,8721,6193,1417,7402
8841,6696,8721,5309,1016,6458
8841,6696,8721,3297,3935,7225
8841,6696,8721,6823,6148,5216
8841,6696,8721,4608,1415,101
8841,6696,8721,9353,5069,1537
8841,6696,8721,6734,9710,1930
8841,6696,8721,519,7429,2443
8841,6696,8721,8618,5197,4749
8841,6696,8721,790,4796,7568
8841,6696,8721,6552,7345,54
8841,6696,8721,7945,2658,6319
8841,6696,8721,6252,5808,9295
8841,6696,8721,4617,9617,4467
8841,6696,8721,1401,5474,4710
8841,6696,8721,5183,3982,4568
8841,6696,8721,1012,357,7437
8841,6696,8721,7519,7363,3682
8841,6696,8721,9808,8547,7764
8841,6696,8721,1075,5411,1925
8841,6696,8721,2140,7794,1272
8841,6696,8721,7938,7416,7249
8841,6696,8721,2063,3169,1136
8841,6696,8721,6584,5789,7190
8841,6696,8721,261,9431,3744
8841,6696,8721,6254,3839,2441
8841,6696,8721,9214,4631,3488
8841,6696,8721,1926,3810,2035
8841,6696,8721,5891,1504,9668
8841,6696,8721,5318,6426,5605
8841,6696,8721,3870,4597,1176
