6166,4909,4222,4623,4675,4984
6166,4909,4222,2481,6212,7144
6166,4909,4222,389,3848,8687
6166,4909,4222,9217,965,9071
6166,4909,4222,686,5649,8329
6166,4909,4222,1006,4708,5080
6166,4909,4222,5487,9403,364
6166,4909,4222,1436,1182,3328
6166,4909,4222,4924,9314,3676
6166,4909,4222,1603,6450,6902
6166,4909,4222,2041,6577,5730
6166,4909,4222,6914,5907,7269
6166,4909,4222,8235,4175,6879
6166,4909,4222,2398,7478,9378
6166,4909,4222,2190,7422,9456
6166,4909,4222,2426,5943,4218
6166,4909,4222,7850,3439,408
6166,4909,4222,6298,623,6970
6166,4909,4222,8185,8300,8273
6166,4909,4222,4583,9879,5800
6166,4909,4222,3472,7225,5264
6166,4909,4222,3656,4456,9831
6166,4909,4222,2522,1838,1124
6166,4909,4222,8070,9032,9234
6166,4909,4222,1830,3697,2040
6166,4909,4222,5619,2024,3047
6166,4909,4222,1370,228,2845
6166,4909,4222,2444,968,8364
6166,4909,4222,482,4953,982
6166,4909,4222,5998,5069,1486
6166,4909,4222,4997,6853,692
6166,4909,4222,4118,5550,3640
6166,4909,4222,8498,8067,8725
6166,4909,4222,334,5870,597
6166,4909,4222,527,2957,7349
6166,4909,4222,5290,940,2370
6166,4909,4222,7129,9516,3464
6166,4909,4222,3351,37,4455
6166,4909,4222,8832,1570,7894
6166,4909,4222,2298,285,3700
6166,4909,4222,3705,1842,1874
6166,4909,4222,8722,5465,9216
6166,4909,4222,270,6043,3483
6166,4909,4222,7939,9783,2551
6166,4909,4222,791,7410,8494
6166,4909,4222,8354,5870,9057
6166,4909,4222,6988,2001,1788
6166,4909,4222,4012,1178,5259
6166,4909,4222,7644,598,4995
6166,4909,4222,4689,1146,9933
6166,4909,4222,5470,4324,1713
6166,4909,4222,4658,963,838
6166,4909,4222,173,1090,1928
6166,4909,4222,4198,2641,4549
6166,4909,4222,8507,5467,7791
6166,4909,4222,485,7586,2406
6166,4909,4222,5693,7607,1744
6166,4909,4222,6785,5493,5042
6166,4909,4222,6815,8383,527
6166,4909,4222,5454,3680,9309
6166,4909,4222,9147,4050,6687
6166,4909,4222,162,1885,1629
6166,4909,4222,6758,3220,8912
6166,4909,4222,8670,4213,5005
6166,4909,4222,4231,2383,3183
6166,4909,4222,77,5140,7869
6166,4909,4222,2409,8979,2332
6166,4909,4222,3380,5200,2096
6166,4909,4222,1863,5677,8248
6166,4909,4222,7394,2295,5992
6166,4909,4222,9547,8864,3324
6166,4909,4222,504,9020,7922
6166,4909,4222,8592,1773,3569
6166,4909,4222,1370,7488,8886
6166,4909,4222,8572,761,6275
6166,4909,4222,5802,7433,5541
6166,4909,4222,7266,268,1598
6166,4909,4222,2820,2121,9497
6166,4909,4222,2490,6426,375
6166,4909,4222,1377,1850,5383
6166,4909,4222,4673,8421,7582
6166,4909,4222,9756,5917,3596
6166,4909,4222,3375,3835,3892
6166,4909,4222,9844,2446,1099
6166,4909,4222,8568,4866,1172
6166,4909,4222,1834,920,1939
6166,4909,4222,5070,787,3235
6166,4909,4222,1718,5639,6561
6166,4909,4222,663,7887,9775
6166,4909,4222,7471,4469,2846
6166,4909,4222,7347,8413,1294
6166,4909,4222,4962,622,9903
6166,4909,4222,2030,2324,1872
6166,4909,4222,6549,3567,4656
6166,4909,4222,1540,4489,150
6166,4909,4222,2656,7647,1408
6166,4909,4222,5326,9971,1499
6166,4909,4222,6966,6838,1404
6166,4909,4222,8003,8107,6283
6166,4909,4222,6434,508,8750
6166,4909,4222,1594,9560,6897
6166,4909,4222,2308,9549,2856
6166,4909,4222,8474,6935,6996
6166,4909,4222,3463,9950,9009
6166,4909,4222,2136,428,3799
6166,4909,4222,7944,3778,6338
6166,4909,4222,9580,5397,7561
6166,4909,4222,627,5496,7062
6166,4909,4222,9691,7111,9446
6166,4909,4222,6706,7244,4190
6166,4909,4222,2536,9855,2084
6166,4909,4222,9689,1781,7832
6166,4909,4222,8210,3294,4659
6166,4909,4222,296,3198,748
6166,4909,4222,2694,271,8892
6166,4909,4222,3409,7037,16
6166,4909,4222,9320,8438,7717
6166,4909,4222,6878,6870,9926
6166,4909,4222,9691,4485,9174
6166,4909,4222,7176,5912,494
6166,4909,4222,7505,2365,2831
6166,4909,4222,5076,9976,9321
6166,4909,4222,5483,546,2055
6166,4909,4222,8265,6927,46
6166,4909,4222,1902,9805,1707
6166,4909,4222,9845,460,5841
6166,4909,4222,5926,8366,3804
6166,4909,4222,4123,2305,1081
6166,4909,4222,1121,8824,6330
6166,4909,4222,8542,9681,8880
6166,4909,4222,7436,9190,7022
6166,4909,4222,154,7666,5942
6166,4909,4222,9409,9460,4086
6166,4909,4222,4150,2256,8403
6166,4909,4222,9998,9268,9155
6166,4909,4222,1625,210,1958
6166,4909,4222,6831,6583,1759
6166,4909,4222,1895,9274,8540
6166,4909,4222,5836,3825,7531
6166,4909,4222,3278,82,8876
6166,4909,4222,557,1317,367
6166,4909,4222,7475,6271,1732
6166,4909,4222,6123,1849,529
6166,4909,4222,2021,9034,176
6166,4909,4222,2393,6314,9615
6166,4909,4222,2104,219,7201
6166,4909,4222,58,6379,8231
6166,4909,4222,5540,8753,8485
6166,4909,4222,7925,6851,6155
6166,4909,4222,9426,6251,9732
6166,4909,4222,7494,2766,6581
6166,4909,4222,6862,3040,7839
6166,4909,4222,4539,2691,3340
6166,4909,4222,3,9901,4977
6166,4909,4222,4755,1949,3765
6166,4909,4222,9028,4521,8935
6166,4909,4222,9949,3923,1304
6166,4909,4222,1902,4381,435
6166,4909,4222,3502,4964,7350
6166,4909,4222,9574,4425,6373
6166,4909,4222,6959,3942,1318
6166,4909,4222,4051,2672,1426
6166,4909,4222,9368,9511,5083
6166,4909,4222,9805,7095,7263
6166,4909,4222,2851,1900,822
6166,4909,4222,9213,9861,6710
6166,4909,4222,7582,5798,6295
6166,4909,4222,7749,6920,2861
6166,4909,4222,8136,7391,5585
6166,4909,4222,6710,3062,8463
6166,4909,4222,6414,1685,9668
6166,4909,4222,6323,9065,7647
6166,4909,4222,5753,4687,2069
6166,4909,4222,373,4636,1312
6166,4909,4222,3055,3158,6812
6166,4909,4222,9565,7101,9761
6166,4909,4222,1980,4041,8068
6166,4909,4222,7720,7603,6066
6166,4909,4222,7113,1540,5514
6166,4909,4222,2480,5639,9759
6166,4909,4222,7888,8775,7823
6166,4909,4222,5982,1776,9842
6166,4909,4222,9938,7854,6235
6166,4909,4222,2052,3029,9287
6166,4909,4222,3028,9454,128
6166,4909,4222,4824,8754,7795
6166,4909,4222,8527,2237,9708
6166,4909,4222,3529,4170,902
6166,4909,4222,6275,2776,1743
6166,4909,4222,382,420,4141
6166,4909,4222,3501,9317,6193
6166,4909,4222,3150,2958,1839
6166,4909,4222,1498,4135,3837
6166,4909,4222,8724,5567,3640
6166,4909,4222,6818,4912,7935
6166,4909,4222,8915,6338,1230
6166,4909,4222,3893,7379,7495
6166,4909,4222,5152,9301,7680
6166,4909,4222,3436,7445,1904
6166,4909,4222,9787,3424,9010
6166,4909,4222,2512,5204,1668
6166,4909,4222,6977,949,7566
6166,4909,4222,6070,7469,9985
6166,4909,4222,5703,8465,4983
6166,4909,4222,1559,3643,9684
6166,4909,4222,9270,6791,2421
6166,4909,4222,6464,7673,370
6166,4909,4222,5610,9400,585
6166,4909,4222,1240,5836,4508
6166,4909,4222,3524,8337,2857
6166,4909,4222,2531,3202,8384
6166,4909,4222,1444,6373,9214
6166,4909,4222,2903,5376,635
6166,4909,4222,3387,9526,6200
6166,4909,4222,6331,6098,3490
6166,4909,4222,222,8763,6429
6166,4909,4222,1396,8426,2078
6166,4909,4222,6612,4412,5583
6166,4909,4222,2250,294,306
6166,4909,4222,9576,28,2274
6166,4909,4222,4797,6315,1241
6166,4909,4222,1929,2671,5159
6166,4909,4222,8867,6746,711
6166,4909,4222,9110,1317,96
6166,4909,4222,3977,8458,2600
6166,4909,4222,5491,4491,2259
6166,4909,4222,4599,6499,6440
6166,4909,4222,1629,8737,6613
6166,4909,4222,88,8809,523
6166,4909,4222,6808,3447,638
6166,4909,4222,4376,7967,951
6166,4909,4222,3988,3005,5544
6166,4909,4222,308,950,8356
6166,4909,4222,2740,2100,9278
6166,4909,4222,620,5522,8510
6166,4909,4222,2465,9820,465
6166,4909,4222,9119,3402,1440
6166,4909,4222,7717,3954,6967
6166,4909,4222,1542,1664,7405
6166,4909,4222,1289,6625,5827
6166,4909,4222,4775,3081,6874
6166,4909,4222,7042,6033,4692
6166,4909,4222,1342,2818,9786
6166,4909,4222,3296,4059,7552
6166,4909,4222,1099,7408,1467
6166,4909,4222,6685,8330,3412
6166,4909,4222,8373,799,1432
6166,4909,4222,819,1912,8135
6166,4909,4222,7376,9362,1096
6166,4909,4222,7808,6349,5351
6166,4909,4222,5207,5786,9726
6166,4909,4222,5520,916,1522
6166,4909,4222,5135,4227,2403
6166,4909,4222,4832,2948,2795
6166,4909,4222,8130,5847,7956
6166,4909,4222,4225,2022,70
6166,4909,4222,1056,3492,8426
6166,4909,4222,2357,8259,4475
6166,4909,4222,9770,2469,5848
6166,4909,4222,487,1854,7986
6166,4909,4222,4387,8190,7544
6166,4909,4222,8716,7928,3284
6166,4909,4222,4250,3886,4180
6166,4909,4222,8104,678,2018
6166,4909,4222,2859,5282,650
6166,4909,4222,1038,1592,9316
6166,4909,4222,4565,1610,4822
6166,4909,4222,3038,2707,2627
6166,4909,4222,2970,3271,5651
6166,4909,4222,7179,1658,8057
6166,4909,4222,364,9590,6962
6166,4909,4222,7246,2010,3657
6166,4909,4222,5808,658,2724
6166,4909,4222,9716,9607,7
6166,4909,4222,7107,8342,4387
6166,4909,4222,3149,3615,6718
6166,4909,4222,1230,8683,5539
6166,4909,4222,8896,6796,5707
6166,4909,4222,9981,9390,4731
6166,4909,4222,4167,911,6384
6166,4909,4222,7631,3183,9940
6166,4909,4222,3481,68,7968
6166,4909,4222,5690,590,1148
6166,4909,4222,877,3328,1802
6166,4909,4222,9180,4208,317
6166,4909,4222,4043,9898,8451
6166,4909,4222,1020,4321,2994
6166,4909,4222,2413,5823,8689
6166,4909,4222,9300,2994,4755
6166,4909,4222,3184,3368,2465
6166,4909,4222,6911,3568,1173
6166,4909,4222,1080,4135,300
6166,4909,4222,9366,1658,7767
6166,4909,4222,2311,3556,4840
6166,4909,4222,2566,8793,1826
6166,4909,4222,481,3816,897
6166,4909,4222,3071,85,4990
6166,4909,4222,5334,6759,2390
6166,4909,4222,7083,9609,2317
6166,4909,4222,9275,9054,8597
6166,4909,4222,9993,1567,7764
6166,4909,4222,2258,3969,109
6166,4909,4222,2626,7175,2441
6166,4909,4222,5697,9449,60
6166,4909,4222,9925,8946,7650
6166,4909,4222,3134,6451,9453
6166,4909,4222,3847,1731,8916
6166,4909,4222,893,168,2483
6166,4909,4222,1226,1487,8342
6166,4909,4222,5799,3311,5377
6166,4909,4222,2287,2870,7572
6166,4909,4222,936,714,37
6166,4909,4222,2348,5537,715
6166,4909,4222,2795,8404,612
6166,4909,4222,4592,4935,5216
6166,4909,4222,8413,1938,3269
6166,4909,4222,847,9369,9959
6166,4909,4222,4901,9733,2068
6166,4909,4222,2783,5951,7078
6166,4909,4222,2524,7261,2827
6166,4909,4222,8038,5646,1032
6166,4909,4222,595,4007,2160
6166,4909,4222,6731,6924,9274
6166,4909,4222,1061,8577,7211
6166,4909,4222,1197,8164,1463
6166,4909,4222,7666,1474,6983
6166,4909,4222,1838,7582,1747
6166,4909,4222,1420,862,3815
6166,4909,4222,512,7483,1492
6166,4909,4222,2115,7275,4386
6166,4909,4222,2723,2908,9744
6166,4909,4222,3810,3959,5221
6166,4909,4222,6241,1077,9804
6166,4909,4222,3065,1328,6419
6166,4909,4222,4921,7828,3203
6166,4909,4222,5477,1679,1728
6166,4909,4222,9511,1603,6083
6166,4909,4222,7192,8496,3761
6166,4909,4222,7010,3575,8430
6166,4909,4222,1804,8596,4360
6166,4909,4222,7604,3577,8093
6166,4909,4222,3718,3681,6661
6166,4909,4222,1776,686,9036
6166,4909,4222,141,2147,508
6166,4909,4222,1632,5206,7161
6166,4909,4222,5811,7960,2357
6166,4909,4222,9196,3738,1465
6166,4909,4222,6451,1854,6687
6166,4909,4222,7566,3289,3361
6166,4909,4222,5403,2258,8813
6166,4909,4222,1657,2589,4361
6166,4909,4222,509,7653,6548
6166,4909,4222,3531,6547,8008
6166,4909,4222,5542,453,2548
6166,4909,4222,2428,1044,6677
6166,4909,4222,9565,315,1932
6166,4909,4222,3730,4362,1090
6166,4909,4222,7468,651,9771
6166,4909,4222,9772,1837,9925
6166,4909,4222,434,7513,6528
6166,4909,4222,8623,2430,5493
6166,4909,4222,9429,7965,9059
6166,4909,4222,3716,8032,6376
6166,4909,4222,4109,9390,1801
6166,4909,4222,7417,6596,6357
6166,4909,4222,4600,1539,2941
6166,4909,4222,7012,4974,5629
6166,4909,4222,7176,7022,4574
6166,4909,4222,2571,2500,6005
6166,4909,4222,3087,7858,9557
6166,4909,4222,6921,9221,4646
6166,4909,4222,5212,1621,2971
6166,4909,4222,189,3293,8285
6166,4909,4222,146,3906,4946
6166,4909,4222,6815,310,4721
6166,4909,4222,3671,5211,1843
6166,4909,4222,5490,2137,7315
6166,4909,4222,8505,5646,2150
6166,4909,4222,770,7365,757
6166,4909,4222,1582,4336,3585
6166,4909,4222,330,187,6101
6166,4909,4222,8533,8513,9058
6166,4909,4222,4263,2669,4083
6166,4909,4222,2595,9404,259
6166,4909,4222,9218,6813,4021
6166,4909,4222,4666,4134,4901
6166,4909,4222,6436,4888,5978
6166,4909,4222,8232,6121,4811
6166,4909,4222,9849,2063,9092
6166,4909,4222,147,8105,5355
6166,4909,4222,1818,5144,6738
6166,4909,4222,1438,4793,5945
6166,4909,4222,5345,930,6257
6166,4909,4222,7762,7506,7757
6166,4909,4222,5888,2963,2802
6166,4909,4222,3190,5466,276
6166,4909,4222,5869,9766,4318
6166,4909,4222,4360,6243,329
6166,4909,4222,7436,4755,1333
6166,4909,4222,196,1564,6929
6166,4909,4222,3323,3332,7908
6166,4909,4222,2556,5655,777
6166,4909,4222,9905,8481,4525
6166,4909,4222,6190,9355,3948
6166,4909,4222,9360,6256,4286
6166,4909,4222,3052,4118,6812
6166,4909,4222,6257,4131,3374
6166,4909,4222,6899,6282,7020
6166,4909,4222,522,7087,9166
6166,4909,4222,3711,2803,7484
6166,4909,4222,9129,3670,8269
6166,4909,4222,2964,1515,7426
6166,4909,4222,6583,5972,2463
6166,4909,4222,9912,5284,7224
6166,4909,4222,1995,431,8353
6166,4909,4222,7445,2856,9198
6166,4909,4222,491,3377,2928
6166,4909,4222,5401,7273,6856
6166,4909,4222,328,9461,9358
6166,4909,4222,7545,9389,4799
6166,4909,4222,6762,2969,2245
6166,4909,4222,8766,2552,6969
6166,4909,4222,1520,6316,2387
6166,4909,4222,3560,2944,5854
6166,4909,4222,6164,2645,669
6166,4909,4222,3354,5538,9346
6166,4909,4222,1591,3080,2386
6166,4909,4222,7381,3535,2427
6166,4909,4222,6919,5993,1330
6166,4909,4222,1555,1120,1112
6166,4909,4222,9914,2212,5620
6166,4909,4222,1261,7745,2682
6166,4909,4222,1483,90,5504
6166,4909,4222,8424,4433,2639
6166,4909,4222,7286,3906,9530
6166,4909,4222,8840,6305,1456
6166,4909,4222,2618,3998,7889
6166,4909,4222,7069,9529,1073
6166,4909,4222,7515,2414,6802
6166,4909,4222,3384,9556,2473
6166,4909,4222,4225,6560,8866
6166,4909,4222,9989,5892,4375
6166,4909,4222,987,6897,8836
6166,4909,4222,1036,9202,6202
6166,4909,4222,7339,882,9925
6166,4909,4222,9825,5347,2066
6166,4909,4222,726,7058,793
6166,4909,4222,9031,2588,8431
6166,4909,4222,2034,6120,5159
6166,4909,4222,6716,9481,1014
6166,4909,4222,494,7513,659
6166,4909,4222,2613,5165,1945
6166,4909,4222,7997,8122,5624
6166,4909,4222,4153,9710,8945
6166,4909,4222,2308,9024,5633
6166,4909,4222,8011,3190,4724
6166,4909,4222,8914,6955,9792
6166,4909,4222,1710,9985,3158
6166,4909,4222,9778,5619,2682
6166,4909,4222,5651,9003,4221
6166,4909,4222,3074,1612,3382
6166,4909,4222,4268,1288,7559
6166,4909,4222,8801,1078,5534
6166,4909,4222,7783,7309,3705
6166,4909,4222,384,8846,9613
6166,4909,4222,9810,1902,424
6166,4909,4222,1566,4500,37
6166,4909,4222,5831,7389,4716
6166,4909,4222,453,3599,7765
6166,4909,4222,7561,8501,3907
6166,4909,4222,5621,1416,187
6166,4909,4222,8392,2106,701
6166,4909,4222,8444,4764,1619
6166,4909,4222,9646,2617,4805
6166,4909,4222,7456,1112,1784
6166,4909,4222,9209,51,6840
6166,4909,4222,3610,4378,4479
6166,4909,4222,2718,5364,9049
6166,4909,4222,4744,7410,6179
6166,4909,4222,2027,576,9338
6166,4909,4222,5661,9224,9633
6166,4909,4222,2995,14,564
6166,4909,4222,9425,370,2153
6166,4909,4222,9367,1756,9484
6166,4909,4222,2840,3568,8790
6166,4909,4222,3026,5333,2796
6166,4909,4222,8448,702,3840
6166,4909,4222,8133,2853,2489
6166,4909,4222,493,6940,4405
6166,4909,4222,8425,626,8622
6166,4909,4222,5229,9004,5054
6166,4909,4222,291,3787,9924
6166,4909,4222,513,4788,4634
6166,4909,4222,3896,5824,2248
6166,4909,4222,3195,9485,7085
6166,4909,4222,5148,9577,4365
6166,4909,4222,7812,974,3793
6166,4909,4222,5622,4746,9150
6166,4909,4222,9606,9368,9073
6166,4909,4222,8455,6012,7678
6166,4909,4222,2907,622,8161
6166,4909,4222,7265,6273,8209
6166,4909,4222,5294,7278,3255
6166,4909,4222,9438,9945,5423
6166,4909,4222,448,5177,1113
6166,4909,4222,8219,3547,1152
6166,4909,4222,2083,1560,7828
6166,4909,4222,4562,4531,3197
6166,4909,4222,6295,3778,6352
6166,4909,4222,7842,7062,8184
