6482,3041,1238,332,7037,9263
6482,3041,1238,1428,3502,6176
6482,3041,1238,4381,7759,3889
6482,3041,1238,5631,7814,3521
6482,3041,1238,8431,8307,5652
6482,3041,1238,4148,2932,8263
6482,3041,1238,9720,5166,4663
6482,3041,1238,8403,9469,1875
6482,3041,1238,6054,2041,7773
6482,3041,1238,583,714,1837
6482,3041,1238,5188,7760,5119
6482,3041,1238,8765,3299,3698
6482,3041,1238,772,5683,664
6482,3041,1238,5838,4574,7754
6482,3041,1238,4641,6474,499
6482,3041,1238,2557,8525,1089
6482,3041,1238,6066,913,6545
6482,3041,1238,1647,1614,5776
6482,3041,1238,5896,5446,3615
6482,3041,1238,5951,4549,628
6482,3041,1238,7973,9776,4863
6482,3041,1238,4393,6793,9878
6482,3041,1238,3695,8378,3509
6482,3041,1238,2856,5867,182
6482,3041,1238,5203,345,5370
6482,3041,1238,7006,5147,555
6482,3041,1238,4757,6580,3297
6482,3041,1238,64,9346,9508
6482,3041,1238,9695,8179,3303
6482,3041,1238,2307,1611,8620
6482,3041,1238,1175,5521,7230
6482,3041,1238,7537,9591,607
6482,3041,1238,3218,6229,6339
6482,3041,1238,2290,7119,30
6482,3041,1238,4763,7807,9791
6482,3041,1238,7193,2285,3065
6482,3041,1238,7073,2713,7199
6482,3041,1238,6186,3518,1752
6482,3041,1238,1304,5672,4783
6482,3041,1238,879,2781,1317
6482,3041,1238,5464,5373,7766
6482,3041,1238,1409,8449,2920
6482,3041,1238,6345,6763,8007
6482,3041,1238,7449,5893,4076
6482,3041,1238,5133,5065,5990
6482,3041,1238,2754,3874,8038
6482,3041,1238,4735,418,4402
6482,3041,1238,1123,1636,7367
6482,3041,1238,4185,1696,9486
6482,3041,1238,3412,9761,771
6482,3041,1238,9719,7600,4362
6482,3041,1238,947,9043,8887
6482,3041,1238,4416,773,6836
6482,3041,1238,124,2706,9702
6482,3041,1238,8868,959,4293
6482,3041,1238,7588,8408,9821
6482,3041,1238,6500,4739,153
6482,3041,1238,2387,4041,1991
6482,3041,1238,2626,1221,8004
6482,3041,1238,6562,3794,8553
6482,3041,1238,9476,6520,5131
6482,3041,1238,6758,4524,6166
6482,3041,1238,2007,5683,887
6482,3041,1238,814,7990,1109
6482,3041,1238,7531,5144,9400
6482,3041,1238,861,5711,8989
6482,3041,1238,4302,5420,7346
6482,3041,1238,6001,7933,5195
6482,3041,1238,2918,3647,4651
6482,3041,1238,7527,8628,1307
6482,3041,1238,1869,6685,6265
6482,3041,1238,8884,5971,6111
6482,3041,1238,826,8528,5847
6482,3041,1238,7597,3878,9859
6482,3041,1238,1450,1142,6472
6482,3041,1238,9314,4948,9794
6482,3041,1238,2719,8668,7128
6482,3041,1238,5940,1027,4596
6482,3041,1238,6282,3383,5480
6482,3041,1238,9729,3333,2948
6482,3041,1238,1495,6292,9737
6482,3041,1238,7692,2142,7476
6482,3041,1238,147,439,662
6482,3041,1238,8722,9612,5947
6482,3041,1238,2887,4563,1463
6482,3041,1238,3351,9878,882
6482,3041,1238,9600,8113,4504
6482,3041,1238,9417,3940,2444
6482,3041,1238,6822,699,3798
6482,3041,1238,1935,3565,5511
6482,3041,1238,6287,4703,4754
6482,3041,1238,7235,7315,2645
6482,3041,1238,5072,3097,5920
6482,3041,1238,3682,3122,2918
6482,3041,1238,9966,811,5887
6482,3041,1238,3191,6657,7823
6482,3041,1238,1412,429,5922
6482,3041,1238,6084,4564,6119
6482,3041,1238,4534,2869,5284
6482,3041,1238,6367,789,8466
6482,3041,1238,660,2626,796
6482,3041,1238,8760,3957,1400
6482,3041,1238,7531,1250,5651
6482,3041,1238,1409,7376,6221
6482,3041,1238,9922,5884,9947
6482,3041,1238,6182,7003,6520
6482,3041,1238,9640,7827,6007
6482,3041,1238,1588,7655,8890
6482,3041,1238,6031,8684,2022
6482,3041,1238,3510,8133,9927
6482,3041,1238,2072,3186,5003
6482,3041,1238,3702,5728,7811
6482,3041,1238,665,3403,6747
6482,3041,1238,5982,6284,8355
6482,3041,1238,1824,1344,283
6482,3041,1238,667,1324,3647
6482,3041,1238,5956,9132,5391
6482,3041,1238,3837,7297,3347
6482,3041,1238,8796,4967,3679
6482,3041,1238,8578,3357,744
6482,3041,1238,7468,4462,1678
6482,3041,1238,2474,9227,1077
6482,3041,1238,7540,8092,4527
6482,3041,1238,474,5577,3532
6482,3041,1238,4014,1815,6812
6482,3041,1238,7314,5393,9105
6482,3041,1238,1209,7408,2068
6482,3041,1238,3091,3927,1767
6482,3041,1238,3104,3669,8138
6482,3041,1238,9482,8776,689
6482,3041,1238,4831,8514,6598
6482,3041,1238,1907,6883,7771
6482,3041,1238,5618,2986,8944
6482,3041,1238,2741,6823,6265
6482,3041,1238,2380,8626,2029
6482,3041,1238,7972,1204,6730
6482,3041,1238,5743,2417,6566
6482,3041,1238,7036,7078,3089
6482,3041,1238,2862,6832,1483
6482,3041,1238,9940,4505,3281
6482,3041,1238,6013,5250,7222
6482,3041,1238,4678,5394,4740
6482,3041,1238,3842,8070,6833
6482,3041,1238,8420,6769,9687
6482,3041,1238,9141,5492,1155
6482,3041,1238,2712,9,647
6482,3041,1238,2366,4154,7763
6482,3041,1238,4793,8670,9403
6482,3041,1238,4684,5046,6669
6482,3041,1238,3783,3449,7198
6482,3041,1238,8519,1592,7593
6482,3041,1238,5381,9440,4494
6482,3041,1238,7744,6243,7459
6482,3041,1238,8037,5469,2697
6482,3041,1238,9246,8235,8621
6482,3041,1238,1130,5653,8539
6482,3041,1238,1487,6743,7701
6482,3041,1238,7315,1747,1379
6482,3041,1238,1150,5904,3210
6482,3041,1238,1857,9875,4153
6482,3041,1238,5472,1057,5073
6482,3041,1238,1437,2931,93
6482,3041,1238,2905,7570,4900
6482,3041,1238,820,402,4828
6482,3041,1238,5853,641,6008
6482,3041,1238,2052,4018,8141
6482,3041,1238,7888,5003,7891
6482,3041,1238,3272,6592,573
6482,3041,1238,656,3855,7688
6482,3041,1238,9937,4996,4777
6482,3041,1238,2931,4959,7287
6482,3041,1238,3001,176,5268
6482,3041,1238,5499,6151,4430
6482,3041,1238,4895,7703,6392
6482,3041,1238,2832,7573,7921
6482,3041,1238,7217,6157,1431
6482,3041,1238,783,6803,708
6482,3041,1238,3571,980,489
6482,3041,1238,7798,903,4819
6482,3041,1238,4737,60,7804
6482,3041,1238,5679,5163,7402
6482,3041,1238,9325,3005,1159
6482,3041,1238,6341,364,1771
6482,3041,1238,8910,8740,3950
6482,3041,1238,6553,3033,9412
6482,3041,1238,8813,2243,3329
6482,3041,1238,6881,9500,986
6482,3041,1238,4148,7999,8209
6482,3041,1238,7347,4474,5082
6482,3041,1238,737,6720,8184
6482,3041,1238,5051,8500,4803
6482,3041,1238,5393,1680,6109
6482,3041,1238,763,6989,6659
6482,3041,1238,933,5146,3097
6482,3041,1238,7061,7421,4082
6482,3041,1238,1830,2409,5067
6482,3041,1238,3894,457,3662
6482,3041,1238,657,3617,2059
6482,3041,1238,4338,6875,1306
6482,3041,1238,2548,7218,8722
6482,3041,1238,4634,1982,2211
6482,3041,1238,2317,4657,6616
6482,3041,1238,7887,3604,8925
6482,3041,1238,9883,9583,1364
6482,3041,1238,2260,6899,1322
6482,3041,1238,2933,673,9978
6482,3041,1238,5340,9652,2871
6482,3041,1238,5840,7520,308
6482,3041,1238,5428,5921,3954
6482,3041,1238,62,5266,4643
6482,3041,1238,3787,1941,2027
6482,3041,1238,58,1059,5393
6482,3041,1238,9951,278,9876
6482,3041,1238,5782,3255,3864
6482,3041,1238,4844,3550,7232
6482,3041,1238,2725,7367,4528
6482,3041,1238,2977,1477,5132
6482,3041,1238,5407,9035,6493
6482,3041,1238,9223,2994,5100
6482,3041,1238,2585,9620,9533
6482,3041,1238,5521,1017,7791
6482,3041,1238,2520,2576,6459
6482,3041,1238,9927,8465,5420
6482,3041,1238,9725,3208,9072
6482,3041,1238,4970,3581,5462
6482,3041,1238,8603,5052,2377
6482,3041,1238,7302,7316,9585
6482,3041,1238,853,4551,6729
6482,3041,1238,7919,547,1128
6482,3041,1238,9671,7144,551
6482,3041,1238,5465,847,4162
6482,3041,1238,3474,9748,9238
6482,3041,1238,4181,2015,3160
6482,3041,1238,9124,7510,5569
6482,3041,1238,4871,7372,844
6482,3041,1238,8069,894,5873
6482,3041,1238,8593,5664,4099
6482,3041,1238,4660,6460,1390
6482,3041,1238,3432,1236,4588
6482,3041,1238,1734,8646,3674
6482,3041,1238,9143,544,5701
6482,3041,1238,7193,7495,6465
6482,3041,1238,3704,8894,8604
6482,3041,1238,319,6732,7486
6482,3041,1238,4282,66,3383
6482,3041,1238,4361,3097,3517
6482,3041,1238,9814,8816,4765
6482,3041,1238,7715,8865,3434
6482,3041,1238,4934,1772,3408
6482,3041,1238,1802,4831,4714
6482,3041,1238,6375,8782,597
6482,3041,1238,9081,8829,9432
6482,3041,1238,561,2765,9630
6482,3041,1238,8384,97,1782
6482,3041,1238,2210,7515,9102
6482,3041,1238,7408,2672,2668
6482,3041,1238,1351,3030,5881
6482,3041,1238,5700,2919,1913
6482,3041,1238,55,1515,4053
6482,3041,1238,5096,6850,8517
6482,3041,1238,100,1102,3872
6482,3041,1238,9482,6755,2743
6482,3041,1238,2669,8245,8478
6482,3041,1238,9036,671,839
6482,3041,1238,7502,3762,2371
6482,3041,1238,1478,5003,4393
6482,3041,1238,3887,347,8971
6482,3041,1238,8329,3435,5021
6482,3041,1238,533,1819,7827
6482,3041,1238,7963,7646,4413
6482,3041,1238,2816,9652,3015
6482,3041,1238,3114,2570,1175
6482,3041,1238,2401,8667,5947
6482,3041,1238,345,6803,1350
6482,3041,1238,2763,8163,6411
6482,3041,1238,5537,5173,2795
6482,3041,1238,9301,9962,1566
6482,3041,1238,3419,2263,5494
6482,3041,1238,6193,2511,7617
6482,3041,1238,5176,3556,9744
6482,3041,1238,5755,1146,453
6482,3041,1238,9310,5524,4660
6482,3041,1238,6918,9084,8758
6482,3041,1238,4657,2563,8146
6482,3041,1238,2266,7381,8807
6482,3041,1238,860,8045,9060
6482,3041,1238,3979,8190,5654
6482,3041,1238,9714,7454,8958
6482,3041,1238,6506,9135,5563
6482,3041,1238,2853,1633,1226
6482,3041,1238,4499,2227,8622
6482,3041,1238,1404,5101,7320
6482,3041,1238,2254,6531,9922
6482,3041,1238,588,341,7679
6482,3041,1238,8410,2126,359
6482,3041,1238,6670,7372,9951
6482,3041,1238,3874,535,3685
6482,3041,1238,9615,8815,6056
6482,3041,1238,7293,7186,6991
6482,3041,1238,4912,7945,2707
6482,3041,1238,4671,2561,389
6482,3041,1238,7592,3664,4380
6482,3041,1238,8311,6107,535
6482,3041,1238,1487,6434,6287
6482,3041,1238,4649,1977,7326
6482,3041,1238,8822,840,222
6482,3041,1238,6250,3740,8030
6482,3041,1238,726,6637,8718
6482,3041,1238,6249,2251,9089
6482,3041,1238,2249,4745,1855
6482,3041,1238,1358,6568,2210
6482,3041,1238,1359,555,3470
6482,3041,1238,3150,1595,6254
6482,3041,1238,4903,6187,8836
6482,3041,1238,2698,5278,1001
6482,3041,1238,3411,8531,7484
6482,3041,1238,394,2003,8076
6482,3041,1238,2340,4387,1752
6482,3041,1238,8763,8915,3031
6482,3041,1238,9653,4068,6608
6482,3041,1238,500,4104,5369
6482,3041,1238,7178,5211,2309
6482,3041,1238,8675,5988,9172
6482,3041,1238,8230,3129,157
6482,3041,1238,4332,3220,5027
6482,3041,1238,5121,7620,2335
6482,3041,1238,3199,8535,6150
6482,3041,1238,4065,6500,9506
6482,3041,1238,5746,4005,1169
6482,3041,1238,5,2230,9911
6482,3041,1238,6937,284,4414
6482,3041,1238,6774,928,1997
6482,3041,1238,9205,2081,1280
6482,3041,1238,6857,1469,979
6482,3041,1238,794,7885,3016
6482,3041,1238,9947,1490,3590
6482,3041,1238,1091,5945,6818
6482,3041,1238,5313,1250,1427
6482,3041,1238,9817,6245,7696
6482,3041,1238,6814,9519,4717
6482,3041,1238,9659,4188,9913
6482,3041,1238,1869,4339,5556
6482,3041,1238,4000,2081,6985
6482,3041,1238,100,7427,8882
6482,3041,1238,3649,4760,957
6482,3041,1238,4868,8338,2092
6482,3041,1238,1365,4021,3276
6482,3041,1238,2389,8828,1134
6482,3041,1238,6677,7059,8664
6482,3041,1238,5270,1619,5188
6482,3041,1238,9155,237,8715
6482,3041,1238,4615,3911,5455
6482,3041,1238,3861,5327,3717
6482,3041,1238,9175,2619,9093
6482,3041,1238,2898,9045,9001
6482,3041,1238,1342,3871,6992
6482,3041,1238,2373,8449,6526
6482,3041,1238,8129,8165,1408
6482,3041,1238,4225,5037,8068
6482,3041,1238,9058,4423,5067
6482,3041,1238,2883,3567,4484
6482,3041,1238,8141,7133,7346
6482,3041,1238,6737,9037,9181
6482,3041,1238,5458,6766,9802
6482,3041,1238,148,9089,5872
6482,3041,1238,21,5792,7906
6482,3041,1238,3913,8293,8302
6482,3041,1238,5704,3035,5377
6482,3041,1238,3719,9690,8426
6482,3041,1238,4998,451,2251
6482,3041,1238,3851,5885,5223
6482,3041,1238,7793,3023,9317
6482,3041,1238,5208,4626,4105
6482,3041,1238,506,1154,1961
6482,3041,1238,1697,9752,7907
6482,3041,1238,2579,1436,5730
6482,3041,1238,4,1047,2743
6482,3041,1238,4987,4803,6851
6482,3041,1238,2232,391,5330
6482,3041,1238,4901,9480,9841
6482,3041,1238,9057,1995,3322
6482,3041,1238,6416,7078,6244
6482,3041,1238,4783,807,3475
6482,3041,1238,3856,915,3454
6482,3041,1238,8628,3101,9471
6482,3041,1238,3100,3519,4991
6482,3041,1238,6479,3447,9711
6482,3041,1238,7187,6109,4523
6482,3041,1238,7937,8442,2025
6482,3041,1238,3102,5044,3942
6482,3041,1238,2180,8897,8529
6482,3041,1238,8071,675,3485
6482,3041,1238,7068,1657,9851
6482,3041,1238,4125,6467,7033
6482,3041,1238,3194,5163,7719
6482,3041,1238,776,6066,1922
6482,3041,1238,8536,8762,3437
6482,3041,1238,9674,1197,7352
6482,3041,1238,7945,5302,2011
6482,3041,1238,5147,6880,1553
6482,3041,1238,7799,3610,7953
6482,3041,1238,3312,6652,7263
6482,3041,1238,9631,3503,1700
6482,3041,1238,7487,9925,3321
6482,3041,1238,1318,7972,1366
6482,3041,1238,2544,1605,2900
6482,3041,1238,9192,2694,1588
6482,3041,1238,1653,7657,3644
6482,3041,1238,8104,4035,9764
6482,3041,1238,3876,7927,2866
6482,3041,1238,4207,2030,5881
6482,3041,1238,5779,8202,8630
6482,3041,1238,7556,1718,9636
6482,3041,1238,8291,5469,7113
6482,3041,1238,4830,3454,3829
6482,3041,1238,5602,675,770
6482,3041,1238,4890,1851,1655
6482,3041,1238,4461,1475,2990
6482,3041,1238,8209,5952,7707
6482,3041,1238,5675,3544,59
6482,3041,1238,808,6210,815
6482,3041,1238,1569,3917,6354
6482,3041,1238,5898,5775,7769
6482,3041,1238,8138,6416,2395
6482,3041,1238,1024,2207,9741
6482,3041,1238,3131,9073,9642
6482,3041,1238,7818,427,4155
6482,3041,1238,1483,8540,8028
6482,3041,1238,9554,4129,4481
6482,3041,1238,8050,8049,2125
6482,3041,1238,6663,8746,9421
6482,3041,1238,6673,1438,1315
6482,3041,1238,7194,321,6304
6482,3041,1238,1963,1247,9513
6482,3041,1238,1994,4762,4957
6482,3041,1238,3930,9532,8806
6482,3041,1238,8384,971,4445
6482,3041,1238,2461,8782,8030
6482,3041,1238,5648,9344,5589
6482,3041,1238,6845,7305,2277
6482,3041,1238,3308,987,4928
6482,3041,1238,8554,6739,3819
6482,3041,1238,4883,6573,2947
6482,3041,1238,7918,9174,6759
6482,3041,1238,8056,939,8930
6482,3041,1238,4349,8275,842
6482,3041,1238,8172,1788,6878
6482,3041,1238,5769,2270,5179
6482,3041,1238,6294,4182,9596
6482,3041,1238,7153,1547,7336
6482,3041,1238,8011,8433,6473
6482,3041,1238,1694,1974,8253
6482,3041,1238,2891,693,1180
6482,3041,1238,8000,1760,3364
6482,3041,1238,3334,9432,2015
6482,3041,1238,5818,6180,1180
6482,3041,1238,2202,1024,915
6482,3041,1238,2704,7837,2961
6482,3041,1238,5337,2570,8849
6482,3041,1238,7857,7814,5926
6482,3041,1238,5891,8924,2316
6482,3041,1238,9795,1921,9378
6482,3041,1238,2444,5418,8959
6482,3041,1238,7911,4193,2435
6482,3041,1238,7319,906,6258
6482,3041,1238,2257,5528,430
6482,3041,1238,2720,1048,1106
6482,3041,1238,3063,7223,2959
6482,3041,1238,6843,3290,3883
6482,3041,1238,5468,6892,6579
6482,3041,1238,469,4122,3371
6482,3041,1238,364,5080,5698
6482,3041,1238,3647,8645,9087
6482,3041,1238,707,6386,3850
6482,3041,1238,5225,1639,1954
6482,3041,1238,1842,3578,6184
6482,3041,1238,8769,2452,4648
6482,3041,1238,7028,4286,5557
6482,3041,1238,4043,5040,9538
6482,3041,1238,1983,1846,1871
6482,3041,1238,9660,4387,4471
6482,3041,1238,2348,8565,4242
6482,3041,1238,4501,7863,2308
6482,3041,1238,7139,400,5730
6482,3041,1238,2932,3821,2088
6482,3041,1238,9872,8105,3169
6482,3041,1238,4959,587,6045
6482,3041,1238,2143,332,2476
6482,3041,1238,3230,2256,885
6482,3041,1238,6293,4533,288
6482,3041,1238,4894,7955,9600
6482,3041,1238,7611,5857,1164
6482,3041,1238,7348,8510,8551
6482,3041,1238,1127,9588,3326
6482,3041,1238,6803,9489,5315
6482,3041,1238,5325,251,1255
6482,3041,1238,8003,162,8546
6482,3041,1238,8327,5458,8556
6482,3041,1238,9057,3792,5854
6482,3041,1238,3569,8794,5843
6482,3041,1238,4254,3370,5603
6482,3041,1238,9609,9321,3947
6482,3041,1238,7797,2012,7520
6482,3041,1238,1646,8112,2541
6482,3041,1238,1868,34,572
6482,3041,1238,9790,1924,2003
6482,3041,1238,9450,5979,6055
6482,3041,1238,9794,5286,4108
6482,3041,1238,3563,869,640
6482,3041,1238,4170,1910,4773
