3839,2824,4841,6609,2259,2931
3839,2824,4841,4056,3381,9320
3839,2824,4841,1391,8723,6984
3839,2824,4841,788,5421,7707
3839,2824,4841,9471,2025,7887
3839,2824,4841,6204,2702,3915
3839,2824,4841,5424,597,2048
3839,2824,4841,4176,1072,3291
3839,2824,4841,5220,7611,661
3839,2824,4841,5606,8974,9396
3839,2824,4841,7526,3628,538
3839,2824,4841,5495,9616,9283
3839,2824,4841,6984,2020,5290
3839,2824,4841,4950,2977,1605
3839,2824,4841,3096,6836,1327
3839,2824,4841,5402,5234,8081
3839,2824,4841,2908,9273,9823
3839,2824,4841,9014,9462,204
3839,2824,4841,9360,1421,174
3839,2824,4841,6994,6671,8505
3839,2824,4841,4060,7705,1905
3839,2824,4841,9895,575,7971
3839,2824,4841,6177,7458,1397
3839,2824,4841,7306,8094,1413
3839,2824,4841,4823,7200,7374
3839,2824,4841,3973,3960,5597
3839,2824,4841,7401,6027,7593
3839,2824,4841,3415,4289,4406
3839,2824,4841,2008,8691,6032
3839,2824,4841,8996,7608,8746
3839,2824,4841,2360,934,9109
3839,2824,4841,3670,438,4556
3839,2824,4841,8918,4180,1616
3839,2824,4841,6167,9187,3680
3839,2824,4841,6641,9780,789
3839,2824,4841,8363,4423,5221
3839,2824,4841,7987,2524,4250
3839,2824,4841,5197,2250,4007
3839,2824,4841,8274,3085,8564
3839,2824,4841,2591,672,5167
3839,2824,4841,3691,2106,6644
3839,2824,4841,1588,9844,9840
3839,2824,4841,3907,2070,9414
3839,2824,4841,5500,2577,3022
3839,2824,4841,5462,2630,7338
3839,2824,4841,588,223,7368
3839,2824,4841,1965,8365,3221
3839,2824,4841,3568,1268,8955
3839,2824,4841,5809,3375,3014
3839,2824,4841,3326,4989,4096
3839,2824,4841,1566,395,5439
3839,2824,4841,7823,2162,4633
3839,2824,4841,5282,5030,6046
3839,2824,4841,6932,4009,8693
3839,2824,4841,7569,4786,4547
3839,2824,4841,1917,1143,5683
3839,2824,4841,5655,5270,7271
3839,2824,4841,7251,5277,9970
3839,2824,4841,3104,2848,3593
3839,2824,4841,9066,1173,2676
3839,2824,4841,6825,6265,5795
3839,2824,4841,8149,9779,4255
3839,2824,4841,6578,2427,528
3839,2824,4841,9064,5735,2458
3839,2824,4841,9122,3891,6961
3839,2824,4841,7173,7167,946
3839,2824,4841,8608,4254,8958
3839,2824,4841,4356,2659,4982
3839,2824,4841,3312,8220,2395
3839,2824,4841,6533,965,1695
3839,2824,4841,7040,4561,526
3839,2824,4841,3970,2009,4212
3839,2824,4841,971,3714,8863
3839,2824,4841,8298,7952,804
3839,2824,4841,8485,9053,9340
3839,2824,4841,641,7836,6575
3839,2824,4841,3409,3737,9925
3839,2824,4841,7568,660,218
3839,2824,4841,3504,4897,950
3839,2824,4841,6892,7759,9436
3839,2824,4841,3981,1032,3412
3839,2824,4841,1291,9079,2923
3839,2824,4841,1123,9463,4598
3839,2824,4841,8879,7510,1398
3839,2824,4841,126,9658,6462
3839,2824,4841,4534,9174,1561
3839,2824,4841,7060,3556,3773
3839,2824,4841,2611,9350,1637
3839,2824,4841,8440,5746,7558
3839,2824,4841,6550,6476,2500
3839,2824,4841,3553,3288,6104
3839,2824,4841,3406,5013,6659
3839,2824,4841,4775,4756,485
3839,2824,4841,2424,7446,816
3839,2824,4841,7270,5657,7631
3839,2824,4841,8226,4286,3156
3839,2824,4841,5663,244,3509
3839,2824,4841,9049,2744,1934
3839,2824,4841,8958,3953,9040
3839,2824,4841,8254,5131,9766
3839,2824,4841,4835,1881,3400
3839,2824,4841,5957,3013,4400
3839,2824,4841,8296,2485,6671
3839,2824,4841,9906,9495,7717
3839,2824,4841,9644,6796,7224
3839,2824,4841,4322,9982,2733
3839,2824,4841,4446,1798,6305
3839,2824,4841,302,8534,8296
3839,2824,4841,3689,1476,1361
3839,2824,4841,905,7218,6887
3839,2824,4841,9791,8296,8918
3839,2824,4841,3887,8715,5660
3839,2824,4841,248,8550,9948
3839,2824,4841,6914,8446,9002
3839,2824,4841,5460,768,4863
3839,2824,4841,4302,129,4287
3839,2824,4841,3284,9215,2009
3839,2824,4841,2977,8117,3263
3839,2824,4841,4496,3977,5498
3839,2824,4841,4951,2849,7610
3839,2824,4841,4592,5886,3162
3839,2824,4841,3427,2929,5153
3839,2824,4841,8847,4339,7858
3839,2824,4841,2673,7462,5874
3839,2824,4841,6321,5285,4137
3839,2824,4841,9506,3835,4844
3839,2824,4841,647,1414,2399
3839,2824,4841,3948,4351,9343
3839,2824,4841,7705,6234,452
3839,2824,4841,308,5644,9822
3839,2824,4841,888,1942,7670
3839,2824,4841,5688,8083,3949
3839,2824,4841,7991,3024,7296
3839,2824,4841,8953,4352,2181
3839,2824,4841,9485,9230,5520
3839,2824,4841,5543,6984,3665
3839,2824,4841,2706,9365,8077
3839,2824,4841,5627,7660,1018
3839,2824,4841,2334,6081,7874
3839,2824,4841,5178,9163,2011
3839,2824,4841,6366,4449,2322
3839,2824,4841,1277,7153,8811
3839,2824,4841,8021,9596,113
3839,2824,4841,399,1710,5459
3839,2824,4841,9042,8857,3924
3839,2824,4841,387,4058,4508
3839,2824,4841,2304,5119,1468
3839,2824,4841,6969,3954,2690
3839,2824,4841,7974,9524,2478
3839,2824,4841,9404,9550,5818
3839,2824,4841,6925,4257,4022
3839,2824,4841,529,3500,9609
3839,2824,4841,6421,1404,7004
3839,2824,4841,7324,9047,4198
3839,2824,4841,6712,3961,3387
3839,2824,4841,3481,1219,8145
3839,2824,4841,7804,7205,5266
3839,2824,4841,707,2333,5247
3839,2824,4841,2495,76,4457
3839,2824,4841,2221,1081,1570
3839,2824,4841,2686,1211,7965
3839,2824,4841,6403,1281,4235
3839,2824,4841,6776,1982,3153
3839,2824,4841,8233,7179,5678
3839,2824,4841,1938,9280,1583
3839,2824,4841,6538,9936,1306
3839,2824,4841,7535,2291,9339
3839,2824,4841,9944,9368,7957
3839,2824,4841,8766,1476,6189
3839,2824,4841,592,9073,5189
3839,2824,4841,8544,6607,4652
3839,2824,4841,8038,2737,4254
3839,2824,4841,6021,5112,3254
3839,2824,4841,7453,426,4969
3839,2824,4841,6599,1694,4629
3839,2824,4841,2749,8635,5153
3839,2824,4841,7833,6687,7715
3839,2824,4841,1153,1335,6521
3839,2824,4841,1370,4680,4160
3839,2824,4841,7865,1005,2552
3839,2824,4841,4888,1085,8086
3839,2824,4841,3640,836,1724
3839,2824,4841,7545,6403,3048
3839,2824,4841,2294,9758,6602
3839,2824,4841,951,6580,3550
3839,2824,4841,7257,2872,8817
3839,2824,4841,1815,1176,6995
3839,2824,4841,2995,8169,737
3839,2824,4841,4807,1988,4459
3839,2824,4841,5769,9818,9827
3839,2824,4841,1064,6326,2704
3839,2824,4841,7737,9784,7689
3839,2824,4841,5175,4875,8070
3839,2824,4841,3424,2530,3873
3839,2824,4841,8794,33,776
3839,2824,4841,9004,1410,6919
3839,2824,4841,1471,7857,3852
3839,2824,4841,6067,226,1424
3839,2824,4841,9521,8268,3248
3839,2824,4841,5448,7014,8189
3839,2824,4841,9909,7222,474
3839,2824,4841,3126,4697,8172
3839,2824,4841,1432,3455,2615
3839,2824,4841,5627,2061,2207
3839,2824,4841,969,645,300
3839,2824,4841,4959,4771,4753
3839,2824,4841,1904,9497,4714
3839,2824,4841,2501,6082,7974
3839,2824,4841,4786,2904,9964
3839,2824,4841,8099,4875,4153
3839,2824,4841,400,216,6227
3839,2824,4841,4026,7365,8023
3839,2824,4841,1986,1660,2583
3839,2824,4841,4434,6101,6862
3839,2824,4841,9962,3154,8379
3839,2824,4841,555,5604,7861
3839,2824,4841,8625,3686,4576
3839,2824,4841,6514,910,91
3839,2824,4841,830,9795,3266
3839,2824,4841,269,48,6647
3839,2824,4841,2635,2600,4040
3839,2824,4841,5068,4541,7728
3839,2824,4841,9119,4886,3026
3839,2824,4841,3753,1872,1771
3839,2824,4841,4419,5626,7432
3839,2824,4841,7128,5262,6447
3839,2824,4841,3937,1222,2336
3839,2824,4841,9065,7115,9319
3839,2824,4841,4982,1072,4624
3839,2824,4841,2861,6084,5429
3839,2824,4841,8966,7524,733
3839,2824,4841,783,275,6894
3839,2824,4841,6424,5279,7646
3839,2824,4841,464,7795,860
3839,2824,4841,7813,5997,5645
3839,2824,4841,3418,7967,3880
3839,2824,4841,7960,1271,97
3839,2824,4841,2806,5904,7702
3839,2824,4841,8071,3839,3297
3839,2824,4841,7289,420,7767
3839,2824,4841,7592,293,7655
3839,2824,4841,7853,6189,7135
3839,2824,4841,6523,1173,1597
3839,2824,4841,5756,9370,3341
3839,2824,4841,1734,9213,4756
3839,2824,4841,2034,4685,9625
3839,2824,4841,360,3767,4379
3839,2824,4841,7387,9568,9006
3839,2824,4841,7583,2955,6405
3839,2824,4841,485,5183,7002
3839,2824,4841,6352,8662,1649
3839,2824,4841,2711,6142,181
3839,2824,4841,1519,9849,3978
3839,2824,4841,7184,5461,5836
3839,2824,4841,1736,7705,84
3839,2824,4841,4055,5833,7084
3839,2824,4841,4265,1790,2234
3839,2824,4841,3105,5344,8222
3839,2824,4841,8490,7503,4348
3839,2824,4841,4252,6660,2271
3839,2824,4841,2078,4414,5649
3839,2824,4841,9008,7580,9403
3839,2824,4841,7129,8020,1369
3839,2824,4841,1521,6855,545
3839,2824,4841,9591,4137,9044
3839,2824,4841,8754,5202,2145
3839,2824,4841,7832,7178,5691
3839,2824,4841,9058,7044,2805
3839,2824,4841,5255,1567,2781
3839,2824,4841,8313,1680,1621
3839,2824,4841,6369,2101,4737
3839,2824,4841,7289,8472,9722
3839,2824,4841,4499,8503,861
3839,2824,4841,4830,268,5409
3839,2824,4841,3852,7064,5263
3839,2824,4841,4559,5581,8327
3839,2824,4841,5365,947,9530
3839,2824,4841,6894,616,6447
3839,2824,4841,3916,9575,8669
3839,2824,4841,7403,8578,905
3839,2824,4841,6353,4306,3682
3839,2824,4841,8289,5905,9572
3839,2824,4841,3048,4461,4666
3839,2824,4841,5582,8406,8492
3839,2824,4841,5422,6658,2312
3839,2824,4841,3900,8574,5543
3839,2824,4841,1901,6764,9793
3839,2824,4841,7908,7642,1780
3839,2824,4841,7185,442,8809
3839,2824,4841,3632,1562,5194
3839,2824,4841,6112,9705,2358
3839,2824,4841,9279,6153,4917
3839,2824,4841,4003,3771,6283
3839,2824,4841,3775,899,3875
3839,2824,4841,4838,7365,1697
3839,2824,4841,3498,7854,1259
3839,2824,4841,7801,6176,277
3839,2824,4841,3615,39,2097
3839,2824,4841,1623,4211,7177
3839,2824,4841,2189,650,6834
3839,2824,4841,5006,4630,3078
3839,2824,4841,2147,9540,3549
3839,2824,4841,4065,1507,412
3839,2824,4841,4806,6900,6391
3839,2824,4841,6523,1223,4660
3839,2824,4841,9375,7328,176
3839,2824,4841,5606,3561,3146
3839,2824,4841,4679,3283,573
3839,2824,4841,9193,260,694
3839,2824,4841,5488,5090,6014
3839,2824,4841,4204,1916,571
3839,2824,4841,4768,3285,2170
3839,2824,4841,3996,3930,8149
3839,2824,4841,2139,8845,4697
3839,2824,4841,503,7507,9102
3839,2824,4841,1235,2227,534
3839,2824,4841,9377,1209,5052
3839,2824,4841,4354,5487,4828
3839,2824,4841,9702,6187,2337
3839,2824,4841,9546,6476,1880
3839,2824,4841,7426,4773,7121
3839,2824,4841,782,8929,2013
3839,2824,4841,2636,7036,7463
3839,2824,4841,90,1047,64
3839,2824,4841,3707,6573,7185
3839,2824,4841,1479,8076,68
3839,2824,4841,1169,25,9121
3839,2824,4841,7096,6981,4259
3839,2824,4841,6719,440,1890
3839,2824,4841,2801,3739,2769
3839,2824,4841,8642,9633,7154
3839,2824,4841,9443,8027,8221
3839,2824,4841,3716,8944,2856
3839,2824,4841,9603,7879,1249
3839,2824,4841,5341,5587,8403
3839,2824,4841,3818,2897,9645
3839,2824,4841,6959,4202,6957
3839,2824,4841,7652,137,2718
3839,2824,4841,1091,8036,5284
3839,2824,4841,7792,7528,9099
3839,2824,4841,2562,2231,787
3839,2824,4841,6076,5932,6322
3839,2824,4841,680,3088,751
3839,2824,4841,7367,7931,5291
3839,2824,4841,1087,9401,415
3839,2824,4841,9432,1533,9923
3839,2824,4841,7210,4694,9749
3839,2824,4841,9226,7874,5988
3839,2824,4841,5531,4751,3549
3839,2824,4841,2525,7907,8256
3839,2824,4841,9588,4281,5892
3839,2824,4841,9594,3917,5107
3839,2824,4841,3951,4463,4338
3839,2824,4841,5427,7911,4388
3839,2824,4841,2607,2051,1069
3839,2824,4841,3520,5389,5567
3839,2824,4841,4128,1019,5608
3839,2824,4841,6665,4035,1766
3839,2824,4841,4043,302,8940
3839,2824,4841,2836,2755,9111
3839,2824,4841,5719,7799,5789
3839,2824,4841,307,3512,3231
3839,2824,4841,7702,7683,5383
3839,2824,4841,2569,2846,6728
3839,2824,4841,6323,4072,7145
3839,2824,4841,6104,8278,4032
3839,2824,4841,2762,1180,1533
3839,2824,4841,1275,4940,5765
3839,2824,4841,494,9501,9165
3839,2824,4841,7474,5459,6824
3839,2824,4841,7216,4106,4936
3839,2824,4841,8858,2256,2533
3839,2824,4841,1869,269,7204
3839,2824,4841,5608,7916,1812
3839,2824,4841,3479,2892,573
3839,2824,4841,8583,4116,2051
3839,2824,4841,333,3950,7036
3839,2824,4841,6887,9564,189
3839,2824,4841,1253,2210,8001
3839,2824,4841,1550,6778,9754
3839,2824,4841,3419,727,8684
3839,2824,4841,4453,7897,6903
3839,2824,4841,4200,1636,5474
3839,2824,4841,5319,7361,7102
3839,2824,4841,8982,4883,2621
3839,2824,4841,8179,5123,6015
3839,2824,4841,1458,6315,4042
3839,2824,4841,4093,7585,858
3839,2824,4841,714,1374,7246
3839,2824,4841,745,7267,1875
3839,2824,4841,1985,461,381
3839,2824,4841,2735,6025,5661
3839,2824,4841,4047,7242,817
3839,2824,4841,2871,1296,1433
3839,2824,4841,8623,8894,5279
3839,2824,4841,4187,1707,5093
3839,2824,4841,1883,2293,8375
3839,2824,4841,7101,1941,6551
3839,2824,4841,6205,2108,9522
3839,2824,4841,3238,5638,9713
3839,2824,4841,5808,3824,348
3839,2824,4841,203,3223,1155
3839,2824,4841,841,7792,1293
3839,2824,4841,8657,6416,9850
3839,2824,4841,2188,223,71
3839,2824,4841,4413,9775,4130
3839,2824,4841,4894,9574,9122
3839,2824,4841,4077,212,2587
3839,2824,4841,9091,8198,3526
3839,2824,4841,2010,3096,4684
3839,2824,4841,2,2956,3580
3839,2824,4841,2296,1454,9640
3839,2824,4841,1370,6132,8705
3839,2824,4841,8795,6210,3750
3839,2824,4841,4099,2408,6820
3839,2824,4841,3903,3972,8800
3839,2824,4841,2005,90,8067
3839,2824,4841,5643,8866,3592
3839,2824,4841,5903,9371,4379
3839,2824,4841,3539,5787,6342
3839,2824,4841,4328,2419,2304
3839,2824,4841,8421,9944,4906
3839,2824,4841,6718,2485,7646
3839,2824,4841,6197,4013,2648
3839,2824,4841,5704,4277,1654
3839,2824,4841,7922,12,3250
3839,2824,4841,8880,5401,3983
3839,2824,4841,1772,381,3201
3839,2824,4841,9654,5530,6544
3839,2824,4841,7570,9936,8397
3839,2824,4841,9093,3115,7030
3839,2824,4841,3567,2492,4687
3839,2824,4841,3452,1535,7739
3839,2824,4841,7498,886,5219
3839,2824,4841,3998,9454,2141
3839,2824,4841,8561,3237,7784
3839,2824,4841,8218,8869,4980
3839,2824,4841,4485,5592,4330
3839,2824,4841,4172,5000,9953
3839,2824,4841,5878,61,6960
3839,2824,4841,8283,7812,4045
3839,2824,4841,6327,3457,3131
3839,2824,4841,2949,2639,825
3839,2824,4841,9957,2711,5019
3839,2824,4841,2950,8494,2811
3839,2824,4841,8975,2867,9289
3839,2824,4841,5417,1654,5396
3839,2824,4841,237,2878,494
3839,2824,4841,2636,1420,3884
3839,2824,4841,9198,5049,3905
3839,2824,4841,3489,852,6516
3839,2824,4841,6665,3830,7150
3839,2824,4841,4066,3225,9803
3839,2824,4841,7998,6579,1991
3839,2824,4841,6924,8197,5329
3839,2824,4841,8151,7223,5336
3839,2824,4841,245,2623,6852
3839,2824,4841,1473,1874,1588
3839,2824,4841,4325,2303,7620
3839,2824,4841,636,5531,4336
3839,2824,4841,3240,9592,544
3839,2824,4841,1299,2541,197
3839,2824,4841,9939,6157,1793
3839,2824,4841,7460,6432,8991
3839,2824,4841,2911,7609,2880
3839,2824,4841,3060,4467,2029
3839,2824,4841,4549,2716,7182
3839,2824,4841,7383,7732,5401
3839,2824,4841,9299,6640,4238
3839,2824,4841,9860,5042,8708
3839,2824,4841,8691,5583,4418
3839,2824,4841,5012,839,3901
3839,2824,4841,3234,1850,7025
3839,2824,4841,1903,2898,1406
3839,2824,4841,1395,6271,6734
3839,2824,4841,6618,7249,47
3839,2824,4841,213,1061,7590
3839,2824,4841,5439,6093,146
3839,2824,4841,3142,7209,6111
3839,2824,4841,5564,2503,1667
3839,2824,4841,6774,3391,1192
3839,2824,4841,6632,112,3610
3839,2824,4841,9001,5317,4082
3839,2824,4841,9636,2457,4063
3839,2824,4841,171,361,8258
3839,2824,4841,6584,8319,451
3839,2824,4841,2836,863,1609
3839,2824,4841,2009,9637,433
3839,2824,4841,6112,1519,9415
3839,2824,4841,6387,5886,8941
3839,2824,4841,9225,5427,1360
3839,2824,4841,2990,3895,419
3839,2824,4841,6216,1265,7864
3839,2824,4841,6844,1033,9830
3839,2824,4841,4425,8323,533
3839,2824,4841,9970,2578,6533
3839,2824,4841,331,9103,4144
3839,2824,4841,3838,9341,1154
3839,2824,4841,6777,6242,2369
3839,2824,4841,7228,6283,1833
3839,2824,4841,7276,1492,2995
3839,2824,4841,8141,6940,5782
3839,2824,4841,7368,7161,6881
3839,2824,4841,8197,219,7465
3839,2824,4841,9511,2727,1786
3839,2824,4841,9360,7176,3062
3839,2824,4841,3753,1177,7396
3839,2824,4841,6280,3344,8639
3839,2824,4841,6595,5490,2147
3839,2824,4841,8717,7817,6858
