794,3776,8995,5589,4102,2698
794,3776,8995,9109,4658,7847
794,3776,8995,4175,8439,2407
794,3776,8995,4554,6951,9642
794,3776,8995,2094,2118,6030
794,3776,8995,2913,9168,4449
794,3776,8995,4885,2497,2043
794,3776,8995,8244,5851,4507
794,3776,8995,5839,2841,9384
794,3776,8995,6827,7678,8984
794,3776,8995,2535,4104,3368
794,3776,8995,5503,5492,9287
794,3776,8995,252,2017,1428
794,3776,8995,9981,6635,2143
794,3776,8995,3305,6263,393
794,3776,8995,1698,4143,8636
794,3776,8995,4452,7457,8409
794,3776,8995,8364,7673,7365
794,3776,8995,3707,218,3175
794,3776,8995,1547,9074,8844
794,3776,8995,7318,2722,8211
794,3776,8995,2452,7638,2322
794,3776,8995,7765,6857,8663
794,3776,8995,6092,7826,4370
794,3776,8995,3374,4845,2336
794,3776,8995,6998,3278,9641
794,3776,8995,6017,4909,3303
794,3776,8995,2426,4677,4620
794,3776,8995,9004,5574,6561
794,3776,8995,4899,866,6337
794,3776,8995,7901,8145,7514
794,3776,8995,980,9868,3723
794,3776,8995,5894,4321,8038
794,3776,8995,9896,4483,6597
794,3776,8995,2113,8283,6297
794,3776,8995,9322,2764,7787
794,3776,8995,3821,728,2696
794,3776,8995,3902,8264,3398
794,3776,8995,352,7879,4990
794,3776,8995,879,4684,4664
794,3776,8995,9573,9032,9160
794,3776,8995,2812,2085,2081
794,3776,8995,8056,5199,3053
794,3776,8995,5637,7618,9226
794,3776,8995,4828,1855,1699
794,3776,8995,2046,3670,7190
794,3776,8995,1835,5833,6066
794,3776,8995,6076,5861,2783
794,3776,8995,5622,7287,5475
794,3776,8995,6389,2067,211
794,3776,8995,3514,4826,2984
794,3776,8995,3614,2712,3242
794,3776,8995,5977,9892,8968
794,3776,8995,408,8354,8587
794,3776,8995,3727,9744,2586
794,3776,8995,555,7454,5350
794,3776,8995,6727,6527,8105
794,3776,8995,6795,9294,5425
794,3776,8995,3953,4680,9119
794,3776,8995,1578,9719,8313
794,3776,8995,6679,4959,1267
794,3776,8995,5487,5338,4078
794,3776,8995,3932,5057,8973
794,3776,8995,6309,2605,2268
794,3776,8995,4638,141,7642
794,3776,8995,3970,1284,5802
794,3776,8995,6125,8903,7819
794,3776,8995,3311,5032,1744
794,3776,8995,2378,1965,1445
794,3776,8995,6658,5723,2233
794,3776,8995,1166,3478,2326
794,3776,8995,274,605,9532
794,3776,8995,2200,216,3372
794,3776,8995,4108,8374,2118
794,3776,8995,1334,187,1242
794,3776,8995,8208,9053,917
794,3776,8995,651,6146,9737
794,3776,8995,3051,6330,3997
794,3776,8995,7612,6967,8667
794,3776,8995,6472,820,6214
794,3776,8995,7350,7525,8260
794,3776,8995,7968,2102,6150
794,3776,8995,8258,9920,1346
794,3776,8995,5321,788,2935
794,3776,8995,4551,2254,4340
794,3776,8995,8898,6828,9492
794,3776,8995,7884,9329,7024
794,3776,8995,4237,9865,3437
794,3776,8995,5442,7729,9046
794,3776,8995,7843,5268,1522
794,3776,8995,1224,478,320
794,3776,8995,6112,5349,1397
794,3776,8995,5748,3354,1145
794,3776,8995,438,9573,4262
794,3776,8995,2336,7438,4097
794,3776,8995,4042,5416,6631
794,3776,8995,1502,981,973
794,3776,8995,1923,135,2184
794,3776,8995,4877,4396,4512
794,3776,8995,1075,3685,5571
794,3776,8995,991,2082,1983
794,3776,8995,1489,7538,1335
794,3776,8995,6025,5369,8942
794,3776,8995,7106,6925,7924
794,3776,8995,6947,7511,763
794,3776,8995,3354,447,9841
794,3776,8995,4506,8265,3483
794,3776,8995,6769,8361,4805
794,3776,8995,7991,8345,6361
794,3776,8995,760,139,4545
794,3776,8995,3240,131,1644
794,3776,8995,1268,7409,2006
794,3776,8995,9189,1899,3283
794,3776,8995,583,4974,7476
794,3776,8995,5652,3627,6694
794,3776,8995,1221,3366,7555
794,3776,8995,2112,5900,2861
794,3776,8995,5951,9079,4442
794,3776,8995,409,7079,8112
794,3776,8995,1610,2827,6331
794,3776,8995,6083,3782,1715
794,3776,8995,6090,9672,8473
794,3776,8995,1852,7404,2136
794,3776,8995,4479,4236,7289
794,3776,8995,512,7531,8019
794,3776,8995,9280,5765,5698
794,3776,8995,7563,7265,6215
794,3776,8995,2389,9211,3043
794,3776,8995,6432,3588,4257
794,3776,8995,7804,3642,3897
794,3776,8995,6139,8307,6182
794,3776,8995,9316,3321,6010
794,3776,8995,4669,2356,8207
794,3776,8995,1629,2944,1327
794,3776,8995,1368,4104,8643
794,3776,8995,7413,6865,3391
794,3776,8995,1327,5335,6088
794,3776,8995,7067,8272,1796
794,3776,8995,6610,409,407
794,3776,8995,5738,3249,1768
794,3776,8995,136,4426,7365
794,3776,8995,829,8576,3135
794,3776,8995,7247,3182,2264
794,3776,8995,1893,8034,6793
794,3776,8995,7726,6575,3230
794,3776,8995,7223,5718,2347
794,3776,8995,8792,7920,4413
794,3776,8995,159,5489,2739
794,3776,8995,805,5256,8138
794,3776,8995,4969,963,8868
794,3776,8995,2462,6426,1811
794,3776,8995,3595,8599,6634
794,3776,8995,4010,4907,8350
794,3776,8995,8430,7701,135
794,3776,8995,6998,1136,5616
794,3776,8995,1064,3553,1233
794,3776,8995,5486,2557,1998
794,3776,8995,8419,2723,6695
794,3776,8995,7779,8565,2810
794,3776,8995,3725,8374,6790
794,3776,8995,8351,3340,5064
794,3776,8995,2766,7113,796
794,3776,8995,9884,1067,6511
794,3776,8995,3938,7154,4370
794,3776,8995,8569,2486,7901
794,3776,8995,3373,3105,3418
794,3776,8995,6552,7871,5147
794,3776,8995,1421,3717,4558
794,3776,8995,3039,7198,4011
794,3776,8995,9316,8829,617
794,3776,8995,786,4385,5310
794,3776,8995,5634,5830,4093
794,3776,8995,804,5841,1031
794,3776,8995,965,3548,4297
794,3776,8995,3616,2381,2236
794,3776,8995,3390,9820,2669
794,3776,8995,5806,1806,5269
794,3776,8995,990,8114,937
794,3776,8995,4375,879,6031
794,3776,8995,7125,4545,2183
794,3776,8995,6733,9280,893
794,3776,8995,7499,5831,293
794,3776,8995,1977,9038,465
794,3776,8995,1681,8250,6980
794,3776,8995,2094,8645,5586
794,3776,8995,546,4883,9690
794,3776,8995,2679,9600,6476
794,3776,8995,7923,121,6237
794,3776,8995,6844,7873,2723
794,3776,8995,5481,3898,691
794,3776,8995,7705,5542,9719
794,3776,8995,563,1810,2111
794,3776,8995,883,9649,8203
794,3776,8995,2190,8730,4767
794,3776,8995,2716,9684,928
794,3776,8995,6580,1037,5385
794,3776,8995,627,5913,3613
794,3776,8995,7354,2637,8916
794,3776,8995,2148,1250,8046
794,3776,8995,1540,2293,8147
794,3776,8995,9630,7108,7572
794,3776,8995,1472,7003,3367
794,3776,8995,5566,5667,9938
794,3776,8995,7156,8757,45
794,3776,8995,8857,9930,3681
794,3776,8995,9129,705,1691
794,3776,8995,9601,4277,2249
794,3776,8995,4876,4161,384
794,3776,8995,2600,3982,8342
794,3776,8995,567,5509,2257
794,3776,8995,7457,1800,5278
794,3776,8995,9509,6652,4541
794,3776,8995,6292,1745,8186
794,3776,8995,4241,5929,3117
794,3776,8995,9108,9160,8977
794,3776,8995,7796,2713,1417
794,3776,8995,9494,6380,4335
794,3776,8995,7646,3089,8048
794,3776,8995,7088,1156,4619
794,3776,8995,9207,1656,1060
794,3776,8995,9637,7113,811
794,3776,8995,956,2135,9664
794,3776,8995,5516,7866,1706
794,3776,8995,6071,8084,3156
794,3776,8995,2472,4021,5223
794,3776,8995,6403,3503,1841
794,3776,8995,9751,6564,1451
794,3776,8995,1051,7413,9375
794,3776,8995,7316,6908,9730
794,3776,8995,6491,5526,9716
794,3776,8995,7727,9914,2725
794,3776,8995,1817,455,9466
794,3776,8995,5613,2441,6232
794,3776,8995,5727,3776,7531
794,3776,8995,381,9838,6987
794,3776,8995,4257,1869,4363
794,3776,8995,5077,1493,5180
794,3776,8995,7989,9909,6482
794,3776,8995,9280,9160,9194
794,3776,8995,9484,6666,6613
794,3776,8995,7894,655,8420
794,3776,8995,975,7417,8783
794,3776,8995,7230,4976,2815
794,3776,8995,9285,1695,5329
794,3776,8995,1070,979,4834
794,3776,8995,7665,1744,7921
794,3776,8995,7726,4808,8280
794,3776,8995,2720,4805,6232
794,3776,8995,9271,1635,1721
794,3776,8995,4451,9364,2464
794,3776,8995,292,5955,4517
794,3776,8995,7655,3156,5525
794,3776,8995,3064,5884,7234
794,3776,8995,6211,6182,6839
794,3776,8995,909,4037,6351
794,3776,8995,345,9384,6665
794,3776,8995,2693,4380,3847
794,3776,8995,4871,3887,1139
794,3776,8995,1631,9204,7786
794,3776,8995,1702,1176,2966
794,3776,8995,2571,1737,2882
794,3776,8995,3141,6033,7963
794,3776,8995,7087,5225,2027
794,3776,8995,84,3810,5588
794,3776,8995,5218,7035,6632
794,3776,8995,1443,7878,9664
794,3776,8995,847,8442,8661
794,3776,8995,8229,8930,5596
794,3776,8995,7045,3980,9748
794,3776,8995,7451,2397,5622
794,3776,8995,1346,9397,4556
794,3776,8995,4980,848,857
794,3776,8995,9087,9215,8115
794,3776,8995,7038,646,7432
794,3776,8995,5312,8192,2135
794,3776,8995,4482,1719,2589
794,3776,8995,4953,456,3400
794,3776,8995,109,488,848
794,3776,8995,3615,8107,3831
794,3776,8995,1047,7187,3786
794,3776,8995,8250,3819,9576
794,3776,8995,8081,9320,5404
794,3776,8995,796,6759,5199
794,3776,8995,1031,4281,42
794,3776,8995,7703,3595,9088
794,3776,8995,683,5580,1794
794,3776,8995,4008,1125,5390
794,3776,8995,3394,654,9218
794,3776,8995,5144,1756,8072
794,3776,8995,4004,2811,6685
794,3776,8995,7356,4706,4321
794,3776,8995,2478,9012,5557
794,3776,8995,3102,2671,3960
794,3776,8995,7810,9386,2867
794,3776,8995,7569,482,3231
794,3776,8995,8333,6158,4915
794,3776,8995,6125,3594,2354
794,3776,8995,9608,437,6292
794,3776,8995,1510,3368,7327
794,3776,8995,2930,3213,6619
794,3776,8995,8226,5354,1893
794,3776,8995,8333,8025,988
794,3776,8995,1289,4760,5793
794,3776,8995,3864,1928,2409
794,3776,8995,2713,9602,6989
794,3776,8995,4605,3750,7258
794,3776,8995,441,3135,5224
794,3776,8995,7368,5516,799
794,3776,8995,8698,3154,7165
794,3776,8995,2692,360,9388
794,3776,8995,7363,5712,1691
794,3776,8995,2818,2086,9821
794,3776,8995,3265,516,1759
794,3776,8995,8823,5520,3014
794,3776,8995,5857,7823,6772
794,3776,8995,8469,3752,4617
794,3776,8995,3239,5377,46
794,3776,8995,2205,3787,7019
794,3776,8995,36,7984,2602
794,3776,8995,8476,8353,7309
794,3776,8995,6241,4901,6547
794,3776,8995,7342,7695,7118
794,3776,8995,2518,6239,2303
794,3776,8995,4683,642,6502
794,3776,8995,7153,7154,6969
794,3776,8995,8136,994,6190
794,3776,8995,8979,9215,9731
794,3776,8995,2247,952,5900
794,3776,8995,5586,4950,3432
794,3776,8995,2259,2794,6897
794,3776,8995,8360,4405,8994
794,3776,8995,1025,1312,1490
794,3776,8995,839,3290,6008
794,3776,8995,4892,4577,4603
794,3776,8995,8879,5353,3186
794,3776,8995,9840,6528,8013
794,3776,8995,1902,4205,1332
794,3776,8995,4476,1693,5668
794,3776,8995,4622,2965,8608
794,3776,8995,9772,1461,4227
794,3776,8995,2131,293,7630
794,3776,8995,6484,7193,8519
794,3776,8995,5021,8387,3639
794,3776,8995,4644,2644,2194
794,3776,8995,1005,3861,9114
794,3776,8995,3004,1782,2286
794,3776,8995,3266,7560,4115
794,3776,8995,1655,4734,2073
794,3776,8995,311,8067,7510
794,3776,8995,31,5075,385
794,3776,8995,9930,9150,536
794,3776,8995,5098,6022,5207
794,3776,8995,9780,2369,823
794,3776,8995,4751,9312,1800
794,3776,8995,4432,8,3299
794,3776,8995,23,14,5885
794,3776,8995,3663,7658,3817
794,3776,8995,5932,5443,1070
794,3776,8995,1983,7555,1550
794,3776,8995,1420,1762,4598
794,3776,8995,9404,7069,4885
794,3776,8995,3552,2998,795
794,3776,8995,4495,3163,1341
794,3776,8995,5976,4717,1969
794,3776,8995,797,9656,7845
794,3776,8995,4198,1478,2838
794,3776,8995,6802,9868,6451
794,3776,8995,8353,6300,2823
794,3776,8995,512,8285,9247
794,3776,8995,8395,1678,5954
794,3776,8995,7811,9636,3168
794,3776,8995,9722,3031,2836
794,3776,8995,1653,9235,1205
794,3776,8995,8510,8239,6486
794,3776,8995,8063,3105,6939
794,3776,8995,5643,4944,8195
794,3776,8995,6416,8973,9717
794,3776,8995,9156,3258,4299
794,3776,8995,4443,1130,2780
794,3776,8995,5349,7535,746
794,3776,8995,3940,4132,5212
794,3776,8995,5025,5344,951
794,3776,8995,3771,6822,7788
794,3776,8995,9430,8120,4572
794,3776,8995,9587,9290,5410
794,3776,8995,5373,5961,5626
794,3776,8995,9162,9569,9209
794,3776,8995,8839,8694,1696
794,3776,8995,874,8849,9476
794,3776,8995,1533,4011,1977
794,3776,8995,9647,1640,6243
794,3776,8995,9514,6171,6792
794,3776,8995,9281,929,4699
794,3776,8995,112,2225,3961
794,3776,8995,9875,6934,6142
794,3776,8995,8280,5013,6848
794,3776,8995,2881,4322,6411
794,3776,8995,3273,176,5635
794,3776,8995,3536,4988,4659
794,3776,8995,7542,5792,6391
794,3776,8995,4587,7551,8713
794,3776,8995,7743,2432,6287
794,3776,8995,4070,3771,3573
794,3776,8995,7087,1182,5495
794,3776,8995,3487,4685,1782
794,3776,8995,5986,4825,4183
794,3776,8995,1124,5101,8528
794,3776,8995,9334,580,3287
794,3776,8995,3618,5403,3822
794,3776,8995,9495,2736,4769
794,3776,8995,1143,3087,3148
794,3776,8995,1945,7304,3856
794,3776,8995,6749,7196,1454
794,3776,8995,7444,2400,6367
794,3776,8995,5854,2452,2176
794,3776,8995,7597,9304,7542
794,3776,8995,8999,7289,7117
794,3776,8995,6052,336,1581
794,3776,8995,317,4956,3273
794,3776,8995,374,7826,3539
794,3776,8995,7188,4372,4930
794,3776,8995,230,596,3676
794,3776,8995,8440,2596,9422
794,3776,8995,4308,2718,6765
794,3776,8995,556,3692,8964
794,3776,8995,4101,2053,2398
794,3776,8995,2051,4303,4666
794,3776,8995,3937,9008,2296
794,3776,8995,4754,8262,6680
794,3776,8995,6312,7848,5485
794,3776,8995,9523,8239,7783
794,3776,8995,3549,7767,5464
794,3776,8995,4500,1970,6074
794,3776,8995,5681,7890,4938
794,3776,8995,6553,777,9025
794,3776,8995,8666,8636,330
794,3776,8995,4895,7976,8183
794,3776,8995,1868,7533,9854
794,3776,8995,8743,7046,9261
794,3776,8995,1422,7468,8720
794,3776,8995,9705,9277,1661
794,3776,8995,404,2420,2065
794,3776,8995,8087,3672,5713
794,3776,8995,6450,2874,6972
794,3776,8995,5930,9035,3085
794,3776,8995,5122,8776,4961
794,3776,8995,910,9650,8798
794,3776,8995,9642,3332,9124
794,3776,8995,591,2339,7873
794,3776,8995,6755,7082,5240
794,3776,8995,7021,2983,84
794,3776,8995,9317,4763,8721
794,3776,8995,4995,7700,5402
794,3776,8995,2779,7548,3191
794,3776,8995,9936,2228,7034
794,3776,8995,2022,9413,5262
794,3776,8995,493,2266,7249
794,3776,8995,9101,4878,2785
794,3776,8995,3159,2088,1786
794,3776,8995,7448,7759,2595
794,3776,8995,9065,5970,2708
794,3776,8995,7512,3178,641
794,3776,8995,6498,9244,4301
794,3776,8995,1911,6291,730
794,3776,8995,1480,7811,4567
794,3776,8995,1697,5695,5580
794,3776,8995,1199,2240,373
794,3776,8995,4444,1018,8570
794,3776,8995,2809,7496,6122
794,3776,8995,9701,8375,2781
794,3776,8995,8007,7092,8541
794,3776,8995,5997,1485,1356
794,3776,8995,1043,9805,3462
794,3776,8995,666,2221,1446
794,3776,8995,4885,2223,4618
794,3776,8995,6586,2466,7553
794,3776,8995,8,3868,6975
794,3776,8995,1116,9698,5920
794,3776,8995,6847,7773,1518
794,3776,8995,6356,8796,4425
794,3776,8995,2746,6841,5461
794,3776,8995,6369,112,4869
794,3776,8995,7166,8536,9826
794,3776,8995,3304,4711,2425
794,3776,8995,4614,7999,9316
794,3776,8995,438,4493,3238
794,3776,8995,7962,1713,7272
794,3776,8995,6906,7433,8128
794,3776,8995,3706,4011,3271
794,3776,8995,6262,5191,2922
794,3776,8995,6803,8038,6014
794,3776,8995,8118,4171,6
794,3776,8995,8691,1490,206
794,3776,8995,3986,6525,9178
794,3776,8995,3365,2281,2279
794,3776,8995,1663,8059,6862
794,3776,8995,215,8063,5411
794,3776,8995,673,5503,7741
794,3776,8995,8498,5417,6405
794,3776,8995,4080,7467,5033
794,3776,8995,5812,4747,1814
794,3776,8995,6548,1983,2596
794,3776,8995,3449,4055,4111
794,3776,8995,6239,8508,3739
794,3776,8995,1676,7581,6163
794,3776,8995,8115,6770,1072
794,3776,8995,3609,5317,8804
794,3776,8995,5462,4850,5317
794,3776,8995,4737,2744,3993
794,3776,8995,962,8208,3860
