8564,8101,2497,7519,320,1370
8564,8101,2497,9520,4440,4386
8564,8101,2497,6417,4794,402
8564,8101,2497,4811,8065,6761
8564,8101,2497,2061,7739,7048
8564,8101,2497,5177,2039,1635
8564,8101,2497,9573,2829,8992
8564,8101,2497,4097,5325,7129
8564,8101,2497,3923,4424,92
8564,8101,2497,9963,5473,799
8564,8101,2497,5657,6414,3229
8564,8101,2497,23,4552,7165
8564,8101,2497,6689,8261,1087
8564,8101,2497,8532,9687,8683
8564,8101,2497,3424,2975,9650
8564,8101,2497,641,4204,6268
8564,8101,2497,3834,1767,2312
8564,8101,2497,4999,8644,4897
8564,8101,2497,5890,4787,3165
8564,8101,2497,9526,9810,6871
8564,8101,2497,2541,1566,3032
8564,8101,2497,4321,0,8264
8564,8101,2497,6413,3474,4654
8564,8101,2497,4636,9566,2346
8564,8101,2497,2874,6720,3871
8564,8101,2497,4333,2646,6775
8564,8101,2497,3650,4126,6105
8564,8101,2497,2932,7995,3748
8564,8101,2497,1363,4103,8813
8564,8101,2497,7418,7807,5979
8564,8101,2497,8436,7305,1992
8564,8101,2497,516,8793,8524
8564,8101,2497,7841,423,4541
8564,8101,2497,5701,3217,6846
8564,8101,2497,6620,9392,7206
8564,8101,2497,8508,1129,5
8564,8101,2497,6274,1826,4716
8564,8101,2497,4390,4908,6680
8564,8101,2497,5777,851,8369
8564,8101,2497,8523,4016,7380
8564,8101,2497,8415,5907,3217
8564,8101,2497,1756,2275,3338
8564,8101,2497,8931,4551,8582
8564,8101,2497,3450,9384,3544
8564,8101,2497,3843,3652,6177
8564,8101,2497,6137,7181,8644
8564,8101,2497,7216,7483,8298
8564,8101,2497,8906,9881,1426
8564,8101,2497,3476,8130,5850
8564,8101,2497,9874,3330,4608
8564,8101,2497,241,3761,9749
8564,8101,2497,8332,8152,1241
8564,8101,2497,2461,2297,3595
8564,8101,2497,4781,6520,508
8564,8101,2497,7455,7221,9336
8564,8101,2497,4015,5961,8133
8564,8101,2497,9889,2983,5135
8564,8101,2497,2981,6348,553
8564,8101,2497,3663,5661,4419
8564,8101,2497,6071,6531,1345
8564,8101,2497,1324,9256,5882
8564,8101,2497,1123,3366,8054
8564,8101,2497,411,2643,49
8564,8101,2497,9804,1570,1970
8564,8101,2497,9574,6511,6477
8564,8101,2497,240,7917,4678
8564,8101,2497,8686,7106,8755
8564,8101,2497,931,4891,5463
8564,8101,2497,2232,8660,4982
8564,8101,2497,851,9091,2045
8564,8101,2497,826,7732,3552
8564,8101,2497,3597,6362,612
8564,8101,2497,8315,6450,2540
8564,8101,2497,8945,7020,8695
8564,8101,2497,61,7014,8858
8564,8101,2497,8004,748,4096
8564,8101,2497,9199,6627,4082
8564,8101,2497,9820,9646,6599
8564,8101,2497,634,8729,2020
8564,8101,2497,1870,674,6334
8564,8101,2497,4262,9062,5840
8564,8101,2497,2933,9521,4255
8564,8101,2497,4671,9490,7593
8564,8101,2497,8360,9491,2889
8564,8101,2497,1339,9978,7470
8564,8101,2497,1856,2291,8536
8564,8101,2497,6586,5804,4873
8564,8101,2497,6528,8858,8535
8564,8101,2497,2138,8951,4981
8564,8101,2497,3905,6359,3347
8564,8101,2497,1689,8142,6253
8564,8101,2497,1454,7025,2947
8564,8101,2497,3911,57,6278
8564,8101,2497,7626,6230,3043
8564,8101,2497,5750,4739,242
8564,8101,2497,6783,6868,3102
8564,8101,2497,9875,249,2005
8564,8101,2497,4897,8855,9190
8564,8101,2497,9644,6188,7474
8564,8101,2497,7873,5545,7844
8564,8101,2497,7633,6011,1232
8564,8101,2497,3716,4521,8976
8564,8101,2497,6665,3507,2000
8564,8101,2497,6992,6123,4859
8564,8101,2497,8658,5829,8682
8564,8101,2497,5329,1117,3034
8564,8101,2497,8943,8620,9756
8564,8101,2497,8011,4320,7594
8564,8101,2497,265,687,7112
8564,8101,2497,2386,7069,2178
8564,8101,2497,1104,6221,5209
8564,8101,2497,6778,182,7947
8564,8101,2497,1341,8501,2594
8564,8101,2497,1827,830,1066
8564,8101,2497,1,1517,5260
8564,8101,2497,1679,8418,1353
8564,8101,2497,5249,2946,6998
8564,8101,2497,532,5963,6227
8564,8101,2497,7966,708,3425
8564,8101,2497,7126,5237,8430
8564,8101,2497,5845,7058,5367
8564,8101,2497,3638,6438,7482
8564,8101,2497,8002,4961,1242
8564,8101,2497,9971,3293,3173
8564,8101,2497,4632,503,9087
8564,8101,2497,4681,6049,240
8564,8101,2497,5055,8898,1326
8564,8101,2497,6306,2511,5517
8564,8101,2497,3407,9298,5336
8564,8101,2497,4891,9613,2399
8564,8101,2497,5549,6391,2584
8564,8101,2497,6997,362,8709
8564,8101,2497,6817,3430,8170
8564,8101,2497,9077,9758,3480
8564,8101,2497,5681,2901,301
8564,8101,2497,7979,2091,5169
8564,8101,2497,5677,3090,531
8564,8101,2497,7325,7486,2435
8564,8101,2497,8147,1491,2673
8564,8101,2497,1499,6764,4082
8564,8101,2497,429,3245,256
8564,8101,2497,745,9422,4316
8564,8101,2497,3134,3700,8078
8564,8101,2497,1088,766,2305
8564,8101,2497,9783,2752,4674
8564,8101,2497,4118,4977,6807
8564,8101,2497,9782,1347,4505
8564,8101,2497,6791,8304,7890
8564,8101,2497,3128,8854,6997
8564,8101,2497,6211,8276,9432
8564,8101,2497,5970,8907,1567
8564,8101,2497,8699,6346,1610
8564,8101,2497,8654,9163,6359
8564,8101,2497,5633,3270,7710
8564,8101,2497,377,4826,1562
8564,8101,2497,8393,5443,3252
8564,8101,2497,3670,5814,7909
8564,8101,2497,6105,3445,4903
8564,8101,2497,9369,1629,7895
8564,8101,2497,1853,7127,3044
8564,8101,2497,9434,380,5730
8564,8101,2497,6284,7106,2229
8564,8101,2497,4230,832,7311
8564,8101,2497,7276,3350,7908
8564,8101,2497,5453,2255,62
8564,8101,2497,1721,8123,6742
8564,8101,2497,4197,4481,2228
8564,8101,2497,3822,1423,8208
8564,8101,2497,8890,5804,1472
8564,8101,2497,1970,6391,5016
8564,8101,2497,3148,4634,1860
8564,8101,2497,6747,7641,1887
8564,8101,2497,9100,2882,9241
8564,8101,2497,9382,1503,9990
8564,8101,2497,521,950,6337
8564,8101,2497,6107,5258,2687
8564,8101,2497,2178,1744,7062
8564,8101,2497,3154,3884,1752
8564,8101,2497,8473,6815,9543
8564,8101,2497,255,61,7706
8564,8101,2497,8709,9938,5812
8564,8101,2497,6686,7477,8574
8564,8101,2497,2400,5309,1439
8564,8101,2497,8031,5517,2209
8564,8101,2497,8232,5830,9622
8564,8101,2497,5531,5580,745
8564,8101,2497,206,5844,4959
8564,8101,2497,3494,4252,1598
8564,8101,2497,8688,27,8627
8564,8101,2497,2826,9817,8594
8564,8101,2497,5957,2049,2083
8564,8101,2497,278,2671,2085
8564,8101,2497,1892,2127,7413
8564,8101,2497,3743,3890,2681
8564,8101,2497,1940,2254,6183
8564,8101,2497,1906,6352,7557
8564,8101,2497,1113,8464,8936
8564,8101,2497,4525,7877,7635
8564,8101,2497,6934,5782,1131
8564,8101,2497,4373,98,9860
8564,8101,2497,4051,4142,7994
8564,8101,2497,394,3243,4502
8564,8101,2497,6764,5138,2263
8564,8101,2497,8728,8154,832
8564,8101,2497,8256,9592,1263
8564,8101,2497,2692,8311,5520
8564,8101,2497,1987,3091,3075
8564,8101,2497,5438,4153,3848
8564,8101,2497,429,9002,8022
8564,8101,2497,336,8491,2612
8564,8101,2497,2277,4223,1903
8564,8101,2497,3794,2384,4750
8564,8101,2497,1613,7911,2323
8564,8101,2497,3709,7230,6414
8564,8101,2497,2545,1294,8738
8564,8101,2497,5670,4516,3243
8564,8101,2497,9875,466,1682
8564,8101,2497,1606,423,2440
8564,8101,2497,5298,5362,4183
8564,8101,2497,6391,7824,5231
8564,8101,2497,9239,3375,8035
8564,8101,2497,5883,6418,802
8564,8101,2497,3823,8730,7519
8564,8101,2497,4159,6876,6362
8564,8101,2497,6944,765,1235
8564,8101,2497,6681,8237,3778
8564,8101,2497,266,5496,8553
8564,8101,2497,3265,4403,9461
8564,8101,2497,1952,3593,8824
8564,8101,2497,995,5433,3737
8564,8101,2497,8504,8641,9225
8564,8101,2497,3360,5165,4899
8564,8101,2497,9258,7679,7622
8564,8101,2497,3829,452,1750
8564,8101,2497,4158,6822,2234
8564,8101,2497,6117,8749,7997
8564,8101,2497,2883,1900,8583
8564,8101,2497,1227,2162,8688
8564,8101,2497,8462,2693,3219
8564,8101,2497,9239,5478,168
8564,8101,2497,1505,6742,7435
8564,8101,2497,2842,1160,5435
8564,8101,2497,9476,8860,5082
8564,8101,2497,6982,2502,8419
8564,8101,2497,9905,3245,8540
8564,8101,2497,1576,7086,2980
8564,8101,2497,3767,8087,1711
8564,8101,2497,8794,3366,4329
8564,8101,2497,6019,9529,4370
8564,8101,2497,5730,7090,1166
8564,8101,2497,8742,815,2493
8564,8101,2497,4814,9362,2482
8564,8101,2497,6190,965,6998
8564,8101,2497,2542,1713,351
8564,8101,2497,113,9103,1931
8564,8101,2497,8377,6241,9401
8564,8101,2497,4580,965,9201
8564,8101,2497,3330,9963,1610
8564,8101,2497,7239,1133,8194
8564,8101,2497,4597,842,5869
8564,8101,2497,7752,5767,3490
8564,8101,2497,1421,2316,1998
8564,8101,2497,4502,9689,7682
8564,8101,2497,9463,4901,1814
8564,8101,2497,1114,9171,1680
8564,8101,2497,2627,443,3398
8564,8101,2497,5593,8049,2913
8564,8101,2497,356,316,6173
8564,8101,2497,5370,5106,1559
8564,8101,2497,31,5471,950
8564,8101,2497,570,450,9411
8564,8101,2497,57,4744,2351
8564,8101,2497,3855,2929,2728
8564,8101,2497,189,1721,4904
8564,8101,2497,9887,6519,173
8564,8101,2497,4050,7046,2322
8564,8101,2497,8559,825,7355
8564,8101,2497,7472,4877,1633
8564,8101,2497,9417,6982,3472
8564,8101,2497,4478,7625,2717
8564,8101,2497,6932,1111,217
8564,8101,2497,1964,912,1588
8564,8101,2497,3406,6045,8007
8564,8101,2497,2369,7504,6277
8564,8101,2497,6290,4769,1235
8564,8101,2497,9764,9075,2405
8564,8101,2497,5181,6464,2796
8564,8101,2497,787,3258,4811
8564,8101,2497,6332,7676,8290
8564,8101,2497,3195,8355,3027
8564,8101,2497,848,4737,6370
8564,8101,2497,4528,5584,7205
8564,8101,2497,442,6917,3158
8564,8101,2497,29,7893,5463
8564,8101,2497,6681,7537,2827
8564,8101,2497,58,7825,5111
8564,8101,2497,8386,5952,9526
8564,8101,2497,572,283,913
8564,8101,2497,4335,9150,1385
8564,8101,2497,7434,8570,7017
8564,8101,2497,1337,9633,7483
8564,8101,2497,7656,946,4806
8564,8101,2497,6685,6232,7230
8564,8101,2497,5542,2979,9584
8564,8101,2497,3761,4520,4137
8564,8101,2497,575,9728,4012
8564,8101,2497,9798,3414,2659
8564,8101,2497,3048,9107,2231
8564,8101,2497,9103,2148,5315
8564,8101,2497,3440,7636,2295
8564,8101,2497,958,4721,2356
8564,8101,2497,4867,8349,6214
8564,8101,2497,2222,9317,4749
8564,8101,2497,2148,4402,4062
8564,8101,2497,7886,9982,584
8564,8101,2497,5726,5334,6533
8564,8101,2497,6052,3673,7714
8564,8101,2497,4312,588,6342
8564,8101,2497,975,1992,9192
8564,8101,2497,7410,4475,791
8564,8101,2497,8421,664,6665
8564,8101,2497,965,1239,4764
8564,8101,2497,2171,2500,4508
8564,8101,2497,4572,9920,4204
8564,8101,2497,219,4710,1754
8564,8101,2497,8685,2035,8066
8564,8101,2497,8807,5414,6095
8564,8101,2497,7988,7163,3049
8564,8101,2497,4626,8809,7620
8564,8101,2497,2978,3155,789
8564,8101,2497,2816,4699,8069
8564,8101,2497,641,5551,9334
8564,8101,2497,5408,495,1304
8564,8101,2497,2953,4203,9382
8564,8101,2497,1178,9275,3695
8564,8101,2497,4904,7287,5449
8564,8101,2497,694,516,2944
8564,8101,2497,1449,8493,4446
8564,8101,2497,2216,3842,9903
8564,8101,2497,475,8936,9320
8564,8101,2497,3308,6059,839
8564,8101,2497,1183,6604,9839
8564,8101,2497,1104,323,2087
8564,8101,2497,9513,2455,224
8564,8101,2497,3530,5922,6964
8564,8101,2497,6951,2616,102
8564,8101,2497,9150,1885,7574
8564,8101,2497,5270,9794,2046
8564,8101,2497,2939,7643,6496
8564,8101,2497,8841,1218,8147
8564,8101,2497,4579,8677,6191
8564,8101,2497,4936,2486,550
8564,8101,2497,6383,3287,9662
8564,8101,2497,7435,1829,6910
8564,8101,2497,1180,4341,1717
8564,8101,2497,1040,4481,1344
8564,8101,2497,5458,6877,8563
8564,8101,2497,4036,319,9224
8564,8101,2497,8460,7755,9287
8564,8101,2497,4231,5247,1483
8564,8101,2497,438,4446,2227
8564,8101,2497,7917,8993,3292
8564,8101,2497,3451,5394,3570
8564,8101,2497,5255,8619,706
8564,8101,2497,8123,3650,3530
8564,8101,2497,1171,7050,8714
8564,8101,2497,5399,8168,3249
8564,8101,2497,9003,5954,2246
8564,8101,2497,9661,6606,5816
8564,8101,2497,4466,735,7635
8564,8101,2497,1791,9483,7630
8564,8101,2497,7989,4865,5319
8564,8101,2497,4526,9269,9895
8564,8101,2497,8492,8315,222
8564,8101,2497,5956,5402,9693
8564,8101,2497,702,1460,5603
8564,8101,2497,9117,7045,9156
8564,8101,2497,9608,3963,3768
8564,8101,2497,2334,4345,6686
8564,8101,2497,1529,1924,2595
8564,8101,2497,5085,1301,9293
8564,8101,2497,8164,7997,1509
8564,8101,2497,9664,2407,5961
8564,8101,2497,9629,9071,4500
8564,8101,2497,838,4248,604
8564,8101,2497,5412,9169,5716
8564,8101,2497,2953,7690,7017
8564,8101,2497,6712,8050,2811
8564,8101,2497,6061,3749,9024
8564,8101,2497,6911,524,3547
8564,8101,2497,9813,7132,7916
8564,8101,2497,4969,4747,7760
8564,8101,2497,412,4352,2639
8564,8101,2497,1241,4415,4491
8564,8101,2497,946,5868,2995
8564,8101,2497,4709,889,6695
8564,8101,2497,626,4243,5116
8564,8101,2497,5674,9934,3669
8564,8101,2497,5616,5667,4574
8564,8101,2497,6353,412,6607
8564,8101,2497,3627,9895,8889
8564,8101,2497,2511,8156,9750
8564,8101,2497,2903,2139,4180
8564,8101,2497,6729,9231,4849
8564,8101,2497,5226,3537,8993
8564,8101,2497,2824,55,5816
8564,8101,2497,1671,2987,4875
8564,8101,2497,9183,5218,6302
8564,8101,2497,6394,54,3559
8564,8101,2497,9439,3887,8829
8564,8101,2497,1843,6358,4205
8564,8101,2497,7507,8886,513
8564,8101,2497,3412,5941,8861
8564,8101,2497,2558,8194,6685
8564,8101,2497,3886,3915,615
8564,8101,2497,1967,9809,831
8564,8101,2497,6884,1139,2791
8564,8101,2497,3715,9293,3692
8564,8101,2497,7946,1211,7771
8564,8101,2497,5039,7362,3794
8564,8101,2497,1976,1337,2675
8564,8101,2497,5932,9217,7112
8564,8101,2497,191,4064,3086
8564,8101,2497,7498,3848,1780
8564,8101,2497,7240,1284,9099
8564,8101,2497,7981,735,84
8564,8101,2497,3288,3192,3253
8564,8101,2497,3568,5131,7697
8564,8101,2497,8356,6637,7370
8564,8101,2497,2491,4780,1433
8564,8101,2497,6924,4668,1643
8564,8101,2497,9514,4478,4107
8564,8101,2497,8337,4937,98
8564,8101,2497,4353,9386,7073
8564,8101,2497,2128,5660,2072
8564,8101,2497,5105,2371,2889
8564,8101,2497,5713,1268,9172
8564,8101,2497,4348,3566,5226
8564,8101,2497,4749,4445,7937
8564,8101,2497,1797,9427,9996
8564,8101,2497,1756,7922,6462
8564,8101,2497,1275,2909,6456
8564,8101,2497,9011,7408,8175
8564,8101,2497,3258,8675,2483
8564,8101,2497,3663,6638,3230
8564,8101,2497,4509,6338,3737
8564,8101,2497,181,2466,5006
8564,8101,2497,3860,9827,793
8564,8101,2497,5708,3742,4632
8564,8101,2497,3705,1363,2560
8564,8101,2497,2652,9195,7442
8564,8101,2497,2737,5609,8907
8564,8101,2497,9177,9890,2117
8564,8101,2497,1507,7480,3962
8564,8101,2497,9482,7673,7146
8564,8101,2497,9755,4239,1446
8564,8101,2497,2955,7044,7724
8564,8101,2497,6727,9908,2512
8564,8101,2497,6958,9146,5381
8564,8101,2497,5239,6376,6617
8564,8101,2497,5726,6053,3746
8564,8101,2497,4807,9737,1591
8564,8101,2497,1950,7642,8859
8564,8101,2497,2792,9862,5964
8564,8101,2497,5042,6627,7742
8564,8101,2497,3518,4028,8057
8564,8101,2497,2804,6985,876
8564,8101,2497,6352,7009,4317
8564,8101,2497,7676,9933,1609
8564,8101,2497,9668,9577,4761
8564,8101,2497,6555,11,1310
8564,8101,2497,4129,9220,9578
8564,8101,2497,788,5975,4250
8564,8101,2497,6056,1066,7320
8564,8101,2497,9490,9462,445
8564,8101,2497,2857,2292,5418
8564,8101,2497,4347,9957,3731
8564,8101,2497,7081,6407,25
8564,8101,2497,2620,5804,9112
8564,8101,2497,1609,7804,4808
8564,8101,2497,5522,1258,8695
8564,8101,2497,965,8836,1351
8564,8101,2497,6200,205,6823
8564,8101,2497,7077,4087,550
8564,8101,2497,2166,5422,6951
8564,8101,2497,5931,7812,4058
8564,8101,2497,9293,3310,5707
8564,8101,2497,1918,606,2031
8564,8101,2497,6271,3266,427
8564,8101,2497,4431,3148,9863
8564,8101,2497,545,5334,4459
8564,8101,2497,8639,8270,1246
8564,8101,2497,6585,4141,3920
8564,8101,2497,6752,6160,8702
8564,8101,2497,5525,3991,3939
8564,8101,2497,6013,9258,115
8564,8101,2497,2395,1147,8641
8564,8101,2497,9396,2918,8701
8564,8101,2497,1012,7749,6609
8564,8101,2497,3846,719,4782
8564,8101,2497,7045,9503,3150
8564,8101,2497,3638,6284,8431
8564,8101,2497,1450,2017,3169
8564,8101,2497,1525,5444,8707
8564,8101,2497,6573,1493,7216
8564,8101,2497,5951,7505,2349
8564,8101,2497,4757,4288,8796
8564,8101,2497,8496,8907,5490
8564,8101,2497,1863,4308,290
8564,8101,2497,46,3140,5595
