3808,9476,4993,4949,1822,6557
3808,9476,4993,1468,5370,5919
3808,9476,4993,8081,8724,1044
3808,9476,4993,1190,7499,694
3808,9476,4993,5656,7020,4799
3808,9476,4993,3637,1860,9885
3808,9476,4993,596,4131,8852
3808,9476,4993,2579,766,3216
3808,9476,4993,5444,2416,956
3808,9476,4993,4860,6197,9279
3808,9476,4993,2289,2536,2567
3808,9476,4993,3376,868,3170
3808,9476,4993,3338,757,28
3808,9476,4993,2600,7707,7562
3808,9476,4993,205,37,3174
3808,9476,4993,6854,5823,3092
3808,9476,4993,8847,7244,2619
3808,9476,4993,163,9023,4714
3808,9476,4993,5495,1513,5964
3808,9476,4993,7585,2361,3392
3808,9476,4993,9926,2330,3595
3808,9476,4993,1634,1658,1068
3808,9476,4993,6479,6685,7404
3808,9476,4993,3080,6259,8586
3808,9476,4993,4462,2602,7098
3808,9476,4993,3804,7042,4468
3808,9476,4993,8799,1087,4674
3808,9476,4993,8826,9066,966
3808,9476,4993,5038,9213,4568
3808,9476,4993,3246,3513,7161
3808,9476,4993,4443,2852,2862
3808,9476,4993,5326,2788,1740
3808,9476,4993,3552,1856,3011
3808,9476,4993,5731,2748,142
3808,9476,4993,2574,8940,1541
3808,9476,4993,6624,8193,8450
3808,9476,4993,9696,5397,9030
3808,9476,4993,4645,8221,2980
3808,9476,4993,783,8693,5379
3808,9476,4993,6708,1124,7481
3808,9476,4993,3095,7643,9486
3808,9476,4993,2369,7484,3645
3808,9476,4993,77,4483,9343
3808,9476,4993,5507,6702,7442
3808,9476,4993,7951,9349,242
3808,9476,4993,3227,4324,9731
3808,9476,4993,9350,1141,5176
3808,9476,4993,5259,405,4132
3808,9476,4993,9032,9228,9834
3808,9476,4993,3314,6959,8464
3808,9476,4993,7179,5765,735
3808,9476,4993,4311,6506,4892
3808,9476,4993,5418,308,6105
3808,9476,4993,5173,2537,556
3808,9476,4993,627,5807,2545
3808,9476,4993,5838,754,1010
3808,9476,4993,1338,6421,1529
3808,9476,4993,297,7848,6278
3808,9476,4993,8739,3182,6003
3808,9476,4993,102,2243,2574
3808,9476,4993,418,2151,395
3808,9476,4993,4092,3522,8633
3808,9476,4993,3786,3934,6966
3808,9476,4993,7017,996,1706
3808,9476,4993,6577,6064,6577
3808,9476,4993,6445,2346,1244
3808,9476,4993,7414,8464,790
3808,9476,4993,8420,9675,5299
3808,9476,4993,1973,4671,8821
3808,9476,4993,581,9550,8476
3808,9476,4993,9891,1865,4247
3808,9476,4993,7102,7600,7103
3808,9476,4993,2,4052,6863
3808,9476,4993,7302,4882,5714
3808,9476,4993,4082,8623,1185
3808,9476,4993,9869,5441,2663
3808,9476,4993,6229,3274,2249
3808,9476,4993,136,5465,979
3808,9476,4993,7209,1188,6602
3808,9476,4993,6103,1745,6197
3808,9476,4993,4923,9403,3570
3808,9476,4993,2329,7003,9776
3808,9476,4993,623,5733,6988
3808,9476,4993,9253,759,315
3808,9476,4993,4517,7629,4645
3808,9476,4993,4318,3874,2645
3808,9476,4993,3849,6373,1466
3808,9476,4993,1066,7616,6513
3808,9476,4993,4492,9551,4749
3808,9476,4993,1757,5907,3378
3808,9476,4993,6760,4853,7140
3808,9476,4993,5282,875,3508
3808,9476,4993,5901,7629,4565
3808,9476,4993,9558,1809,2255
3808,9476,4993,3356,2758,8517
3808,9476,4993,7157,5487,4795
3808,9476,4993,6760,4942,3938
3808,9476,4993,4309,808,1876
3808,9476,4993,7714,9451,8104
3808,9476,4993,3458,4456,6248
3808,9476,4993,5924,8968,2872
3808,9476,4993,2881,4913,9863
3808,9476,4993,3878,4987,1640
3808,9476,4993,5355,3203,6607
3808,9476,4993,6958,6598,846
3808,9476,4993,717,6504,2426
3808,9476,4993,2138,8110,2843
3808,9476,4993,2454,5835,9416
3808,9476,4993,279,5191,8031
3808,9476,4993,7732,8463,2898
3808,9476,4993,3982,5516,6732
3808,9476,4993,6244,2250,455
3808,9476,4993,4811,1242,4096
3808,9476,4993,3962,2539,8446
3808,9476,4993,7698,3552,6656
3808,9476,4993,2664,5119,8926
3808,9476,4993,2851,2876,5959
3808,9476,4993,7805,4365,6154
3808,9476,4993,8673,5359,6270
3808,9476,4993,329,1183,3450
3808,9476,4993,9661,3221,658
3808,9476,4993,7512,7802,8777
3808,9476,4993,1219,8759,118
3808,9476,4993,2348,6156,3962
3808,9476,4993,1966,6962,7550
3808,9476,4993,6906,3646,9715
3808,9476,4993,3516,9350,8062
3808,9476,4993,4288,6120,2439
3808,9476,4993,921,6629,9207
3808,9476,4993,4842,3632,111
3808,9476,4993,7730,1233,6241
3808,9476,4993,4697,2841,8967
3808,9476,4993,4189,9726,3341
3808,9476,4993,8624,8836,697
3808,9476,4993,9547,8416,4797
3808,9476,4993,8798,9151,2128
3808,9476,4993,8998,7980,2680
3808,9476,4993,8630,691,6819
3808,9476,4993,6560,8415,1515
3808,9476,4993,1908,1914,6741
3808,9476,4993,5232,8286,5250
3808,9476,4993,9101,2254,7414
3808,9476,4993,9624,5033,3721
3808,9476,4993,8199,6570,7243
3808,9476,4993,8538,7797,8280
3808,9476,4993,8606,6067,4215
3808,9476,4993,5815,9443,8886
3808,9476,4993,1157,4766,5584
3808,9476,4993,2886,3429,1023
3808,9476,4993,561,9605,7341
3808,9476,4993,4547,4869,5741
3808,9476,4993,598,4850,6761
3808,9476,4993,8269,5964,5264
3808,9476,4993,2982,3959,6504
3808,9476,4993,8959,4184,1460
3808,9476,4993,2140,9705,6464
3808,9476,4993,42,6643,6481
3808,9476,4993,797,867,7885
3808,9476,4993,8830,7263,1840
3808,9476,4993,7284,8189,9753
3808,9476,4993,6990,6800,3284
3808,9476,4993,4497,3642,7450
3808,9476,4993,7003,6616,3798
3808,9476,4993,3585,5209,4131
3808,9476,4993,7997,2206,4413
3808,9476,4993,8728,9963,9687
3808,9476,4993,6649,6377,6579
3808,9476,4993,7993,1285,2440
3808,9476,4993,4979,394,5662
3808,9476,4993,5372,2721,1423
3808,9476,4993,4083,7489,2558
3808,9476,4993,5654,3838,208
3808,9476,4993,3961,6959,4532
3808,9476,4993,848,7687,7753
3808,9476,4993,362,3862,7587
3808,9476,4993,5975,3476,5415
3808,9476,4993,851,4697,8690
3808,9476,4993,8287,633,6980
3808,9476,4993,7960,4343,4603
3808,9476,4993,6450,5633,4184
3808,9476,4993,1042,2010,7825
3808,9476,4993,4569,6631,7797
3808,9476,4993,7071,1791,569
3808,9476,4993,695,6588,5023
3808,9476,4993,7946,5717,1879
3808,9476,4993,3398,9705,2577
3808,9476,4993,4949,8771,6843
3808,9476,4993,2370,8134,3335
3808,9476,4993,8787,4142,7556
3808,9476,4993,3859,7273,9832
3808,9476,4993,8906,1261,6213
3808,9476,4993,3836,6815,3700
3808,9476,4993,5858,8476,551
3808,9476,4993,402,9214,3052
3808,9476,4993,5948,7477,1194
3808,9476,4993,2861,3902,6430
3808,9476,4993,9365,9026,2035
3808,9476,4993,2999,1499,1838
3808,9476,4993,3759,7280,7535
3808,9476,4993,932,992,8681
3808,9476,4993,7694,8143,2985
3808,9476,4993,1054,2372,4815
3808,9476,4993,930,6776,7735
3808,9476,4993,9019,6490,6778
3808,9476,4993,1993,2218,8685
3808,9476,4993,9558,3428,6698
3808,9476,4993,7118,1813,4795
3808,9476,4993,8045,4436,2718
3808,9476,4993,9926,4480,7094
3808,9476,4993,4295,4869,4422
3808,9476,4993,1397,1879,702
3808,9476,4993,8358,467,1792
3808,9476,4993,5012,9784,3730
3808,9476,4993,7170,5172,9803
3808,9476,4993,1594,8147,6373
3808,9476,4993,458,2542,9767
3808,9476,4993,7148,1231,9177
3808,9476,4993,1125,7493,9750
3808,9476,4993,8490,8957,6468
3808,9476,4993,3395,1085,5306
3808,9476,4993,7352,3938,8358
3808,9476,4993,2411,4280,782
3808,9476,4993,6570,1229,9198
3808,9476,4993,9461,8630,5329
3808,9476,4993,3628,5913,3010
3808,9476,4993,8775,9668,4640
3808,9476,4993,4453,615,1983
3808,9476,4993,6955,1046,2284
3808,9476,4993,9247,2186,7579
3808,9476,4993,6193,1417,7402
3808,9476,4993,5309,1016,6458
3808,9476,4993,3297,3935,7225
3808,9476,4993,6823,6148,5216
3808,9476,4993,4608,1415,101
3808,9476,4993,9353,5069,1537
3808,9476,4993,6734,9710,1930
3808,9476,4993,519,7429,2443
3808,9476,4993,8618,5197,4749
3808,9476,4993,790,4796,7568
3808,9476,4993,6552,7345,54
3808,9476,4993,7945,2658,6319
3808,9476,4993,6252,5808,9295
3808,9476,4993,4617,9617,4467
3808,9476,4993,1401,5474,4710
3808,9476,4993,5183,3982,4568
3808,9476,4993,1012,357,7437
3808,9476,4993,7519,7363,3682
3808,9476,4993,9808,8547,7764
3808,9476,4993,1075,5411,1925
3808,9476,4993,2140,7794,1272
3808,9476,4993,7938,7416,7249
3808,9476,4993,2063,3169,1136
3808,9476,4993,6584,5789,7190
3808,9476,4993,261,9431,3744
3808,9476,4993,6254,3839,2441
3808,9476,4993,9214,4631,3488
3808,9476,4993,1926,3810,2035
3808,9476,4993,5891,1504,9668
3808,9476,4993,5318,6426,5605
3808,9476,4993,3870,4597,1176
3808,9476,4993,366,9692,2932
3808,9476,4993,3355,3657,9325
3808,9476,4993,1301,3588,1683
3808,9476,4993,7569,4363,8027
3808,9476,4993,3808,8258,3526
3808,9476,4993,8467,2237,1466
3808,9476,4993,4396,757,4653
3808,9476,4993,7138,8428,3017
3808,9476,4993,6864,9561,8754
3808,9476,4993,3149,2759,8254
3808,9476,4993,3770,2219,3705
3808,9476,4993,2292,1257,1076
3808,9476,4993,7931,506,2988
3808,9476,4993,7580,6688,3051
3808,9476,4993,6190,3169,3594
3808,9476,4993,9167,6084,9834
3808,9476,4993,7337,4230,4097
3808,9476,4993,2521,9189,1330
3808,9476,4993,203,5841,1422
3808,9476,4993,8356,9408,6943
3808,9476,4993,5505,6873,2417
3808,9476,4993,7215,3327,7927
3808,9476,4993,3354,7330,810
3808,9476,4993,4581,4766,9467
3808,9476,4993,1223,1078,5543
3808,9476,4993,4125,8944,2246
3808,9476,4993,6773,8304,2457
3808,9476,4993,7471,8170,8598
3808,9476,4993,9392,7649,9459
3808,9476,4993,663,5331,996
3808,9476,4993,6398,1058,7620
3808,9476,4993,47,8461,1818
3808,9476,4993,7653,662,8175
3808,9476,4993,6192,7724,1733
3808,9476,4993,8183,9800,1953
3808,9476,4993,8995,5370,7190
3808,9476,4993,4664,6847,9324
3808,9476,4993,7477,7189,6963
3808,9476,4993,6745,8292,7375
3808,9476,4993,4147,7967,6826
3808,9476,4993,4713,8627,682
3808,9476,4993,6682,6997,2029
3808,9476,4993,6439,2330,3575
3808,9476,4993,6997,9810,783
3808,9476,4993,8329,1754,1068
3808,9476,4993,4575,4386,2368
3808,9476,4993,795,5769,6157
3808,9476,4993,8763,9273,6877
3808,9476,4993,531,2027,9690
3808,9476,4993,5524,3860,5931
3808,9476,4993,7887,6933,5983
3808,9476,4993,334,9358,5779
3808,9476,4993,4866,4511,3215
3808,9476,4993,6554,8425,8403
3808,9476,4993,4167,4438,9672
3808,9476,4993,5583,753,3039
3808,9476,4993,7099,1688,7593
3808,9476,4993,2501,7453,2723
3808,9476,4993,8338,2822,4731
3808,9476,4993,9639,3040,45
3808,9476,4993,9373,3371,3305
3808,9476,4993,6835,9022,6363
3808,9476,4993,4335,7091,1393
3808,9476,4993,1318,8397,1648
3808,9476,4993,7392,3168,3916
3808,9476,4993,4116,4965,8009
3808,9476,4993,9959,7096,3707
3808,9476,4993,7464,916,682
3808,9476,4993,390,2492,2877
3808,9476,4993,5414,5830,2603
3808,9476,4993,5806,6275,2606
3808,9476,4993,5753,1106,8176
3808,9476,4993,8276,6160,164
3808,9476,4993,3459,438,6851
3808,9476,4993,8530,9148,3019
3808,9476,4993,3850,4560,5712
3808,9476,4993,4911,1670,610
3808,9476,4993,5110,4005,2003
3808,9476,4993,8237,8840,9408
3808,9476,4993,5193,3647,9114
3808,9476,4993,579,301,7021
3808,9476,4993,5565,9924,2861
3808,9476,4993,8363,3436,2993
3808,9476,4993,5744,3796,2572
3808,9476,4993,7164,296,8429
3808,9476,4993,5109,7707,4809
3808,9476,4993,7972,9178,7083
3808,9476,4993,6221,7602,4864
3808,9476,4993,7167,8814,1740
3808,9476,4993,7,1501,8347
3808,9476,4993,719,798,5743
3808,9476,4993,1635,7772,5516
3808,9476,4993,6632,9563,420
3808,9476,4993,1099,7257,8830
3808,9476,4993,1326,8756,7245
3808,9476,4993,83,902,374
3808,9476,4993,2893,9978,20
3808,9476,4993,5521,3246,2330
3808,9476,4993,8595,7962,890
3808,9476,4993,7314,7605,914
3808,9476,4993,7779,9270,1861
3808,9476,4993,38,4259,6221
3808,9476,4993,1013,7325,4493
3808,9476,4993,5386,616,9787
3808,9476,4993,2674,1578,2369
3808,9476,4993,8193,6488,1947
3808,9476,4993,6560,9485,4493
3808,9476,4993,5007,1343,3916
3808,9476,4993,5829,7613,2690
3808,9476,4993,8784,2595,843
3808,9476,4993,5304,8022,7734
3808,9476,4993,7183,7145,3909
3808,9476,4993,3306,9646,1772
3808,9476,4993,3698,3468,4344
3808,9476,4993,9897,9558,876
3808,9476,4993,4651,40,4387
3808,9476,4993,5576,3984,7684
3808,9476,4993,6468,680,5341
3808,9476,4993,2495,2560,7999
3808,9476,4993,6019,9181,6759
3808,9476,4993,6561,7834,7030
3808,9476,4993,3492,6179,5233
3808,9476,4993,1631,8046,4612
3808,9476,4993,2671,1102,5600
3808,9476,4993,4291,2501,8060
3808,9476,4993,8671,6216,8867
3808,9476,4993,8863,11,1980
3808,9476,4993,7492,2493,3314
3808,9476,4993,252,8676,7343
3808,9476,4993,8848,456,2689
3808,9476,4993,1131,2684,1759
3808,9476,4993,1671,5786,9072
3808,9476,4993,6441,5516,3209
3808,9476,4993,1160,6375,178
3808,9476,4993,4740,7694,672
3808,9476,4993,4416,3544,7492
3808,9476,4993,6405,2197,6904
3808,9476,4993,3603,2115,5871
3808,9476,4993,7490,8056,7661
3808,9476,4993,6566,6530,7327
3808,9476,4993,9960,1182,1201
3808,9476,4993,228,7280,2631
3808,9476,4993,8184,3431,3761
3808,9476,4993,1564,9281,8535
3808,9476,4993,6650,2968,5235
3808,9476,4993,4483,9895,8406
3808,9476,4993,8365,3267,8758
3808,9476,4993,3116,2610,483
3808,9476,4993,5540,388,9399
3808,9476,4993,931,2424,6113
3808,9476,4993,9477,1850,5354
3808,9476,4993,1569,9854,5803
3808,9476,4993,3550,2049,3767
3808,9476,4993,4984,5252,3833
3808,9476,4993,8911,9467,9417
3808,9476,4993,3349,5820,6516
3808,9476,4993,6838,6365,7268
3808,9476,4993,178,6521,7422
3808,9476,4993,9400,682,2654
3808,9476,4993,1852,3833,3101
3808,9476,4993,1409,8353,6152
3808,9476,4993,2000,2100,8735
3808,9476,4993,7167,9593,1160
3808,9476,4993,9338,6882,8149
3808,9476,4993,1920,9422,5974
3808,9476,4993,7240,7507,9544
3808,9476,4993,6392,6212,7203
3808,9476,4993,9964,679,6724
3808,9476,4993,1887,3292,7881
3808,9476,4993,3249,6300,3749
3808,9476,4993,7082,4023,9008
3808,9476,4993,7012,6306,1253
3808,9476,4993,7830,8312,2434
3808,9476,4993,5734,4685,1535
3808,9476,4993,163,7545,1856
3808,9476,4993,1552,8838,4397
3808,9476,4993,6064,2799,8006
3808,9476,4993,8859,5232,8457
3808,9476,4993,1865,2711,4791
3808,9476,4993,3347,5065,2173
3808,9476,4993,3120,3157,4608
3808,9476,4993,7858,3417,433
3808,9476,4993,9558,3230,430
3808,9476,4993,382,5209,3662
3808,9476,4993,3817,18,1169
3808,9476,4993,3187,9017,9751
3808,9476,4993,9972,6724,7459
3808,9476,4993,7360,6224,570
3808,9476,4993,9838,2574,331
3808,9476,4993,3858,5140,5221
3808,9476,4993,2272,4078,2569
3808,9476,4993,9890,235,1483
3808,9476,4993,5437,3875,5391
3808,9476,4993,482,3124,13
3808,9476,4993,1968,1051,3037
3808,9476,4993,2975,8172,9288
3808,9476,4993,3956,9798,5331
3808,9476,4993,5283,3216,8018
3808,9476,4993,1623,8673,348
3808,9476,4993,1107,3758,6793
3808,9476,4993,1619,5330,813
3808,9476,4993,4297,7039,8313
3808,9476,4993,2331,1029,2276
3808,9476,4993,7429,466,5679
3808,9476,4993,718,4192,1788
3808,9476,4993,6552,6137,5345
3808,9476,4993,956,6226,4771
3808,9476,4993,8982,8265,7935
3808,9476,4993,9550,9166,9448
3808,9476,4993,5831,929,336
3808,9476,4993,6165,878,6389
3808,9476,4993,3604,3429,6879
3808,9476,4993,1008,43,9307
3808,9476,4993,2981,6824,8330
3808,9476,4993,5854,2378,6366
3808,9476,4993,3440,1158,8726
3808,9476,4993,3883,4215,7063
3808,9476,4993,9356,8897,4351
3808,9476,4993,7515,9997,206
3808,9476,4993,8203,7197,3640
3808,9476,4993,1401,1840,6771
3808,9476,4993,5828,5262,7083
3808,9476,4993,4584,1892,5339
3808,9476,4993,8538,2405,3794
3808,9476,4993,8995,5946,9423
3808,9476,4993,6832,4894,9829
3808,9476,4993,4569,2626,4388
3808,9476,4993,8454,276,9113
3808,9476,4993,6210,8441,7593
3808,9476,4993,6836,465,3658
3808,9476,4993,7342,2621,7523
3808,9476,4993,7463,779,1541
3808,9476,4993,8101,967,5140
3808,9476,4993,4503,875,7003
3808,9476,4993,6440,4364,2526
3808,9476,4993,4392,1385,8300
3808,9476,4993,6651,6432,3955
3808,9476,4993,3361,926,4882
3808,9476,4993,7805,1988,8372
3808,9476,4993,1512,1077,7751
3808,9476,4993,6286,4443,7695
3808,9476,4993,4419,102,9134
3808,9476,4993,845,4019,5765
3808,9476,4993,9603,2652,3512
3808,9476,4993,3670,3308,5663
3808,9476,4993,7052,1410,1060
3808,9476,4993,7449,6076,4674
3808,9476,4993,9659,8508,4356
3808,9476,4993,5695,2206,1374
3808,9476,4993,7407,9764,8828
