8564,8101,2497,330,187,6101
8564,8101,2497,8533,8513,9058
8564,8101,2497,4263,2669,4083
8564,8101,2497,2595,9404,259
8564,8101,2497,9218,6813,4021
8564,8101,2497,4666,4134,4901
8564,8101,2497,6436,4888,5978
8564,8101,2497,8232,6121,4811
8564,8101,2497,9849,2063,9092
8564,8101,2497,147,8105,5355
8564,8101,2497,1818,5144,6738
8564,8101,2497,1438,4793,5945
8564,8101,2497,5345,930,6257
8564,8101,2497,7762,7506,7757
8564,8101,2497,5888,2963,2802
8564,8101,2497,3190,5466,276
8564,8101,2497,5869,9766,4318
8564,8101,2497,4360,6243,329
8564,8101,2497,7436,4755,1333
8564,8101,2497,196,1564,6929
8564,8101,2497,3323,3332,7908
8564,8101,2497,2556,5655,777
8564,8101,2497,9905,8481,4525
8564,8101,2497,6190,9355,3948
8564,8101,2497,9360,6256,4286
8564,8101,2497,3052,4118,6812
8564,8101,2497,6257,4131,3374
8564,8101,2497,6899,6282,7020
8564,8101,2497,522,7087,9166
8564,8101,2497,3711,2803,7484
8564,8101,2497,9129,3670,8269
8564,8101,2497,2964,1515,7426
8564,8101,2497,6583,5972,2463
8564,8101,2497,9912,5284,7224
8564,8101,2497,1995,431,8353
8564,8101,2497,7445,2856,9198
8564,8101,2497,491,3377,2928
8564,8101,2497,5401,7273,6856
8564,8101,2497,328,9461,9358
8564,8101,2497,7545,9389,4799
8564,8101,2497,6762,2969,2245
8564,8101,2497,8766,2552,6969
8564,8101,2497,1520,6316,2387
8564,8101,2497,3560,2944,5854
8564,8101,2497,6164,2645,669
8564,8101,2497,3354,5538,9346
8564,8101,2497,1591,3080,2386
8564,8101,2497,7381,3535,2427
8564,8101,2497,6919,5993,1330
8564,8101,2497,1555,1120,1112
8564,8101,2497,9914,2212,5620
8564,8101,2497,1261,7745,2682
8564,8101,2497,1483,90,5504
8564,8101,2497,8424,4433,2639
8564,8101,2497,7286,3906,9530
8564,8101,2497,8840,6305,1456
8564,8101,2497,2618,3998,7889
8564,8101,2497,7069,9529,1073
8564,8101,2497,7515,2414,6802
8564,8101,2497,3384,9556,2473
8564,8101,2497,4225,6560,8866
8564,8101,2497,9989,5892,4375
8564,8101,2497,987,6897,8836
8564,8101,2497,1036,9202,6202
8564,8101,2497,7339,882,9925
8564,8101,2497,9825,5347,2066
8564,8101,2497,726,7058,793
8564,8101,2497,9031,2588,8431
8564,8101,2497,2034,6120,5159
8564,8101,2497,6716,9481,1014
8564,8101,2497,494,7513,659
8564,8101,2497,2613,5165,1945
8564,8101,2497,7997,8122,5624
8564,8101,2497,4153,9710,8945
8564,8101,2497,2308,9024,5633
8564,8101,2497,8011,3190,4724
8564,8101,2497,8914,6955,9792
8564,8101,2497,1710,9985,3158
8564,8101,2497,9778,5619,2682
8564,8101,2497,5651,9003,4221
8564,8101,2497,3074,1612,3382
8564,8101,2497,4268,1288,7559
8564,8101,2497,8801,1078,5534
8564,8101,2497,7783,7309,3705
8564,8101,2497,384,8846,9613
8564,8101,2497,9810,1902,424
8564,8101,2497,1566,4500,37
8564,8101,2497,5831,7389,4716
8564,8101,2497,453,3599,7765
8564,8101,2497,7561,8501,3907
8564,8101,2497,5621,1416,187
8564,8101,2497,8392,2106,701
8564,8101,2497,8444,4764,1619
8564,8101,2497,9646,2617,4805
8564,8101,2497,7456,1112,1784
8564,8101,2497,9209,51,6840
8564,8101,2497,3610,4378,4479
8564,8101,2497,2718,5364,9049
8564,8101,2497,4744,7410,6179
8564,8101,2497,2027,576,9338
8564,8101,2497,5661,9224,9633
8564,8101,2497,2995,14,564
8564,8101,2497,9425,370,2153
8564,8101,2497,9367,1756,9484
8564,8101,2497,2840,3568,8790
8564,8101,2497,3026,5333,2796
8564,8101,2497,8448,702,3840
8564,8101,2497,8133,2853,2489
8564,8101,2497,493,6940,4405
8564,8101,2497,8425,626,8622
8564,8101,2497,5229,9004,5054
8564,8101,2497,291,3787,9924
8564,8101,2497,513,4788,4634
8564,8101,2497,3896,5824,2248
8564,8101,2497,3195,9485,7085
8564,8101,2497,5148,9577,4365
8564,8101,2497,7812,974,3793
8564,8101,2497,5622,4746,9150
8564,8101,2497,9606,9368,9073
8564,8101,2497,8455,6012,7678
8564,8101,2497,2907,622,8161
8564,8101,2497,7265,6273,8209
8564,8101,2497,5294,7278,3255
8564,8101,2497,9438,9945,5423
8564,8101,2497,448,5177,1113
8564,8101,2497,8219,3547,1152
8564,8101,2497,2083,1560,7828
8564,8101,2497,4562,4531,3197
8564,8101,2497,6295,3778,6352
8564,8101,2497,7842,7062,8184
8564,8101,2497,3209,7028,3379
8564,8101,2497,8989,2033,2616
8564,8101,2497,421,4749,8521
8564,8101,2497,8161,5615,8049
8564,8101,2497,4922,6391,4456
8564,8101,2497,496,5600,170
8564,8101,2497,1710,4263,7287
8564,8101,2497,352,1275,302
8564,8101,2497,6074,6494,2322
8564,8101,2497,6581,7279,6681
8564,8101,2497,7213,5459,8329
8564,8101,2497,9636,7193,355
8564,8101,2497,4941,7468,6999
8564,8101,2497,6720,1775,5227
8564,8101,2497,9156,7455,706
8564,8101,2497,8914,6688,405
8564,8101,2497,1156,5758,8530
8564,8101,2497,7772,5170,6421
8564,8101,2497,1355,1712,994
8564,8101,2497,8694,2665,513
8564,8101,2497,318,8676,5495
8564,8101,2497,8616,5471,1694
8564,8101,2497,1595,6296,2431
8564,8101,2497,4831,6887,1927
8564,8101,2497,8012,753,2117
8564,8101,2497,7827,3374,4020
8564,8101,2497,7467,7260,8108
8564,8101,2497,5264,3464,7792
8564,8101,2497,3427,1639,6807
8564,8101,2497,6627,3325,1822
8564,8101,2497,9376,9465,3325
8564,8101,2497,8438,8802,3471
8564,8101,2497,6253,8262,1465
8564,8101,2497,3281,3801,4137
8564,8101,2497,6457,5832,9617
8564,8101,2497,8326,8897,4969
8564,8101,2497,6005,6262,7903
8564,8101,2497,6405,6251,2221
8564,8101,2497,4062,2814,7150
8564,8101,2497,2086,5767,9127
8564,8101,2497,3672,8157,7926
8564,8101,2497,7051,9714,6746
8564,8101,2497,289,2658,8275
8564,8101,2497,5764,2926,1023
8564,8101,2497,2579,9760,5622
8564,8101,2497,7368,7415,128
8564,8101,2497,7440,986,2045
8564,8101,2497,1025,1094,8463
8564,8101,2497,1506,4745,678
8564,8101,2497,5146,3684,6001
8564,8101,2497,7844,3850,581
8564,8101,2497,2790,8190,2086
8564,8101,2497,4783,8365,5717
8564,8101,2497,6737,7032,4580
8564,8101,2497,8426,5044,2352
8564,8101,2497,2993,2121,5747
8564,8101,2497,1299,1251,887
8564,8101,2497,3177,909,3610
8564,8101,2497,3444,1406,4018
8564,8101,2497,6608,1751,766
8564,8101,2497,7402,1331,3983
8564,8101,2497,4389,5667,9672
8564,8101,2497,7960,2755,2292
8564,8101,2497,9919,6618,6432
8564,8101,2497,1136,8018,2343
8564,8101,2497,5176,2181,4581
8564,8101,2497,9242,6129,8326
8564,8101,2497,3908,6354,3169
8564,8101,2497,6735,4533,1395
8564,8101,2497,6691,4346,7338
8564,8101,2497,3604,4307,9623
8564,8101,2497,6761,8856,3284
8564,8101,2497,2347,8008,3001
8564,8101,2497,3932,5541,2316
8564,8101,2497,4184,2054,7162
8564,8101,2497,3511,6685,2898
8564,8101,2497,6569,1765,7039
8564,8101,2497,1964,2715,45
8564,8101,2497,4712,3208,8591
8564,8101,2497,1998,2599,7623
8564,8101,2497,2501,4216,2176
8564,8101,2497,9219,9545,951
8564,8101,2497,1327,2582,5597
8564,8101,2497,5382,7495,1047
8564,8101,2497,9481,802,9204
8564,8101,2497,525,2402,4833
8564,8101,2497,3003,5683,7964
8564,8101,2497,7271,8360,2966
8564,8101,2497,3034,8176,2617
8564,8101,2497,9734,7087,5194
8564,8101,2497,1421,6895,9654
8564,8101,2497,65,8980,9525
8564,8101,2497,9242,4187,8539
8564,8101,2497,8137,4224,4469
8564,8101,2497,6401,3865,1657
8564,8101,2497,7672,250,7708
8564,8101,2497,4024,7592,1164
8564,8101,2497,6644,5185,8981
8564,8101,2497,531,6229,2655
8564,8101,2497,8603,2599,4610
8564,8101,2497,2422,1227,9166
8564,8101,2497,4489,9960,1570
8564,8101,2497,366,3820,1825
8564,8101,2497,3924,7767,1542
8564,8101,2497,4460,8907,665
8564,8101,2497,1116,159,8010
8564,8101,2497,4404,501,9359
8564,8101,2497,5753,9731,8260
8564,8101,2497,6541,7529,1842
8564,8101,2497,6501,1699,2867
8564,8101,2497,4304,7463,2071
8564,8101,2497,9655,230,3655
8564,8101,2497,5643,431,8571
8564,8101,2497,3809,3680,5972
8564,8101,2497,6508,3062,3628
8564,8101,2497,335,2973,6133
8564,8101,2497,7935,5658,7888
8564,8101,2497,2878,1517,3604
8564,8101,2497,3193,5419,9951
8564,8101,2497,1057,9375,9316
8564,8101,2497,7666,4829,5678
8564,8101,2497,8905,6685,8492
8564,8101,2497,2460,9145,811
8564,8101,2497,456,2819,9677
8564,8101,2497,3379,9587,4943
8564,8101,2497,2478,5115,2419
8564,8101,2497,8800,7937,8447
8564,8101,2497,8166,1094,4128
8564,8101,2497,2618,7655,6502
8564,8101,2497,9590,4514,5729
8564,8101,2497,6742,6014,6748
8564,8101,2497,8411,7744,6735
8564,8101,2497,2384,2127,8842
8564,8101,2497,4874,418,6115
8564,8101,2497,5749,1098,6551
8564,8101,2497,3874,2027,2027
8564,8101,2497,194,4959,1238
8564,8101,2497,4405,3376,1686
8564,8101,2497,6775,1043,8308
8564,8101,2497,9679,6453,4181
8564,8101,2497,5568,5561,9434
8564,8101,2497,3202,9232,9137
8564,8101,2497,2850,3610,976
8564,8101,2497,4251,3105,613
8564,8101,2497,9886,5157,1755
8564,8101,2497,1836,5553,5658
8564,8101,2497,3954,7242,2228
8564,8101,2497,2838,3286,8448
8564,8101,2497,8421,1622,5054
8564,8101,2497,7711,1766,8307
8564,8101,2497,7917,5642,6874
8564,8101,2497,5862,7332,8999
8564,8101,2497,6664,2048,7308
8564,8101,2497,633,4702,2398
8564,8101,2497,3707,6735,4699
8564,8101,2497,4855,5262,2127
8564,8101,2497,8340,3271,7322
8564,8101,2497,6648,7720,7207
8564,8101,2497,9592,3317,3304
8564,8101,2497,4290,4857,2766
8564,8101,2497,9002,4226,452
8564,8101,2497,6035,8727,3833
8564,8101,2497,3751,3710,3093
8564,8101,2497,7225,9641,257
8564,8101,2497,9689,9940,8213
8564,8101,2497,3664,7431,9865
8564,8101,2497,6598,1145,5074
8564,8101,2497,720,368,2324
8564,8101,2497,1902,9058,8897
8564,8101,2497,3870,6359,3254
8564,8101,2497,9997,9654,1765
8564,8101,2497,9314,7612,5079
8564,8101,2497,477,2472,7341
8564,8101,2497,253,7012,4631
8564,8101,2497,8131,4027,5311
8564,8101,2497,8627,6045,6172
8564,8101,2497,5299,2920,3189
8564,8101,2497,3213,9123,2100
8564,8101,2497,4295,5275,7944
8564,8101,2497,2095,3786,491
8564,8101,2497,3599,4528,5985
8564,8101,2497,8951,6858,1819
8564,8101,2497,2015,1017,7098
8564,8101,2497,9785,5115,3897
8564,8101,2497,1970,5488,5846
8564,8101,2497,715,8721,6131
8564,8101,2497,7321,2057,1065
8564,8101,2497,5773,8369,5968
8564,8101,2497,6304,6379,6183
8564,8101,2497,593,2847,9067
8564,8101,2497,2198,4659,7766
8564,8101,2497,5076,6123,9094
8564,8101,2497,5505,5209,3119
8564,8101,2497,8509,153,4531
8564,8101,2497,1287,1453,7604
8564,8101,2497,8951,6039,4984
8564,8101,2497,3134,9814,8694
8564,8101,2497,3818,437,817
8564,8101,2497,4411,2272,5269
8564,8101,2497,266,4166,2549
8564,8101,2497,8038,343,7335
8564,8101,2497,9025,1871,1541
8564,8101,2497,1540,4855,3732
8564,8101,2497,7657,6447,1808
8564,8101,2497,4992,3754,764
8564,8101,2497,3322,8257,3644
8564,8101,2497,5315,2905,3733
8564,8101,2497,2262,7716,3340
8564,8101,2497,644,9716,1028
8564,8101,2497,1129,3189,3918
8564,8101,2497,3900,9747,181
8564,8101,2497,8407,7176,6208
8564,8101,2497,7309,1206,6987
8564,8101,2497,8530,5749,9789
8564,8101,2497,7660,6348,3404
8564,8101,2497,2524,9811,1463
8564,8101,2497,1220,197,7965
8564,8101,2497,5860,3507,7370
8564,8101,2497,4222,7411,6316
8564,8101,2497,4863,9180,8535
8564,8101,2497,9852,1966,22
8564,8101,2497,3741,4237,5946
8564,8101,2497,3455,3960,9408
8564,8101,2497,9651,9006,5647
8564,8101,2497,782,356,251
8564,8101,2497,6682,7899,73
8564,8101,2497,9715,5896,2289
8564,8101,2497,6763,9434,5898
8564,8101,2497,4845,8183,3461
8564,8101,2497,8709,2508,8950
8564,8101,2497,1408,9775,6263
8564,8101,2497,6609,2944,9588
8564,8101,2497,4588,668,2416
8564,8101,2497,9337,303,1715
8564,8101,2497,7900,2307,8615
8564,8101,2497,9660,4853,7148
8564,8101,2497,5278,7861,5756
8564,8101,2497,7131,2003,7395
8564,8101,2497,6347,7022,1059
8564,8101,2497,3130,6247,4875
8564,8101,2497,9051,6266,738
8564,8101,2497,6264,3816,1710
8564,8101,2497,4151,4455,8398
8564,8101,2497,5863,6397,317
8564,8101,2497,36,8379,4819
8564,8101,2497,1356,8266,1675
8564,8101,2497,1072,9975,4754
8564,8101,2497,7546,4862,1445
8564,8101,2497,2737,1276,5677
8564,8101,2497,4701,6906,4022
8564,8101,2497,866,5795,5575
8564,8101,2497,2103,696,4623
8564,8101,2497,3368,8665,5757
8564,8101,2497,8179,2734,7968
8564,8101,2497,1201,7221,6037
8564,8101,2497,8808,9412,4793
8564,8101,2497,7829,5032,7425
8564,8101,2497,6387,6459,895
8564,8101,2497,432,4539,9713
8564,8101,2497,1549,5070,1314
8564,8101,2497,9031,8910,8763
8564,8101,2497,6516,1387,4998
8564,8101,2497,9587,8141,4085
8564,8101,2497,7877,7207,5107
8564,8101,2497,8243,3135,1379
8564,8101,2497,789,5454,1848
8564,8101,2497,3085,3651,2858
8564,8101,2497,1597,554,3805
8564,8101,2497,6942,6077,455
8564,8101,2497,5583,3934,9312
8564,8101,2497,8790,9814,6493
8564,8101,2497,3755,4135,9461
8564,8101,2497,2208,1654,988
8564,8101,2497,757,8679,6325
8564,8101,2497,2197,9259,1967
8564,8101,2497,7269,9908,7894
8564,8101,2497,6946,2685,9104
8564,8101,2497,2238,506,4208
8564,8101,2497,3926,7101,9368
8564,8101,2497,8326,7402,3177
8564,8101,2497,6897,1833,9416
8564,8101,2497,3320,9058,7606
8564,8101,2497,8395,5795,3412
8564,8101,2497,4427,7718,2071
8564,8101,2497,3794,4270,6773
8564,8101,2497,1563,3780,5351
8564,8101,2497,384,1470,6397
8564,8101,2497,5419,6918,7405
8564,8101,2497,5446,8200,1982
8564,8101,2497,7325,1790,7006
8564,8101,2497,3272,9255,8286
8564,8101,2497,1321,567,1864
8564,8101,2497,4483,3049,6375
8564,8101,2497,5805,3082,6098
8564,8101,2497,7705,9179,8169
8564,8101,2497,2351,1174,6097
8564,8101,2497,7354,2869,6876
8564,8101,2497,237,4244,8951
8564,8101,2497,5210,5411,5865
8564,8101,2497,2356,823,3132
8564,8101,2497,1492,6750,5644
8564,8101,2497,9498,3297,6833
8564,8101,2497,4300,9372,5742
8564,8101,2497,5059,1717,6270
8564,8101,2497,490,2881,5188
8564,8101,2497,3353,8094,5685
8564,8101,2497,8539,4085,4455
8564,8101,2497,8986,4099,5090
8564,8101,2497,4583,634,1901
8564,8101,2497,3022,9376,1518
8564,8101,2497,9759,5346,346
8564,8101,2497,3123,3177,7386
8564,8101,2497,1585,9185,8731
8564,8101,2497,3476,6148,2689
8564,8101,2497,8620,1740,1436
8564,8101,2497,1207,5210,823
8564,8101,2497,9569,2651,3828
8564,8101,2497,3370,831,5036
8564,8101,2497,5274,3109,2641
8564,8101,2497,8936,8267,7005
8564,8101,2497,1942,9385,1521
8564,8101,2497,6385,4085,8847
8564,8101,2497,5357,7704,1794
8564,8101,2497,3029,9763,4504
8564,8101,2497,6583,3459,594
8564,8101,2497,5469,598,2734
8564,8101,2497,9891,4072,4238
8564,8101,2497,5300,690,2419
8564,8101,2497,5419,2331,7854
8564,8101,2497,9046,9426,7387
8564,8101,2497,9734,297,4860
8564,8101,2497,33,2583,9598
8564,8101,2497,6409,4538,915
8564,8101,2497,2891,6357,1146
8564,8101,2497,88,518,8473
8564,8101,2497,1966,6384,2378
8564,8101,2497,240,7738,1533
8564,8101,2497,4288,4454,7679
8564,8101,2497,6387,7632,5163
8564,8101,2497,9100,7508,105
8564,8101,2497,3664,9404,3510
8564,8101,2497,885,5531,5039
8564,8101,2497,6146,5610,7506
8564,8101,2497,3544,3426,9928
8564,8101,2497,6190,3742,142
8564,8101,2497,2614,7771,9820
8564,8101,2497,6412,8445,8878
8564,8101,2497,2125,9669,518
8564,8101,2497,4297,6856,7103
8564,8101,2497,4895,227,7525
8564,8101,2497,5873,9571,7671
8564,8101,2497,93,6939,6285
8564,8101,2497,5222,4682,920
8564,8101,2497,1820,8769,2075
8564,8101,2497,2348,6541,1631
8564,8101,2497,3985,3874,5197
8564,8101,2497,103,1165,4229
8564,8101,2497,1830,1986,1754
8564,8101,2497,7082,5672,5106
8564,8101,2497,5392,1037,417
8564,8101,2497,2650,4237,9304
8564,8101,2497,4514,2680,8129
8564,8101,2497,9431,1804,4437
8564,8101,2497,1533,5034,9197
8564,8101,2497,7618,8036,3684
8564,8101,2497,1473,536,6682
8564,8101,2497,5393,32,7204
8564,8101,2497,4929,5269,1795
8564,8101,2497,506,6053,8706
8564,8101,2497,4888,6180,2984
8564,8101,2497,5107,5524,8330
8564,8101,2497,9027,1381,5592
8564,8101,2497,9175,9722,8657
8564,8101,2497,7938,8998,5190
8564,8101,2497,1112,4089,9306
8564,8101,2497,9767,1491,5146
8564,8101,2497,6431,3199,444
8564,8101,2497,5000,5290,6968
8564,8101,2497,6771,2603,4633
8564,8101,2497,3266,8418,4003
