7253,5879,121,3242,1230,7005
7253,5879,121,4200,6650,3305
7253,5879,121,8455,2996,8596
7253,5879,121,1872,2975,1313
7253,5879,121,8589,1015,2107
7253,5879,121,260,8799,4240
7253,5879,121,4832,5634,7448
7253,5879,121,8233,2425,9106
7253,5879,121,8132,9061,8075
7253,5879,121,6166,6459,6829
7253,5879,121,3492,7026,9244
7253,5879,121,4529,2288,6409
7253,5879,121,1587,5581,5988
7253,5879,121,1580,1235,4136
7253,5879,121,5628,9502,3096
7253,5879,121,7942,4389,7539
7253,5879,121,9353,362,7848
7253,5879,121,2757,3187,507
7253,5879,121,5063,3334,1424
7253,5879,121,3328,3798,5707
7253,5879,121,2154,4830,5562
7253,5879,121,8001,3383,6702
7253,5879,121,7489,3732,8534
7253,5879,121,5675,9295,2139
7253,5879,121,6326,798,9485
7253,5879,121,7190,2333,8565
7253,5879,121,2487,7810,3290
7253,5879,121,4282,6375,4430
7253,5879,121,8668,1881,5485
7253,5879,121,4014,2404,2255
7253,5879,121,657,8187,7597
7253,5879,121,5967,4333,396
7253,5879,121,5584,5766,1193
7253,5879,121,8408,2709,9910
7253,5879,121,5127,5999,1119
7253,5879,121,8097,7706,1336
7253,5879,121,4017,3413,8962
7253,5879,121,4699,7685,540
7253,5879,121,1821,9044,2784
7253,5879,121,1701,3421,7255
7253,5879,121,7716,4829,2001
7253,5879,121,3548,5318,9843
7253,5879,121,2317,857,9989
7253,5879,121,2597,5973,5472
7253,5879,121,5510,3832,3469
7253,5879,121,7850,5740,3266
7253,5879,121,5463,8324,3501
7253,5879,121,9191,8616,4243
7253,5879,121,9252,7232,1311
7253,5879,121,2698,1851,7525
7253,5879,121,1294,1891,4026
7253,5879,121,4058,9194,5226
7253,5879,121,2466,768,4456
7253,5879,121,6657,3105,3569
7253,5879,121,704,1363,3388
7253,5879,121,6357,6538,8803
7253,5879,121,6959,6463,6967
7253,5879,121,577,4582,7090
7253,5879,121,8499,7671,4180
7253,5879,121,2850,2497,8306
7253,5879,121,496,7133,2756
7253,5879,121,9842,2430,7540
7253,5879,121,5613,9127,1015
7253,5879,121,3797,9998,4695
7253,5879,121,5675,9914,9280
7253,5879,121,7534,2474,9045
7253,5879,121,2597,1869,9546
7253,5879,121,2121,7351,4661
7253,5879,121,8075,247,1201
7253,5879,121,7963,4536,3838
7253,5879,121,312,3699,6344
7253,5879,121,166,6738,3442
7253,5879,121,3860,3337,4097
7253,5879,121,2973,1013,6833
7253,5879,121,7844,9619,1285
7253,5879,121,2381,7991,3819
7253,5879,121,9914,5772,7414
7253,5879,121,4882,973,6874
7253,5879,121,3856,980,1231
7253,5879,121,496,7494,3260
7253,5879,121,2733,2512,4250
7253,5879,121,3195,6750,7671
7253,5879,121,1532,9338,4279
7253,5879,121,2376,3870,3907
7253,5879,121,1406,1129,3072
7253,5879,121,6812,8697,743
7253,5879,121,8713,354,7717
7253,5879,121,7240,1313,3177
7253,5879,121,463,449,3241
7253,5879,121,3087,8160,155
7253,5879,121,7932,2952,7456
7253,5879,121,4612,6794,1708
7253,5879,121,3638,3433,3589
7253,5879,121,7987,2535,3710
7253,5879,121,5530,9981,4205
7253,5879,121,8173,3182,4529
7253,5879,121,7678,5065,7826
7253,5879,121,5720,863,4507
7253,5879,121,7397,3454,5985
7253,5879,121,6362,364,5864
7253,5879,121,4331,9077,6250
7253,5879,121,9553,5217,5062
7253,5879,121,5320,2312,9319
7253,5879,121,9976,1463,8926
7253,5879,121,2021,6308,9041
7253,5879,121,4225,9175,2781
7253,5879,121,5235,6565,5037
7253,5879,121,1833,9851,3627
7253,5879,121,6855,7943,5367
7253,5879,121,7692,703,5278
7253,5879,121,5430,1438,5606
7253,5879,121,7040,7127,5408
7253,5879,121,1201,6608,841
7253,5879,121,7424,8239,3902
7253,5879,121,3678,4881,6077
7253,5879,121,1544,573,1527
7253,5879,121,7823,1232,266
7253,5879,121,5933,8760,761
7253,5879,121,5455,9364,6273
7253,5879,121,7071,1904,688
7253,5879,121,123,5538,6732
7253,5879,121,2897,4586,7285
7253,5879,121,46,6557,1427
7253,5879,121,2041,8055,6685
7253,5879,121,5114,9432,9290
7253,5879,121,283,6403,4377
7253,5879,121,9122,4848,7640
7253,5879,121,1287,3489,3997
7253,5879,121,8813,6455,8784
7253,5879,121,9097,4789,6913
7253,5879,121,9103,3834,5147
7253,5879,121,5762,9899,833
7253,5879,121,2571,2733,8902
7253,5879,121,5454,8228,7446
7253,5879,121,5475,3058,3601
7253,5879,121,196,9142,2444
7253,5879,121,3859,4144,7639
7253,5879,121,2874,1321,2916
7253,5879,121,2560,1380,4198
7253,5879,121,8605,228,3252
7253,5879,121,9425,9829,2689
7253,5879,121,9574,4461,292
7253,5879,121,7243,6119,4519
7253,5879,121,3072,934,2213
7253,5879,121,3015,5499,9322
7253,5879,121,7789,4585,7868
7253,5879,121,7652,2222,7950
7253,5879,121,8656,5034,4075
7253,5879,121,8383,8493,1629
7253,5879,121,1094,7454,1341
7253,5879,121,8532,5192,5172
7253,5879,121,6013,4779,3165
7253,5879,121,974,264,8716
7253,5879,121,616,5003,3429
7253,5879,121,7883,397,1292
7253,5879,121,871,1509,6815
7253,5879,121,694,5011,8529
7253,5879,121,4136,1928,7612
7253,5879,121,7016,1895,3931
7253,5879,121,1516,6989,1298
7253,5879,121,3244,2203,7246
7253,5879,121,3974,2636,9487
7253,5879,121,3470,7010,8657
7253,5879,121,8281,6782,1950
7253,5879,121,2867,8529,1369
7253,5879,121,2114,1129,2455
7253,5879,121,7369,1720,7974
7253,5879,121,2035,8873,3014
7253,5879,121,4443,8244,5621
7253,5879,121,7436,7963,494
7253,5879,121,8499,3501,2250
7253,5879,121,7328,8369,9964
7253,5879,121,1431,4909,8832
7253,5879,121,6091,3147,5777
7253,5879,121,7219,2988,3344
7253,5879,121,303,990,3348
7253,5879,121,5541,3072,2875
7253,5879,121,1071,7323,3274
7253,5879,121,1504,9502,6787
7253,5879,121,6251,6514,4637
7253,5879,121,7983,3513,4483
7253,5879,121,6087,9140,5659
7253,5879,121,8972,206,1356
7253,5879,121,7723,7112,3527
7253,5879,121,1963,2633,2464
7253,5879,121,3223,7001,194
7253,5879,121,7227,5363,9126
7253,5879,121,8470,9147,1679
7253,5879,121,4173,4702,5981
7253,5879,121,251,9938,534
7253,5879,121,6063,9418,5694
7253,5879,121,4428,532,9757
7253,5879,121,6920,6442,676
7253,5879,121,3418,8253,1879
7253,5879,121,6728,5882,3887
7253,5879,121,1614,4409,1336
7253,5879,121,5867,9230,7849
7253,5879,121,7410,7525,7023
7253,5879,121,1345,7007,2229
7253,5879,121,1867,1865,6959
7253,5879,121,725,7053,4020
7253,5879,121,254,2694,1127
7253,5879,121,1782,6131,5367
7253,5879,121,6816,3505,132
7253,5879,121,877,4137,4634
7253,5879,121,6997,9020,8593
7253,5879,121,3279,8581,7462
7253,5879,121,628,9134,8752
7253,5879,121,4666,1966,3493
7253,5879,121,6598,6834,829
7253,5879,121,959,6562,3176
7253,5879,121,6464,5974,3779
7253,5879,121,222,5414,6640
7253,5879,121,717,6926,8080
7253,5879,121,4441,7072,8138
7253,5879,121,4576,3687,3161
7253,5879,121,2624,7604,5664
7253,5879,121,5797,608,2340
7253,5879,121,4113,1992,9304
7253,5879,121,1100,917,8317
7253,5879,121,1027,2253,7494
7253,5879,121,4891,8995,8162
7253,5879,121,2202,6426,9806
7253,5879,121,340,7524,8753
7253,5879,121,4518,5588,6048
7253,5879,121,4222,581,5339
7253,5879,121,9012,9259,3954
7253,5879,121,4917,1866,7725
7253,5879,121,9156,4269,2102
7253,5879,121,8166,421,9018
7253,5879,121,5370,9169,140
7253,5879,121,9892,3454,1476
7253,5879,121,7825,6518,7958
7253,5879,121,7578,4992,2414
7253,5879,121,8442,3251,3586
7253,5879,121,3791,9801,9664
7253,5879,121,8723,8533,9688
7253,5879,121,7613,9938,92
7253,5879,121,7304,6336,7477
7253,5879,121,42,942,2839
7253,5879,121,6535,6809,2392
7253,5879,121,3539,3696,47
7253,5879,121,4598,2131,7437
7253,5879,121,5375,8775,7673
7253,5879,121,3988,7224,3107
7253,5879,121,1606,6843,591
7253,5879,121,7315,3869,8356
7253,5879,121,1280,9723,762
7253,5879,121,7393,2820,1857
7253,5879,121,8516,355,3459
7253,5879,121,8083,1824,6022
7253,5879,121,5368,7821,8932
7253,5879,121,5843,829,3489
7253,5879,121,7292,7506,4764
7253,5879,121,5850,1343,8495
7253,5879,121,1803,6373,879
7253,5879,121,3537,7922,7373
7253,5879,121,7938,3503,6703
7253,5879,121,2194,457,8719
7253,5879,121,2435,1903,324
7253,5879,121,332,7037,9263
7253,5879,121,1428,3502,6176
7253,5879,121,4381,7759,3889
7253,5879,121,5631,7814,3521
7253,5879,121,8431,8307,5652
7253,5879,121,4148,2932,8263
7253,5879,121,9720,5166,4663
7253,5879,121,8403,9469,1875
7253,5879,121,6054,2041,7773
7253,5879,121,583,714,1837
7253,5879,121,5188,7760,5119
7253,5879,121,8765,3299,3698
7253,5879,121,772,5683,664
7253,5879,121,5838,4574,7754
7253,5879,121,4641,6474,499
7253,5879,121,2557,8525,1089
7253,5879,121,6066,913,6545
7253,5879,121,1647,1614,5776
7253,5879,121,5896,5446,3615
7253,5879,121,5951,4549,628
7253,5879,121,7973,9776,4863
7253,5879,121,4393,6793,9878
7253,5879,121,3695,8378,3509
7253,5879,121,2856,5867,182
7253,5879,121,5203,345,5370
7253,5879,121,7006,5147,555
7253,5879,121,4757,6580,3297
7253,5879,121,64,9346,9508
7253,5879,121,9695,8179,3303
7253,5879,121,2307,1611,8620
7253,5879,121,1175,5521,7230
7253,5879,121,7537,9591,607
7253,5879,121,3218,6229,6339
7253,5879,121,2290,7119,30
7253,5879,121,4763,7807,9791
7253,5879,121,7193,2285,3065
7253,5879,121,7073,2713,7199
7253,5879,121,6186,3518,1752
7253,5879,121,1304,5672,4783
7253,5879,121,879,2781,1317
7253,5879,121,5464,5373,7766
7253,5879,121,1409,8449,2920
7253,5879,121,6345,6763,8007
7253,5879,121,7449,5893,4076
7253,5879,121,5133,5065,5990
7253,5879,121,2754,3874,8038
7253,5879,121,4735,418,4402
7253,5879,121,1123,1636,7367
7253,5879,121,4185,1696,9486
7253,5879,121,3412,9761,771
7253,5879,121,9719,7600,4362
7253,5879,121,947,9043,8887
7253,5879,121,4416,773,6836
7253,5879,121,124,2706,9702
7253,5879,121,8868,959,4293
7253,5879,121,7588,8408,9821
7253,5879,121,6500,4739,153
7253,5879,121,2387,4041,1991
7253,5879,121,2626,1221,8004
7253,5879,121,6562,3794,8553
7253,5879,121,9476,6520,5131
7253,5879,121,6758,4524,6166
7253,5879,121,2007,5683,887
7253,5879,121,814,7990,1109
7253,5879,121,7531,5144,9400
7253,5879,121,861,5711,8989
7253,5879,121,4302,5420,7346
7253,5879,121,6001,7933,5195
7253,5879,121,2918,3647,4651
7253,5879,121,7527,8628,1307
7253,5879,121,1869,6685,6265
7253,5879,121,8884,5971,6111
7253,5879,121,826,8528,5847
7253,5879,121,7597,3878,9859
7253,5879,121,1450,1142,6472
7253,5879,121,9314,4948,9794
7253,5879,121,2719,8668,7128
7253,5879,121,5940,1027,4596
7253,5879,121,6282,3383,5480
7253,5879,121,9729,3333,2948
7253,5879,121,1495,6292,9737
7253,5879,121,7692,2142,7476
7253,5879,121,147,439,662
7253,5879,121,8722,9612,5947
7253,5879,121,2887,4563,1463
7253,5879,121,3351,9878,882
7253,5879,121,9600,8113,4504
7253,5879,121,9417,3940,2444
7253,5879,121,6822,699,3798
7253,5879,121,1935,3565,5511
7253,5879,121,6287,4703,4754
7253,5879,121,7235,7315,2645
7253,5879,121,5072,3097,5920
7253,5879,121,3682,3122,2918
7253,5879,121,9966,811,5887
7253,5879,121,3191,6657,7823
7253,5879,121,1412,429,5922
7253,5879,121,6084,4564,6119
7253,5879,121,4534,2869,5284
7253,5879,121,6367,789,8466
7253,5879,121,660,2626,796
7253,5879,121,8760,3957,1400
7253,5879,121,7531,1250,5651
7253,5879,121,1409,7376,6221
7253,5879,121,9922,5884,9947
7253,5879,121,6182,7003,6520
7253,5879,121,9640,7827,6007
7253,5879,121,1588,7655,8890
7253,5879,121,6031,8684,2022
7253,5879,121,3510,8133,9927
7253,5879,121,2072,3186,5003
7253,5879,121,3702,5728,7811
7253,5879,121,665,3403,6747
7253,5879,121,5982,6284,8355
7253,5879,121,1824,1344,283
7253,5879,121,667,1324,3647
7253,5879,121,5956,9132,5391
7253,5879,121,3837,7297,3347
7253,5879,121,8796,4967,3679
7253,5879,121,8578,3357,744
7253,5879,121,7468,4462,1678
7253,5879,121,2474,9227,1077
7253,5879,121,7540,8092,4527
7253,5879,121,474,5577,3532
7253,5879,121,4014,1815,6812
7253,5879,121,7314,5393,9105
7253,5879,121,1209,7408,2068
7253,5879,121,3091,3927,1767
7253,5879,121,3104,3669,8138
7253,5879,121,9482,8776,689
7253,5879,121,4831,8514,6598
7253,5879,121,1907,6883,7771
7253,5879,121,5618,2986,8944
7253,5879,121,2741,6823,6265
7253,5879,121,2380,8626,2029
7253,5879,121,7972,1204,6730
7253,5879,121,5743,2417,6566
7253,5879,121,7036,7078,3089
7253,5879,121,2862,6832,1483
7253,5879,121,9940,4505,3281
7253,5879,121,6013,5250,7222
7253,5879,121,4678,5394,4740
7253,5879,121,3842,8070,6833
7253,5879,121,8420,6769,9687
7253,5879,121,9141,5492,1155
7253,5879,121,2712,9,647
7253,5879,121,2366,4154,7763
7253,5879,121,4793,8670,9403
7253,5879,121,4684,5046,6669
7253,5879,121,3783,3449,7198
7253,5879,121,8519,1592,7593
7253,5879,121,5381,9440,4494
7253,5879,121,7744,6243,7459
7253,5879,121,8037,5469,2697
7253,5879,121,9246,8235,8621
7253,5879,121,1130,5653,8539
7253,5879,121,1487,6743,7701
7253,5879,121,7315,1747,1379
7253,5879,121,1150,5904,3210
7253,5879,121,1857,9875,4153
7253,5879,121,5472,1057,5073
7253,5879,121,1437,2931,93
7253,5879,121,2905,7570,4900
7253,5879,121,820,402,4828
7253,5879,121,5853,641,6008
7253,5879,121,2052,4018,8141
7253,5879,121,7888,5003,7891
7253,5879,121,3272,6592,573
7253,5879,121,656,3855,7688
7253,5879,121,9937,4996,4777
7253,5879,121,2931,4959,7287
7253,5879,121,3001,176,5268
7253,5879,121,5499,6151,4430
7253,5879,121,4895,7703,6392
7253,5879,121,2832,7573,7921
7253,5879,121,7217,6157,1431
7253,5879,121,783,6803,708
7253,5879,121,3571,980,489
7253,5879,121,7798,903,4819
7253,5879,121,4737,60,7804
7253,5879,121,5679,5163,7402
7253,5879,121,9325,3005,1159
7253,5879,121,6341,364,1771
7253,5879,121,8910,8740,3950
7253,5879,121,6553,3033,9412
7253,5879,121,8813,2243,3329
7253,5879,121,6881,9500,986
7253,5879,121,4148,7999,8209
7253,5879,121,7347,4474,5082
7253,5879,121,737,6720,8184
7253,5879,121,5051,8500,4803
7253,5879,121,5393,1680,6109
7253,5879,121,763,6989,6659
7253,5879,121,933,5146,3097
7253,5879,121,7061,7421,4082
7253,5879,121,1830,2409,5067
7253,5879,121,3894,457,3662
7253,5879,121,657,3617,2059
7253,5879,121,4338,6875,1306
7253,5879,121,2548,7218,8722
7253,5879,121,4634,1982,2211
7253,5879,121,2317,4657,6616
7253,5879,121,7887,3604,8925
7253,5879,121,9883,9583,1364
7253,5879,121,2260,6899,1322
7253,5879,121,2933,673,9978
7253,5879,121,5340,9652,2871
7253,5879,121,5840,7520,308
7253,5879,121,5428,5921,3954
7253,5879,121,62,5266,4643
7253,5879,121,3787,1941,2027
7253,5879,121,58,1059,5393
7253,5879,121,9951,278,9876
7253,5879,121,5782,3255,3864
7253,5879,121,4844,3550,7232
7253,5879,121,2725,7367,4528
7253,5879,121,2977,1477,5132
7253,5879,121,5407,9035,6493
7253,5879,121,9223,2994,5100
7253,5879,121,2585,9620,9533
7253,5879,121,5521,1017,7791
7253,5879,121,2520,2576,6459
7253,5879,121,9927,8465,5420
7253,5879,121,9725,3208,9072
7253,5879,121,4970,3581,5462
7253,5879,121,8603,5052,2377
7253,5879,121,7302,7316,9585
7253,5879,121,853,4551,6729
7253,5879,121,7919,547,1128
7253,5879,121,9671,7144,551
7253,5879,121,5465,847,4162
7253,5879,121,3474,9748,9238
7253,5879,121,4181,2015,3160
7253,5879,121,9124,7510,5569
7253,5879,121,4871,7372,844
7253,5879,121,8069,894,5873
7253,5879,121,8593,5664,4099
7253,5879,121,4660,6460,1390
7253,5879,121,3432,1236,4588
7253,5879,121,1734,8646,3674
7253,5879,121,9143,544,5701
7253,5879,121,7193,7495,6465
7253,5879,121,3704,8894,8604
7253,5879,121,319,6732,7486
7253,5879,121,4282,66,3383
7253,5879,121,4361,3097,3517
7253,5879,121,9814,8816,4765
7253,5879,121,7715,8865,3434
7253,5879,121,4934,1772,3408
7253,5879,121,1802,4831,4714
