3822,5255,6059,7356,3126,2777
3822,5255,6059,7228,2589,1839
3822,5255,6059,9576,2191,8102
3822,5255,6059,1984,5512,426
3822,5255,6059,4786,4258,7318
3822,5255,6059,7400,9001,7656
3822,5255,6059,9361,3622,3999
3822,5255,6059,9192,5015,2133
3822,5255,6059,8045,132,4168
3822,5255,6059,1098,4787,2240
3822,5255,6059,1770,2799,921
3822,5255,6059,1777,613,8992
3822,5255,6059,1075,7154,282
3822,5255,6059,9714,281,6312
3822,5255,6059,2304,7664,9945
3822,5255,6059,5042,8944,6168
3822,5255,6059,4799,3399,7474
3822,5255,6059,732,947,1701
3822,5255,6059,7028,736,7601
3822,5255,6059,206,7186,1627
3822,5255,6059,6152,2993,4727
3822,5255,6059,1525,7432,8435
3822,5255,6059,8837,6824,7519
3822,5255,6059,7599,4223,8320
3822,5255,6059,6435,9796,6073
3822,5255,6059,7882,5746,264
3822,5255,6059,4713,1506,9080
3822,5255,6059,1845,3038,6234
3822,5255,6059,7555,1627,3236
3822,5255,6059,3919,2133,1649
3822,5255,6059,8992,778,8352
3822,5255,6059,7458,7090,6991
3822,5255,6059,3938,6147,5278
3822,5255,6059,4362,1290,7942
3822,5255,6059,2154,2479,5222
3822,5255,6059,7348,4581,7889
3822,5255,6059,9532,16,1114
3822,5255,6059,5189,2709,2971
3822,5255,6059,9516,4511,1233
3822,5255,6059,8486,838,8732
3822,5255,6059,980,6216,4130
3822,5255,6059,3530,6737,5299
3822,5255,6059,7133,6461,3764
3822,5255,6059,7781,1661,5494
3822,5255,6059,116,3659,1221
3822,5255,6059,3306,3678,2801
3822,5255,6059,6961,3216,7378
3822,5255,6059,3009,7271,3611
3822,5255,6059,3779,5660,3257
3822,5255,6059,2812,2111,5451
3822,5255,6059,3401,6148,9545
3822,5255,6059,1290,8330,3431
3822,5255,6059,2182,2444,2409
3822,5255,6059,3581,7737,840
3822,5255,6059,3679,7167,7044
3822,5255,6059,1909,3465,3290
3822,5255,6059,2681,7892,9898
3822,5255,6059,7232,5769,7877
3822,5255,6059,316,8866,7944
3822,5255,6059,9331,2370,1030
3822,5255,6059,4798,2055,8939
3822,5255,6059,5998,797,5386
3822,5255,6059,8405,1780,3722
3822,5255,6059,584,6380,2251
3822,5255,6059,2098,8046,5755
3822,5255,6059,8866,2250,6449
3822,5255,6059,7341,3581,811
3822,5255,6059,8567,2172,2814
3822,5255,6059,9044,7029,4694
3822,5255,6059,3723,1297,2868
3822,5255,6059,8311,6458,8700
3822,5255,6059,8062,1464,6583
3822,5255,6059,4571,1705,9620
3822,5255,6059,3632,8188,4292
3822,5255,6059,6689,4564,4034
3822,5255,6059,4312,9591,2057
3822,5255,6059,9542,6919,5905
3822,5255,6059,2097,9992,8740
3822,5255,6059,3311,2103,9996
3822,5255,6059,3498,8747,5767
3822,5255,6059,5949,5019,9834
3822,5255,6059,7404,5943,6784
3822,5255,6059,2920,8533,8297
3822,5255,6059,8561,2506,3433
3822,5255,6059,1615,6207,3946
3822,5255,6059,1618,1443,9181
3822,5255,6059,5233,4425,3091
3822,5255,6059,6971,9868,6353
3822,5255,6059,6554,4892,2741
3822,5255,6059,2318,5159,7395
3822,5255,6059,9266,4853,9508
3822,5255,6059,3168,6720,411
3822,5255,6059,2449,7423,1800
3822,5255,6059,9810,1204,3246
3822,5255,6059,1469,725,9037
3822,5255,6059,3090,9996,8979
3822,5255,6059,8163,3788,2689
3822,5255,6059,4087,4560,2951
3822,5255,6059,2721,7106,4891
3822,5255,6059,6771,8738,4272
3822,5255,6059,4338,7223,2535
3822,5255,6059,5694,9125,4663
3822,5255,6059,970,9572,644
3822,5255,6059,82,8926,2017
3822,5255,6059,9691,7370,3914
3822,5255,6059,5472,348,2379
3822,5255,6059,9931,9028,486
3822,5255,6059,1922,2543,5070
3822,5255,6059,7209,9263,3463
3822,5255,6059,5636,7611,2441
3822,5255,6059,9755,5580,4815
3822,5255,6059,1879,3333,1329
3822,5255,6059,825,5431,3459
3822,5255,6059,7286,1292,3329
3822,5255,6059,991,9721,2904
3822,5255,6059,2129,2531,4533
3822,5255,6059,3488,7173,1438
3822,5255,6059,1217,7486,217
3822,5255,6059,4953,1969,6869
3822,5255,6059,4579,1893,6177
3822,5255,6059,5319,8363,6118
3822,5255,6059,7639,8725,4569
3822,5255,6059,1225,5242,1234
3822,5255,6059,72,6976,5254
3822,5255,6059,200,4434,3423
3822,5255,6059,2138,870,6398
3822,5255,6059,3508,3448,2609
3822,5255,6059,2794,6518,4090
3822,5255,6059,5062,9204,1182
3822,5255,6059,8825,5590,3360
3822,5255,6059,7489,3338,3706
3822,5255,6059,2454,5680,6522
3822,5255,6059,7266,4667,781
3822,5255,6059,8672,5379,4643
3822,5255,6059,7166,7407,527
3822,5255,6059,2944,6691,4920
3822,5255,6059,4705,1232,3282
3822,5255,6059,3684,3561,8836
3822,5255,6059,5425,4917,9494
3822,5255,6059,6437,5376,6393
3822,5255,6059,5388,6069,1923
3822,5255,6059,6540,4572,3548
3822,5255,6059,6898,6266,1604
3822,5255,6059,8552,7721,1973
3822,5255,6059,7182,9038,2820
3822,5255,6059,118,1321,9390
3822,5255,6059,6237,6149,5042
3822,5255,6059,436,431,5190
3822,5255,6059,848,41,3781
3822,5255,6059,3269,9028,9700
3822,5255,6059,9164,9018,1427
3822,5255,6059,3614,2721,9747
3822,5255,6059,129,8153,9392
3822,5255,6059,6077,9249,1613
3822,5255,6059,8979,2836,2495
3822,5255,6059,6090,9743,1133
3822,5255,6059,9222,839,3719
3822,5255,6059,275,7162,1349
3822,5255,6059,1511,1175,1094
3822,5255,6059,2967,1905,6803
3822,5255,6059,4965,3355,1901
3822,5255,6059,7747,4225,9400
3822,5255,6059,4077,7120,8798
3822,5255,6059,8204,4583,6697
3822,5255,6059,6033,3558,3305
3822,5255,6059,1200,5124,1647
3822,5255,6059,7488,873,9918
3822,5255,6059,1305,2941,1962
3822,5255,6059,2972,1119,5256
3822,5255,6059,7132,4467,6084
3822,5255,6059,4076,980,7269
3822,5255,6059,6937,9428,5213
3822,5255,6059,5605,4247,3135
3822,5255,6059,8002,752,5835
3822,5255,6059,5482,674,4938
3822,5255,6059,6256,1183,235
3822,5255,6059,7253,1361,8315
3822,5255,6059,6266,7079,8999
3822,5255,6059,3858,1095,5362
3822,5255,6059,5651,7489,1768
3822,5255,6059,4768,2910,5707
3822,5255,6059,6405,1314,5808
3822,5255,6059,2761,5665,5830
3822,5255,6059,4896,8032,1632
3822,5255,6059,3089,2673,5464
3822,5255,6059,6131,9165,6741
3822,5255,6059,2043,4326,8547
3822,5255,6059,8155,6847,5603
3822,5255,6059,1047,3034,5584
3822,5255,6059,8786,6170,790
3822,5255,6059,7934,9253,6681
3822,5255,6059,4580,9069,6844
3822,5255,6059,3199,9451,4250
3822,5255,6059,6776,4786,1842
3822,5255,6059,2475,5514,6910
3822,5255,6059,2902,6991,9027
3822,5255,6059,9877,4140,790
3822,5255,6059,3603,6425,9151
3822,5255,6059,4404,5906,9611
3822,5255,6059,6995,5326,2379
3822,5255,6059,5171,5116,2830
3822,5255,6059,4164,7885,2185
3822,5255,6059,5856,8399,2662
3822,5255,6059,2120,7183,5519
3822,5255,6059,9720,472,8573
3822,5255,6059,1062,3727,7334
3822,5255,6059,7160,8915,4957
3822,5255,6059,665,5950,2541
3822,5255,6059,6076,9462,4823
3822,5255,6059,7012,5004,567
3822,5255,6059,5232,8222,7275
3822,5255,6059,1438,5429,8025
3822,5255,6059,5371,6906,748
3822,5255,6059,2315,8380,3280
3822,5255,6059,3636,6896,3513
3822,5255,6059,5354,1867,7505
3822,5255,6059,7321,1248,3489
3822,5255,6059,1839,1074,849
3822,5255,6059,2809,1864,2735
3822,5255,6059,6805,1711,2480
3822,5255,6059,2996,6171,563
3822,5255,6059,4219,6421,4217
3822,5255,6059,5522,6104,935
3822,5255,6059,2652,7211,9222
3822,5255,6059,3033,3353,2554
3822,5255,6059,5662,5490,3206
3822,5255,6059,2471,9843,7363
3822,5255,6059,8918,8406,2696
3822,5255,6059,3809,8087,9252
3822,5255,6059,7464,8015,6214
3822,5255,6059,726,5059,2808
3822,5255,6059,9061,8231,6129
3822,5255,6059,5248,6267,8732
3822,5255,6059,7963,1966,7565
3822,5255,6059,8599,243,5849
3822,5255,6059,907,8505,3053
3822,5255,6059,6768,6588,8405
3822,5255,6059,6121,2510,831
3822,5255,6059,717,907,1880
3822,5255,6059,783,2276,1836
3822,5255,6059,942,5581,1910
3822,5255,6059,63,192,6726
3822,5255,6059,8802,6590,1454
3822,5255,6059,7573,2168,2080
3822,5255,6059,6000,3143,1793
3822,5255,6059,2792,893,2718
3822,5255,6059,6071,8672,608
3822,5255,6059,875,7192,8483
3822,5255,6059,7726,6223,6089
3822,5255,6059,9383,4038,7975
3822,5255,6059,9083,7929,6296
3822,5255,6059,4823,1654,58
3822,5255,6059,5674,6380,5365
3822,5255,6059,8180,227,7697
3822,5255,6059,1424,5802,5681
3822,5255,6059,7119,1545,278
3822,5255,6059,4993,652,1386
3822,5255,6059,7667,2991,4387
3822,5255,6059,6138,590,7823
3822,5255,6059,761,683,8673
3822,5255,6059,3297,3176,8039
3822,5255,6059,108,9795,6659
3822,5255,6059,7966,3942,8089
3822,5255,6059,9585,8301,2444
3822,5255,6059,7382,1962,3157
3822,5255,6059,7501,3765,3958
3822,5255,6059,573,5913,4647
3822,5255,6059,6040,9595,1692
3822,5255,6059,44,5843,6832
3822,5255,6059,3131,3871,7371
3822,5255,6059,1941,1153,2747
3822,5255,6059,6915,3139,4009
3822,5255,6059,6274,7782,5355
3822,5255,6059,8696,9274,3589
3822,5255,6059,5822,8345,7781
3822,5255,6059,2019,78,1903
3822,5255,6059,7928,3139,667
3822,5255,6059,7496,9333,7627
3822,5255,6059,9460,8416,1400
3822,5255,6059,6329,5886,4330
3822,5255,6059,432,1935,5757
3822,5255,6059,1785,3319,2892
3822,5255,6059,9150,279,7965
3822,5255,6059,4090,7631,5242
3822,5255,6059,9157,108,9068
3822,5255,6059,4812,6634,5571
3822,5255,6059,5848,5181,1312
3822,5255,6059,8872,2493,8447
3822,5255,6059,8110,4562,366
3822,5255,6059,7525,682,7524
3822,5255,6059,5295,209,6739
3822,5255,6059,6737,2953,476
3822,5255,6059,6076,670,3753
3822,5255,6059,6110,3583,625
3822,5255,6059,4640,9427,7675
3822,5255,6059,8353,6493,6751
3822,5255,6059,1458,9708,9436
3822,5255,6059,7811,4255,5146
3822,5255,6059,2372,9820,8307
3822,5255,6059,7591,5399,6872
3822,5255,6059,4869,3057,8245
3822,5255,6059,8190,6534,2296
3822,5255,6059,9998,4045,9183
3822,5255,6059,3060,4986,3909
3822,5255,6059,762,2041,7986
3822,5255,6059,8181,8467,3348
3822,5255,6059,2798,4352,448
3822,5255,6059,9861,957,8281
3822,5255,6059,4681,5459,8556
3822,5255,6059,7488,751,7419
3822,5255,6059,2486,6484,4326
3822,5255,6059,4257,2087,3966
3822,5255,6059,4024,6670,7932
3822,5255,6059,8137,4525,1119
3822,5255,6059,2161,3446,9309
3822,5255,6059,3468,3926,6198
3822,5255,6059,5579,957,1476
3822,5255,6059,9097,5823,9137
3822,5255,6059,1875,8881,7828
3822,5255,6059,2473,4478,8942
3822,5255,6059,4912,210,4868
3822,5255,6059,1914,4933,1993
3822,5255,6059,2456,2017,651
3822,5255,6059,5298,8786,4415
3822,5255,6059,4682,2774,8550
3822,5255,6059,5449,9158,5436
3822,5255,6059,3393,1323,9002
3822,5255,6059,2211,3280,4146
3822,5255,6059,6039,5429,4521
3822,5255,6059,4785,4341,2358
3822,5255,6059,8547,3378,9505
3822,5255,6059,1346,5318,581
3822,5255,6059,6577,7788,7785
3822,5255,6059,6652,5804,4284
3822,5255,6059,204,4476,8753
3822,5255,6059,9047,282,8678
3822,5255,6059,8863,3504,5656
3822,5255,6059,2619,6440,5709
3822,5255,6059,157,2503,8070
3822,5255,6059,1062,3528,615
3822,5255,6059,140,9061,8176
3822,5255,6059,6816,5181,8457
3822,5255,6059,7224,5270,4817
3822,5255,6059,5051,7116,4818
3822,5255,6059,6209,5020,2
3822,5255,6059,4429,7966,1746
3822,5255,6059,2121,1971,9870
3822,5255,6059,1659,7740,6055
3822,5255,6059,3929,9335,7565
3822,5255,6059,9560,3458,9427
3822,5255,6059,6588,8139,65
3822,5255,6059,9734,9581,3729
3822,5255,6059,6991,3015,7278
3822,5255,6059,2003,6463,5279
3822,5255,6059,5375,4847,9255
3822,5255,6059,2236,802,8648
3822,5255,6059,5040,931,4049
3822,5255,6059,5169,533,4242
3822,5255,6059,3459,1509,7001
3822,5255,6059,6806,9010,4781
3822,5255,6059,9829,330,7122
3822,5255,6059,5755,40,3618
3822,5255,6059,1804,5068,8130
3822,5255,6059,6314,5313,1547
3822,5255,6059,5380,5731,1348
3822,5255,6059,9407,1463,167
3822,5255,6059,3812,3904,7634
3822,5255,6059,8149,1501,9325
3822,5255,6059,4547,3504,6848
3822,5255,6059,3372,5293,7555
3822,5255,6059,835,728,9396
3822,5255,6059,1557,6559,9421
3822,5255,6059,1947,1003,5131
3822,5255,6059,9290,9945,2119
3822,5255,6059,9777,6360,843
3822,5255,6059,8261,186,4098
3822,5255,6059,7665,3216,2392
3822,5255,6059,4028,9865,2965
3822,5255,6059,5041,3919,2350
3822,5255,6059,8148,8720,8
3822,5255,6059,7713,7430,5219
3822,5255,6059,4742,6484,9132
3822,5255,6059,1481,5066,5657
3822,5255,6059,9964,1876,1917
3822,5255,6059,7536,6961,1712
3822,5255,6059,5786,7200,3446
3822,5255,6059,6447,7028,6689
3822,5255,6059,416,8298,4963
3822,5255,6059,7140,3122,726
3822,5255,6059,5240,4015,1805
3822,5255,6059,6258,59,6432
3822,5255,6059,1636,4190,4724
3822,5255,6059,8493,268,2817
3822,5255,6059,286,9725,3160
3822,5255,6059,191,3803,4064
3822,5255,6059,9250,6544,2089
3822,5255,6059,8510,4493,4609
3822,5255,6059,7548,9620,6269
3822,5255,6059,3385,2214,3064
3822,5255,6059,5536,6116,3125
3822,5255,6059,4803,4660,1429
3822,5255,6059,7897,3896,2534
3822,5255,6059,9708,9455,4807
3822,5255,6059,5325,3148,1058
3822,5255,6059,1125,5959,1319
3822,5255,6059,4679,1738,3866
3822,5255,6059,8676,404,985
3822,5255,6059,766,7191,8919
3822,5255,6059,3493,265,8021
3822,5255,6059,5735,8883,9844
3822,5255,6059,2929,4270,4369
3822,5255,6059,7459,7023,5622
3822,5255,6059,7290,8884,6129
3822,5255,6059,5738,2681,3218
3822,5255,6059,6055,8523,416
3822,5255,6059,4320,8001,1885
3822,5255,6059,4734,4519,2037
3822,5255,6059,4937,3651,8141
3822,5255,6059,6800,7191,5699
3822,5255,6059,3580,4173,9375
3822,5255,6059,1472,628,9668
3822,5255,6059,2815,6,6213
3822,5255,6059,9065,5300,615
3822,5255,6059,1022,2767,1959
3822,5255,6059,6449,3687,6026
3822,5255,6059,1074,7299,757
3822,5255,6059,352,2231,8803
3822,5255,6059,9106,8542,2602
3822,5255,6059,2754,9762,5793
3822,5255,6059,8332,1068,4444
3822,5255,6059,4119,4234,7389
3822,5255,6059,3569,8437,4269
3822,5255,6059,7845,1745,7947
3822,5255,6059,475,7765,7493
3822,5255,6059,6960,9546,5882
3822,5255,6059,9001,6597,840
3822,5255,6059,9957,9298,7512
3822,5255,6059,1184,8496,8824
3822,5255,6059,8460,3982,5203
3822,5255,6059,8251,6628,6961
3822,5255,6059,7813,8819,1387
3822,5255,6059,9028,1943,9688
3822,5255,6059,8792,1022,3492
3822,5255,6059,2866,8371,8417
3822,5255,6059,461,839,470
3822,5255,6059,5438,5708,3008
3822,5255,6059,1776,7620,6451
3822,5255,6059,5754,1348,8734
3822,5255,6059,6466,3236,1665
3822,5255,6059,1449,1144,1541
3822,5255,6059,4148,7933,3990
3822,5255,6059,3783,5165,9754
3822,5255,6059,1093,9486,5486
3822,5255,6059,6877,7681,4974
3822,5255,6059,9083,3021,2091
3822,5255,6059,3779,5034,315
3822,5255,6059,9963,2076,5427
3822,5255,6059,738,9602,8381
3822,5255,6059,4574,4720,8231
3822,5255,6059,8004,4314,569
3822,5255,6059,1542,1235,4236
3822,5255,6059,9532,4680,825
3822,5255,6059,8303,4210,7287
3822,5255,6059,3032,8927,727
3822,5255,6059,5382,636,2222
3822,5255,6059,8444,1803,2374
3822,5255,6059,9367,4308,9652
3822,5255,6059,9351,2843,4841
3822,5255,6059,1765,9525,7693
3822,5255,6059,1640,3622,3469
3822,5255,6059,5608,4070,1374
3822,5255,6059,5978,4399,9519
3822,5255,6059,3224,9686,2808
3822,5255,6059,3658,4590,9654
3822,5255,6059,1701,9540,1292
3822,5255,6059,6952,9507,1223
3822,5255,6059,5568,1750,6398
3822,5255,6059,9531,2815,4638
3822,5255,6059,4895,2517,9865
3822,5255,6059,4126,6023,9660
3822,5255,6059,1246,8562,6961
3822,5255,6059,7720,9977,7044
3822,5255,6059,6128,4940,6696
3822,5255,6059,6418,8159,7964
3822,5255,6059,4830,3554,4560
3822,5255,6059,3726,6638,3821
3822,5255,6059,190,8533,3195
3822,5255,6059,5566,2748,400
3822,5255,6059,340,5744,6236
3822,5255,6059,6550,4343,1376
3822,5255,6059,3113,954,2866
3822,5255,6059,453,5368,426
3822,5255,6059,5938,7874,7016
3822,5255,6059,5872,6226,6616
3822,5255,6059,9250,2787,9193
3822,5255,6059,6114,3878,8289
3822,5255,6059,7442,4395,6646
3822,5255,6059,614,9871,1273
3822,5255,6059,6574,8334,2013
3822,5255,6059,7876,2046,1155
3822,5255,6059,2469,7833,3160
3822,5255,6059,3039,7847,609
3822,5255,6059,1028,6760,217
3822,5255,6059,8264,9271,8609
3822,5255,6059,1556,8251,6873
3822,5255,6059,5354,8976,4900
3822,5255,6059,3169,8797,2544
3822,5255,6059,6712,9861,1489
3822,5255,6059,5006,2368,1967
3822,5255,6059,4209,486,6374
