7253,5879,121,9002,4226,452
7253,5879,121,6035,8727,3833
7253,5879,121,3751,3710,3093
7253,5879,121,7225,9641,257
7253,5879,121,9689,9940,8213
7253,5879,121,3664,7431,9865
7253,5879,121,6598,1145,5074
7253,5879,121,720,368,2324
7253,5879,121,1902,9058,8897
7253,5879,121,3870,6359,3254
7253,5879,121,9997,9654,1765
7253,5879,121,9314,7612,5079
7253,5879,121,477,2472,7341
7253,5879,121,253,7012,4631
7253,5879,121,8131,4027,5311
7253,5879,121,8627,6045,6172
7253,5879,121,5299,2920,3189
7253,5879,121,3213,9123,2100
7253,5879,121,4295,5275,7944
7253,5879,121,2095,3786,491
7253,5879,121,3599,4528,5985
7253,5879,121,8951,6858,1819
7253,5879,121,2015,1017,7098
7253,5879,121,9785,5115,3897
7253,5879,121,1970,5488,5846
7253,5879,121,715,8721,6131
7253,5879,121,7321,2057,1065
7253,5879,121,5773,8369,5968
7253,5879,121,6304,6379,6183
7253,5879,121,593,2847,9067
7253,5879,121,2198,4659,7766
7253,5879,121,5076,6123,9094
7253,5879,121,5505,5209,3119
7253,5879,121,8509,153,4531
7253,5879,121,1287,1453,7604
7253,5879,121,8951,6039,4984
7253,5879,121,3134,9814,8694
7253,5879,121,3818,437,817
7253,5879,121,4411,2272,5269
7253,5879,121,266,4166,2549
7253,5879,121,8038,343,7335
7253,5879,121,9025,1871,1541
7253,5879,121,1540,4855,3732
7253,5879,121,7657,6447,1808
7253,5879,121,4992,3754,764
7253,5879,121,3322,8257,3644
7253,5879,121,5315,2905,3733
7253,5879,121,2262,7716,3340
7253,5879,121,644,9716,1028
7253,5879,121,1129,3189,3918
7253,5879,121,3900,9747,181
7253,5879,121,8407,7176,6208
7253,5879,121,7309,1206,6987
7253,5879,121,8530,5749,9789
7253,5879,121,7660,6348,3404
7253,5879,121,2524,9811,1463
7253,5879,121,1220,197,7965
7253,5879,121,5860,3507,7370
7253,5879,121,4222,7411,6316
7253,5879,121,4863,9180,8535
7253,5879,121,9852,1966,22
7253,5879,121,3741,4237,5946
7253,5879,121,3455,3960,9408
7253,5879,121,9651,9006,5647
7253,5879,121,782,356,251
7253,5879,121,6682,7899,73
7253,5879,121,9715,5896,2289
7253,5879,121,6763,9434,5898
7253,5879,121,4845,8183,3461
7253,5879,121,8709,2508,8950
7253,5879,121,1408,9775,6263
7253,5879,121,6609,2944,9588
7253,5879,121,4588,668,2416
7253,5879,121,9337,303,1715
7253,5879,121,7900,2307,8615
7253,5879,121,9660,4853,7148
7253,5879,121,5278,7861,5756
7253,5879,121,7131,2003,7395
7253,5879,121,6347,7022,1059
7253,5879,121,3130,6247,4875
7253,5879,121,9051,6266,738
7253,5879,121,6264,3816,1710
7253,5879,121,4151,4455,8398
7253,5879,121,5863,6397,317
7253,5879,121,36,8379,4819
7253,5879,121,1356,8266,1675
7253,5879,121,1072,9975,4754
7253,5879,121,7546,4862,1445
7253,5879,121,2737,1276,5677
7253,5879,121,4701,6906,4022
7253,5879,121,866,5795,5575
7253,5879,121,2103,696,4623
7253,5879,121,3368,8665,5757
7253,5879,121,8179,2734,7968
7253,5879,121,1201,7221,6037
7253,5879,121,8808,9412,4793
7253,5879,121,7829,5032,7425
7253,5879,121,6387,6459,895
7253,5879,121,432,4539,9713
7253,5879,121,1549,5070,1314
7253,5879,121,9031,8910,8763
7253,5879,121,6516,1387,4998
7253,5879,121,9587,8141,4085
7253,5879,121,7877,7207,5107
7253,5879,121,8243,3135,1379
7253,5879,121,789,5454,1848
7253,5879,121,3085,3651,2858
7253,5879,121,1597,554,3805
7253,5879,121,6942,6077,455
7253,5879,121,5583,3934,9312
7253,5879,121,8790,9814,6493
7253,5879,121,3755,4135,9461
7253,5879,121,2208,1654,988
7253,5879,121,757,8679,6325
7253,5879,121,2197,9259,1967
7253,5879,121,7269,9908,7894
7253,5879,121,6946,2685,9104
7253,5879,121,2238,506,4208
7253,5879,121,3926,7101,9368
7253,5879,121,8326,7402,3177
7253,5879,121,6897,1833,9416
7253,5879,121,3320,9058,7606
7253,5879,121,8395,5795,3412
7253,5879,121,4427,7718,2071
7253,5879,121,3794,4270,6773
7253,5879,121,1563,3780,5351
7253,5879,121,384,1470,6397
7253,5879,121,5419,6918,7405
7253,5879,121,5446,8200,1982
7253,5879,121,7325,1790,7006
7253,5879,121,3272,9255,8286
7253,5879,121,1321,567,1864
7253,5879,121,4483,3049,6375
7253,5879,121,5805,3082,6098
7253,5879,121,7705,9179,8169
7253,5879,121,2351,1174,6097
7253,5879,121,7354,2869,6876
7253,5879,121,237,4244,8951
7253,5879,121,5210,5411,5865
7253,5879,121,2356,823,3132
7253,5879,121,1492,6750,5644
7253,5879,121,9498,3297,6833
7253,5879,121,4300,9372,5742
7253,5879,121,5059,1717,6270
7253,5879,121,490,2881,5188
7253,5879,121,3353,8094,5685
7253,5879,121,8539,4085,4455
7253,5879,121,8986,4099,5090
7253,5879,121,4583,634,1901
7253,5879,121,3022,9376,1518
7253,5879,121,9759,5346,346
7253,5879,121,3123,3177,7386
7253,5879,121,1585,9185,8731
7253,5879,121,3476,6148,2689
7253,5879,121,8620,1740,1436
7253,5879,121,1207,5210,823
7253,5879,121,9569,2651,3828
7253,5879,121,3370,831,5036
7253,5879,121,5274,3109,2641
7253,5879,121,8936,8267,7005
7253,5879,121,1942,9385,1521
7253,5879,121,6385,4085,8847
7253,5879,121,5357,7704,1794
7253,5879,121,3029,9763,4504
7253,5879,121,6583,3459,594
7253,5879,121,5469,598,2734
7253,5879,121,9891,4072,4238
7253,5879,121,5300,690,2419
7253,5879,121,5419,2331,7854
7253,5879,121,9046,9426,7387
7253,5879,121,9734,297,4860
7253,5879,121,33,2583,9598
7253,5879,121,6409,4538,915
7253,5879,121,2891,6357,1146
7253,5879,121,88,518,8473
7253,5879,121,1966,6384,2378
7253,5879,121,240,7738,1533
7253,5879,121,4288,4454,7679
7253,5879,121,6387,7632,5163
7253,5879,121,9100,7508,105
7253,5879,121,3664,9404,3510
7253,5879,121,885,5531,5039
7253,5879,121,6146,5610,7506
7253,5879,121,3544,3426,9928
7253,5879,121,6190,3742,142
7253,5879,121,2614,7771,9820
7253,5879,121,6412,8445,8878
7253,5879,121,2125,9669,518
7253,5879,121,4297,6856,7103
7253,5879,121,4895,227,7525
7253,5879,121,5873,9571,7671
7253,5879,121,93,6939,6285
7253,5879,121,5222,4682,920
7253,5879,121,1820,8769,2075
7253,5879,121,2348,6541,1631
7253,5879,121,3985,3874,5197
7253,5879,121,103,1165,4229
7253,5879,121,1830,1986,1754
7253,5879,121,7082,5672,5106
7253,5879,121,5392,1037,417
7253,5879,121,2650,4237,9304
7253,5879,121,4514,2680,8129
7253,5879,121,9431,1804,4437
7253,5879,121,1533,5034,9197
7253,5879,121,7618,8036,3684
7253,5879,121,1473,536,6682
7253,5879,121,5393,32,7204
7253,5879,121,4929,5269,1795
7253,5879,121,506,6053,8706
7253,5879,121,4888,6180,2984
7253,5879,121,5107,5524,8330
7253,5879,121,9027,1381,5592
7253,5879,121,9175,9722,8657
7253,5879,121,7938,8998,5190
7253,5879,121,1112,4089,9306
7253,5879,121,9767,1491,5146
7253,5879,121,6431,3199,444
7253,5879,121,5000,5290,6968
7253,5879,121,6771,2603,4633
7253,5879,121,3266,8418,4003
7253,5879,121,9698,1717,5406
7253,5879,121,8568,3835,3501
7253,5879,121,1818,2574,6681
7253,5879,121,9429,8953,1259
7253,5879,121,796,3105,2973
7253,5879,121,1951,8038,1036
7253,5879,121,9000,5462,4617
7253,5879,121,2748,115,3374
7253,5879,121,431,599,9910
7253,5879,121,9518,6479,8237
7253,5879,121,9781,8235,7572
7253,5879,121,9690,9913,7558
7253,5879,121,6543,7948,5602
7253,5879,121,5997,5323,3338
7253,5879,121,9659,1195,6027
7253,5879,121,7472,1618,2839
7253,5879,121,9397,3783,7055
7253,5879,121,6173,7249,6399
7253,5879,121,160,3491,9373
7253,5879,121,4005,9866,4393
7253,5879,121,3703,1021,3600
7253,5879,121,2017,1453,6886
7253,5879,121,342,8553,1759
7253,5879,121,5987,3420,9935
7253,5879,121,7924,3121,3525
7253,5879,121,2754,7791,3892
7253,5879,121,9312,2055,6387
7253,5879,121,8182,4916,9296
7253,5879,121,7738,1272,2566
7253,5879,121,4342,9216,6601
7253,5879,121,7507,125,2016
7253,5879,121,7757,518,4475
7253,5879,121,4651,3740,4385
7253,5879,121,734,1002,4986
7253,5879,121,8802,5789,8187
7253,5879,121,9519,3672,8085
7253,5879,121,9708,1191,1880
7253,5879,121,4729,9242,8311
7253,5879,121,5627,4702,7070
7253,5879,121,2559,860,476
7253,5879,121,2862,2275,3921
7253,5879,121,4410,9444,2360
7253,5879,121,2577,6326,8295
7253,5879,121,6837,2481,2344
7253,5879,121,516,9161,1939
7253,5879,121,4765,7252,4235
7253,5879,121,8760,2115,4982
7253,5879,121,1165,3417,1226
7253,5879,121,2080,9746,8361
7253,5879,121,232,9744,4651
7253,5879,121,1684,6351,847
7253,5879,121,4538,3313,5882
7253,5879,121,2197,767,1181
7253,5879,121,8887,487,9169
7253,5879,121,373,2529,940
7253,5879,121,1377,4826,5658
7253,5879,121,7715,3437,3175
7253,5879,121,5662,8631,8088
7253,5879,121,575,9733,6571
7253,5879,121,8939,4539,6824
7253,5879,121,2702,1741,2566
7253,5879,121,5097,3551,6680
7253,5879,121,624,9556,3097
7253,5879,121,5709,4827,1292
7253,5879,121,6465,7538,6492
7253,5879,121,7272,1816,7646
7253,5879,121,4152,8396,1118
7253,5879,121,9946,1907,7213
7253,5879,121,1934,4136,3570
7253,5879,121,8586,7040,495
7253,5879,121,2508,6319,7115
7253,5879,121,4523,7028,550
7253,5879,121,6566,2470,4281
7253,5879,121,6823,1599,4042
7253,5879,121,9987,1959,6063
7253,5879,121,9120,506,8789
7253,5879,121,9409,605,1208
7253,5879,121,7993,2119,7816
7253,5879,121,5339,2186,3282
7253,5879,121,761,8945,5779
7253,5879,121,4748,6238,8727
7253,5879,121,6739,6397,8013
7253,5879,121,6976,6936,8296
7253,5879,121,2143,5030,6893
7253,5879,121,2057,7052,5295
7253,5879,121,9347,6789,6245
7253,5879,121,6711,671,7994
7253,5879,121,2171,330,7782
7253,5879,121,446,6989,6270
7253,5879,121,9503,162,1650
7253,5879,121,6880,6065,5782
7253,5879,121,798,7505,2104
7253,5879,121,9524,1940,8107
7253,5879,121,6917,1020,5412
7253,5879,121,2854,4165,1149
7253,5879,121,8706,9674,5882
7253,5879,121,8527,3575,739
7253,5879,121,4832,9362,7337
7253,5879,121,5723,7671,8447
7253,5879,121,6792,6575,3751
7253,5879,121,5387,8699,1344
7253,5879,121,9539,4860,2528
7253,5879,121,1288,7852,9504
7253,5879,121,108,5547,5725
7253,5879,121,7417,844,1344
7253,5879,121,5675,587,4724
7253,5879,121,807,4713,2760
7253,5879,121,2437,1397,8810
7253,5879,121,881,2814,5740
7253,5879,121,9227,3195,3055
7253,5879,121,2059,7914,5541
7253,5879,121,2219,476,3503
7253,5879,121,3834,6327,5468
7253,5879,121,8352,5781,9085
7253,5879,121,2012,2284,7309
7253,5879,121,9024,7993,5551
7253,5879,121,9776,4999,516
7253,5879,121,9333,3437,1058
7253,5879,121,7692,7312,8842
7253,5879,121,7913,8793,4695
7253,5879,121,2818,2693,3724
7253,5879,121,8157,7988,1519
7253,5879,121,6274,134,8277
7253,5879,121,996,9121,1096
7253,5879,121,6394,9889,3451
7253,5879,121,7204,4191,5320
7253,5879,121,3801,6598,5916
7253,5879,121,350,5077,4950
7253,5879,121,1262,5992,5590
7253,5879,121,4916,6828,256
7253,5879,121,2098,9629,7677
7253,5879,121,5428,9876,1621
7253,5879,121,2542,3728,210
7253,5879,121,5275,3359,9312
7253,5879,121,3519,3288,8387
7253,5879,121,1742,2901,1582
7253,5879,121,4139,7802,6958
7253,5879,121,2917,7882,473
7253,5879,121,7042,6265,8558
7253,5879,121,5422,6734,7614
7253,5879,121,4761,4820,3425
7253,5879,121,9442,3305,1915
7253,5879,121,908,608,7089
7253,5879,121,4069,1388,8702
7253,5879,121,5365,4767,6864
7253,5879,121,5881,7185,5298
7253,5879,121,4277,6997,2629
7253,5879,121,8794,7981,8576
7253,5879,121,6948,9175,2809
7253,5879,121,9140,4033,9048
7253,5879,121,7670,3353,6795
7253,5879,121,6721,5688,6038
7253,5879,121,9585,4390,5733
7253,5879,121,9756,33,2528
7253,5879,121,5222,5239,4950
7253,5879,121,7020,9723,4624
7253,5879,121,7170,4399,6240
7253,5879,121,4935,9925,8627
7253,5879,121,7557,6516,1588
7253,5879,121,5690,9814,2998
7253,5879,121,1638,5251,4860
7253,5879,121,5736,9302,8408
7253,5879,121,2082,832,4626
7253,5879,121,8324,1944,6367
7253,5879,121,4833,2751,7904
7253,5879,121,7635,347,4793
7253,5879,121,6995,1800,6907
7253,5879,121,7607,6283,7697
7253,5879,121,1424,9500,3985
7253,5879,121,3,206,9771
7253,5879,121,1332,6041,9326
7253,5879,121,2957,5306,4559
7253,5879,121,4758,610,9755
7253,5879,121,8909,1929,4162
7253,5879,121,7926,3745,5375
7253,5879,121,1928,8944,6754
7253,5879,121,6642,6396,9491
7253,5879,121,8498,4773,1496
7253,5879,121,9219,4143,889
7253,5879,121,4782,863,1850
7253,5879,121,3616,7160,3372
7253,5879,121,6865,826,507
7253,5879,121,3242,1673,5720
7253,5879,121,2292,8625,4971
7253,5879,121,7646,8195,5966
7253,5879,121,4145,6971,5084
7253,5879,121,2234,1377,952
7253,5879,121,4472,4994,4039
7253,5879,121,1905,1274,5882
7253,5879,121,436,5118,5473
7253,5879,121,4382,2157,3007
7253,5879,121,4523,8083,8905
7253,5879,121,1357,5982,8925
7253,5879,121,3678,4419,4064
7253,5879,121,8446,6117,5445
7253,5879,121,6460,1117,5015
7253,5879,121,9275,1428,1368
7253,5879,121,4241,5558,3760
7253,5879,121,4906,4873,5045
7253,5879,121,8062,2994,3171
7253,5879,121,7463,9364,1156
7253,5879,121,1390,8747,9379
7253,5879,121,4644,7757,5836
7253,5879,121,8844,1323,227
7253,5879,121,2730,5216,9938
7253,5879,121,3166,688,1308
7253,5879,121,5385,5658,3736
7253,5879,121,1867,4854,6600
7253,5879,121,176,5521,2534
7253,5879,121,8463,3176,6440
7253,5879,121,2958,5355,5742
7253,5879,121,4414,757,6282
7253,5879,121,3864,7034,6692
7253,5879,121,8084,744,1173
7253,5879,121,7515,4276,3151
7253,5879,121,2053,2298,6364
7253,5879,121,2991,5599,1979
7253,5879,121,9625,9744,2905
7253,5879,121,7746,4426,9227
7253,5879,121,379,5593,8794
7253,5879,121,9456,3269,8631
7253,5879,121,2614,6842,6988
7253,5879,121,3396,9207,5936
7253,5879,121,4671,9653,7998
7253,5879,121,1735,1014,2460
7253,5879,121,3621,5846,3076
7253,5879,121,8807,7478,7021
7253,5879,121,1433,3812,2121
7253,5879,121,6088,4139,7475
7253,5879,121,977,4717,6760
7253,5879,121,2794,4723,7225
7253,5879,121,8933,3125,4399
7253,5879,121,3841,2935,437
7253,5879,121,1162,6885,4900
7253,5879,121,1096,3831,9496
7253,5879,121,8536,5476,2516
7253,5879,121,2090,5478,4486
7253,5879,121,3041,9811,8963
7253,5879,121,7747,3668,333
7253,5879,121,9708,2079,5599
7253,5879,121,8447,6637,5733
7253,5879,121,8868,9951,6610
7253,5879,121,8124,1115,4931
7253,5879,121,9505,5173,4994
7253,5879,121,4705,766,994
7253,5879,121,1588,5658,7051
7253,5879,121,7089,9686,9466
7253,5879,121,7399,4317,749
7253,5879,121,8184,806,7401
7253,5879,121,6100,6737,3331
7253,5879,121,4211,3219,5508
7253,5879,121,137,5942,5807
7253,5879,121,5237,5061,2902
7253,5879,121,2715,2704,3049
7253,5879,121,5340,5753,3108
7253,5879,121,5907,5003,5249
7253,5879,121,1587,4123,2882
7253,5879,121,1015,6696,2572
7253,5879,121,7527,1022,5920
7253,5879,121,8721,9551,4533
7253,5879,121,6396,9746,280
7253,5879,121,3312,1702,9897
7253,5879,121,8315,5431,9829
7253,5879,121,6989,2649,2141
7253,5879,121,5520,1093,4035
7253,5879,121,3159,7400,1573
7253,5879,121,2249,9614,9367
7253,5879,121,5349,1744,5410
7253,5879,121,4829,7510,564
7253,5879,121,6621,7011,9386
7253,5879,121,8014,8149,7317
7253,5879,121,529,8610,6313
7253,5879,121,4135,3972,5387
7253,5879,121,3445,7026,2563
7253,5879,121,6720,4834,3563
7253,5879,121,6953,2084,3652
7253,5879,121,7208,3101,459
7253,5879,121,2144,9973,4221
7253,5879,121,7874,718,2387
7253,5879,121,7532,9386,3906
7253,5879,121,5140,1079,4357
7253,5879,121,2915,3176,4443
7253,5879,121,8124,4108,7091
7253,5879,121,3131,5538,5651
7253,5879,121,3215,2279,6962
7253,5879,121,4172,4527,9508
7253,5879,121,960,3463,4358
7253,5879,121,5985,9913,3954
7253,5879,121,9342,1927,5320
7253,5879,121,6353,2250,8870
