3808,9476,4993,6880,6065,5782
3808,9476,4993,798,7505,2104
3808,9476,4993,9524,1940,8107
3808,9476,4993,6917,1020,5412
3808,9476,4993,2854,4165,1149
3808,9476,4993,8706,9674,5882
3808,9476,4993,8527,3575,739
3808,9476,4993,4832,9362,7337
3808,9476,4993,5723,7671,8447
3808,9476,4993,6792,6575,3751
3808,9476,4993,5387,8699,1344
3808,9476,4993,9539,4860,2528
3808,9476,4993,1288,7852,9504
3808,9476,4993,108,5547,5725
3808,9476,4993,7417,844,1344
3808,9476,4993,5675,587,4724
3808,9476,4993,807,4713,2760
3808,9476,4993,2437,1397,8810
3808,9476,4993,881,2814,5740
3808,9476,4993,9227,3195,3055
3808,9476,4993,2059,7914,5541
3808,9476,4993,2219,476,3503
3808,9476,4993,3834,6327,5468
3808,9476,4993,8352,5781,9085
3808,9476,4993,2012,2284,7309
3808,9476,4993,9024,7993,5551
3808,9476,4993,9776,4999,516
3808,9476,4993,9333,3437,1058
3808,9476,4993,7692,7312,8842
3808,9476,4993,7913,8793,4695
3808,9476,4993,2818,2693,3724
3808,9476,4993,8157,7988,1519
3808,9476,4993,6274,134,8277
3808,9476,4993,996,9121,1096
3808,9476,4993,6394,9889,3451
3808,9476,4993,7204,4191,5320
3808,9476,4993,3801,6598,5916
3808,9476,4993,350,5077,4950
3808,9476,4993,1262,5992,5590
3808,9476,4993,4916,6828,256
3808,9476,4993,2098,9629,7677
3808,9476,4993,5428,9876,1621
3808,9476,4993,2542,3728,210
3808,9476,4993,5275,3359,9312
3808,9476,4993,3519,3288,8387
3808,9476,4993,1742,2901,1582
3808,9476,4993,4139,7802,6958
3808,9476,4993,2917,7882,473
3808,9476,4993,7042,6265,8558
3808,9476,4993,5422,6734,7614
3808,9476,4993,4761,4820,3425
3808,9476,4993,9442,3305,1915
3808,9476,4993,908,608,7089
3808,9476,4993,4069,1388,8702
3808,9476,4993,5365,4767,6864
3808,9476,4993,5881,7185,5298
3808,9476,4993,4277,6997,2629
3808,9476,4993,8794,7981,8576
3808,9476,4993,6948,9175,2809
3808,9476,4993,9140,4033,9048
3808,9476,4993,7670,3353,6795
3808,9476,4993,6721,5688,6038
3808,9476,4993,9585,4390,5733
3808,9476,4993,9756,33,2528
3808,9476,4993,5222,5239,4950
3808,9476,4993,7020,9723,4624
3808,9476,4993,7170,4399,6240
3808,9476,4993,4935,9925,8627
3808,9476,4993,7557,6516,1588
3808,9476,4993,5690,9814,2998
3808,9476,4993,1638,5251,4860
3808,9476,4993,5736,9302,8408
3808,9476,4993,2082,832,4626
3808,9476,4993,8324,1944,6367
3808,9476,4993,4833,2751,7904
3808,9476,4993,7635,347,4793
3808,9476,4993,6995,1800,6907
3808,9476,4993,7607,6283,7697
3808,9476,4993,1424,9500,3985
3808,9476,4993,3,206,9771
3808,9476,4993,1332,6041,9326
3808,9476,4993,2957,5306,4559
3808,9476,4993,4758,610,9755
3808,9476,4993,8909,1929,4162
3808,9476,4993,7926,3745,5375
3808,9476,4993,1928,8944,6754
3808,9476,4993,6642,6396,9491
3808,9476,4993,8498,4773,1496
3808,9476,4993,9219,4143,889
3808,9476,4993,4782,863,1850
3808,9476,4993,3616,7160,3372
3808,9476,4993,6865,826,507
3808,9476,4993,3242,1673,5720
3808,9476,4993,2292,8625,4971
3808,9476,4993,7646,8195,5966
3808,9476,4993,4145,6971,5084
3808,9476,4993,2234,1377,952
3808,9476,4993,4472,4994,4039
3808,9476,4993,1905,1274,5882
3808,9476,4993,436,5118,5473
3808,9476,4993,4382,2157,3007
3808,9476,4993,4523,8083,8905
3808,9476,4993,1357,5982,8925
3808,9476,4993,3678,4419,4064
3808,9476,4993,8446,6117,5445
3808,9476,4993,6460,1117,5015
3808,9476,4993,9275,1428,1368
3808,9476,4993,4241,5558,3760
3808,9476,4993,4906,4873,5045
3808,9476,4993,8062,2994,3171
3808,9476,4993,7463,9364,1156
3808,9476,4993,1390,8747,9379
3808,9476,4993,4644,7757,5836
3808,9476,4993,8844,1323,227
3808,9476,4993,2730,5216,9938
3808,9476,4993,3166,688,1308
3808,9476,4993,5385,5658,3736
3808,9476,4993,1867,4854,6600
3808,9476,4993,176,5521,2534
3808,9476,4993,8463,3176,6440
3808,9476,4993,2958,5355,5742
3808,9476,4993,4414,757,6282
3808,9476,4993,3864,7034,6692
3808,9476,4993,8084,744,1173
3808,9476,4993,7515,4276,3151
3808,9476,4993,2053,2298,6364
3808,9476,4993,2991,5599,1979
3808,9476,4993,9625,9744,2905
3808,9476,4993,7746,4426,9227
3808,9476,4993,379,5593,8794
3808,9476,4993,9456,3269,8631
3808,9476,4993,2614,6842,6988
3808,9476,4993,3396,9207,5936
3808,9476,4993,4671,9653,7998
3808,9476,4993,1735,1014,2460
3808,9476,4993,3621,5846,3076
3808,9476,4993,8807,7478,7021
3808,9476,4993,1433,3812,2121
3808,9476,4993,6088,4139,7475
3808,9476,4993,977,4717,6760
3808,9476,4993,2794,4723,7225
3808,9476,4993,8933,3125,4399
3808,9476,4993,3841,2935,437
3808,9476,4993,1162,6885,4900
3808,9476,4993,1096,3831,9496
3808,9476,4993,8536,5476,2516
3808,9476,4993,2090,5478,4486
3808,9476,4993,3041,9811,8963
3808,9476,4993,7747,3668,333
3808,9476,4993,9708,2079,5599
3808,9476,4993,8447,6637,5733
3808,9476,4993,8868,9951,6610
3808,9476,4993,8124,1115,4931
3808,9476,4993,9505,5173,4994
3808,9476,4993,4705,766,994
3808,9476,4993,1588,5658,7051
3808,9476,4993,7089,9686,9466
3808,9476,4993,7399,4317,749
3808,9476,4993,8184,806,7401
3808,9476,4993,6100,6737,3331
3808,9476,4993,4211,3219,5508
3808,9476,4993,137,5942,5807
3808,9476,4993,5237,5061,2902
3808,9476,4993,2715,2704,3049
3808,9476,4993,5340,5753,3108
3808,9476,4993,5907,5003,5249
3808,9476,4993,1587,4123,2882
3808,9476,4993,1015,6696,2572
3808,9476,4993,7527,1022,5920
3808,9476,4993,8721,9551,4533
3808,9476,4993,6396,9746,280
3808,9476,4993,3312,1702,9897
3808,9476,4993,8315,5431,9829
3808,9476,4993,6989,2649,2141
3808,9476,4993,5520,1093,4035
3808,9476,4993,3159,7400,1573
3808,9476,4993,2249,9614,9367
3808,9476,4993,5349,1744,5410
3808,9476,4993,4829,7510,564
3808,9476,4993,6621,7011,9386
3808,9476,4993,8014,8149,7317
3808,9476,4993,529,8610,6313
3808,9476,4993,4135,3972,5387
3808,9476,4993,3445,7026,2563
3808,9476,4993,6720,4834,3563
3808,9476,4993,6953,2084,3652
3808,9476,4993,7208,3101,459
3808,9476,4993,2144,9973,4221
3808,9476,4993,7874,718,2387
3808,9476,4993,7532,9386,3906
3808,9476,4993,5140,1079,4357
3808,9476,4993,2915,3176,4443
3808,9476,4993,8124,4108,7091
3808,9476,4993,3131,5538,5651
3808,9476,4993,3215,2279,6962
3808,9476,4993,4172,4527,9508
3808,9476,4993,960,3463,4358
3808,9476,4993,5985,9913,3954
3808,9476,4993,9342,1927,5320
3808,9476,4993,6353,2250,8870
3808,9476,4993,4747,7544,7871
3808,9476,4993,9477,6087,2837
3808,9476,4993,6321,801,6044
3808,9476,4993,9854,3238,4517
3808,9476,4993,4493,8595,5743
3808,9476,4993,6617,4110,9450
3808,9476,4993,6438,4736,9616
3808,9476,4993,4514,4366,5441
3808,9476,4993,7176,6278,8379
3808,9476,4993,3511,1382,2452
3808,9476,4993,8483,1775,3565
3808,9476,4993,663,5190,1378
3808,9476,4993,8441,2065,5447
3808,9476,4993,5205,6419,9990
3808,9476,4993,2277,8337,1836
3808,9476,4993,1545,5002,8276
3808,9476,4993,9657,7623,5792
3808,9476,4993,7796,2925,3496
3808,9476,4993,8469,953,5508
3808,9476,4993,4994,575,6135
7253,5879,121,2230,2822,9220
7253,5879,121,6967,6016,3899
7253,5879,121,9498,7394,5544
7253,5879,121,4002,1811,7105
7253,5879,121,1661,9835,8955
7253,5879,121,2407,7540,6915
7253,5879,121,9814,5542,4716
7253,5879,121,4146,6939,2077
7253,5879,121,8513,2105,3707
7253,5879,121,2381,4316,3196
7253,5879,121,4836,9414,2252
7253,5879,121,248,9589,2800
7253,5879,121,2080,4006,2166
7253,5879,121,4533,7227,3731
7253,5879,121,3210,5286,2212
7253,5879,121,3671,2496,4194
7253,5879,121,5940,7967,2878
7253,5879,121,1468,6979,9208
7253,5879,121,7350,8841,1469
7253,5879,121,2245,6459,1408
7253,5879,121,5893,2175,9193
7253,5879,121,8036,1955,7253
7253,5879,121,9589,3492,1555
7253,5879,121,1911,7493,8890
7253,5879,121,5241,2510,7325
7253,5879,121,3443,6824,8545
7253,5879,121,5726,85,5922
7253,5879,121,9661,1717,9761
7253,5879,121,9855,6316,8123
7253,5879,121,8925,3242,8585
7253,5879,121,6224,2503,3256
7253,5879,121,8502,3318,3561
7253,5879,121,5522,6339,8391
7253,5879,121,4703,5784,8412
7253,5879,121,4042,5445,8952
7253,5879,121,5889,4384,2177
7253,5879,121,4703,3753,5877
7253,5879,121,1832,7736,8400
7253,5879,121,5764,6446,4359
7253,5879,121,5201,8133,1167
7253,5879,121,1599,7009,7027
7253,5879,121,5130,6506,9733
7253,5879,121,1584,5345,127
7253,5879,121,8335,1280,5560
7253,5879,121,2142,8064,8759
7253,5879,121,1099,6311,3225
7253,5879,121,8318,8293,403
7253,5879,121,5086,8967,3951
7253,5879,121,9756,2428,9872
7253,5879,121,2736,6652,2219
7253,5879,121,7354,2364,1905
7253,5879,121,5811,4629,6291
7253,5879,121,2409,9412,1521
7253,5879,121,3316,6438,6980
7253,5879,121,8977,2583,4822
7253,5879,121,7395,6489,6609
7253,5879,121,1841,3830,6170
7253,5879,121,4711,8400,6753
7253,5879,121,4341,121,8403
7253,5879,121,295,4437,3452
7253,5879,121,3179,3367,9332
7253,5879,121,1074,3467,4483
7253,5879,121,7691,2189,6392
7253,5879,121,1486,7167,4570
7253,5879,121,3980,9883,3497
7253,5879,121,7978,6627,255
7253,5879,121,1736,9499,390
7253,5879,121,7022,7899,2504
7253,5879,121,8517,3674,4511
7253,5879,121,758,9085,1549
7253,5879,121,8695,3505,4644
7253,5879,121,3830,4212,6887
7253,5879,121,2710,9827,1444
7253,5879,121,5507,1238,6645
7253,5879,121,3878,1898,8871
7253,5879,121,2957,9015,1852
7253,5879,121,6526,2342,1414
7253,5879,121,8603,1433,9970
7253,5879,121,9951,8499,8033
7253,5879,121,8031,1244,4632
7253,5879,121,6732,2753,67
7253,5879,121,4476,8067,689
7253,5879,121,2150,2079,2753
7253,5879,121,5504,9923,4608
7253,5879,121,2156,6899,6607
7253,5879,121,6828,3167,9083
7253,5879,121,9249,8529,5275
7253,5879,121,1783,9056,74
7253,5879,121,7290,3749,5983
7253,5879,121,4994,5720,2939
7253,5879,121,4797,4899,5972
7253,5879,121,1701,8060,6018
7253,5879,121,3065,4327,3249
7253,5879,121,4421,2265,5384
7253,5879,121,411,6205,1781
7253,5879,121,7761,8852,5390
7253,5879,121,4924,9447,6332
7253,5879,121,9217,2987,7810
7253,5879,121,8650,6681,2953
7253,5879,121,9637,2434,2606
7253,5879,121,3347,381,1838
7253,5879,121,264,3348,9913
7253,5879,121,2547,6276,2999
7253,5879,121,1900,4357,989
7253,5879,121,3663,6787,4296
7253,5879,121,8867,6944,9752
7253,5879,121,5872,1636,8306
7253,5879,121,5291,2971,8774
7253,5879,121,2604,7663,8850
7253,5879,121,734,5244,2251
7253,5879,121,167,7677,7249
7253,5879,121,3032,5446,555
7253,5879,121,5664,6845,4746
7253,5879,121,8996,323,1966
7253,5879,121,6701,198,3048
7253,5879,121,4590,6894,1068
7253,5879,121,5667,6422,5325
7253,5879,121,5535,7338,4795
7253,5879,121,6083,2087,6686
7253,5879,121,5094,2501,6480
7253,5879,121,327,9697,5280
7253,5879,121,2806,8440,8967
7253,5879,121,9974,8500,8190
7253,5879,121,6990,3654,6702
7253,5879,121,1415,4128,2835
7253,5879,121,7774,8396,6019
7253,5879,121,3680,6851,237
7253,5879,121,2783,19,4805
7253,5879,121,5397,7126,9407
7253,5879,121,2364,5504,3584
7253,5879,121,1930,4550,7320
7253,5879,121,6236,9510,6262
7253,5879,121,348,5946,1804
7253,5879,121,6206,2541,9481
7253,5879,121,7324,1649,8559
7253,5879,121,9027,9818,1238
7253,5879,121,272,6293,1975
7253,5879,121,2494,2671,252
7253,5879,121,249,7896,8351
7253,5879,121,2703,5151,4443
7253,5879,121,5209,84,4159
7253,5879,121,4507,7820,6277
7253,5879,121,4122,3439,5382
7253,5879,121,8883,2825,2959
7253,5879,121,8447,7348,9616
7253,5879,121,6865,608,5532
7253,5879,121,4146,1581,3554
7253,5879,121,6335,402,6479
7253,5879,121,4092,3085,1762
7253,5879,121,894,9905,9254
7253,5879,121,5687,8150,5932
7253,5879,121,2380,6196,1311
7253,5879,121,5045,1979,5553
7253,5879,121,3959,979,9531
7253,5879,121,275,9082,8982
7253,5879,121,7123,703,3388
7253,5879,121,1896,5819,5876
7253,5879,121,7749,3528,8884
7253,5879,121,4867,9389,5428
7253,5879,121,243,9501,9114
7253,5879,121,6570,6544,8099
7253,5879,121,8540,257,8066
7253,5879,121,7022,7234,9980
7253,5879,121,8929,6978,4053
7253,5879,121,3709,7787,7748
7253,5879,121,1112,1585,540
7253,5879,121,3053,1625,3052
7253,5879,121,6853,2620,9686
7253,5879,121,5160,1270,4189
7253,5879,121,9264,5247,3358
7253,5879,121,7553,1243,6712
7253,5879,121,9338,2513,5109
7253,5879,121,5940,671,2877
7253,5879,121,3864,2513,5430
7253,5879,121,8116,2425,2850
7253,5879,121,7372,1190,4128
7253,5879,121,372,6014,82
7253,5879,121,4295,2225,7326
7253,5879,121,5976,2836,7031
7253,5879,121,5234,6074,7957
7253,5879,121,3530,5230,6747
7253,5879,121,4927,290,9537
7253,5879,121,6026,3861,8990
7253,5879,121,9263,8177,8494
7253,5879,121,7736,4187,6641
7253,5879,121,7880,4973,2532
7253,5879,121,7141,5382,7753
7253,5879,121,4932,5684,5150
7253,5879,121,1738,6668,3224
7253,5879,121,6881,1679,2616
7253,5879,121,9194,9722,131
7253,5879,121,5005,8452,605
7253,5879,121,1903,9281,408
7253,5879,121,8841,6696,8721
7253,5879,121,6482,3041,1238
7253,5879,121,5449,5379,5322
7253,5879,121,9655,7563,7044
7253,5879,121,6166,4909,4222
7253,5879,121,1036,81,5155
7253,5879,121,3839,2824,4841
7253,5879,121,9247,4560,3184
7253,5879,121,794,3776,8995
7253,5879,121,7395,8648,2064
7253,5879,121,5391,1587,3586
7253,5879,121,8564,8101,2497
7253,5879,121,3822,5255,6059
7253,5879,121,1402,778,3455
7253,5879,121,3808,9476,4993
7253,5879,121,7253,5879,121
7253,5879,121,8305,1643,2797
7253,5879,121,1660,5358,4573
7253,5879,121,7672,9625,9840
7253,5879,121,2514,2770,9310
7253,5879,121,6401,2863,2324
7253,5879,121,5652,4194,6108
7253,5879,121,461,9814,6309
7253,5879,121,3031,9687,5225
7253,5879,121,9405,2092,5965
7253,5879,121,6305,7915,910
7253,5879,121,1970,79,2705
7253,5879,121,4565,9900,1756
7253,5879,121,6114,4076,8291
7253,5879,121,3892,5372,5496
7253,5879,121,1359,5451,6877
7253,5879,121,6476,4312,943
7253,5879,121,3390,860,3218
7253,5879,121,9664,6922,8049
7253,5879,121,9725,6217,1721
7253,5879,121,8419,8310,5386
7253,5879,121,8010,5256,6043
7253,5879,121,5960,8384,3839
7253,5879,121,5542,4148,5331
7253,5879,121,9316,8039,3685
7253,5879,121,497,7581,9053
7253,5879,121,8699,8727,4519
7253,5879,121,7381,4226,6212
7253,5879,121,8777,3205,2988
7253,5879,121,9314,6084,131
7253,5879,121,8405,6862,4282
7253,5879,121,1305,1795,5243
7253,5879,121,2159,3802,301
7253,5879,121,8713,1156,2624
7253,5879,121,8982,1965,4946
7253,5879,121,5319,5171,3280
7253,5879,121,7417,2203,1923
7253,5879,121,3527,4862,9183
7253,5879,121,4313,6689,1492
7253,5879,121,103,1642,8464
7253,5879,121,4288,3255,38
7253,5879,121,8652,9278,1371
7253,5879,121,9915,6572,2368
7253,5879,121,201,4958,959
7253,5879,121,8190,8952,8455
7253,5879,121,7211,2274,9174
7253,5879,121,135,9318,9434
7253,5879,121,1642,2551,4074
7253,5879,121,1449,4116,9765
7253,5879,121,5069,3475,6736
7253,5879,121,8305,5749,4462
7253,5879,121,2365,2474,9783
7253,5879,121,9846,2110,1115
7253,5879,121,4264,2912,6604
7253,5879,121,4227,2944,5488
7253,5879,121,9718,2457,8225
7253,5879,121,1524,8012,748
7253,5879,121,7488,2840,3485
7253,5879,121,1539,5676,7256
7253,5879,121,4661,2681,9270
7253,5879,121,1140,8806,2006
7253,5879,121,3482,5220,3325
7253,5879,121,4980,4505,1236
7253,5879,121,68,7386,2309
7253,5879,121,8408,7861,3742
7253,5879,121,5447,5155,8520
7253,5879,121,5976,5325,786
7253,5879,121,8249,1010,1149
7253,5879,121,9633,6018,2874
7253,5879,121,4120,3199,4985
7253,5879,121,1171,3638,7853
7253,5879,121,3951,2643,921
7253,5879,121,1883,9889,8060
7253,5879,121,5879,4935,579
7253,5879,121,567,3201,2306
7253,5879,121,552,6072,1628
7253,5879,121,7748,1974,9202
7253,5879,121,1410,7195,554
7253,5879,121,6903,7119,5580
7253,5879,121,9877,5609,4211
7253,5879,121,5090,268,3597
7253,5879,121,8707,2261,1033
