7672,9625,9840,9938,5032,6419
7672,9625,9840,4617,421,8218
7672,9625,9840,5866,7385,8380
7672,9625,9840,6835,1365,9819
7672,9625,9840,1866,2445,2984
7672,9625,9840,5613,5181,9895
7672,9625,9840,6582,1259,1845
7672,9625,9840,584,9680,8822
7672,9625,9840,8906,2173,8833
7672,9625,9840,6406,8951,1869
7672,9625,9840,9133,6329,9699
7672,9625,9840,9382,8116,4901
7672,9625,9840,9796,2813,3906
7672,9625,9840,916,1401,1718
7672,9625,9840,7273,629,7926
7672,9625,9840,2762,8432,3399
7672,9625,9840,4829,7777,9965
7672,9625,9840,8852,5933,8227
7672,9625,9840,7667,3321,2926
7672,9625,9840,3911,3061,8058
7672,9625,9840,8980,9045,8235
7672,9625,9840,7936,4362,7141
7672,9625,9840,9331,2168,8595
7672,9625,9840,7718,4028,1523
7672,9625,9840,2000,4076,3403
7672,9625,9840,2918,2053,9971
7672,9625,9840,1120,8684,2242
7672,9625,9840,794,9055,5320
7672,9625,9840,1626,1088,4116
7672,9625,9840,9915,4806,5693
7672,9625,9840,4744,8119,1068
7672,9625,9840,6469,2240,276
7672,9625,9840,7692,2283,3117
7672,9625,9840,4279,4566,7293
7672,9625,9840,5164,6439,5784
7672,9625,9840,1237,2549,6238
7672,9625,9840,9565,7455,5226
7672,9625,9840,6277,9361,5764
7672,9625,9840,648,6564,9202
7672,9625,9840,8721,6224,1935
7672,9625,9840,841,1821,2865
7672,9625,9840,4000,2872,7341
7672,9625,9840,3649,7619,8136
7672,9625,9840,6955,369,7884
7672,9625,9840,7475,4851,3479
7672,9625,9840,8603,5070,4705
7672,9625,9840,6654,655,9711
7672,9625,9840,5531,4446,4943
7672,9625,9840,63,6425,3535
7672,9625,9840,8715,9925,5162
7672,9625,9840,3557,9765,6505
7672,9625,9840,1771,4519,6921
7672,9625,9840,931,6329,6125
7672,9625,9840,8292,5140,5303
7672,9625,9840,4230,5025,77
7672,9625,9840,7276,4276,3058
7672,9625,9840,9912,4169,4523
7672,9625,9840,3207,3836,6077
7672,9625,9840,9388,5184,7310
7672,9625,9840,3158,4637,157
7672,9625,9840,3542,356,1081
7672,9625,9840,3709,904,7934
7672,9625,9840,3602,100,7182
7672,9625,9840,8547,9317,9896
7672,9625,9840,478,3394,4570
7672,9625,9840,9491,8735,8030
7672,9625,9840,2762,3068,3671
7672,9625,9840,1905,3485,1050
7672,9625,9840,5763,940,6119
7672,9625,9840,7247,1728,9564
7672,9625,9840,5988,8081,5386
7672,9625,9840,122,1335,7092
7672,9625,9840,4688,9891,2041
7672,9625,9840,9016,4911,1388
7672,9625,9840,9903,9795,413
7672,9625,9840,8899,542,7560
7672,9625,9840,1154,3293,5801
7672,9625,9840,8202,9287,3395
7672,9625,9840,6509,6071,3952
7672,9625,9840,8271,5244,9193
7672,9625,9840,9356,1704,246
7672,9625,9840,5871,768,1107
7672,9625,9840,8539,9596,4203
7672,9625,9840,5389,4790,5442
7672,9625,9840,8042,6429,1475
7672,9625,9840,8023,6400,1467
7672,9625,9840,7517,8220,528
7672,9625,9840,2675,668,5377
7672,9625,9840,5760,1568,7075
7672,9625,9840,1576,2352,2907
7672,9625,9840,8611,9219,530
7672,9625,9840,8233,2143,5830
7672,9625,9840,5475,6450,1547
7672,9625,9840,2972,6943,5396
7672,9625,9840,7370,8946,7703
7672,9625,9840,2021,1449,4390
7672,9625,9840,6335,8558,9650
7672,9625,9840,5128,1913,5506
7672,9625,9840,4199,3240,3189
7672,9625,9840,1587,295,7205
7672,9625,9840,4396,7654,8704
7672,9625,9840,1283,5497,4556
7672,9625,9840,910,4105,6781
7672,9625,9840,8581,2559,5147
7672,9625,9840,1081,3977,7171
7672,9625,9840,1376,5654,1353
7672,9625,9840,320,2611,8948
7672,9625,9840,9213,9275,6368
7672,9625,9840,5584,6307,9242
7672,9625,9840,5692,5577,8461
7672,9625,9840,5034,9165,1089
7672,9625,9840,2121,1646,7713
7672,9625,9840,4976,7879,2969
7672,9625,9840,2020,7327,8422
7672,9625,9840,4386,8551,2779
7672,9625,9840,8749,7298,2834
7672,9625,9840,2260,126,4727
7672,9625,9840,7271,9818,6031
7672,9625,9840,9772,7039,4487
7672,9625,9840,2023,3941,6877
7672,9625,9840,6773,5992,8237
7672,9625,9840,8685,3319,5993
7672,9625,9840,6908,2381,7155
7672,9625,9840,2758,197,7463
7672,9625,9840,4130,344,7782
7672,9625,9840,2528,3546,1529
7672,9625,9840,6342,928,5141
7672,9625,9840,5379,3641,1328
7672,9625,9840,8384,486,8500
7672,9625,9840,4539,7607,5482
7672,9625,9840,1279,1001,9897
7672,9625,9840,7474,3211,9319
7672,9625,9840,697,7119,4149
7672,9625,9840,2233,9651,2146
7672,9625,9840,4928,8065,1233
7672,9625,9840,8437,4391,8906
7672,9625,9840,5875,4466,7452
7672,9625,9840,6116,6674,5002
7672,9625,9840,5419,9703,9807
7672,9625,9840,743,8595,8543
7672,9625,9840,2025,8472,4976
7672,9625,9840,6566,7147,6929
7672,9625,9840,4733,15,2184
7672,9625,9840,4609,7854,5069
7672,9625,9840,6803,3260,5141
7672,9625,9840,5521,2104,4707
7672,9625,9840,8395,7313,590
7672,9625,9840,4709,1173,6510
7672,9625,9840,6499,7039,8771
7672,9625,9840,9078,6742,7441
7672,9625,9840,6521,1514,1681
7672,9625,9840,1819,7796,1113
7672,9625,9840,9352,731,7009
7672,9625,9840,3813,3247,7546
7672,9625,9840,4487,1858,6556
7672,9625,9840,9225,6379,9829
7672,9625,9840,1352,1032,5922
7672,9625,9840,7681,8948,2679
7672,9625,9840,5150,6915,9641
7672,9625,9840,6735,5954,2420
7672,9625,9840,5980,6279,9851
7672,9625,9840,1766,1884,7543
7672,9625,9840,4064,2832,4253
7672,9625,9840,6245,3867,2288
7672,9625,9840,475,9776,3424
7672,9625,9840,9128,1295,7412
7672,9625,9840,2486,9776,6987
7672,9625,9840,903,5614,9568
7672,9625,9840,3988,4580,5423
7672,9625,9840,2707,7463,4141
7672,9625,9840,6366,1088,6067
7672,9625,9840,8861,5908,274
7672,9625,9840,2684,3397,5668
7672,9625,9840,232,218,8977
7672,9625,9840,3175,8872,577
7672,9625,9840,4928,3344,3432
7672,9625,9840,6118,6004,9056
7672,9625,9840,5795,7965,7065
7672,9625,9840,185,9722,466
7672,9625,9840,5763,8125,9321
7672,9625,9840,7489,9779,3437
7672,9625,9840,4886,7630,8695
7672,9625,9840,2008,4662,3094
7672,9625,9840,3019,2260,9754
7672,9625,9840,8968,5665,4268
7672,9625,9840,9288,6553,1820
7672,9625,9840,3472,501,2428
7672,9625,9840,4807,7557,4748
7672,9625,9840,3074,2183,4541
7672,9625,9840,5111,1306,5381
7672,9625,9840,6009,7374,8207
7672,9625,9840,7319,8973,789
7672,9625,9840,2533,7094,5484
7672,9625,9840,1243,6910,7397
7672,9625,9840,6034,4973,6678
7672,9625,9840,2067,9899,1647
7672,9625,9840,3913,3629,8430
7672,9625,9840,2952,827,3489
7672,9625,9840,6778,7866,5098
7672,9625,9840,2182,7329,5559
7672,9625,9840,8587,7595,763
7672,9625,9840,4465,7347,7563
7672,9625,9840,9140,5304,56
7672,9625,9840,1788,3926,6399
7672,9625,9840,8313,7021,8542
7672,9625,9840,5904,8716,6185
7672,9625,9840,6594,8273,4381
7672,9625,9840,6065,4391,6985
7672,9625,9840,7181,9474,8196
7672,9625,9840,1992,7691,445
7672,9625,9840,7970,1844,1852
7672,9625,9840,2398,6929,4278
7672,9625,9840,7302,1893,7114
7672,9625,9840,5203,7288,8689
7672,9625,9840,9045,1694,9551
7672,9625,9840,4883,2080,7446
7672,9625,9840,3819,1293,7371
7672,9625,9840,2857,3663,7166
7672,9625,9840,5337,7144,7183
7672,9625,9840,1886,1095,5062
7672,9625,9840,8321,77,5766
7672,9625,9840,2039,5559,2493
7672,9625,9840,6205,3935,1860
7672,9625,9840,4848,5210,24
7672,9625,9840,1438,949,2316
7672,9625,9840,5089,5759,4176
7672,9625,9840,9599,9293,6513
7672,9625,9840,9012,704,2305
7672,9625,9840,4534,7462,892
7672,9625,9840,1648,7049,5735
7672,9625,9840,8098,2426,3136
7672,9625,9840,3797,9075,4682
7672,9625,9840,615,3828,910
7672,9625,9840,22,8720,8053
7672,9625,9840,3391,9433,7173
7672,9625,9840,1188,6985,6692
7672,9625,9840,489,4674,6222
7672,9625,9840,1758,5447,18
7672,9625,9840,4796,7725,2136
7672,9625,9840,3622,4267,388
7672,9625,9840,550,482,5830
7672,9625,9840,6629,6533,2971
7672,9625,9840,7655,3423,1520
7672,9625,9840,7851,3519,1789
7672,9625,9840,3591,7876,6459
7672,9625,9840,2331,6924,7489
7672,9625,9840,4012,876,8081
7672,9625,9840,4114,2243,4927
7672,9625,9840,1046,9128,5448
7672,9625,9840,1966,6455,4921
7672,9625,9840,2569,540,9222
7672,9625,9840,225,3054,3431
7672,9625,9840,8320,1039,1832
7672,9625,9840,9581,6518,958
7672,9625,9840,5349,9781,1173
7672,9625,9840,2567,7347,9761
7672,9625,9840,7593,7148,6243
7672,9625,9840,4038,7326,1204
7672,9625,9840,1267,7247,1542
7672,9625,9840,3695,9728,4154
7672,9625,9840,8087,6427,4271
7672,9625,9840,7514,495,7190
7672,9625,9840,417,2355,5596
7672,9625,9840,9322,9159,9710
7672,9625,9840,123,770,7797
7672,9625,9840,8117,5271,4706
7672,9625,9840,2612,7391,9958
7672,9625,9840,7746,4663,8415
7672,9625,9840,2766,8235,8733
7672,9625,9840,3134,5853,9614
7672,9625,9840,3528,2140,9318
7672,9625,9840,7169,7684,1935
7672,9625,9840,666,4372,9817
7672,9625,9840,2403,8696,9369
7672,9625,9840,4650,5088,7582
7672,9625,9840,1251,1942,6524
7672,9625,9840,4978,6947,4031
7672,9625,9840,7198,9063,3222
7672,9625,9840,3941,7520,5915
7672,9625,9840,5313,981,2964
7672,9625,9840,530,1726,4928
7672,9625,9840,5972,8203,4229
7672,9625,9840,2268,3823,5493
7672,9625,9840,1803,4301,1214
7672,9625,9840,9975,3380,4990
7672,9625,9840,1122,2478,1924
7672,9625,9840,7171,9827,9737
7672,9625,9840,8466,5636,3339
7672,9625,9840,5155,3243,6537
7672,9625,9840,4122,7921,2052
7672,9625,9840,9324,4817,2492
7672,9625,9840,9670,6831,1725
7672,9625,9840,9039,8005,2030
7672,9625,9840,2816,235,6265
7672,9625,9840,1122,7241,2064
7672,9625,9840,2249,7692,4066
7672,9625,9840,1188,5140,9244
7672,9625,9840,1216,8292,5785
7672,9625,9840,6848,8280,2084
7672,9625,9840,812,9629,6307
7672,9625,9840,6483,3036,8949
7672,9625,9840,8317,4440,8421
7672,9625,9840,5700,9884,9356
7672,9625,9840,1526,4991,8027
7672,9625,9840,1642,16,5030
7672,9625,9840,2913,6512,2752
7672,9625,9840,5287,891,6949
7672,9625,9840,4204,6299,6511
7672,9625,9840,6808,1064,2136
7672,9625,9840,9611,849,6414
7672,9625,9840,3834,4205,2828
7672,9625,9840,2897,7452,9927
7672,9625,9840,954,167,3594
7672,9625,9840,269,4389,9864
7672,9625,9840,7190,3664,8296
7672,9625,9840,5438,3631,6510
7672,9625,9840,5422,203,5280
7672,9625,9840,6470,8318,5739
7672,9625,9840,10000,8661,5994
7672,9625,9840,5846,8136,5235
7672,9625,9840,4925,3926,7994
7672,9625,9840,8060,7554,853
7672,9625,9840,2513,6619,1312
7672,9625,9840,6074,3360,5330
7672,9625,9840,2388,5455,1389
7672,9625,9840,5650,9678,6521
7672,9625,9840,8978,8543,5928
7672,9625,9840,3493,12,5279
7672,9625,9840,5395,6726,8921
7672,9625,9840,5695,7680,6585
7672,9625,9840,5931,8964,6424
7672,9625,9840,2769,4952,6661
7672,9625,9840,1132,7016,3512
7672,9625,9840,9334,2975,3682
7672,9625,9840,2512,7533,5232
7672,9625,9840,3819,4929,477
7672,9625,9840,56,7049,1713
7672,9625,9840,5473,9534,5594
7672,9625,9840,9847,2290,2579
7672,9625,9840,1172,7081,8917
7672,9625,9840,1472,235,8633
7672,9625,9840,1238,5108,9965
7672,9625,9840,4195,7399,7600
7672,9625,9840,2473,9347,5881
7672,9625,9840,3459,7150,269
7672,9625,9840,9429,9901,7349
7672,9625,9840,3344,1825,1384
7672,9625,9840,9173,9583,111
7672,9625,9840,1051,9973,582
7672,9625,9840,1901,962,5776
7672,9625,9840,4718,6398,3025
7672,9625,9840,2702,7359,9188
7672,9625,9840,2561,1373,3334
7672,9625,9840,5626,8304,359
7672,9625,9840,9895,6390,4453
7672,9625,9840,2343,3284,7038
7672,9625,9840,2008,5161,2070
7672,9625,9840,5101,2894,5432
7672,9625,9840,4173,1790,2402
7672,9625,9840,27,6633,659
7672,9625,9840,9994,8743,2045
7672,9625,9840,6236,3475,9507
7672,9625,9840,3883,3968,2732
7672,9625,9840,2050,9957,8859
7672,9625,9840,2351,8247,2607
7672,9625,9840,4369,7851,1528
7672,9625,9840,5606,5612,4504
7672,9625,9840,2907,8219,3764
7672,9625,9840,8911,6558,8218
7672,9625,9840,9979,9548,5506
7672,9625,9840,8438,3133,7413
7672,9625,9840,9755,6340,6682
7672,9625,9840,6164,5004,9233
7672,9625,9840,5275,875,9026
7672,9625,9840,964,4609,8208
7672,9625,9840,6910,3821,319
7672,9625,9840,4310,5860,3022
7672,9625,9840,2246,1676,12
7672,9625,9840,6120,9549,3067
7672,9625,9840,1657,4942,2778
7672,9625,9840,3988,78,2102
7672,9625,9840,7550,6006,7413
7672,9625,9840,3082,5237,6685
7672,9625,9840,286,6800,6390
7672,9625,9840,3183,8587,122
7672,9625,9840,7663,908,4253
7672,9625,9840,1966,6933,7762
7672,9625,9840,7759,5940,5183
7672,9625,9840,4301,9305,4033
7672,9625,9840,3400,9956,4164
7672,9625,9840,4440,7002,2002
7672,9625,9840,7765,50,1053
7672,9625,9840,1371,2429,7192
7672,9625,9840,7074,5622,5319
7672,9625,9840,320,9905,4017
7672,9625,9840,5201,2305,980
7672,9625,9840,2581,2850,89
7672,9625,9840,9789,3814,7855
7672,9625,9840,6657,7808,7348
7672,9625,9840,6743,6757,8636
7672,9625,9840,733,3708,6417
7672,9625,9840,962,9530,518
7672,9625,9840,8497,2572,8366
7672,9625,9840,5064,5874,9692
7672,9625,9840,9501,7609,7450
7672,9625,9840,4781,313,7890
7672,9625,9840,5369,6060,1823
7672,9625,9840,1863,7550,8559
7672,9625,9840,5173,4765,8702
7672,9625,9840,416,1285,884
7672,9625,9840,4030,4328,472
7672,9625,9840,7777,242,1796
7672,9625,9840,5871,6023,6722
7672,9625,9840,6386,728,2331
7672,9625,9840,7529,6099,2767
7672,9625,9840,498,8204,1149
7672,9625,9840,2214,7449,3618
7672,9625,9840,2298,8826,4742
7672,9625,9840,4840,3995,6371
7672,9625,9840,7562,2412,2355
7672,9625,9840,8390,9989,1308
7672,9625,9840,8469,2206,7417
7672,9625,9840,14,3636,7646
7672,9625,9840,2048,3468,4375
7672,9625,9840,8598,2194,612
7672,9625,9840,6394,438,9076
7672,9625,9840,8995,6134,3610
7672,9625,9840,4362,4300,6113
7672,9625,9840,441,6682,7578
7672,9625,9840,544,4712,9715
7672,9625,9840,2897,8413,5597
7672,9625,9840,6420,1996,5667
7672,9625,9840,2148,1663,3686
7672,9625,9840,1379,1265,9946
7672,9625,9840,8365,4666,7822
7672,9625,9840,471,6702,2475
7672,9625,9840,983,3833,456
7672,9625,9840,6348,6466,2952
7672,9625,9840,6763,9861,1786
7672,9625,9840,6006,9810,7464
7672,9625,9840,3470,4933,4220
7672,9625,9840,7738,5892,7896
7672,9625,9840,3152,9229,1881
7672,9625,9840,7869,3966,2880
7672,9625,9840,7041,7920,5866
7672,9625,9840,7583,5023,9331
7672,9625,9840,9187,4098,1459
7672,9625,9840,3814,3021,2790
7672,9625,9840,1522,8671,6015
7672,9625,9840,2945,2677,2562
7672,9625,9840,296,678,520
7672,9625,9840,6348,1362,1902
7672,9625,9840,7306,4668,6965
7672,9625,9840,7776,3888,3200
7672,9625,9840,9767,249,6123
7672,9625,9840,223,4521,6121
7672,9625,9840,1211,7435,8033
7672,9625,9840,9430,6688,1827
7672,9625,9840,3049,5348,6312
7672,9625,9840,3787,4053,1655
7672,9625,9840,9241,1708,2433
7672,9625,9840,5592,5698,39
7672,9625,9840,7341,1676,467
7672,9625,9840,3840,5974,2723
7672,9625,9840,9739,4505,4019
7672,9625,9840,1735,7989,2882
7672,9625,9840,6299,213,9777
7672,9625,9840,4894,8025,8318
7672,9625,9840,9615,6491,9944
7672,9625,9840,1074,7401,6220
7672,9625,9840,6956,4140,3581
7672,9625,9840,6095,389,633
7672,9625,9840,2502,5146,4851
7672,9625,9840,7557,8361,8241
7672,9625,9840,2712,578,4839
7672,9625,9840,5509,6355,1647
7672,9625,9840,1849,2897,8007
7672,9625,9840,1981,1170,5558
7672,9625,9840,5517,559,9731
7672,9625,9840,2231,3823,993
7672,9625,9840,5327,4308,5440
7672,9625,9840,3607,2454,5194
7672,9625,9840,4555,4990,4223
7672,9625,9840,7240,5239,4690
7672,9625,9840,5418,1362,933
7672,9625,9840,1496,3416,1598
7672,9625,9840,7846,9763,3204
7672,9625,9840,9662,616,760
7672,9625,9840,599,2754,827
7672,9625,9840,7172,2968,2094
7672,9625,9840,2022,8232,9450
7672,9625,9840,3945,5484,2847
7672,9625,9840,8809,1847,7534
7672,9625,9840,2765,880,7201
7672,9625,9840,909,9097,5598
7672,9625,9840,384,5848,3736
7672,9625,9840,7091,861,2757
7672,9625,9840,5263,791,9848
7672,9625,9840,7148,8815,1320
7672,9625,9840,8329,9925,2637
7672,9625,9840,7501,8510,1828
7672,9625,9840,1440,9822,9496
7672,9625,9840,8903,3748,741
7672,9625,9840,570,9440,6722
7672,9625,9840,7350,6595,5062
7672,9625,9840,1819,8997,4961
7672,9625,9840,7837,3294,8017
7672,9625,9840,5655,3448,2598
7672,9625,9840,3000,2368,6307
7672,9625,9840,7908,3397,2403
