8036,1955,7253,9038,8573,6060
8036,1955,7253,7321,1926,7728
8036,1955,7253,3866,3018,6188
8036,1955,7253,7566,8597,8714
8036,1955,7253,2483,6903,9161
8036,1955,7253,9982,2040,2975
8036,1955,7253,4171,8590,4315
8036,1955,7253,205,3575,7636
8036,1955,7253,5740,5960,3411
8036,1955,7253,9498,3608,2432
8036,1955,7253,313,3359,8459
8036,1955,7253,7246,666,5538
8036,1955,7253,9396,3640,1630
8036,1955,7253,7661,485,6835
8036,1955,7253,8249,8659,8793
8036,1955,7253,7054,6726,1216
8036,1955,7253,65,9163,4945
8036,1955,7253,360,658,2185
8036,1955,7253,6681,3819,7985
8036,1955,7253,8681,9615,5614
8036,1955,7253,7145,4091,8500
8036,1955,7253,5749,8277,4871
8036,1955,7253,4699,4246,8304
8036,1955,7253,6118,3941,8535
8036,1955,7253,3876,9656,8504
8036,1955,7253,3721,1105,9458
8036,1955,7253,4447,3827,7325
8036,1955,7253,2602,3388,1440
8036,1955,7253,2397,4685,6964
8036,1955,7253,7533,6322,8141
8036,1955,7253,1236,6003,9475
8036,1955,7253,662,8020,7986
8036,1955,7253,7483,8376,3727
8036,1955,7253,1922,18,507
8036,1955,7253,8273,5483,4894
8036,1955,7253,2078,9840,3741
8036,1955,7253,8629,1546,145
8036,1955,7253,8458,2604,842
8036,1955,7253,6485,8527,7281
8036,1955,7253,2077,4044,8890
8036,1955,7253,4241,4119,7970
8036,1955,7253,7526,6208,1161
8036,1955,7253,7823,8133,8346
8036,1955,7253,3671,521,6106
8036,1955,7253,7982,105,8093
8036,1955,7253,227,4655,9707
8036,1955,7253,4241,9158,5293
8036,1955,7253,7618,546,548
8036,1955,7253,6548,8754,1054
8036,1955,7253,9564,9886,8727
8036,1955,7253,4530,1802,4047
8036,1955,7253,9603,1533,7388
8036,1955,7253,5647,2516,6800
8036,1955,7253,6207,7677,4656
8036,1955,7253,9484,7938,9173
8036,1955,7253,411,9107,6998
8036,1955,7253,4972,3800,6639
8036,1955,7253,5736,705,5274
8036,1955,7253,7921,7445,4810
8036,1955,7253,805,7894,9837
8036,1955,7253,4207,4657,8452
8036,1955,7253,2639,3503,8788
8036,1955,7253,6063,2793,5923
8036,1955,7253,659,6631,2404
8036,1955,7253,621,3845,2209
8036,1955,7253,4905,6568,4839
8036,1955,7253,5719,6754,2877
8036,1955,7253,5462,273,9643
8036,1955,7253,863,7911,7886
8036,1955,7253,2028,2350,8657
8036,1955,7253,5088,8332,5537
8036,1955,7253,1003,8541,2656
8036,1955,7253,519,8214,450
8036,1955,7253,5164,7747,9213
8036,1955,7253,5453,6917,8244
8036,1955,7253,5537,1618,7554
8036,1955,7253,7847,7432,818
8036,1955,7253,6441,1208,8820
8036,1955,7253,6135,8625,4944
8036,1955,7253,2530,2812,4902
8036,1955,7253,7356,3126,2777
8036,1955,7253,7228,2589,1839
8036,1955,7253,9576,2191,8102
8036,1955,7253,1984,5512,426
8036,1955,7253,4786,4258,7318
8036,1955,7253,7400,9001,7656
8036,1955,7253,9361,3622,3999
8036,1955,7253,9192,5015,2133
8036,1955,7253,8045,132,4168
8036,1955,7253,1098,4787,2240
8036,1955,7253,1770,2799,921
8036,1955,7253,1777,613,8992
8036,1955,7253,1075,7154,282
8036,1955,7253,9714,281,6312
8036,1955,7253,2304,7664,9945
8036,1955,7253,5042,8944,6168
8036,1955,7253,4799,3399,7474
8036,1955,7253,732,947,1701
8036,1955,7253,7028,736,7601
8036,1955,7253,206,7186,1627
8036,1955,7253,6152,2993,4727
8036,1955,7253,1525,7432,8435
8036,1955,7253,8837,6824,7519
8036,1955,7253,7599,4223,8320
8036,1955,7253,6435,9796,6073
8036,1955,7253,7882,5746,264
8036,1955,7253,4713,1506,9080
8036,1955,7253,1845,3038,6234
8036,1955,7253,7555,1627,3236
8036,1955,7253,3919,2133,1649
8036,1955,7253,8992,778,8352
8036,1955,7253,7458,7090,6991
8036,1955,7253,3938,6147,5278
8036,1955,7253,4362,1290,7942
8036,1955,7253,2154,2479,5222
8036,1955,7253,7348,4581,7889
8036,1955,7253,9532,16,1114
8036,1955,7253,5189,2709,2971
8036,1955,7253,9516,4511,1233
8036,1955,7253,8486,838,8732
8036,1955,7253,980,6216,4130
8036,1955,7253,3530,6737,5299
8036,1955,7253,7133,6461,3764
8036,1955,7253,7781,1661,5494
8036,1955,7253,116,3659,1221
8036,1955,7253,3306,3678,2801
8036,1955,7253,6961,3216,7378
8036,1955,7253,3009,7271,3611
8036,1955,7253,3779,5660,3257
8036,1955,7253,2812,2111,5451
8036,1955,7253,3401,6148,9545
8036,1955,7253,1290,8330,3431
8036,1955,7253,2182,2444,2409
8036,1955,7253,3581,7737,840
8036,1955,7253,3679,7167,7044
8036,1955,7253,1909,3465,3290
8036,1955,7253,2681,7892,9898
8036,1955,7253,7232,5769,7877
8036,1955,7253,316,8866,7944
8036,1955,7253,9331,2370,1030
8036,1955,7253,4798,2055,8939
8036,1955,7253,5998,797,5386
8036,1955,7253,8405,1780,3722
8036,1955,7253,584,6380,2251
8036,1955,7253,2098,8046,5755
8036,1955,7253,8866,2250,6449
8036,1955,7253,7341,3581,811
8036,1955,7253,8567,2172,2814
8036,1955,7253,9044,7029,4694
8036,1955,7253,3723,1297,2868
8036,1955,7253,8311,6458,8700
8036,1955,7253,8062,1464,6583
8036,1955,7253,4571,1705,9620
8036,1955,7253,3632,8188,4292
8036,1955,7253,6689,4564,4034
8036,1955,7253,4312,9591,2057
8036,1955,7253,9542,6919,5905
8036,1955,7253,2097,9992,8740
8036,1955,7253,3311,2103,9996
8036,1955,7253,3498,8747,5767
8036,1955,7253,5949,5019,9834
8036,1955,7253,7404,5943,6784
8036,1955,7253,2920,8533,8297
8036,1955,7253,8561,2506,3433
8036,1955,7253,1615,6207,3946
8036,1955,7253,1618,1443,9181
8036,1955,7253,5233,4425,3091
8036,1955,7253,6971,9868,6353
8036,1955,7253,6554,4892,2741
8036,1955,7253,2318,5159,7395
8036,1955,7253,9266,4853,9508
8036,1955,7253,3168,6720,411
8036,1955,7253,2449,7423,1800
8036,1955,7253,9810,1204,3246
8036,1955,7253,1469,725,9037
8036,1955,7253,3090,9996,8979
8036,1955,7253,8163,3788,2689
8036,1955,7253,4087,4560,2951
8036,1955,7253,2721,7106,4891
8036,1955,7253,6771,8738,4272
8036,1955,7253,4338,7223,2535
8036,1955,7253,5694,9125,4663
8036,1955,7253,970,9572,644
8036,1955,7253,82,8926,2017
8036,1955,7253,9691,7370,3914
8036,1955,7253,5472,348,2379
8036,1955,7253,9931,9028,486
8036,1955,7253,1922,2543,5070
8036,1955,7253,7209,9263,3463
8036,1955,7253,5636,7611,2441
8036,1955,7253,9755,5580,4815
8036,1955,7253,1879,3333,1329
8036,1955,7253,825,5431,3459
8036,1955,7253,7286,1292,3329
8036,1955,7253,991,9721,2904
8036,1955,7253,2129,2531,4533
8036,1955,7253,3488,7173,1438
8036,1955,7253,1217,7486,217
8036,1955,7253,4953,1969,6869
8036,1955,7253,4579,1893,6177
8036,1955,7253,5319,8363,6118
8036,1955,7253,7639,8725,4569
8036,1955,7253,1225,5242,1234
8036,1955,7253,72,6976,5254
8036,1955,7253,200,4434,3423
8036,1955,7253,2138,870,6398
8036,1955,7253,3508,3448,2609
8036,1955,7253,2794,6518,4090
8036,1955,7253,5062,9204,1182
8036,1955,7253,8825,5590,3360
8036,1955,7253,7489,3338,3706
8036,1955,7253,2454,5680,6522
8036,1955,7253,7266,4667,781
8036,1955,7253,8672,5379,4643
8036,1955,7253,7166,7407,527
8036,1955,7253,2944,6691,4920
8036,1955,7253,4705,1232,3282
8036,1955,7253,3684,3561,8836
8036,1955,7253,5425,4917,9494
8036,1955,7253,6437,5376,6393
8036,1955,7253,5388,6069,1923
8036,1955,7253,6540,4572,3548
8036,1955,7253,6898,6266,1604
8036,1955,7253,8552,7721,1973
8036,1955,7253,7182,9038,2820
8036,1955,7253,118,1321,9390
8036,1955,7253,6237,6149,5042
8036,1955,7253,436,431,5190
8036,1955,7253,848,41,3781
8036,1955,7253,3269,9028,9700
8036,1955,7253,9164,9018,1427
8036,1955,7253,3614,2721,9747
8036,1955,7253,129,8153,9392
8036,1955,7253,6077,9249,1613
8036,1955,7253,8979,2836,2495
8036,1955,7253,6090,9743,1133
8036,1955,7253,9222,839,3719
8036,1955,7253,275,7162,1349
8036,1955,7253,1511,1175,1094
8036,1955,7253,2967,1905,6803
8036,1955,7253,4965,3355,1901
8036,1955,7253,7747,4225,9400
8036,1955,7253,4077,7120,8798
8036,1955,7253,8204,4583,6697
8036,1955,7253,6033,3558,3305
8036,1955,7253,1200,5124,1647
8036,1955,7253,7488,873,9918
8036,1955,7253,1305,2941,1962
8036,1955,7253,2972,1119,5256
8036,1955,7253,7132,4467,6084
8036,1955,7253,4076,980,7269
8036,1955,7253,6937,9428,5213
8036,1955,7253,5605,4247,3135
8036,1955,7253,8002,752,5835
8036,1955,7253,5482,674,4938
8036,1955,7253,6256,1183,235
8036,1955,7253,7253,1361,8315
8036,1955,7253,6266,7079,8999
8036,1955,7253,3858,1095,5362
8036,1955,7253,5651,7489,1768
8036,1955,7253,4768,2910,5707
8036,1955,7253,6405,1314,5808
8036,1955,7253,2761,5665,5830
8036,1955,7253,4896,8032,1632
8036,1955,7253,3089,2673,5464
8036,1955,7253,6131,9165,6741
8036,1955,7253,2043,4326,8547
8036,1955,7253,8155,6847,5603
8036,1955,7253,1047,3034,5584
8036,1955,7253,8786,6170,790
8036,1955,7253,7934,9253,6681
8036,1955,7253,4580,9069,6844
8036,1955,7253,3199,9451,4250
8036,1955,7253,6776,4786,1842
8036,1955,7253,2475,5514,6910
8036,1955,7253,2902,6991,9027
8036,1955,7253,9877,4140,790
8036,1955,7253,3603,6425,9151
8036,1955,7253,4404,5906,9611
8036,1955,7253,6995,5326,2379
8036,1955,7253,5171,5116,2830
8036,1955,7253,4164,7885,2185
8036,1955,7253,5856,8399,2662
8036,1955,7253,2120,7183,5519
8036,1955,7253,9720,472,8573
8036,1955,7253,1062,3727,7334
8036,1955,7253,7160,8915,4957
8036,1955,7253,665,5950,2541
8036,1955,7253,6076,9462,4823
8036,1955,7253,7012,5004,567
8036,1955,7253,5232,8222,7275
8036,1955,7253,1438,5429,8025
8036,1955,7253,5371,6906,748
8036,1955,7253,2315,8380,3280
8036,1955,7253,3636,6896,3513
8036,1955,7253,5354,1867,7505
8036,1955,7253,7321,1248,3489
8036,1955,7253,1839,1074,849
8036,1955,7253,2809,1864,2735
8036,1955,7253,6805,1711,2480
8036,1955,7253,2996,6171,563
8036,1955,7253,4219,6421,4217
8036,1955,7253,5522,6104,935
8036,1955,7253,2652,7211,9222
8036,1955,7253,3033,3353,2554
8036,1955,7253,5662,5490,3206
8036,1955,7253,2471,9843,7363
8036,1955,7253,8918,8406,2696
8036,1955,7253,3809,8087,9252
8036,1955,7253,7464,8015,6214
8036,1955,7253,726,5059,2808
8036,1955,7253,9061,8231,6129
8036,1955,7253,5248,6267,8732
8036,1955,7253,7963,1966,7565
8036,1955,7253,8599,243,5849
8036,1955,7253,907,8505,3053
8036,1955,7253,6768,6588,8405
8036,1955,7253,6121,2510,831
8036,1955,7253,717,907,1880
8036,1955,7253,783,2276,1836
8036,1955,7253,942,5581,1910
8036,1955,7253,63,192,6726
8036,1955,7253,8802,6590,1454
8036,1955,7253,7573,2168,2080
8036,1955,7253,6000,3143,1793
8036,1955,7253,2792,893,2718
8036,1955,7253,6071,8672,608
8036,1955,7253,875,7192,8483
8036,1955,7253,7726,6223,6089
8036,1955,7253,9383,4038,7975
8036,1955,7253,9083,7929,6296
8036,1955,7253,4823,1654,58
8036,1955,7253,5674,6380,5365
8036,1955,7253,8180,227,7697
8036,1955,7253,1424,5802,5681
8036,1955,7253,7119,1545,278
8036,1955,7253,4993,652,1386
8036,1955,7253,7667,2991,4387
8036,1955,7253,6138,590,7823
8036,1955,7253,761,683,8673
8036,1955,7253,3297,3176,8039
8036,1955,7253,108,9795,6659
8036,1955,7253,7966,3942,8089
8036,1955,7253,9585,8301,2444
8036,1955,7253,7382,1962,3157
8036,1955,7253,7501,3765,3958
8036,1955,7253,573,5913,4647
8036,1955,7253,6040,9595,1692
8036,1955,7253,44,5843,6832
8036,1955,7253,3131,3871,7371
8036,1955,7253,1941,1153,2747
8036,1955,7253,6915,3139,4009
8036,1955,7253,6274,7782,5355
8036,1955,7253,8696,9274,3589
8036,1955,7253,5822,8345,7781
8036,1955,7253,2019,78,1903
8036,1955,7253,7928,3139,667
8036,1955,7253,7496,9333,7627
8036,1955,7253,9460,8416,1400
8036,1955,7253,6329,5886,4330
8036,1955,7253,432,1935,5757
8036,1955,7253,1785,3319,2892
8036,1955,7253,9150,279,7965
8036,1955,7253,4090,7631,5242
8036,1955,7253,9157,108,9068
8036,1955,7253,4812,6634,5571
8036,1955,7253,5848,5181,1312
8036,1955,7253,8872,2493,8447
8036,1955,7253,8110,4562,366
8036,1955,7253,7525,682,7524
8036,1955,7253,5295,209,6739
8036,1955,7253,6737,2953,476
8036,1955,7253,6076,670,3753
8036,1955,7253,6110,3583,625
8036,1955,7253,4640,9427,7675
8036,1955,7253,8353,6493,6751
8036,1955,7253,1458,9708,9436
8036,1955,7253,7811,4255,5146
8036,1955,7253,2372,9820,8307
8036,1955,7253,7591,5399,6872
8036,1955,7253,4869,3057,8245
8036,1955,7253,8190,6534,2296
8036,1955,7253,9998,4045,9183
8036,1955,7253,3060,4986,3909
8036,1955,7253,762,2041,7986
8036,1955,7253,8181,8467,3348
8036,1955,7253,2798,4352,448
8036,1955,7253,9861,957,8281
8036,1955,7253,4681,5459,8556
8036,1955,7253,7488,751,7419
8036,1955,7253,2486,6484,4326
8036,1955,7253,4257,2087,3966
8036,1955,7253,4024,6670,7932
8036,1955,7253,8137,4525,1119
8036,1955,7253,2161,3446,9309
8036,1955,7253,3468,3926,6198
8036,1955,7253,5579,957,1476
8036,1955,7253,9097,5823,9137
8036,1955,7253,1875,8881,7828
8036,1955,7253,2473,4478,8942
8036,1955,7253,4912,210,4868
8036,1955,7253,1914,4933,1993
8036,1955,7253,2456,2017,651
8036,1955,7253,5298,8786,4415
8036,1955,7253,4682,2774,8550
8036,1955,7253,5449,9158,5436
8036,1955,7253,3393,1323,9002
8036,1955,7253,2211,3280,4146
8036,1955,7253,6039,5429,4521
8036,1955,7253,4785,4341,2358
8036,1955,7253,8547,3378,9505
8036,1955,7253,1346,5318,581
8036,1955,7253,6577,7788,7785
8036,1955,7253,6652,5804,4284
8036,1955,7253,204,4476,8753
8036,1955,7253,9047,282,8678
8036,1955,7253,8863,3504,5656
8036,1955,7253,2619,6440,5709
8036,1955,7253,157,2503,8070
8036,1955,7253,1062,3528,615
8036,1955,7253,140,9061,8176
8036,1955,7253,6816,5181,8457
8036,1955,7253,7224,5270,4817
8036,1955,7253,5051,7116,4818
8036,1955,7253,6209,5020,2
8036,1955,7253,4429,7966,1746
8036,1955,7253,2121,1971,9870
8036,1955,7253,1659,7740,6055
8036,1955,7253,3929,9335,7565
8036,1955,7253,9560,3458,9427
8036,1955,7253,6588,8139,65
8036,1955,7253,9734,9581,3729
8036,1955,7253,6991,3015,7278
8036,1955,7253,2003,6463,5279
8036,1955,7253,5375,4847,9255
8036,1955,7253,2236,802,8648
8036,1955,7253,5040,931,4049
8036,1955,7253,5169,533,4242
8036,1955,7253,3459,1509,7001
8036,1955,7253,6806,9010,4781
8036,1955,7253,9829,330,7122
8036,1955,7253,5755,40,3618
8036,1955,7253,1804,5068,8130
8036,1955,7253,6314,5313,1547
8036,1955,7253,5380,5731,1348
8036,1955,7253,9407,1463,167
8036,1955,7253,3812,3904,7634
8036,1955,7253,8149,1501,9325
8036,1955,7253,4547,3504,6848
8036,1955,7253,3372,5293,7555
8036,1955,7253,835,728,9396
8036,1955,7253,1557,6559,9421
8036,1955,7253,1947,1003,5131
8036,1955,7253,9290,9945,2119
8036,1955,7253,9777,6360,843
8036,1955,7253,8261,186,4098
8036,1955,7253,7665,3216,2392
8036,1955,7253,4028,9865,2965
8036,1955,7253,5041,3919,2350
8036,1955,7253,8148,8720,8
8036,1955,7253,7713,7430,5219
8036,1955,7253,4742,6484,9132
8036,1955,7253,1481,5066,5657
8036,1955,7253,9964,1876,1917
8036,1955,7253,7536,6961,1712
8036,1955,7253,5786,7200,3446
8036,1955,7253,6447,7028,6689
8036,1955,7253,416,8298,4963
8036,1955,7253,7140,3122,726
8036,1955,7253,5240,4015,1805
8036,1955,7253,6258,59,6432
8036,1955,7253,1636,4190,4724
8036,1955,7253,8493,268,2817
8036,1955,7253,286,9725,3160
8036,1955,7253,191,3803,4064
8036,1955,7253,9250,6544,2089
8036,1955,7253,8510,4493,4609
8036,1955,7253,7548,9620,6269
8036,1955,7253,3385,2214,3064
8036,1955,7253,5536,6116,3125
8036,1955,7253,4803,4660,1429
8036,1955,7253,7897,3896,2534
8036,1955,7253,9708,9455,4807
8036,1955,7253,5325,3148,1058
8036,1955,7253,1125,5959,1319
8036,1955,7253,4679,1738,3866
8036,1955,7253,8676,404,985
8036,1955,7253,766,7191,8919
8036,1955,7253,3493,265,8021
8036,1955,7253,5735,8883,9844
8036,1955,7253,2929,4270,4369
8036,1955,7253,7459,7023,5622
8036,1955,7253,7290,8884,6129
8036,1955,7253,5738,2681,3218
8036,1955,7253,6055,8523,416
8036,1955,7253,4320,8001,1885
8036,1955,7253,4734,4519,2037
8036,1955,7253,4937,3651,8141
8036,1955,7253,6800,7191,5699
8036,1955,7253,3580,4173,9375
8036,1955,7253,1472,628,9668
8036,1955,7253,2815,6,6213
8036,1955,7253,9065,5300,615
8036,1955,7253,1022,2767,1959
8036,1955,7253,6449,3687,6026
8036,1955,7253,1074,7299,757
8036,1955,7253,352,2231,8803
8036,1955,7253,9106,8542,2602
8036,1955,7253,2754,9762,5793
8036,1955,7253,8332,1068,4444
