2514,2770,9310,3174,4462,5015
2514,2770,9310,230,9659,3745
2514,2770,9310,1055,5165,8967
2514,2770,9310,9795,3551,1799
2514,2770,9310,958,2320,8608
2514,2770,9310,8607,2036,276
2514,2770,9310,704,3123,4992
2514,2770,9310,8951,6361,4161
2514,2770,9310,5938,6184,8834
2514,2770,9310,3297,5571,8991
2514,2770,9310,8046,195,8846
2514,2770,9310,1168,2018,3383
2514,2770,9310,7039,8300,6847
2514,2770,9310,1247,8372,2432
2514,2770,9310,3796,5628,2865
2514,2770,9310,6561,3935,8969
2514,2770,9310,6192,5089,7864
2514,2770,9310,1899,6489,8904
2514,2770,9310,5301,7124,3032
2514,2770,9310,551,7831,5366
2514,2770,9310,4949,1822,6557
2514,2770,9310,1468,5370,5919
2514,2770,9310,8081,8724,1044
2514,2770,9310,1190,7499,694
2514,2770,9310,5656,7020,4799
2514,2770,9310,3637,1860,9885
2514,2770,9310,596,4131,8852
2514,2770,9310,2579,766,3216
2514,2770,9310,5444,2416,956
2514,2770,9310,4860,6197,9279
2514,2770,9310,2289,2536,2567
2514,2770,9310,3376,868,3170
2514,2770,9310,3338,757,28
2514,2770,9310,2600,7707,7562
2514,2770,9310,205,37,3174
2514,2770,9310,6854,5823,3092
2514,2770,9310,8847,7244,2619
2514,2770,9310,163,9023,4714
2514,2770,9310,5495,1513,5964
2514,2770,9310,7585,2361,3392
2514,2770,9310,9926,2330,3595
2514,2770,9310,1634,1658,1068
2514,2770,9310,6479,6685,7404
2514,2770,9310,3080,6259,8586
2514,2770,9310,4462,2602,7098
2514,2770,9310,3804,7042,4468
2514,2770,9310,8799,1087,4674
2514,2770,9310,8826,9066,966
2514,2770,9310,5038,9213,4568
2514,2770,9310,3246,3513,7161
2514,2770,9310,4443,2852,2862
2514,2770,9310,5326,2788,1740
2514,2770,9310,3552,1856,3011
2514,2770,9310,5731,2748,142
2514,2770,9310,2574,8940,1541
2514,2770,9310,6624,8193,8450
2514,2770,9310,9696,5397,9030
2514,2770,9310,4645,8221,2980
2514,2770,9310,783,8693,5379
2514,2770,9310,6708,1124,7481
2514,2770,9310,3095,7643,9486
2514,2770,9310,2369,7484,3645
2514,2770,9310,77,4483,9343
2514,2770,9310,5507,6702,7442
2514,2770,9310,7951,9349,242
2514,2770,9310,3227,4324,9731
2514,2770,9310,9350,1141,5176
2514,2770,9310,5259,405,4132
2514,2770,9310,9032,9228,9834
2514,2770,9310,3314,6959,8464
2514,2770,9310,7179,5765,735
2514,2770,9310,4311,6506,4892
2514,2770,9310,5418,308,6105
2514,2770,9310,5173,2537,556
2514,2770,9310,627,5807,2545
2514,2770,9310,5838,754,1010
2514,2770,9310,1338,6421,1529
2514,2770,9310,297,7848,6278
2514,2770,9310,8739,3182,6003
2514,2770,9310,102,2243,2574
2514,2770,9310,418,2151,395
2514,2770,9310,4092,3522,8633
2514,2770,9310,3786,3934,6966
2514,2770,9310,7017,996,1706
2514,2770,9310,6577,6064,6577
2514,2770,9310,6445,2346,1244
2514,2770,9310,7414,8464,790
2514,2770,9310,8420,9675,5299
2514,2770,9310,1973,4671,8821
2514,2770,9310,581,9550,8476
2514,2770,9310,9891,1865,4247
2514,2770,9310,7102,7600,7103
2514,2770,9310,2,4052,6863
2514,2770,9310,7302,4882,5714
2514,2770,9310,4082,8623,1185
2514,2770,9310,9869,5441,2663
2514,2770,9310,6229,3274,2249
2514,2770,9310,136,5465,979
2514,2770,9310,7209,1188,6602
2514,2770,9310,6103,1745,6197
2514,2770,9310,4923,9403,3570
2514,2770,9310,2329,7003,9776
2514,2770,9310,623,5733,6988
2514,2770,9310,9253,759,315
2514,2770,9310,4517,7629,4645
2514,2770,9310,4318,3874,2645
2514,2770,9310,3849,6373,1466
2514,2770,9310,1066,7616,6513
2514,2770,9310,4492,9551,4749
2514,2770,9310,1757,5907,3378
2514,2770,9310,6760,4853,7140
2514,2770,9310,5282,875,3508
2514,2770,9310,5901,7629,4565
2514,2770,9310,9558,1809,2255
2514,2770,9310,3356,2758,8517
2514,2770,9310,7157,5487,4795
2514,2770,9310,6760,4942,3938
2514,2770,9310,4309,808,1876
2514,2770,9310,7714,9451,8104
2514,2770,9310,3458,4456,6248
2514,2770,9310,5924,8968,2872
2514,2770,9310,2881,4913,9863
2514,2770,9310,3878,4987,1640
2514,2770,9310,5355,3203,6607
2514,2770,9310,6958,6598,846
2514,2770,9310,717,6504,2426
2514,2770,9310,2138,8110,2843
2514,2770,9310,2454,5835,9416
2514,2770,9310,279,5191,8031
2514,2770,9310,7732,8463,2898
2514,2770,9310,3982,5516,6732
2514,2770,9310,6244,2250,455
2514,2770,9310,4811,1242,4096
2514,2770,9310,3962,2539,8446
2514,2770,9310,7698,3552,6656
2514,2770,9310,2664,5119,8926
2514,2770,9310,2851,2876,5959
2514,2770,9310,7805,4365,6154
2514,2770,9310,8673,5359,6270
2514,2770,9310,329,1183,3450
2514,2770,9310,9661,3221,658
2514,2770,9310,7512,7802,8777
2514,2770,9310,1219,8759,118
2514,2770,9310,2348,6156,3962
2514,2770,9310,1966,6962,7550
2514,2770,9310,6906,3646,9715
2514,2770,9310,3516,9350,8062
2514,2770,9310,4288,6120,2439
2514,2770,9310,921,6629,9207
2514,2770,9310,4842,3632,111
2514,2770,9310,7730,1233,6241
2514,2770,9310,4697,2841,8967
2514,2770,9310,4189,9726,3341
2514,2770,9310,8624,8836,697
2514,2770,9310,9547,8416,4797
2514,2770,9310,8798,9151,2128
2514,2770,9310,8998,7980,2680
2514,2770,9310,8630,691,6819
2514,2770,9310,6560,8415,1515
2514,2770,9310,1908,1914,6741
2514,2770,9310,5232,8286,5250
2514,2770,9310,9101,2254,7414
2514,2770,9310,9624,5033,3721
2514,2770,9310,8199,6570,7243
2514,2770,9310,8538,7797,8280
2514,2770,9310,8606,6067,4215
2514,2770,9310,5815,9443,8886
2514,2770,9310,1157,4766,5584
2514,2770,9310,2886,3429,1023
2514,2770,9310,561,9605,7341
2514,2770,9310,4547,4869,5741
2514,2770,9310,598,4850,6761
2514,2770,9310,8269,5964,5264
2514,2770,9310,2982,3959,6504
2514,2770,9310,8959,4184,1460
2514,2770,9310,2140,9705,6464
2514,2770,9310,42,6643,6481
2514,2770,9310,797,867,7885
2514,2770,9310,8830,7263,1840
2514,2770,9310,7284,8189,9753
2514,2770,9310,6990,6800,3284
2514,2770,9310,4497,3642,7450
2514,2770,9310,7003,6616,3798
2514,2770,9310,3585,5209,4131
2514,2770,9310,7997,2206,4413
2514,2770,9310,8728,9963,9687
2514,2770,9310,6649,6377,6579
2514,2770,9310,7993,1285,2440
2514,2770,9310,4979,394,5662
2514,2770,9310,5372,2721,1423
2514,2770,9310,4083,7489,2558
2514,2770,9310,5654,3838,208
2514,2770,9310,3961,6959,4532
2514,2770,9310,848,7687,7753
2514,2770,9310,362,3862,7587
2514,2770,9310,5975,3476,5415
2514,2770,9310,851,4697,8690
2514,2770,9310,8287,633,6980
2514,2770,9310,7960,4343,4603
2514,2770,9310,6450,5633,4184
2514,2770,9310,1042,2010,7825
2514,2770,9310,4569,6631,7797
2514,2770,9310,7071,1791,569
2514,2770,9310,695,6588,5023
2514,2770,9310,7946,5717,1879
2514,2770,9310,3398,9705,2577
2514,2770,9310,4949,8771,6843
2514,2770,9310,2370,8134,3335
2514,2770,9310,8787,4142,7556
2514,2770,9310,3859,7273,9832
2514,2770,9310,8906,1261,6213
2514,2770,9310,3836,6815,3700
2514,2770,9310,5858,8476,551
2514,2770,9310,402,9214,3052
2514,2770,9310,5948,7477,1194
2514,2770,9310,2861,3902,6430
2514,2770,9310,9365,9026,2035
2514,2770,9310,2999,1499,1838
2514,2770,9310,3759,7280,7535
2514,2770,9310,932,992,8681
2514,2770,9310,7694,8143,2985
2514,2770,9310,1054,2372,4815
2514,2770,9310,930,6776,7735
2514,2770,9310,9019,6490,6778
2514,2770,9310,1993,2218,8685
2514,2770,9310,9558,3428,6698
2514,2770,9310,7118,1813,4795
2514,2770,9310,8045,4436,2718
2514,2770,9310,9926,4480,7094
2514,2770,9310,4295,4869,4422
2514,2770,9310,1397,1879,702
2514,2770,9310,8358,467,1792
2514,2770,9310,5012,9784,3730
2514,2770,9310,7170,5172,9803
2514,2770,9310,1594,8147,6373
2514,2770,9310,458,2542,9767
2514,2770,9310,7148,1231,9177
2514,2770,9310,1125,7493,9750
2514,2770,9310,8490,8957,6468
2514,2770,9310,3395,1085,5306
2514,2770,9310,7352,3938,8358
2514,2770,9310,2411,4280,782
2514,2770,9310,6570,1229,9198
2514,2770,9310,9461,8630,5329
2514,2770,9310,3628,5913,3010
2514,2770,9310,8775,9668,4640
2514,2770,9310,4453,615,1983
2514,2770,9310,6955,1046,2284
2514,2770,9310,9247,2186,7579
2514,2770,9310,6193,1417,7402
2514,2770,9310,5309,1016,6458
2514,2770,9310,3297,3935,7225
2514,2770,9310,6823,6148,5216
2514,2770,9310,4608,1415,101
2514,2770,9310,9353,5069,1537
2514,2770,9310,6734,9710,1930
2514,2770,9310,519,7429,2443
2514,2770,9310,8618,5197,4749
2514,2770,9310,790,4796,7568
2514,2770,9310,6552,7345,54
2514,2770,9310,7945,2658,6319
2514,2770,9310,6252,5808,9295
2514,2770,9310,4617,9617,4467
2514,2770,9310,1401,5474,4710
2514,2770,9310,5183,3982,4568
2514,2770,9310,1012,357,7437
2514,2770,9310,7519,7363,3682
2514,2770,9310,9808,8547,7764
2514,2770,9310,1075,5411,1925
2514,2770,9310,2140,7794,1272
2514,2770,9310,7938,7416,7249
2514,2770,9310,2063,3169,1136
2514,2770,9310,6584,5789,7190
2514,2770,9310,261,9431,3744
2514,2770,9310,6254,3839,2441
2514,2770,9310,9214,4631,3488
2514,2770,9310,1926,3810,2035
2514,2770,9310,5891,1504,9668
2514,2770,9310,5318,6426,5605
2514,2770,9310,3870,4597,1176
2514,2770,9310,366,9692,2932
2514,2770,9310,3355,3657,9325
2514,2770,9310,1301,3588,1683
2514,2770,9310,7569,4363,8027
2514,2770,9310,3808,8258,3526
2514,2770,9310,8467,2237,1466
2514,2770,9310,4396,757,4653
2514,2770,9310,7138,8428,3017
2514,2770,9310,6864,9561,8754
2514,2770,9310,3149,2759,8254
2514,2770,9310,3770,2219,3705
2514,2770,9310,2292,1257,1076
2514,2770,9310,7931,506,2988
2514,2770,9310,7580,6688,3051
2514,2770,9310,6190,3169,3594
2514,2770,9310,9167,6084,9834
2514,2770,9310,7337,4230,4097
2514,2770,9310,2521,9189,1330
2514,2770,9310,203,5841,1422
2514,2770,9310,8356,9408,6943
2514,2770,9310,5505,6873,2417
2514,2770,9310,7215,3327,7927
2514,2770,9310,3354,7330,810
2514,2770,9310,4581,4766,9467
2514,2770,9310,1223,1078,5543
2514,2770,9310,4125,8944,2246
2514,2770,9310,6773,8304,2457
2514,2770,9310,7471,8170,8598
2514,2770,9310,9392,7649,9459
2514,2770,9310,663,5331,996
2514,2770,9310,6398,1058,7620
2514,2770,9310,47,8461,1818
2514,2770,9310,7653,662,8175
2514,2770,9310,6192,7724,1733
2514,2770,9310,8183,9800,1953
2514,2770,9310,8995,5370,7190
2514,2770,9310,4664,6847,9324
2514,2770,9310,7477,7189,6963
2514,2770,9310,6745,8292,7375
2514,2770,9310,4147,7967,6826
2514,2770,9310,4713,8627,682
2514,2770,9310,6682,6997,2029
2514,2770,9310,6439,2330,3575
2514,2770,9310,6997,9810,783
2514,2770,9310,8329,1754,1068
2514,2770,9310,4575,4386,2368
2514,2770,9310,795,5769,6157
2514,2770,9310,8763,9273,6877
2514,2770,9310,531,2027,9690
2514,2770,9310,5524,3860,5931
2514,2770,9310,7887,6933,5983
2514,2770,9310,334,9358,5779
2514,2770,9310,4866,4511,3215
2514,2770,9310,6554,8425,8403
2514,2770,9310,4167,4438,9672
2514,2770,9310,5583,753,3039
2514,2770,9310,7099,1688,7593
2514,2770,9310,2501,7453,2723
2514,2770,9310,8338,2822,4731
2514,2770,9310,9639,3040,45
2514,2770,9310,9373,3371,3305
2514,2770,9310,6835,9022,6363
2514,2770,9310,4335,7091,1393
2514,2770,9310,1318,8397,1648
2514,2770,9310,7392,3168,3916
2514,2770,9310,4116,4965,8009
2514,2770,9310,9959,7096,3707
2514,2770,9310,7464,916,682
2514,2770,9310,390,2492,2877
2514,2770,9310,5414,5830,2603
2514,2770,9310,5806,6275,2606
2514,2770,9310,5753,1106,8176
2514,2770,9310,8276,6160,164
2514,2770,9310,3459,438,6851
2514,2770,9310,8530,9148,3019
2514,2770,9310,3850,4560,5712
2514,2770,9310,4911,1670,610
2514,2770,9310,5110,4005,2003
2514,2770,9310,8237,8840,9408
2514,2770,9310,5193,3647,9114
2514,2770,9310,579,301,7021
2514,2770,9310,5565,9924,2861
2514,2770,9310,8363,3436,2993
2514,2770,9310,5744,3796,2572
2514,2770,9310,7164,296,8429
2514,2770,9310,5109,7707,4809
2514,2770,9310,7972,9178,7083
2514,2770,9310,6221,7602,4864
2514,2770,9310,7167,8814,1740
2514,2770,9310,7,1501,8347
2514,2770,9310,719,798,5743
2514,2770,9310,1635,7772,5516
2514,2770,9310,6632,9563,420
2514,2770,9310,1099,7257,8830
2514,2770,9310,1326,8756,7245
2514,2770,9310,83,902,374
2514,2770,9310,2893,9978,20
2514,2770,9310,5521,3246,2330
2514,2770,9310,8595,7962,890
2514,2770,9310,7314,7605,914
2514,2770,9310,7779,9270,1861
2514,2770,9310,38,4259,6221
2514,2770,9310,1013,7325,4493
2514,2770,9310,5386,616,9787
2514,2770,9310,2674,1578,2369
2514,2770,9310,8193,6488,1947
2514,2770,9310,6560,9485,4493
2514,2770,9310,5007,1343,3916
2514,2770,9310,5829,7613,2690
2514,2770,9310,8784,2595,843
2514,2770,9310,5304,8022,7734
2514,2770,9310,7183,7145,3909
2514,2770,9310,3306,9646,1772
2514,2770,9310,3698,3468,4344
2514,2770,9310,9897,9558,876
2514,2770,9310,4651,40,4387
2514,2770,9310,5576,3984,7684
2514,2770,9310,6468,680,5341
2514,2770,9310,2495,2560,7999
2514,2770,9310,6019,9181,6759
2514,2770,9310,6561,7834,7030
2514,2770,9310,3492,6179,5233
2514,2770,9310,1631,8046,4612
2514,2770,9310,2671,1102,5600
2514,2770,9310,4291,2501,8060
2514,2770,9310,8671,6216,8867
2514,2770,9310,8863,11,1980
2514,2770,9310,7492,2493,3314
2514,2770,9310,252,8676,7343
2514,2770,9310,8848,456,2689
2514,2770,9310,1131,2684,1759
2514,2770,9310,1671,5786,9072
2514,2770,9310,6441,5516,3209
2514,2770,9310,1160,6375,178
2514,2770,9310,4740,7694,672
2514,2770,9310,4416,3544,7492
2514,2770,9310,6405,2197,6904
2514,2770,9310,3603,2115,5871
2514,2770,9310,7490,8056,7661
2514,2770,9310,6566,6530,7327
2514,2770,9310,9960,1182,1201
2514,2770,9310,228,7280,2631
2514,2770,9310,8184,3431,3761
2514,2770,9310,1564,9281,8535
2514,2770,9310,6650,2968,5235
2514,2770,9310,4483,9895,8406
2514,2770,9310,8365,3267,8758
2514,2770,9310,3116,2610,483
2514,2770,9310,5540,388,9399
2514,2770,9310,931,2424,6113
2514,2770,9310,9477,1850,5354
2514,2770,9310,1569,9854,5803
2514,2770,9310,3550,2049,3767
2514,2770,9310,4984,5252,3833
2514,2770,9310,8911,9467,9417
2514,2770,9310,3349,5820,6516
2514,2770,9310,6838,6365,7268
2514,2770,9310,178,6521,7422
2514,2770,9310,9400,682,2654
2514,2770,9310,1852,3833,3101
2514,2770,9310,1409,8353,6152
2514,2770,9310,2000,2100,8735
2514,2770,9310,7167,9593,1160
2514,2770,9310,9338,6882,8149
2514,2770,9310,1920,9422,5974
2514,2770,9310,7240,7507,9544
2514,2770,9310,6392,6212,7203
2514,2770,9310,9964,679,6724
2514,2770,9310,1887,3292,7881
2514,2770,9310,3249,6300,3749
2514,2770,9310,7082,4023,9008
2514,2770,9310,7012,6306,1253
2514,2770,9310,7830,8312,2434
2514,2770,9310,5734,4685,1535
2514,2770,9310,163,7545,1856
2514,2770,9310,1552,8838,4397
2514,2770,9310,6064,2799,8006
2514,2770,9310,8859,5232,8457
2514,2770,9310,1865,2711,4791
2514,2770,9310,3347,5065,2173
2514,2770,9310,3120,3157,4608
2514,2770,9310,7858,3417,433
2514,2770,9310,9558,3230,430
2514,2770,9310,382,5209,3662
2514,2770,9310,3817,18,1169
2514,2770,9310,3187,9017,9751
2514,2770,9310,9972,6724,7459
2514,2770,9310,7360,6224,570
2514,2770,9310,9838,2574,331
2514,2770,9310,3858,5140,5221
2514,2770,9310,2272,4078,2569
2514,2770,9310,9890,235,1483
2514,2770,9310,5437,3875,5391
2514,2770,9310,482,3124,13
2514,2770,9310,1968,1051,3037
2514,2770,9310,2975,8172,9288
2514,2770,9310,3956,9798,5331
2514,2770,9310,5283,3216,8018
2514,2770,9310,1623,8673,348
2514,2770,9310,1107,3758,6793
2514,2770,9310,1619,5330,813
2514,2770,9310,4297,7039,8313
2514,2770,9310,2331,1029,2276
2514,2770,9310,7429,466,5679
2514,2770,9310,718,4192,1788
2514,2770,9310,6552,6137,5345
2514,2770,9310,956,6226,4771
2514,2770,9310,8982,8265,7935
2514,2770,9310,9550,9166,9448
2514,2770,9310,5831,929,336
2514,2770,9310,6165,878,6389
2514,2770,9310,3604,3429,6879
2514,2770,9310,1008,43,9307
2514,2770,9310,2981,6824,8330
2514,2770,9310,5854,2378,6366
2514,2770,9310,3440,1158,8726
2514,2770,9310,3883,4215,7063
2514,2770,9310,9356,8897,4351
2514,2770,9310,7515,9997,206
2514,2770,9310,8203,7197,3640
2514,2770,9310,1401,1840,6771
2514,2770,9310,5828,5262,7083
2514,2770,9310,4584,1892,5339
2514,2770,9310,8538,2405,3794
2514,2770,9310,8995,5946,9423
2514,2770,9310,6832,4894,9829
2514,2770,9310,4569,2626,4388
2514,2770,9310,8454,276,9113
2514,2770,9310,6210,8441,7593
2514,2770,9310,6836,465,3658
