7672,9625,9840,5719,7799,5789
7672,9625,9840,307,3512,3231
7672,9625,9840,7702,7683,5383
7672,9625,9840,2569,2846,6728
7672,9625,9840,6323,4072,7145
7672,9625,9840,6104,8278,4032
7672,9625,9840,2762,1180,1533
7672,9625,9840,1275,4940,5765
7672,9625,9840,494,9501,9165
7672,9625,9840,7474,5459,6824
7672,9625,9840,7216,4106,4936
7672,9625,9840,8858,2256,2533
7672,9625,9840,1869,269,7204
7672,9625,9840,5608,7916,1812
7672,9625,9840,3479,2892,573
7672,9625,9840,8583,4116,2051
7672,9625,9840,333,3950,7036
7672,9625,9840,6887,9564,189
7672,9625,9840,1253,2210,8001
7672,9625,9840,1550,6778,9754
7672,9625,9840,3419,727,8684
7672,9625,9840,4453,7897,6903
7672,9625,9840,4200,1636,5474
7672,9625,9840,5319,7361,7102
7672,9625,9840,8982,4883,2621
7672,9625,9840,8179,5123,6015
7672,9625,9840,1458,6315,4042
7672,9625,9840,4093,7585,858
7672,9625,9840,714,1374,7246
7672,9625,9840,745,7267,1875
7672,9625,9840,1985,461,381
7672,9625,9840,2735,6025,5661
7672,9625,9840,4047,7242,817
7672,9625,9840,2871,1296,1433
7672,9625,9840,8623,8894,5279
7672,9625,9840,4187,1707,5093
7672,9625,9840,1883,2293,8375
7672,9625,9840,7101,1941,6551
7672,9625,9840,6205,2108,9522
7672,9625,9840,3238,5638,9713
7672,9625,9840,5808,3824,348
7672,9625,9840,203,3223,1155
7672,9625,9840,841,7792,1293
7672,9625,9840,8657,6416,9850
7672,9625,9840,2188,223,71
7672,9625,9840,4413,9775,4130
7672,9625,9840,4894,9574,9122
7672,9625,9840,4077,212,2587
7672,9625,9840,9091,8198,3526
7672,9625,9840,2010,3096,4684
7672,9625,9840,2,2956,3580
7672,9625,9840,2296,1454,9640
7672,9625,9840,1370,6132,8705
7672,9625,9840,8795,6210,3750
7672,9625,9840,4099,2408,6820
7672,9625,9840,3903,3972,8800
7672,9625,9840,2005,90,8067
7672,9625,9840,5643,8866,3592
7672,9625,9840,5903,9371,4379
7672,9625,9840,3539,5787,6342
7672,9625,9840,4328,2419,2304
7672,9625,9840,8421,9944,4906
7672,9625,9840,6718,2485,7646
7672,9625,9840,6197,4013,2648
7672,9625,9840,5704,4277,1654
7672,9625,9840,7922,12,3250
7672,9625,9840,8880,5401,3983
7672,9625,9840,1772,381,3201
7672,9625,9840,9654,5530,6544
7672,9625,9840,7570,9936,8397
7672,9625,9840,9093,3115,7030
7672,9625,9840,3567,2492,4687
7672,9625,9840,3452,1535,7739
7672,9625,9840,7498,886,5219
7672,9625,9840,3998,9454,2141
7672,9625,9840,8561,3237,7784
7672,9625,9840,8218,8869,4980
7672,9625,9840,4485,5592,4330
7672,9625,9840,4172,5000,9953
7672,9625,9840,5878,61,6960
7672,9625,9840,8283,7812,4045
7672,9625,9840,6327,3457,3131
7672,9625,9840,2949,2639,825
7672,9625,9840,9957,2711,5019
7672,9625,9840,2950,8494,2811
7672,9625,9840,8975,2867,9289
7672,9625,9840,5417,1654,5396
7672,9625,9840,237,2878,494
7672,9625,9840,2636,1420,3884
7672,9625,9840,9198,5049,3905
7672,9625,9840,3489,852,6516
7672,9625,9840,6665,3830,7150
7672,9625,9840,4066,3225,9803
7672,9625,9840,7998,6579,1991
7672,9625,9840,6924,8197,5329
7672,9625,9840,8151,7223,5336
7672,9625,9840,245,2623,6852
7672,9625,9840,1473,1874,1588
7672,9625,9840,4325,2303,7620
7672,9625,9840,636,5531,4336
7672,9625,9840,3240,9592,544
7672,9625,9840,1299,2541,197
7672,9625,9840,9939,6157,1793
7672,9625,9840,7460,6432,8991
7672,9625,9840,2911,7609,2880
7672,9625,9840,3060,4467,2029
7672,9625,9840,4549,2716,7182
7672,9625,9840,7383,7732,5401
7672,9625,9840,9299,6640,4238
7672,9625,9840,9860,5042,8708
7672,9625,9840,8691,5583,4418
7672,9625,9840,5012,839,3901
7672,9625,9840,3234,1850,7025
7672,9625,9840,1903,2898,1406
7672,9625,9840,1395,6271,6734
7672,9625,9840,6618,7249,47
7672,9625,9840,213,1061,7590
7672,9625,9840,5439,6093,146
7672,9625,9840,3142,7209,6111
7672,9625,9840,5564,2503,1667
7672,9625,9840,6774,3391,1192
7672,9625,9840,6632,112,3610
7672,9625,9840,9001,5317,4082
7672,9625,9840,9636,2457,4063
7672,9625,9840,171,361,8258
7672,9625,9840,6584,8319,451
7672,9625,9840,2836,863,1609
7672,9625,9840,2009,9637,433
7672,9625,9840,6112,1519,9415
7672,9625,9840,6387,5886,8941
7672,9625,9840,9225,5427,1360
7672,9625,9840,2990,3895,419
7672,9625,9840,6216,1265,7864
7672,9625,9840,6844,1033,9830
7672,9625,9840,4425,8323,533
7672,9625,9840,9970,2578,6533
7672,9625,9840,331,9103,4144
7672,9625,9840,3838,9341,1154
7672,9625,9840,6777,6242,2369
7672,9625,9840,7228,6283,1833
7672,9625,9840,7276,1492,2995
7672,9625,9840,8141,6940,5782
7672,9625,9840,7368,7161,6881
7672,9625,9840,8197,219,7465
7672,9625,9840,9511,2727,1786
7672,9625,9840,9360,7176,3062
7672,9625,9840,3753,1177,7396
7672,9625,9840,6280,3344,8639
7672,9625,9840,6595,5490,2147
7672,9625,9840,8717,7817,6858
7672,9625,9840,5844,575,1409
7672,9625,9840,359,1832,5057
7672,9625,9840,3769,2761,9737
7672,9625,9840,7384,3253,4322
7672,9625,9840,4625,8656,7505
7672,9625,9840,2470,6794,5285
7672,9625,9840,5004,4743,7530
7672,9625,9840,6252,1440,3735
7672,9625,9840,924,1932,6593
7672,9625,9840,7032,7468,1105
7672,9625,9840,8506,9872,8384
7672,9625,9840,8705,9542,4818
7672,9625,9840,7910,3769,6839
7672,9625,9840,9225,8301,6888
7672,9625,9840,426,9482,4372
7672,9625,9840,4047,3967,7293
7672,9625,9840,8482,3688,2777
7672,9625,9840,460,7701,9529
7672,9625,9840,34,9804,5955
7672,9625,9840,250,1760,317
7672,9625,9840,6830,7590,3561
7672,9625,9840,4946,1214,9002
7672,9625,9840,1678,5644,4958
7672,9625,9840,6867,4863,6129
7672,9625,9840,8299,3466,8956
7672,9625,9840,1712,7003,3007
7672,9625,9840,8825,4406,7852
7672,9625,9840,9163,2083,9089
7672,9625,9840,6312,1199,3730
7672,9625,9840,5728,3977,6742
7672,9625,9840,7409,8409,6387
7672,9625,9840,4448,2927,7090
7672,9625,9840,337,4802,7611
7672,9625,9840,1595,7608,23
7672,9625,9840,1506,5985,9749
7672,9625,9840,5257,6741,1475
7672,9625,9840,9422,6921,9382
7672,9625,9840,705,1263,2425
7672,9625,9840,3800,4387,892
7672,9625,9840,4776,9629,8359
7672,9625,9840,5877,4632,2745
7672,9625,9840,4538,904,5751
7672,9625,9840,8728,2192,9724
7672,9625,9840,1626,2,2313
7672,9625,9840,8492,799,8681
7672,9625,9840,7447,8997,6842
7672,9625,9840,6836,5012,8949
7672,9625,9840,1837,7552,8904
7672,9625,9840,9454,7382,7069
7672,9625,9840,6074,5589,236
7672,9625,9840,5336,936,6543
7672,9625,9840,1834,5032,9817
7672,9625,9840,536,6681,5772
7672,9625,9840,4456,1769,5349
7672,9625,9840,6655,5892,7576
7672,9625,9840,9353,7468,7663
7672,9625,9840,6467,5599,4266
7672,9625,9840,6096,2136,4604
7672,9625,9840,4266,8984,6333
7672,9625,9840,7936,1731,70
7672,9625,9840,694,9853,1002
7672,9625,9840,4552,8829,7951
7672,9625,9840,2425,4408,4452
7672,9625,9840,4911,7535,7727
7672,9625,9840,6726,1363,2367
7672,9625,9840,995,2499,4471
7672,9625,9840,6798,1178,4523
7672,9625,9840,2273,1214,940
7672,9625,9840,8730,3211,4711
7672,9625,9840,6656,3988,1361
7672,9625,9840,9183,3256,6870
7672,9625,9840,4105,956,4173
7672,9625,9840,813,3793,8609
7672,9625,9840,4784,1457,6082
7672,9625,9840,8054,4900,9293
7672,9625,9840,8914,5960,4433
7672,9625,9840,59,1513,1910
7672,9625,9840,9829,5838,4543
7672,9625,9840,4454,716,9573
7672,9625,9840,1986,1031,4192
7672,9625,9840,6097,4657,490
7672,9625,9840,4938,4520,7044
7672,9625,9840,6669,9952,534
7672,9625,9840,6242,8553,7967
7672,9625,9840,4225,9496,1743
7672,9625,9840,7119,65,4558
7672,9625,9840,1991,1127,7623
7672,9625,9840,5670,1654,545
7672,9625,9840,3244,4518,3306
7672,9625,9840,9385,4563,2877
7672,9625,9840,9895,6107,1858
7672,9625,9840,5608,6457,1470
7672,9625,9840,6000,365,9018
7672,9625,9840,8779,9411,1308
7672,9625,9840,6060,9397,239
7672,9625,9840,350,9918,1333
7672,9625,9840,9053,6199,1164
7672,9625,9840,5226,0,6054
7672,9625,9840,167,4964,9812
7672,9625,9840,14,8771,5892
7672,9625,9840,2097,4027,2404
7672,9625,9840,1231,9715,5442
7672,9625,9840,3301,8169,235
7672,9625,9840,1542,2461,7595
7672,9625,9840,3429,2825,2156
7672,9625,9840,1034,5261,6519
7672,9625,9840,7675,6863,9722
7672,9625,9840,7314,38,5754
7672,9625,9840,6246,3744,4955
7672,9625,9840,1529,686,7109
7672,9625,9840,2092,3560,9642
7672,9625,9840,8750,7517,5624
7672,9625,9840,3737,5125,1644
7672,9625,9840,9474,4782,4197
7672,9625,9840,4702,2635,6256
7672,9625,9840,1209,5553,4456
7672,9625,9840,7323,8623,1812
7672,9625,9840,2980,5914,8522
7672,9625,9840,208,4504,3294
7672,9625,9840,7712,6111,9408
7672,9625,9840,9474,3735,194
7672,9625,9840,4127,9329,8564
7672,9625,9840,3200,5095,4120
7672,9625,9840,3258,5717,3172
7672,9625,9840,9499,7627,6090
7672,9625,9840,9058,1979,5690
7672,9625,9840,2876,6331,4834
7672,9625,9840,6516,5857,5001
7672,9625,9840,4967,4744,1405
7672,9625,9840,2768,5988,3324
7672,9625,9840,9774,3824,9626
7672,9625,9840,9153,258,5739
7672,9625,9840,2224,2316,7063
7672,9625,9840,6131,9268,2202
7672,9625,9840,9114,2874,1698
7672,9625,9840,3478,3737,5721
7672,9625,9840,358,7697,9600
7672,9625,9840,8902,6575,728
7672,9625,9840,3975,16,2623
7672,9625,9840,8912,8665,6291
7672,9625,9840,9341,7669,2728
7672,9625,9840,9674,7129,9082
7672,9625,9840,6841,3148,1150
7672,9625,9840,3388,2282,7801
7672,9625,9840,5506,4445,9398
7672,9625,9840,8073,1832,4514
7672,9625,9840,473,341,331
7672,9625,9840,4762,7506,399
7672,9625,9840,8246,1110,4948
7672,9625,9840,3303,7393,6371
7672,9625,9840,2047,3088,6405
7672,9625,9840,8804,4485,6852
7672,9625,9840,4961,1800,603
7672,9625,9840,1866,809,2188
7672,9625,9840,9481,3131,7022
7672,9625,9840,3962,8463,3238
7672,9625,9840,7698,816,4486
7672,9625,9840,3826,5747,1762
7672,9625,9840,8541,7510,3864
7672,9625,9840,3665,9908,8968
7672,9625,9840,1300,5047,1512
7672,9625,9840,9486,1607,1258
7672,9625,9840,3735,9250,5327
7672,9625,9840,490,2518,1286
7672,9625,9840,3509,3513,2027
7672,9625,9840,9031,5881,1343
7672,9625,9840,3908,5882,9974
7672,9625,9840,242,5673,8803
7672,9625,9840,4243,3756,5187
7672,9625,9840,7483,3997,2719
7672,9625,9840,2313,4514,1164
7672,9625,9840,6307,2464,3916
7672,9625,9840,8319,4967,7178
7672,9625,9840,9783,2577,582
7672,9625,9840,4286,671,5155
7672,9625,9840,1048,525,3804
7672,9625,9840,7659,4698,476
7672,9625,9840,5795,590,1716
7672,9625,9840,7277,3801,1587
7672,9625,9840,4589,4791,3378
7672,9625,9840,998,5312,1391
7672,9625,9840,1805,7058,6973
7672,9625,9840,6172,6204,8953
7672,9625,9840,5836,3225,8304
7672,9625,9840,2043,7936,4528
7672,9625,9840,6286,7118,5952
7672,9625,9840,9357,2923,9310
7672,9625,9840,7856,7119,2976
7672,9625,9840,9492,5218,7769
7672,9625,9840,5945,6720,9743
7672,9625,9840,8253,3850,8643
7672,9625,9840,9039,257,2226
7672,9625,9840,5109,958,4094
7672,9625,9840,3820,4686,4853
7672,9625,9840,6210,5249,1127
7672,9625,9840,4191,9533,298
7672,9625,9840,4839,9052,9461
7672,9625,9840,9169,5104,3272
7672,9625,9840,597,3000,2849
7672,9625,9840,8914,3112,655
7672,9625,9840,9020,9561,2944
7672,9625,9840,6561,123,8607
7672,9625,9840,9668,122,3958
7672,9625,9840,7735,5209,87
7672,9625,9840,6339,6179,5765
7672,9625,9840,2780,2293,795
7672,9625,9840,7898,4075,3403
7672,9625,9840,6046,3975,1008
7672,9625,9840,5874,8696,6071
7672,9625,9840,8042,7515,4081
7672,9625,9840,6330,7438,1960
7672,9625,9840,7009,800,6425
7672,9625,9840,6139,4753,2137
7672,9625,9840,7195,5272,2585
7672,9625,9840,3728,8294,5464
7672,9625,9840,4559,5833,4898
7672,9625,9840,3987,2352,818
7672,9625,9840,1084,4738,2003
7672,9625,9840,4696,2119,1726
7672,9625,9840,9912,3945,3472
7672,9625,9840,3697,2846,692
7672,9625,9840,7267,7900,6601
7672,9625,9840,8470,1012,6439
7672,9625,9840,8638,7076,7618
7672,9625,9840,642,9081,5199
7672,9625,9840,1264,3849,9276
7672,9625,9840,791,726,4248
7672,9625,9840,4338,7343,952
7672,9625,9840,7672,3180,7096
7672,9625,9840,3461,6981,2641
7672,9625,9840,6145,9329,5733
7672,9625,9840,6957,5595,8218
7672,9625,9840,2218,3541,473
7672,9625,9840,3731,2839,5085
7672,9625,9840,6292,4908,1180
7672,9625,9840,5786,3292,3329
7672,9625,9840,3235,2320,8768
7672,9625,9840,5413,2258,3376
7672,9625,9840,3116,5288,8044
7672,9625,9840,8139,9110,810
7672,9625,9840,7501,2677,805
7672,9625,9840,11,3823,1524
7672,9625,9840,8513,4858,3488
7672,9625,9840,2956,4441,5527
7672,9625,9840,1373,8047,8366
7672,9625,9840,8723,9961,5192
7672,9625,9840,366,4509,6178
7672,9625,9840,1729,5016,9086
7672,9625,9840,1784,9425,3805
7672,9625,9840,1134,7067,8335
7672,9625,9840,8756,818,2701
7672,9625,9840,856,8551,2663
7672,9625,9840,5738,93,1797
7672,9625,9840,3726,7289,2579
7672,9625,9840,7181,6530,2383
7672,9625,9840,9527,1222,6359
7672,9625,9840,7462,3356,6562
7672,9625,9840,4645,2240,2382
7672,9625,9840,4135,688,1189
7672,9625,9840,3263,9061,4325
7672,9625,9840,5133,6153,1226
7672,9625,9840,3311,2883,3033
7672,9625,9840,3949,2705,7322
7672,9625,9840,8705,2026,1488
7672,9625,9840,6860,3365,2541
7672,9625,9840,7297,7601,6130
7672,9625,9840,6808,4469,8771
7672,9625,9840,9607,5906,8960
7672,9625,9840,8557,2246,2067
7672,9625,9840,2327,6425,7768
7672,9625,9840,7640,165,1722
7672,9625,9840,6419,2065,4291
7672,9625,9840,6939,4602,1799
7672,9625,9840,2080,9730,9417
7672,9625,9840,4487,7025,7981
7672,9625,9840,5717,9331,6759
7672,9625,9840,7311,3373,9374
7672,9625,9840,2240,2411,9394
7672,9625,9840,7717,6800,9544
7672,9625,9840,9331,9091,6621
7672,9625,9840,1952,6632,1978
7672,9625,9840,797,7510,3210
7672,9625,9840,9318,6530,6751
7672,9625,9840,7857,5346,1703
7672,9625,9840,9788,8218,4520
7672,9625,9840,4830,7932,6090
7672,9625,9840,4243,6239,3441
7672,9625,9840,3312,8593,8820
7672,9625,9840,8790,169,5009
7672,9625,9840,9367,5017,2712
7672,9625,9840,5041,1539,6513
7672,9625,9840,9329,6089,3401
7672,9625,9840,9339,437,2549
7672,9625,9840,5184,3832,8804
7672,9625,9840,2572,932,4918
7672,9625,9840,3470,9402,8022
7672,9625,9840,8990,9998,9174
7672,9625,9840,3705,5171,1302
7672,9625,9840,5701,331,2703
7672,9625,9840,9618,1443,6591
7672,9625,9840,2053,6715,926
7672,9625,9840,2351,7126,4598
7672,9625,9840,9668,1273,3585
7672,9625,9840,7431,8407,2089
7672,9625,9840,7260,7306,3339
7672,9625,9840,173,9037,4442
7672,9625,9840,5212,5117,9242
7672,9625,9840,2153,4908,6248
7672,9625,9840,5575,7942,4768
7672,9625,9840,2224,859,7980
7672,9625,9840,8801,9189,3098
7672,9625,9840,4853,9526,2919
7672,9625,9840,9005,5569,6611
7672,9625,9840,9559,4034,5055
7672,9625,9840,2536,2906,4932
7672,9625,9840,3440,9207,3742
7672,9625,9840,4086,5748,1797
7672,9625,9840,8280,7916,4392
7672,9625,9840,6740,1718,9998
7672,9625,9840,2299,6989,7677
7672,9625,9840,7784,5694,2709
7672,9625,9840,5836,6460,3393
7672,9625,9840,6698,7360,1254
7672,9625,9840,169,1889,4931
7672,9625,9840,3554,5756,5303
7672,9625,9840,6191,1804,8849
7672,9625,9840,3816,2619,2263
7672,9625,9840,4335,4874,8862
7672,9625,9840,8048,3670,7561
7672,9625,9840,3980,3300,7384
7672,9625,9840,4420,4865,2412
7672,9625,9840,3552,3508,4150
7672,9625,9840,2252,5769,1687
7672,9625,9840,1323,943,9936
7672,9625,9840,5289,9351,1063
7672,9625,9840,7377,1720,7765
7672,9625,9840,5760,5884,1631
7672,9625,9840,7458,4453,1013
7672,9625,9840,2989,1182,1505
7672,9625,9840,282,5315,9771
7672,9625,9840,9639,5534,7033
7672,9625,9840,6759,7680,5417
7672,9625,9840,9959,4633,3959
7672,9625,9840,5529,5178,116
7672,9625,9840,4026,9503,6451
7672,9625,9840,1879,2875,6581
7672,9625,9840,3305,5632,6938
7672,9625,9840,2036,770,6897
7672,9625,9840,5539,1284,1629
7672,9625,9840,5472,7810,5098
7672,9625,9840,1159,1336,308
7672,9625,9840,4961,3225,68
7672,9625,9840,7274,230,3495
7672,9625,9840,4109,4088,4741
7672,9625,9840,5763,2137,4640
7672,9625,9840,1258,5990,5362
7672,9625,9840,5526,8208,333
7672,9625,9840,204,8512,2145
7672,9625,9840,7152,5319,9457
7672,9625,9840,5329,6780,410
