461,9814,6309,9434,380,5730
461,9814,6309,6284,7106,2229
461,9814,6309,4230,832,7311
461,9814,6309,7276,3350,7908
461,9814,6309,5453,2255,62
461,9814,6309,1721,8123,6742
461,9814,6309,4197,4481,2228
461,9814,6309,3822,1423,8208
461,9814,6309,8890,5804,1472
461,9814,6309,1970,6391,5016
461,9814,6309,3148,4634,1860
461,9814,6309,6747,7641,1887
461,9814,6309,9100,2882,9241
461,9814,6309,9382,1503,9990
461,9814,6309,521,950,6337
461,9814,6309,6107,5258,2687
461,9814,6309,2178,1744,7062
461,9814,6309,3154,3884,1752
461,9814,6309,8473,6815,9543
461,9814,6309,255,61,7706
461,9814,6309,8709,9938,5812
461,9814,6309,6686,7477,8574
461,9814,6309,2400,5309,1439
461,9814,6309,8031,5517,2209
461,9814,6309,8232,5830,9622
461,9814,6309,5531,5580,745
461,9814,6309,206,5844,4959
461,9814,6309,3494,4252,1598
461,9814,6309,8688,27,8627
461,9814,6309,2826,9817,8594
461,9814,6309,5957,2049,2083
461,9814,6309,278,2671,2085
461,9814,6309,1892,2127,7413
461,9814,6309,3743,3890,2681
461,9814,6309,1940,2254,6183
461,9814,6309,1906,6352,7557
461,9814,6309,1113,8464,8936
461,9814,6309,4525,7877,7635
461,9814,6309,6934,5782,1131
461,9814,6309,4373,98,9860
461,9814,6309,4051,4142,7994
461,9814,6309,394,3243,4502
461,9814,6309,6764,5138,2263
461,9814,6309,8728,8154,832
461,9814,6309,8256,9592,1263
461,9814,6309,2692,8311,5520
461,9814,6309,1987,3091,3075
461,9814,6309,5438,4153,3848
461,9814,6309,429,9002,8022
461,9814,6309,336,8491,2612
461,9814,6309,2277,4223,1903
461,9814,6309,3794,2384,4750
461,9814,6309,1613,7911,2323
461,9814,6309,3709,7230,6414
461,9814,6309,2545,1294,8738
461,9814,6309,5670,4516,3243
461,9814,6309,9875,466,1682
461,9814,6309,1606,423,2440
461,9814,6309,5298,5362,4183
461,9814,6309,6391,7824,5231
461,9814,6309,9239,3375,8035
461,9814,6309,5883,6418,802
461,9814,6309,3823,8730,7519
461,9814,6309,4159,6876,6362
461,9814,6309,6944,765,1235
461,9814,6309,6681,8237,3778
461,9814,6309,266,5496,8553
461,9814,6309,3265,4403,9461
461,9814,6309,1952,3593,8824
461,9814,6309,995,5433,3737
461,9814,6309,8504,8641,9225
461,9814,6309,3360,5165,4899
461,9814,6309,9258,7679,7622
461,9814,6309,3829,452,1750
461,9814,6309,4158,6822,2234
461,9814,6309,6117,8749,7997
461,9814,6309,2883,1900,8583
461,9814,6309,1227,2162,8688
461,9814,6309,8462,2693,3219
461,9814,6309,9239,5478,168
461,9814,6309,1505,6742,7435
461,9814,6309,2842,1160,5435
461,9814,6309,9476,8860,5082
461,9814,6309,6982,2502,8419
461,9814,6309,9905,3245,8540
461,9814,6309,1576,7086,2980
461,9814,6309,3767,8087,1711
461,9814,6309,8794,3366,4329
461,9814,6309,6019,9529,4370
461,9814,6309,5730,7090,1166
461,9814,6309,8742,815,2493
461,9814,6309,4814,9362,2482
461,9814,6309,6190,965,6998
461,9814,6309,2542,1713,351
461,9814,6309,113,9103,1931
461,9814,6309,8377,6241,9401
461,9814,6309,4580,965,9201
461,9814,6309,3330,9963,1610
461,9814,6309,7239,1133,8194
461,9814,6309,4597,842,5869
461,9814,6309,7752,5767,3490
461,9814,6309,1421,2316,1998
461,9814,6309,4502,9689,7682
461,9814,6309,9463,4901,1814
461,9814,6309,1114,9171,1680
461,9814,6309,2627,443,3398
461,9814,6309,5593,8049,2913
461,9814,6309,356,316,6173
461,9814,6309,5370,5106,1559
461,9814,6309,31,5471,950
461,9814,6309,570,450,9411
461,9814,6309,57,4744,2351
461,9814,6309,3855,2929,2728
461,9814,6309,189,1721,4904
461,9814,6309,9887,6519,173
461,9814,6309,4050,7046,2322
461,9814,6309,8559,825,7355
461,9814,6309,7472,4877,1633
461,9814,6309,9417,6982,3472
461,9814,6309,4478,7625,2717
461,9814,6309,6932,1111,217
461,9814,6309,1964,912,1588
461,9814,6309,3406,6045,8007
461,9814,6309,2369,7504,6277
461,9814,6309,6290,4769,1235
461,9814,6309,9764,9075,2405
461,9814,6309,5181,6464,2796
461,9814,6309,787,3258,4811
461,9814,6309,6332,7676,8290
461,9814,6309,3195,8355,3027
461,9814,6309,848,4737,6370
461,9814,6309,4528,5584,7205
461,9814,6309,442,6917,3158
461,9814,6309,29,7893,5463
461,9814,6309,6681,7537,2827
461,9814,6309,58,7825,5111
461,9814,6309,8386,5952,9526
461,9814,6309,572,283,913
461,9814,6309,4335,9150,1385
461,9814,6309,7434,8570,7017
461,9814,6309,1337,9633,7483
461,9814,6309,7656,946,4806
461,9814,6309,6685,6232,7230
461,9814,6309,5542,2979,9584
461,9814,6309,3761,4520,4137
461,9814,6309,575,9728,4012
461,9814,6309,9798,3414,2659
461,9814,6309,3048,9107,2231
461,9814,6309,9103,2148,5315
461,9814,6309,3440,7636,2295
461,9814,6309,958,4721,2356
461,9814,6309,4867,8349,6214
461,9814,6309,2222,9317,4749
461,9814,6309,2148,4402,4062
461,9814,6309,7886,9982,584
461,9814,6309,5726,5334,6533
461,9814,6309,6052,3673,7714
461,9814,6309,4312,588,6342
461,9814,6309,975,1992,9192
461,9814,6309,7410,4475,791
461,9814,6309,8421,664,6665
461,9814,6309,965,1239,4764
461,9814,6309,2171,2500,4508
461,9814,6309,4572,9920,4204
461,9814,6309,219,4710,1754
461,9814,6309,8685,2035,8066
461,9814,6309,8807,5414,6095
461,9814,6309,7988,7163,3049
461,9814,6309,4626,8809,7620
461,9814,6309,2978,3155,789
461,9814,6309,2816,4699,8069
461,9814,6309,641,5551,9334
461,9814,6309,5408,495,1304
461,9814,6309,2953,4203,9382
461,9814,6309,1178,9275,3695
461,9814,6309,4904,7287,5449
461,9814,6309,694,516,2944
461,9814,6309,1449,8493,4446
461,9814,6309,2216,3842,9903
461,9814,6309,475,8936,9320
461,9814,6309,3308,6059,839
461,9814,6309,1183,6604,9839
461,9814,6309,1104,323,2087
461,9814,6309,9513,2455,224
461,9814,6309,3530,5922,6964
461,9814,6309,6951,2616,102
461,9814,6309,9150,1885,7574
461,9814,6309,5270,9794,2046
461,9814,6309,2939,7643,6496
461,9814,6309,8841,1218,8147
461,9814,6309,4579,8677,6191
461,9814,6309,4936,2486,550
461,9814,6309,6383,3287,9662
461,9814,6309,7435,1829,6910
461,9814,6309,1180,4341,1717
461,9814,6309,1040,4481,1344
461,9814,6309,5458,6877,8563
461,9814,6309,4036,319,9224
461,9814,6309,8460,7755,9287
461,9814,6309,4231,5247,1483
461,9814,6309,438,4446,2227
461,9814,6309,7917,8993,3292
461,9814,6309,3451,5394,3570
461,9814,6309,5255,8619,706
461,9814,6309,8123,3650,3530
461,9814,6309,1171,7050,8714
461,9814,6309,5399,8168,3249
461,9814,6309,9003,5954,2246
461,9814,6309,9661,6606,5816
461,9814,6309,4466,735,7635
461,9814,6309,1791,9483,7630
461,9814,6309,7989,4865,5319
461,9814,6309,4526,9269,9895
461,9814,6309,8492,8315,222
461,9814,6309,5956,5402,9693
461,9814,6309,702,1460,5603
461,9814,6309,9117,7045,9156
461,9814,6309,9608,3963,3768
461,9814,6309,2334,4345,6686
461,9814,6309,1529,1924,2595
461,9814,6309,5085,1301,9293
461,9814,6309,8164,7997,1509
461,9814,6309,9664,2407,5961
461,9814,6309,9629,9071,4500
461,9814,6309,838,4248,604
461,9814,6309,5412,9169,5716
461,9814,6309,2953,7690,7017
461,9814,6309,6712,8050,2811
461,9814,6309,6061,3749,9024
461,9814,6309,6911,524,3547
461,9814,6309,9813,7132,7916
461,9814,6309,4969,4747,7760
461,9814,6309,412,4352,2639
461,9814,6309,1241,4415,4491
461,9814,6309,946,5868,2995
461,9814,6309,4709,889,6695
461,9814,6309,626,4243,5116
461,9814,6309,5674,9934,3669
461,9814,6309,5616,5667,4574
461,9814,6309,6353,412,6607
461,9814,6309,3627,9895,8889
461,9814,6309,2511,8156,9750
461,9814,6309,2903,2139,4180
461,9814,6309,6729,9231,4849
461,9814,6309,5226,3537,8993
461,9814,6309,2824,55,5816
461,9814,6309,1671,2987,4875
461,9814,6309,9183,5218,6302
461,9814,6309,6394,54,3559
461,9814,6309,9439,3887,8829
461,9814,6309,1843,6358,4205
461,9814,6309,7507,8886,513
461,9814,6309,3412,5941,8861
461,9814,6309,2558,8194,6685
461,9814,6309,3886,3915,615
461,9814,6309,1967,9809,831
461,9814,6309,6884,1139,2791
461,9814,6309,3715,9293,3692
461,9814,6309,7946,1211,7771
461,9814,6309,5039,7362,3794
461,9814,6309,1976,1337,2675
461,9814,6309,5932,9217,7112
461,9814,6309,191,4064,3086
461,9814,6309,7498,3848,1780
461,9814,6309,7240,1284,9099
461,9814,6309,7981,735,84
461,9814,6309,3288,3192,3253
461,9814,6309,3568,5131,7697
461,9814,6309,8356,6637,7370
461,9814,6309,2491,4780,1433
461,9814,6309,6924,4668,1643
461,9814,6309,9514,4478,4107
461,9814,6309,8337,4937,98
461,9814,6309,4353,9386,7073
461,9814,6309,2128,5660,2072
461,9814,6309,5105,2371,2889
461,9814,6309,5713,1268,9172
461,9814,6309,4348,3566,5226
461,9814,6309,4749,4445,7937
461,9814,6309,1797,9427,9996
461,9814,6309,1756,7922,6462
461,9814,6309,1275,2909,6456
461,9814,6309,9011,7408,8175
461,9814,6309,3258,8675,2483
461,9814,6309,3663,6638,3230
461,9814,6309,4509,6338,3737
461,9814,6309,181,2466,5006
461,9814,6309,3860,9827,793
461,9814,6309,5708,3742,4632
461,9814,6309,3705,1363,2560
461,9814,6309,2652,9195,7442
461,9814,6309,2737,5609,8907
461,9814,6309,9177,9890,2117
461,9814,6309,1507,7480,3962
461,9814,6309,9482,7673,7146
461,9814,6309,9755,4239,1446
461,9814,6309,2955,7044,7724
461,9814,6309,6727,9908,2512
461,9814,6309,6958,9146,5381
461,9814,6309,5239,6376,6617
461,9814,6309,5726,6053,3746
461,9814,6309,4807,9737,1591
461,9814,6309,1950,7642,8859
461,9814,6309,2792,9862,5964
461,9814,6309,5042,6627,7742
461,9814,6309,3518,4028,8057
461,9814,6309,2804,6985,876
461,9814,6309,6352,7009,4317
461,9814,6309,7676,9933,1609
461,9814,6309,9668,9577,4761
461,9814,6309,6555,11,1310
461,9814,6309,4129,9220,9578
461,9814,6309,788,5975,4250
461,9814,6309,6056,1066,7320
461,9814,6309,9490,9462,445
461,9814,6309,2857,2292,5418
461,9814,6309,4347,9957,3731
461,9814,6309,7081,6407,25
461,9814,6309,2620,5804,9112
461,9814,6309,1609,7804,4808
461,9814,6309,5522,1258,8695
461,9814,6309,965,8836,1351
461,9814,6309,6200,205,6823
461,9814,6309,7077,4087,550
461,9814,6309,2166,5422,6951
461,9814,6309,5931,7812,4058
461,9814,6309,9293,3310,5707
461,9814,6309,1918,606,2031
461,9814,6309,6271,3266,427
461,9814,6309,4431,3148,9863
461,9814,6309,545,5334,4459
461,9814,6309,8639,8270,1246
461,9814,6309,6585,4141,3920
461,9814,6309,6752,6160,8702
461,9814,6309,5525,3991,3939
461,9814,6309,6013,9258,115
461,9814,6309,2395,1147,8641
461,9814,6309,9396,2918,8701
461,9814,6309,1012,7749,6609
461,9814,6309,3846,719,4782
461,9814,6309,7045,9503,3150
461,9814,6309,3638,6284,8431
461,9814,6309,1450,2017,3169
461,9814,6309,1525,5444,8707
461,9814,6309,6573,1493,7216
461,9814,6309,5951,7505,2349
461,9814,6309,4757,4288,8796
461,9814,6309,8496,8907,5490
461,9814,6309,1863,4308,290
461,9814,6309,46,3140,5595
461,9814,6309,2931,4004,1444
461,9814,6309,7411,6790,3578
461,9814,6309,2254,7152,1466
461,9814,6309,5990,4511,587
461,9814,6309,5470,9640,6233
461,9814,6309,477,1470,3044
461,9814,6309,1804,3506,5505
461,9814,6309,5207,3394,6859
461,9814,6309,9290,2910,9926
461,9814,6309,3782,772,2376
461,9814,6309,8912,1056,6150
461,9814,6309,4474,9947,510
461,9814,6309,1502,8841,6700
461,9814,6309,5283,3829,3647
461,9814,6309,1064,5378,8666
461,9814,6309,3106,5074,9590
461,9814,6309,9560,9792,9208
461,9814,6309,9607,302,7916
461,9814,6309,565,5932,3629
461,9814,6309,9043,4461,4619
461,9814,6309,6609,2259,2931
461,9814,6309,4056,3381,9320
461,9814,6309,1391,8723,6984
461,9814,6309,788,5421,7707
461,9814,6309,9471,2025,7887
461,9814,6309,6204,2702,3915
461,9814,6309,5424,597,2048
461,9814,6309,4176,1072,3291
461,9814,6309,5220,7611,661
461,9814,6309,5606,8974,9396
461,9814,6309,7526,3628,538
461,9814,6309,5495,9616,9283
461,9814,6309,6984,2020,5290
461,9814,6309,4950,2977,1605
461,9814,6309,3096,6836,1327
461,9814,6309,5402,5234,8081
461,9814,6309,2908,9273,9823
461,9814,6309,9014,9462,204
461,9814,6309,9360,1421,174
461,9814,6309,6994,6671,8505
461,9814,6309,4060,7705,1905
461,9814,6309,9895,575,7971
461,9814,6309,6177,7458,1397
461,9814,6309,7306,8094,1413
461,9814,6309,4823,7200,7374
461,9814,6309,3973,3960,5597
461,9814,6309,7401,6027,7593
461,9814,6309,3415,4289,4406
461,9814,6309,2008,8691,6032
461,9814,6309,8996,7608,8746
461,9814,6309,2360,934,9109
461,9814,6309,3670,438,4556
461,9814,6309,8918,4180,1616
461,9814,6309,6167,9187,3680
461,9814,6309,6641,9780,789
461,9814,6309,8363,4423,5221
461,9814,6309,7987,2524,4250
461,9814,6309,5197,2250,4007
461,9814,6309,8274,3085,8564
461,9814,6309,2591,672,5167
461,9814,6309,3691,2106,6644
461,9814,6309,1588,9844,9840
461,9814,6309,3907,2070,9414
461,9814,6309,5500,2577,3022
461,9814,6309,5462,2630,7338
461,9814,6309,588,223,7368
461,9814,6309,1965,8365,3221
461,9814,6309,3568,1268,8955
461,9814,6309,5809,3375,3014
461,9814,6309,3326,4989,4096
461,9814,6309,1566,395,5439
461,9814,6309,7823,2162,4633
461,9814,6309,5282,5030,6046
461,9814,6309,6932,4009,8693
461,9814,6309,7569,4786,4547
461,9814,6309,1917,1143,5683
461,9814,6309,5655,5270,7271
461,9814,6309,7251,5277,9970
461,9814,6309,3104,2848,3593
461,9814,6309,9066,1173,2676
461,9814,6309,6825,6265,5795
461,9814,6309,8149,9779,4255
461,9814,6309,6578,2427,528
461,9814,6309,9064,5735,2458
461,9814,6309,9122,3891,6961
461,9814,6309,7173,7167,946
461,9814,6309,8608,4254,8958
461,9814,6309,4356,2659,4982
461,9814,6309,3312,8220,2395
461,9814,6309,6533,965,1695
461,9814,6309,7040,4561,526
461,9814,6309,3970,2009,4212
461,9814,6309,971,3714,8863
461,9814,6309,8298,7952,804
461,9814,6309,8485,9053,9340
461,9814,6309,641,7836,6575
461,9814,6309,3409,3737,9925
461,9814,6309,7568,660,218
461,9814,6309,3504,4897,950
461,9814,6309,6892,7759,9436
461,9814,6309,3981,1032,3412
461,9814,6309,1291,9079,2923
461,9814,6309,1123,9463,4598
461,9814,6309,8879,7510,1398
461,9814,6309,126,9658,6462
461,9814,6309,4534,9174,1561
461,9814,6309,7060,3556,3773
461,9814,6309,2611,9350,1637
461,9814,6309,8440,5746,7558
461,9814,6309,6550,6476,2500
461,9814,6309,3553,3288,6104
461,9814,6309,3406,5013,6659
461,9814,6309,4775,4756,485
461,9814,6309,2424,7446,816
461,9814,6309,7270,5657,7631
461,9814,6309,8226,4286,3156
461,9814,6309,5663,244,3509
461,9814,6309,9049,2744,1934
461,9814,6309,8958,3953,9040
461,9814,6309,8254,5131,9766
461,9814,6309,4835,1881,3400
461,9814,6309,5957,3013,4400
461,9814,6309,8296,2485,6671
461,9814,6309,9906,9495,7717
461,9814,6309,9644,6796,7224
461,9814,6309,4322,9982,2733
461,9814,6309,4446,1798,6305
461,9814,6309,302,8534,8296
461,9814,6309,3689,1476,1361
461,9814,6309,905,7218,6887
461,9814,6309,9791,8296,8918
461,9814,6309,3887,8715,5660
461,9814,6309,248,8550,9948
461,9814,6309,6914,8446,9002
461,9814,6309,5460,768,4863
461,9814,6309,4302,129,4287
461,9814,6309,3284,9215,2009
461,9814,6309,2977,8117,3263
461,9814,6309,4496,3977,5498
461,9814,6309,4951,2849,7610
461,9814,6309,4592,5886,3162
461,9814,6309,3427,2929,5153
461,9814,6309,8847,4339,7858
461,9814,6309,2673,7462,5874
461,9814,6309,6321,5285,4137
461,9814,6309,9506,3835,4844
461,9814,6309,647,1414,2399
461,9814,6309,3948,4351,9343
461,9814,6309,7705,6234,452
461,9814,6309,308,5644,9822
461,9814,6309,888,1942,7670
461,9814,6309,5688,8083,3949
461,9814,6309,7991,3024,7296
461,9814,6309,8953,4352,2181
461,9814,6309,9485,9230,5520
461,9814,6309,5543,6984,3665
461,9814,6309,2706,9365,8077
461,9814,6309,5627,7660,1018
461,9814,6309,2334,6081,7874
461,9814,6309,5178,9163,2011
