6305,7915,910,6990,6800,3284
6305,7915,910,4497,3642,7450
6305,7915,910,7003,6616,3798
6305,7915,910,3585,5209,4131
6305,7915,910,7997,2206,4413
6305,7915,910,8728,9963,9687
6305,7915,910,6649,6377,6579
6305,7915,910,7993,1285,2440
6305,7915,910,4979,394,5662
6305,7915,910,5372,2721,1423
6305,7915,910,4083,7489,2558
6305,7915,910,5654,3838,208
6305,7915,910,3961,6959,4532
6305,7915,910,848,7687,7753
6305,7915,910,362,3862,7587
6305,7915,910,5975,3476,5415
6305,7915,910,851,4697,8690
6305,7915,910,8287,633,6980
6305,7915,910,7960,4343,4603
6305,7915,910,6450,5633,4184
6305,7915,910,1042,2010,7825
6305,7915,910,4569,6631,7797
6305,7915,910,7071,1791,569
6305,7915,910,695,6588,5023
6305,7915,910,7946,5717,1879
6305,7915,910,3398,9705,2577
6305,7915,910,4949,8771,6843
6305,7915,910,2370,8134,3335
6305,7915,910,8787,4142,7556
6305,7915,910,3859,7273,9832
6305,7915,910,8906,1261,6213
6305,7915,910,3836,6815,3700
6305,7915,910,5858,8476,551
6305,7915,910,402,9214,3052
6305,7915,910,5948,7477,1194
6305,7915,910,2861,3902,6430
6305,7915,910,9365,9026,2035
6305,7915,910,2999,1499,1838
6305,7915,910,3759,7280,7535
6305,7915,910,932,992,8681
6305,7915,910,7694,8143,2985
6305,7915,910,1054,2372,4815
6305,7915,910,930,6776,7735
6305,7915,910,9019,6490,6778
6305,7915,910,1993,2218,8685
6305,7915,910,9558,3428,6698
6305,7915,910,7118,1813,4795
6305,7915,910,8045,4436,2718
6305,7915,910,9926,4480,7094
6305,7915,910,4295,4869,4422
6305,7915,910,1397,1879,702
6305,7915,910,8358,467,1792
6305,7915,910,5012,9784,3730
6305,7915,910,7170,5172,9803
6305,7915,910,1594,8147,6373
6305,7915,910,458,2542,9767
6305,7915,910,7148,1231,9177
6305,7915,910,1125,7493,9750
6305,7915,910,8490,8957,6468
6305,7915,910,3395,1085,5306
6305,7915,910,7352,3938,8358
6305,7915,910,2411,4280,782
6305,7915,910,6570,1229,9198
6305,7915,910,9461,8630,5329
6305,7915,910,3628,5913,3010
6305,7915,910,8775,9668,4640
6305,7915,910,4453,615,1983
6305,7915,910,6955,1046,2284
6305,7915,910,9247,2186,7579
6305,7915,910,6193,1417,7402
6305,7915,910,5309,1016,6458
6305,7915,910,3297,3935,7225
6305,7915,910,6823,6148,5216
6305,7915,910,4608,1415,101
6305,7915,910,9353,5069,1537
6305,7915,910,6734,9710,1930
6305,7915,910,519,7429,2443
6305,7915,910,8618,5197,4749
6305,7915,910,790,4796,7568
6305,7915,910,6552,7345,54
6305,7915,910,7945,2658,6319
6305,7915,910,6252,5808,9295
6305,7915,910,4617,9617,4467
6305,7915,910,1401,5474,4710
6305,7915,910,5183,3982,4568
6305,7915,910,1012,357,7437
6305,7915,910,7519,7363,3682
6305,7915,910,9808,8547,7764
6305,7915,910,1075,5411,1925
6305,7915,910,2140,7794,1272
6305,7915,910,7938,7416,7249
6305,7915,910,2063,3169,1136
6305,7915,910,6584,5789,7190
6305,7915,910,261,9431,3744
6305,7915,910,6254,3839,2441
6305,7915,910,9214,4631,3488
6305,7915,910,1926,3810,2035
6305,7915,910,5891,1504,9668
6305,7915,910,5318,6426,5605
6305,7915,910,3870,4597,1176
6305,7915,910,366,9692,2932
6305,7915,910,3355,3657,9325
6305,7915,910,1301,3588,1683
6305,7915,910,7569,4363,8027
6305,7915,910,3808,8258,3526
6305,7915,910,8467,2237,1466
6305,7915,910,4396,757,4653
6305,7915,910,7138,8428,3017
6305,7915,910,6864,9561,8754
6305,7915,910,3149,2759,8254
6305,7915,910,3770,2219,3705
6305,7915,910,2292,1257,1076
6305,7915,910,7931,506,2988
6305,7915,910,7580,6688,3051
6305,7915,910,6190,3169,3594
6305,7915,910,9167,6084,9834
6305,7915,910,7337,4230,4097
6305,7915,910,2521,9189,1330
6305,7915,910,203,5841,1422
6305,7915,910,8356,9408,6943
6305,7915,910,5505,6873,2417
6305,7915,910,7215,3327,7927
6305,7915,910,3354,7330,810
6305,7915,910,4581,4766,9467
6305,7915,910,1223,1078,5543
6305,7915,910,4125,8944,2246
6305,7915,910,6773,8304,2457
6305,7915,910,7471,8170,8598
6305,7915,910,9392,7649,9459
6305,7915,910,663,5331,996
6305,7915,910,6398,1058,7620
6305,7915,910,47,8461,1818
6305,7915,910,7653,662,8175
6305,7915,910,6192,7724,1733
6305,7915,910,8183,9800,1953
6305,7915,910,8995,5370,7190
6305,7915,910,4664,6847,9324
6305,7915,910,7477,7189,6963
6305,7915,910,6745,8292,7375
6305,7915,910,4147,7967,6826
6305,7915,910,4713,8627,682
6305,7915,910,6682,6997,2029
6305,7915,910,6439,2330,3575
6305,7915,910,6997,9810,783
6305,7915,910,8329,1754,1068
6305,7915,910,4575,4386,2368
6305,7915,910,795,5769,6157
6305,7915,910,8763,9273,6877
6305,7915,910,531,2027,9690
6305,7915,910,5524,3860,5931
6305,7915,910,7887,6933,5983
6305,7915,910,334,9358,5779
6305,7915,910,4866,4511,3215
6305,7915,910,6554,8425,8403
6305,7915,910,4167,4438,9672
6305,7915,910,5583,753,3039
6305,7915,910,7099,1688,7593
6305,7915,910,2501,7453,2723
6305,7915,910,8338,2822,4731
6305,7915,910,9639,3040,45
6305,7915,910,9373,3371,3305
6305,7915,910,6835,9022,6363
6305,7915,910,4335,7091,1393
6305,7915,910,1318,8397,1648
6305,7915,910,7392,3168,3916
6305,7915,910,4116,4965,8009
6305,7915,910,9959,7096,3707
6305,7915,910,7464,916,682
6305,7915,910,390,2492,2877
6305,7915,910,5414,5830,2603
6305,7915,910,5806,6275,2606
6305,7915,910,5753,1106,8176
6305,7915,910,8276,6160,164
6305,7915,910,3459,438,6851
6305,7915,910,8530,9148,3019
6305,7915,910,3850,4560,5712
6305,7915,910,4911,1670,610
6305,7915,910,5110,4005,2003
6305,7915,910,8237,8840,9408
6305,7915,910,5193,3647,9114
6305,7915,910,579,301,7021
6305,7915,910,5565,9924,2861
6305,7915,910,8363,3436,2993
6305,7915,910,5744,3796,2572
6305,7915,910,7164,296,8429
6305,7915,910,5109,7707,4809
6305,7915,910,7972,9178,7083
6305,7915,910,6221,7602,4864
6305,7915,910,7167,8814,1740
6305,7915,910,7,1501,8347
6305,7915,910,719,798,5743
6305,7915,910,1635,7772,5516
6305,7915,910,6632,9563,420
6305,7915,910,1099,7257,8830
6305,7915,910,1326,8756,7245
6305,7915,910,83,902,374
6305,7915,910,2893,9978,20
6305,7915,910,5521,3246,2330
6305,7915,910,8595,7962,890
6305,7915,910,7314,7605,914
6305,7915,910,7779,9270,1861
6305,7915,910,38,4259,6221
6305,7915,910,1013,7325,4493
6305,7915,910,5386,616,9787
6305,7915,910,2674,1578,2369
6305,7915,910,8193,6488,1947
6305,7915,910,6560,9485,4493
6305,7915,910,5007,1343,3916
6305,7915,910,5829,7613,2690
6305,7915,910,8784,2595,843
6305,7915,910,5304,8022,7734
6305,7915,910,7183,7145,3909
6305,7915,910,3306,9646,1772
6305,7915,910,3698,3468,4344
6305,7915,910,9897,9558,876
6305,7915,910,4651,40,4387
6305,7915,910,5576,3984,7684
6305,7915,910,6468,680,5341
6305,7915,910,2495,2560,7999
6305,7915,910,6019,9181,6759
6305,7915,910,6561,7834,7030
6305,7915,910,3492,6179,5233
6305,7915,910,1631,8046,4612
6305,7915,910,2671,1102,5600
6305,7915,910,4291,2501,8060
6305,7915,910,8671,6216,8867
6305,7915,910,8863,11,1980
6305,7915,910,7492,2493,3314
6305,7915,910,252,8676,7343
6305,7915,910,8848,456,2689
6305,7915,910,1131,2684,1759
6305,7915,910,1671,5786,9072
6305,7915,910,6441,5516,3209
6305,7915,910,1160,6375,178
6305,7915,910,4740,7694,672
6305,7915,910,4416,3544,7492
6305,7915,910,6405,2197,6904
6305,7915,910,3603,2115,5871
6305,7915,910,7490,8056,7661
6305,7915,910,6566,6530,7327
6305,7915,910,9960,1182,1201
6305,7915,910,228,7280,2631
6305,7915,910,8184,3431,3761
6305,7915,910,1564,9281,8535
6305,7915,910,6650,2968,5235
6305,7915,910,4483,9895,8406
6305,7915,910,8365,3267,8758
6305,7915,910,3116,2610,483
6305,7915,910,5540,388,9399
6305,7915,910,931,2424,6113
6305,7915,910,9477,1850,5354
6305,7915,910,1569,9854,5803
6305,7915,910,3550,2049,3767
6305,7915,910,4984,5252,3833
6305,7915,910,8911,9467,9417
6305,7915,910,3349,5820,6516
6305,7915,910,6838,6365,7268
6305,7915,910,178,6521,7422
6305,7915,910,9400,682,2654
6305,7915,910,1852,3833,3101
6305,7915,910,1409,8353,6152
6305,7915,910,2000,2100,8735
6305,7915,910,7167,9593,1160
6305,7915,910,9338,6882,8149
6305,7915,910,1920,9422,5974
6305,7915,910,7240,7507,9544
6305,7915,910,6392,6212,7203
6305,7915,910,9964,679,6724
6305,7915,910,1887,3292,7881
6305,7915,910,3249,6300,3749
6305,7915,910,7082,4023,9008
6305,7915,910,7012,6306,1253
6305,7915,910,7830,8312,2434
6305,7915,910,5734,4685,1535
6305,7915,910,163,7545,1856
6305,7915,910,1552,8838,4397
6305,7915,910,6064,2799,8006
6305,7915,910,8859,5232,8457
6305,7915,910,1865,2711,4791
6305,7915,910,3347,5065,2173
6305,7915,910,3120,3157,4608
6305,7915,910,7858,3417,433
6305,7915,910,9558,3230,430
6305,7915,910,382,5209,3662
6305,7915,910,3817,18,1169
6305,7915,910,3187,9017,9751
6305,7915,910,9972,6724,7459
6305,7915,910,7360,6224,570
6305,7915,910,9838,2574,331
6305,7915,910,3858,5140,5221
6305,7915,910,2272,4078,2569
6305,7915,910,9890,235,1483
6305,7915,910,5437,3875,5391
6305,7915,910,482,3124,13
6305,7915,910,1968,1051,3037
6305,7915,910,2975,8172,9288
6305,7915,910,3956,9798,5331
6305,7915,910,5283,3216,8018
6305,7915,910,1623,8673,348
6305,7915,910,1107,3758,6793
6305,7915,910,1619,5330,813
6305,7915,910,4297,7039,8313
6305,7915,910,2331,1029,2276
6305,7915,910,7429,466,5679
6305,7915,910,718,4192,1788
6305,7915,910,6552,6137,5345
6305,7915,910,956,6226,4771
6305,7915,910,8982,8265,7935
6305,7915,910,9550,9166,9448
6305,7915,910,5831,929,336
6305,7915,910,6165,878,6389
6305,7915,910,3604,3429,6879
6305,7915,910,1008,43,9307
6305,7915,910,2981,6824,8330
6305,7915,910,5854,2378,6366
6305,7915,910,3440,1158,8726
6305,7915,910,3883,4215,7063
6305,7915,910,9356,8897,4351
6305,7915,910,7515,9997,206
6305,7915,910,8203,7197,3640
6305,7915,910,1401,1840,6771
6305,7915,910,5828,5262,7083
6305,7915,910,4584,1892,5339
6305,7915,910,8538,2405,3794
6305,7915,910,8995,5946,9423
6305,7915,910,6832,4894,9829
6305,7915,910,4569,2626,4388
6305,7915,910,8454,276,9113
6305,7915,910,6210,8441,7593
6305,7915,910,6836,465,3658
6305,7915,910,7342,2621,7523
6305,7915,910,7463,779,1541
6305,7915,910,8101,967,5140
6305,7915,910,4503,875,7003
6305,7915,910,6440,4364,2526
6305,7915,910,4392,1385,8300
6305,7915,910,6651,6432,3955
6305,7915,910,3361,926,4882
6305,7915,910,7805,1988,8372
6305,7915,910,1512,1077,7751
6305,7915,910,6286,4443,7695
6305,7915,910,4419,102,9134
6305,7915,910,845,4019,5765
6305,7915,910,9603,2652,3512
6305,7915,910,3670,3308,5663
6305,7915,910,7052,1410,1060
6305,7915,910,7449,6076,4674
6305,7915,910,9659,8508,4356
6305,7915,910,5695,2206,1374
6305,7915,910,7407,9764,8828
6305,7915,910,4077,8271,7856
6305,7915,910,585,2285,3639
6305,7915,910,4670,5058,6940
6305,7915,910,5655,1893,7368
6305,7915,910,9581,7056,1968
6305,7915,910,9588,4339,4598
6305,7915,910,694,2776,4821
6305,7915,910,5821,3461,5464
6305,7915,910,114,9071,9161
6305,7915,910,7958,1018,7920
6305,7915,910,8989,1196,8523
6305,7915,910,8342,9647,5879
6305,7915,910,4789,4054,4292
6305,7915,910,2919,2594,5926
6305,7915,910,150,5971,4662
6305,7915,910,5905,1274,7760
6305,7915,910,6778,6993,9363
6305,7915,910,7871,7209,8573
6305,7915,910,9979,3842,7796
6305,7915,910,651,7209,6433
6305,7915,910,3878,2558,9510
6305,7915,910,5163,4089,2453
6305,7915,910,1354,3379,8948
6305,7915,910,6587,4303,4839
6305,7915,910,1982,8615,6016
6305,7915,910,567,6805,9315
6305,7915,910,2263,4058,8826
6305,7915,910,3476,5144,5089
6305,7915,910,1294,6617,1675
6305,7915,910,7196,9137,7495
6305,7915,910,3885,8859,8141
6305,7915,910,6248,5751,8337
6305,7915,910,3417,4010,2889
6305,7915,910,660,1242,1682
6305,7915,910,9897,5045,8481
6305,7915,910,5408,6496,7981
6305,7915,910,9709,8183,7077
6305,7915,910,6241,976,9252
6305,7915,910,9243,4599,4645
6305,7915,910,5277,8097,2664
6305,7915,910,3957,6732,5754
6305,7915,910,4258,1983,7780
6305,7915,910,8049,3570,9421
6305,7915,910,2206,9757,7635
6305,7915,910,6530,2662,8091
6305,7915,910,2527,4366,1127
6305,7915,910,5447,3438,1444
6305,7915,910,4585,313,5205
6305,7915,910,8631,6257,831
6305,7915,910,1521,7270,1854
6305,7915,910,8133,2655,363
6305,7915,910,6581,3424,9309
6305,7915,910,5215,299,7376
6305,7915,910,2599,2651,2860
6305,7915,910,828,6570,9177
6305,7915,910,6407,5779,2082
6305,7915,910,908,3178,3587
6305,7915,910,4319,4758,6158
6305,7915,910,861,649,2594
6305,7915,910,6485,6867,765
6305,7915,910,1076,188,3323
6305,7915,910,7167,2257,438
6305,7915,910,4987,3511,4841
6305,7915,910,4977,8131,683
6305,7915,910,9382,1756,1107
6305,7915,910,3596,5782,3950
6305,7915,910,6466,9272,9310
6305,7915,910,1845,3831,8597
6305,7915,910,8815,1182,581
6305,7915,910,3301,8104,6913
6305,7915,910,1957,5185,5714
6305,7915,910,6982,2184,6481
6305,7915,910,4616,8460,6911
6305,7915,910,5205,379,5031
6305,7915,910,2860,5322,8671
6305,7915,910,9785,3654,2121
6305,7915,910,5848,9770,154
6305,7915,910,3482,8018,4518
6305,7915,910,2687,577,7346
6305,7915,910,964,4907,4132
6305,7915,910,5170,4834,4336
6305,7915,910,8272,7135,3749
6305,7915,910,590,9170,8863
6305,7915,910,9808,8421,1045
6305,7915,910,9284,5084,5829
6305,7915,910,281,4743,2749
6305,7915,910,9730,3708,8648
6305,7915,910,4222,7019,6262
6305,7915,910,9509,3994,8044
6305,7915,910,2424,8239,7222
6305,7915,910,8147,9649,8230
6305,7915,910,7232,820,5059
6305,7915,910,2033,4828,6714
6305,7915,910,2331,8749,6996
6305,7915,910,3919,3865,6721
6305,7915,910,8434,2343,1537
6305,7915,910,8362,5419,4879
6305,7915,910,4886,3135,5464
6305,7915,910,8829,6682,8846
6305,7915,910,6687,7341,2966
6305,7915,910,6296,5703,1773
6305,7915,910,6036,9858,7039
6305,7915,910,3834,9437,408
6305,7915,910,4561,1720,3132
6305,7915,910,8186,4923,8602
6305,7915,910,1841,7911,1313
6305,7915,910,8791,2846,2139
6305,7915,910,5349,9695,1715
6305,7915,910,2196,8338,3376
6305,7915,910,9531,8761,6784
6305,7915,910,6743,8770,8216
6305,7915,910,3719,7416,2602
6305,7915,910,4579,4518,5773
6305,7915,910,3995,3708,8081
6305,7915,910,7471,5510,9595
6305,7915,910,4737,1030,665
6305,7915,910,9914,4480,9507
6305,7915,910,3527,5134,4771
6305,7915,910,44,286,2093
6305,7915,910,7054,7148,4047
6305,7915,910,2978,309,7156
6305,7915,910,4948,9964,4997
6305,7915,910,8241,4385,6740
6305,7915,910,4440,5713,7932
6305,7915,910,4914,2635,9988
6305,7915,910,636,5580,9948
6305,7915,910,1355,8867,1961
6305,7915,910,3168,9263,5575
6305,7915,910,4625,873,5233
6305,7915,910,6835,1645,7792
6305,7915,910,4824,6585,8224
6305,7915,910,7578,470,4987
6305,7915,910,9602,602,7766
6305,7915,910,7285,5238,5160
6305,7915,910,2382,3674,9318
6305,7915,910,9001,5311,9305
6305,7915,910,4057,3843,5913
6305,7915,910,5364,8478,8982
6305,7915,910,8757,5144,2557
6305,7915,910,7395,3445,4379
6305,7915,910,6898,7828,252
6305,7915,910,7037,2321,952
6305,7915,910,7746,3260,3574
6305,7915,910,701,798,7747
6305,7915,910,5550,3476,279
6305,7915,910,1564,4280,2334
6305,7915,910,1127,1021,2678
6305,7915,910,515,1579,4483
6305,7915,910,8178,5237,2487
6305,7915,910,6106,544,582
6305,7915,910,6221,7312,6306
6305,7915,910,2134,8565,9192
6305,7915,910,8813,8839,3592
6305,7915,910,7934,7392,1037
6305,7915,910,4553,1752,3225
6305,7915,910,8951,4769,9236
6305,7915,910,8325,2055,1070
6305,7915,910,1000,9671,5044
6305,7915,910,1596,3197,7245
6305,7915,910,7002,8852,5231
