5652,4194,6108,6555,11,1310
5652,4194,6108,4129,9220,9578
5652,4194,6108,788,5975,4250
5652,4194,6108,6056,1066,7320
5652,4194,6108,9490,9462,445
5652,4194,6108,2857,2292,5418
5652,4194,6108,4347,9957,3731
5652,4194,6108,7081,6407,25
5652,4194,6108,2620,5804,9112
5652,4194,6108,1609,7804,4808
5652,4194,6108,5522,1258,8695
5652,4194,6108,965,8836,1351
5652,4194,6108,6200,205,6823
5652,4194,6108,7077,4087,550
5652,4194,6108,2166,5422,6951
5652,4194,6108,5931,7812,4058
5652,4194,6108,9293,3310,5707
5652,4194,6108,1918,606,2031
5652,4194,6108,6271,3266,427
5652,4194,6108,4431,3148,9863
5652,4194,6108,545,5334,4459
5652,4194,6108,8639,8270,1246
5652,4194,6108,6585,4141,3920
5652,4194,6108,6752,6160,8702
5652,4194,6108,5525,3991,3939
5652,4194,6108,6013,9258,115
5652,4194,6108,2395,1147,8641
5652,4194,6108,9396,2918,8701
5652,4194,6108,1012,7749,6609
5652,4194,6108,3846,719,4782
5652,4194,6108,7045,9503,3150
5652,4194,6108,3638,6284,8431
5652,4194,6108,1450,2017,3169
5652,4194,6108,1525,5444,8707
5652,4194,6108,6573,1493,7216
5652,4194,6108,5951,7505,2349
5652,4194,6108,4757,4288,8796
5652,4194,6108,8496,8907,5490
5652,4194,6108,1863,4308,290
5652,4194,6108,46,3140,5595
5652,4194,6108,2931,4004,1444
5652,4194,6108,7411,6790,3578
5652,4194,6108,2254,7152,1466
5652,4194,6108,5990,4511,587
5652,4194,6108,5470,9640,6233
5652,4194,6108,477,1470,3044
5652,4194,6108,1804,3506,5505
5652,4194,6108,5207,3394,6859
5652,4194,6108,9290,2910,9926
5652,4194,6108,3782,772,2376
5652,4194,6108,8912,1056,6150
5652,4194,6108,4474,9947,510
5652,4194,6108,1502,8841,6700
5652,4194,6108,5283,3829,3647
5652,4194,6108,1064,5378,8666
5652,4194,6108,3106,5074,9590
5652,4194,6108,9560,9792,9208
5652,4194,6108,9607,302,7916
5652,4194,6108,565,5932,3629
5652,4194,6108,9043,4461,4619
5652,4194,6108,6609,2259,2931
5652,4194,6108,4056,3381,9320
5652,4194,6108,1391,8723,6984
5652,4194,6108,788,5421,7707
5652,4194,6108,9471,2025,7887
5652,4194,6108,6204,2702,3915
5652,4194,6108,5424,597,2048
5652,4194,6108,4176,1072,3291
5652,4194,6108,5220,7611,661
5652,4194,6108,5606,8974,9396
5652,4194,6108,7526,3628,538
5652,4194,6108,5495,9616,9283
5652,4194,6108,6984,2020,5290
5652,4194,6108,4950,2977,1605
5652,4194,6108,3096,6836,1327
5652,4194,6108,5402,5234,8081
5652,4194,6108,2908,9273,9823
5652,4194,6108,9014,9462,204
5652,4194,6108,9360,1421,174
5652,4194,6108,6994,6671,8505
5652,4194,6108,4060,7705,1905
5652,4194,6108,9895,575,7971
5652,4194,6108,6177,7458,1397
5652,4194,6108,7306,8094,1413
5652,4194,6108,4823,7200,7374
5652,4194,6108,3973,3960,5597
5652,4194,6108,7401,6027,7593
5652,4194,6108,3415,4289,4406
5652,4194,6108,2008,8691,6032
5652,4194,6108,8996,7608,8746
5652,4194,6108,2360,934,9109
5652,4194,6108,3670,438,4556
5652,4194,6108,8918,4180,1616
5652,4194,6108,6167,9187,3680
5652,4194,6108,6641,9780,789
5652,4194,6108,8363,4423,5221
5652,4194,6108,7987,2524,4250
5652,4194,6108,5197,2250,4007
5652,4194,6108,8274,3085,8564
5652,4194,6108,2591,672,5167
5652,4194,6108,3691,2106,6644
5652,4194,6108,1588,9844,9840
5652,4194,6108,3907,2070,9414
5652,4194,6108,5500,2577,3022
5652,4194,6108,5462,2630,7338
5652,4194,6108,588,223,7368
5652,4194,6108,1965,8365,3221
5652,4194,6108,3568,1268,8955
5652,4194,6108,5809,3375,3014
5652,4194,6108,3326,4989,4096
5652,4194,6108,1566,395,5439
5652,4194,6108,7823,2162,4633
5652,4194,6108,5282,5030,6046
5652,4194,6108,6932,4009,8693
5652,4194,6108,7569,4786,4547
5652,4194,6108,1917,1143,5683
5652,4194,6108,5655,5270,7271
5652,4194,6108,7251,5277,9970
5652,4194,6108,3104,2848,3593
5652,4194,6108,9066,1173,2676
5652,4194,6108,6825,6265,5795
5652,4194,6108,8149,9779,4255
5652,4194,6108,6578,2427,528
5652,4194,6108,9064,5735,2458
5652,4194,6108,9122,3891,6961
5652,4194,6108,7173,7167,946
5652,4194,6108,8608,4254,8958
5652,4194,6108,4356,2659,4982
5652,4194,6108,3312,8220,2395
5652,4194,6108,6533,965,1695
5652,4194,6108,7040,4561,526
5652,4194,6108,3970,2009,4212
5652,4194,6108,971,3714,8863
5652,4194,6108,8298,7952,804
5652,4194,6108,8485,9053,9340
5652,4194,6108,641,7836,6575
5652,4194,6108,3409,3737,9925
5652,4194,6108,7568,660,218
5652,4194,6108,3504,4897,950
5652,4194,6108,6892,7759,9436
5652,4194,6108,3981,1032,3412
5652,4194,6108,1291,9079,2923
5652,4194,6108,1123,9463,4598
5652,4194,6108,8879,7510,1398
5652,4194,6108,126,9658,6462
5652,4194,6108,4534,9174,1561
5652,4194,6108,7060,3556,3773
5652,4194,6108,2611,9350,1637
5652,4194,6108,8440,5746,7558
5652,4194,6108,6550,6476,2500
5652,4194,6108,3553,3288,6104
5652,4194,6108,3406,5013,6659
5652,4194,6108,4775,4756,485
5652,4194,6108,2424,7446,816
5652,4194,6108,7270,5657,7631
5652,4194,6108,8226,4286,3156
5652,4194,6108,5663,244,3509
5652,4194,6108,9049,2744,1934
5652,4194,6108,8958,3953,9040
5652,4194,6108,8254,5131,9766
5652,4194,6108,4835,1881,3400
5652,4194,6108,5957,3013,4400
5652,4194,6108,8296,2485,6671
5652,4194,6108,9906,9495,7717
5652,4194,6108,9644,6796,7224
5652,4194,6108,4322,9982,2733
5652,4194,6108,4446,1798,6305
5652,4194,6108,302,8534,8296
5652,4194,6108,3689,1476,1361
5652,4194,6108,905,7218,6887
5652,4194,6108,9791,8296,8918
5652,4194,6108,3887,8715,5660
5652,4194,6108,248,8550,9948
5652,4194,6108,6914,8446,9002
5652,4194,6108,5460,768,4863
5652,4194,6108,4302,129,4287
5652,4194,6108,3284,9215,2009
5652,4194,6108,2977,8117,3263
5652,4194,6108,4496,3977,5498
5652,4194,6108,4951,2849,7610
5652,4194,6108,4592,5886,3162
5652,4194,6108,3427,2929,5153
5652,4194,6108,8847,4339,7858
5652,4194,6108,2673,7462,5874
5652,4194,6108,6321,5285,4137
5652,4194,6108,9506,3835,4844
5652,4194,6108,647,1414,2399
5652,4194,6108,3948,4351,9343
5652,4194,6108,7705,6234,452
5652,4194,6108,308,5644,9822
5652,4194,6108,888,1942,7670
5652,4194,6108,5688,8083,3949
5652,4194,6108,7991,3024,7296
5652,4194,6108,8953,4352,2181
5652,4194,6108,9485,9230,5520
5652,4194,6108,5543,6984,3665
5652,4194,6108,2706,9365,8077
5652,4194,6108,5627,7660,1018
5652,4194,6108,2334,6081,7874
5652,4194,6108,5178,9163,2011
5652,4194,6108,6366,4449,2322
5652,4194,6108,1277,7153,8811
5652,4194,6108,8021,9596,113
5652,4194,6108,399,1710,5459
5652,4194,6108,9042,8857,3924
5652,4194,6108,387,4058,4508
5652,4194,6108,2304,5119,1468
5652,4194,6108,6969,3954,2690
5652,4194,6108,7974,9524,2478
5652,4194,6108,9404,9550,5818
5652,4194,6108,6925,4257,4022
5652,4194,6108,529,3500,9609
5652,4194,6108,6421,1404,7004
5652,4194,6108,7324,9047,4198
5652,4194,6108,6712,3961,3387
5652,4194,6108,3481,1219,8145
5652,4194,6108,7804,7205,5266
5652,4194,6108,707,2333,5247
5652,4194,6108,2495,76,4457
5652,4194,6108,2221,1081,1570
5652,4194,6108,2686,1211,7965
5652,4194,6108,6403,1281,4235
5652,4194,6108,6776,1982,3153
5652,4194,6108,8233,7179,5678
5652,4194,6108,1938,9280,1583
5652,4194,6108,6538,9936,1306
5652,4194,6108,7535,2291,9339
5652,4194,6108,9944,9368,7957
5652,4194,6108,8766,1476,6189
5652,4194,6108,592,9073,5189
5652,4194,6108,8544,6607,4652
5652,4194,6108,8038,2737,4254
5652,4194,6108,6021,5112,3254
5652,4194,6108,7453,426,4969
5652,4194,6108,6599,1694,4629
5652,4194,6108,2749,8635,5153
5652,4194,6108,7833,6687,7715
5652,4194,6108,1153,1335,6521
5652,4194,6108,1370,4680,4160
5652,4194,6108,7865,1005,2552
5652,4194,6108,4888,1085,8086
5652,4194,6108,3640,836,1724
5652,4194,6108,7545,6403,3048
5652,4194,6108,2294,9758,6602
5652,4194,6108,951,6580,3550
5652,4194,6108,7257,2872,8817
5652,4194,6108,1815,1176,6995
5652,4194,6108,2995,8169,737
5652,4194,6108,4807,1988,4459
5652,4194,6108,5769,9818,9827
5652,4194,6108,1064,6326,2704
5652,4194,6108,7737,9784,7689
5652,4194,6108,5175,4875,8070
5652,4194,6108,3424,2530,3873
5652,4194,6108,8794,33,776
5652,4194,6108,9004,1410,6919
5652,4194,6108,1471,7857,3852
5652,4194,6108,6067,226,1424
5652,4194,6108,9521,8268,3248
5652,4194,6108,5448,7014,8189
5652,4194,6108,9909,7222,474
5652,4194,6108,3126,4697,8172
5652,4194,6108,1432,3455,2615
5652,4194,6108,5627,2061,2207
5652,4194,6108,969,645,300
5652,4194,6108,4959,4771,4753
5652,4194,6108,1904,9497,4714
5652,4194,6108,2501,6082,7974
5652,4194,6108,4786,2904,9964
5652,4194,6108,8099,4875,4153
5652,4194,6108,400,216,6227
5652,4194,6108,4026,7365,8023
5652,4194,6108,1986,1660,2583
5652,4194,6108,4434,6101,6862
5652,4194,6108,9962,3154,8379
5652,4194,6108,555,5604,7861
5652,4194,6108,8625,3686,4576
5652,4194,6108,6514,910,91
5652,4194,6108,830,9795,3266
5652,4194,6108,269,48,6647
5652,4194,6108,2635,2600,4040
5652,4194,6108,5068,4541,7728
5652,4194,6108,9119,4886,3026
5652,4194,6108,3753,1872,1771
5652,4194,6108,4419,5626,7432
5652,4194,6108,7128,5262,6447
5652,4194,6108,3937,1222,2336
5652,4194,6108,9065,7115,9319
5652,4194,6108,4982,1072,4624
5652,4194,6108,2861,6084,5429
5652,4194,6108,8966,7524,733
5652,4194,6108,783,275,6894
5652,4194,6108,6424,5279,7646
5652,4194,6108,464,7795,860
5652,4194,6108,7813,5997,5645
5652,4194,6108,3418,7967,3880
5652,4194,6108,7960,1271,97
5652,4194,6108,2806,5904,7702
5652,4194,6108,8071,3839,3297
5652,4194,6108,7289,420,7767
5652,4194,6108,7592,293,7655
5652,4194,6108,7853,6189,7135
5652,4194,6108,6523,1173,1597
5652,4194,6108,5756,9370,3341
5652,4194,6108,1734,9213,4756
5652,4194,6108,2034,4685,9625
5652,4194,6108,360,3767,4379
5652,4194,6108,7387,9568,9006
5652,4194,6108,7583,2955,6405
5652,4194,6108,485,5183,7002
5652,4194,6108,6352,8662,1649
5652,4194,6108,2711,6142,181
5652,4194,6108,1519,9849,3978
5652,4194,6108,7184,5461,5836
5652,4194,6108,1736,7705,84
5652,4194,6108,4055,5833,7084
5652,4194,6108,4265,1790,2234
5652,4194,6108,3105,5344,8222
5652,4194,6108,8490,7503,4348
5652,4194,6108,4252,6660,2271
5652,4194,6108,2078,4414,5649
5652,4194,6108,9008,7580,9403
5652,4194,6108,7129,8020,1369
5652,4194,6108,1521,6855,545
5652,4194,6108,9591,4137,9044
5652,4194,6108,8754,5202,2145
5652,4194,6108,7832,7178,5691
5652,4194,6108,9058,7044,2805
5652,4194,6108,5255,1567,2781
5652,4194,6108,8313,1680,1621
5652,4194,6108,6369,2101,4737
5652,4194,6108,7289,8472,9722
5652,4194,6108,4499,8503,861
5652,4194,6108,4830,268,5409
5652,4194,6108,3852,7064,5263
5652,4194,6108,4559,5581,8327
5652,4194,6108,5365,947,9530
5652,4194,6108,6894,616,6447
5652,4194,6108,3916,9575,8669
5652,4194,6108,7403,8578,905
5652,4194,6108,6353,4306,3682
5652,4194,6108,8289,5905,9572
5652,4194,6108,3048,4461,4666
5652,4194,6108,5582,8406,8492
5652,4194,6108,5422,6658,2312
5652,4194,6108,3900,8574,5543
5652,4194,6108,1901,6764,9793
5652,4194,6108,7908,7642,1780
5652,4194,6108,7185,442,8809
5652,4194,6108,3632,1562,5194
5652,4194,6108,6112,9705,2358
5652,4194,6108,9279,6153,4917
5652,4194,6108,4003,3771,6283
5652,4194,6108,3775,899,3875
5652,4194,6108,4838,7365,1697
5652,4194,6108,3498,7854,1259
5652,4194,6108,7801,6176,277
5652,4194,6108,3615,39,2097
5652,4194,6108,1623,4211,7177
5652,4194,6108,2189,650,6834
5652,4194,6108,5006,4630,3078
5652,4194,6108,2147,9540,3549
5652,4194,6108,4065,1507,412
5652,4194,6108,4806,6900,6391
5652,4194,6108,6523,1223,4660
5652,4194,6108,9375,7328,176
5652,4194,6108,5606,3561,3146
5652,4194,6108,4679,3283,573
5652,4194,6108,9193,260,694
5652,4194,6108,5488,5090,6014
5652,4194,6108,4204,1916,571
5652,4194,6108,4768,3285,2170
5652,4194,6108,3996,3930,8149
5652,4194,6108,2139,8845,4697
5652,4194,6108,503,7507,9102
5652,4194,6108,1235,2227,534
5652,4194,6108,9377,1209,5052
5652,4194,6108,4354,5487,4828
5652,4194,6108,9702,6187,2337
5652,4194,6108,9546,6476,1880
5652,4194,6108,7426,4773,7121
5652,4194,6108,782,8929,2013
5652,4194,6108,2636,7036,7463
5652,4194,6108,90,1047,64
5652,4194,6108,3707,6573,7185
5652,4194,6108,1479,8076,68
5652,4194,6108,1169,25,9121
5652,4194,6108,7096,6981,4259
5652,4194,6108,6719,440,1890
5652,4194,6108,2801,3739,2769
5652,4194,6108,8642,9633,7154
5652,4194,6108,9443,8027,8221
5652,4194,6108,3716,8944,2856
5652,4194,6108,9603,7879,1249
5652,4194,6108,5341,5587,8403
5652,4194,6108,3818,2897,9645
5652,4194,6108,6959,4202,6957
5652,4194,6108,7652,137,2718
5652,4194,6108,1091,8036,5284
5652,4194,6108,7792,7528,9099
5652,4194,6108,2562,2231,787
5652,4194,6108,6076,5932,6322
5652,4194,6108,680,3088,751
5652,4194,6108,7367,7931,5291
5652,4194,6108,1087,9401,415
5652,4194,6108,9432,1533,9923
5652,4194,6108,7210,4694,9749
5652,4194,6108,9226,7874,5988
5652,4194,6108,5531,4751,3549
5652,4194,6108,2525,7907,8256
5652,4194,6108,9588,4281,5892
5652,4194,6108,9594,3917,5107
5652,4194,6108,3951,4463,4338
5652,4194,6108,5427,7911,4388
5652,4194,6108,2607,2051,1069
5652,4194,6108,3520,5389,5567
5652,4194,6108,4128,1019,5608
5652,4194,6108,6665,4035,1766
5652,4194,6108,4043,302,8940
5652,4194,6108,2836,2755,9111
5652,4194,6108,5719,7799,5789
5652,4194,6108,307,3512,3231
5652,4194,6108,7702,7683,5383
5652,4194,6108,2569,2846,6728
5652,4194,6108,6323,4072,7145
5652,4194,6108,6104,8278,4032
5652,4194,6108,2762,1180,1533
5652,4194,6108,1275,4940,5765
5652,4194,6108,494,9501,9165
5652,4194,6108,7474,5459,6824
5652,4194,6108,7216,4106,4936
5652,4194,6108,8858,2256,2533
5652,4194,6108,1869,269,7204
5652,4194,6108,5608,7916,1812
5652,4194,6108,3479,2892,573
5652,4194,6108,8583,4116,2051
5652,4194,6108,333,3950,7036
5652,4194,6108,6887,9564,189
5652,4194,6108,1253,2210,8001
5652,4194,6108,1550,6778,9754
5652,4194,6108,3419,727,8684
5652,4194,6108,4453,7897,6903
5652,4194,6108,4200,1636,5474
5652,4194,6108,5319,7361,7102
5652,4194,6108,8982,4883,2621
5652,4194,6108,8179,5123,6015
5652,4194,6108,1458,6315,4042
5652,4194,6108,4093,7585,858
5652,4194,6108,714,1374,7246
5652,4194,6108,745,7267,1875
5652,4194,6108,1985,461,381
5652,4194,6108,2735,6025,5661
5652,4194,6108,4047,7242,817
5652,4194,6108,2871,1296,1433
5652,4194,6108,8623,8894,5279
5652,4194,6108,4187,1707,5093
5652,4194,6108,1883,2293,8375
5652,4194,6108,7101,1941,6551
5652,4194,6108,6205,2108,9522
5652,4194,6108,3238,5638,9713
5652,4194,6108,5808,3824,348
5652,4194,6108,203,3223,1155
5652,4194,6108,841,7792,1293
5652,4194,6108,8657,6416,9850
5652,4194,6108,2188,223,71
5652,4194,6108,4413,9775,4130
5652,4194,6108,4894,9574,9122
5652,4194,6108,4077,212,2587
5652,4194,6108,9091,8198,3526
5652,4194,6108,2010,3096,4684
5652,4194,6108,2,2956,3580
5652,4194,6108,2296,1454,9640
5652,4194,6108,1370,6132,8705
5652,4194,6108,8795,6210,3750
5652,4194,6108,4099,2408,6820
5652,4194,6108,3903,3972,8800
5652,4194,6108,2005,90,8067
5652,4194,6108,5643,8866,3592
5652,4194,6108,5903,9371,4379
5652,4194,6108,3539,5787,6342
5652,4194,6108,4328,2419,2304
5652,4194,6108,8421,9944,4906
5652,4194,6108,6718,2485,7646
5652,4194,6108,6197,4013,2648
5652,4194,6108,5704,4277,1654
5652,4194,6108,7922,12,3250
5652,4194,6108,8880,5401,3983
5652,4194,6108,1772,381,3201
5652,4194,6108,9654,5530,6544
5652,4194,6108,7570,9936,8397
5652,4194,6108,9093,3115,7030
5652,4194,6108,3567,2492,4687
5652,4194,6108,3452,1535,7739
5652,4194,6108,7498,886,5219
5652,4194,6108,3998,9454,2141
5652,4194,6108,8561,3237,7784
5652,4194,6108,8218,8869,4980
5652,4194,6108,4485,5592,4330
5652,4194,6108,4172,5000,9953
5652,4194,6108,5878,61,6960
5652,4194,6108,8283,7812,4045
5652,4194,6108,6327,3457,3131
5652,4194,6108,2949,2639,825
5652,4194,6108,9957,2711,5019
5652,4194,6108,2950,8494,2811
5652,4194,6108,8975,2867,9289
5652,4194,6108,5417,1654,5396
5652,4194,6108,237,2878,494
5652,4194,6108,2636,1420,3884
5652,4194,6108,9198,5049,3905
