6305,7915,910,7505,2365,2831
6305,7915,910,5076,9976,9321
6305,7915,910,5483,546,2055
6305,7915,910,8265,6927,46
6305,7915,910,1902,9805,1707
6305,7915,910,9845,460,5841
6305,7915,910,5926,8366,3804
6305,7915,910,4123,2305,1081
6305,7915,910,1121,8824,6330
6305,7915,910,8542,9681,8880
6305,7915,910,7436,9190,7022
6305,7915,910,154,7666,5942
6305,7915,910,9409,9460,4086
6305,7915,910,4150,2256,8403
6305,7915,910,9998,9268,9155
6305,7915,910,1625,210,1958
6305,7915,910,6831,6583,1759
6305,7915,910,1895,9274,8540
6305,7915,910,5836,3825,7531
6305,7915,910,3278,82,8876
6305,7915,910,557,1317,367
6305,7915,910,7475,6271,1732
6305,7915,910,6123,1849,529
6305,7915,910,2021,9034,176
6305,7915,910,2393,6314,9615
6305,7915,910,2104,219,7201
6305,7915,910,58,6379,8231
6305,7915,910,5540,8753,8485
6305,7915,910,7925,6851,6155
6305,7915,910,9426,6251,9732
6305,7915,910,7494,2766,6581
6305,7915,910,6862,3040,7839
6305,7915,910,4539,2691,3340
6305,7915,910,3,9901,4977
6305,7915,910,4755,1949,3765
6305,7915,910,9028,4521,8935
6305,7915,910,9949,3923,1304
6305,7915,910,1902,4381,435
6305,7915,910,3502,4964,7350
6305,7915,910,9574,4425,6373
6305,7915,910,6959,3942,1318
6305,7915,910,4051,2672,1426
6305,7915,910,9368,9511,5083
6305,7915,910,9805,7095,7263
6305,7915,910,2851,1900,822
6305,7915,910,9213,9861,6710
6305,7915,910,7582,5798,6295
6305,7915,910,7749,6920,2861
6305,7915,910,8136,7391,5585
6305,7915,910,6710,3062,8463
6305,7915,910,6414,1685,9668
6305,7915,910,6323,9065,7647
6305,7915,910,5753,4687,2069
6305,7915,910,373,4636,1312
6305,7915,910,3055,3158,6812
6305,7915,910,9565,7101,9761
6305,7915,910,1980,4041,8068
6305,7915,910,7720,7603,6066
6305,7915,910,7113,1540,5514
6305,7915,910,2480,5639,9759
6305,7915,910,7888,8775,7823
6305,7915,910,5982,1776,9842
6305,7915,910,9938,7854,6235
6305,7915,910,2052,3029,9287
6305,7915,910,3028,9454,128
6305,7915,910,4824,8754,7795
6305,7915,910,8527,2237,9708
6305,7915,910,3529,4170,902
6305,7915,910,6275,2776,1743
6305,7915,910,382,420,4141
6305,7915,910,3501,9317,6193
6305,7915,910,3150,2958,1839
6305,7915,910,1498,4135,3837
6305,7915,910,8724,5567,3640
6305,7915,910,6818,4912,7935
6305,7915,910,8915,6338,1230
6305,7915,910,3893,7379,7495
6305,7915,910,5152,9301,7680
6305,7915,910,3436,7445,1904
6305,7915,910,9787,3424,9010
6305,7915,910,2512,5204,1668
6305,7915,910,6977,949,7566
6305,7915,910,6070,7469,9985
6305,7915,910,5703,8465,4983
6305,7915,910,1559,3643,9684
6305,7915,910,9270,6791,2421
6305,7915,910,6464,7673,370
6305,7915,910,5610,9400,585
6305,7915,910,1240,5836,4508
6305,7915,910,3524,8337,2857
6305,7915,910,2531,3202,8384
6305,7915,910,1444,6373,9214
6305,7915,910,2903,5376,635
6305,7915,910,3387,9526,6200
6305,7915,910,6331,6098,3490
6305,7915,910,222,8763,6429
6305,7915,910,1396,8426,2078
6305,7915,910,6612,4412,5583
6305,7915,910,2250,294,306
6305,7915,910,9576,28,2274
6305,7915,910,4797,6315,1241
6305,7915,910,1929,2671,5159
6305,7915,910,8867,6746,711
6305,7915,910,9110,1317,96
6305,7915,910,3977,8458,2600
6305,7915,910,5491,4491,2259
6305,7915,910,4599,6499,6440
6305,7915,910,1629,8737,6613
6305,7915,910,88,8809,523
6305,7915,910,6808,3447,638
6305,7915,910,4376,7967,951
6305,7915,910,3988,3005,5544
6305,7915,910,308,950,8356
6305,7915,910,2740,2100,9278
6305,7915,910,620,5522,8510
6305,7915,910,2465,9820,465
6305,7915,910,9119,3402,1440
6305,7915,910,7717,3954,6967
6305,7915,910,1542,1664,7405
6305,7915,910,1289,6625,5827
6305,7915,910,4775,3081,6874
6305,7915,910,7042,6033,4692
6305,7915,910,1342,2818,9786
6305,7915,910,3296,4059,7552
6305,7915,910,1099,7408,1467
6305,7915,910,6685,8330,3412
6305,7915,910,8373,799,1432
6305,7915,910,819,1912,8135
6305,7915,910,7376,9362,1096
6305,7915,910,7808,6349,5351
6305,7915,910,5207,5786,9726
6305,7915,910,5520,916,1522
6305,7915,910,5135,4227,2403
6305,7915,910,4832,2948,2795
6305,7915,910,8130,5847,7956
6305,7915,910,4225,2022,70
6305,7915,910,1056,3492,8426
6305,7915,910,2357,8259,4475
6305,7915,910,9770,2469,5848
6305,7915,910,487,1854,7986
6305,7915,910,4387,8190,7544
6305,7915,910,8716,7928,3284
6305,7915,910,4250,3886,4180
6305,7915,910,8104,678,2018
6305,7915,910,2859,5282,650
6305,7915,910,1038,1592,9316
6305,7915,910,4565,1610,4822
6305,7915,910,3038,2707,2627
6305,7915,910,2970,3271,5651
6305,7915,910,7179,1658,8057
6305,7915,910,364,9590,6962
6305,7915,910,7246,2010,3657
6305,7915,910,5808,658,2724
6305,7915,910,9716,9607,7
6305,7915,910,7107,8342,4387
6305,7915,910,3149,3615,6718
6305,7915,910,1230,8683,5539
6305,7915,910,8896,6796,5707
6305,7915,910,9981,9390,4731
6305,7915,910,4167,911,6384
6305,7915,910,7631,3183,9940
6305,7915,910,3481,68,7968
6305,7915,910,5690,590,1148
6305,7915,910,877,3328,1802
6305,7915,910,9180,4208,317
6305,7915,910,4043,9898,8451
6305,7915,910,1020,4321,2994
6305,7915,910,2413,5823,8689
6305,7915,910,9300,2994,4755
6305,7915,910,3184,3368,2465
6305,7915,910,6911,3568,1173
6305,7915,910,1080,4135,300
6305,7915,910,9366,1658,7767
6305,7915,910,2311,3556,4840
6305,7915,910,2566,8793,1826
6305,7915,910,481,3816,897
6305,7915,910,3071,85,4990
6305,7915,910,5334,6759,2390
6305,7915,910,7083,9609,2317
6305,7915,910,9275,9054,8597
6305,7915,910,9993,1567,7764
6305,7915,910,2258,3969,109
6305,7915,910,2626,7175,2441
6305,7915,910,5697,9449,60
6305,7915,910,9925,8946,7650
6305,7915,910,3134,6451,9453
6305,7915,910,3847,1731,8916
6305,7915,910,893,168,2483
6305,7915,910,1226,1487,8342
6305,7915,910,5799,3311,5377
6305,7915,910,2287,2870,7572
6305,7915,910,936,714,37
6305,7915,910,2348,5537,715
6305,7915,910,2795,8404,612
6305,7915,910,4592,4935,5216
6305,7915,910,8413,1938,3269
6305,7915,910,847,9369,9959
6305,7915,910,4901,9733,2068
6305,7915,910,2783,5951,7078
6305,7915,910,2524,7261,2827
6305,7915,910,8038,5646,1032
6305,7915,910,595,4007,2160
6305,7915,910,6731,6924,9274
6305,7915,910,1061,8577,7211
6305,7915,910,1197,8164,1463
6305,7915,910,7666,1474,6983
6305,7915,910,1838,7582,1747
6305,7915,910,1420,862,3815
6305,7915,910,512,7483,1492
6305,7915,910,2115,7275,4386
6305,7915,910,2723,2908,9744
6305,7915,910,3810,3959,5221
6305,7915,910,6241,1077,9804
6305,7915,910,3065,1328,6419
6305,7915,910,4921,7828,3203
6305,7915,910,5477,1679,1728
6305,7915,910,9511,1603,6083
6305,7915,910,7192,8496,3761
6305,7915,910,7010,3575,8430
6305,7915,910,1804,8596,4360
6305,7915,910,7604,3577,8093
6305,7915,910,3718,3681,6661
6305,7915,910,1776,686,9036
6305,7915,910,141,2147,508
6305,7915,910,1632,5206,7161
6305,7915,910,5811,7960,2357
6305,7915,910,9196,3738,1465
6305,7915,910,6451,1854,6687
6305,7915,910,7566,3289,3361
6305,7915,910,5403,2258,8813
6305,7915,910,1657,2589,4361
6305,7915,910,509,7653,6548
6305,7915,910,3531,6547,8008
6305,7915,910,5542,453,2548
6305,7915,910,2428,1044,6677
6305,7915,910,9565,315,1932
6305,7915,910,3730,4362,1090
6305,7915,910,7468,651,9771
6305,7915,910,9772,1837,9925
6305,7915,910,434,7513,6528
6305,7915,910,8623,2430,5493
6305,7915,910,9429,7965,9059
6305,7915,910,3716,8032,6376
6305,7915,910,4109,9390,1801
6305,7915,910,7417,6596,6357
6305,7915,910,4600,1539,2941
6305,7915,910,7012,4974,5629
6305,7915,910,7176,7022,4574
6305,7915,910,2571,2500,6005
6305,7915,910,3087,7858,9557
6305,7915,910,6921,9221,4646
6305,7915,910,5212,1621,2971
6305,7915,910,189,3293,8285
6305,7915,910,146,3906,4946
6305,7915,910,6815,310,4721
6305,7915,910,3671,5211,1843
6305,7915,910,5490,2137,7315
6305,7915,910,8505,5646,2150
6305,7915,910,770,7365,757
6305,7915,910,1582,4336,3585
6305,7915,910,330,187,6101
6305,7915,910,8533,8513,9058
6305,7915,910,4263,2669,4083
6305,7915,910,2595,9404,259
6305,7915,910,9218,6813,4021
6305,7915,910,4666,4134,4901
6305,7915,910,6436,4888,5978
6305,7915,910,8232,6121,4811
6305,7915,910,9849,2063,9092
6305,7915,910,147,8105,5355
6305,7915,910,1818,5144,6738
6305,7915,910,1438,4793,5945
6305,7915,910,5345,930,6257
6305,7915,910,7762,7506,7757
6305,7915,910,5888,2963,2802
6305,7915,910,3190,5466,276
6305,7915,910,5869,9766,4318
6305,7915,910,4360,6243,329
6305,7915,910,7436,4755,1333
6305,7915,910,196,1564,6929
6305,7915,910,3323,3332,7908
6305,7915,910,2556,5655,777
6305,7915,910,9905,8481,4525
6305,7915,910,6190,9355,3948
6305,7915,910,9360,6256,4286
6305,7915,910,3052,4118,6812
6305,7915,910,6257,4131,3374
6305,7915,910,6899,6282,7020
6305,7915,910,522,7087,9166
6305,7915,910,3711,2803,7484
6305,7915,910,9129,3670,8269
6305,7915,910,2964,1515,7426
6305,7915,910,6583,5972,2463
6305,7915,910,9912,5284,7224
6305,7915,910,1995,431,8353
6305,7915,910,7445,2856,9198
6305,7915,910,491,3377,2928
6305,7915,910,5401,7273,6856
6305,7915,910,328,9461,9358
6305,7915,910,7545,9389,4799
6305,7915,910,6762,2969,2245
6305,7915,910,8766,2552,6969
6305,7915,910,1520,6316,2387
6305,7915,910,3560,2944,5854
6305,7915,910,6164,2645,669
6305,7915,910,3354,5538,9346
6305,7915,910,1591,3080,2386
6305,7915,910,7381,3535,2427
6305,7915,910,6919,5993,1330
6305,7915,910,1555,1120,1112
6305,7915,910,9914,2212,5620
6305,7915,910,1261,7745,2682
6305,7915,910,1483,90,5504
6305,7915,910,8424,4433,2639
6305,7915,910,7286,3906,9530
6305,7915,910,8840,6305,1456
6305,7915,910,2618,3998,7889
6305,7915,910,7069,9529,1073
6305,7915,910,7515,2414,6802
6305,7915,910,3384,9556,2473
6305,7915,910,4225,6560,8866
6305,7915,910,9989,5892,4375
6305,7915,910,987,6897,8836
6305,7915,910,1036,9202,6202
6305,7915,910,7339,882,9925
6305,7915,910,9825,5347,2066
6305,7915,910,726,7058,793
6305,7915,910,9031,2588,8431
6305,7915,910,2034,6120,5159
6305,7915,910,6716,9481,1014
6305,7915,910,494,7513,659
6305,7915,910,2613,5165,1945
6305,7915,910,7997,8122,5624
6305,7915,910,4153,9710,8945
6305,7915,910,2308,9024,5633
6305,7915,910,8011,3190,4724
6305,7915,910,8914,6955,9792
6305,7915,910,1710,9985,3158
6305,7915,910,9778,5619,2682
6305,7915,910,5651,9003,4221
6305,7915,910,3074,1612,3382
6305,7915,910,4268,1288,7559
6305,7915,910,8801,1078,5534
6305,7915,910,7783,7309,3705
6305,7915,910,384,8846,9613
6305,7915,910,9810,1902,424
6305,7915,910,1566,4500,37
6305,7915,910,5831,7389,4716
6305,7915,910,453,3599,7765
6305,7915,910,7561,8501,3907
6305,7915,910,5621,1416,187
6305,7915,910,8392,2106,701
6305,7915,910,8444,4764,1619
6305,7915,910,9646,2617,4805
6305,7915,910,7456,1112,1784
6305,7915,910,9209,51,6840
6305,7915,910,3610,4378,4479
6305,7915,910,2718,5364,9049
6305,7915,910,4744,7410,6179
6305,7915,910,2027,576,9338
6305,7915,910,5661,9224,9633
6305,7915,910,2995,14,564
6305,7915,910,9425,370,2153
6305,7915,910,9367,1756,9484
6305,7915,910,2840,3568,8790
6305,7915,910,3026,5333,2796
6305,7915,910,8448,702,3840
6305,7915,910,8133,2853,2489
6305,7915,910,493,6940,4405
6305,7915,910,8425,626,8622
6305,7915,910,5229,9004,5054
6305,7915,910,291,3787,9924
6305,7915,910,513,4788,4634
6305,7915,910,3896,5824,2248
6305,7915,910,3195,9485,7085
6305,7915,910,5148,9577,4365
6305,7915,910,7812,974,3793
6305,7915,910,5622,4746,9150
6305,7915,910,9606,9368,9073
6305,7915,910,8455,6012,7678
6305,7915,910,2907,622,8161
6305,7915,910,7265,6273,8209
6305,7915,910,5294,7278,3255
6305,7915,910,9438,9945,5423
6305,7915,910,448,5177,1113
6305,7915,910,8219,3547,1152
6305,7915,910,2083,1560,7828
6305,7915,910,4562,4531,3197
6305,7915,910,6295,3778,6352
6305,7915,910,7842,7062,8184
6305,7915,910,3209,7028,3379
6305,7915,910,8989,2033,2616
6305,7915,910,421,4749,8521
6305,7915,910,8161,5615,8049
6305,7915,910,4922,6391,4456
6305,7915,910,496,5600,170
6305,7915,910,1710,4263,7287
6305,7915,910,352,1275,302
6305,7915,910,6074,6494,2322
6305,7915,910,6581,7279,6681
6305,7915,910,7213,5459,8329
6305,7915,910,9636,7193,355
6305,7915,910,4941,7468,6999
6305,7915,910,6720,1775,5227
6305,7915,910,9156,7455,706
6305,7915,910,8914,6688,405
6305,7915,910,1156,5758,8530
6305,7915,910,7772,5170,6421
6305,7915,910,1355,1712,994
6305,7915,910,8694,2665,513
6305,7915,910,318,8676,5495
6305,7915,910,8616,5471,1694
6305,7915,910,1595,6296,2431
6305,7915,910,4831,6887,1927
6305,7915,910,8012,753,2117
6305,7915,910,7827,3374,4020
6305,7915,910,7467,7260,8108
6305,7915,910,5264,3464,7792
6305,7915,910,3427,1639,6807
6305,7915,910,6627,3325,1822
6305,7915,910,9376,9465,3325
6305,7915,910,8438,8802,3471
6305,7915,910,6253,8262,1465
6305,7915,910,3281,3801,4137
6305,7915,910,6457,5832,9617
6305,7915,910,8326,8897,4969
6305,7915,910,6005,6262,7903
6305,7915,910,6405,6251,2221
6305,7915,910,4062,2814,7150
6305,7915,910,2086,5767,9127
6305,7915,910,3672,8157,7926
6305,7915,910,7051,9714,6746
6305,7915,910,289,2658,8275
6305,7915,910,5764,2926,1023
6305,7915,910,2579,9760,5622
6305,7915,910,7368,7415,128
6305,7915,910,7440,986,2045
6305,7915,910,1025,1094,8463
6305,7915,910,1506,4745,678
6305,7915,910,5146,3684,6001
6305,7915,910,7844,3850,581
6305,7915,910,2790,8190,2086
6305,7915,910,4783,8365,5717
6305,7915,910,6737,7032,4580
6305,7915,910,8426,5044,2352
6305,7915,910,2993,2121,5747
6305,7915,910,1299,1251,887
6305,7915,910,3177,909,3610
6305,7915,910,3444,1406,4018
6305,7915,910,6608,1751,766
6305,7915,910,7402,1331,3983
6305,7915,910,4389,5667,9672
6305,7915,910,7960,2755,2292
6305,7915,910,9919,6618,6432
6305,7915,910,1136,8018,2343
6305,7915,910,5176,2181,4581
6305,7915,910,9242,6129,8326
6305,7915,910,3908,6354,3169
6305,7915,910,6735,4533,1395
6305,7915,910,6691,4346,7338
6305,7915,910,3604,4307,9623
6305,7915,910,6761,8856,3284
6305,7915,910,2347,8008,3001
6305,7915,910,3932,5541,2316
6305,7915,910,4184,2054,7162
6305,7915,910,3511,6685,2898
6305,7915,910,6569,1765,7039
6305,7915,910,1964,2715,45
6305,7915,910,4712,3208,8591
6305,7915,910,1998,2599,7623
6305,7915,910,2501,4216,2176
6305,7915,910,9219,9545,951
6305,7915,910,1327,2582,5597
6305,7915,910,5382,7495,1047
6305,7915,910,9481,802,9204
6305,7915,910,525,2402,4833
6305,7915,910,3003,5683,7964
6305,7915,910,7271,8360,2966
6305,7915,910,3034,8176,2617
6305,7915,910,9734,7087,5194
6305,7915,910,1421,6895,9654
6305,7915,910,65,8980,9525
6305,7915,910,9242,4187,8539
6305,7915,910,8137,4224,4469
6305,7915,910,6401,3865,1657
6305,7915,910,7672,250,7708
6305,7915,910,4024,7592,1164
6305,7915,910,6644,5185,8981
6305,7915,910,531,6229,2655
6305,7915,910,8603,2599,4610
6305,7915,910,2422,1227,9166
6305,7915,910,4489,9960,1570
6305,7915,910,366,3820,1825
6305,7915,910,3924,7767,1542
6305,7915,910,4460,8907,665
6305,7915,910,1116,159,8010
6305,7915,910,4404,501,9359
6305,7915,910,5753,9731,8260
6305,7915,910,6541,7529,1842
6305,7915,910,6501,1699,2867
6305,7915,910,4304,7463,2071
6305,7915,910,9655,230,3655
6305,7915,910,5643,431,8571
6305,7915,910,3809,3680,5972
6305,7915,910,6508,3062,3628
6305,7915,910,335,2973,6133
6305,7915,910,7935,5658,7888
6305,7915,910,2878,1517,3604
6305,7915,910,3193,5419,9951
6305,7915,910,1057,9375,9316
