6114,4076,8291,5316,9124,7216
6114,4076,8291,1721,6333,3619
6114,4076,8291,516,2956,7074
6114,4076,8291,9838,8654,5963
6114,4076,8291,4469,651,940
6114,4076,8291,1064,9927,7297
6114,4076,8291,1516,2982,3495
6114,4076,8291,3433,5488,4603
6114,4076,8291,2405,531,1272
6114,4076,8291,1721,4109,5787
6114,4076,8291,7476,8845,3987
6114,4076,8291,7367,1524,5931
6114,4076,8291,8359,6580,9303
6114,4076,8291,7429,6183,5161
6114,4076,8291,241,4208,2286
6114,4076,8291,1233,2068,3585
6114,4076,8291,567,4310,4847
6114,4076,8291,6995,4460,3140
6114,4076,8291,1380,9373,865
6114,4076,8291,5810,9766,7675
6114,4076,8291,5320,5032,8627
6114,4076,8291,746,7777,8637
6114,4076,8291,4564,1994,472
6114,4076,8291,9930,8415,6377
6114,4076,8291,6602,4362,7381
6114,4076,8291,237,411,2656
6114,4076,8291,6870,2591,8067
6114,4076,8291,3590,2108,9307
6114,4076,8291,3337,8784,274
6114,4076,8291,794,3565,3562
6114,4076,8291,8725,6886,2768
6114,4076,8291,1170,2531,9129
6114,4076,8291,7834,8237,4004
6114,4076,8291,5049,5169,924
6114,4076,8291,2603,2124,477
6114,4076,8291,3389,662,1630
6114,4076,8291,3200,9969,3250
6114,4076,8291,2048,5269,664
6114,4076,8291,3935,5742,829
6114,4076,8291,2988,7946,6922
6114,4076,8291,6026,4192,6238
6114,4076,8291,4838,2967,1042
6114,4076,8291,1927,1112,210
6114,4076,8291,2150,1298,5278
6114,4076,8291,516,7434,3573
6114,4076,8291,7842,6478,5281
6114,4076,8291,2442,6786,5429
6114,4076,8291,1070,56,9532
6114,4076,8291,1624,4219,8134
6114,4076,8291,1832,6059,6296
6114,4076,8291,7214,8607,4956
6114,4076,8291,301,7354,9027
6114,4076,8291,3269,3030,4547
6114,4076,8291,7643,3683,3108
6114,4076,8291,1633,6476,6722
6114,4076,8291,1638,1645,4415
6114,4076,8291,1531,6843,3471
6114,4076,8291,6111,782,4873
6114,4076,8291,2049,7740,3963
6114,4076,8291,989,1032,7413
6114,4076,8291,7932,9971,3033
6114,4076,8291,125,5119,5570
6114,4076,8291,9049,6666,9784
6114,4076,8291,5261,4148,9033
6114,4076,8291,2232,4281,2989
6114,4076,8291,3917,8898,7038
6114,4076,8291,6279,9408,9433
6114,4076,8291,219,1150,835
6114,4076,8291,8254,1107,7605
6114,4076,8291,5928,2108,1485
6114,4076,8291,8133,982,3171
6114,4076,8291,5825,2891,7541
6114,4076,8291,9811,357,233
6114,4076,8291,1070,9365,5911
6114,4076,8291,5006,3357,3633
6114,4076,8291,9969,4693,1671
6114,4076,8291,2073,4306,9415
6114,4076,8291,2077,576,1137
6114,4076,8291,8172,968,7106
6114,4076,8291,8950,5541,340
6114,4076,8291,560,7486,2547
6114,4076,8291,3694,1383,4564
6114,4076,8291,6668,6546,5872
6114,4076,8291,4448,3483,7645
6114,4076,8291,8751,650,6023
6114,4076,8291,5079,252,4202
6114,4076,8291,9112,3251,3202
6114,4076,8291,1824,620,6182
6114,4076,8291,6411,8298,8767
6114,4076,8291,8730,2978,4059
6114,4076,8291,7122,3185,5814
6114,4076,8291,2529,3029,5561
6114,4076,8291,9239,7909,8566
6114,4076,8291,7761,2021,2490
6114,4076,8291,7497,4445,7478
6114,4076,8291,9244,5070,7602
6114,4076,8291,8703,370,954
6114,4076,8291,3860,2170,5851
6114,4076,8291,1822,8548,3638
6114,4076,8291,5632,730,1111
6114,4076,8291,2051,6591,2584
6114,4076,8291,6287,8957,651
6114,4076,8291,3024,9129,2759
6114,4076,8291,323,4980,5033
6114,4076,8291,6328,8737,7465
6114,4076,8291,2924,6870,77
6114,4076,8291,7248,4192,1113
6114,4076,8291,5813,8367,868
6114,4076,8291,5495,4291,7363
6114,4076,8291,5712,5589,2462
6114,4076,8291,9371,2245,9018
6114,4076,8291,5463,6360,5459
6114,4076,8291,3606,563,7161
6114,4076,8291,4001,595,5310
6114,4076,8291,113,115,3467
6114,4076,8291,8796,7813,7564
6114,4076,8291,8488,7373,149
6114,4076,8291,5772,2314,8219
6114,4076,8291,9465,6682,2253
6114,4076,8291,2546,118,1724
6114,4076,8291,3339,3292,6446
6114,4076,8291,4890,5553,5757
6114,4076,8291,6540,2772,4818
6114,4076,8291,2382,6306,5591
6114,4076,8291,8145,7275,5382
6114,4076,8291,8976,9265,683
6114,4076,8291,2580,7567,807
6114,4076,8291,8483,6277,3847
6114,4076,8291,1880,8373,946
6114,4076,8291,3076,1331,3761
6114,4076,8291,2951,9710,5088
6114,4076,8291,5507,730,2009
6114,4076,8291,1815,9131,9004
6114,4076,8291,916,1172,9822
6114,4076,8291,4673,6091,4522
6114,4076,8291,7972,6275,5850
6114,4076,8291,2573,6410,9246
6114,4076,8291,5846,2131,7105
6114,4076,8291,4918,591,4236
6114,4076,8291,9018,8338,6048
6114,4076,8291,1492,6042,2976
6114,4076,8291,7827,3901,9933
6114,4076,8291,2499,8279,5697
6114,4076,8291,8458,1974,4094
6114,4076,8291,3223,603,9024
6114,4076,8291,2621,9306,6856
6114,4076,8291,8974,1092,895
6114,4076,8291,2583,4786,6266
6114,4076,8291,3586,2275,1947
6114,4076,8291,7013,1471,3295
6114,4076,8291,1838,4006,8940
6114,4076,8291,2403,1159,2218
6114,4076,8291,7532,2545,5318
6114,4076,8291,9506,5394,8698
6114,4076,8291,5533,1292,7579
6114,4076,8291,7732,3932,3283
6114,4076,8291,3492,1187,4138
6114,4076,8291,1083,8252,2913
6114,4076,8291,592,9260,5408
6114,4076,8291,3270,4786,1811
6114,4076,8291,7447,7440,4086
6114,4076,8291,7855,6620,5837
6114,4076,8291,134,2496,8484
6114,4076,8291,7172,675,6590
6114,4076,8291,9739,922,6155
6114,4076,8291,9039,7054,6827
6114,4076,8291,8375,1752,2096
6114,4076,8291,6249,5856,2218
6114,4076,8291,8662,2965,3132
6114,4076,8291,2742,87,2443
6114,4076,8291,9890,9385,7064
6114,4076,8291,7081,9710,7634
6114,4076,8291,7005,4942,7639
6114,4076,8291,9322,3985,5813
6114,4076,8291,8557,2795,3996
6114,4076,8291,6109,2397,54
6114,4076,8291,8902,2164,3766
6114,4076,8291,3804,3416,5303
6114,4076,8291,6163,9904,6460
6114,4076,8291,6817,6708,3282
6114,4076,8291,364,5054,1859
6114,4076,8291,692,7613,3478
6114,4076,8291,4939,5386,6024
6114,4076,8291,6536,1106,5886
6114,4076,8291,4047,9668,3296
6114,4076,8291,4482,4510,701
6114,4076,8291,2662,1689,186
6114,4076,8291,4171,7921,2674
6114,4076,8291,2091,8866,7397
6114,4076,8291,6242,6557,9208
6114,4076,8291,9527,5002,1441
6114,4076,8291,562,2935,8954
6114,4076,8291,4497,5810,3304
6114,4076,8291,7020,8608,8057
6114,4076,8291,4944,8250,8363
6114,4076,8291,1597,6461,5147
6114,4076,8291,5570,8714,8419
6114,4076,8291,8588,4487,224
6114,4076,8291,8028,1740,8829
6114,4076,8291,212,2570,858
6114,4076,8291,6140,5266,8900
6114,4076,8291,4141,4508,621
6114,4076,8291,3022,7113,7657
6114,4076,8291,949,2482,4719
6114,4076,8291,5391,2326,5432
6114,4076,8291,1454,6676,5766
6114,4076,8291,8245,8609,6210
6114,4076,8291,3446,583,4353
6114,4076,8291,2498,5845,4142
6114,4076,8291,649,686,7738
6114,4076,8291,7089,9827,8464
6114,4076,8291,1419,6240,268
6114,4076,8291,4201,3131,3349
6114,4076,8291,9865,6988,1457
6114,4076,8291,5074,7266,3175
6114,4076,8291,8874,1545,466
6114,4076,8291,3676,4108,9420
6114,4076,8291,3057,314,50
6114,4076,8291,4892,4206,3960
6114,4076,8291,8883,9538,8762
6114,4076,8291,4505,7369,8223
6114,4076,8291,191,8091,63
6114,4076,8291,1189,7759,5506
6114,4076,8291,5458,648,9880
6114,4076,8291,9535,2423,1600
6114,4076,8291,8747,871,8697
6114,4076,8291,4770,6596,6293
6114,4076,8291,3509,3671,9930
6114,4076,8291,7721,3398,1213
6114,4076,8291,8506,8885,2240
6114,4076,8291,2373,2828,8724
6114,4076,8291,3701,6189,3962
6114,4076,8291,4694,5995,5531
6114,4076,8291,2549,9985,2041
6114,4076,8291,6335,3209,8911
6114,4076,8291,3000,6358,3822
6114,4076,8291,2724,6664,3468
6114,4076,8291,9839,1978,7652
6114,4076,8291,6456,2574,8632
6114,4076,8291,7874,2139,5401
6114,4076,8291,4709,7145,178
6114,4076,8291,2280,2958,2262
6114,4076,8291,2712,9564,5364
6114,4076,8291,4155,4091,3770
6114,4076,8291,371,6067,8093
6114,4076,8291,6140,2182,4630
6114,4076,8291,7648,571,9179
6114,4076,8291,2749,8692,6975
6114,4076,8291,7529,8200,8563
6114,4076,8291,4053,1486,5710
6114,4076,8291,920,1893,9521
6114,4076,8291,3872,4297,3357
6114,4076,8291,2444,8643,6881
6114,4076,8291,600,3025,1005
6114,4076,8291,810,8499,1259
6114,4076,8291,6606,7807,1815
6114,4076,8291,1132,5041,8707
6114,4076,8291,4222,6111,5797
6114,4076,8291,8851,9903,3993
6114,4076,8291,7417,8073,5022
6114,4076,8291,1681,4010,9756
6114,4076,8291,8639,9830,7623
6114,4076,8291,8223,3788,6990
6114,4076,8291,9526,5229,3454
6114,4076,8291,7673,7794,5333
6114,4076,8291,8930,5700,1687
6114,4076,8291,9469,8019,996
6114,4076,8291,8936,1931,9537
6114,4076,8291,610,9081,154
6114,4076,8291,9455,3498,1496
6114,4076,8291,9749,5857,8060
6114,4076,8291,1391,8788,8550
6114,4076,8291,1177,8328,6184
6114,4076,8291,4156,5887,593
6114,4076,8291,4534,2980,2938
6114,4076,8291,6083,2605,5127
6114,4076,8291,5740,654,5875
6114,4076,8291,9029,2491,4451
6114,4076,8291,9205,1926,5135
6114,4076,8291,6216,2961,5407
6114,4076,8291,7837,9343,1452
6114,4076,8291,9151,9476,78
6114,4076,8291,6252,8066,8987
6114,4076,8291,7768,729,7952
6114,4076,8291,7324,8790,6658
6114,4076,8291,3794,6254,9487
6114,4076,8291,7020,4506,242
6114,4076,8291,2163,7445,8939
6114,4076,8291,1316,9838,2268
6114,4076,8291,4771,9295,4562
6114,4076,8291,7916,5214,6525
6114,4076,8291,198,8007,5366
6114,4076,8291,3437,6250,3931
6114,4076,8291,2507,8710,7668
6114,4076,8291,8686,1251,2676
6114,4076,8291,4675,1801,2114
6114,4076,8291,5721,2272,7706
6114,4076,8291,9051,4190,3624
6114,4076,8291,6321,3356,5272
6114,4076,8291,7772,1655,1439
6114,4076,8291,8932,6532,8297
6114,4076,8291,6490,946,5362
6114,4076,8291,8839,9949,5900
6114,4076,8291,5046,2684,3523
6114,4076,8291,825,8055,3966
6114,4076,8291,7854,9625,8861
6114,4076,8291,4593,6139,7049
6114,4076,8291,3094,6201,8472
6114,4076,8291,9600,8728,2870
6114,4076,8291,3645,2367,4503
6114,4076,8291,1847,1071,2824
6114,4076,8291,5440,6463,2818
6114,4076,8291,695,6576,9536
6114,4076,8291,67,6379,9220
6114,4076,8291,6524,2277,8381
6114,4076,8291,5517,1694,8641
6114,4076,8291,429,9119,7788
6114,4076,8291,6187,9643,8825
6114,4076,8291,1745,5131,9273
6114,4076,8291,7507,3938,9553
6114,4076,8291,5467,9078,3123
6114,4076,8291,6616,8848,2202
6114,4076,8291,1903,3313,2189
6114,4076,8291,9895,9641,7418
6114,4076,8291,5580,7852,4600
6114,4076,8291,1195,7212,2003
6114,4076,8291,2711,3949,907
6114,4076,8291,7743,2054,8768
6114,4076,8291,3555,7840,3266
6114,4076,8291,6276,5410,2017
6114,4076,8291,8115,4374,1962
6114,4076,8291,1416,8560,3673
6114,4076,8291,206,6578,5046
6114,4076,8291,1187,8410,9157
6114,4076,8291,7596,3098,5899
6114,4076,8291,6837,2816,6865
6114,4076,8291,4106,3247,2912
6114,4076,8291,3698,5928,4203
6114,4076,8291,8759,1497,8036
6114,4076,8291,8295,6051,9109
6114,4076,8291,7814,248,9229
6114,4076,8291,2035,2708,1844
6114,4076,8291,9581,9155,4068
6114,4076,8291,5241,5326,4703
6114,4076,8291,5801,624,2996
6114,4076,8291,7975,128,6982
6114,4076,8291,2281,2844,100
6114,4076,8291,2336,9453,3764
6114,4076,8291,7778,8040,9122
6114,4076,8291,4393,9859,2032
6114,4076,8291,5892,4254,5589
6114,4076,8291,8104,5765,6418
6114,4076,8291,306,7321,484
6114,4076,8291,8589,1640,7334
6114,4076,8291,991,4976,1716
6114,4076,8291,7520,2760,15
6114,4076,8291,6270,6036,9539
6114,4076,8291,104,3867,445
6114,4076,8291,3935,4418,9670
6114,4076,8291,3819,3932,634
6114,4076,8291,6489,9170,2521
6114,4076,8291,5304,3040,9312
6114,4076,8291,2047,9359,9597
6114,4076,8291,4506,3384,8924
6114,4076,8291,7413,4696,6396
6114,4076,8291,2926,9321,2982
6114,4076,8291,1086,3870,547
6114,4076,8291,786,8237,1994
6114,4076,8291,5637,861,9230
6114,4076,8291,4230,2697,4966
6114,4076,8291,1793,2639,108
6114,4076,8291,770,9447,266
6114,4076,8291,4742,5575,1812
6114,4076,8291,5518,9156,612
6114,4076,8291,2124,5082,5238
6114,4076,8291,6338,2117,919
6114,4076,8291,8716,1071,4697
6114,4076,8291,1446,58,6319
6114,4076,8291,1221,59,2573
6114,4076,8291,7717,2201,3593
6114,4076,8291,4129,2096,4968
6114,4076,8291,8961,4315,1897
6114,4076,8291,2782,1270,2375
6114,4076,8291,2772,9234,5613
6114,4076,8291,5800,6781,9064
6114,4076,8291,1516,39,9748
6114,4076,8291,400,1107,6312
6114,4076,8291,6173,7249,419
6114,4076,8291,2257,727,9745
6114,4076,8291,8713,3324,174
6114,4076,8291,56,6932,1290
6114,4076,8291,9152,5635,7297
6114,4076,8291,613,3044,6772
6114,4076,8291,9402,6408,4954
6114,4076,8291,8812,6814,9003
6114,4076,8291,7069,1905,464
6114,4076,8291,1269,5363,8821
6114,4076,8291,4148,2879,5852
6114,4076,8291,7965,1872,7596
6114,4076,8291,2693,4459,7810
6114,4076,8291,7543,3771,5853
6114,4076,8291,3761,1693,508
6114,4076,8291,9740,4006,2960
6114,4076,8291,4894,5074,7794
6114,4076,8291,615,9792,7318
6114,4076,8291,145,770,7537
6114,4076,8291,3106,4117,1697
6114,4076,8291,8958,9566,3546
6114,4076,8291,3070,7799,511
6114,4076,8291,8806,7640,6946
6114,4076,8291,2960,9172,4586
6114,4076,8291,5836,7616,5973
6114,4076,8291,7383,1568,4783
6114,4076,8291,6494,247,1747
6114,4076,8291,9519,3388,1464
6114,4076,8291,7786,2451,6408
6114,4076,8291,1619,7694,1790
6114,4076,8291,8106,9025,7190
6114,4076,8291,6639,3601,8235
6114,4076,8291,5612,8253,7025
6114,4076,8291,2307,4466,9687
6114,4076,8291,2395,4744,7290
6114,4076,8291,1225,8288,9836
6114,4076,8291,4647,9522,8578
6114,4076,8291,5171,3960,3557
6114,4076,8291,164,2478,3722
6114,4076,8291,13,2347,5827
6114,4076,8291,9890,1755,6440
6114,4076,8291,8519,8910,7613
6114,4076,8291,7591,410,1117
6114,4076,8291,5717,8555,6608
6114,4076,8291,2729,3162,1364
6114,4076,8291,4238,2536,9069
6114,4076,8291,918,5853,787
6114,4076,8291,1129,1176,3774
6114,4076,8291,6315,3469,6454
6114,4076,8291,6996,2964,2411
6114,4076,8291,5056,4936,9988
6114,4076,8291,7088,1301,6309
6114,4076,8291,703,1429,6034
6114,4076,8291,3142,2002,5870
6114,4076,8291,2531,8961,190
6114,4076,8291,4511,1912,7370
6114,4076,8291,3868,7856,7248
6114,4076,8291,3213,3340,8303
6114,4076,8291,4610,7865,8140
6114,4076,8291,9657,481,5626
6114,4076,8291,8125,3223,1514
6114,4076,8291,4565,2451,3095
6114,4076,8291,7524,9108,3599
6114,4076,8291,5856,4106,9152
6114,4076,8291,595,8207,1858
6114,4076,8291,9005,2389,1158
6114,4076,8291,1572,1059,5049
6114,4076,8291,8970,2657,6734
6114,4076,8291,1004,9950,9740
6114,4076,8291,6715,5828,1093
6114,4076,8291,1352,2383,4602
6114,4076,8291,154,9598,3286
6114,4076,8291,2411,6996,6530
6114,4076,8291,1056,4294,7757
6114,4076,8291,3740,7783,4427
6114,4076,8291,8614,1162,2382
6114,4076,8291,132,9656,7225
6114,4076,8291,3303,190,3660
6114,4076,8291,2970,2225,4494
6114,4076,8291,5514,1811,1153
6114,4076,8291,8200,1223,1222
6114,4076,8291,916,8938,6993
6114,4076,8291,5018,8043,8889
6114,4076,8291,5000,6823,4341
6114,4076,8291,2934,3300,9199
6114,4076,8291,6362,2544,8402
6114,4076,8291,1296,6393,9892
6114,4076,8291,6915,6705,8336
6114,4076,8291,7784,4008,6197
6114,4076,8291,4390,2964,306
6114,4076,8291,6364,7441,5324
6114,4076,8291,2416,753,1564
6114,4076,8291,4968,8562,2181
6114,4076,8291,9192,3645,2394
6114,4076,8291,5308,9598,5420
6114,4076,8291,1775,8412,8870
6114,4076,8291,3611,5394,8384
6114,4076,8291,1241,1073,8126
6114,4076,8291,7523,4917,8663
6114,4076,8291,9808,7139,3103
6114,4076,8291,822,1961,1375
6114,4076,8291,5966,8034,1867
6114,4076,8291,3882,8810,9267
6114,4076,8291,368,3416,1006
6114,4076,8291,3633,306,8696
6114,4076,8291,2525,4425,6116
6114,4076,8291,4540,5306,5144
6114,4076,8291,6344,7538,6763
6114,4076,8291,1489,4738,618
6114,4076,8291,9968,8034,1231
6114,4076,8291,3136,6376,5079
6114,4076,8291,535,9025,5428
6114,4076,8291,7674,8505,8820
6114,4076,8291,3580,5745,946
6114,4076,8291,3995,6696,146
6114,4076,8291,4097,1909,7055
6114,4076,8291,9545,1626,2239
6114,4076,8291,8357,5920,3565
6114,4076,8291,5148,145,8628
6114,4076,8291,3163,4180,6391
6114,4076,8291,8206,9565,8356
6114,4076,8291,1709,5548,8376
6114,4076,8291,9374,5077,1918
