4565,9900,1756,1847,1071,2824
4565,9900,1756,5440,6463,2818
4565,9900,1756,695,6576,9536
4565,9900,1756,67,6379,9220
4565,9900,1756,6524,2277,8381
4565,9900,1756,5517,1694,8641
4565,9900,1756,429,9119,7788
4565,9900,1756,6187,9643,8825
4565,9900,1756,1745,5131,9273
4565,9900,1756,7507,3938,9553
4565,9900,1756,5467,9078,3123
4565,9900,1756,6616,8848,2202
4565,9900,1756,1903,3313,2189
4565,9900,1756,9895,9641,7418
4565,9900,1756,5580,7852,4600
4565,9900,1756,1195,7212,2003
4565,9900,1756,2711,3949,907
4565,9900,1756,7743,2054,8768
4565,9900,1756,3555,7840,3266
4565,9900,1756,6276,5410,2017
4565,9900,1756,8115,4374,1962
4565,9900,1756,1416,8560,3673
4565,9900,1756,206,6578,5046
4565,9900,1756,1187,8410,9157
4565,9900,1756,7596,3098,5899
4565,9900,1756,6837,2816,6865
4565,9900,1756,4106,3247,2912
4565,9900,1756,3698,5928,4203
4565,9900,1756,8759,1497,8036
4565,9900,1756,8295,6051,9109
4565,9900,1756,7814,248,9229
4565,9900,1756,2035,2708,1844
4565,9900,1756,9581,9155,4068
4565,9900,1756,5241,5326,4703
4565,9900,1756,5801,624,2996
4565,9900,1756,7975,128,6982
4565,9900,1756,2281,2844,100
4565,9900,1756,2336,9453,3764
4565,9900,1756,7778,8040,9122
4565,9900,1756,4393,9859,2032
4565,9900,1756,5892,4254,5589
4565,9900,1756,8104,5765,6418
4565,9900,1756,306,7321,484
4565,9900,1756,8589,1640,7334
4565,9900,1756,991,4976,1716
4565,9900,1756,7520,2760,15
4565,9900,1756,6270,6036,9539
4565,9900,1756,104,3867,445
4565,9900,1756,3935,4418,9670
4565,9900,1756,3819,3932,634
4565,9900,1756,6489,9170,2521
4565,9900,1756,5304,3040,9312
4565,9900,1756,2047,9359,9597
4565,9900,1756,4506,3384,8924
4565,9900,1756,7413,4696,6396
4565,9900,1756,2926,9321,2982
4565,9900,1756,1086,3870,547
4565,9900,1756,786,8237,1994
4565,9900,1756,5637,861,9230
4565,9900,1756,4230,2697,4966
4565,9900,1756,1793,2639,108
4565,9900,1756,770,9447,266
4565,9900,1756,4742,5575,1812
4565,9900,1756,5518,9156,612
4565,9900,1756,2124,5082,5238
4565,9900,1756,6338,2117,919
4565,9900,1756,8716,1071,4697
4565,9900,1756,1446,58,6319
4565,9900,1756,1221,59,2573
4565,9900,1756,7717,2201,3593
4565,9900,1756,4129,2096,4968
4565,9900,1756,8961,4315,1897
4565,9900,1756,2782,1270,2375
4565,9900,1756,2772,9234,5613
4565,9900,1756,5800,6781,9064
4565,9900,1756,1516,39,9748
4565,9900,1756,400,1107,6312
4565,9900,1756,6173,7249,419
4565,9900,1756,2257,727,9745
4565,9900,1756,8713,3324,174
4565,9900,1756,56,6932,1290
4565,9900,1756,9152,5635,7297
4565,9900,1756,613,3044,6772
4565,9900,1756,9402,6408,4954
4565,9900,1756,8812,6814,9003
4565,9900,1756,7069,1905,464
4565,9900,1756,1269,5363,8821
4565,9900,1756,4148,2879,5852
4565,9900,1756,7965,1872,7596
4565,9900,1756,2693,4459,7810
4565,9900,1756,7543,3771,5853
4565,9900,1756,3761,1693,508
4565,9900,1756,9740,4006,2960
4565,9900,1756,4894,5074,7794
4565,9900,1756,615,9792,7318
4565,9900,1756,145,770,7537
4565,9900,1756,3106,4117,1697
4565,9900,1756,8958,9566,3546
4565,9900,1756,3070,7799,511
4565,9900,1756,8806,7640,6946
4565,9900,1756,2960,9172,4586
4565,9900,1756,5836,7616,5973
4565,9900,1756,7383,1568,4783
4565,9900,1756,6494,247,1747
4565,9900,1756,9519,3388,1464
4565,9900,1756,7786,2451,6408
4565,9900,1756,1619,7694,1790
4565,9900,1756,8106,9025,7190
4565,9900,1756,6639,3601,8235
4565,9900,1756,5612,8253,7025
4565,9900,1756,2307,4466,9687
4565,9900,1756,2395,4744,7290
4565,9900,1756,1225,8288,9836
4565,9900,1756,4647,9522,8578
4565,9900,1756,5171,3960,3557
4565,9900,1756,164,2478,3722
4565,9900,1756,13,2347,5827
4565,9900,1756,9890,1755,6440
4565,9900,1756,8519,8910,7613
4565,9900,1756,7591,410,1117
4565,9900,1756,5717,8555,6608
4565,9900,1756,2729,3162,1364
4565,9900,1756,4238,2536,9069
4565,9900,1756,918,5853,787
4565,9900,1756,1129,1176,3774
4565,9900,1756,6315,3469,6454
4565,9900,1756,6996,2964,2411
4565,9900,1756,5056,4936,9988
4565,9900,1756,7088,1301,6309
4565,9900,1756,703,1429,6034
4565,9900,1756,3142,2002,5870
4565,9900,1756,2531,8961,190
4565,9900,1756,4511,1912,7370
4565,9900,1756,3868,7856,7248
4565,9900,1756,3213,3340,8303
4565,9900,1756,4610,7865,8140
4565,9900,1756,9657,481,5626
4565,9900,1756,8125,3223,1514
4565,9900,1756,4565,2451,3095
4565,9900,1756,7524,9108,3599
4565,9900,1756,5856,4106,9152
4565,9900,1756,595,8207,1858
4565,9900,1756,9005,2389,1158
4565,9900,1756,1572,1059,5049
4565,9900,1756,8970,2657,6734
4565,9900,1756,1004,9950,9740
4565,9900,1756,6715,5828,1093
4565,9900,1756,1352,2383,4602
4565,9900,1756,154,9598,3286
4565,9900,1756,2411,6996,6530
4565,9900,1756,1056,4294,7757
4565,9900,1756,3740,7783,4427
4565,9900,1756,8614,1162,2382
4565,9900,1756,132,9656,7225
4565,9900,1756,3303,190,3660
4565,9900,1756,2970,2225,4494
4565,9900,1756,5514,1811,1153
4565,9900,1756,8200,1223,1222
4565,9900,1756,916,8938,6993
4565,9900,1756,5018,8043,8889
4565,9900,1756,5000,6823,4341
4565,9900,1756,2934,3300,9199
4565,9900,1756,6362,2544,8402
4565,9900,1756,1296,6393,9892
4565,9900,1756,6915,6705,8336
4565,9900,1756,7784,4008,6197
4565,9900,1756,4390,2964,306
4565,9900,1756,6364,7441,5324
4565,9900,1756,2416,753,1564
4565,9900,1756,4968,8562,2181
4565,9900,1756,9192,3645,2394
4565,9900,1756,5308,9598,5420
4565,9900,1756,1775,8412,8870
4565,9900,1756,3611,5394,8384
4565,9900,1756,1241,1073,8126
4565,9900,1756,7523,4917,8663
4565,9900,1756,9808,7139,3103
4565,9900,1756,822,1961,1375
4565,9900,1756,5966,8034,1867
4565,9900,1756,3882,8810,9267
4565,9900,1756,368,3416,1006
4565,9900,1756,3633,306,8696
4565,9900,1756,2525,4425,6116
4565,9900,1756,4540,5306,5144
4565,9900,1756,6344,7538,6763
4565,9900,1756,1489,4738,618
4565,9900,1756,9968,8034,1231
4565,9900,1756,3136,6376,5079
4565,9900,1756,535,9025,5428
4565,9900,1756,7674,8505,8820
4565,9900,1756,3580,5745,946
4565,9900,1756,3995,6696,146
4565,9900,1756,4097,1909,7055
4565,9900,1756,9545,1626,2239
4565,9900,1756,8357,5920,3565
4565,9900,1756,5148,145,8628
4565,9900,1756,3163,4180,6391
4565,9900,1756,8206,9565,8356
4565,9900,1756,1709,5548,8376
4565,9900,1756,9374,5077,1918
4565,9900,1756,2127,5133,2997
4565,9900,1756,7100,2423,5529
4565,9900,1756,1543,8055,2751
4565,9900,1756,5795,6890,6146
4565,9900,1756,1125,2765,3994
4565,9900,1756,1374,5339,6135
4565,9900,1756,7253,973,9208
4565,9900,1756,913,865,5386
4565,9900,1756,4006,5694,8148
4565,9900,1756,8815,4188,6900
4565,9900,1756,6737,831,9241
4565,9900,1756,7053,371,3266
4565,9900,1756,9468,4353,4379
4565,9900,1756,9861,485,3992
4565,9900,1756,3594,3078,3989
4565,9900,1756,3002,9380,304
4565,9900,1756,2406,6535,48
4565,9900,1756,38,9712,9406
4565,9900,1756,6893,5802,7337
4565,9900,1756,6148,2700,2887
4565,9900,1756,9837,1403,8432
4565,9900,1756,3606,7876,6394
4565,9900,1756,9113,3476,1571
4565,9900,1756,8012,404,633
4565,9900,1756,920,8024,7369
4565,9900,1756,7202,5129,8727
4565,9900,1756,6064,9970,7438
4565,9900,1756,5076,1156,4310
4565,9900,1756,5895,3250,1051
4565,9900,1756,5115,4414,4717
4565,9900,1756,2857,7792,4580
4565,9900,1756,1468,8874,7696
4565,9900,1756,2353,328,2871
4565,9900,1756,9630,7522,2409
4565,9900,1756,990,7772,3758
4565,9900,1756,3705,5752,1097
4565,9900,1756,6497,1783,8052
4565,9900,1756,1398,3835,1452
4565,9900,1756,8041,5269,3604
4565,9900,1756,247,4516,8220
4565,9900,1756,5217,9462,6708
4565,9900,1756,6836,1235,4752
4565,9900,1756,8,7260,262
4565,9900,1756,6615,374,7894
4565,9900,1756,8604,9213,9715
4565,9900,1756,8679,1880,6855
4565,9900,1756,393,831,9612
4565,9900,1756,1511,549,8504
4565,9900,1756,5063,8200,2952
4565,9900,1756,2884,1758,9072
4565,9900,1756,8063,4212,5039
4565,9900,1756,2482,9447,9507
4565,9900,1756,7356,5139,736
4565,9900,1756,8897,7517,9367
4565,9900,1756,3257,9159,464
4565,9900,1756,5018,476,9471
4565,9900,1756,4179,4931,3916
4565,9900,1756,3664,902,7915
4565,9900,1756,9553,8767,1430
4565,9900,1756,7896,4662,1018
4565,9900,1756,8266,618,9608
4565,9900,1756,2332,3536,4056
4565,9900,1756,9350,7195,5073
4565,9900,1756,8881,5149,9638
4565,9900,1756,8577,9831,8596
4565,9900,1756,5554,6158,3198
4565,9900,1756,8915,2953,2041
4565,9900,1756,2276,8373,4735
4565,9900,1756,5618,9084,3988
4565,9900,1756,8804,8501,3967
4565,9900,1756,5162,5836,3560
4565,9900,1756,5456,1199,1399
4565,9900,1756,144,9777,4740
4565,9900,1756,257,5971,6815
4565,9900,1756,1942,1438,4739
4565,9900,1756,9066,4428,7210
4565,9900,1756,8934,6150,6681
4565,9900,1756,5478,5101,3455
4565,9900,1756,267,5849,4561
4565,9900,1756,6838,3301,4459
4565,9900,1756,9125,1421,4632
4565,9900,1756,2753,9741,4081
4565,9900,1756,9636,2678,3742
4565,9900,1756,3297,2875,9581
4565,9900,1756,7859,9597,4041
4565,9900,1756,8722,4657,1032
4565,9900,1756,1056,3695,5123
4565,9900,1756,6994,5780,1696
4565,9900,1756,1719,4804,2863
4565,9900,1756,4319,3990,4754
4565,9900,1756,6519,4198,8756
4565,9900,1756,4422,4605,997
4565,9900,1756,1645,2994,6232
4565,9900,1756,8691,2996,7471
4565,9900,1756,4927,2407,2245
4565,9900,1756,8217,462,4864
4565,9900,1756,2631,7589,2107
4565,9900,1756,21,8634,4898
4565,9900,1756,7145,1721,7364
4565,9900,1756,6228,2880,1748
4565,9900,1756,215,7353,9985
4565,9900,1756,1041,6560,556
4565,9900,1756,1856,9944,6772
4565,9900,1756,9260,3743,1632
4565,9900,1756,4486,5407,5328
4565,9900,1756,3755,8054,3999
4565,9900,1756,5958,2813,211
4565,9900,1756,3877,2444,5457
4565,9900,1756,6128,1232,1135
4565,9900,1756,5109,1536,130
4565,9900,1756,6359,1797,6863
4565,9900,1756,4126,7662,5370
4565,9900,1756,8426,1657,6955
4565,9900,1756,3060,653,7653
4565,9900,1756,4894,3713,3659
4565,9900,1756,220,8584,2397
4565,9900,1756,1696,1747,2095
4565,9900,1756,2202,3411,243
4565,9900,1756,2312,9057,3520
4565,9900,1756,2583,9037,2635
4565,9900,1756,932,4911,3809
4565,9900,1756,8965,6251,2567
4565,9900,1756,5794,2527,5773
4565,9900,1756,5125,8145,397
4565,9900,1756,9998,7078,3156
4565,9900,1756,3581,1415,3324
4565,9900,1756,8797,7809,3405
4565,9900,1756,8035,2598,1173
4565,9900,1756,6764,2089,790
4565,9900,1756,965,701,9695
4565,9900,1756,3252,2750,8212
4565,9900,1756,2358,3155,665
4565,9900,1756,9126,2504,115
4565,9900,1756,702,5483,6916
4565,9900,1756,6371,840,2078
4565,9900,1756,6630,6505,4655
4565,9900,1756,5387,7102,1539
4565,9900,1756,2766,5317,1280
4565,9900,1756,7962,3830,5929
4565,9900,1756,3024,3309,5314
4565,9900,1756,6804,7385,9568
4565,9900,1756,414,8074,7444
4565,9900,1756,3041,7090,9868
4565,9900,1756,8372,6069,2551
4565,9900,1756,1003,720,8074
4565,9900,1756,8590,3259,1712
4565,9900,1756,2351,7403,5270
4565,9900,1756,5042,1679,2311
4565,9900,1756,4721,3741,2177
4565,9900,1756,5422,7439,4869
4565,9900,1756,8192,5369,4766
4565,9900,1756,6573,8109,332
4565,9900,1756,7577,4184,3147
4565,9900,1756,5733,6538,5219
4565,9900,1756,6463,3057,2140
4565,9900,1756,9080,4522,3434
4565,9900,1756,9446,9005,839
4565,9900,1756,4592,1191,7331
4565,9900,1756,1118,2173,1528
4565,9900,1756,7723,6278,3955
4565,9900,1756,6996,953,780
4565,9900,1756,8128,9677,9434
4565,9900,1756,694,6098,6214
4565,9900,1756,8208,9971,7721
4565,9900,1756,9635,4534,7237
4565,9900,1756,6241,6315,6893
4565,9900,1756,3,7984,781
4565,9900,1756,3371,3930,8336
4565,9900,1756,2896,9304,603
4565,9900,1756,5434,6288,5585
4565,9900,1756,7519,320,1370
4565,9900,1756,9520,4440,4386
4565,9900,1756,6417,4794,402
4565,9900,1756,4811,8065,6761
4565,9900,1756,2061,7739,7048
4565,9900,1756,5177,2039,1635
4565,9900,1756,9573,2829,8992
4565,9900,1756,4097,5325,7129
4565,9900,1756,3923,4424,92
4565,9900,1756,9963,5473,799
4565,9900,1756,5657,6414,3229
4565,9900,1756,23,4552,7165
4565,9900,1756,6689,8261,1087
4565,9900,1756,8532,9687,8683
4565,9900,1756,3424,2975,9650
4565,9900,1756,641,4204,6268
4565,9900,1756,3834,1767,2312
4565,9900,1756,4999,8644,4897
4565,9900,1756,5890,4787,3165
4565,9900,1756,9526,9810,6871
4565,9900,1756,2541,1566,3032
4565,9900,1756,4321,0,8264
4565,9900,1756,6413,3474,4654
4565,9900,1756,4636,9566,2346
4565,9900,1756,2874,6720,3871
4565,9900,1756,4333,2646,6775
4565,9900,1756,3650,4126,6105
4565,9900,1756,2932,7995,3748
4565,9900,1756,1363,4103,8813
4565,9900,1756,7418,7807,5979
4565,9900,1756,8436,7305,1992
4565,9900,1756,516,8793,8524
4565,9900,1756,7841,423,4541
4565,9900,1756,5701,3217,6846
4565,9900,1756,6620,9392,7206
4565,9900,1756,8508,1129,5
4565,9900,1756,6274,1826,4716
4565,9900,1756,4390,4908,6680
4565,9900,1756,5777,851,8369
4565,9900,1756,8523,4016,7380
4565,9900,1756,8415,5907,3217
4565,9900,1756,1756,2275,3338
4565,9900,1756,8931,4551,8582
4565,9900,1756,3450,9384,3544
4565,9900,1756,3843,3652,6177
4565,9900,1756,6137,7181,8644
4565,9900,1756,7216,7483,8298
4565,9900,1756,8906,9881,1426
4565,9900,1756,3476,8130,5850
4565,9900,1756,9874,3330,4608
4565,9900,1756,241,3761,9749
4565,9900,1756,8332,8152,1241
4565,9900,1756,2461,2297,3595
4565,9900,1756,4781,6520,508
4565,9900,1756,7455,7221,9336
4565,9900,1756,4015,5961,8133
4565,9900,1756,9889,2983,5135
4565,9900,1756,2981,6348,553
4565,9900,1756,3663,5661,4419
4565,9900,1756,6071,6531,1345
4565,9900,1756,1324,9256,5882
4565,9900,1756,1123,3366,8054
4565,9900,1756,411,2643,49
4565,9900,1756,9804,1570,1970
4565,9900,1756,9574,6511,6477
4565,9900,1756,240,7917,4678
4565,9900,1756,8686,7106,8755
4565,9900,1756,931,4891,5463
4565,9900,1756,2232,8660,4982
4565,9900,1756,851,9091,2045
4565,9900,1756,826,7732,3552
4565,9900,1756,3597,6362,612
4565,9900,1756,8315,6450,2540
4565,9900,1756,8945,7020,8695
4565,9900,1756,61,7014,8858
4565,9900,1756,8004,748,4096
4565,9900,1756,9199,6627,4082
4565,9900,1756,9820,9646,6599
4565,9900,1756,634,8729,2020
4565,9900,1756,1870,674,6334
4565,9900,1756,4262,9062,5840
4565,9900,1756,2933,9521,4255
4565,9900,1756,4671,9490,7593
4565,9900,1756,8360,9491,2889
4565,9900,1756,1339,9978,7470
4565,9900,1756,1856,2291,8536
4565,9900,1756,6586,5804,4873
4565,9900,1756,6528,8858,8535
4565,9900,1756,2138,8951,4981
4565,9900,1756,3905,6359,3347
4565,9900,1756,1689,8142,6253
4565,9900,1756,1454,7025,2947
4565,9900,1756,3911,57,6278
4565,9900,1756,7626,6230,3043
4565,9900,1756,5750,4739,242
4565,9900,1756,6783,6868,3102
4565,9900,1756,9875,249,2005
4565,9900,1756,4897,8855,9190
4565,9900,1756,9644,6188,7474
4565,9900,1756,7873,5545,7844
4565,9900,1756,7633,6011,1232
4565,9900,1756,3716,4521,8976
4565,9900,1756,6665,3507,2000
4565,9900,1756,6992,6123,4859
4565,9900,1756,8658,5829,8682
4565,9900,1756,5329,1117,3034
4565,9900,1756,8943,8620,9756
4565,9900,1756,8011,4320,7594
4565,9900,1756,265,687,7112
4565,9900,1756,2386,7069,2178
4565,9900,1756,1104,6221,5209
4565,9900,1756,6778,182,7947
4565,9900,1756,1341,8501,2594
4565,9900,1756,1827,830,1066
4565,9900,1756,1,1517,5260
4565,9900,1756,1679,8418,1353
4565,9900,1756,5249,2946,6998
4565,9900,1756,532,5963,6227
4565,9900,1756,7966,708,3425
4565,9900,1756,7126,5237,8430
4565,9900,1756,5845,7058,5367
4565,9900,1756,3638,6438,7482
4565,9900,1756,8002,4961,1242
4565,9900,1756,9971,3293,3173
4565,9900,1756,4632,503,9087
4565,9900,1756,4681,6049,240
4565,9900,1756,5055,8898,1326
4565,9900,1756,6306,2511,5517
4565,9900,1756,3407,9298,5336
4565,9900,1756,4891,9613,2399
4565,9900,1756,5549,6391,2584
4565,9900,1756,6997,362,8709
4565,9900,1756,6817,3430,8170
4565,9900,1756,9077,9758,3480
4565,9900,1756,5681,2901,301
4565,9900,1756,7979,2091,5169
4565,9900,1756,5677,3090,531
4565,9900,1756,7325,7486,2435
4565,9900,1756,8147,1491,2673
4565,9900,1756,1499,6764,4082
