1970,79,2705,1236,9534,2939
1970,79,2705,6155,7295,2056
1970,79,2705,5055,9667,9638
1970,79,2705,9189,2862,821
1970,79,2705,1981,7536,1983
1970,79,2705,7739,7884,5468
1970,79,2705,1005,4439,9365
1970,79,2705,1431,1316,7090
1970,79,2705,2683,610,2278
1970,79,2705,6716,9346,8813
1970,79,2705,2474,7857,3565
1970,79,2705,4781,1867,7149
1970,79,2705,6601,5720,7389
1970,79,2705,9868,4220,9768
1970,79,2705,7108,6934,2536
1970,79,2705,3707,3264,6394
1970,79,2705,7341,8943,5159
1970,79,2705,9171,3465,6854
1970,79,2705,9527,6363,8429
1970,79,2705,6272,7402,6508
1970,79,2705,4280,5549,7466
1970,79,2705,7284,1266,1865
1970,79,2705,4996,8706,8581
1970,79,2705,1786,5227,5912
1970,79,2705,4209,5442,1993
1970,79,2705,5424,9355,625
1970,79,2705,3628,9164,8837
1970,79,2705,2075,1192,474
1970,79,2705,9182,2127,5185
1970,79,2705,4337,9817,7753
1970,79,2705,7686,9763,9804
1970,79,2705,131,1559,9285
1970,79,2705,2198,8684,7758
1970,79,2705,4791,2707,5179
1970,79,2705,312,2463,4723
1970,79,2705,3357,7023,4877
1970,79,2705,7014,9667,4962
1970,79,2705,3524,467,2495
1970,79,2705,4481,737,8251
1970,79,2705,5786,6695,8711
1970,79,2705,821,2730,1141
1970,79,2705,3949,4,3780
1970,79,2705,9570,3308,7892
1970,79,2705,1389,5482,5189
1970,79,2705,7923,2188,5938
1970,79,2705,6524,8090,5271
1970,79,2705,591,3074,9500
1970,79,2705,5155,5641,8777
1970,79,2705,518,4689,2064
1970,79,2705,5800,4818,3793
1970,79,2705,7439,8665,3432
1970,79,2705,6968,468,3690
1970,79,2705,7589,5594,6114
1970,79,2705,1319,4071,9318
1970,79,2705,8707,8162,7993
1970,79,2705,5547,3438,3572
1970,79,2705,4154,6960,6905
1970,79,2705,4936,3183,1482
1970,79,2705,5878,8981,187
1970,79,2705,4970,6434,9507
1970,79,2705,9123,9142,5389
1970,79,2705,9502,1988,6977
1970,79,2705,9561,5045,2127
1970,79,2705,157,3328,7999
1970,79,2705,5714,7520,8234
1970,79,2705,605,5228,6375
1970,79,2705,466,5801,54
1970,79,2705,1393,3768,7437
1970,79,2705,3416,9818,3332
1970,79,2705,7667,8363,2051
1970,79,2705,3564,1894,4336
1970,79,2705,3965,8805,141
1970,79,2705,8535,5844,6244
1970,79,2705,9390,2377,4621
1970,79,2705,6650,2115,9727
1970,79,2705,9691,4893,1027
1970,79,2705,5970,2339,404
1970,79,2705,2870,2368,3368
1970,79,2705,3355,9696,2422
1970,79,2705,6910,5380,3700
1970,79,2705,5577,9863,6407
1970,79,2705,3131,8870,3443
1970,79,2705,6761,2237,5329
1970,79,2705,5291,6794,7545
1970,79,2705,2830,289,3919
1970,79,2705,8723,7848,9474
1970,79,2705,5529,3844,2789
1970,79,2705,4049,7097,7219
1970,79,2705,6288,2224,1680
1970,79,2705,8979,2963,741
1970,79,2705,5960,4897,2953
1970,79,2705,575,7523,6781
1970,79,2705,6436,1926,1149
1970,79,2705,5669,2179,890
1970,79,2705,1585,8126,1880
1970,79,2705,9084,4696,1453
1970,79,2705,415,3547,6137
1970,79,2705,9444,9808,6296
1970,79,2705,1503,3754,2832
1970,79,2705,1701,760,7548
1970,79,2705,7622,5616,6918
1970,79,2705,4370,916,3114
1970,79,2705,5804,4202,3736
1970,79,2705,8208,1069,8114
1970,79,2705,4960,1659,7910
1970,79,2705,5046,3141,9616
1970,79,2705,2901,3180,4948
1970,79,2705,7690,942,2322
1970,79,2705,136,2138,8278
1970,79,2705,1144,3102,6509
1970,79,2705,8700,4057,8170
1970,79,2705,283,6378,7366
1970,79,2705,9365,6191,8817
1970,79,2705,5048,4539,3500
1970,79,2705,3579,9622,6800
1970,79,2705,7116,4724,4643
1970,79,2705,9467,3313,746
1970,79,2705,8149,3444,3248
1970,79,2705,8912,689,1040
1970,79,2705,6150,7795,6139
1970,79,2705,1649,9567,6770
1970,79,2705,8243,6523,2266
1970,79,2705,1033,4062,8396
1970,79,2705,2500,8437,9969
1970,79,2705,1664,6412,3321
1970,79,2705,4498,737,7340
1970,79,2705,9454,3326,9031
1970,79,2705,9588,2756,1112
1970,79,2705,9603,9833,2677
1970,79,2705,2762,2295,501
1970,79,2705,7809,6239,5801
1970,79,2705,4881,893,5555
1970,79,2705,4426,8738,7118
1970,79,2705,6893,6473,6376
1970,79,2705,1026,7260,2131
1970,79,2705,7681,1446,4176
1970,79,2705,4770,8648,9964
1970,79,2705,5635,1964,6733
1970,79,2705,1873,2530,8563
1970,79,2705,8698,4905,5902
1970,79,2705,7671,2663,570
1970,79,2705,2166,8424,6478
1970,79,2705,7169,7532,7953
1970,79,2705,3325,699,2249
1970,79,2705,3451,2590,624
1970,79,2705,8196,6391,1607
1970,79,2705,7518,1416,6193
1970,79,2705,7648,2618,7427
1970,79,2705,125,1076,9458
1970,79,2705,786,1978,4514
1970,79,2705,8436,6762,8810
1970,79,2705,4572,8777,1628
1970,79,2705,5850,4348,7203
1970,79,2705,745,4257,8670
1970,79,2705,7727,8573,7526
1970,79,2705,2942,5583,5508
1970,79,2705,4540,9419,3379
1970,79,2705,9020,6189,4146
1970,79,2705,5002,7311,3898
1970,79,2705,5887,3852,1537
1970,79,2705,7760,3215,4656
1970,79,2705,3183,4108,9099
1970,79,2705,9926,2381,5427
1970,79,2705,474,9345,9334
1970,79,2705,7466,3534,7713
1970,79,2705,9907,5169,751
1970,79,2705,8523,1342,9856
1970,79,2705,3925,2442,7720
1970,79,2705,5861,2741,3358
1970,79,2705,3226,2420,6379
1970,79,2705,4710,6239,833
1970,79,2705,7154,3497,6038
1970,79,2705,4594,2295,9804
1970,79,2705,3852,5281,6764
1970,79,2705,9228,9625,2501
1970,79,2705,4609,9627,3686
1970,79,2705,3621,4209,4040
1970,79,2705,4047,2261,5032
1970,79,2705,149,8289,1435
1970,79,2705,7276,4409,1563
1970,79,2705,831,3687,6469
1970,79,2705,4578,8281,7714
1970,79,2705,8416,9293,3727
1970,79,2705,6475,1921,3744
1970,79,2705,2630,1690,9169
1970,79,2705,5914,4519,691
1970,79,2705,1415,2906,7449
1970,79,2705,3334,7290,9044
1970,79,2705,7528,4100,2521
1970,79,2705,7722,913,8878
1970,79,2705,4623,4675,4984
1970,79,2705,2481,6212,7144
1970,79,2705,389,3848,8687
1970,79,2705,9217,965,9071
1970,79,2705,686,5649,8329
1970,79,2705,1006,4708,5080
1970,79,2705,5487,9403,364
1970,79,2705,1436,1182,3328
1970,79,2705,4924,9314,3676
1970,79,2705,1603,6450,6902
1970,79,2705,2041,6577,5730
1970,79,2705,6914,5907,7269
1970,79,2705,8235,4175,6879
1970,79,2705,2398,7478,9378
1970,79,2705,2190,7422,9456
1970,79,2705,2426,5943,4218
1970,79,2705,7850,3439,408
1970,79,2705,6298,623,6970
1970,79,2705,8185,8300,8273
1970,79,2705,4583,9879,5800
1970,79,2705,3472,7225,5264
1970,79,2705,3656,4456,9831
1970,79,2705,2522,1838,1124
1970,79,2705,8070,9032,9234
1970,79,2705,1830,3697,2040
1970,79,2705,5619,2024,3047
1970,79,2705,1370,228,2845
1970,79,2705,2444,968,8364
1970,79,2705,482,4953,982
1970,79,2705,5998,5069,1486
1970,79,2705,4997,6853,692
1970,79,2705,4118,5550,3640
1970,79,2705,8498,8067,8725
1970,79,2705,334,5870,597
1970,79,2705,527,2957,7349
1970,79,2705,5290,940,2370
1970,79,2705,7129,9516,3464
1970,79,2705,3351,37,4455
1970,79,2705,8832,1570,7894
1970,79,2705,2298,285,3700
1970,79,2705,3705,1842,1874
1970,79,2705,8722,5465,9216
1970,79,2705,270,6043,3483
1970,79,2705,7939,9783,2551
1970,79,2705,791,7410,8494
1970,79,2705,8354,5870,9057
1970,79,2705,6988,2001,1788
1970,79,2705,4012,1178,5259
1970,79,2705,7644,598,4995
1970,79,2705,4689,1146,9933
1970,79,2705,5470,4324,1713
1970,79,2705,4658,963,838
1970,79,2705,173,1090,1928
1970,79,2705,4198,2641,4549
1970,79,2705,8507,5467,7791
1970,79,2705,485,7586,2406
1970,79,2705,5693,7607,1744
1970,79,2705,6785,5493,5042
1970,79,2705,6815,8383,527
1970,79,2705,5454,3680,9309
1970,79,2705,9147,4050,6687
1970,79,2705,162,1885,1629
1970,79,2705,6758,3220,8912
1970,79,2705,8670,4213,5005
1970,79,2705,4231,2383,3183
1970,79,2705,77,5140,7869
1970,79,2705,2409,8979,2332
1970,79,2705,3380,5200,2096
1970,79,2705,1863,5677,8248
1970,79,2705,7394,2295,5992
1970,79,2705,9547,8864,3324
1970,79,2705,504,9020,7922
1970,79,2705,8592,1773,3569
1970,79,2705,1370,7488,8886
1970,79,2705,8572,761,6275
1970,79,2705,5802,7433,5541
1970,79,2705,7266,268,1598
1970,79,2705,2820,2121,9497
1970,79,2705,2490,6426,375
1970,79,2705,1377,1850,5383
1970,79,2705,4673,8421,7582
1970,79,2705,9756,5917,3596
1970,79,2705,3375,3835,3892
1970,79,2705,9844,2446,1099
1970,79,2705,8568,4866,1172
1970,79,2705,1834,920,1939
1970,79,2705,5070,787,3235
1970,79,2705,1718,5639,6561
1970,79,2705,663,7887,9775
1970,79,2705,7471,4469,2846
1970,79,2705,7347,8413,1294
1970,79,2705,4962,622,9903
1970,79,2705,2030,2324,1872
1970,79,2705,6549,3567,4656
1970,79,2705,1540,4489,150
1970,79,2705,2656,7647,1408
1970,79,2705,5326,9971,1499
1970,79,2705,6966,6838,1404
1970,79,2705,8003,8107,6283
1970,79,2705,6434,508,8750
1970,79,2705,1594,9560,6897
1970,79,2705,2308,9549,2856
1970,79,2705,8474,6935,6996
1970,79,2705,3463,9950,9009
1970,79,2705,2136,428,3799
1970,79,2705,7944,3778,6338
1970,79,2705,9580,5397,7561
1970,79,2705,627,5496,7062
1970,79,2705,9691,7111,9446
1970,79,2705,6706,7244,4190
1970,79,2705,2536,9855,2084
1970,79,2705,9689,1781,7832
1970,79,2705,8210,3294,4659
1970,79,2705,296,3198,748
1970,79,2705,2694,271,8892
1970,79,2705,3409,7037,16
1970,79,2705,9320,8438,7717
1970,79,2705,6878,6870,9926
1970,79,2705,9691,4485,9174
1970,79,2705,7176,5912,494
1970,79,2705,7505,2365,2831
1970,79,2705,5076,9976,9321
1970,79,2705,5483,546,2055
1970,79,2705,8265,6927,46
1970,79,2705,1902,9805,1707
1970,79,2705,9845,460,5841
1970,79,2705,5926,8366,3804
1970,79,2705,4123,2305,1081
1970,79,2705,1121,8824,6330
1970,79,2705,8542,9681,8880
1970,79,2705,7436,9190,7022
1970,79,2705,154,7666,5942
1970,79,2705,9409,9460,4086
1970,79,2705,4150,2256,8403
1970,79,2705,9998,9268,9155
1970,79,2705,1625,210,1958
1970,79,2705,6831,6583,1759
1970,79,2705,1895,9274,8540
1970,79,2705,5836,3825,7531
1970,79,2705,3278,82,8876
1970,79,2705,557,1317,367
1970,79,2705,7475,6271,1732
1970,79,2705,6123,1849,529
1970,79,2705,2021,9034,176
1970,79,2705,2393,6314,9615
1970,79,2705,2104,219,7201
1970,79,2705,58,6379,8231
1970,79,2705,5540,8753,8485
1970,79,2705,7925,6851,6155
1970,79,2705,9426,6251,9732
1970,79,2705,7494,2766,6581
1970,79,2705,6862,3040,7839
1970,79,2705,4539,2691,3340
1970,79,2705,3,9901,4977
1970,79,2705,4755,1949,3765
1970,79,2705,9028,4521,8935
1970,79,2705,9949,3923,1304
1970,79,2705,1902,4381,435
1970,79,2705,3502,4964,7350
1970,79,2705,9574,4425,6373
1970,79,2705,6959,3942,1318
1970,79,2705,4051,2672,1426
1970,79,2705,9368,9511,5083
1970,79,2705,9805,7095,7263
1970,79,2705,2851,1900,822
1970,79,2705,9213,9861,6710
1970,79,2705,7582,5798,6295
1970,79,2705,7749,6920,2861
1970,79,2705,8136,7391,5585
1970,79,2705,6710,3062,8463
1970,79,2705,6414,1685,9668
1970,79,2705,6323,9065,7647
1970,79,2705,5753,4687,2069
1970,79,2705,373,4636,1312
1970,79,2705,3055,3158,6812
1970,79,2705,9565,7101,9761
1970,79,2705,1980,4041,8068
1970,79,2705,7720,7603,6066
1970,79,2705,7113,1540,5514
1970,79,2705,2480,5639,9759
1970,79,2705,7888,8775,7823
1970,79,2705,5982,1776,9842
1970,79,2705,9938,7854,6235
1970,79,2705,2052,3029,9287
1970,79,2705,3028,9454,128
1970,79,2705,4824,8754,7795
1970,79,2705,8527,2237,9708
1970,79,2705,3529,4170,902
1970,79,2705,6275,2776,1743
1970,79,2705,382,420,4141
1970,79,2705,3501,9317,6193
1970,79,2705,3150,2958,1839
1970,79,2705,1498,4135,3837
1970,79,2705,8724,5567,3640
1970,79,2705,6818,4912,7935
1970,79,2705,8915,6338,1230
1970,79,2705,3893,7379,7495
1970,79,2705,5152,9301,7680
1970,79,2705,3436,7445,1904
1970,79,2705,9787,3424,9010
1970,79,2705,2512,5204,1668
1970,79,2705,6977,949,7566
1970,79,2705,6070,7469,9985
1970,79,2705,5703,8465,4983
1970,79,2705,1559,3643,9684
1970,79,2705,9270,6791,2421
1970,79,2705,6464,7673,370
1970,79,2705,5610,9400,585
1970,79,2705,1240,5836,4508
1970,79,2705,3524,8337,2857
1970,79,2705,2531,3202,8384
1970,79,2705,1444,6373,9214
1970,79,2705,2903,5376,635
1970,79,2705,3387,9526,6200
1970,79,2705,6331,6098,3490
1970,79,2705,222,8763,6429
1970,79,2705,1396,8426,2078
1970,79,2705,6612,4412,5583
1970,79,2705,2250,294,306
1970,79,2705,9576,28,2274
1970,79,2705,4797,6315,1241
1970,79,2705,1929,2671,5159
1970,79,2705,8867,6746,711
1970,79,2705,9110,1317,96
1970,79,2705,3977,8458,2600
1970,79,2705,5491,4491,2259
1970,79,2705,4599,6499,6440
1970,79,2705,1629,8737,6613
1970,79,2705,88,8809,523
1970,79,2705,6808,3447,638
1970,79,2705,4376,7967,951
1970,79,2705,3988,3005,5544
1970,79,2705,308,950,8356
1970,79,2705,2740,2100,9278
1970,79,2705,620,5522,8510
1970,79,2705,2465,9820,465
1970,79,2705,9119,3402,1440
1970,79,2705,7717,3954,6967
1970,79,2705,1542,1664,7405
1970,79,2705,1289,6625,5827
1970,79,2705,4775,3081,6874
1970,79,2705,7042,6033,4692
1970,79,2705,1342,2818,9786
1970,79,2705,3296,4059,7552
1970,79,2705,1099,7408,1467
1970,79,2705,6685,8330,3412
1970,79,2705,8373,799,1432
1970,79,2705,819,1912,8135
1970,79,2705,7376,9362,1096
1970,79,2705,7808,6349,5351
1970,79,2705,5207,5786,9726
1970,79,2705,5520,916,1522
1970,79,2705,5135,4227,2403
1970,79,2705,4832,2948,2795
1970,79,2705,8130,5847,7956
1970,79,2705,4225,2022,70
1970,79,2705,1056,3492,8426
1970,79,2705,2357,8259,4475
1970,79,2705,9770,2469,5848
1970,79,2705,487,1854,7986
1970,79,2705,4387,8190,7544
1970,79,2705,8716,7928,3284
1970,79,2705,4250,3886,4180
1970,79,2705,8104,678,2018
1970,79,2705,2859,5282,650
1970,79,2705,1038,1592,9316
1970,79,2705,4565,1610,4822
1970,79,2705,3038,2707,2627
1970,79,2705,2970,3271,5651
1970,79,2705,7179,1658,8057
1970,79,2705,364,9590,6962
1970,79,2705,7246,2010,3657
1970,79,2705,5808,658,2724
1970,79,2705,9716,9607,7
1970,79,2705,7107,8342,4387
1970,79,2705,3149,3615,6718
1970,79,2705,1230,8683,5539
1970,79,2705,8896,6796,5707
1970,79,2705,9981,9390,4731
1970,79,2705,4167,911,6384
1970,79,2705,7631,3183,9940
1970,79,2705,3481,68,7968
1970,79,2705,5690,590,1148
1970,79,2705,877,3328,1802
1970,79,2705,9180,4208,317
1970,79,2705,4043,9898,8451
1970,79,2705,1020,4321,2994
1970,79,2705,2413,5823,8689
1970,79,2705,9300,2994,4755
1970,79,2705,3184,3368,2465
1970,79,2705,6911,3568,1173
1970,79,2705,1080,4135,300
1970,79,2705,9366,1658,7767
1970,79,2705,2311,3556,4840
1970,79,2705,2566,8793,1826
1970,79,2705,481,3816,897
1970,79,2705,3071,85,4990
1970,79,2705,5334,6759,2390
1970,79,2705,7083,9609,2317
1970,79,2705,9275,9054,8597
1970,79,2705,9993,1567,7764
1970,79,2705,2258,3969,109
1970,79,2705,2626,7175,2441
1970,79,2705,5697,9449,60
1970,79,2705,9925,8946,7650
1970,79,2705,3134,6451,9453
1970,79,2705,3847,1731,8916
1970,79,2705,893,168,2483
1970,79,2705,1226,1487,8342
1970,79,2705,5799,3311,5377
1970,79,2705,2287,2870,7572
1970,79,2705,936,714,37
1970,79,2705,2348,5537,715
1970,79,2705,2795,8404,612
1970,79,2705,4592,4935,5216
1970,79,2705,8413,1938,3269
1970,79,2705,847,9369,9959
1970,79,2705,4901,9733,2068
1970,79,2705,2783,5951,7078
1970,79,2705,2524,7261,2827
