3892,5372,5496,5960,4897,2953
3892,5372,5496,575,7523,6781
3892,5372,5496,6436,1926,1149
3892,5372,5496,5669,2179,890
3892,5372,5496,1585,8126,1880
3892,5372,5496,9084,4696,1453
3892,5372,5496,415,3547,6137
3892,5372,5496,9444,9808,6296
3892,5372,5496,1503,3754,2832
3892,5372,5496,1701,760,7548
3892,5372,5496,7622,5616,6918
3892,5372,5496,4370,916,3114
3892,5372,5496,5804,4202,3736
3892,5372,5496,8208,1069,8114
3892,5372,5496,4960,1659,7910
3892,5372,5496,5046,3141,9616
3892,5372,5496,2901,3180,4948
3892,5372,5496,7690,942,2322
3892,5372,5496,136,2138,8278
3892,5372,5496,1144,3102,6509
3892,5372,5496,8700,4057,8170
3892,5372,5496,283,6378,7366
3892,5372,5496,9365,6191,8817
3892,5372,5496,5048,4539,3500
3892,5372,5496,3579,9622,6800
3892,5372,5496,7116,4724,4643
3892,5372,5496,9467,3313,746
3892,5372,5496,8149,3444,3248
3892,5372,5496,8912,689,1040
3892,5372,5496,6150,7795,6139
3892,5372,5496,1649,9567,6770
3892,5372,5496,8243,6523,2266
3892,5372,5496,1033,4062,8396
3892,5372,5496,2500,8437,9969
3892,5372,5496,1664,6412,3321
3892,5372,5496,4498,737,7340
3892,5372,5496,9454,3326,9031
3892,5372,5496,9588,2756,1112
3892,5372,5496,9603,9833,2677
3892,5372,5496,2762,2295,501
3892,5372,5496,7809,6239,5801
3892,5372,5496,4881,893,5555
3892,5372,5496,4426,8738,7118
3892,5372,5496,6893,6473,6376
3892,5372,5496,1026,7260,2131
3892,5372,5496,7681,1446,4176
3892,5372,5496,4770,8648,9964
3892,5372,5496,5635,1964,6733
3892,5372,5496,1873,2530,8563
3892,5372,5496,8698,4905,5902
3892,5372,5496,7671,2663,570
3892,5372,5496,2166,8424,6478
3892,5372,5496,7169,7532,7953
3892,5372,5496,3325,699,2249
3892,5372,5496,3451,2590,624
3892,5372,5496,8196,6391,1607
3892,5372,5496,7518,1416,6193
3892,5372,5496,7648,2618,7427
3892,5372,5496,125,1076,9458
3892,5372,5496,786,1978,4514
3892,5372,5496,8436,6762,8810
3892,5372,5496,4572,8777,1628
3892,5372,5496,5850,4348,7203
3892,5372,5496,745,4257,8670
3892,5372,5496,7727,8573,7526
3892,5372,5496,2942,5583,5508
3892,5372,5496,4540,9419,3379
3892,5372,5496,9020,6189,4146
3892,5372,5496,5002,7311,3898
3892,5372,5496,5887,3852,1537
3892,5372,5496,7760,3215,4656
3892,5372,5496,3183,4108,9099
3892,5372,5496,9926,2381,5427
3892,5372,5496,474,9345,9334
3892,5372,5496,7466,3534,7713
3892,5372,5496,9907,5169,751
3892,5372,5496,8523,1342,9856
3892,5372,5496,3925,2442,7720
3892,5372,5496,5861,2741,3358
3892,5372,5496,3226,2420,6379
3892,5372,5496,4710,6239,833
3892,5372,5496,7154,3497,6038
3892,5372,5496,4594,2295,9804
3892,5372,5496,3852,5281,6764
3892,5372,5496,9228,9625,2501
3892,5372,5496,4609,9627,3686
3892,5372,5496,3621,4209,4040
3892,5372,5496,4047,2261,5032
3892,5372,5496,149,8289,1435
3892,5372,5496,7276,4409,1563
3892,5372,5496,831,3687,6469
3892,5372,5496,4578,8281,7714
3892,5372,5496,8416,9293,3727
3892,5372,5496,6475,1921,3744
3892,5372,5496,2630,1690,9169
3892,5372,5496,5914,4519,691
3892,5372,5496,1415,2906,7449
3892,5372,5496,3334,7290,9044
3892,5372,5496,7528,4100,2521
3892,5372,5496,7722,913,8878
3892,5372,5496,4623,4675,4984
3892,5372,5496,2481,6212,7144
3892,5372,5496,389,3848,8687
3892,5372,5496,9217,965,9071
3892,5372,5496,686,5649,8329
3892,5372,5496,1006,4708,5080
3892,5372,5496,5487,9403,364
3892,5372,5496,1436,1182,3328
3892,5372,5496,4924,9314,3676
3892,5372,5496,1603,6450,6902
3892,5372,5496,2041,6577,5730
3892,5372,5496,6914,5907,7269
3892,5372,5496,8235,4175,6879
3892,5372,5496,2398,7478,9378
3892,5372,5496,2190,7422,9456
3892,5372,5496,2426,5943,4218
3892,5372,5496,7850,3439,408
3892,5372,5496,6298,623,6970
3892,5372,5496,8185,8300,8273
3892,5372,5496,4583,9879,5800
3892,5372,5496,3472,7225,5264
3892,5372,5496,3656,4456,9831
3892,5372,5496,2522,1838,1124
3892,5372,5496,8070,9032,9234
3892,5372,5496,1830,3697,2040
3892,5372,5496,5619,2024,3047
3892,5372,5496,1370,228,2845
3892,5372,5496,2444,968,8364
3892,5372,5496,482,4953,982
3892,5372,5496,5998,5069,1486
3892,5372,5496,4997,6853,692
3892,5372,5496,4118,5550,3640
3892,5372,5496,8498,8067,8725
3892,5372,5496,334,5870,597
3892,5372,5496,527,2957,7349
3892,5372,5496,5290,940,2370
3892,5372,5496,7129,9516,3464
3892,5372,5496,3351,37,4455
3892,5372,5496,8832,1570,7894
3892,5372,5496,2298,285,3700
3892,5372,5496,3705,1842,1874
3892,5372,5496,8722,5465,9216
3892,5372,5496,270,6043,3483
3892,5372,5496,7939,9783,2551
3892,5372,5496,791,7410,8494
3892,5372,5496,8354,5870,9057
3892,5372,5496,6988,2001,1788
3892,5372,5496,4012,1178,5259
3892,5372,5496,7644,598,4995
3892,5372,5496,4689,1146,9933
3892,5372,5496,5470,4324,1713
3892,5372,5496,4658,963,838
3892,5372,5496,173,1090,1928
3892,5372,5496,4198,2641,4549
3892,5372,5496,8507,5467,7791
3892,5372,5496,485,7586,2406
3892,5372,5496,5693,7607,1744
3892,5372,5496,6785,5493,5042
3892,5372,5496,6815,8383,527
3892,5372,5496,5454,3680,9309
3892,5372,5496,9147,4050,6687
3892,5372,5496,162,1885,1629
3892,5372,5496,6758,3220,8912
3892,5372,5496,8670,4213,5005
3892,5372,5496,4231,2383,3183
3892,5372,5496,77,5140,7869
3892,5372,5496,2409,8979,2332
3892,5372,5496,3380,5200,2096
3892,5372,5496,1863,5677,8248
3892,5372,5496,7394,2295,5992
3892,5372,5496,9547,8864,3324
3892,5372,5496,504,9020,7922
3892,5372,5496,8592,1773,3569
3892,5372,5496,1370,7488,8886
3892,5372,5496,8572,761,6275
3892,5372,5496,5802,7433,5541
3892,5372,5496,7266,268,1598
3892,5372,5496,2820,2121,9497
3892,5372,5496,2490,6426,375
3892,5372,5496,1377,1850,5383
3892,5372,5496,4673,8421,7582
3892,5372,5496,9756,5917,3596
3892,5372,5496,3375,3835,3892
3892,5372,5496,9844,2446,1099
3892,5372,5496,8568,4866,1172
3892,5372,5496,1834,920,1939
3892,5372,5496,5070,787,3235
3892,5372,5496,1718,5639,6561
3892,5372,5496,663,7887,9775
3892,5372,5496,7471,4469,2846
3892,5372,5496,7347,8413,1294
3892,5372,5496,4962,622,9903
3892,5372,5496,2030,2324,1872
3892,5372,5496,6549,3567,4656
3892,5372,5496,1540,4489,150
3892,5372,5496,2656,7647,1408
3892,5372,5496,5326,9971,1499
3892,5372,5496,6966,6838,1404
3892,5372,5496,8003,8107,6283
3892,5372,5496,6434,508,8750
3892,5372,5496,1594,9560,6897
3892,5372,5496,2308,9549,2856
3892,5372,5496,8474,6935,6996
3892,5372,5496,3463,9950,9009
3892,5372,5496,2136,428,3799
3892,5372,5496,7944,3778,6338
3892,5372,5496,9580,5397,7561
3892,5372,5496,627,5496,7062
3892,5372,5496,9691,7111,9446
3892,5372,5496,6706,7244,4190
3892,5372,5496,2536,9855,2084
3892,5372,5496,9689,1781,7832
3892,5372,5496,8210,3294,4659
3892,5372,5496,296,3198,748
3892,5372,5496,2694,271,8892
3892,5372,5496,3409,7037,16
3892,5372,5496,9320,8438,7717
3892,5372,5496,6878,6870,9926
3892,5372,5496,9691,4485,9174
3892,5372,5496,7176,5912,494
3892,5372,5496,7505,2365,2831
3892,5372,5496,5076,9976,9321
3892,5372,5496,5483,546,2055
3892,5372,5496,8265,6927,46
3892,5372,5496,1902,9805,1707
3892,5372,5496,9845,460,5841
3892,5372,5496,5926,8366,3804
3892,5372,5496,4123,2305,1081
3892,5372,5496,1121,8824,6330
3892,5372,5496,8542,9681,8880
3892,5372,5496,7436,9190,7022
3892,5372,5496,154,7666,5942
3892,5372,5496,9409,9460,4086
3892,5372,5496,4150,2256,8403
3892,5372,5496,9998,9268,9155
3892,5372,5496,1625,210,1958
3892,5372,5496,6831,6583,1759
3892,5372,5496,1895,9274,8540
3892,5372,5496,5836,3825,7531
3892,5372,5496,3278,82,8876
3892,5372,5496,557,1317,367
3892,5372,5496,7475,6271,1732
3892,5372,5496,6123,1849,529
3892,5372,5496,2021,9034,176
3892,5372,5496,2393,6314,9615
3892,5372,5496,2104,219,7201
3892,5372,5496,58,6379,8231
3892,5372,5496,5540,8753,8485
3892,5372,5496,7925,6851,6155
3892,5372,5496,9426,6251,9732
3892,5372,5496,7494,2766,6581
3892,5372,5496,6862,3040,7839
3892,5372,5496,4539,2691,3340
3892,5372,5496,3,9901,4977
3892,5372,5496,4755,1949,3765
3892,5372,5496,9028,4521,8935
3892,5372,5496,9949,3923,1304
3892,5372,5496,1902,4381,435
3892,5372,5496,3502,4964,7350
3892,5372,5496,9574,4425,6373
3892,5372,5496,6959,3942,1318
3892,5372,5496,4051,2672,1426
3892,5372,5496,9368,9511,5083
3892,5372,5496,9805,7095,7263
3892,5372,5496,2851,1900,822
3892,5372,5496,9213,9861,6710
3892,5372,5496,7582,5798,6295
3892,5372,5496,7749,6920,2861
3892,5372,5496,8136,7391,5585
3892,5372,5496,6710,3062,8463
3892,5372,5496,6414,1685,9668
3892,5372,5496,6323,9065,7647
3892,5372,5496,5753,4687,2069
3892,5372,5496,373,4636,1312
3892,5372,5496,3055,3158,6812
3892,5372,5496,9565,7101,9761
3892,5372,5496,1980,4041,8068
3892,5372,5496,7720,7603,6066
3892,5372,5496,7113,1540,5514
3892,5372,5496,2480,5639,9759
3892,5372,5496,7888,8775,7823
3892,5372,5496,5982,1776,9842
3892,5372,5496,9938,7854,6235
3892,5372,5496,2052,3029,9287
3892,5372,5496,3028,9454,128
3892,5372,5496,4824,8754,7795
3892,5372,5496,8527,2237,9708
3892,5372,5496,3529,4170,902
3892,5372,5496,6275,2776,1743
3892,5372,5496,382,420,4141
3892,5372,5496,3501,9317,6193
3892,5372,5496,3150,2958,1839
3892,5372,5496,1498,4135,3837
3892,5372,5496,8724,5567,3640
3892,5372,5496,6818,4912,7935
3892,5372,5496,8915,6338,1230
3892,5372,5496,3893,7379,7495
3892,5372,5496,5152,9301,7680
3892,5372,5496,3436,7445,1904
3892,5372,5496,9787,3424,9010
3892,5372,5496,2512,5204,1668
3892,5372,5496,6977,949,7566
3892,5372,5496,6070,7469,9985
3892,5372,5496,5703,8465,4983
3892,5372,5496,1559,3643,9684
3892,5372,5496,9270,6791,2421
3892,5372,5496,6464,7673,370
3892,5372,5496,5610,9400,585
3892,5372,5496,1240,5836,4508
3892,5372,5496,3524,8337,2857
3892,5372,5496,2531,3202,8384
3892,5372,5496,1444,6373,9214
3892,5372,5496,2903,5376,635
3892,5372,5496,3387,9526,6200
3892,5372,5496,6331,6098,3490
3892,5372,5496,222,8763,6429
3892,5372,5496,1396,8426,2078
3892,5372,5496,6612,4412,5583
3892,5372,5496,2250,294,306
3892,5372,5496,9576,28,2274
3892,5372,5496,4797,6315,1241
3892,5372,5496,1929,2671,5159
3892,5372,5496,8867,6746,711
3892,5372,5496,9110,1317,96
3892,5372,5496,3977,8458,2600
3892,5372,5496,5491,4491,2259
3892,5372,5496,4599,6499,6440
3892,5372,5496,1629,8737,6613
3892,5372,5496,88,8809,523
3892,5372,5496,6808,3447,638
3892,5372,5496,4376,7967,951
3892,5372,5496,3988,3005,5544
3892,5372,5496,308,950,8356
3892,5372,5496,2740,2100,9278
3892,5372,5496,620,5522,8510
3892,5372,5496,2465,9820,465
3892,5372,5496,9119,3402,1440
3892,5372,5496,7717,3954,6967
3892,5372,5496,1542,1664,7405
3892,5372,5496,1289,6625,5827
3892,5372,5496,4775,3081,6874
3892,5372,5496,7042,6033,4692
3892,5372,5496,1342,2818,9786
3892,5372,5496,3296,4059,7552
3892,5372,5496,1099,7408,1467
3892,5372,5496,6685,8330,3412
3892,5372,5496,8373,799,1432
3892,5372,5496,819,1912,8135
3892,5372,5496,7376,9362,1096
3892,5372,5496,7808,6349,5351
3892,5372,5496,5207,5786,9726
3892,5372,5496,5520,916,1522
3892,5372,5496,5135,4227,2403
3892,5372,5496,4832,2948,2795
3892,5372,5496,8130,5847,7956
3892,5372,5496,4225,2022,70
3892,5372,5496,1056,3492,8426
3892,5372,5496,2357,8259,4475
3892,5372,5496,9770,2469,5848
3892,5372,5496,487,1854,7986
3892,5372,5496,4387,8190,7544
3892,5372,5496,8716,7928,3284
3892,5372,5496,4250,3886,4180
3892,5372,5496,8104,678,2018
3892,5372,5496,2859,5282,650
3892,5372,5496,1038,1592,9316
3892,5372,5496,4565,1610,4822
3892,5372,5496,3038,2707,2627
3892,5372,5496,2970,3271,5651
3892,5372,5496,7179,1658,8057
3892,5372,5496,364,9590,6962
3892,5372,5496,7246,2010,3657
3892,5372,5496,5808,658,2724
3892,5372,5496,9716,9607,7
3892,5372,5496,7107,8342,4387
3892,5372,5496,3149,3615,6718
3892,5372,5496,1230,8683,5539
3892,5372,5496,8896,6796,5707
3892,5372,5496,9981,9390,4731
3892,5372,5496,4167,911,6384
3892,5372,5496,7631,3183,9940
3892,5372,5496,3481,68,7968
3892,5372,5496,5690,590,1148
3892,5372,5496,877,3328,1802
3892,5372,5496,9180,4208,317
3892,5372,5496,4043,9898,8451
3892,5372,5496,1020,4321,2994
3892,5372,5496,2413,5823,8689
3892,5372,5496,9300,2994,4755
3892,5372,5496,3184,3368,2465
3892,5372,5496,6911,3568,1173
3892,5372,5496,1080,4135,300
3892,5372,5496,9366,1658,7767
3892,5372,5496,2311,3556,4840
3892,5372,5496,2566,8793,1826
3892,5372,5496,481,3816,897
3892,5372,5496,3071,85,4990
3892,5372,5496,5334,6759,2390
3892,5372,5496,7083,9609,2317
3892,5372,5496,9275,9054,8597
3892,5372,5496,9993,1567,7764
3892,5372,5496,2258,3969,109
3892,5372,5496,2626,7175,2441
3892,5372,5496,5697,9449,60
3892,5372,5496,9925,8946,7650
3892,5372,5496,3134,6451,9453
3892,5372,5496,3847,1731,8916
3892,5372,5496,893,168,2483
3892,5372,5496,1226,1487,8342
3892,5372,5496,5799,3311,5377
3892,5372,5496,2287,2870,7572
3892,5372,5496,936,714,37
3892,5372,5496,2348,5537,715
3892,5372,5496,2795,8404,612
3892,5372,5496,4592,4935,5216
3892,5372,5496,8413,1938,3269
3892,5372,5496,847,9369,9959
3892,5372,5496,4901,9733,2068
3892,5372,5496,2783,5951,7078
3892,5372,5496,2524,7261,2827
3892,5372,5496,8038,5646,1032
3892,5372,5496,595,4007,2160
3892,5372,5496,6731,6924,9274
3892,5372,5496,1061,8577,7211
3892,5372,5496,1197,8164,1463
3892,5372,5496,7666,1474,6983
3892,5372,5496,1838,7582,1747
3892,5372,5496,1420,862,3815
3892,5372,5496,512,7483,1492
3892,5372,5496,2115,7275,4386
3892,5372,5496,2723,2908,9744
3892,5372,5496,3810,3959,5221
3892,5372,5496,6241,1077,9804
3892,5372,5496,3065,1328,6419
3892,5372,5496,4921,7828,3203
3892,5372,5496,5477,1679,1728
3892,5372,5496,9511,1603,6083
3892,5372,5496,7192,8496,3761
3892,5372,5496,7010,3575,8430
3892,5372,5496,1804,8596,4360
3892,5372,5496,7604,3577,8093
3892,5372,5496,3718,3681,6661
3892,5372,5496,1776,686,9036
3892,5372,5496,141,2147,508
3892,5372,5496,1632,5206,7161
3892,5372,5496,5811,7960,2357
3892,5372,5496,9196,3738,1465
3892,5372,5496,6451,1854,6687
3892,5372,5496,7566,3289,3361
3892,5372,5496,5403,2258,8813
3892,5372,5496,1657,2589,4361
3892,5372,5496,509,7653,6548
3892,5372,5496,3531,6547,8008
3892,5372,5496,5542,453,2548
3892,5372,5496,2428,1044,6677
3892,5372,5496,9565,315,1932
3892,5372,5496,3730,4362,1090
3892,5372,5496,7468,651,9771
3892,5372,5496,9772,1837,9925
3892,5372,5496,434,7513,6528
3892,5372,5496,8623,2430,5493
3892,5372,5496,9429,7965,9059
3892,5372,5496,3716,8032,6376
3892,5372,5496,4109,9390,1801
3892,5372,5496,7417,6596,6357
3892,5372,5496,4600,1539,2941
3892,5372,5496,7012,4974,5629
3892,5372,5496,7176,7022,4574
3892,5372,5496,2571,2500,6005
3892,5372,5496,3087,7858,9557
3892,5372,5496,6921,9221,4646
3892,5372,5496,5212,1621,2971
3892,5372,5496,189,3293,8285
3892,5372,5496,146,3906,4946
3892,5372,5496,6815,310,4721
3892,5372,5496,3671,5211,1843
3892,5372,5496,5490,2137,7315
3892,5372,5496,8505,5646,2150
3892,5372,5496,770,7365,757
3892,5372,5496,1582,4336,3585
3892,5372,5496,330,187,6101
3892,5372,5496,8533,8513,9058
3892,5372,5496,4263,2669,4083
3892,5372,5496,2595,9404,259
3892,5372,5496,9218,6813,4021
3892,5372,5496,4666,4134,4901
3892,5372,5496,6436,4888,5978
3892,5372,5496,8232,6121,4811
3892,5372,5496,9849,2063,9092
3892,5372,5496,147,8105,5355
3892,5372,5496,1818,5144,6738
3892,5372,5496,1438,4793,5945
3892,5372,5496,5345,930,6257
3892,5372,5496,7762,7506,7757
3892,5372,5496,5888,2963,2802
3892,5372,5496,3190,5466,276
3892,5372,5496,5869,9766,4318
3892,5372,5496,4360,6243,329
3892,5372,5496,7436,4755,1333
3892,5372,5496,196,1564,6929
3892,5372,5496,3323,3332,7908
3892,5372,5496,2556,5655,777
3892,5372,5496,9905,8481,4525
3892,5372,5496,6190,9355,3948
3892,5372,5496,9360,6256,4286
3892,5372,5496,3052,4118,6812
3892,5372,5496,6257,4131,3374
3892,5372,5496,6899,6282,7020
3892,5372,5496,522,7087,9166
3892,5372,5496,3711,2803,7484
