1359,5451,6877,5232,8286,5250
1359,5451,6877,9101,2254,7414
1359,5451,6877,9624,5033,3721
1359,5451,6877,8199,6570,7243
1359,5451,6877,8538,7797,8280
1359,5451,6877,8606,6067,4215
1359,5451,6877,5815,9443,8886
1359,5451,6877,1157,4766,5584
1359,5451,6877,2886,3429,1023
1359,5451,6877,561,9605,7341
1359,5451,6877,4547,4869,5741
1359,5451,6877,598,4850,6761
1359,5451,6877,8269,5964,5264
1359,5451,6877,2982,3959,6504
1359,5451,6877,8959,4184,1460
1359,5451,6877,2140,9705,6464
1359,5451,6877,42,6643,6481
1359,5451,6877,797,867,7885
1359,5451,6877,8830,7263,1840
1359,5451,6877,7284,8189,9753
1359,5451,6877,6990,6800,3284
1359,5451,6877,4497,3642,7450
1359,5451,6877,7003,6616,3798
1359,5451,6877,3585,5209,4131
1359,5451,6877,7997,2206,4413
1359,5451,6877,8728,9963,9687
1359,5451,6877,6649,6377,6579
1359,5451,6877,7993,1285,2440
1359,5451,6877,4979,394,5662
1359,5451,6877,5372,2721,1423
1359,5451,6877,4083,7489,2558
1359,5451,6877,5654,3838,208
1359,5451,6877,3961,6959,4532
1359,5451,6877,848,7687,7753
1359,5451,6877,362,3862,7587
1359,5451,6877,5975,3476,5415
1359,5451,6877,851,4697,8690
1359,5451,6877,8287,633,6980
1359,5451,6877,7960,4343,4603
1359,5451,6877,6450,5633,4184
1359,5451,6877,1042,2010,7825
1359,5451,6877,4569,6631,7797
1359,5451,6877,7071,1791,569
1359,5451,6877,695,6588,5023
1359,5451,6877,7946,5717,1879
1359,5451,6877,3398,9705,2577
1359,5451,6877,4949,8771,6843
1359,5451,6877,2370,8134,3335
1359,5451,6877,8787,4142,7556
1359,5451,6877,3859,7273,9832
1359,5451,6877,8906,1261,6213
1359,5451,6877,3836,6815,3700
1359,5451,6877,5858,8476,551
1359,5451,6877,402,9214,3052
1359,5451,6877,5948,7477,1194
1359,5451,6877,2861,3902,6430
1359,5451,6877,9365,9026,2035
1359,5451,6877,2999,1499,1838
1359,5451,6877,3759,7280,7535
1359,5451,6877,932,992,8681
1359,5451,6877,7694,8143,2985
1359,5451,6877,1054,2372,4815
1359,5451,6877,930,6776,7735
1359,5451,6877,9019,6490,6778
1359,5451,6877,1993,2218,8685
1359,5451,6877,9558,3428,6698
1359,5451,6877,7118,1813,4795
1359,5451,6877,8045,4436,2718
1359,5451,6877,9926,4480,7094
1359,5451,6877,4295,4869,4422
1359,5451,6877,1397,1879,702
1359,5451,6877,8358,467,1792
1359,5451,6877,5012,9784,3730
1359,5451,6877,7170,5172,9803
1359,5451,6877,1594,8147,6373
1359,5451,6877,458,2542,9767
1359,5451,6877,7148,1231,9177
1359,5451,6877,1125,7493,9750
1359,5451,6877,8490,8957,6468
1359,5451,6877,3395,1085,5306
1359,5451,6877,7352,3938,8358
1359,5451,6877,2411,4280,782
1359,5451,6877,6570,1229,9198
1359,5451,6877,9461,8630,5329
1359,5451,6877,3628,5913,3010
1359,5451,6877,8775,9668,4640
1359,5451,6877,4453,615,1983
1359,5451,6877,6955,1046,2284
1359,5451,6877,9247,2186,7579
1359,5451,6877,6193,1417,7402
1359,5451,6877,5309,1016,6458
1359,5451,6877,3297,3935,7225
1359,5451,6877,6823,6148,5216
1359,5451,6877,4608,1415,101
1359,5451,6877,9353,5069,1537
1359,5451,6877,6734,9710,1930
1359,5451,6877,519,7429,2443
1359,5451,6877,8618,5197,4749
1359,5451,6877,790,4796,7568
1359,5451,6877,6552,7345,54
1359,5451,6877,7945,2658,6319
1359,5451,6877,6252,5808,9295
1359,5451,6877,4617,9617,4467
1359,5451,6877,1401,5474,4710
1359,5451,6877,5183,3982,4568
1359,5451,6877,1012,357,7437
1359,5451,6877,7519,7363,3682
1359,5451,6877,9808,8547,7764
1359,5451,6877,1075,5411,1925
1359,5451,6877,2140,7794,1272
1359,5451,6877,7938,7416,7249
1359,5451,6877,2063,3169,1136
1359,5451,6877,6584,5789,7190
1359,5451,6877,261,9431,3744
1359,5451,6877,6254,3839,2441
1359,5451,6877,9214,4631,3488
1359,5451,6877,1926,3810,2035
1359,5451,6877,5891,1504,9668
1359,5451,6877,5318,6426,5605
1359,5451,6877,3870,4597,1176
1359,5451,6877,366,9692,2932
1359,5451,6877,3355,3657,9325
1359,5451,6877,1301,3588,1683
1359,5451,6877,7569,4363,8027
1359,5451,6877,3808,8258,3526
1359,5451,6877,8467,2237,1466
1359,5451,6877,4396,757,4653
1359,5451,6877,7138,8428,3017
1359,5451,6877,6864,9561,8754
1359,5451,6877,3149,2759,8254
1359,5451,6877,3770,2219,3705
1359,5451,6877,2292,1257,1076
1359,5451,6877,7931,506,2988
1359,5451,6877,7580,6688,3051
1359,5451,6877,6190,3169,3594
1359,5451,6877,9167,6084,9834
1359,5451,6877,7337,4230,4097
1359,5451,6877,2521,9189,1330
1359,5451,6877,203,5841,1422
1359,5451,6877,8356,9408,6943
1359,5451,6877,5505,6873,2417
1359,5451,6877,7215,3327,7927
1359,5451,6877,3354,7330,810
1359,5451,6877,4581,4766,9467
1359,5451,6877,1223,1078,5543
1359,5451,6877,4125,8944,2246
1359,5451,6877,6773,8304,2457
1359,5451,6877,7471,8170,8598
1359,5451,6877,9392,7649,9459
1359,5451,6877,663,5331,996
1359,5451,6877,6398,1058,7620
1359,5451,6877,47,8461,1818
1359,5451,6877,7653,662,8175
1359,5451,6877,6192,7724,1733
1359,5451,6877,8183,9800,1953
1359,5451,6877,8995,5370,7190
1359,5451,6877,4664,6847,9324
1359,5451,6877,7477,7189,6963
1359,5451,6877,6745,8292,7375
1359,5451,6877,4147,7967,6826
1359,5451,6877,4713,8627,682
1359,5451,6877,6682,6997,2029
1359,5451,6877,6439,2330,3575
1359,5451,6877,6997,9810,783
1359,5451,6877,8329,1754,1068
1359,5451,6877,4575,4386,2368
1359,5451,6877,795,5769,6157
1359,5451,6877,8763,9273,6877
1359,5451,6877,531,2027,9690
1359,5451,6877,5524,3860,5931
1359,5451,6877,7887,6933,5983
1359,5451,6877,334,9358,5779
1359,5451,6877,4866,4511,3215
1359,5451,6877,6554,8425,8403
1359,5451,6877,4167,4438,9672
1359,5451,6877,5583,753,3039
1359,5451,6877,7099,1688,7593
1359,5451,6877,2501,7453,2723
1359,5451,6877,8338,2822,4731
1359,5451,6877,9639,3040,45
1359,5451,6877,9373,3371,3305
1359,5451,6877,6835,9022,6363
1359,5451,6877,4335,7091,1393
1359,5451,6877,1318,8397,1648
1359,5451,6877,7392,3168,3916
1359,5451,6877,4116,4965,8009
1359,5451,6877,9959,7096,3707
1359,5451,6877,7464,916,682
1359,5451,6877,390,2492,2877
1359,5451,6877,5414,5830,2603
1359,5451,6877,5806,6275,2606
1359,5451,6877,5753,1106,8176
1359,5451,6877,8276,6160,164
1359,5451,6877,3459,438,6851
1359,5451,6877,8530,9148,3019
1359,5451,6877,3850,4560,5712
1359,5451,6877,4911,1670,610
1359,5451,6877,5110,4005,2003
1359,5451,6877,8237,8840,9408
1359,5451,6877,5193,3647,9114
1359,5451,6877,579,301,7021
1359,5451,6877,5565,9924,2861
1359,5451,6877,8363,3436,2993
1359,5451,6877,5744,3796,2572
1359,5451,6877,7164,296,8429
1359,5451,6877,5109,7707,4809
1359,5451,6877,7972,9178,7083
1359,5451,6877,6221,7602,4864
1359,5451,6877,7167,8814,1740
1359,5451,6877,7,1501,8347
1359,5451,6877,719,798,5743
1359,5451,6877,1635,7772,5516
1359,5451,6877,6632,9563,420
1359,5451,6877,1099,7257,8830
1359,5451,6877,1326,8756,7245
1359,5451,6877,83,902,374
1359,5451,6877,2893,9978,20
1359,5451,6877,5521,3246,2330
1359,5451,6877,8595,7962,890
1359,5451,6877,7314,7605,914
1359,5451,6877,7779,9270,1861
1359,5451,6877,38,4259,6221
1359,5451,6877,1013,7325,4493
1359,5451,6877,5386,616,9787
1359,5451,6877,2674,1578,2369
1359,5451,6877,8193,6488,1947
1359,5451,6877,6560,9485,4493
1359,5451,6877,5007,1343,3916
1359,5451,6877,5829,7613,2690
1359,5451,6877,8784,2595,843
1359,5451,6877,5304,8022,7734
1359,5451,6877,7183,7145,3909
1359,5451,6877,3306,9646,1772
1359,5451,6877,3698,3468,4344
1359,5451,6877,9897,9558,876
1359,5451,6877,4651,40,4387
1359,5451,6877,5576,3984,7684
1359,5451,6877,6468,680,5341
1359,5451,6877,2495,2560,7999
1359,5451,6877,6019,9181,6759
1359,5451,6877,6561,7834,7030
1359,5451,6877,3492,6179,5233
1359,5451,6877,1631,8046,4612
1359,5451,6877,2671,1102,5600
1359,5451,6877,4291,2501,8060
1359,5451,6877,8671,6216,8867
1359,5451,6877,8863,11,1980
1359,5451,6877,7492,2493,3314
1359,5451,6877,252,8676,7343
1359,5451,6877,8848,456,2689
1359,5451,6877,1131,2684,1759
1359,5451,6877,1671,5786,9072
1359,5451,6877,6441,5516,3209
1359,5451,6877,1160,6375,178
1359,5451,6877,4740,7694,672
1359,5451,6877,4416,3544,7492
1359,5451,6877,6405,2197,6904
1359,5451,6877,3603,2115,5871
1359,5451,6877,7490,8056,7661
1359,5451,6877,6566,6530,7327
1359,5451,6877,9960,1182,1201
1359,5451,6877,228,7280,2631
1359,5451,6877,8184,3431,3761
1359,5451,6877,1564,9281,8535
1359,5451,6877,6650,2968,5235
1359,5451,6877,4483,9895,8406
1359,5451,6877,8365,3267,8758
1359,5451,6877,3116,2610,483
1359,5451,6877,5540,388,9399
1359,5451,6877,931,2424,6113
1359,5451,6877,9477,1850,5354
1359,5451,6877,1569,9854,5803
1359,5451,6877,3550,2049,3767
1359,5451,6877,4984,5252,3833
1359,5451,6877,8911,9467,9417
1359,5451,6877,3349,5820,6516
1359,5451,6877,6838,6365,7268
1359,5451,6877,178,6521,7422
1359,5451,6877,9400,682,2654
1359,5451,6877,1852,3833,3101
1359,5451,6877,1409,8353,6152
1359,5451,6877,2000,2100,8735
1359,5451,6877,7167,9593,1160
1359,5451,6877,9338,6882,8149
1359,5451,6877,1920,9422,5974
1359,5451,6877,7240,7507,9544
1359,5451,6877,6392,6212,7203
1359,5451,6877,9964,679,6724
1359,5451,6877,1887,3292,7881
1359,5451,6877,3249,6300,3749
1359,5451,6877,7082,4023,9008
1359,5451,6877,7012,6306,1253
1359,5451,6877,7830,8312,2434
1359,5451,6877,5734,4685,1535
1359,5451,6877,163,7545,1856
1359,5451,6877,1552,8838,4397
1359,5451,6877,6064,2799,8006
1359,5451,6877,8859,5232,8457
1359,5451,6877,1865,2711,4791
1359,5451,6877,3347,5065,2173
1359,5451,6877,3120,3157,4608
1359,5451,6877,7858,3417,433
1359,5451,6877,9558,3230,430
1359,5451,6877,382,5209,3662
1359,5451,6877,3817,18,1169
1359,5451,6877,3187,9017,9751
1359,5451,6877,9972,6724,7459
1359,5451,6877,7360,6224,570
1359,5451,6877,9838,2574,331
1359,5451,6877,3858,5140,5221
1359,5451,6877,2272,4078,2569
1359,5451,6877,9890,235,1483
1359,5451,6877,5437,3875,5391
1359,5451,6877,482,3124,13
1359,5451,6877,1968,1051,3037
1359,5451,6877,2975,8172,9288
1359,5451,6877,3956,9798,5331
1359,5451,6877,5283,3216,8018
1359,5451,6877,1623,8673,348
1359,5451,6877,1107,3758,6793
1359,5451,6877,1619,5330,813
1359,5451,6877,4297,7039,8313
1359,5451,6877,2331,1029,2276
1359,5451,6877,7429,466,5679
1359,5451,6877,718,4192,1788
1359,5451,6877,6552,6137,5345
1359,5451,6877,956,6226,4771
1359,5451,6877,8982,8265,7935
1359,5451,6877,9550,9166,9448
1359,5451,6877,5831,929,336
1359,5451,6877,6165,878,6389
1359,5451,6877,3604,3429,6879
1359,5451,6877,1008,43,9307
1359,5451,6877,2981,6824,8330
1359,5451,6877,5854,2378,6366
1359,5451,6877,3440,1158,8726
1359,5451,6877,3883,4215,7063
1359,5451,6877,9356,8897,4351
1359,5451,6877,7515,9997,206
1359,5451,6877,8203,7197,3640
1359,5451,6877,1401,1840,6771
1359,5451,6877,5828,5262,7083
1359,5451,6877,4584,1892,5339
1359,5451,6877,8538,2405,3794
1359,5451,6877,8995,5946,9423
1359,5451,6877,6832,4894,9829
1359,5451,6877,4569,2626,4388
1359,5451,6877,8454,276,9113
1359,5451,6877,6210,8441,7593
1359,5451,6877,6836,465,3658
1359,5451,6877,7342,2621,7523
1359,5451,6877,7463,779,1541
1359,5451,6877,8101,967,5140
1359,5451,6877,4503,875,7003
1359,5451,6877,6440,4364,2526
1359,5451,6877,4392,1385,8300
1359,5451,6877,6651,6432,3955
1359,5451,6877,3361,926,4882
1359,5451,6877,7805,1988,8372
1359,5451,6877,1512,1077,7751
1359,5451,6877,6286,4443,7695
1359,5451,6877,4419,102,9134
1359,5451,6877,845,4019,5765
1359,5451,6877,9603,2652,3512
1359,5451,6877,3670,3308,5663
1359,5451,6877,7052,1410,1060
1359,5451,6877,7449,6076,4674
1359,5451,6877,9659,8508,4356
1359,5451,6877,5695,2206,1374
1359,5451,6877,7407,9764,8828
1359,5451,6877,4077,8271,7856
1359,5451,6877,585,2285,3639
1359,5451,6877,4670,5058,6940
1359,5451,6877,5655,1893,7368
1359,5451,6877,9581,7056,1968
1359,5451,6877,9588,4339,4598
1359,5451,6877,694,2776,4821
1359,5451,6877,5821,3461,5464
1359,5451,6877,114,9071,9161
1359,5451,6877,7958,1018,7920
1359,5451,6877,8989,1196,8523
1359,5451,6877,8342,9647,5879
1359,5451,6877,4789,4054,4292
1359,5451,6877,2919,2594,5926
1359,5451,6877,150,5971,4662
1359,5451,6877,5905,1274,7760
1359,5451,6877,6778,6993,9363
1359,5451,6877,7871,7209,8573
1359,5451,6877,9979,3842,7796
1359,5451,6877,651,7209,6433
1359,5451,6877,3878,2558,9510
1359,5451,6877,5163,4089,2453
1359,5451,6877,1354,3379,8948
1359,5451,6877,6587,4303,4839
1359,5451,6877,1982,8615,6016
1359,5451,6877,567,6805,9315
1359,5451,6877,2263,4058,8826
1359,5451,6877,3476,5144,5089
1359,5451,6877,1294,6617,1675
1359,5451,6877,7196,9137,7495
1359,5451,6877,3885,8859,8141
1359,5451,6877,6248,5751,8337
1359,5451,6877,3417,4010,2889
1359,5451,6877,660,1242,1682
1359,5451,6877,9897,5045,8481
1359,5451,6877,5408,6496,7981
1359,5451,6877,9709,8183,7077
1359,5451,6877,6241,976,9252
1359,5451,6877,9243,4599,4645
1359,5451,6877,5277,8097,2664
1359,5451,6877,3957,6732,5754
1359,5451,6877,4258,1983,7780
1359,5451,6877,8049,3570,9421
1359,5451,6877,2206,9757,7635
1359,5451,6877,6530,2662,8091
1359,5451,6877,2527,4366,1127
1359,5451,6877,5447,3438,1444
1359,5451,6877,4585,313,5205
1359,5451,6877,8631,6257,831
1359,5451,6877,1521,7270,1854
1359,5451,6877,8133,2655,363
1359,5451,6877,6581,3424,9309
1359,5451,6877,5215,299,7376
1359,5451,6877,2599,2651,2860
1359,5451,6877,828,6570,9177
1359,5451,6877,6407,5779,2082
1359,5451,6877,908,3178,3587
1359,5451,6877,4319,4758,6158
1359,5451,6877,861,649,2594
1359,5451,6877,6485,6867,765
1359,5451,6877,1076,188,3323
1359,5451,6877,7167,2257,438
1359,5451,6877,4987,3511,4841
1359,5451,6877,4977,8131,683
1359,5451,6877,9382,1756,1107
1359,5451,6877,3596,5782,3950
1359,5451,6877,6466,9272,9310
1359,5451,6877,1845,3831,8597
1359,5451,6877,8815,1182,581
1359,5451,6877,3301,8104,6913
1359,5451,6877,1957,5185,5714
1359,5451,6877,6982,2184,6481
1359,5451,6877,4616,8460,6911
1359,5451,6877,5205,379,5031
1359,5451,6877,2860,5322,8671
1359,5451,6877,9785,3654,2121
1359,5451,6877,5848,9770,154
1359,5451,6877,3482,8018,4518
1359,5451,6877,2687,577,7346
1359,5451,6877,964,4907,4132
1359,5451,6877,5170,4834,4336
1359,5451,6877,8272,7135,3749
1359,5451,6877,590,9170,8863
1359,5451,6877,9808,8421,1045
1359,5451,6877,9284,5084,5829
1359,5451,6877,281,4743,2749
1359,5451,6877,9730,3708,8648
1359,5451,6877,4222,7019,6262
1359,5451,6877,9509,3994,8044
1359,5451,6877,2424,8239,7222
1359,5451,6877,8147,9649,8230
1359,5451,6877,7232,820,5059
1359,5451,6877,2033,4828,6714
1359,5451,6877,2331,8749,6996
1359,5451,6877,3919,3865,6721
1359,5451,6877,8434,2343,1537
1359,5451,6877,8362,5419,4879
1359,5451,6877,4886,3135,5464
1359,5451,6877,8829,6682,8846
1359,5451,6877,6687,7341,2966
1359,5451,6877,6296,5703,1773
1359,5451,6877,6036,9858,7039
1359,5451,6877,3834,9437,408
1359,5451,6877,4561,1720,3132
1359,5451,6877,8186,4923,8602
1359,5451,6877,1841,7911,1313
1359,5451,6877,8791,2846,2139
1359,5451,6877,5349,9695,1715
1359,5451,6877,2196,8338,3376
1359,5451,6877,9531,8761,6784
1359,5451,6877,6743,8770,8216
1359,5451,6877,3719,7416,2602
1359,5451,6877,4579,4518,5773
1359,5451,6877,3995,3708,8081
1359,5451,6877,7471,5510,9595
1359,5451,6877,4737,1030,665
1359,5451,6877,9914,4480,9507
1359,5451,6877,3527,5134,4771
1359,5451,6877,44,286,2093
1359,5451,6877,7054,7148,4047
1359,5451,6877,2978,309,7156
1359,5451,6877,4948,9964,4997
1359,5451,6877,8241,4385,6740
1359,5451,6877,4440,5713,7932
1359,5451,6877,4914,2635,9988
1359,5451,6877,636,5580,9948
1359,5451,6877,1355,8867,1961
1359,5451,6877,3168,9263,5575
1359,5451,6877,4625,873,5233
1359,5451,6877,6835,1645,7792
1359,5451,6877,4824,6585,8224
1359,5451,6877,7578,470,4987
1359,5451,6877,9602,602,7766
1359,5451,6877,7285,5238,5160
1359,5451,6877,2382,3674,9318
1359,5451,6877,9001,5311,9305
1359,5451,6877,4057,3843,5913
1359,5451,6877,5364,8478,8982
1359,5451,6877,8757,5144,2557
1359,5451,6877,7395,3445,4379
