1359,5451,6877,5051,8500,4803
1359,5451,6877,5393,1680,6109
1359,5451,6877,763,6989,6659
1359,5451,6877,933,5146,3097
1359,5451,6877,7061,7421,4082
1359,5451,6877,1830,2409,5067
1359,5451,6877,3894,457,3662
1359,5451,6877,657,3617,2059
1359,5451,6877,4338,6875,1306
1359,5451,6877,2548,7218,8722
1359,5451,6877,4634,1982,2211
1359,5451,6877,2317,4657,6616
1359,5451,6877,7887,3604,8925
1359,5451,6877,9883,9583,1364
1359,5451,6877,2260,6899,1322
1359,5451,6877,2933,673,9978
1359,5451,6877,5340,9652,2871
1359,5451,6877,5840,7520,308
1359,5451,6877,5428,5921,3954
1359,5451,6877,62,5266,4643
1359,5451,6877,3787,1941,2027
1359,5451,6877,58,1059,5393
1359,5451,6877,9951,278,9876
1359,5451,6877,5782,3255,3864
1359,5451,6877,4844,3550,7232
1359,5451,6877,2725,7367,4528
1359,5451,6877,2977,1477,5132
1359,5451,6877,5407,9035,6493
1359,5451,6877,9223,2994,5100
1359,5451,6877,2585,9620,9533
1359,5451,6877,5521,1017,7791
1359,5451,6877,2520,2576,6459
1359,5451,6877,9927,8465,5420
1359,5451,6877,9725,3208,9072
1359,5451,6877,4970,3581,5462
1359,5451,6877,8603,5052,2377
1359,5451,6877,7302,7316,9585
1359,5451,6877,853,4551,6729
1359,5451,6877,7919,547,1128
1359,5451,6877,9671,7144,551
1359,5451,6877,5465,847,4162
1359,5451,6877,3474,9748,9238
1359,5451,6877,4181,2015,3160
1359,5451,6877,9124,7510,5569
1359,5451,6877,4871,7372,844
1359,5451,6877,8069,894,5873
1359,5451,6877,8593,5664,4099
1359,5451,6877,4660,6460,1390
1359,5451,6877,3432,1236,4588
1359,5451,6877,1734,8646,3674
1359,5451,6877,9143,544,5701
1359,5451,6877,7193,7495,6465
1359,5451,6877,3704,8894,8604
1359,5451,6877,319,6732,7486
1359,5451,6877,4282,66,3383
1359,5451,6877,4361,3097,3517
1359,5451,6877,9814,8816,4765
1359,5451,6877,7715,8865,3434
1359,5451,6877,4934,1772,3408
1359,5451,6877,1802,4831,4714
1359,5451,6877,6375,8782,597
1359,5451,6877,9081,8829,9432
1359,5451,6877,561,2765,9630
1359,5451,6877,8384,97,1782
1359,5451,6877,2210,7515,9102
1359,5451,6877,7408,2672,2668
1359,5451,6877,1351,3030,5881
1359,5451,6877,5700,2919,1913
1359,5451,6877,55,1515,4053
1359,5451,6877,5096,6850,8517
1359,5451,6877,100,1102,3872
1359,5451,6877,9482,6755,2743
1359,5451,6877,2669,8245,8478
1359,5451,6877,9036,671,839
1359,5451,6877,7502,3762,2371
1359,5451,6877,1478,5003,4393
1359,5451,6877,3887,347,8971
1359,5451,6877,8329,3435,5021
1359,5451,6877,533,1819,7827
1359,5451,6877,7963,7646,4413
1359,5451,6877,2816,9652,3015
1359,5451,6877,3114,2570,1175
1359,5451,6877,2401,8667,5947
1359,5451,6877,345,6803,1350
1359,5451,6877,2763,8163,6411
1359,5451,6877,5537,5173,2795
1359,5451,6877,9301,9962,1566
1359,5451,6877,3419,2263,5494
1359,5451,6877,6193,2511,7617
1359,5451,6877,5176,3556,9744
1359,5451,6877,5755,1146,453
1359,5451,6877,9310,5524,4660
1359,5451,6877,6918,9084,8758
1359,5451,6877,4657,2563,8146
1359,5451,6877,2266,7381,8807
1359,5451,6877,860,8045,9060
1359,5451,6877,3979,8190,5654
1359,5451,6877,9714,7454,8958
1359,5451,6877,6506,9135,5563
1359,5451,6877,2853,1633,1226
1359,5451,6877,4499,2227,8622
1359,5451,6877,1404,5101,7320
1359,5451,6877,2254,6531,9922
1359,5451,6877,588,341,7679
1359,5451,6877,8410,2126,359
1359,5451,6877,6670,7372,9951
1359,5451,6877,3874,535,3685
1359,5451,6877,9615,8815,6056
1359,5451,6877,7293,7186,6991
1359,5451,6877,4912,7945,2707
1359,5451,6877,4671,2561,389
1359,5451,6877,7592,3664,4380
1359,5451,6877,8311,6107,535
1359,5451,6877,1487,6434,6287
1359,5451,6877,4649,1977,7326
1359,5451,6877,8822,840,222
1359,5451,6877,6250,3740,8030
1359,5451,6877,726,6637,8718
1359,5451,6877,6249,2251,9089
1359,5451,6877,2249,4745,1855
1359,5451,6877,1358,6568,2210
1359,5451,6877,1359,555,3470
1359,5451,6877,3150,1595,6254
1359,5451,6877,4903,6187,8836
1359,5451,6877,2698,5278,1001
1359,5451,6877,3411,8531,7484
1359,5451,6877,394,2003,8076
1359,5451,6877,2340,4387,1752
1359,5451,6877,8763,8915,3031
1359,5451,6877,9653,4068,6608
1359,5451,6877,500,4104,5369
1359,5451,6877,7178,5211,2309
1359,5451,6877,8675,5988,9172
1359,5451,6877,8230,3129,157
1359,5451,6877,4332,3220,5027
1359,5451,6877,5121,7620,2335
1359,5451,6877,3199,8535,6150
1359,5451,6877,4065,6500,9506
1359,5451,6877,5746,4005,1169
1359,5451,6877,5,2230,9911
1359,5451,6877,6937,284,4414
1359,5451,6877,6774,928,1997
1359,5451,6877,9205,2081,1280
1359,5451,6877,6857,1469,979
1359,5451,6877,794,7885,3016
1359,5451,6877,9947,1490,3590
1359,5451,6877,1091,5945,6818
1359,5451,6877,5313,1250,1427
1359,5451,6877,9817,6245,7696
1359,5451,6877,6814,9519,4717
1359,5451,6877,9659,4188,9913
1359,5451,6877,1869,4339,5556
1359,5451,6877,4000,2081,6985
1359,5451,6877,100,7427,8882
1359,5451,6877,3649,4760,957
1359,5451,6877,4868,8338,2092
1359,5451,6877,1365,4021,3276
1359,5451,6877,2389,8828,1134
1359,5451,6877,6677,7059,8664
1359,5451,6877,5270,1619,5188
1359,5451,6877,9155,237,8715
1359,5451,6877,4615,3911,5455
1359,5451,6877,3861,5327,3717
1359,5451,6877,9175,2619,9093
1359,5451,6877,2898,9045,9001
1359,5451,6877,1342,3871,6992
1359,5451,6877,2373,8449,6526
1359,5451,6877,8129,8165,1408
1359,5451,6877,4225,5037,8068
1359,5451,6877,9058,4423,5067
1359,5451,6877,2883,3567,4484
1359,5451,6877,8141,7133,7346
1359,5451,6877,6737,9037,9181
1359,5451,6877,5458,6766,9802
1359,5451,6877,148,9089,5872
1359,5451,6877,21,5792,7906
1359,5451,6877,3913,8293,8302
1359,5451,6877,5704,3035,5377
1359,5451,6877,3719,9690,8426
1359,5451,6877,4998,451,2251
1359,5451,6877,3851,5885,5223
1359,5451,6877,7793,3023,9317
1359,5451,6877,5208,4626,4105
1359,5451,6877,506,1154,1961
1359,5451,6877,1697,9752,7907
1359,5451,6877,2579,1436,5730
1359,5451,6877,4,1047,2743
1359,5451,6877,4987,4803,6851
1359,5451,6877,2232,391,5330
1359,5451,6877,4901,9480,9841
1359,5451,6877,9057,1995,3322
1359,5451,6877,6416,7078,6244
1359,5451,6877,4783,807,3475
1359,5451,6877,3856,915,3454
1359,5451,6877,8628,3101,9471
1359,5451,6877,3100,3519,4991
1359,5451,6877,6479,3447,9711
1359,5451,6877,7187,6109,4523
1359,5451,6877,7937,8442,2025
1359,5451,6877,3102,5044,3942
1359,5451,6877,2180,8897,8529
1359,5451,6877,8071,675,3485
1359,5451,6877,7068,1657,9851
1359,5451,6877,4125,6467,7033
1359,5451,6877,3194,5163,7719
1359,5451,6877,776,6066,1922
1359,5451,6877,8536,8762,3437
1359,5451,6877,9674,1197,7352
1359,5451,6877,7945,5302,2011
1359,5451,6877,5147,6880,1553
1359,5451,6877,7799,3610,7953
1359,5451,6877,3312,6652,7263
1359,5451,6877,9631,3503,1700
1359,5451,6877,7487,9925,3321
1359,5451,6877,1318,7972,1366
1359,5451,6877,2544,1605,2900
1359,5451,6877,9192,2694,1588
1359,5451,6877,1653,7657,3644
1359,5451,6877,8104,4035,9764
1359,5451,6877,3876,7927,2866
1359,5451,6877,4207,2030,5881
1359,5451,6877,5779,8202,8630
1359,5451,6877,7556,1718,9636
1359,5451,6877,8291,5469,7113
1359,5451,6877,4830,3454,3829
1359,5451,6877,5602,675,770
1359,5451,6877,4890,1851,1655
1359,5451,6877,4461,1475,2990
1359,5451,6877,8209,5952,7707
1359,5451,6877,5675,3544,59
1359,5451,6877,808,6210,815
1359,5451,6877,1569,3917,6354
1359,5451,6877,5898,5775,7769
1359,5451,6877,8138,6416,2395
1359,5451,6877,1024,2207,9741
1359,5451,6877,3131,9073,9642
1359,5451,6877,7818,427,4155
1359,5451,6877,1483,8540,8028
1359,5451,6877,9554,4129,4481
1359,5451,6877,8050,8049,2125
1359,5451,6877,6663,8746,9421
1359,5451,6877,6673,1438,1315
1359,5451,6877,7194,321,6304
1359,5451,6877,1963,1247,9513
1359,5451,6877,1994,4762,4957
1359,5451,6877,3930,9532,8806
1359,5451,6877,8384,971,4445
1359,5451,6877,2461,8782,8030
1359,5451,6877,5648,9344,5589
1359,5451,6877,6845,7305,2277
1359,5451,6877,3308,987,4928
1359,5451,6877,8554,6739,3819
1359,5451,6877,4883,6573,2947
1359,5451,6877,7918,9174,6759
1359,5451,6877,8056,939,8930
1359,5451,6877,4349,8275,842
1359,5451,6877,8172,1788,6878
1359,5451,6877,5769,2270,5179
1359,5451,6877,6294,4182,9596
1359,5451,6877,7153,1547,7336
1359,5451,6877,8011,8433,6473
1359,5451,6877,1694,1974,8253
1359,5451,6877,2891,693,1180
1359,5451,6877,8000,1760,3364
1359,5451,6877,3334,9432,2015
1359,5451,6877,5818,6180,1180
1359,5451,6877,2202,1024,915
1359,5451,6877,2704,7837,2961
1359,5451,6877,5337,2570,8849
1359,5451,6877,7857,7814,5926
1359,5451,6877,5891,8924,2316
1359,5451,6877,9795,1921,9378
1359,5451,6877,2444,5418,8959
1359,5451,6877,7911,4193,2435
1359,5451,6877,7319,906,6258
1359,5451,6877,2257,5528,430
1359,5451,6877,2720,1048,1106
1359,5451,6877,3063,7223,2959
1359,5451,6877,6843,3290,3883
1359,5451,6877,5468,6892,6579
1359,5451,6877,469,4122,3371
1359,5451,6877,364,5080,5698
1359,5451,6877,3647,8645,9087
1359,5451,6877,707,6386,3850
1359,5451,6877,5225,1639,1954
1359,5451,6877,1842,3578,6184
1359,5451,6877,8769,2452,4648
1359,5451,6877,7028,4286,5557
1359,5451,6877,4043,5040,9538
1359,5451,6877,1983,1846,1871
1359,5451,6877,9660,4387,4471
1359,5451,6877,2348,8565,4242
1359,5451,6877,4501,7863,2308
1359,5451,6877,7139,400,5730
1359,5451,6877,2932,3821,2088
1359,5451,6877,9872,8105,3169
1359,5451,6877,4959,587,6045
1359,5451,6877,2143,332,2476
1359,5451,6877,3230,2256,885
1359,5451,6877,6293,4533,288
1359,5451,6877,4894,7955,9600
1359,5451,6877,7611,5857,1164
1359,5451,6877,7348,8510,8551
1359,5451,6877,1127,9588,3326
1359,5451,6877,6803,9489,5315
1359,5451,6877,5325,251,1255
1359,5451,6877,8003,162,8546
1359,5451,6877,8327,5458,8556
1359,5451,6877,9057,3792,5854
1359,5451,6877,3569,8794,5843
1359,5451,6877,4254,3370,5603
1359,5451,6877,9609,9321,3947
1359,5451,6877,7797,2012,7520
1359,5451,6877,1646,8112,2541
1359,5451,6877,1868,34,572
1359,5451,6877,9790,1924,2003
1359,5451,6877,9450,5979,6055
1359,5451,6877,9794,5286,4108
1359,5451,6877,3563,869,640
1359,5451,6877,4170,1910,4773
1359,5451,6877,6793,4212,144
1359,5451,6877,6771,7809,6235
1359,5451,6877,1108,6667,6981
1359,5451,6877,7016,4113,8514
1359,5451,6877,9404,2404,9065
1359,5451,6877,5175,1883,6444
1359,5451,6877,4086,9656,2370
1359,5451,6877,7649,1308,5916
1359,5451,6877,2916,6780,6569
1359,5451,6877,3375,4831,6520
1359,5451,6877,5076,8148,1646
1359,5451,6877,9315,128,4619
1359,5451,6877,551,3506,6788
1359,5451,6877,1558,1006,2683
1359,5451,6877,6025,6590,2035
1359,5451,6877,3680,4429,2526
1359,5451,6877,7817,1611,5242
1359,5451,6877,2811,7725,7037
1359,5451,6877,7213,2839,8459
1359,5451,6877,1695,5465,6665
1359,5451,6877,5404,1998,1897
1359,5451,6877,1025,5683,2694
1359,5451,6877,6900,8081,5498
1359,5451,6877,9167,6935,6828
1359,5451,6877,8768,7088,7326
1359,5451,6877,7511,9296,4711
1359,5451,6877,1092,9199,8538
1359,5451,6877,64,4665,1213
1359,5451,6877,6467,3738,6086
1359,5451,6877,8518,944,1611
1359,5451,6877,4444,595,4322
1359,5451,6877,5837,8500,9920
1359,5451,6877,4398,8912,8762
1359,5451,6877,1725,1812,7793
1359,5451,6877,2586,3876,1836
1359,5451,6877,5271,7732,850
1359,5451,6877,1114,8947,9872
1359,5451,6877,1505,8327,7086
1359,5451,6877,4184,6068,2411
1359,5451,6877,2068,7333,8578
1359,5451,6877,4240,606,9726
1359,5451,6877,3186,1979,6035
1359,5451,6877,1984,8123,3199
1359,5451,6877,1146,999,7984
1359,5451,6877,9893,2123,3059
1359,5451,6877,2899,4247,566
1359,5451,6877,9921,1355,3586
1359,5451,6877,4737,2720,7519
1359,5451,6877,9746,1189,7282
1359,5451,6877,229,1675,3498
1359,5451,6877,8225,2903,388
1359,5451,6877,2509,9524,4506
1359,5451,6877,7991,9653,1761
1359,5451,6877,752,7176,3681
1359,5451,6877,5784,3047,7161
1359,5451,6877,3062,3825,5045
1359,5451,6877,7870,625,4922
1359,5451,6877,557,3322,6452
1359,5451,6877,698,767,3737
1359,5451,6877,2318,7978,3838
1359,5451,6877,5147,2545,9506
1359,5451,6877,6583,8729,9890
1359,5451,6877,9015,3558,4342
1359,5451,6877,4112,8796,6504
1359,5451,6877,1368,4417,6633
1359,5451,6877,852,6252,8700
1359,5451,6877,4014,5876,7269
1359,5451,6877,7200,3279,2639
1359,5451,6877,5120,2716,4348
1359,5451,6877,7871,5811,6725
1359,5451,6877,6686,9577,5470
1359,5451,6877,5671,2470,181
1359,5451,6877,2013,8653,2922
1359,5451,6877,2025,8501,5035
1359,5451,6877,2926,2239,540
1359,5451,6877,6433,318,390
1359,5451,6877,3586,918,5063
1359,5451,6877,5963,3396,1705
1359,5451,6877,9678,655,8782
1359,5451,6877,2160,7201,5176
1359,5451,6877,7364,3020,8800
1359,5451,6877,6615,2733,2560
1359,5451,6877,8727,5458,6143
1359,5451,6877,5630,7716,5614
1359,5451,6877,254,7999,9967
1359,5451,6877,9190,538,6049
1359,5451,6877,391,8136,6325
1359,5451,6877,8580,62,6516
1359,5451,6877,2442,4548,5789
1359,5451,6877,3476,2785,8735
1359,5451,6877,5527,686,8781
1359,5451,6877,6275,1624,5256
1359,5451,6877,9000,8246,4661
1359,5451,6877,5793,7977,4729
1359,5451,6877,7890,3334,3123
1359,5451,6877,5457,7953,328
1359,5451,6877,9426,220,1097
1359,5451,6877,8124,8627,6135
1359,5451,6877,5333,1365,3520
1359,5451,6877,4831,1983,8477
1359,5451,6877,1402,1292,7400
1359,5451,6877,9314,612,5152
1359,5451,6877,800,7027,5844
1359,5451,6877,4081,2900,3146
1359,5451,6877,6760,9897,784
1359,5451,6877,5461,5672,3568
1359,5451,6877,1310,723,5322
1359,5451,6877,1225,8589,6079
1359,5451,6877,3839,6946,8379
1359,5451,6877,8583,9074,2460
1359,5451,6877,2939,7691,840
1359,5451,6877,9226,1509,6656
1359,5451,6877,60,3855,6938
1359,5451,6877,8716,9952,7711
1359,5451,6877,6608,4619,9317
1359,5451,6877,7420,5771,7279
1359,5451,6877,138,4966,1721
1359,5451,6877,432,2150,9896
1359,5451,6877,2539,6568,3834
1359,5451,6877,3608,232,314
1359,5451,6877,3320,7390,6433
1359,5451,6877,214,3435,8038
1359,5451,6877,994,5023,1227
1359,5451,6877,9561,957,1850
1359,5451,6877,352,2658,7260
1359,5451,6877,2808,6402,6134
1359,5451,6877,3855,1498,1761
1359,5451,6877,9281,2298,9802
1359,5451,6877,5315,6933,6125
1359,5451,6877,8818,5356,2488
1359,5451,6877,1736,2556,9888
1359,5451,6877,5871,6030,7276
1359,5451,6877,1938,2059,4576
1359,5451,6877,3672,7138,3295
1359,5451,6877,6117,724,5875
1359,5451,6877,6916,1718,1450
1359,5451,6877,6355,1563,7322
1359,5451,6877,9699,13,3132
1359,5451,6877,4438,2200,6376
1359,5451,6877,3050,2090,3406
1359,5451,6877,3808,9290,2330
1359,5451,6877,7446,7494,3555
1359,5451,6877,482,3559,7260
1359,5451,6877,9257,9455,4520
1359,5451,6877,7694,6295,1186
1359,5451,6877,5578,8051,9295
1359,5451,6877,9839,6222,990
1359,5451,6877,7970,6561,281
1359,5451,6877,2695,817,929
1359,5451,6877,1306,6572,4758
1359,5451,6877,3664,6240,9148
1359,5451,6877,2354,3866,4421
1359,5451,6877,499,6970,6734
1359,5451,6877,4432,1984,2100
1359,5451,6877,9369,9925,6448
1359,5451,6877,3335,8944,4621
1359,5451,6877,4738,9866,1092
1359,5451,6877,548,6331,5418
1359,5451,6877,4495,1137,5182
1359,5451,6877,448,7420,1240
1359,5451,6877,1497,3580,8316
1359,5451,6877,4777,8438,2679
1359,5451,6877,8797,8214,5062
1359,5451,6877,2922,9929,1874
1359,5451,6877,1949,5133,6574
1359,5451,6877,1316,7337,6941
1359,5451,6877,1503,2282,1649
1359,5451,6877,9541,1715,5486
1359,5451,6877,1569,9060,1707
1359,5451,6877,1769,4970,9411
1359,5451,6877,5826,6925,1391
1359,5451,6877,8754,964,6931
1359,5451,6877,3745,7856,2601
1359,5451,6877,7074,441,4908
1359,5451,6877,5652,4650,5464
1359,5451,6877,7232,3287,8837
1359,5451,6877,5922,8569,961
1359,5451,6877,7093,5955,507
1359,5451,6877,2245,9213,4731
1359,5451,6877,202,8091,1786
1359,5451,6877,5689,3120,1497
1359,5451,6877,9443,3663,9542
1359,5451,6877,2987,8987,1002
1359,5451,6877,2219,1662,2152
1359,5451,6877,4550,9901,544
1359,5451,6877,2368,6279,5176
1359,5451,6877,7350,1030,5187
1359,5451,6877,2029,119,3932
1359,5451,6877,8590,7663,2051
1359,5451,6877,596,1167,6356
