1359,5451,6877,3082,9087,3438
1359,5451,6877,8226,4643,2128
1359,5451,6877,9605,9501,3197
1359,5451,6877,2948,4519,5772
1359,5451,6877,8852,4041,1059
1359,5451,6877,7424,7638,5394
1359,5451,6877,6843,6722,4259
1359,5451,6877,3601,5014,2772
1359,5451,6877,5344,6697,3771
1359,5451,6877,5891,9766,9234
1359,5451,6877,361,2155,41
1359,5451,6877,3790,9552,6805
1359,5451,6877,6742,6848,9803
1359,5451,6877,2821,4246,5585
1359,5451,6877,523,2676,9093
1359,5451,6877,9285,6831,6664
1359,5451,6877,1217,6797,3227
1359,5451,6877,8819,94,9892
1359,5451,6877,2579,7833,2639
1359,5451,6877,5875,6651,718
1359,5451,6877,4380,8,1487
1359,5451,6877,2733,2019,6291
1359,5451,6877,8474,1387,5820
1359,5451,6877,8070,6943,2979
1359,5451,6877,5358,7757,5351
1359,5451,6877,681,5384,6753
1359,5451,6877,9135,7554,3069
1359,5451,6877,4498,3625,1816
1359,5451,6877,5479,7478,4320
1359,5451,6877,7402,4608,1046
1359,5451,6877,1580,9940,3636
1359,5451,6877,4545,6519,6238
1359,5451,6877,8303,4247,5708
1359,5451,6877,3122,6270,1064
1359,5451,6877,5995,8747,7409
1359,5451,6877,5861,560,3565
1359,5451,6877,6450,8025,5545
1359,5451,6877,6401,1669,9809
1359,5451,6877,9499,4993,2333
1359,5451,6877,2117,6084,2745
1359,5451,6877,4101,9787,8249
1359,5451,6877,4813,8682,8780
1359,5451,6877,3968,9823,1985
1359,5451,6877,7762,286,6911
1359,5451,6877,5222,2242,5876
1359,5451,6877,4503,5202,7718
1359,5451,6877,4335,3833,3099
1359,5451,6877,7709,6226,8628
1359,5451,6877,1115,153,3182
1359,5451,6877,1681,7188,5658
1359,5451,6877,7411,4516,3298
1359,5451,6877,3097,435,4179
1359,5451,6877,7127,8021,2654
1359,5451,6877,1160,8761,1672
1359,5451,6877,5233,2344,6240
1359,5451,6877,9530,7349,8111
1359,5451,6877,8684,6294,660
1359,5451,6877,7372,1561,3396
1359,5451,6877,1779,3761,5656
1359,5451,6877,6497,7914,5178
1359,5451,6877,3242,1230,7005
1359,5451,6877,4200,6650,3305
1359,5451,6877,8455,2996,8596
1359,5451,6877,1872,2975,1313
1359,5451,6877,8589,1015,2107
1359,5451,6877,260,8799,4240
1359,5451,6877,4832,5634,7448
1359,5451,6877,8233,2425,9106
1359,5451,6877,8132,9061,8075
1359,5451,6877,6166,6459,6829
1359,5451,6877,3492,7026,9244
1359,5451,6877,4529,2288,6409
1359,5451,6877,1587,5581,5988
1359,5451,6877,1580,1235,4136
1359,5451,6877,5628,9502,3096
1359,5451,6877,7942,4389,7539
1359,5451,6877,9353,362,7848
1359,5451,6877,2757,3187,507
1359,5451,6877,5063,3334,1424
1359,5451,6877,3328,3798,5707
1359,5451,6877,2154,4830,5562
1359,5451,6877,8001,3383,6702
1359,5451,6877,7489,3732,8534
1359,5451,6877,5675,9295,2139
1359,5451,6877,6326,798,9485
1359,5451,6877,7190,2333,8565
1359,5451,6877,2487,7810,3290
1359,5451,6877,4282,6375,4430
1359,5451,6877,8668,1881,5485
1359,5451,6877,4014,2404,2255
1359,5451,6877,657,8187,7597
1359,5451,6877,5967,4333,396
1359,5451,6877,5584,5766,1193
1359,5451,6877,8408,2709,9910
1359,5451,6877,5127,5999,1119
1359,5451,6877,8097,7706,1336
1359,5451,6877,4017,3413,8962
1359,5451,6877,4699,7685,540
1359,5451,6877,1821,9044,2784
1359,5451,6877,1701,3421,7255
1359,5451,6877,7716,4829,2001
1359,5451,6877,3548,5318,9843
1359,5451,6877,2317,857,9989
1359,5451,6877,2597,5973,5472
1359,5451,6877,5510,3832,3469
1359,5451,6877,7850,5740,3266
1359,5451,6877,5463,8324,3501
1359,5451,6877,9191,8616,4243
1359,5451,6877,9252,7232,1311
1359,5451,6877,2698,1851,7525
1359,5451,6877,1294,1891,4026
1359,5451,6877,4058,9194,5226
1359,5451,6877,2466,768,4456
1359,5451,6877,6657,3105,3569
1359,5451,6877,704,1363,3388
1359,5451,6877,6357,6538,8803
1359,5451,6877,6959,6463,6967
1359,5451,6877,577,4582,7090
1359,5451,6877,8499,7671,4180
1359,5451,6877,2850,2497,8306
1359,5451,6877,496,7133,2756
1359,5451,6877,9842,2430,7540
1359,5451,6877,5613,9127,1015
1359,5451,6877,3797,9998,4695
1359,5451,6877,5675,9914,9280
1359,5451,6877,7534,2474,9045
1359,5451,6877,2597,1869,9546
1359,5451,6877,2121,7351,4661
1359,5451,6877,8075,247,1201
1359,5451,6877,7963,4536,3838
1359,5451,6877,312,3699,6344
1359,5451,6877,166,6738,3442
1359,5451,6877,3860,3337,4097
1359,5451,6877,2973,1013,6833
1359,5451,6877,7844,9619,1285
1359,5451,6877,2381,7991,3819
1359,5451,6877,9914,5772,7414
1359,5451,6877,4882,973,6874
1359,5451,6877,3856,980,1231
1359,5451,6877,496,7494,3260
1359,5451,6877,2733,2512,4250
1359,5451,6877,3195,6750,7671
1359,5451,6877,1532,9338,4279
1359,5451,6877,2376,3870,3907
1359,5451,6877,1406,1129,3072
1359,5451,6877,6812,8697,743
1359,5451,6877,8713,354,7717
1359,5451,6877,7240,1313,3177
1359,5451,6877,463,449,3241
1359,5451,6877,3087,8160,155
1359,5451,6877,7932,2952,7456
1359,5451,6877,4612,6794,1708
1359,5451,6877,3638,3433,3589
1359,5451,6877,7987,2535,3710
1359,5451,6877,5530,9981,4205
1359,5451,6877,8173,3182,4529
1359,5451,6877,7678,5065,7826
1359,5451,6877,5720,863,4507
1359,5451,6877,7397,3454,5985
1359,5451,6877,6362,364,5864
1359,5451,6877,4331,9077,6250
1359,5451,6877,9553,5217,5062
1359,5451,6877,5320,2312,9319
1359,5451,6877,9976,1463,8926
1359,5451,6877,2021,6308,9041
1359,5451,6877,4225,9175,2781
1359,5451,6877,5235,6565,5037
1359,5451,6877,1833,9851,3627
1359,5451,6877,6855,7943,5367
1359,5451,6877,7692,703,5278
1359,5451,6877,5430,1438,5606
1359,5451,6877,7040,7127,5408
1359,5451,6877,1201,6608,841
1359,5451,6877,7424,8239,3902
1359,5451,6877,3678,4881,6077
1359,5451,6877,1544,573,1527
1359,5451,6877,7823,1232,266
1359,5451,6877,5933,8760,761
1359,5451,6877,5455,9364,6273
1359,5451,6877,7071,1904,688
1359,5451,6877,123,5538,6732
1359,5451,6877,2897,4586,7285
1359,5451,6877,46,6557,1427
1359,5451,6877,2041,8055,6685
1359,5451,6877,5114,9432,9290
1359,5451,6877,283,6403,4377
1359,5451,6877,9122,4848,7640
1359,5451,6877,1287,3489,3997
1359,5451,6877,8813,6455,8784
1359,5451,6877,9097,4789,6913
1359,5451,6877,9103,3834,5147
1359,5451,6877,5762,9899,833
1359,5451,6877,2571,2733,8902
1359,5451,6877,5454,8228,7446
1359,5451,6877,5475,3058,3601
1359,5451,6877,196,9142,2444
1359,5451,6877,3859,4144,7639
1359,5451,6877,2874,1321,2916
1359,5451,6877,2560,1380,4198
1359,5451,6877,8605,228,3252
1359,5451,6877,9425,9829,2689
1359,5451,6877,9574,4461,292
1359,5451,6877,7243,6119,4519
1359,5451,6877,3072,934,2213
1359,5451,6877,3015,5499,9322
1359,5451,6877,7789,4585,7868
1359,5451,6877,7652,2222,7950
1359,5451,6877,8656,5034,4075
1359,5451,6877,8383,8493,1629
1359,5451,6877,1094,7454,1341
1359,5451,6877,8532,5192,5172
1359,5451,6877,6013,4779,3165
1359,5451,6877,974,264,8716
1359,5451,6877,616,5003,3429
1359,5451,6877,7883,397,1292
1359,5451,6877,871,1509,6815
1359,5451,6877,694,5011,8529
1359,5451,6877,4136,1928,7612
1359,5451,6877,7016,1895,3931
1359,5451,6877,1516,6989,1298
1359,5451,6877,3244,2203,7246
1359,5451,6877,3974,2636,9487
1359,5451,6877,3470,7010,8657
1359,5451,6877,8281,6782,1950
1359,5451,6877,2867,8529,1369
1359,5451,6877,2114,1129,2455
1359,5451,6877,7369,1720,7974
1359,5451,6877,2035,8873,3014
1359,5451,6877,4443,8244,5621
1359,5451,6877,7436,7963,494
1359,5451,6877,8499,3501,2250
1359,5451,6877,7328,8369,9964
1359,5451,6877,1431,4909,8832
1359,5451,6877,6091,3147,5777
1359,5451,6877,7219,2988,3344
1359,5451,6877,303,990,3348
1359,5451,6877,5541,3072,2875
1359,5451,6877,1071,7323,3274
1359,5451,6877,1504,9502,6787
1359,5451,6877,6251,6514,4637
1359,5451,6877,7983,3513,4483
1359,5451,6877,6087,9140,5659
1359,5451,6877,8972,206,1356
1359,5451,6877,7723,7112,3527
1359,5451,6877,1963,2633,2464
1359,5451,6877,3223,7001,194
1359,5451,6877,7227,5363,9126
1359,5451,6877,8470,9147,1679
1359,5451,6877,4173,4702,5981
1359,5451,6877,251,9938,534
1359,5451,6877,6063,9418,5694
1359,5451,6877,4428,532,9757
1359,5451,6877,6920,6442,676
1359,5451,6877,3418,8253,1879
1359,5451,6877,6728,5882,3887
1359,5451,6877,1614,4409,1336
1359,5451,6877,5867,9230,7849
1359,5451,6877,7410,7525,7023
1359,5451,6877,1345,7007,2229
1359,5451,6877,1867,1865,6959
1359,5451,6877,725,7053,4020
1359,5451,6877,254,2694,1127
1359,5451,6877,1782,6131,5367
1359,5451,6877,6816,3505,132
1359,5451,6877,877,4137,4634
1359,5451,6877,6997,9020,8593
1359,5451,6877,3279,8581,7462
1359,5451,6877,628,9134,8752
1359,5451,6877,4666,1966,3493
1359,5451,6877,6598,6834,829
1359,5451,6877,959,6562,3176
1359,5451,6877,6464,5974,3779
1359,5451,6877,222,5414,6640
1359,5451,6877,717,6926,8080
1359,5451,6877,4441,7072,8138
1359,5451,6877,4576,3687,3161
1359,5451,6877,2624,7604,5664
1359,5451,6877,5797,608,2340
1359,5451,6877,4113,1992,9304
1359,5451,6877,1100,917,8317
1359,5451,6877,1027,2253,7494
1359,5451,6877,4891,8995,8162
1359,5451,6877,2202,6426,9806
1359,5451,6877,340,7524,8753
1359,5451,6877,4518,5588,6048
1359,5451,6877,4222,581,5339
1359,5451,6877,9012,9259,3954
1359,5451,6877,4917,1866,7725
1359,5451,6877,9156,4269,2102
1359,5451,6877,8166,421,9018
1359,5451,6877,5370,9169,140
1359,5451,6877,9892,3454,1476
1359,5451,6877,7825,6518,7958
1359,5451,6877,7578,4992,2414
1359,5451,6877,8442,3251,3586
1359,5451,6877,3791,9801,9664
1359,5451,6877,8723,8533,9688
1359,5451,6877,7613,9938,92
1359,5451,6877,7304,6336,7477
1359,5451,6877,42,942,2839
1359,5451,6877,6535,6809,2392
1359,5451,6877,3539,3696,47
1359,5451,6877,4598,2131,7437
1359,5451,6877,5375,8775,7673
1359,5451,6877,3988,7224,3107
1359,5451,6877,1606,6843,591
1359,5451,6877,7315,3869,8356
1359,5451,6877,1280,9723,762
1359,5451,6877,7393,2820,1857
1359,5451,6877,8516,355,3459
1359,5451,6877,8083,1824,6022
1359,5451,6877,5368,7821,8932
1359,5451,6877,5843,829,3489
1359,5451,6877,7292,7506,4764
1359,5451,6877,5850,1343,8495
1359,5451,6877,1803,6373,879
1359,5451,6877,3537,7922,7373
1359,5451,6877,7938,3503,6703
1359,5451,6877,2194,457,8719
1359,5451,6877,2435,1903,324
1359,5451,6877,332,7037,9263
1359,5451,6877,1428,3502,6176
1359,5451,6877,4381,7759,3889
1359,5451,6877,5631,7814,3521
1359,5451,6877,8431,8307,5652
1359,5451,6877,4148,2932,8263
1359,5451,6877,9720,5166,4663
1359,5451,6877,8403,9469,1875
1359,5451,6877,6054,2041,7773
1359,5451,6877,583,714,1837
1359,5451,6877,5188,7760,5119
1359,5451,6877,8765,3299,3698
1359,5451,6877,772,5683,664
1359,5451,6877,5838,4574,7754
1359,5451,6877,4641,6474,499
1359,5451,6877,2557,8525,1089
1359,5451,6877,6066,913,6545
1359,5451,6877,1647,1614,5776
1359,5451,6877,5896,5446,3615
1359,5451,6877,5951,4549,628
1359,5451,6877,7973,9776,4863
1359,5451,6877,4393,6793,9878
1359,5451,6877,3695,8378,3509
1359,5451,6877,2856,5867,182
1359,5451,6877,5203,345,5370
1359,5451,6877,7006,5147,555
1359,5451,6877,4757,6580,3297
1359,5451,6877,64,9346,9508
1359,5451,6877,9695,8179,3303
1359,5451,6877,2307,1611,8620
1359,5451,6877,1175,5521,7230
1359,5451,6877,7537,9591,607
1359,5451,6877,3218,6229,6339
1359,5451,6877,2290,7119,30
1359,5451,6877,4763,7807,9791
1359,5451,6877,7193,2285,3065
1359,5451,6877,7073,2713,7199
1359,5451,6877,6186,3518,1752
1359,5451,6877,1304,5672,4783
1359,5451,6877,879,2781,1317
1359,5451,6877,5464,5373,7766
1359,5451,6877,1409,8449,2920
1359,5451,6877,6345,6763,8007
1359,5451,6877,7449,5893,4076
1359,5451,6877,5133,5065,5990
1359,5451,6877,2754,3874,8038
1359,5451,6877,4735,418,4402
1359,5451,6877,1123,1636,7367
1359,5451,6877,4185,1696,9486
1359,5451,6877,3412,9761,771
1359,5451,6877,9719,7600,4362
1359,5451,6877,947,9043,8887
1359,5451,6877,4416,773,6836
1359,5451,6877,124,2706,9702
1359,5451,6877,8868,959,4293
1359,5451,6877,7588,8408,9821
1359,5451,6877,6500,4739,153
1359,5451,6877,2387,4041,1991
1359,5451,6877,2626,1221,8004
1359,5451,6877,6562,3794,8553
1359,5451,6877,9476,6520,5131
1359,5451,6877,6758,4524,6166
1359,5451,6877,2007,5683,887
1359,5451,6877,814,7990,1109
1359,5451,6877,7531,5144,9400
1359,5451,6877,861,5711,8989
1359,5451,6877,4302,5420,7346
1359,5451,6877,6001,7933,5195
1359,5451,6877,2918,3647,4651
1359,5451,6877,7527,8628,1307
1359,5451,6877,1869,6685,6265
1359,5451,6877,8884,5971,6111
1359,5451,6877,826,8528,5847
1359,5451,6877,7597,3878,9859
1359,5451,6877,1450,1142,6472
1359,5451,6877,9314,4948,9794
1359,5451,6877,2719,8668,7128
1359,5451,6877,5940,1027,4596
1359,5451,6877,6282,3383,5480
1359,5451,6877,9729,3333,2948
1359,5451,6877,1495,6292,9737
1359,5451,6877,7692,2142,7476
1359,5451,6877,147,439,662
1359,5451,6877,8722,9612,5947
1359,5451,6877,2887,4563,1463
1359,5451,6877,3351,9878,882
1359,5451,6877,9600,8113,4504
1359,5451,6877,9417,3940,2444
1359,5451,6877,6822,699,3798
1359,5451,6877,1935,3565,5511
1359,5451,6877,6287,4703,4754
1359,5451,6877,7235,7315,2645
1359,5451,6877,5072,3097,5920
1359,5451,6877,3682,3122,2918
1359,5451,6877,9966,811,5887
1359,5451,6877,3191,6657,7823
1359,5451,6877,1412,429,5922
1359,5451,6877,6084,4564,6119
1359,5451,6877,4534,2869,5284
1359,5451,6877,6367,789,8466
1359,5451,6877,660,2626,796
1359,5451,6877,8760,3957,1400
1359,5451,6877,7531,1250,5651
1359,5451,6877,1409,7376,6221
1359,5451,6877,9922,5884,9947
1359,5451,6877,6182,7003,6520
1359,5451,6877,9640,7827,6007
1359,5451,6877,1588,7655,8890
1359,5451,6877,6031,8684,2022
1359,5451,6877,3510,8133,9927
1359,5451,6877,2072,3186,5003
1359,5451,6877,3702,5728,7811
1359,5451,6877,665,3403,6747
1359,5451,6877,5982,6284,8355
1359,5451,6877,1824,1344,283
1359,5451,6877,667,1324,3647
1359,5451,6877,5956,9132,5391
1359,5451,6877,3837,7297,3347
1359,5451,6877,8796,4967,3679
1359,5451,6877,8578,3357,744
1359,5451,6877,7468,4462,1678
1359,5451,6877,2474,9227,1077
1359,5451,6877,7540,8092,4527
1359,5451,6877,474,5577,3532
1359,5451,6877,4014,1815,6812
1359,5451,6877,7314,5393,9105
1359,5451,6877,1209,7408,2068
1359,5451,6877,3091,3927,1767
1359,5451,6877,3104,3669,8138
1359,5451,6877,9482,8776,689
1359,5451,6877,4831,8514,6598
1359,5451,6877,1907,6883,7771
1359,5451,6877,5618,2986,8944
1359,5451,6877,2741,6823,6265
1359,5451,6877,2380,8626,2029
1359,5451,6877,7972,1204,6730
1359,5451,6877,5743,2417,6566
1359,5451,6877,7036,7078,3089
1359,5451,6877,2862,6832,1483
1359,5451,6877,9940,4505,3281
1359,5451,6877,6013,5250,7222
1359,5451,6877,4678,5394,4740
1359,5451,6877,3842,8070,6833
1359,5451,6877,8420,6769,9687
1359,5451,6877,9141,5492,1155
1359,5451,6877,2712,9,647
1359,5451,6877,2366,4154,7763
1359,5451,6877,4793,8670,9403
1359,5451,6877,4684,5046,6669
1359,5451,6877,3783,3449,7198
1359,5451,6877,8519,1592,7593
1359,5451,6877,5381,9440,4494
1359,5451,6877,7744,6243,7459
1359,5451,6877,8037,5469,2697
1359,5451,6877,9246,8235,8621
1359,5451,6877,1130,5653,8539
1359,5451,6877,1487,6743,7701
1359,5451,6877,7315,1747,1379
1359,5451,6877,1150,5904,3210
1359,5451,6877,1857,9875,4153
1359,5451,6877,5472,1057,5073
1359,5451,6877,1437,2931,93
1359,5451,6877,2905,7570,4900
1359,5451,6877,820,402,4828
1359,5451,6877,5853,641,6008
1359,5451,6877,2052,4018,8141
1359,5451,6877,7888,5003,7891
1359,5451,6877,3272,6592,573
1359,5451,6877,656,3855,7688
1359,5451,6877,9937,4996,4777
1359,5451,6877,2931,4959,7287
1359,5451,6877,3001,176,5268
1359,5451,6877,5499,6151,4430
1359,5451,6877,4895,7703,6392
1359,5451,6877,2832,7573,7921
1359,5451,6877,7217,6157,1431
1359,5451,6877,783,6803,708
1359,5451,6877,3571,980,489
1359,5451,6877,7798,903,4819
1359,5451,6877,4737,60,7804
1359,5451,6877,5679,5163,7402
1359,5451,6877,9325,3005,1159
1359,5451,6877,6341,364,1771
1359,5451,6877,8910,8740,3950
1359,5451,6877,6553,3033,9412
1359,5451,6877,8813,2243,3329
1359,5451,6877,6881,9500,986
1359,5451,6877,4148,7999,8209
1359,5451,6877,7347,4474,5082
1359,5451,6877,737,6720,8184
