6476,4312,943,5264,5053,9398
6476,4312,943,9752,9785,2567
6476,4312,943,2404,4676,2094
6476,4312,943,1151,7008,2551
6476,4312,943,7018,2048,1220
6476,4312,943,3903,8869,6090
6476,4312,943,192,8502,611
6476,4312,943,6461,9335,5937
6476,4312,943,382,2315,1564
6476,4312,943,5546,6347,9488
6476,4312,943,7483,4252,4555
6476,4312,943,6632,9429,3988
6476,4312,943,3615,7149,2542
6476,4312,943,2145,6558,5136
6476,4312,943,4459,6464,7679
6476,4312,943,9896,9185,1099
6476,4312,943,8542,8638,6302
6476,4312,943,1871,139,6156
6476,4312,943,1247,5482,5487
6476,4312,943,3561,3359,9229
6476,4312,943,3166,8073,1014
6476,4312,943,1557,9212,6417
6476,4312,943,9360,6138,2611
6476,4312,943,8139,1753,3516
6476,4312,943,4337,6578,872
6476,4312,943,6551,7120,9016
6476,4312,943,6183,7340,9706
6476,4312,943,2905,1244,8059
6476,4312,943,423,9008,1325
6476,4312,943,794,1962,5751
6476,4312,943,5517,4833,4732
6476,4312,943,8102,9869,7311
6476,4312,943,5776,6517,2715
6476,4312,943,7089,3023,497
6476,4312,943,6503,8090,9311
6476,4312,943,2194,6277,3235
6476,4312,943,9011,9776,8499
6476,4312,943,8996,8971,1756
6476,4312,943,4302,9949,2743
6476,4312,943,2836,1929,8006
6476,4312,943,9639,6698,5925
6476,4312,943,1261,8371,8808
6476,4312,943,5920,1217,4602
6476,4312,943,429,6020,8902
6476,4312,943,1744,3079,4396
6476,4312,943,8708,807,7412
6476,4312,943,3658,3119,8727
6476,4312,943,4839,5866,2018
6476,4312,943,4920,5992,5018
6476,4312,943,5889,863,2482
6476,4312,943,9698,6776,9402
6476,4312,943,3483,2962,3054
6476,4312,943,4555,9329,837
6476,4312,943,947,5507,4790
6476,4312,943,1739,8794,562
6476,4312,943,9839,7935,1893
6476,4312,943,5527,4873,3218
6476,4312,943,5460,6160,8713
6476,4312,943,1772,1666,8120
6476,4312,943,4908,1568,948
6476,4312,943,4864,1838,411
6476,4312,943,8022,4679,5016
6476,4312,943,4573,7355,975
6476,4312,943,8129,1493,1588
6476,4312,943,594,3319,4365
6476,4312,943,4909,7251,4807
6476,4312,943,7114,9330,3517
6476,4312,943,9371,702,2552
6476,4312,943,8450,6730,781
6476,4312,943,3044,120,5982
6476,4312,943,8420,5800,2282
6476,4312,943,7145,4562,2644
6476,4312,943,1467,2051,1574
6476,4312,943,1736,5918,5261
6476,4312,943,6097,700,364
6476,4312,943,6268,8124,3996
6476,4312,943,5516,6375,4250
6476,4312,943,3540,4556,3732
6476,4312,943,5527,3605,1400
6476,4312,943,8139,6063,3599
6476,4312,943,2703,8956,9615
6476,4312,943,2899,9150,6267
6476,4312,943,3446,2503,6287
6476,4312,943,3457,8869,3018
6476,4312,943,1885,3027,3454
6476,4312,943,9909,1320,4223
6476,4312,943,7831,4392,7471
6476,4312,943,5048,5512,1970
6476,4312,943,8293,3286,8947
6476,4312,943,1732,5135,6466
6476,4312,943,7479,3212,726
6476,4312,943,1999,9979,8128
6476,4312,943,5602,1684,9191
6476,4312,943,7287,1889,3463
6476,4312,943,1978,1845,8517
6476,4312,943,4375,3251,1507
6476,4312,943,8222,5534,2442
6476,4312,943,2801,8191,2173
6476,4312,943,8198,9296,2923
6476,4312,943,8538,9871,4436
6476,4312,943,6287,2909,8504
6476,4312,943,834,6295,5790
6476,4312,943,5472,9440,1394
6476,4312,943,825,1000,3328
6476,4312,943,4914,832,5511
6476,4312,943,1212,8197,191
6476,4312,943,239,4052,1071
6476,4312,943,2129,2844,4494
6476,4312,943,3888,5091,7658
6476,4312,943,3810,4109,5140
6476,4312,943,3655,6920,2259
6476,4312,943,2406,1544,6270
6476,4312,943,5453,7517,4710
6476,4312,943,3425,8717,7391
6476,4312,943,9646,3726,3755
6476,4312,943,1979,9676,6422
6476,4312,943,5289,1387,5129
6476,4312,943,4336,2153,9251
6476,4312,943,5857,3778,7850
6476,4312,943,6483,263,7728
6476,4312,943,4579,7976,212
6476,4312,943,7022,2818,3012
6476,4312,943,1013,4206,504
6476,4312,943,1432,701,7510
6476,4312,943,6497,8134,1409
6476,4312,943,4220,2968,7371
6476,4312,943,8444,3602,206
6476,4312,943,8795,2633,7769
6476,4312,943,9158,1120,4631
6476,4312,943,1135,3224,732
6476,4312,943,4941,5882,6421
6476,4312,943,366,200,3771
6476,4312,943,800,6590,7255
6476,4312,943,9846,1634,6384
6476,4312,943,1597,4961,7976
6476,4312,943,645,564,3310
6476,4312,943,8692,2154,2534
6476,4312,943,448,7112,9732
6476,4312,943,4345,41,3766
6476,4312,943,9738,6057,8750
6476,4312,943,3578,373,2611
6476,4312,943,6182,8382,9056
6476,4312,943,7283,5692,164
6476,4312,943,3887,4397,3843
6476,4312,943,915,9600,6270
6476,4312,943,7394,1930,1986
6476,4312,943,9947,3836,6282
6476,4312,943,2745,793,4725
6476,4312,943,2133,8350,6023
6476,4312,943,3952,4157,7168
6476,4312,943,8377,3499,1375
6476,4312,943,1209,173,1694
6476,4312,943,1243,3739,3086
6476,4312,943,1361,7174,1216
6476,4312,943,7201,7484,3165
6476,4312,943,7457,2916,3339
6476,4312,943,7963,7239,4651
6476,4312,943,2018,6806,1442
6476,4312,943,8266,2556,5221
6476,4312,943,4513,1084,4779
6476,4312,943,7290,7430,3362
6476,4312,943,8340,997,757
6476,4312,943,6720,3416,9576
6476,4312,943,5896,9302,6193
6476,4312,943,7055,7995,749
6476,4312,943,2552,4877,4948
6476,4312,943,634,7030,6004
6476,4312,943,4601,4917,1490
6476,4312,943,5756,9167,805
6476,4312,943,4470,6825,3516
6476,4312,943,9880,8952,7557
6476,4312,943,6767,3016,1432
6476,4312,943,7521,2916,2911
6476,4312,943,8191,1572,5693
6476,4312,943,1114,9896,4876
6476,4312,943,201,9924,1729
6476,4312,943,7838,768,7257
6476,4312,943,5912,4997,1471
6476,4312,943,9681,6956,6007
6476,4312,943,2701,6371,1515
6476,4312,943,8213,7286,5662
6476,4312,943,5871,8448,9997
6476,4312,943,1120,4465,8668
6476,4312,943,8406,9638,5941
6476,4312,943,3888,7900,6990
6476,4312,943,8496,1887,2829
6476,4312,943,9856,5851,1908
6476,4312,943,5702,2312,35
6476,4312,943,2558,4629,5290
6476,4312,943,3619,7606,6024
6476,4312,943,2564,2097,4462
6476,4312,943,2097,8003,7057
6476,4312,943,8144,3873,99
6476,4312,943,2236,359,1430
6476,4312,943,6326,7750,7011
6476,4312,943,2641,3023,4877
6476,4312,943,3646,1198,2631
6476,4312,943,1689,1113,9861
6476,4312,943,7621,5566,3818
6476,4312,943,4938,5685,6832
6476,4312,943,724,7733,2232
6476,4312,943,3473,7845,2385
6476,4312,943,464,3046,6241
6476,4312,943,4656,3031,2506
6476,4312,943,1417,6432,1760
6476,4312,943,8633,6708,3002
6476,4312,943,1202,6335,4968
6476,4312,943,477,4982,3057
6476,4312,943,5947,9996,2426
6476,4312,943,7723,6920,8580
6476,4312,943,5569,439,4073
6476,4312,943,3125,7466,7499
6476,4312,943,364,7541,5699
6476,4312,943,8986,7656,1621
6476,4312,943,6353,2524,2365
6476,4312,943,1059,4836,374
6476,4312,943,9251,6392,9279
6476,4312,943,9281,5576,2693
6476,4312,943,8982,4899,2232
6476,4312,943,6731,2436,9203
6476,4312,943,9860,90,9662
6476,4312,943,4284,5692,8854
6476,4312,943,8133,1828,1288
6476,4312,943,487,1582,931
6476,4312,943,4123,958,6641
6476,4312,943,6094,6897,2765
6476,4312,943,780,6615,8401
6476,4312,943,1386,2111,3399
6476,4312,943,5535,6561,5892
6476,4312,943,9622,6979,1878
6476,4312,943,9579,8049,457
6476,4312,943,46,4649,9324
6476,4312,943,5677,9795,1553
6476,4312,943,2123,7073,3560
6476,4312,943,5562,3278,6403
6476,4312,943,9417,8085,2715
6476,4312,943,1274,244,4357
6476,4312,943,4465,9399,4315
6476,4312,943,8933,2966,5197
6476,4312,943,1562,5176,3955
6476,4312,943,7846,2144,2428
6476,4312,943,4222,4720,6716
6476,4312,943,9663,1898,200
6476,4312,943,3372,9356,2167
6476,4312,943,7362,4004,9533
6476,4312,943,9063,7325,9434
6476,4312,943,808,2663,3365
6476,4312,943,4180,6089,43
6476,4312,943,7955,3187,217
6476,4312,943,564,9243,9946
6476,4312,943,2334,3753,8533
6476,4312,943,8883,6563,7782
6476,4312,943,2363,2357,9460
6476,4312,943,229,4233,131
6476,4312,943,377,6852,9060
6476,4312,943,5698,1275,2474
6476,4312,943,1216,6952,8499
6476,4312,943,4428,1249,7442
6476,4312,943,7627,5627,2230
6476,4312,943,2437,9110,687
6476,4312,943,342,4634,839
6476,4312,943,9308,2873,7205
6476,4312,943,6091,9303,2096
6476,4312,943,5645,438,7617
6476,4312,943,4191,4216,9667
6476,4312,943,6600,1874,1576
6476,4312,943,2106,8838,9569
6476,4312,943,6682,420,9176
6476,4312,943,410,5384,417
6476,4312,943,8582,7070,9911
6476,4312,943,4601,3309,4253
6476,4312,943,2615,9363,3218
6476,4312,943,5145,5727,7837
6476,4312,943,1598,6219,9819
6476,4312,943,7209,5701,6334
6476,4312,943,2249,7552,6024
6476,4312,943,2225,9040,6772
6476,4312,943,3289,2005,5467
6476,4312,943,8424,6196,7745
6476,4312,943,1273,10000,9748
6476,4312,943,3667,8698,7410
6476,4312,943,3805,5332,8546
6476,4312,943,940,4961,9382
6476,4312,943,3522,2103,8588
6476,4312,943,667,7244,1989
6476,4312,943,6592,6965,3195
6476,4312,943,8634,7764,1563
6476,4312,943,5773,632,4753
6476,4312,943,7014,4159,5880
6476,4312,943,6740,3655,6426
6476,4312,943,8994,7121,7181
6476,4312,943,121,2710,9888
6476,4312,943,9946,9524,3123
6476,4312,943,9660,4311,6340
6476,4312,943,8244,8412,5164
6476,4312,943,1581,4562,6435
6476,4312,943,5136,153,547
6476,4312,943,55,5513,7765
6476,4312,943,2335,779,9852
6476,4312,943,7602,3778,5327
6476,4312,943,1763,3024,7076
6476,4312,943,3025,9488,8341
6476,4312,943,3694,2463,7365
6476,4312,943,9000,4369,2200
6476,4312,943,6514,6005,2495
6476,4312,943,5844,1256,3110
6476,4312,943,743,6455,7447
6476,4312,943,5007,496,8402
6476,4312,943,6339,966,2685
6476,4312,943,7971,8346,2045
6476,4312,943,1193,2954,9928
6476,4312,943,8409,6428,6866
6476,4312,943,9093,715,6305
6476,4312,943,5645,6096,1854
6476,4312,943,9272,6620,8123
6476,4312,943,3110,6022,2777
6476,4312,943,2919,7354,4348
6476,4312,943,3300,9382,6363
6476,4312,943,474,6081,3787
6476,4312,943,9476,3621,7292
6476,4312,943,1259,7427,1836
6476,4312,943,6707,7026,8812
6476,4312,943,6028,297,4813
6476,4312,943,564,9108,7453
6476,4312,943,6619,6166,7871
6476,4312,943,7601,3825,6410
6476,4312,943,3051,4185,6615
6476,4312,943,1179,1496,4701
6476,4312,943,5490,7115,3495
6476,4312,943,3358,6313,882
6476,4312,943,5253,6337,9949
6476,4312,943,3570,4686,4217
6476,4312,943,1824,2117,7099
6476,4312,943,3365,2302,1388
6476,4312,943,3554,5363,2812
6476,4312,943,2119,4587,1559
6476,4312,943,8887,3363,3835
6476,4312,943,2446,3417,7881
6476,4312,943,7041,8736,8569
6476,4312,943,7166,7727,3672
6476,4312,943,2541,4609,1136
6476,4312,943,4327,717,7996
6476,4312,943,5308,1568,4374
6476,4312,943,5750,932,900
6476,4312,943,7581,8076,2325
6476,4312,943,7928,8974,9474
6476,4312,943,7213,127,9989
6476,4312,943,3833,5253,5775
6476,4312,943,5994,6203,9811
6476,4312,943,4105,1991,6062
6476,4312,943,8886,2543,3115
6476,4312,943,7706,1613,4854
6476,4312,943,8014,3343,6945
6476,4312,943,9299,6265,1429
6476,4312,943,3260,2057,174
6476,4312,943,3891,8359,5567
6476,4312,943,4176,12,3083
6476,4312,943,7258,4939,6314
6476,4312,943,6239,6387,6282
6476,4312,943,6197,553,4010
6476,4312,943,6434,5103,835
6476,4312,943,2386,917,8750
6476,4312,943,484,556,8326
6476,4312,943,8281,7677,2912
6476,4312,943,7714,7213,6400
6476,4312,943,3617,1107,3091
6476,4312,943,5190,7722,9773
6476,4312,943,3160,5295,6844
6476,4312,943,9514,4874,4377
6476,4312,943,4929,5075,9312
6476,4312,943,8122,2120,1131
6476,4312,943,5044,6888,8171
6476,4312,943,2459,5166,3574
6476,4312,943,946,4924,5063
6476,4312,943,600,428,278
6476,4312,943,9641,1755,2916
6476,4312,943,9120,4199,142
6476,4312,943,3486,5877,6284
6476,4312,943,720,451,7485
6476,4312,943,8611,9485,35
6476,4312,943,3084,9332,8636
6476,4312,943,8614,3822,7598
6476,4312,943,6572,3016,8723
6476,4312,943,1893,2780,5694
6476,4312,943,56,3822,368
6476,4312,943,896,1800,5617
6476,4312,943,7365,3462,2033
6476,4312,943,3231,4504,7531
6476,4312,943,9643,1993,7774
6476,4312,943,3398,6988,4277
6476,4312,943,3746,6595,8529
6476,4312,943,7558,7211,6440
6476,4312,943,6321,3602,157
6476,4312,943,9238,6389,1022
6476,4312,943,648,1846,6912
6476,4312,943,5379,9207,8089
6476,4312,943,494,1942,2560
6476,4312,943,4775,3910,6223
6476,4312,943,7641,5977,8991
6476,4312,943,9529,5184,9860
6476,4312,943,7632,8978,4530
6476,4312,943,5621,7279,491
6476,4312,943,6199,3058,5543
6476,4312,943,1747,810,6082
6476,4312,943,9301,4148,6115
6476,4312,943,5427,6602,9201
6476,4312,943,9311,2714,8038
6476,4312,943,3510,1492,3548
6476,4312,943,1948,3057,5651
6476,4312,943,8928,564,207
6476,4312,943,9157,6343,5025
6476,4312,943,3869,7283,7442
6476,4312,943,6276,1181,4609
6476,4312,943,7780,1217,740
6476,4312,943,2043,4013,3837
6476,4312,943,8932,6463,8632
6476,4312,943,3821,8224,1474
6476,4312,943,878,9067,1598
6476,4312,943,7507,5801,1325
6476,4312,943,1681,2074,2949
6476,4312,943,5316,9124,7216
6476,4312,943,1721,6333,3619
6476,4312,943,516,2956,7074
6476,4312,943,9838,8654,5963
6476,4312,943,4469,651,940
6476,4312,943,1064,9927,7297
6476,4312,943,1516,2982,3495
6476,4312,943,3433,5488,4603
6476,4312,943,2405,531,1272
6476,4312,943,1721,4109,5787
6476,4312,943,7476,8845,3987
6476,4312,943,7367,1524,5931
6476,4312,943,8359,6580,9303
6476,4312,943,7429,6183,5161
6476,4312,943,241,4208,2286
6476,4312,943,1233,2068,3585
6476,4312,943,567,4310,4847
6476,4312,943,6995,4460,3140
6476,4312,943,1380,9373,865
6476,4312,943,5810,9766,7675
6476,4312,943,5320,5032,8627
6476,4312,943,746,7777,8637
6476,4312,943,4564,1994,472
6476,4312,943,9930,8415,6377
6476,4312,943,6602,4362,7381
6476,4312,943,237,411,2656
6476,4312,943,6870,2591,8067
6476,4312,943,3590,2108,9307
6476,4312,943,3337,8784,274
6476,4312,943,794,3565,3562
6476,4312,943,8725,6886,2768
6476,4312,943,1170,2531,9129
6476,4312,943,7834,8237,4004
6476,4312,943,5049,5169,924
6476,4312,943,2603,2124,477
6476,4312,943,3389,662,1630
6476,4312,943,3200,9969,3250
6476,4312,943,2048,5269,664
6476,4312,943,3935,5742,829
6476,4312,943,2988,7946,6922
6476,4312,943,6026,4192,6238
6476,4312,943,4838,2967,1042
6476,4312,943,1927,1112,210
6476,4312,943,2150,1298,5278
6476,4312,943,516,7434,3573
6476,4312,943,7842,6478,5281
6476,4312,943,2442,6786,5429
6476,4312,943,1070,56,9532
6476,4312,943,1624,4219,8134
6476,4312,943,1832,6059,6296
6476,4312,943,7214,8607,4956
6476,4312,943,301,7354,9027
6476,4312,943,3269,3030,4547
6476,4312,943,7643,3683,3108
6476,4312,943,1633,6476,6722
6476,4312,943,1638,1645,4415
6476,4312,943,1531,6843,3471
6476,4312,943,6111,782,4873
6476,4312,943,2049,7740,3963
6476,4312,943,989,1032,7413
6476,4312,943,7932,9971,3033
6476,4312,943,125,5119,5570
6476,4312,943,9049,6666,9784
6476,4312,943,5261,4148,9033
6476,4312,943,2232,4281,2989
6476,4312,943,3917,8898,7038
6476,4312,943,6279,9408,9433
6476,4312,943,219,1150,835
6476,4312,943,8254,1107,7605
6476,4312,943,5928,2108,1485
6476,4312,943,8133,982,3171
6476,4312,943,5825,2891,7541
6476,4312,943,9811,357,233
6476,4312,943,1070,9365,5911
6476,4312,943,5006,3357,3633
6476,4312,943,9969,4693,1671
6476,4312,943,2073,4306,9415
6476,4312,943,2077,576,1137
6476,4312,943,8172,968,7106
6476,4312,943,8950,5541,340
6476,4312,943,560,7486,2547
6476,4312,943,3694,1383,4564
6476,4312,943,6668,6546,5872
6476,4312,943,4448,3483,7645
6476,4312,943,8751,650,6023
6476,4312,943,5079,252,4202
6476,4312,943,9112,3251,3202
6476,4312,943,1824,620,6182
6476,4312,943,6411,8298,8767
6476,4312,943,8730,2978,4059
