9589,3492,1555,7632,8978,4530
9589,3492,1555,5621,7279,491
9589,3492,1555,6199,3058,5543
9589,3492,1555,1747,810,6082
9589,3492,1555,9301,4148,6115
9589,3492,1555,5427,6602,9201
9589,3492,1555,9311,2714,8038
9589,3492,1555,3510,1492,3548
9589,3492,1555,1948,3057,5651
9589,3492,1555,8928,564,207
9589,3492,1555,9157,6343,5025
9589,3492,1555,3869,7283,7442
9589,3492,1555,6276,1181,4609
9589,3492,1555,7780,1217,740
9589,3492,1555,2043,4013,3837
9589,3492,1555,8932,6463,8632
9589,3492,1555,3821,8224,1474
9589,3492,1555,878,9067,1598
9589,3492,1555,7507,5801,1325
9589,3492,1555,1681,2074,2949
9589,3492,1555,5316,9124,7216
9589,3492,1555,1721,6333,3619
9589,3492,1555,516,2956,7074
9589,3492,1555,9838,8654,5963
9589,3492,1555,4469,651,940
9589,3492,1555,1064,9927,7297
9589,3492,1555,1516,2982,3495
9589,3492,1555,3433,5488,4603
9589,3492,1555,2405,531,1272
9589,3492,1555,1721,4109,5787
9589,3492,1555,7476,8845,3987
9589,3492,1555,7367,1524,5931
9589,3492,1555,8359,6580,9303
9589,3492,1555,7429,6183,5161
9589,3492,1555,241,4208,2286
9589,3492,1555,1233,2068,3585
9589,3492,1555,567,4310,4847
9589,3492,1555,6995,4460,3140
9589,3492,1555,1380,9373,865
9589,3492,1555,5810,9766,7675
9589,3492,1555,5320,5032,8627
9589,3492,1555,746,7777,8637
9589,3492,1555,4564,1994,472
9589,3492,1555,9930,8415,6377
9589,3492,1555,6602,4362,7381
9589,3492,1555,237,411,2656
9589,3492,1555,6870,2591,8067
9589,3492,1555,3590,2108,9307
9589,3492,1555,3337,8784,274
9589,3492,1555,794,3565,3562
9589,3492,1555,8725,6886,2768
9589,3492,1555,1170,2531,9129
9589,3492,1555,7834,8237,4004
9589,3492,1555,5049,5169,924
9589,3492,1555,2603,2124,477
9589,3492,1555,3389,662,1630
9589,3492,1555,3200,9969,3250
9589,3492,1555,2048,5269,664
9589,3492,1555,3935,5742,829
9589,3492,1555,2988,7946,6922
9589,3492,1555,6026,4192,6238
9589,3492,1555,4838,2967,1042
9589,3492,1555,1927,1112,210
9589,3492,1555,2150,1298,5278
9589,3492,1555,516,7434,3573
9589,3492,1555,7842,6478,5281
9589,3492,1555,2442,6786,5429
9589,3492,1555,1070,56,9532
9589,3492,1555,1624,4219,8134
9589,3492,1555,1832,6059,6296
9589,3492,1555,7214,8607,4956
9589,3492,1555,301,7354,9027
9589,3492,1555,3269,3030,4547
9589,3492,1555,7643,3683,3108
9589,3492,1555,1633,6476,6722
9589,3492,1555,1638,1645,4415
9589,3492,1555,1531,6843,3471
9589,3492,1555,6111,782,4873
9589,3492,1555,2049,7740,3963
9589,3492,1555,989,1032,7413
9589,3492,1555,7932,9971,3033
9589,3492,1555,125,5119,5570
9589,3492,1555,9049,6666,9784
9589,3492,1555,5261,4148,9033
9589,3492,1555,2232,4281,2989
9589,3492,1555,3917,8898,7038
9589,3492,1555,6279,9408,9433
9589,3492,1555,219,1150,835
9589,3492,1555,8254,1107,7605
9589,3492,1555,5928,2108,1485
9589,3492,1555,8133,982,3171
9589,3492,1555,5825,2891,7541
9589,3492,1555,9811,357,233
9589,3492,1555,1070,9365,5911
9589,3492,1555,5006,3357,3633
9589,3492,1555,9969,4693,1671
9589,3492,1555,2073,4306,9415
9589,3492,1555,2077,576,1137
9589,3492,1555,8172,968,7106
9589,3492,1555,8950,5541,340
9589,3492,1555,560,7486,2547
9589,3492,1555,3694,1383,4564
9589,3492,1555,6668,6546,5872
9589,3492,1555,4448,3483,7645
9589,3492,1555,8751,650,6023
9589,3492,1555,5079,252,4202
9589,3492,1555,9112,3251,3202
9589,3492,1555,1824,620,6182
9589,3492,1555,6411,8298,8767
9589,3492,1555,8730,2978,4059
9589,3492,1555,7122,3185,5814
9589,3492,1555,2529,3029,5561
9589,3492,1555,9239,7909,8566
9589,3492,1555,7761,2021,2490
9589,3492,1555,7497,4445,7478
9589,3492,1555,9244,5070,7602
9589,3492,1555,8703,370,954
9589,3492,1555,3860,2170,5851
9589,3492,1555,1822,8548,3638
9589,3492,1555,5632,730,1111
9589,3492,1555,2051,6591,2584
9589,3492,1555,6287,8957,651
9589,3492,1555,3024,9129,2759
9589,3492,1555,323,4980,5033
9589,3492,1555,6328,8737,7465
9589,3492,1555,2924,6870,77
9589,3492,1555,7248,4192,1113
9589,3492,1555,5813,8367,868
9589,3492,1555,5495,4291,7363
9589,3492,1555,5712,5589,2462
9589,3492,1555,9371,2245,9018
9589,3492,1555,5463,6360,5459
9589,3492,1555,3606,563,7161
9589,3492,1555,4001,595,5310
9589,3492,1555,113,115,3467
9589,3492,1555,8796,7813,7564
9589,3492,1555,8488,7373,149
9589,3492,1555,5772,2314,8219
9589,3492,1555,9465,6682,2253
9589,3492,1555,2546,118,1724
9589,3492,1555,3339,3292,6446
9589,3492,1555,4890,5553,5757
9589,3492,1555,6540,2772,4818
9589,3492,1555,2382,6306,5591
9589,3492,1555,8145,7275,5382
9589,3492,1555,8976,9265,683
9589,3492,1555,2580,7567,807
9589,3492,1555,8483,6277,3847
9589,3492,1555,1880,8373,946
9589,3492,1555,3076,1331,3761
9589,3492,1555,2951,9710,5088
9589,3492,1555,5507,730,2009
9589,3492,1555,1815,9131,9004
9589,3492,1555,916,1172,9822
9589,3492,1555,4673,6091,4522
9589,3492,1555,7972,6275,5850
9589,3492,1555,2573,6410,9246
9589,3492,1555,5846,2131,7105
9589,3492,1555,4918,591,4236
9589,3492,1555,9018,8338,6048
9589,3492,1555,1492,6042,2976
9589,3492,1555,7827,3901,9933
9589,3492,1555,2499,8279,5697
9589,3492,1555,8458,1974,4094
9589,3492,1555,3223,603,9024
9589,3492,1555,2621,9306,6856
9589,3492,1555,8974,1092,895
9589,3492,1555,2583,4786,6266
9589,3492,1555,3586,2275,1947
9589,3492,1555,7013,1471,3295
9589,3492,1555,1838,4006,8940
9589,3492,1555,2403,1159,2218
9589,3492,1555,7532,2545,5318
9589,3492,1555,9506,5394,8698
9589,3492,1555,5533,1292,7579
9589,3492,1555,7732,3932,3283
9589,3492,1555,3492,1187,4138
9589,3492,1555,1083,8252,2913
9589,3492,1555,592,9260,5408
9589,3492,1555,3270,4786,1811
9589,3492,1555,7447,7440,4086
9589,3492,1555,7855,6620,5837
9589,3492,1555,134,2496,8484
9589,3492,1555,7172,675,6590
9589,3492,1555,9739,922,6155
9589,3492,1555,9039,7054,6827
9589,3492,1555,8375,1752,2096
9589,3492,1555,6249,5856,2218
9589,3492,1555,8662,2965,3132
9589,3492,1555,2742,87,2443
9589,3492,1555,9890,9385,7064
9589,3492,1555,7081,9710,7634
9589,3492,1555,7005,4942,7639
9589,3492,1555,9322,3985,5813
9589,3492,1555,8557,2795,3996
9589,3492,1555,6109,2397,54
9589,3492,1555,8902,2164,3766
9589,3492,1555,3804,3416,5303
9589,3492,1555,6163,9904,6460
9589,3492,1555,6817,6708,3282
9589,3492,1555,364,5054,1859
9589,3492,1555,692,7613,3478
9589,3492,1555,4939,5386,6024
9589,3492,1555,6536,1106,5886
9589,3492,1555,4047,9668,3296
9589,3492,1555,4482,4510,701
9589,3492,1555,2662,1689,186
9589,3492,1555,4171,7921,2674
9589,3492,1555,2091,8866,7397
9589,3492,1555,6242,6557,9208
9589,3492,1555,9527,5002,1441
9589,3492,1555,562,2935,8954
9589,3492,1555,4497,5810,3304
9589,3492,1555,7020,8608,8057
9589,3492,1555,4944,8250,8363
9589,3492,1555,1597,6461,5147
9589,3492,1555,5570,8714,8419
9589,3492,1555,8588,4487,224
9589,3492,1555,8028,1740,8829
9589,3492,1555,212,2570,858
9589,3492,1555,6140,5266,8900
9589,3492,1555,4141,4508,621
9589,3492,1555,3022,7113,7657
9589,3492,1555,949,2482,4719
9589,3492,1555,5391,2326,5432
9589,3492,1555,1454,6676,5766
9589,3492,1555,8245,8609,6210
9589,3492,1555,3446,583,4353
9589,3492,1555,2498,5845,4142
9589,3492,1555,649,686,7738
9589,3492,1555,7089,9827,8464
9589,3492,1555,1419,6240,268
9589,3492,1555,4201,3131,3349
9589,3492,1555,9865,6988,1457
9589,3492,1555,5074,7266,3175
9589,3492,1555,8874,1545,466
9589,3492,1555,3676,4108,9420
9589,3492,1555,3057,314,50
9589,3492,1555,4892,4206,3960
9589,3492,1555,8883,9538,8762
9589,3492,1555,4505,7369,8223
9589,3492,1555,191,8091,63
9589,3492,1555,1189,7759,5506
9589,3492,1555,5458,648,9880
9589,3492,1555,9535,2423,1600
9589,3492,1555,8747,871,8697
9589,3492,1555,4770,6596,6293
9589,3492,1555,3509,3671,9930
9589,3492,1555,7721,3398,1213
9589,3492,1555,8506,8885,2240
9589,3492,1555,2373,2828,8724
9589,3492,1555,3701,6189,3962
9589,3492,1555,4694,5995,5531
9589,3492,1555,2549,9985,2041
9589,3492,1555,6335,3209,8911
9589,3492,1555,3000,6358,3822
9589,3492,1555,2724,6664,3468
9589,3492,1555,9839,1978,7652
9589,3492,1555,6456,2574,8632
9589,3492,1555,7874,2139,5401
9589,3492,1555,4709,7145,178
9589,3492,1555,2280,2958,2262
9589,3492,1555,2712,9564,5364
9589,3492,1555,4155,4091,3770
9589,3492,1555,371,6067,8093
9589,3492,1555,6140,2182,4630
9589,3492,1555,7648,571,9179
9589,3492,1555,2749,8692,6975
9589,3492,1555,7529,8200,8563
9589,3492,1555,4053,1486,5710
9589,3492,1555,920,1893,9521
9589,3492,1555,3872,4297,3357
9589,3492,1555,2444,8643,6881
9589,3492,1555,600,3025,1005
9589,3492,1555,810,8499,1259
9589,3492,1555,6606,7807,1815
9589,3492,1555,1132,5041,8707
9589,3492,1555,4222,6111,5797
9589,3492,1555,8851,9903,3993
9589,3492,1555,7417,8073,5022
9589,3492,1555,1681,4010,9756
9589,3492,1555,8639,9830,7623
9589,3492,1555,8223,3788,6990
9589,3492,1555,9526,5229,3454
9589,3492,1555,7673,7794,5333
9589,3492,1555,8930,5700,1687
9589,3492,1555,9469,8019,996
9589,3492,1555,8936,1931,9537
9589,3492,1555,610,9081,154
9589,3492,1555,9455,3498,1496
9589,3492,1555,9749,5857,8060
9589,3492,1555,1391,8788,8550
9589,3492,1555,1177,8328,6184
9589,3492,1555,4156,5887,593
9589,3492,1555,4534,2980,2938
9589,3492,1555,6083,2605,5127
9589,3492,1555,5740,654,5875
9589,3492,1555,9029,2491,4451
9589,3492,1555,9205,1926,5135
9589,3492,1555,6216,2961,5407
9589,3492,1555,7837,9343,1452
9589,3492,1555,9151,9476,78
9589,3492,1555,6252,8066,8987
9589,3492,1555,7768,729,7952
9589,3492,1555,7324,8790,6658
9589,3492,1555,3794,6254,9487
9589,3492,1555,7020,4506,242
9589,3492,1555,2163,7445,8939
9589,3492,1555,1316,9838,2268
9589,3492,1555,4771,9295,4562
9589,3492,1555,7916,5214,6525
9589,3492,1555,198,8007,5366
9589,3492,1555,3437,6250,3931
9589,3492,1555,2507,8710,7668
9589,3492,1555,8686,1251,2676
9589,3492,1555,4675,1801,2114
9589,3492,1555,5721,2272,7706
9589,3492,1555,9051,4190,3624
9589,3492,1555,6321,3356,5272
9589,3492,1555,7772,1655,1439
9589,3492,1555,8932,6532,8297
9589,3492,1555,6490,946,5362
9589,3492,1555,8839,9949,5900
9589,3492,1555,5046,2684,3523
9589,3492,1555,825,8055,3966
9589,3492,1555,7854,9625,8861
9589,3492,1555,4593,6139,7049
9589,3492,1555,3094,6201,8472
9589,3492,1555,9600,8728,2870
9589,3492,1555,3645,2367,4503
9589,3492,1555,1847,1071,2824
9589,3492,1555,5440,6463,2818
9589,3492,1555,695,6576,9536
9589,3492,1555,67,6379,9220
9589,3492,1555,6524,2277,8381
9589,3492,1555,5517,1694,8641
9589,3492,1555,429,9119,7788
9589,3492,1555,6187,9643,8825
9589,3492,1555,1745,5131,9273
9589,3492,1555,7507,3938,9553
9589,3492,1555,5467,9078,3123
9589,3492,1555,6616,8848,2202
9589,3492,1555,1903,3313,2189
9589,3492,1555,9895,9641,7418
9589,3492,1555,5580,7852,4600
9589,3492,1555,1195,7212,2003
9589,3492,1555,2711,3949,907
9589,3492,1555,7743,2054,8768
9589,3492,1555,3555,7840,3266
9589,3492,1555,6276,5410,2017
9589,3492,1555,8115,4374,1962
9589,3492,1555,1416,8560,3673
9589,3492,1555,206,6578,5046
9589,3492,1555,1187,8410,9157
9589,3492,1555,7596,3098,5899
9589,3492,1555,6837,2816,6865
9589,3492,1555,4106,3247,2912
9589,3492,1555,3698,5928,4203
9589,3492,1555,8759,1497,8036
9589,3492,1555,8295,6051,9109
9589,3492,1555,7814,248,9229
9589,3492,1555,2035,2708,1844
9589,3492,1555,9581,9155,4068
9589,3492,1555,5241,5326,4703
9589,3492,1555,5801,624,2996
9589,3492,1555,7975,128,6982
9589,3492,1555,2281,2844,100
9589,3492,1555,2336,9453,3764
9589,3492,1555,7778,8040,9122
9589,3492,1555,4393,9859,2032
9589,3492,1555,5892,4254,5589
9589,3492,1555,8104,5765,6418
9589,3492,1555,306,7321,484
9589,3492,1555,8589,1640,7334
9589,3492,1555,991,4976,1716
9589,3492,1555,7520,2760,15
9589,3492,1555,6270,6036,9539
9589,3492,1555,104,3867,445
9589,3492,1555,3935,4418,9670
9589,3492,1555,3819,3932,634
9589,3492,1555,6489,9170,2521
9589,3492,1555,5304,3040,9312
9589,3492,1555,2047,9359,9597
9589,3492,1555,4506,3384,8924
9589,3492,1555,7413,4696,6396
9589,3492,1555,2926,9321,2982
9589,3492,1555,1086,3870,547
9589,3492,1555,786,8237,1994
9589,3492,1555,5637,861,9230
9589,3492,1555,4230,2697,4966
9589,3492,1555,1793,2639,108
9589,3492,1555,770,9447,266
9589,3492,1555,4742,5575,1812
9589,3492,1555,5518,9156,612
9589,3492,1555,2124,5082,5238
9589,3492,1555,6338,2117,919
9589,3492,1555,8716,1071,4697
9589,3492,1555,1446,58,6319
9589,3492,1555,1221,59,2573
9589,3492,1555,7717,2201,3593
9589,3492,1555,4129,2096,4968
9589,3492,1555,8961,4315,1897
9589,3492,1555,2782,1270,2375
9589,3492,1555,2772,9234,5613
9589,3492,1555,5800,6781,9064
9589,3492,1555,1516,39,9748
9589,3492,1555,400,1107,6312
9589,3492,1555,6173,7249,419
9589,3492,1555,2257,727,9745
9589,3492,1555,8713,3324,174
9589,3492,1555,56,6932,1290
9589,3492,1555,9152,5635,7297
9589,3492,1555,613,3044,6772
9589,3492,1555,9402,6408,4954
9589,3492,1555,8812,6814,9003
9589,3492,1555,7069,1905,464
9589,3492,1555,1269,5363,8821
9589,3492,1555,4148,2879,5852
9589,3492,1555,7965,1872,7596
9589,3492,1555,2693,4459,7810
9589,3492,1555,7543,3771,5853
9589,3492,1555,3761,1693,508
9589,3492,1555,9740,4006,2960
9589,3492,1555,4894,5074,7794
9589,3492,1555,615,9792,7318
9589,3492,1555,145,770,7537
9589,3492,1555,3106,4117,1697
9589,3492,1555,8958,9566,3546
9589,3492,1555,3070,7799,511
9589,3492,1555,8806,7640,6946
9589,3492,1555,2960,9172,4586
9589,3492,1555,5836,7616,5973
9589,3492,1555,7383,1568,4783
9589,3492,1555,6494,247,1747
9589,3492,1555,9519,3388,1464
9589,3492,1555,7786,2451,6408
9589,3492,1555,1619,7694,1790
9589,3492,1555,8106,9025,7190
9589,3492,1555,6639,3601,8235
9589,3492,1555,5612,8253,7025
9589,3492,1555,2307,4466,9687
9589,3492,1555,2395,4744,7290
9589,3492,1555,1225,8288,9836
9589,3492,1555,4647,9522,8578
9589,3492,1555,5171,3960,3557
9589,3492,1555,164,2478,3722
9589,3492,1555,13,2347,5827
9589,3492,1555,9890,1755,6440
9589,3492,1555,8519,8910,7613
9589,3492,1555,7591,410,1117
9589,3492,1555,5717,8555,6608
9589,3492,1555,2729,3162,1364
9589,3492,1555,4238,2536,9069
9589,3492,1555,918,5853,787
9589,3492,1555,1129,1176,3774
9589,3492,1555,6315,3469,6454
9589,3492,1555,6996,2964,2411
9589,3492,1555,5056,4936,9988
9589,3492,1555,7088,1301,6309
9589,3492,1555,703,1429,6034
9589,3492,1555,3142,2002,5870
9589,3492,1555,2531,8961,190
9589,3492,1555,4511,1912,7370
9589,3492,1555,3868,7856,7248
9589,3492,1555,3213,3340,8303
9589,3492,1555,4610,7865,8140
9589,3492,1555,9657,481,5626
9589,3492,1555,8125,3223,1514
9589,3492,1555,4565,2451,3095
9589,3492,1555,7524,9108,3599
9589,3492,1555,5856,4106,9152
9589,3492,1555,595,8207,1858
9589,3492,1555,9005,2389,1158
9589,3492,1555,1572,1059,5049
9589,3492,1555,8970,2657,6734
9589,3492,1555,1004,9950,9740
9589,3492,1555,6715,5828,1093
9589,3492,1555,1352,2383,4602
9589,3492,1555,154,9598,3286
9589,3492,1555,2411,6996,6530
9589,3492,1555,1056,4294,7757
9589,3492,1555,3740,7783,4427
9589,3492,1555,8614,1162,2382
9589,3492,1555,132,9656,7225
9589,3492,1555,3303,190,3660
9589,3492,1555,2970,2225,4494
9589,3492,1555,5514,1811,1153
9589,3492,1555,8200,1223,1222
9589,3492,1555,916,8938,6993
9589,3492,1555,5018,8043,8889
9589,3492,1555,5000,6823,4341
9589,3492,1555,2934,3300,9199
9589,3492,1555,6362,2544,8402
9589,3492,1555,1296,6393,9892
9589,3492,1555,6915,6705,8336
9589,3492,1555,7784,4008,6197
9589,3492,1555,4390,2964,306
9589,3492,1555,6364,7441,5324
9589,3492,1555,2416,753,1564
9589,3492,1555,4968,8562,2181
9589,3492,1555,9192,3645,2394
9589,3492,1555,5308,9598,5420
9589,3492,1555,1775,8412,8870
9589,3492,1555,3611,5394,8384
9589,3492,1555,1241,1073,8126
9589,3492,1555,7523,4917,8663
9589,3492,1555,9808,7139,3103
9589,3492,1555,822,1961,1375
9589,3492,1555,5966,8034,1867
9589,3492,1555,3882,8810,9267
