9316,8039,3685,9477,1850,5354
9316,8039,3685,1569,9854,5803
9316,8039,3685,3550,2049,3767
9316,8039,3685,4984,5252,3833
9316,8039,3685,8911,9467,9417
9316,8039,3685,3349,5820,6516
9316,8039,3685,6838,6365,7268
9316,8039,3685,178,6521,7422
9316,8039,3685,9400,682,2654
9316,8039,3685,1852,3833,3101
9316,8039,3685,1409,8353,6152
9316,8039,3685,2000,2100,8735
9316,8039,3685,7167,9593,1160
9316,8039,3685,9338,6882,8149
9316,8039,3685,1920,9422,5974
9316,8039,3685,7240,7507,9544
9316,8039,3685,6392,6212,7203
9316,8039,3685,9964,679,6724
9316,8039,3685,1887,3292,7881
9316,8039,3685,3249,6300,3749
9316,8039,3685,7082,4023,9008
9316,8039,3685,7012,6306,1253
9316,8039,3685,7830,8312,2434
9316,8039,3685,5734,4685,1535
9316,8039,3685,163,7545,1856
9316,8039,3685,1552,8838,4397
9316,8039,3685,6064,2799,8006
9316,8039,3685,8859,5232,8457
9316,8039,3685,1865,2711,4791
9316,8039,3685,3347,5065,2173
9316,8039,3685,3120,3157,4608
9316,8039,3685,7858,3417,433
9316,8039,3685,9558,3230,430
9316,8039,3685,382,5209,3662
9316,8039,3685,3817,18,1169
9316,8039,3685,3187,9017,9751
9316,8039,3685,9972,6724,7459
9316,8039,3685,7360,6224,570
9316,8039,3685,9838,2574,331
9316,8039,3685,3858,5140,5221
9316,8039,3685,2272,4078,2569
9316,8039,3685,9890,235,1483
9316,8039,3685,5437,3875,5391
9316,8039,3685,482,3124,13
9316,8039,3685,1968,1051,3037
9316,8039,3685,2975,8172,9288
9316,8039,3685,3956,9798,5331
9316,8039,3685,5283,3216,8018
9316,8039,3685,1623,8673,348
9316,8039,3685,1107,3758,6793
9316,8039,3685,1619,5330,813
9316,8039,3685,4297,7039,8313
9316,8039,3685,2331,1029,2276
9316,8039,3685,7429,466,5679
9316,8039,3685,718,4192,1788
9316,8039,3685,6552,6137,5345
9316,8039,3685,956,6226,4771
9316,8039,3685,8982,8265,7935
9316,8039,3685,9550,9166,9448
9316,8039,3685,5831,929,336
9316,8039,3685,6165,878,6389
9316,8039,3685,3604,3429,6879
9316,8039,3685,1008,43,9307
9316,8039,3685,2981,6824,8330
9316,8039,3685,5854,2378,6366
9316,8039,3685,3440,1158,8726
9316,8039,3685,3883,4215,7063
9316,8039,3685,9356,8897,4351
9316,8039,3685,7515,9997,206
9316,8039,3685,8203,7197,3640
9316,8039,3685,1401,1840,6771
9316,8039,3685,5828,5262,7083
9316,8039,3685,4584,1892,5339
9316,8039,3685,8538,2405,3794
9316,8039,3685,8995,5946,9423
9316,8039,3685,6832,4894,9829
9316,8039,3685,4569,2626,4388
9316,8039,3685,8454,276,9113
9316,8039,3685,6210,8441,7593
9316,8039,3685,6836,465,3658
9316,8039,3685,7342,2621,7523
9316,8039,3685,7463,779,1541
9316,8039,3685,8101,967,5140
9316,8039,3685,4503,875,7003
9316,8039,3685,6440,4364,2526
9316,8039,3685,4392,1385,8300
9316,8039,3685,6651,6432,3955
9316,8039,3685,3361,926,4882
9316,8039,3685,7805,1988,8372
9316,8039,3685,1512,1077,7751
9316,8039,3685,6286,4443,7695
9316,8039,3685,4419,102,9134
9316,8039,3685,845,4019,5765
9316,8039,3685,9603,2652,3512
9316,8039,3685,3670,3308,5663
9316,8039,3685,7052,1410,1060
9316,8039,3685,7449,6076,4674
9316,8039,3685,9659,8508,4356
9316,8039,3685,5695,2206,1374
9316,8039,3685,7407,9764,8828
9316,8039,3685,4077,8271,7856
9316,8039,3685,585,2285,3639
9316,8039,3685,4670,5058,6940
9316,8039,3685,5655,1893,7368
9316,8039,3685,9581,7056,1968
9316,8039,3685,9588,4339,4598
9316,8039,3685,694,2776,4821
9316,8039,3685,5821,3461,5464
9316,8039,3685,114,9071,9161
9316,8039,3685,7958,1018,7920
9316,8039,3685,8989,1196,8523
9316,8039,3685,8342,9647,5879
9316,8039,3685,4789,4054,4292
9316,8039,3685,2919,2594,5926
9316,8039,3685,150,5971,4662
9316,8039,3685,5905,1274,7760
9316,8039,3685,6778,6993,9363
9316,8039,3685,7871,7209,8573
9316,8039,3685,9979,3842,7796
9316,8039,3685,651,7209,6433
9316,8039,3685,3878,2558,9510
9316,8039,3685,5163,4089,2453
9316,8039,3685,1354,3379,8948
9316,8039,3685,6587,4303,4839
9316,8039,3685,1982,8615,6016
9316,8039,3685,567,6805,9315
9316,8039,3685,2263,4058,8826
9316,8039,3685,3476,5144,5089
9316,8039,3685,1294,6617,1675
9316,8039,3685,7196,9137,7495
9316,8039,3685,3885,8859,8141
9316,8039,3685,6248,5751,8337
9316,8039,3685,3417,4010,2889
9316,8039,3685,660,1242,1682
9316,8039,3685,9897,5045,8481
9316,8039,3685,5408,6496,7981
9316,8039,3685,9709,8183,7077
9316,8039,3685,6241,976,9252
9316,8039,3685,9243,4599,4645
9316,8039,3685,5277,8097,2664
9316,8039,3685,3957,6732,5754
9316,8039,3685,4258,1983,7780
9316,8039,3685,8049,3570,9421
9316,8039,3685,2206,9757,7635
9316,8039,3685,6530,2662,8091
9316,8039,3685,2527,4366,1127
9316,8039,3685,5447,3438,1444
9316,8039,3685,4585,313,5205
9316,8039,3685,8631,6257,831
9316,8039,3685,1521,7270,1854
9316,8039,3685,8133,2655,363
9316,8039,3685,6581,3424,9309
9316,8039,3685,5215,299,7376
9316,8039,3685,2599,2651,2860
9316,8039,3685,828,6570,9177
9316,8039,3685,6407,5779,2082
9316,8039,3685,908,3178,3587
9316,8039,3685,4319,4758,6158
9316,8039,3685,861,649,2594
9316,8039,3685,6485,6867,765
9316,8039,3685,1076,188,3323
9316,8039,3685,7167,2257,438
9316,8039,3685,4987,3511,4841
9316,8039,3685,4977,8131,683
9316,8039,3685,9382,1756,1107
9316,8039,3685,3596,5782,3950
9316,8039,3685,6466,9272,9310
9316,8039,3685,1845,3831,8597
9316,8039,3685,8815,1182,581
9316,8039,3685,3301,8104,6913
9316,8039,3685,1957,5185,5714
9316,8039,3685,6982,2184,6481
9316,8039,3685,4616,8460,6911
9316,8039,3685,5205,379,5031
9316,8039,3685,2860,5322,8671
9316,8039,3685,9785,3654,2121
9316,8039,3685,5848,9770,154
9316,8039,3685,3482,8018,4518
9316,8039,3685,2687,577,7346
9316,8039,3685,964,4907,4132
9316,8039,3685,5170,4834,4336
9316,8039,3685,8272,7135,3749
9316,8039,3685,590,9170,8863
9316,8039,3685,9808,8421,1045
9316,8039,3685,9284,5084,5829
9316,8039,3685,281,4743,2749
9316,8039,3685,9730,3708,8648
9316,8039,3685,4222,7019,6262
9316,8039,3685,9509,3994,8044
9316,8039,3685,2424,8239,7222
9316,8039,3685,8147,9649,8230
9316,8039,3685,7232,820,5059
9316,8039,3685,2033,4828,6714
9316,8039,3685,2331,8749,6996
9316,8039,3685,3919,3865,6721
9316,8039,3685,8434,2343,1537
9316,8039,3685,8362,5419,4879
9316,8039,3685,4886,3135,5464
9316,8039,3685,8829,6682,8846
9316,8039,3685,6687,7341,2966
9316,8039,3685,6296,5703,1773
9316,8039,3685,6036,9858,7039
9316,8039,3685,3834,9437,408
9316,8039,3685,4561,1720,3132
9316,8039,3685,8186,4923,8602
9316,8039,3685,1841,7911,1313
9316,8039,3685,8791,2846,2139
9316,8039,3685,5349,9695,1715
9316,8039,3685,2196,8338,3376
9316,8039,3685,9531,8761,6784
9316,8039,3685,6743,8770,8216
9316,8039,3685,3719,7416,2602
9316,8039,3685,4579,4518,5773
9316,8039,3685,3995,3708,8081
9316,8039,3685,7471,5510,9595
9316,8039,3685,4737,1030,665
9316,8039,3685,9914,4480,9507
9316,8039,3685,3527,5134,4771
9316,8039,3685,44,286,2093
9316,8039,3685,7054,7148,4047
9316,8039,3685,2978,309,7156
9316,8039,3685,4948,9964,4997
9316,8039,3685,8241,4385,6740
9316,8039,3685,4440,5713,7932
9316,8039,3685,4914,2635,9988
9316,8039,3685,636,5580,9948
9316,8039,3685,1355,8867,1961
9316,8039,3685,3168,9263,5575
9316,8039,3685,4625,873,5233
9316,8039,3685,6835,1645,7792
9316,8039,3685,4824,6585,8224
9316,8039,3685,7578,470,4987
9316,8039,3685,9602,602,7766
9316,8039,3685,7285,5238,5160
9316,8039,3685,2382,3674,9318
9316,8039,3685,9001,5311,9305
9316,8039,3685,4057,3843,5913
9316,8039,3685,5364,8478,8982
9316,8039,3685,8757,5144,2557
9316,8039,3685,7395,3445,4379
9316,8039,3685,6898,7828,252
9316,8039,3685,7037,2321,952
9316,8039,3685,7746,3260,3574
9316,8039,3685,701,798,7747
9316,8039,3685,5550,3476,279
9316,8039,3685,1564,4280,2334
9316,8039,3685,1127,1021,2678
9316,8039,3685,515,1579,4483
9316,8039,3685,8178,5237,2487
9316,8039,3685,6106,544,582
9316,8039,3685,6221,7312,6306
9316,8039,3685,2134,8565,9192
9316,8039,3685,8813,8839,3592
9316,8039,3685,7934,7392,1037
9316,8039,3685,4553,1752,3225
9316,8039,3685,8951,4769,9236
9316,8039,3685,8325,2055,1070
9316,8039,3685,1000,9671,5044
9316,8039,3685,1596,3197,7245
9316,8039,3685,7002,8852,5231
9316,8039,3685,2773,3717,208
9316,8039,3685,2799,2786,826
9316,8039,3685,8696,5155,9824
9316,8039,3685,4978,56,5474
9316,8039,3685,2997,5920,4042
9316,8039,3685,791,73,4300
9316,8039,3685,4369,3074,2444
9316,8039,3685,9004,5593,1406
9316,8039,3685,2097,8068,6560
9316,8039,3685,8000,3972,4289
9316,8039,3685,8796,9449,8545
9316,8039,3685,6306,1179,137
9316,8039,3685,2751,2211,7039
9316,8039,3685,7708,8688,448
9316,8039,3685,7776,4470,4053
9316,8039,3685,1615,2750,96
9316,8039,3685,7502,4955,6616
9316,8039,3685,59,4559,7012
9316,8039,3685,3346,8357,236
9316,8039,3685,1960,3929,6445
9316,8039,3685,3161,2096,8072
9316,8039,3685,7475,8116,9674
9316,8039,3685,3170,2316,6617
9316,8039,3685,9628,1793,270
9316,8039,3685,2187,9104,6928
9316,8039,3685,1848,3315,1648
9316,8039,3685,1698,7384,7933
9316,8039,3685,1742,1116,609
9316,8039,3685,5610,9608,2655
9316,8039,3685,6393,5076,8175
9316,8039,3685,3774,2625,3072
9316,8039,3685,7137,1565,4004
9316,8039,3685,3064,5855,8012
9316,8039,3685,7983,8456,7415
9316,8039,3685,5718,484,1187
9316,8039,3685,4349,551,1923
9316,8039,3685,7921,5737,4280
9316,8039,3685,9541,1223,4608
9316,8039,3685,498,9647,3696
9316,8039,3685,3575,9986,5481
9316,8039,3685,9763,8041,5995
9316,8039,3685,8125,6447,3573
9316,8039,3685,3097,9652,5068
9316,8039,3685,7496,5889,4240
9316,8039,3685,9272,9599,7701
9316,8039,3685,8948,8725,9350
9316,8039,3685,5799,5982,2453
9316,8039,3685,3091,6252,8452
9316,8039,3685,2692,8385,9912
9316,8039,3685,827,8485,3827
9316,8039,3685,7412,96,1725
9316,8039,3685,2864,9748,6400
9316,8039,3685,1917,3276,4066
9316,8039,3685,5900,3808,6734
9316,8039,3685,1464,4456,6193
9316,8039,3685,9859,3814,496
9316,8039,3685,1090,8872,8642
9316,8039,3685,3040,3149,9341
9316,8039,3685,1794,2608,3689
9316,8039,3685,9885,908,5466
9316,8039,3685,4733,7873,7093
9316,8039,3685,2688,4719,3971
9316,8039,3685,8668,4496,1939
9316,8039,3685,5884,4321,8740
9316,8039,3685,6814,5883,3979
9316,8039,3685,3674,9598,4217
9316,8039,3685,3668,2007,2850
9316,8039,3685,739,810,7892
9316,8039,3685,9891,7535,6585
9316,8039,3685,8161,5942,9985
9316,8039,3685,3868,2753,6383
9316,8039,3685,1310,2580,6000
9316,8039,3685,965,8797,4765
9316,8039,3685,2526,830,9360
9316,8039,3685,800,9771,1378
9316,8039,3685,9541,768,6578
9316,8039,3685,6448,7164,6529
9316,8039,3685,1370,3778,5976
9316,8039,3685,3435,7391,1492
9316,8039,3685,1988,9396,839
9316,8039,3685,888,4095,4805
9316,8039,3685,3297,1634,6155
9316,8039,3685,9296,7907,9198
9316,8039,3685,6925,6248,7523
9316,8039,3685,2556,3582,7031
9316,8039,3685,9229,1942,6335
9316,8039,3685,1508,3063,4503
9316,8039,3685,2948,1372,8382
9316,8039,3685,5403,2872,1050
9316,8039,3685,8049,9067,515
9316,8039,3685,8539,8699,4944
9316,8039,3685,8405,3162,8574
9316,8039,3685,5636,5075,7526
9316,8039,3685,2363,1710,813
9316,8039,3685,3737,6926,280
9316,8039,3685,3067,9600,6471
9316,8039,3685,2000,3982,1277
9316,8039,3685,5574,6273,22
9316,8039,3685,3461,8472,4874
9316,8039,3685,7589,931,4309
9316,8039,3685,6711,2736,872
9316,8039,3685,4652,2990,197
9316,8039,3685,8021,8009,7112
9316,8039,3685,52,3213,2082
9316,8039,3685,5950,2429,8244
9316,8039,3685,2128,5096,5172
9316,8039,3685,8734,5921,1175
9316,8039,3685,6702,6792,5913
9316,8039,3685,7366,2022,550
9316,8039,3685,5605,6276,5159
9316,8039,3685,6034,1382,554
9316,8039,3685,7072,9463,4143
9316,8039,3685,3488,3943,1272
9316,8039,3685,1962,8284,5373
9316,8039,3685,4802,6245,2950
9316,8039,3685,9974,5378,6263
9316,8039,3685,8959,7431,6632
9316,8039,3685,8021,62,3210
9316,8039,3685,2249,1659,1849
9316,8039,3685,8362,3160,469
9316,8039,3685,8184,541,307
9316,8039,3685,907,4055,8915
9316,8039,3685,9199,8288,9356
9316,8039,3685,9296,6747,5888
9316,8039,3685,4416,7981,7864
9316,8039,3685,1809,6004,9148
9316,8039,3685,8095,1756,3561
9316,8039,3685,370,1563,6712
9316,8039,3685,7293,4133,6483
9316,8039,3685,3426,3665,1375
9316,8039,3685,2319,5678,9752
9316,8039,3685,7932,1652,387
9316,8039,3685,5687,3458,6470
9316,8039,3685,1865,9690,9199
9316,8039,3685,8470,2252,6656
9316,8039,3685,5402,7952,4747
9316,8039,3685,8319,479,6449
9316,8039,3685,6727,8814,7009
9316,8039,3685,9434,5468,6226
9316,8039,3685,3220,5104,3600
9316,8039,3685,1515,5522,7069
9316,8039,3685,3811,874,9818
9316,8039,3685,9693,562,9131
9316,8039,3685,9702,9230,8447
9316,8039,3685,2642,6645,5164
9316,8039,3685,6360,2046,3774
9316,8039,3685,146,4587,4159
9316,8039,3685,1979,5104,78
9316,8039,3685,5100,7048,9747
9316,8039,3685,9848,5242,9857
9316,8039,3685,439,6207,8454
9316,8039,3685,682,2665,7079
9316,8039,3685,7361,8910,9031
9316,8039,3685,7910,9591,9617
9316,8039,3685,7607,8702,4537
9316,8039,3685,4783,4673,9377
9316,8039,3685,2525,2864,7909
9316,8039,3685,5651,342,5702
9316,8039,3685,3241,7592,2989
9316,8039,3685,9909,9616,6141
9316,8039,3685,4130,3797,5667
9316,8039,3685,5807,4149,3204
9316,8039,3685,700,9823,3714
9316,8039,3685,5500,9192,9707
9316,8039,3685,9681,9360,9501
9316,8039,3685,9376,9354,2451
9316,8039,3685,9228,5533,6772
9316,8039,3685,394,7553,4833
9316,8039,3685,1994,1008,3303
9316,8039,3685,8865,9950,2162
9316,8039,3685,5107,2241,840
9316,8039,3685,4136,6746,5363
9316,8039,3685,5087,6439,4536
9316,8039,3685,4794,9834,922
9316,8039,3685,4938,389,9270
9316,8039,3685,1825,5649,1129
9316,8039,3685,3074,8729,8476
9316,8039,3685,5744,9679,4451
9316,8039,3685,939,9598,7604
9316,8039,3685,1435,6750,7702
9316,8039,3685,7764,3023,1725
9316,8039,3685,279,5412,6986
9316,8039,3685,4725,4511,4215
9316,8039,3685,3631,961,7960
9316,8039,3685,717,6165,9759
9316,8039,3685,5377,7839,6640
9316,8039,3685,9390,1363,4094
9316,8039,3685,185,1997,221
9316,8039,3685,6036,5185,7032
9316,8039,3685,4679,2130,430
9316,8039,3685,792,3068,3996
9316,8039,3685,9631,6832,9041
9316,8039,3685,4263,3356,4273
9316,8039,3685,1903,4994,297
9316,8039,3685,7166,4634,1178
9316,8039,3685,9312,6186,1583
9316,8039,3685,7860,8553,495
9316,8039,3685,4826,645,6652
9316,8039,3685,6625,9163,7237
9316,8039,3685,1079,8428,6552
9316,8039,3685,1003,984,5386
9316,8039,3685,250,8186,4994
9316,8039,3685,121,3828,5189
9316,8039,3685,7897,2289,8241
9316,8039,3685,9215,3271,1785
9316,8039,3685,897,7079,5690
9316,8039,3685,7436,7548,5001
9316,8039,3685,6506,767,285
9316,8039,3685,2128,8312,5121
9316,8039,3685,3510,3277,8036
9316,8039,3685,1080,1209,3542
9316,8039,3685,5204,3357,710
9316,8039,3685,9940,1123,9276
9316,8039,3685,3952,1053,804
9316,8039,3685,1378,3381,868
9316,8039,3685,4926,1254,9879
9316,8039,3685,494,5483,4496
9316,8039,3685,9191,1499,4330
9316,8039,3685,8501,3907,6376
9316,8039,3685,3473,5347,2415
9316,8039,3685,2372,8701,3593
9316,8039,3685,9998,9702,728
9316,8039,3685,5687,5886,948
9316,8039,3685,5905,9061,5218
9316,8039,3685,1540,8708,7214
9316,8039,3685,8459,3505,9462
9316,8039,3685,237,8711,2197
9316,8039,3685,21,2378,8692
9316,8039,3685,4220,6442,7461
9316,8039,3685,3009,541,9828
9316,8039,3685,6468,2150,8037
9316,8039,3685,5415,9702,4950
9316,8039,3685,9205,907,422
9316,8039,3685,8112,8632,9763
9316,8039,3685,508,5718,4384
9316,8039,3685,4406,1553,8832
9316,8039,3685,8743,5727,9519
9316,8039,3685,7901,9430,4164
9316,8039,3685,8598,9800,6952
9316,8039,3685,4379,4724,5737
9316,8039,3685,6042,4511,4290
9316,8039,3685,8192,7012,5841
9316,8039,3685,6812,7859,4280
9316,8039,3685,7218,1644,4109
9316,8039,3685,5851,386,796
9316,8039,3685,9086,2211,9617
9316,8039,3685,6995,9890,3449
9316,8039,3685,9668,132,8430
9316,8039,3685,2076,3050,5107
9316,8039,3685,3021,7385,2644
