8699,8727,4519,8388,3645,6313
8699,8727,4519,6255,5309,265
8699,8727,4519,2938,3267,2182
8699,8727,4519,8661,1161,3897
8699,8727,4519,4157,4967,5227
8699,8727,4519,3136,2352,4144
8699,8727,4519,6857,9293,9894
8699,8727,4519,1193,9479,9091
8699,8727,4519,1775,8443,1584
8699,8727,4519,3963,9682,1850
8699,8727,4519,755,7636,5998
8699,8727,4519,8605,1726,1128
8699,8727,4519,3603,356,9743
8699,8727,4519,4752,3447,8672
8699,8727,4519,756,2634,4469
8699,8727,4519,4283,561,2760
8699,8727,4519,751,7381,4815
8699,8727,4519,3604,6539,8301
8699,8727,4519,4143,2054,3013
8699,8727,4519,3395,501,5312
8699,8727,4519,7343,528,1232
8699,8727,4519,8748,6159,3151
8699,8727,4519,1966,9282,2840
8699,8727,4519,6676,2586,3446
8699,8727,4519,726,3344,3225
8699,8727,4519,3418,5693,8560
8699,8727,4519,1464,2865,2166
8699,8727,4519,9291,4358,6806
8699,8727,4519,4764,159,4149
8699,8727,4519,1102,7960,3446
8699,8727,4519,1060,9375,7806
8699,8727,4519,6480,4804,5665
8699,8727,4519,9398,4378,8907
8699,8727,4519,9389,3193,8423
8699,8727,4519,8841,9297,3037
8699,8727,4519,7610,3013,9224
8699,8727,4519,3013,1426,1088
8699,8727,4519,5806,4453,7899
8699,8727,4519,546,2193,5549
8699,8727,4519,4033,5603,8944
8699,8727,4519,8257,3642,9388
8699,8727,4519,2971,7794,7119
8699,8727,4519,2060,2013,3382
8699,8727,4519,4085,910,3023
8699,8727,4519,7987,1031,2689
8699,8727,4519,4504,6210,1438
8699,8727,4519,7290,543,8608
8699,8727,4519,999,9664,8520
8699,8727,4519,4015,1557,7815
8699,8727,4519,6825,2997,9429
8699,8727,4519,7376,3069,3758
8699,8727,4519,6384,4491,9487
8699,8727,4519,208,3975,9434
8699,8727,4519,4092,8305,7725
8699,8727,4519,9455,8263,3745
8699,8727,4519,4521,7270,3517
8699,8727,4519,1915,9872,2824
8699,8727,4519,2727,2257,3013
8699,8727,4519,3501,8411,7081
8699,8727,4519,4379,9705,9807
8699,8727,4519,7207,4776,2957
8699,8727,4519,8423,5258,3340
8699,8727,4519,4251,4546,1535
8699,8727,4519,4635,9307,3866
8699,8727,4519,4194,7110,8289
8699,8727,4519,8329,5714,5741
8699,8727,4519,101,224,3062
8699,8727,4519,6517,8467,8615
8699,8727,4519,7254,3717,2222
8699,8727,4519,9930,442,9152
8699,8727,4519,4831,482,5804
8699,8727,4519,49,6552,448
8699,8727,4519,1036,7770,1788
8699,8727,4519,4233,3953,7671
8699,8727,4519,8517,3423,1378
8699,8727,4519,8903,2526,4111
8699,8727,4519,4974,1640,7537
8699,8727,4519,8721,823,7911
8699,8727,4519,6341,950,5026
8699,8727,4519,9761,9756,9825
8699,8727,4519,5796,10,9243
8699,8727,4519,3337,3745,2818
8699,8727,4519,6020,5148,2826
8699,8727,4519,6585,2385,1380
8699,8727,4519,3379,7957,1390
8699,8727,4519,2595,3951,4699
8699,8727,4519,7334,8497,1039
8699,8727,4519,3988,4661,5867
8699,8727,4519,2047,9466,7554
8699,8727,4519,5484,1038,6478
8699,8727,4519,8949,3882,14
8699,8727,4519,9643,3925,1720
8699,8727,4519,6387,9171,7123
8699,8727,4519,4129,4804,669
8699,8727,4519,3232,870,9254
8699,8727,4519,1149,5780,9397
8699,8727,4519,8545,2297,1945
8699,8727,4519,5366,6832,8633
8699,8727,4519,9113,7155,6431
8699,8727,4519,3359,3380,7373
8699,8727,4519,6946,709,1032
8699,8727,4519,1259,8739,1351
8699,8727,4519,5463,9657,5130
8699,8727,4519,8857,5393,4210
8699,8727,4519,2804,334,194
8699,8727,4519,5460,1351,3458
8699,8727,4519,1178,3345,8561
8699,8727,4519,9930,1906,2833
8699,8727,4519,6193,6227,6530
8699,8727,4519,3561,4078,4501
8699,8727,4519,5289,7990,518
8699,8727,4519,6923,5462,2753
8699,8727,4519,1864,5658,4011
8699,8727,4519,4060,7421,6668
8699,8727,4519,3914,4461,2228
8699,8727,4519,96,5257,2766
8699,8727,4519,5886,579,2289
8699,8727,4519,1604,1249,3831
8699,8727,4519,8303,93,3772
8699,8727,4519,7479,2371,9259
8699,8727,4519,9293,4107,435
8699,8727,4519,5319,6694,5416
8699,8727,4519,4605,5293,7752
8699,8727,4519,4502,4414,6685
8699,8727,4519,2848,5878,5498
8699,8727,4519,2409,1866,9978
8699,8727,4519,9902,2496,5389
8699,8727,4519,9175,68,5057
8699,8727,4519,2414,1725,8156
8699,8727,4519,3898,1483,6350
8699,8727,4519,4283,8174,9372
8699,8727,4519,1351,1679,7989
8699,8727,4519,5045,4905,3133
8699,8727,4519,9291,1485,5073
8699,8727,4519,5720,7563,72
8699,8727,4519,6557,6157,8185
8699,8727,4519,9661,428,2398
8699,8727,4519,7572,3591,262
8699,8727,4519,1458,142,3171
8699,8727,4519,8058,1816,7550
8699,8727,4519,3301,5912,2998
8699,8727,4519,9224,3931,1565
8699,8727,4519,8473,7212,4849
8699,8727,4519,8268,6857,5742
8699,8727,4519,9698,5571,1683
8699,8727,4519,7887,7691,546
8699,8727,4519,1894,7328,8678
8699,8727,4519,3494,7803,5197
8699,8727,4519,8370,4068,5795
8699,8727,4519,1709,9728,1343
8699,8727,4519,7205,1992,7714
8699,8727,4519,5088,7010,2567
8699,8727,4519,7090,4653,4712
8699,8727,4519,6974,5768,5125
8699,8727,4519,8422,7260,522
8699,8727,4519,3326,738,8988
8699,8727,4519,7018,9157,8958
8699,8727,4519,9080,721,9260
8699,8727,4519,8621,8315,9712
8699,8727,4519,2964,5316,3004
8699,8727,4519,1694,7866,2125
8699,8727,4519,2352,9306,513
8699,8727,4519,8238,4544,6941
8699,8727,4519,1137,8250,5357
8699,8727,4519,8313,4048,3532
8699,8727,4519,2892,4718,7791
8699,8727,4519,3729,7519,2321
8699,8727,4519,7228,7690,8748
8699,8727,4519,154,4717,1125
8699,8727,4519,2964,2507,6178
8699,8727,4519,8811,3431,4777
8699,8727,4519,4237,188,5792
8699,8727,4519,5036,6035,7938
8699,8727,4519,3609,5435,7353
8699,8727,4519,1983,8722,3131
8699,8727,4519,1603,1877,8527
8699,8727,4519,554,3749,7583
8699,8727,4519,2129,3770,4810
8699,8727,4519,1711,2592,1030
8699,8727,4519,7126,8327,1428
8699,8727,4519,1898,3940,1813
8699,8727,4519,714,5246,8197
8699,8727,4519,6686,4814,9377
8699,8727,4519,1355,3600,3887
8699,8727,4519,8005,5018,6885
8699,8727,4519,7812,6858,9948
8699,8727,4519,2900,5391,6624
8699,8727,4519,3989,4578,3108
8699,8727,4519,2438,1395,7474
8699,8727,4519,9742,6322,5191
8699,8727,4519,3977,8834,2685
8699,8727,4519,8510,7787,8963
8699,8727,4519,6623,9925,2957
8699,8727,4519,4819,9819,7823
8699,8727,4519,9623,1883,6826
8699,8727,4519,2123,4955,1613
8699,8727,4519,4339,6940,1944
8699,8727,4519,4933,7347,8665
8699,8727,4519,3245,6754,1548
8699,8727,4519,5899,1580,3390
8699,8727,4519,1818,7973,6467
8699,8727,4519,7987,5594,8176
8699,8727,4519,3395,5742,3542
8699,8727,4519,4531,6110,3103
8699,8727,4519,4762,1706,3281
8699,8727,4519,6494,7067,354
8699,8727,4519,4401,9321,5539
8699,8727,4519,1282,177,1012
8699,8727,4519,2084,5216,7018
8699,8727,4519,8400,2722,9191
8699,8727,4519,7116,389,8878
8699,8727,4519,8658,4055,5507
8699,8727,4519,7315,4884,1540
8699,8727,4519,9078,276,6151
8699,8727,4519,8021,2090,125
8699,8727,4519,7056,5566,8643
8699,8727,4519,9219,4906,9356
8699,8727,4519,1423,5313,172
8699,8727,4519,7052,7388,6649
8699,8727,4519,4174,6671,160
8699,8727,4519,8753,8553,8817
8699,8727,4519,925,4808,2259
8699,8727,4519,5085,9432,1210
8699,8727,4519,2404,7400,1590
8699,8727,4519,1830,7817,8102
8699,8727,4519,197,9991,3899
8699,8727,4519,1620,5590,3043
8699,8727,4519,2200,4756,271
8699,8727,4519,8,4437,838
8699,8727,4519,4380,8716,6316
8699,8727,4519,2672,8133,6780
8699,8727,4519,971,6471,2252
8699,8727,4519,5907,7377,5510
8699,8727,4519,4590,441,3805
8699,8727,4519,1148,1049,5097
8699,8727,4519,9697,6946,4281
8699,8727,4519,282,8181,940
8699,8727,4519,5662,55,788
8699,8727,4519,2819,2417,2620
8699,8727,4519,2647,6322,8968
8699,8727,4519,5346,5713,2694
8699,8727,4519,4890,1525,4519
8699,8727,4519,7939,1450,8924
8699,8727,4519,5129,6807,7584
8699,8727,4519,2831,4067,5850
8699,8727,4519,9121,5312,8506
8699,8727,4519,2933,6975,6202
8699,8727,4519,1344,2292,9012
8699,8727,4519,9772,2606,3316
8699,8727,4519,7778,160,2720
8699,8727,4519,7333,4062,7939
8699,8727,4519,3328,7657,8692
8699,8727,4519,4312,6417,9324
8699,8727,4519,5471,7346,2147
8699,8727,4519,4427,3851,4907
8699,8727,4519,9565,3101,8988
8699,8727,4519,4446,681,2160
8699,8727,4519,1288,9735,6276
8699,8727,4519,2985,8806,8816
8699,8727,4519,7403,5433,3523
8699,8727,4519,967,1418,7210
8699,8727,4519,5233,6043,7305
8699,8727,4519,4303,437,7536
8699,8727,4519,566,3984,6965
8699,8727,4519,4229,1812,167
8699,8727,4519,4043,2005,5921
8699,8727,4519,3846,9809,289
8699,8727,4519,5939,5083,392
8699,8727,4519,8474,6408,9627
8699,8727,4519,8152,1631,9401
8699,8727,4519,5880,4780,8535
8699,8727,4519,7014,4414,1513
8699,8727,4519,7244,2723,9268
8699,8727,4519,8420,9832,5774
8699,8727,4519,3792,7407,639
8699,8727,4519,7406,9390,6310
8699,8727,4519,8917,4098,4794
8699,8727,4519,1396,9915,8910
8699,8727,4519,9497,3010,5600
8699,8727,4519,3836,793,3426
8699,8727,4519,8657,944,8306
8699,8727,4519,8202,1748,7422
8699,8727,4519,7137,2574,3751
8699,8727,4519,3731,7795,812
8699,8727,4519,6392,8348,600
8699,8727,4519,5999,4178,3496
8699,8727,4519,3241,6524,5231
8699,8727,4519,2701,4603,5455
8699,8727,4519,7366,8999,6415
8699,8727,4519,6724,4692,4724
8699,8727,4519,4704,5210,1502
8699,8727,4519,535,8162,6375
8699,8727,4519,1944,7165,2770
8699,8727,4519,7243,9664,2983
8699,8727,4519,3946,1647,2139
8699,8727,4519,7257,8887,3418
8699,8727,4519,662,3556,8180
8699,8727,4519,7647,7978,1468
8699,8727,4519,8621,9491,7592
8699,8727,4519,5876,2290,7682
8699,8727,4519,8936,6646,7727
8699,8727,4519,9152,4506,4037
8699,8727,4519,8582,8611,683
8699,8727,4519,7653,2356,5443
8699,8727,4519,4930,2089,9498
8699,8727,4519,7472,6808,1496
8699,8727,4519,2913,9479,7255
8699,8727,4519,7188,2351,563
8699,8727,4519,7891,2344,9068
8699,8727,4519,1585,1368,8881
8699,8727,4519,2265,2825,7331
8699,8727,4519,3224,4371,6596
8699,8727,4519,7615,3008,641
8699,8727,4519,5826,4347,2776
8699,8727,4519,5278,3923,1863
8699,8727,4519,6137,5978,3473
8699,8727,4519,7499,8155,3985
8699,8727,4519,4274,913,4363
8699,8727,4519,2808,5144,8372
8699,8727,4519,656,1921,2456
8699,8727,4519,2148,3414,4864
8699,8727,4519,6358,3121,710
8699,8727,4519,9187,6219,7007
8699,8727,4519,524,8151,5327
8699,8727,4519,7298,4565,811
8699,8727,4519,6993,7562,3818
8699,8727,4519,2946,4588,3925
8699,8727,4519,2106,3311,6754
8699,8727,4519,2602,2805,9872
8699,8727,4519,6000,7277,6033
8699,8727,4519,3259,4854,9296
8699,8727,4519,5282,5852,602
8699,8727,4519,3551,6460,7197
8699,8727,4519,7878,7043,8434
8699,8727,4519,67,753,7245
8699,8727,4519,6618,6174,2700
8699,8727,4519,6716,3798,9125
8699,8727,4519,9328,5732,3456
8699,8727,4519,7401,8941,4665
8699,8727,4519,9138,1752,6316
8699,8727,4519,2190,3427,1222
8699,8727,4519,1311,14,4472
8699,8727,4519,8,7075,8898
8699,8727,4519,2591,7039,407
8699,8727,4519,6144,8871,676
8699,8727,4519,4890,3790,4859
8699,8727,4519,858,1566,6807
8699,8727,4519,5318,3586,7509
8699,8727,4519,4962,4452,7702
8699,8727,4519,8370,3963,1818
8699,8727,4519,9841,7454,5298
8699,8727,4519,7117,8819,6305
8699,8727,4519,6575,7951,2063
8699,8727,4519,576,6841,5851
8699,8727,4519,2629,4090,2412
8699,8727,4519,8290,1999,2519
8699,8727,4519,8096,7716,6381
8699,8727,4519,9691,3685,4246
8699,8727,4519,7347,6373,6776
8699,8727,4519,7099,7083,7830
8699,8727,4519,3852,2439,6994
8699,8727,4519,4474,5265,9420
8699,8727,4519,7725,9698,6557
8699,8727,4519,831,6924,9189
8699,8727,4519,7214,6193,7536
8699,8727,4519,5987,3972,9266
8699,8727,4519,9369,6148,2204
8699,8727,4519,4425,3976,2245
8699,8727,4519,620,6601,9333
8699,8727,4519,7097,2370,530
8699,8727,4519,68,876,6248
8699,8727,4519,8806,229,7430
8699,8727,4519,577,2378,6180
8699,8727,4519,4601,4072,8704
8699,8727,4519,4162,8364,3724
8699,8727,4519,2637,1410,8860
8699,8727,4519,1219,9931,7062
8699,8727,4519,4720,4092,4910
8699,8727,4519,1447,9984,5864
8699,8727,4519,762,4120,6449
8699,8727,4519,5551,5844,2566
8699,8727,4519,2200,5763,9636
8699,8727,4519,9939,2893,2345
8699,8727,4519,8479,2473,1124
8699,8727,4519,7241,1581,2083
8699,8727,4519,4155,6569,8
8699,8727,4519,197,9433,542
8699,8727,4519,9316,1714,3336
8699,8727,4519,4523,2676,5004
8699,8727,4519,1026,6628,2841
8699,8727,4519,8363,2365,7179
8699,8727,4519,2558,6715,5136
8699,8727,4519,9617,5627,2724
8699,8727,4519,8019,4248,7578
8699,8727,4519,369,220,7729
8699,8727,4519,7144,8510,6230
8699,8727,4519,3390,9422,1355
8699,8727,4519,7012,4557,7078
8699,8727,4519,4423,1353,723
8699,8727,4519,9796,2420,8601
8699,8727,4519,4819,1805,2230
8699,8727,4519,1934,9748,1751
8699,8727,4519,7682,5105,4226
8699,8727,4519,5387,9380,3759
8699,8727,4519,2731,6677,917
8699,8727,4519,5302,5742,7454
8699,8727,4519,1636,1093,7874
8699,8727,4519,9149,5590,9279
8699,8727,4519,6772,1009,1708
8699,8727,4519,412,6459,865
8699,8727,4519,102,1917,838
8699,8727,4519,1010,904,3876
8699,8727,4519,7687,5133,7441
8699,8727,4519,2358,1587,5284
8699,8727,4519,8662,1697,8956
8699,8727,4519,4251,4325,6383
8699,8727,4519,4353,3903,1419
8699,8727,4519,7264,3180,815
8699,8727,4519,2229,1681,9813
8699,8727,4519,1374,7900,8690
8699,8727,4519,8643,9062,398
8699,8727,4519,3275,3169,4093
8699,8727,4519,791,4228,229
8699,8727,4519,5116,7262,7411
8699,8727,4519,8321,4742,5116
8699,8727,4519,1110,9909,9867
8699,8727,4519,5775,2004,6334
8699,8727,4519,6995,4281,7418
8699,8727,4519,7615,9500,3273
8699,8727,4519,764,3467,3032
8699,8727,4519,9041,9386,7399
8699,8727,4519,880,368,3416
8699,8727,4519,9269,5894,9328
8699,8727,4519,8680,5116,29
8699,8727,4519,2874,2258,9896
8699,8727,4519,3795,1909,7492
8699,8727,4519,2357,1879,6989
8699,8727,4519,6918,4635,1905
8699,8727,4519,8339,4634,2678
8699,8727,4519,1610,2452,3253
8699,8727,4519,2771,8706,7428
8699,8727,4519,53,3450,4338
8699,8727,4519,6473,2315,9288
8699,8727,4519,3718,9494,7314
8699,8727,4519,6519,8962,5097
8699,8727,4519,8887,6153,1768
8699,8727,4519,3904,6696,4880
8699,8727,4519,8774,4971,7549
8699,8727,4519,7535,6731,581
8699,8727,4519,5626,3654,6376
8699,8727,4519,509,1233,8652
8699,8727,4519,4632,113,3712
8699,8727,4519,30,180,2104
8699,8727,4519,380,8666,6577
8699,8727,4519,5473,6806,9998
8699,8727,4519,2827,9326,322
8699,8727,4519,5822,9593,6022
8699,8727,4519,4076,4897,5911
8699,8727,4519,6491,5675,7715
8699,8727,4519,1903,554,6984
8699,8727,4519,6893,7566,6574
8699,8727,4519,5535,6944,3841
8699,8727,4519,7468,4,9185
8699,8727,4519,3307,5057,7245
8699,8727,4519,6780,3688,1162
8699,8727,4519,7462,7346,5355
8699,8727,4519,7548,848,970
8699,8727,4519,5109,4012,7084
8699,8727,4519,7021,8875,2205
8699,8727,4519,664,2198,9349
8699,8727,4519,2455,8398,2859
8699,8727,4519,6368,9284,4920
8699,8727,4519,2419,1027,7362
8699,8727,4519,1092,2297,6132
8699,8727,4519,284,9890,3676
8699,8727,4519,9081,9521,5271
8699,8727,4519,4443,3243,8129
8699,8727,4519,4739,2597,5539
8699,8727,4519,503,4718,3450
8699,8727,4519,6542,9463,3459
8699,8727,4519,2185,2519,1289
8699,8727,4519,2145,2651,190
8699,8727,4519,5076,9160,117
8699,8727,4519,9066,4801,5734
8699,8727,4519,8248,4020,1520
8699,8727,4519,6202,5810,8419
8699,8727,4519,468,1251,2747
8699,8727,4519,3282,282,3862
8699,8727,4519,4011,1859,2392
8699,8727,4519,744,797,5636
8699,8727,4519,7190,9123,222
8699,8727,4519,8328,3422,4151
8699,8727,4519,276,8299,4863
8699,8727,4519,9285,9512,8499
8699,8727,4519,3657,4561,402
8699,8727,4519,5407,5734,4337
8699,8727,4519,4474,8679,696
8699,8727,4519,1189,9757,9454
8699,8727,4519,4953,2726,3188
8699,8727,4519,343,7820,3756
8699,8727,4519,5718,125,4072
8699,8727,4519,7592,7276,2405
8699,8727,4519,7653,2395,7322
8699,8727,4519,4159,1689,1140
8699,8727,4519,307,5431,1691
8699,8727,4519,5703,5830,2619
8699,8727,4519,5670,9964,3518
8699,8727,4519,7899,2027,6213
8699,8727,4519,5557,1582,9584
8699,8727,4519,4846,3995,5722
