497,7581,9053,2313,4514,1164
497,7581,9053,6307,2464,3916
497,7581,9053,8319,4967,7178
497,7581,9053,9783,2577,582
497,7581,9053,4286,671,5155
497,7581,9053,1048,525,3804
497,7581,9053,7659,4698,476
497,7581,9053,5795,590,1716
497,7581,9053,7277,3801,1587
497,7581,9053,4589,4791,3378
497,7581,9053,998,5312,1391
497,7581,9053,1805,7058,6973
497,7581,9053,6172,6204,8953
497,7581,9053,5836,3225,8304
497,7581,9053,2043,7936,4528
497,7581,9053,6286,7118,5952
497,7581,9053,9357,2923,9310
497,7581,9053,7856,7119,2976
497,7581,9053,9492,5218,7769
497,7581,9053,5945,6720,9743
497,7581,9053,8253,3850,8643
497,7581,9053,9039,257,2226
497,7581,9053,5109,958,4094
497,7581,9053,3820,4686,4853
497,7581,9053,6210,5249,1127
497,7581,9053,4191,9533,298
497,7581,9053,4839,9052,9461
497,7581,9053,9169,5104,3272
497,7581,9053,597,3000,2849
497,7581,9053,8914,3112,655
497,7581,9053,9020,9561,2944
497,7581,9053,6561,123,8607
497,7581,9053,9668,122,3958
497,7581,9053,7735,5209,87
497,7581,9053,6339,6179,5765
497,7581,9053,2780,2293,795
497,7581,9053,7898,4075,3403
497,7581,9053,6046,3975,1008
497,7581,9053,5874,8696,6071
497,7581,9053,8042,7515,4081
497,7581,9053,6330,7438,1960
497,7581,9053,7009,800,6425
497,7581,9053,6139,4753,2137
497,7581,9053,7195,5272,2585
497,7581,9053,3728,8294,5464
497,7581,9053,4559,5833,4898
497,7581,9053,3987,2352,818
497,7581,9053,1084,4738,2003
497,7581,9053,4696,2119,1726
497,7581,9053,9912,3945,3472
497,7581,9053,3697,2846,692
497,7581,9053,7267,7900,6601
497,7581,9053,8470,1012,6439
497,7581,9053,8638,7076,7618
497,7581,9053,642,9081,5199
497,7581,9053,1264,3849,9276
497,7581,9053,791,726,4248
497,7581,9053,4338,7343,952
497,7581,9053,7672,3180,7096
497,7581,9053,3461,6981,2641
497,7581,9053,6145,9329,5733
497,7581,9053,6957,5595,8218
497,7581,9053,2218,3541,473
497,7581,9053,3731,2839,5085
497,7581,9053,6292,4908,1180
497,7581,9053,5786,3292,3329
497,7581,9053,3235,2320,8768
497,7581,9053,5413,2258,3376
497,7581,9053,3116,5288,8044
497,7581,9053,8139,9110,810
497,7581,9053,7501,2677,805
497,7581,9053,11,3823,1524
497,7581,9053,8513,4858,3488
497,7581,9053,2956,4441,5527
497,7581,9053,1373,8047,8366
497,7581,9053,8723,9961,5192
497,7581,9053,366,4509,6178
497,7581,9053,1729,5016,9086
497,7581,9053,1784,9425,3805
497,7581,9053,1134,7067,8335
497,7581,9053,8756,818,2701
497,7581,9053,856,8551,2663
497,7581,9053,5738,93,1797
497,7581,9053,3726,7289,2579
497,7581,9053,7181,6530,2383
497,7581,9053,9527,1222,6359
497,7581,9053,7462,3356,6562
497,7581,9053,4645,2240,2382
497,7581,9053,4135,688,1189
497,7581,9053,3263,9061,4325
497,7581,9053,5133,6153,1226
497,7581,9053,3311,2883,3033
497,7581,9053,3949,2705,7322
497,7581,9053,8705,2026,1488
497,7581,9053,6860,3365,2541
497,7581,9053,7297,7601,6130
497,7581,9053,6808,4469,8771
497,7581,9053,9607,5906,8960
497,7581,9053,8557,2246,2067
497,7581,9053,2327,6425,7768
497,7581,9053,7640,165,1722
497,7581,9053,6419,2065,4291
497,7581,9053,6939,4602,1799
497,7581,9053,2080,9730,9417
497,7581,9053,4487,7025,7981
497,7581,9053,5717,9331,6759
497,7581,9053,7311,3373,9374
497,7581,9053,2240,2411,9394
497,7581,9053,7717,6800,9544
497,7581,9053,9331,9091,6621
497,7581,9053,1952,6632,1978
497,7581,9053,797,7510,3210
497,7581,9053,9318,6530,6751
497,7581,9053,7857,5346,1703
497,7581,9053,9788,8218,4520
497,7581,9053,4830,7932,6090
497,7581,9053,4243,6239,3441
497,7581,9053,3312,8593,8820
497,7581,9053,8790,169,5009
497,7581,9053,9367,5017,2712
497,7581,9053,5041,1539,6513
497,7581,9053,9329,6089,3401
497,7581,9053,9339,437,2549
497,7581,9053,5184,3832,8804
497,7581,9053,2572,932,4918
497,7581,9053,3470,9402,8022
497,7581,9053,8990,9998,9174
497,7581,9053,3705,5171,1302
497,7581,9053,5701,331,2703
497,7581,9053,9618,1443,6591
497,7581,9053,2053,6715,926
497,7581,9053,2351,7126,4598
497,7581,9053,9668,1273,3585
497,7581,9053,7431,8407,2089
497,7581,9053,7260,7306,3339
497,7581,9053,173,9037,4442
497,7581,9053,5212,5117,9242
497,7581,9053,2153,4908,6248
497,7581,9053,5575,7942,4768
497,7581,9053,2224,859,7980
497,7581,9053,8801,9189,3098
497,7581,9053,4853,9526,2919
497,7581,9053,9005,5569,6611
497,7581,9053,9559,4034,5055
497,7581,9053,2536,2906,4932
497,7581,9053,3440,9207,3742
497,7581,9053,4086,5748,1797
497,7581,9053,8280,7916,4392
497,7581,9053,6740,1718,9998
497,7581,9053,2299,6989,7677
497,7581,9053,7784,5694,2709
497,7581,9053,5836,6460,3393
497,7581,9053,6698,7360,1254
497,7581,9053,169,1889,4931
497,7581,9053,3554,5756,5303
497,7581,9053,6191,1804,8849
497,7581,9053,3816,2619,2263
497,7581,9053,4335,4874,8862
497,7581,9053,8048,3670,7561
497,7581,9053,3980,3300,7384
497,7581,9053,4420,4865,2412
497,7581,9053,3552,3508,4150
497,7581,9053,2252,5769,1687
497,7581,9053,1323,943,9936
497,7581,9053,5289,9351,1063
497,7581,9053,7377,1720,7765
497,7581,9053,5760,5884,1631
497,7581,9053,7458,4453,1013
497,7581,9053,2989,1182,1505
497,7581,9053,282,5315,9771
497,7581,9053,9639,5534,7033
497,7581,9053,6759,7680,5417
497,7581,9053,9959,4633,3959
497,7581,9053,5529,5178,116
497,7581,9053,4026,9503,6451
497,7581,9053,1879,2875,6581
497,7581,9053,3305,5632,6938
497,7581,9053,2036,770,6897
497,7581,9053,5539,1284,1629
497,7581,9053,5472,7810,5098
497,7581,9053,1159,1336,308
497,7581,9053,4961,3225,68
497,7581,9053,7274,230,3495
497,7581,9053,4109,4088,4741
497,7581,9053,5763,2137,4640
497,7581,9053,1258,5990,5362
497,7581,9053,5526,8208,333
497,7581,9053,204,8512,2145
497,7581,9053,7152,5319,9457
497,7581,9053,5329,6780,410
497,7581,9053,3456,4555,4159
497,7581,9053,9311,3847,7297
497,7581,9053,6109,6441,8613
497,7581,9053,4723,3953,757
497,7581,9053,2489,6327,7705
497,7581,9053,9929,8816,3917
497,7581,9053,2233,868,815
497,7581,9053,4234,5223,5364
497,7581,9053,4947,9147,1930
497,7581,9053,6710,5430,3758
497,7581,9053,7510,7293,6899
497,7581,9053,3877,6675,6255
497,7581,9053,4483,1977,7857
497,7581,9053,6319,6516,5894
497,7581,9053,8573,8920,6322
497,7581,9053,9701,4154,370
497,7581,9053,5761,854,1865
497,7581,9053,1904,1545,1905
497,7581,9053,8479,3458,4161
497,7581,9053,6122,4562,1491
497,7581,9053,6399,3606,1534
497,7581,9053,1043,2957,6699
497,7581,9053,5212,7996,6078
497,7581,9053,4869,1691,448
497,7581,9053,3107,5866,4346
497,7581,9053,5221,4837,4644
497,7581,9053,6760,1122,5722
497,7581,9053,4531,6211,698
497,7581,9053,259,6077,9011
497,7581,9053,8977,2555,6585
497,7581,9053,5936,2688,2953
497,7581,9053,2539,4400,6378
497,7581,9053,7777,3976,7656
497,7581,9053,3183,5215,4809
497,7581,9053,4388,8664,1637
497,7581,9053,4059,1490,5835
497,7581,9053,1793,4176,9667
497,7581,9053,3746,2970,8225
497,7581,9053,7889,1806,3283
497,7581,9053,9648,528,7244
497,7581,9053,708,694,5756
497,7581,9053,5079,3765,3008
497,7581,9053,2440,7887,5873
497,7581,9053,6366,4580,7692
497,7581,9053,349,1152,3172
497,7581,9053,9541,5466,6050
497,7581,9053,3778,451,6415
497,7581,9053,9184,3430,5830
497,7581,9053,6731,1978,3388
497,7581,9053,9160,4242,4677
497,7581,9053,3097,8555,8717
497,7581,9053,3217,1355,9345
497,7581,9053,2897,4911,2889
497,7581,9053,5746,1540,3151
497,7581,9053,7247,1564,900
497,7581,9053,2465,3929,7346
497,7581,9053,4194,7892,1872
497,7581,9053,3073,1483,9309
497,7581,9053,4392,2732,2637
497,7581,9053,6940,2503,1515
497,7581,9053,7491,9433,6757
497,7581,9053,9482,9737,363
497,7581,9053,769,5694,90
497,7581,9053,2514,8833,4567
497,7581,9053,986,2768,1545
497,7581,9053,7267,9951,2997
497,7581,9053,4094,8760,6335
497,7581,9053,1136,4883,4914
497,7581,9053,3219,2651,7213
497,7581,9053,7242,6732,105
497,7581,9053,2597,6741,4534
497,7581,9053,5050,4320,3939
497,7581,9053,8860,2992,2635
497,7581,9053,7088,4683,6358
497,7581,9053,237,1404,189
497,7581,9053,3116,8904,2933
497,7581,9053,9636,1373,3328
497,7581,9053,7983,3441,4690
497,7581,9053,7086,5205,149
497,7581,9053,9571,1789,9167
497,7581,9053,9699,4795,4335
497,7581,9053,9109,6546,3803
497,7581,9053,5441,6321,9121
497,7581,9053,1118,4942,1931
497,7581,9053,7903,7552,9832
497,7581,9053,4159,7798,6701
497,7581,9053,7755,6926,4158
497,7581,9053,1377,5642,7302
497,7581,9053,9403,4138,9631
497,7581,9053,1146,9755,7170
497,7581,9053,3327,9004,1777
497,7581,9053,6625,886,6501
497,7581,9053,5869,6694,4186
497,7581,9053,5967,6064,6666
497,7581,9053,9259,5005,6932
497,7581,9053,2445,447,7278
497,7581,9053,4550,175,6785
497,7581,9053,2780,7939,8485
497,7581,9053,4980,2502,8263
497,7581,9053,8679,4954,9807
497,7581,9053,5958,8164,3559
497,7581,9053,6439,2226,1994
497,7581,9053,7505,2781,66
497,7581,9053,1865,1107,9683
497,7581,9053,7287,2137,3012
497,7581,9053,7075,283,1855
497,7581,9053,739,3527,5072
497,7581,9053,1947,686,1145
497,7581,9053,4637,7412,1973
497,7581,9053,3754,2585,7993
497,7581,9053,798,4842,1453
497,7581,9053,1524,1592,6169
497,7581,9053,8093,3430,4867
497,7581,9053,9007,7123,3129
497,7581,9053,192,2346,6234
497,7581,9053,4275,8319,4894
497,7581,9053,9556,1741,3452
497,7581,9053,8167,6693,3098
497,7581,9053,8482,3188,3459
497,7581,9053,5123,6595,4861
497,7581,9053,1434,8866,4771
497,7581,9053,4081,1664,3963
497,7581,9053,506,1494,4590
497,7581,9053,7935,1433,6556
497,7581,9053,3484,2839,1096
497,7581,9053,1752,6064,2280
497,7581,9053,3982,5279,9269
497,7581,9053,882,6373,5182
497,7581,9053,2015,7454,1902
497,7581,9053,2076,4467,527
497,7581,9053,7378,6905,5656
497,7581,9053,9594,9299,3026
497,7581,9053,1377,4570,4670
497,7581,9053,6899,178,6312
497,7581,9053,637,5582,5112
497,7581,9053,9475,4387,3206
497,7581,9053,8348,236,2454
497,7581,9053,8503,8466,4321
497,7581,9053,9363,1296,3103
497,7581,9053,3892,6635,7000
497,7581,9053,603,2099,2226
497,7581,9053,4284,8173,7377
497,7581,9053,9866,4886,7625
497,7581,9053,5687,4947,7026
497,7581,9053,6483,3838,1698
497,7581,9053,1065,597,5772
497,7581,9053,5028,2375,3715
497,7581,9053,561,1836,7126
497,7581,9053,401,8129,8391
497,7581,9053,8527,4526,8876
497,7581,9053,4691,7724,6842
497,7581,9053,6495,3622,4354
497,7581,9053,7265,1340,8742
497,7581,9053,5158,3857,6934
497,7581,9053,9241,7877,6445
497,7581,9053,9741,7430,2023
497,7581,9053,5910,6448,229
497,7581,9053,1424,6246,5975
497,7581,9053,9324,2782,9678
497,7581,9053,2382,4560,9413
497,7581,9053,2926,1218,2889
497,7581,9053,1384,7421,4794
497,7581,9053,4059,834,1622
497,7581,9053,9622,8767,6285
497,7581,9053,8513,3307,1716
497,7581,9053,6865,1628,8318
497,7581,9053,7824,5887,7971
497,7581,9053,2949,1227,9085
497,7581,9053,4414,3867,253
497,7581,9053,2712,5305,1926
497,7581,9053,3382,5885,827
497,7581,9053,4923,3541,5501
497,7581,9053,711,8969,487
497,7581,9053,2392,9183,3157
497,7581,9053,3988,3606,9971
497,7581,9053,6436,6559,2628
497,7581,9053,2069,7508,7395
497,7581,9053,8468,7712,4556
497,7581,9053,5613,6959,4417
497,7581,9053,9189,3715,8067
497,7581,9053,4165,7812,3643
497,7581,9053,1112,4524,4258
497,7581,9053,1525,2157,9213
497,7581,9053,2723,5737,2040
497,7581,9053,9099,316,3303
497,7581,9053,5414,1875,8835
497,7581,9053,1511,8315,3421
497,7581,9053,9081,6146,8023
497,7581,9053,6266,828,9570
497,7581,9053,6809,339,4047
497,7581,9053,4841,4910,7451
497,7581,9053,7300,3283,8208
497,7581,9053,3259,132,1926
497,7581,9053,1630,8264,5516
497,7581,9053,4344,4177,5336
497,7581,9053,8215,169,8129
497,7581,9053,1328,8859,2397
497,7581,9053,2467,2030,897
497,7581,9053,7232,8934,6327
497,7581,9053,1484,9577,558
497,7581,9053,3174,4462,5015
497,7581,9053,230,9659,3745
497,7581,9053,1055,5165,8967
497,7581,9053,9795,3551,1799
497,7581,9053,958,2320,8608
497,7581,9053,8607,2036,276
497,7581,9053,704,3123,4992
497,7581,9053,8951,6361,4161
497,7581,9053,5938,6184,8834
497,7581,9053,3297,5571,8991
497,7581,9053,8046,195,8846
497,7581,9053,1168,2018,3383
497,7581,9053,7039,8300,6847
497,7581,9053,1247,8372,2432
497,7581,9053,3796,5628,2865
497,7581,9053,6561,3935,8969
497,7581,9053,6192,5089,7864
497,7581,9053,1899,6489,8904
497,7581,9053,5301,7124,3032
497,7581,9053,551,7831,5366
497,7581,9053,4949,1822,6557
497,7581,9053,1468,5370,5919
497,7581,9053,8081,8724,1044
497,7581,9053,1190,7499,694
497,7581,9053,5656,7020,4799
497,7581,9053,3637,1860,9885
497,7581,9053,596,4131,8852
497,7581,9053,2579,766,3216
497,7581,9053,5444,2416,956
497,7581,9053,4860,6197,9279
497,7581,9053,2289,2536,2567
497,7581,9053,3376,868,3170
497,7581,9053,3338,757,28
497,7581,9053,2600,7707,7562
497,7581,9053,205,37,3174
497,7581,9053,6854,5823,3092
497,7581,9053,8847,7244,2619
497,7581,9053,163,9023,4714
497,7581,9053,5495,1513,5964
497,7581,9053,7585,2361,3392
497,7581,9053,9926,2330,3595
497,7581,9053,1634,1658,1068
497,7581,9053,6479,6685,7404
497,7581,9053,3080,6259,8586
497,7581,9053,4462,2602,7098
497,7581,9053,3804,7042,4468
497,7581,9053,8799,1087,4674
497,7581,9053,8826,9066,966
497,7581,9053,5038,9213,4568
497,7581,9053,3246,3513,7161
497,7581,9053,4443,2852,2862
497,7581,9053,5326,2788,1740
497,7581,9053,3552,1856,3011
497,7581,9053,5731,2748,142
497,7581,9053,2574,8940,1541
497,7581,9053,6624,8193,8450
497,7581,9053,9696,5397,9030
497,7581,9053,4645,8221,2980
497,7581,9053,783,8693,5379
497,7581,9053,6708,1124,7481
497,7581,9053,3095,7643,9486
497,7581,9053,2369,7484,3645
497,7581,9053,77,4483,9343
497,7581,9053,5507,6702,7442
497,7581,9053,7951,9349,242
497,7581,9053,3227,4324,9731
497,7581,9053,9350,1141,5176
497,7581,9053,5259,405,4132
497,7581,9053,9032,9228,9834
497,7581,9053,3314,6959,8464
497,7581,9053,7179,5765,735
497,7581,9053,4311,6506,4892
497,7581,9053,5418,308,6105
497,7581,9053,5173,2537,556
497,7581,9053,627,5807,2545
497,7581,9053,5838,754,1010
497,7581,9053,1338,6421,1529
497,7581,9053,297,7848,6278
497,7581,9053,8739,3182,6003
497,7581,9053,102,2243,2574
497,7581,9053,418,2151,395
497,7581,9053,4092,3522,8633
497,7581,9053,3786,3934,6966
497,7581,9053,7017,996,1706
497,7581,9053,6577,6064,6577
497,7581,9053,6445,2346,1244
497,7581,9053,7414,8464,790
497,7581,9053,8420,9675,5299
497,7581,9053,1973,4671,8821
497,7581,9053,581,9550,8476
497,7581,9053,9891,1865,4247
497,7581,9053,7102,7600,7103
497,7581,9053,2,4052,6863
497,7581,9053,7302,4882,5714
497,7581,9053,4082,8623,1185
497,7581,9053,9869,5441,2663
497,7581,9053,6229,3274,2249
497,7581,9053,136,5465,979
497,7581,9053,7209,1188,6602
497,7581,9053,6103,1745,6197
497,7581,9053,4923,9403,3570
497,7581,9053,2329,7003,9776
497,7581,9053,623,5733,6988
497,7581,9053,9253,759,315
497,7581,9053,4517,7629,4645
497,7581,9053,4318,3874,2645
497,7581,9053,3849,6373,1466
497,7581,9053,1066,7616,6513
497,7581,9053,4492,9551,4749
497,7581,9053,1757,5907,3378
497,7581,9053,6760,4853,7140
497,7581,9053,5282,875,3508
497,7581,9053,5901,7629,4565
497,7581,9053,9558,1809,2255
497,7581,9053,3356,2758,8517
497,7581,9053,7157,5487,4795
497,7581,9053,6760,4942,3938
497,7581,9053,4309,808,1876
497,7581,9053,7714,9451,8104
497,7581,9053,3458,4456,6248
