9314,6084,131,5958,8164,3559
9314,6084,131,6439,2226,1994
9314,6084,131,7505,2781,66
9314,6084,131,1865,1107,9683
9314,6084,131,7287,2137,3012
9314,6084,131,7075,283,1855
9314,6084,131,739,3527,5072
9314,6084,131,1947,686,1145
9314,6084,131,4637,7412,1973
9314,6084,131,3754,2585,7993
9314,6084,131,798,4842,1453
9314,6084,131,1524,1592,6169
9314,6084,131,8093,3430,4867
9314,6084,131,9007,7123,3129
9314,6084,131,192,2346,6234
9314,6084,131,4275,8319,4894
9314,6084,131,9556,1741,3452
9314,6084,131,8167,6693,3098
9314,6084,131,8482,3188,3459
9314,6084,131,5123,6595,4861
9314,6084,131,1434,8866,4771
9314,6084,131,4081,1664,3963
9314,6084,131,506,1494,4590
9314,6084,131,7935,1433,6556
9314,6084,131,3484,2839,1096
9314,6084,131,1752,6064,2280
9314,6084,131,3982,5279,9269
9314,6084,131,882,6373,5182
9314,6084,131,2015,7454,1902
9314,6084,131,2076,4467,527
9314,6084,131,7378,6905,5656
9314,6084,131,9594,9299,3026
9314,6084,131,1377,4570,4670
9314,6084,131,6899,178,6312
9314,6084,131,637,5582,5112
9314,6084,131,9475,4387,3206
9314,6084,131,8348,236,2454
9314,6084,131,8503,8466,4321
9314,6084,131,9363,1296,3103
9314,6084,131,3892,6635,7000
9314,6084,131,603,2099,2226
9314,6084,131,4284,8173,7377
9314,6084,131,9866,4886,7625
9314,6084,131,5687,4947,7026
9314,6084,131,6483,3838,1698
9314,6084,131,1065,597,5772
9314,6084,131,5028,2375,3715
9314,6084,131,561,1836,7126
9314,6084,131,401,8129,8391
9314,6084,131,8527,4526,8876
9314,6084,131,4691,7724,6842
9314,6084,131,6495,3622,4354
9314,6084,131,7265,1340,8742
9314,6084,131,5158,3857,6934
9314,6084,131,9241,7877,6445
9314,6084,131,9741,7430,2023
9314,6084,131,5910,6448,229
9314,6084,131,1424,6246,5975
9314,6084,131,9324,2782,9678
9314,6084,131,2382,4560,9413
9314,6084,131,2926,1218,2889
9314,6084,131,1384,7421,4794
9314,6084,131,4059,834,1622
9314,6084,131,9622,8767,6285
9314,6084,131,8513,3307,1716
9314,6084,131,6865,1628,8318
9314,6084,131,7824,5887,7971
9314,6084,131,2949,1227,9085
9314,6084,131,4414,3867,253
9314,6084,131,2712,5305,1926
9314,6084,131,3382,5885,827
9314,6084,131,4923,3541,5501
9314,6084,131,711,8969,487
9314,6084,131,2392,9183,3157
9314,6084,131,3988,3606,9971
9314,6084,131,6436,6559,2628
9314,6084,131,2069,7508,7395
9314,6084,131,8468,7712,4556
9314,6084,131,5613,6959,4417
9314,6084,131,9189,3715,8067
9314,6084,131,4165,7812,3643
9314,6084,131,1112,4524,4258
9314,6084,131,1525,2157,9213
9314,6084,131,2723,5737,2040
9314,6084,131,9099,316,3303
9314,6084,131,5414,1875,8835
9314,6084,131,1511,8315,3421
9314,6084,131,9081,6146,8023
9314,6084,131,6266,828,9570
9314,6084,131,6809,339,4047
9314,6084,131,4841,4910,7451
9314,6084,131,7300,3283,8208
9314,6084,131,3259,132,1926
9314,6084,131,1630,8264,5516
9314,6084,131,4344,4177,5336
9314,6084,131,8215,169,8129
9314,6084,131,1328,8859,2397
9314,6084,131,2467,2030,897
9314,6084,131,7232,8934,6327
9314,6084,131,1484,9577,558
9314,6084,131,3174,4462,5015
9314,6084,131,230,9659,3745
9314,6084,131,1055,5165,8967
9314,6084,131,9795,3551,1799
9314,6084,131,958,2320,8608
9314,6084,131,8607,2036,276
9314,6084,131,704,3123,4992
9314,6084,131,8951,6361,4161
9314,6084,131,5938,6184,8834
9314,6084,131,3297,5571,8991
9314,6084,131,8046,195,8846
9314,6084,131,1168,2018,3383
9314,6084,131,7039,8300,6847
9314,6084,131,1247,8372,2432
9314,6084,131,3796,5628,2865
9314,6084,131,6561,3935,8969
9314,6084,131,6192,5089,7864
9314,6084,131,1899,6489,8904
9314,6084,131,5301,7124,3032
9314,6084,131,551,7831,5366
9314,6084,131,4949,1822,6557
9314,6084,131,1468,5370,5919
9314,6084,131,8081,8724,1044
9314,6084,131,1190,7499,694
9314,6084,131,5656,7020,4799
9314,6084,131,3637,1860,9885
9314,6084,131,596,4131,8852
9314,6084,131,2579,766,3216
9314,6084,131,5444,2416,956
9314,6084,131,4860,6197,9279
9314,6084,131,2289,2536,2567
9314,6084,131,3376,868,3170
9314,6084,131,3338,757,28
9314,6084,131,2600,7707,7562
9314,6084,131,205,37,3174
9314,6084,131,6854,5823,3092
9314,6084,131,8847,7244,2619
9314,6084,131,163,9023,4714
9314,6084,131,5495,1513,5964
9314,6084,131,7585,2361,3392
9314,6084,131,9926,2330,3595
9314,6084,131,1634,1658,1068
9314,6084,131,6479,6685,7404
9314,6084,131,3080,6259,8586
9314,6084,131,4462,2602,7098
9314,6084,131,3804,7042,4468
9314,6084,131,8799,1087,4674
9314,6084,131,8826,9066,966
9314,6084,131,5038,9213,4568
9314,6084,131,3246,3513,7161
9314,6084,131,4443,2852,2862
9314,6084,131,5326,2788,1740
9314,6084,131,3552,1856,3011
9314,6084,131,5731,2748,142
9314,6084,131,2574,8940,1541
9314,6084,131,6624,8193,8450
9314,6084,131,9696,5397,9030
9314,6084,131,4645,8221,2980
9314,6084,131,783,8693,5379
9314,6084,131,6708,1124,7481
9314,6084,131,3095,7643,9486
9314,6084,131,2369,7484,3645
9314,6084,131,77,4483,9343
9314,6084,131,5507,6702,7442
9314,6084,131,7951,9349,242
9314,6084,131,3227,4324,9731
9314,6084,131,9350,1141,5176
9314,6084,131,5259,405,4132
9314,6084,131,9032,9228,9834
9314,6084,131,3314,6959,8464
9314,6084,131,7179,5765,735
9314,6084,131,4311,6506,4892
9314,6084,131,5418,308,6105
9314,6084,131,5173,2537,556
9314,6084,131,627,5807,2545
9314,6084,131,5838,754,1010
9314,6084,131,1338,6421,1529
9314,6084,131,297,7848,6278
9314,6084,131,8739,3182,6003
9314,6084,131,102,2243,2574
9314,6084,131,418,2151,395
9314,6084,131,4092,3522,8633
9314,6084,131,3786,3934,6966
9314,6084,131,7017,996,1706
9314,6084,131,6577,6064,6577
9314,6084,131,6445,2346,1244
9314,6084,131,7414,8464,790
9314,6084,131,8420,9675,5299
9314,6084,131,1973,4671,8821
9314,6084,131,581,9550,8476
9314,6084,131,9891,1865,4247
9314,6084,131,7102,7600,7103
9314,6084,131,2,4052,6863
9314,6084,131,7302,4882,5714
9314,6084,131,4082,8623,1185
9314,6084,131,9869,5441,2663
9314,6084,131,6229,3274,2249
9314,6084,131,136,5465,979
9314,6084,131,7209,1188,6602
9314,6084,131,6103,1745,6197
9314,6084,131,4923,9403,3570
9314,6084,131,2329,7003,9776
9314,6084,131,623,5733,6988
9314,6084,131,9253,759,315
9314,6084,131,4517,7629,4645
9314,6084,131,4318,3874,2645
9314,6084,131,3849,6373,1466
9314,6084,131,1066,7616,6513
9314,6084,131,4492,9551,4749
9314,6084,131,1757,5907,3378
9314,6084,131,6760,4853,7140
9314,6084,131,5282,875,3508
9314,6084,131,5901,7629,4565
9314,6084,131,9558,1809,2255
9314,6084,131,3356,2758,8517
9314,6084,131,7157,5487,4795
9314,6084,131,6760,4942,3938
9314,6084,131,4309,808,1876
9314,6084,131,7714,9451,8104
9314,6084,131,3458,4456,6248
9314,6084,131,5924,8968,2872
9314,6084,131,2881,4913,9863
9314,6084,131,3878,4987,1640
9314,6084,131,5355,3203,6607
9314,6084,131,6958,6598,846
9314,6084,131,717,6504,2426
9314,6084,131,2138,8110,2843
9314,6084,131,2454,5835,9416
9314,6084,131,279,5191,8031
9314,6084,131,7732,8463,2898
9314,6084,131,3982,5516,6732
9314,6084,131,6244,2250,455
9314,6084,131,4811,1242,4096
9314,6084,131,3962,2539,8446
9314,6084,131,7698,3552,6656
9314,6084,131,2664,5119,8926
9314,6084,131,2851,2876,5959
9314,6084,131,7805,4365,6154
9314,6084,131,8673,5359,6270
9314,6084,131,329,1183,3450
9314,6084,131,9661,3221,658
9314,6084,131,7512,7802,8777
9314,6084,131,1219,8759,118
9314,6084,131,2348,6156,3962
9314,6084,131,1966,6962,7550
9314,6084,131,6906,3646,9715
9314,6084,131,3516,9350,8062
9314,6084,131,4288,6120,2439
9314,6084,131,921,6629,9207
9314,6084,131,4842,3632,111
9314,6084,131,7730,1233,6241
9314,6084,131,4697,2841,8967
9314,6084,131,4189,9726,3341
9314,6084,131,8624,8836,697
9314,6084,131,9547,8416,4797
9314,6084,131,8798,9151,2128
9314,6084,131,8998,7980,2680
9314,6084,131,8630,691,6819
9314,6084,131,6560,8415,1515
9314,6084,131,1908,1914,6741
9314,6084,131,5232,8286,5250
9314,6084,131,9101,2254,7414
9314,6084,131,9624,5033,3721
9314,6084,131,8199,6570,7243
9314,6084,131,8538,7797,8280
9314,6084,131,8606,6067,4215
9314,6084,131,5815,9443,8886
9314,6084,131,1157,4766,5584
9314,6084,131,2886,3429,1023
9314,6084,131,561,9605,7341
9314,6084,131,4547,4869,5741
9314,6084,131,598,4850,6761
9314,6084,131,8269,5964,5264
9314,6084,131,2982,3959,6504
9314,6084,131,8959,4184,1460
9314,6084,131,2140,9705,6464
9314,6084,131,42,6643,6481
9314,6084,131,797,867,7885
9314,6084,131,8830,7263,1840
9314,6084,131,7284,8189,9753
9314,6084,131,6990,6800,3284
9314,6084,131,4497,3642,7450
9314,6084,131,7003,6616,3798
9314,6084,131,3585,5209,4131
9314,6084,131,7997,2206,4413
9314,6084,131,8728,9963,9687
9314,6084,131,6649,6377,6579
9314,6084,131,7993,1285,2440
9314,6084,131,4979,394,5662
9314,6084,131,5372,2721,1423
9314,6084,131,4083,7489,2558
9314,6084,131,5654,3838,208
9314,6084,131,3961,6959,4532
9314,6084,131,848,7687,7753
9314,6084,131,362,3862,7587
9314,6084,131,5975,3476,5415
9314,6084,131,851,4697,8690
9314,6084,131,8287,633,6980
9314,6084,131,7960,4343,4603
9314,6084,131,6450,5633,4184
9314,6084,131,1042,2010,7825
9314,6084,131,4569,6631,7797
9314,6084,131,7071,1791,569
9314,6084,131,695,6588,5023
9314,6084,131,7946,5717,1879
9314,6084,131,3398,9705,2577
9314,6084,131,4949,8771,6843
9314,6084,131,2370,8134,3335
9314,6084,131,8787,4142,7556
9314,6084,131,3859,7273,9832
9314,6084,131,8906,1261,6213
9314,6084,131,3836,6815,3700
9314,6084,131,5858,8476,551
9314,6084,131,402,9214,3052
9314,6084,131,5948,7477,1194
9314,6084,131,2861,3902,6430
9314,6084,131,9365,9026,2035
9314,6084,131,2999,1499,1838
9314,6084,131,3759,7280,7535
9314,6084,131,932,992,8681
9314,6084,131,7694,8143,2985
9314,6084,131,1054,2372,4815
9314,6084,131,930,6776,7735
9314,6084,131,9019,6490,6778
9314,6084,131,1993,2218,8685
9314,6084,131,9558,3428,6698
9314,6084,131,7118,1813,4795
9314,6084,131,8045,4436,2718
9314,6084,131,9926,4480,7094
9314,6084,131,4295,4869,4422
9314,6084,131,1397,1879,702
9314,6084,131,8358,467,1792
9314,6084,131,5012,9784,3730
9314,6084,131,7170,5172,9803
9314,6084,131,1594,8147,6373
9314,6084,131,458,2542,9767
9314,6084,131,7148,1231,9177
9314,6084,131,1125,7493,9750
9314,6084,131,8490,8957,6468
9314,6084,131,3395,1085,5306
9314,6084,131,7352,3938,8358
9314,6084,131,2411,4280,782
9314,6084,131,6570,1229,9198
9314,6084,131,9461,8630,5329
9314,6084,131,3628,5913,3010
9314,6084,131,8775,9668,4640
9314,6084,131,4453,615,1983
9314,6084,131,6955,1046,2284
9314,6084,131,9247,2186,7579
9314,6084,131,6193,1417,7402
9314,6084,131,5309,1016,6458
9314,6084,131,3297,3935,7225
9314,6084,131,6823,6148,5216
9314,6084,131,4608,1415,101
9314,6084,131,9353,5069,1537
9314,6084,131,6734,9710,1930
9314,6084,131,519,7429,2443
9314,6084,131,8618,5197,4749
9314,6084,131,790,4796,7568
9314,6084,131,6552,7345,54
9314,6084,131,7945,2658,6319
9314,6084,131,6252,5808,9295
9314,6084,131,4617,9617,4467
9314,6084,131,1401,5474,4710
9314,6084,131,5183,3982,4568
9314,6084,131,1012,357,7437
9314,6084,131,7519,7363,3682
9314,6084,131,9808,8547,7764
9314,6084,131,1075,5411,1925
9314,6084,131,2140,7794,1272
9314,6084,131,7938,7416,7249
9314,6084,131,2063,3169,1136
9314,6084,131,6584,5789,7190
9314,6084,131,261,9431,3744
9314,6084,131,6254,3839,2441
9314,6084,131,9214,4631,3488
9314,6084,131,1926,3810,2035
9314,6084,131,5891,1504,9668
9314,6084,131,5318,6426,5605
9314,6084,131,3870,4597,1176
9314,6084,131,366,9692,2932
9314,6084,131,3355,3657,9325
9314,6084,131,1301,3588,1683
9314,6084,131,7569,4363,8027
9314,6084,131,3808,8258,3526
9314,6084,131,8467,2237,1466
9314,6084,131,4396,757,4653
9314,6084,131,7138,8428,3017
9314,6084,131,6864,9561,8754
9314,6084,131,3149,2759,8254
9314,6084,131,3770,2219,3705
9314,6084,131,2292,1257,1076
9314,6084,131,7931,506,2988
9314,6084,131,7580,6688,3051
9314,6084,131,6190,3169,3594
9314,6084,131,9167,6084,9834
9314,6084,131,7337,4230,4097
9314,6084,131,2521,9189,1330
9314,6084,131,203,5841,1422
9314,6084,131,8356,9408,6943
9314,6084,131,5505,6873,2417
9314,6084,131,7215,3327,7927
9314,6084,131,3354,7330,810
9314,6084,131,4581,4766,9467
9314,6084,131,1223,1078,5543
9314,6084,131,4125,8944,2246
9314,6084,131,6773,8304,2457
9314,6084,131,7471,8170,8598
9314,6084,131,9392,7649,9459
9314,6084,131,663,5331,996
9314,6084,131,6398,1058,7620
9314,6084,131,47,8461,1818
9314,6084,131,7653,662,8175
9314,6084,131,6192,7724,1733
9314,6084,131,8183,9800,1953
9314,6084,131,8995,5370,7190
9314,6084,131,4664,6847,9324
9314,6084,131,7477,7189,6963
9314,6084,131,6745,8292,7375
9314,6084,131,4147,7967,6826
9314,6084,131,4713,8627,682
9314,6084,131,6682,6997,2029
9314,6084,131,6439,2330,3575
9314,6084,131,6997,9810,783
9314,6084,131,8329,1754,1068
9314,6084,131,4575,4386,2368
9314,6084,131,795,5769,6157
9314,6084,131,8763,9273,6877
9314,6084,131,531,2027,9690
9314,6084,131,5524,3860,5931
9314,6084,131,7887,6933,5983
9314,6084,131,334,9358,5779
9314,6084,131,4866,4511,3215
9314,6084,131,6554,8425,8403
9314,6084,131,4167,4438,9672
9314,6084,131,5583,753,3039
9314,6084,131,7099,1688,7593
9314,6084,131,2501,7453,2723
9314,6084,131,8338,2822,4731
9314,6084,131,9639,3040,45
9314,6084,131,9373,3371,3305
9314,6084,131,6835,9022,6363
9314,6084,131,4335,7091,1393
9314,6084,131,1318,8397,1648
9314,6084,131,7392,3168,3916
9314,6084,131,4116,4965,8009
9314,6084,131,9959,7096,3707
9314,6084,131,7464,916,682
9314,6084,131,390,2492,2877
9314,6084,131,5414,5830,2603
9314,6084,131,5806,6275,2606
9314,6084,131,5753,1106,8176
9314,6084,131,8276,6160,164
9314,6084,131,3459,438,6851
9314,6084,131,8530,9148,3019
9314,6084,131,3850,4560,5712
9314,6084,131,4911,1670,610
9314,6084,131,5110,4005,2003
9314,6084,131,8237,8840,9408
9314,6084,131,5193,3647,9114
9314,6084,131,579,301,7021
9314,6084,131,5565,9924,2861
9314,6084,131,8363,3436,2993
9314,6084,131,5744,3796,2572
9314,6084,131,7164,296,8429
9314,6084,131,5109,7707,4809
9314,6084,131,7972,9178,7083
9314,6084,131,6221,7602,4864
9314,6084,131,7167,8814,1740
9314,6084,131,7,1501,8347
9314,6084,131,719,798,5743
9314,6084,131,1635,7772,5516
9314,6084,131,6632,9563,420
9314,6084,131,1099,7257,8830
9314,6084,131,1326,8756,7245
9314,6084,131,83,902,374
9314,6084,131,2893,9978,20
9314,6084,131,5521,3246,2330
9314,6084,131,8595,7962,890
9314,6084,131,7314,7605,914
9314,6084,131,7779,9270,1861
9314,6084,131,38,4259,6221
9314,6084,131,1013,7325,4493
9314,6084,131,5386,616,9787
9314,6084,131,2674,1578,2369
9314,6084,131,8193,6488,1947
9314,6084,131,6560,9485,4493
9314,6084,131,5007,1343,3916
9314,6084,131,5829,7613,2690
9314,6084,131,8784,2595,843
9314,6084,131,5304,8022,7734
9314,6084,131,7183,7145,3909
9314,6084,131,3306,9646,1772
9314,6084,131,3698,3468,4344
9314,6084,131,9897,9558,876
9314,6084,131,4651,40,4387
9314,6084,131,5576,3984,7684
9314,6084,131,6468,680,5341
9314,6084,131,2495,2560,7999
9314,6084,131,6019,9181,6759
9314,6084,131,6561,7834,7030
9314,6084,131,3492,6179,5233
9314,6084,131,1631,8046,4612
9314,6084,131,2671,1102,5600
9314,6084,131,4291,2501,8060
9314,6084,131,8671,6216,8867
9314,6084,131,8863,11,1980
9314,6084,131,7492,2493,3314
9314,6084,131,252,8676,7343
9314,6084,131,8848,456,2689
