9314,6084,131,432,1935,5757
9314,6084,131,1785,3319,2892
9314,6084,131,9150,279,7965
9314,6084,131,4090,7631,5242
9314,6084,131,9157,108,9068
9314,6084,131,4812,6634,5571
9314,6084,131,5848,5181,1312
9314,6084,131,8872,2493,8447
9314,6084,131,8110,4562,366
9314,6084,131,7525,682,7524
9314,6084,131,5295,209,6739
9314,6084,131,6737,2953,476
9314,6084,131,6076,670,3753
9314,6084,131,6110,3583,625
9314,6084,131,4640,9427,7675
9314,6084,131,8353,6493,6751
9314,6084,131,1458,9708,9436
9314,6084,131,7811,4255,5146
9314,6084,131,2372,9820,8307
9314,6084,131,7591,5399,6872
9314,6084,131,4869,3057,8245
9314,6084,131,8190,6534,2296
9314,6084,131,9998,4045,9183
9314,6084,131,3060,4986,3909
9314,6084,131,762,2041,7986
9314,6084,131,8181,8467,3348
9314,6084,131,2798,4352,448
9314,6084,131,9861,957,8281
9314,6084,131,4681,5459,8556
9314,6084,131,7488,751,7419
9314,6084,131,2486,6484,4326
9314,6084,131,4257,2087,3966
9314,6084,131,4024,6670,7932
9314,6084,131,8137,4525,1119
9314,6084,131,2161,3446,9309
9314,6084,131,3468,3926,6198
9314,6084,131,5579,957,1476
9314,6084,131,9097,5823,9137
9314,6084,131,1875,8881,7828
9314,6084,131,2473,4478,8942
9314,6084,131,4912,210,4868
9314,6084,131,1914,4933,1993
9314,6084,131,2456,2017,651
9314,6084,131,5298,8786,4415
9314,6084,131,4682,2774,8550
9314,6084,131,5449,9158,5436
9314,6084,131,3393,1323,9002
9314,6084,131,2211,3280,4146
9314,6084,131,6039,5429,4521
9314,6084,131,4785,4341,2358
9314,6084,131,8547,3378,9505
9314,6084,131,1346,5318,581
9314,6084,131,6577,7788,7785
9314,6084,131,6652,5804,4284
9314,6084,131,204,4476,8753
9314,6084,131,9047,282,8678
9314,6084,131,8863,3504,5656
9314,6084,131,2619,6440,5709
9314,6084,131,157,2503,8070
9314,6084,131,1062,3528,615
9314,6084,131,140,9061,8176
9314,6084,131,6816,5181,8457
9314,6084,131,7224,5270,4817
9314,6084,131,5051,7116,4818
9314,6084,131,6209,5020,2
9314,6084,131,4429,7966,1746
9314,6084,131,2121,1971,9870
9314,6084,131,1659,7740,6055
9314,6084,131,3929,9335,7565
9314,6084,131,9560,3458,9427
9314,6084,131,6588,8139,65
9314,6084,131,9734,9581,3729
9314,6084,131,6991,3015,7278
9314,6084,131,2003,6463,5279
9314,6084,131,5375,4847,9255
9314,6084,131,2236,802,8648
9314,6084,131,5040,931,4049
9314,6084,131,5169,533,4242
9314,6084,131,3459,1509,7001
9314,6084,131,6806,9010,4781
9314,6084,131,9829,330,7122
9314,6084,131,5755,40,3618
9314,6084,131,1804,5068,8130
9314,6084,131,6314,5313,1547
9314,6084,131,5380,5731,1348
9314,6084,131,9407,1463,167
9314,6084,131,3812,3904,7634
9314,6084,131,8149,1501,9325
9314,6084,131,4547,3504,6848
9314,6084,131,3372,5293,7555
9314,6084,131,835,728,9396
9314,6084,131,1557,6559,9421
9314,6084,131,1947,1003,5131
9314,6084,131,9290,9945,2119
9314,6084,131,9777,6360,843
9314,6084,131,8261,186,4098
9314,6084,131,7665,3216,2392
9314,6084,131,4028,9865,2965
9314,6084,131,5041,3919,2350
9314,6084,131,8148,8720,8
9314,6084,131,7713,7430,5219
9314,6084,131,4742,6484,9132
9314,6084,131,1481,5066,5657
9314,6084,131,9964,1876,1917
9314,6084,131,7536,6961,1712
9314,6084,131,5786,7200,3446
9314,6084,131,6447,7028,6689
9314,6084,131,416,8298,4963
9314,6084,131,7140,3122,726
9314,6084,131,5240,4015,1805
9314,6084,131,6258,59,6432
9314,6084,131,1636,4190,4724
9314,6084,131,8493,268,2817
9314,6084,131,286,9725,3160
9314,6084,131,191,3803,4064
9314,6084,131,9250,6544,2089
9314,6084,131,8510,4493,4609
9314,6084,131,7548,9620,6269
9314,6084,131,3385,2214,3064
9314,6084,131,5536,6116,3125
9314,6084,131,4803,4660,1429
9314,6084,131,7897,3896,2534
9314,6084,131,9708,9455,4807
9314,6084,131,5325,3148,1058
9314,6084,131,1125,5959,1319
9314,6084,131,4679,1738,3866
9314,6084,131,8676,404,985
9314,6084,131,766,7191,8919
9314,6084,131,3493,265,8021
9314,6084,131,5735,8883,9844
9314,6084,131,2929,4270,4369
9314,6084,131,7459,7023,5622
9314,6084,131,7290,8884,6129
9314,6084,131,5738,2681,3218
9314,6084,131,6055,8523,416
9314,6084,131,4320,8001,1885
9314,6084,131,4734,4519,2037
9314,6084,131,4937,3651,8141
9314,6084,131,6800,7191,5699
9314,6084,131,3580,4173,9375
9314,6084,131,1472,628,9668
9314,6084,131,2815,6,6213
9314,6084,131,9065,5300,615
9314,6084,131,1022,2767,1959
9314,6084,131,6449,3687,6026
9314,6084,131,1074,7299,757
9314,6084,131,352,2231,8803
9314,6084,131,9106,8542,2602
9314,6084,131,2754,9762,5793
9314,6084,131,8332,1068,4444
9314,6084,131,4119,4234,7389
9314,6084,131,3569,8437,4269
9314,6084,131,7845,1745,7947
9314,6084,131,475,7765,7493
9314,6084,131,6960,9546,5882
9314,6084,131,9001,6597,840
9314,6084,131,9957,9298,7512
9314,6084,131,1184,8496,8824
9314,6084,131,8460,3982,5203
9314,6084,131,8251,6628,6961
9314,6084,131,7813,8819,1387
9314,6084,131,9028,1943,9688
9314,6084,131,8792,1022,3492
9314,6084,131,2866,8371,8417
9314,6084,131,461,839,470
9314,6084,131,5438,5708,3008
9314,6084,131,1776,7620,6451
9314,6084,131,5754,1348,8734
9314,6084,131,6466,3236,1665
9314,6084,131,1449,1144,1541
9314,6084,131,4148,7933,3990
9314,6084,131,3783,5165,9754
9314,6084,131,1093,9486,5486
9314,6084,131,6877,7681,4974
9314,6084,131,9083,3021,2091
9314,6084,131,3779,5034,315
9314,6084,131,9963,2076,5427
9314,6084,131,738,9602,8381
9314,6084,131,4574,4720,8231
9314,6084,131,8004,4314,569
9314,6084,131,1542,1235,4236
9314,6084,131,9532,4680,825
9314,6084,131,8303,4210,7287
9314,6084,131,3032,8927,727
9314,6084,131,5382,636,2222
9314,6084,131,8444,1803,2374
9314,6084,131,9367,4308,9652
9314,6084,131,9351,2843,4841
9314,6084,131,1765,9525,7693
9314,6084,131,1640,3622,3469
9314,6084,131,5608,4070,1374
9314,6084,131,5978,4399,9519
9314,6084,131,3224,9686,2808
9314,6084,131,3658,4590,9654
9314,6084,131,1701,9540,1292
9314,6084,131,6952,9507,1223
9314,6084,131,5568,1750,6398
9314,6084,131,9531,2815,4638
9314,6084,131,4895,2517,9865
9314,6084,131,4126,6023,9660
9314,6084,131,1246,8562,6961
9314,6084,131,7720,9977,7044
9314,6084,131,6128,4940,6696
9314,6084,131,6418,8159,7964
9314,6084,131,4830,3554,4560
9314,6084,131,3726,6638,3821
9314,6084,131,190,8533,3195
9314,6084,131,5566,2748,400
9314,6084,131,340,5744,6236
9314,6084,131,6550,4343,1376
9314,6084,131,3113,954,2866
9314,6084,131,453,5368,426
9314,6084,131,5938,7874,7016
9314,6084,131,5872,6226,6616
9314,6084,131,9250,2787,9193
9314,6084,131,6114,3878,8289
9314,6084,131,7442,4395,6646
9314,6084,131,614,9871,1273
9314,6084,131,6574,8334,2013
9314,6084,131,7876,2046,1155
9314,6084,131,2469,7833,3160
9314,6084,131,3039,7847,609
9314,6084,131,1028,6760,217
9314,6084,131,8264,9271,8609
9314,6084,131,1556,8251,6873
9314,6084,131,5354,8976,4900
9314,6084,131,3169,8797,2544
9314,6084,131,6712,9861,1489
9314,6084,131,5006,2368,1967
9314,6084,131,4209,486,6374
9314,6084,131,5325,7163,390
9314,6084,131,1533,6864,8176
9314,6084,131,2918,4148,7029
9314,6084,131,7491,4100,61
9314,6084,131,3370,6025,6430
9314,6084,131,5348,8421,3630
9314,6084,131,2879,3662,394
9314,6084,131,4227,9264,5866
9314,6084,131,3619,6015,1008
9314,6084,131,6710,6039,1994
9314,6084,131,5191,7510,5943
9314,6084,131,9706,898,4034
9314,6084,131,5705,8244,2796
9314,6084,131,5881,4349,1194
9314,6084,131,484,6439,5959
9314,6084,131,3066,64,5603
9314,6084,131,9451,6257,988
9314,6084,131,3947,3941,28
9314,6084,131,4493,2537,2935
9314,6084,131,2266,8289,9397
9314,6084,131,2842,4442,2301
9314,6084,131,5054,8089,2024
9314,6084,131,8079,1301,7802
9314,6084,131,9228,9931,8295
9314,6084,131,8929,2801,290
9314,6084,131,7267,8282,5886
9314,6084,131,4869,5596,6845
9314,6084,131,8033,8839,1722
9314,6084,131,7616,9405,5893
9314,6084,131,3645,4391,4005
9314,6084,131,1257,1703,2936
9314,6084,131,3474,319,5991
9314,6084,131,9771,7159,332
9314,6084,131,354,5415,9786
9314,6084,131,2663,1900,7596
9314,6084,131,8878,4366,7786
9314,6084,131,9145,2874,5134
9314,6084,131,8864,3919,765
9314,6084,131,321,9137,9707
9314,6084,131,9157,6850,7480
9314,6084,131,2097,7971,4103
9314,6084,131,253,6835,9124
9314,6084,131,58,8482,7971
9314,6084,131,6050,6247,6932
9314,6084,131,5116,6493,4674
9314,6084,131,6440,59,5259
9314,6084,131,1587,2590,3813
9314,6084,131,9334,9516,5886
9314,6084,131,9274,6145,6354
9314,6084,131,8061,1364,9126
9314,6084,131,7800,5284,5575
9314,6084,131,4496,9411,5508
9314,6084,131,7335,8830,9466
9314,6084,131,3574,8306,8
9314,6084,131,5611,9985,9894
9314,6084,131,1798,9598,8781
9314,6084,131,7916,7100,300
9314,6084,131,9373,1751,2968
9314,6084,131,8816,3696,45
9314,6084,131,8591,8870,9560
9314,6084,131,3349,8647,7511
9314,6084,131,6234,6180,4814
9314,6084,131,6852,8313,8679
9314,6084,131,8537,6352,1324
9314,6084,131,7382,7427,8669
9314,6084,131,5032,2260,5128
9314,6084,131,8012,6268,7558
9314,6084,131,8826,277,5832
9314,6084,131,2747,1936,6756
9314,6084,131,9566,4009,4437
9314,6084,131,568,4336,2105
9314,6084,131,4445,2874,6702
9314,6084,131,1443,7663,2572
9314,6084,131,84,3008,1997
9314,6084,131,4608,9581,3405
9314,6084,131,260,6997,1108
9314,6084,131,6357,7282,5279
9314,6084,131,1086,3030,3545
9314,6084,131,8294,1736,2948
9314,6084,131,2356,83,1065
9314,6084,131,968,6772,4599
9314,6084,131,5600,6359,9565
9314,6084,131,1393,1563,1191
9314,6084,131,7977,3745,5665
9314,6084,131,934,782,1561
9314,6084,131,6100,4384,3955
9314,6084,131,2901,890,8898
9314,6084,131,6320,384,75
9314,6084,131,3095,3171,8255
9314,6084,131,5514,2533,5424
9314,6084,131,6562,3449,7318
9314,6084,131,4179,1068,740
9314,6084,131,881,5411,8377
9314,6084,131,3593,5878,1345
9314,6084,131,6555,1964,3989
9314,6084,131,4663,178,5491
9314,6084,131,3488,3621,1520
9314,6084,131,890,8819,3500
9314,6084,131,9162,8006,399
9314,6084,131,5835,6309,7082
9314,6084,131,5448,4769,5240
9314,6084,131,1253,6369,12
9314,6084,131,4574,29,7550
9314,6084,131,6677,6820,3247
9314,6084,131,5636,9778,7988
9314,6084,131,1442,5795,7018
9314,6084,131,5657,1641,1728
9314,6084,131,9053,5772,2954
9314,6084,131,1457,7768,9594
9314,6084,131,9252,5915,1842
9314,6084,131,9432,2746,4299
9314,6084,131,4795,5975,9373
9314,6084,131,3209,5003,6110
9314,6084,131,8165,8952,469
9314,6084,131,7963,4671,7226
9314,6084,131,5386,3209,5965
9314,6084,131,1602,8741,6857
9314,6084,131,7424,241,3039
9314,6084,131,2915,5833,7113
9314,6084,131,5395,3651,4289
9314,6084,131,9025,6943,72
9314,6084,131,3118,9475,6816
9314,6084,131,2317,4037,9647
9314,6084,131,7453,890,8797
9314,6084,131,8224,8619,3174
9314,6084,131,5326,4925,4005
9314,6084,131,5951,4147,5466
9314,6084,131,5801,5359,7435
9314,6084,131,9878,394,9641
9314,6084,131,8848,9542,2775
9314,6084,131,9059,2450,5828
9314,6084,131,5205,7517,7702
9314,6084,131,4497,6167,4428
9314,6084,131,9743,5843,8918
9314,6084,131,2422,5152,9268
9314,6084,131,1722,6222,1846
9314,6084,131,1483,8102,9599
9314,6084,131,8279,6855,8545
9314,6084,131,6126,5854,2567
9314,6084,131,5962,2024,2387
9314,6084,131,9905,3292,5433
9314,6084,131,272,5526,283
9314,6084,131,9615,6799,7765
9314,6084,131,5250,7027,5004
9314,6084,131,5557,9630,8164
9314,6084,131,2267,4277,4224
9314,6084,131,9599,8431,5466
9314,6084,131,9623,9417,5517
9314,6084,131,590,3864,9321
9314,6084,131,866,5387,9016
9314,6084,131,8318,8632,3097
9314,6084,131,6268,8984,1005
9314,6084,131,720,5228,5051
9314,6084,131,9027,7294,2656
9314,6084,131,8161,4342,3475
9314,6084,131,8333,1449,4521
9314,6084,131,573,4469,8796
9314,6084,131,6859,1609,1841
9314,6084,131,7633,39,6233
9314,6084,131,9889,2059,389
9314,6084,131,6676,2048,9045
9314,6084,131,4216,9250,5378
9314,6084,131,796,2668,107
9314,6084,131,8507,5690,3698
9314,6084,131,8598,670,8386
9314,6084,131,7739,3994,4022
9314,6084,131,8235,180,7979
9314,6084,131,8231,3865,416
9314,6084,131,2457,4955,7212
9314,6084,131,543,9407,3838
9314,6084,131,833,3859,7026
9314,6084,131,7014,3179,9886
9314,6084,131,47,4820,7993
9314,6084,131,2935,7244,738
9314,6084,131,1325,3703,7446
9314,6084,131,7775,6762,2789
9314,6084,131,1007,3456,382
9314,6084,131,9088,3344,6930
9314,6084,131,4614,4835,9482
9314,6084,131,2551,7699,563
9314,6084,131,1795,8872,5728
9314,6084,131,7189,8797,1650
9314,6084,131,3784,1292,2387
9314,6084,131,1730,8188,423
9314,6084,131,1703,3043,5092
9314,6084,131,5129,2811,3849
9314,6084,131,197,2451,6700
9314,6084,131,8918,8888,6277
9314,6084,131,4538,9619,2008
9314,6084,131,5302,6281,7225
9314,6084,131,8388,3645,6313
9314,6084,131,6255,5309,265
9314,6084,131,2938,3267,2182
9314,6084,131,8661,1161,3897
9314,6084,131,4157,4967,5227
9314,6084,131,3136,2352,4144
9314,6084,131,6857,9293,9894
9314,6084,131,1193,9479,9091
9314,6084,131,1775,8443,1584
9314,6084,131,3963,9682,1850
9314,6084,131,755,7636,5998
9314,6084,131,8605,1726,1128
9314,6084,131,3603,356,9743
9314,6084,131,4752,3447,8672
9314,6084,131,756,2634,4469
9314,6084,131,4283,561,2760
9314,6084,131,751,7381,4815
9314,6084,131,3604,6539,8301
9314,6084,131,4143,2054,3013
9314,6084,131,3395,501,5312
9314,6084,131,7343,528,1232
9314,6084,131,8748,6159,3151
9314,6084,131,1966,9282,2840
9314,6084,131,6676,2586,3446
9314,6084,131,726,3344,3225
9314,6084,131,3418,5693,8560
9314,6084,131,1464,2865,2166
9314,6084,131,9291,4358,6806
9314,6084,131,4764,159,4149
9314,6084,131,1102,7960,3446
9314,6084,131,1060,9375,7806
9314,6084,131,6480,4804,5665
9314,6084,131,9398,4378,8907
9314,6084,131,9389,3193,8423
9314,6084,131,8841,9297,3037
9314,6084,131,7610,3013,9224
9314,6084,131,3013,1426,1088
9314,6084,131,5806,4453,7899
9314,6084,131,546,2193,5549
9314,6084,131,4033,5603,8944
9314,6084,131,8257,3642,9388
9314,6084,131,2971,7794,7119
9314,6084,131,2060,2013,3382
9314,6084,131,4085,910,3023
9314,6084,131,7987,1031,2689
9314,6084,131,4504,6210,1438
9314,6084,131,7290,543,8608
9314,6084,131,999,9664,8520
9314,6084,131,4015,1557,7815
9314,6084,131,6825,2997,9429
9314,6084,131,7376,3069,3758
9314,6084,131,6384,4491,9487
9314,6084,131,208,3975,9434
9314,6084,131,4092,8305,7725
9314,6084,131,9455,8263,3745
9314,6084,131,4521,7270,3517
9314,6084,131,1915,9872,2824
9314,6084,131,2727,2257,3013
9314,6084,131,3501,8411,7081
9314,6084,131,4379,9705,9807
9314,6084,131,7207,4776,2957
9314,6084,131,8423,5258,3340
9314,6084,131,4251,4546,1535
9314,6084,131,4635,9307,3866
9314,6084,131,4194,7110,8289
9314,6084,131,8329,5714,5741
9314,6084,131,101,224,3062
9314,6084,131,6517,8467,8615
9314,6084,131,7254,3717,2222
9314,6084,131,9930,442,9152
9314,6084,131,4831,482,5804
9314,6084,131,49,6552,448
9314,6084,131,1036,7770,1788
9314,6084,131,4233,3953,7671
9314,6084,131,8517,3423,1378
9314,6084,131,8903,2526,4111
9314,6084,131,4974,1640,7537
9314,6084,131,8721,823,7911
9314,6084,131,6341,950,5026
9314,6084,131,9761,9756,9825
9314,6084,131,5796,10,9243
9314,6084,131,3337,3745,2818
9314,6084,131,6020,5148,2826
9314,6084,131,6585,2385,1380
9314,6084,131,3379,7957,1390
9314,6084,131,2595,3951,4699
9314,6084,131,7334,8497,1039
9314,6084,131,3988,4661,5867
9314,6084,131,2047,9466,7554
9314,6084,131,5484,1038,6478
