2159,3802,301,1898,3940,1813
2159,3802,301,714,5246,8197
2159,3802,301,6686,4814,9377
2159,3802,301,1355,3600,3887
2159,3802,301,8005,5018,6885
2159,3802,301,7812,6858,9948
2159,3802,301,2900,5391,6624
2159,3802,301,3989,4578,3108
2159,3802,301,2438,1395,7474
2159,3802,301,9742,6322,5191
2159,3802,301,3977,8834,2685
2159,3802,301,8510,7787,8963
2159,3802,301,6623,9925,2957
2159,3802,301,4819,9819,7823
2159,3802,301,9623,1883,6826
2159,3802,301,2123,4955,1613
2159,3802,301,4339,6940,1944
2159,3802,301,4933,7347,8665
2159,3802,301,3245,6754,1548
2159,3802,301,5899,1580,3390
2159,3802,301,1818,7973,6467
2159,3802,301,7987,5594,8176
2159,3802,301,3395,5742,3542
2159,3802,301,4531,6110,3103
2159,3802,301,4762,1706,3281
2159,3802,301,6494,7067,354
2159,3802,301,4401,9321,5539
2159,3802,301,1282,177,1012
2159,3802,301,2084,5216,7018
2159,3802,301,8400,2722,9191
2159,3802,301,7116,389,8878
2159,3802,301,8658,4055,5507
2159,3802,301,7315,4884,1540
2159,3802,301,9078,276,6151
2159,3802,301,8021,2090,125
2159,3802,301,7056,5566,8643
2159,3802,301,9219,4906,9356
2159,3802,301,1423,5313,172
2159,3802,301,7052,7388,6649
2159,3802,301,4174,6671,160
2159,3802,301,8753,8553,8817
2159,3802,301,925,4808,2259
2159,3802,301,5085,9432,1210
2159,3802,301,2404,7400,1590
2159,3802,301,1830,7817,8102
2159,3802,301,197,9991,3899
2159,3802,301,1620,5590,3043
2159,3802,301,2200,4756,271
2159,3802,301,8,4437,838
2159,3802,301,4380,8716,6316
2159,3802,301,2672,8133,6780
2159,3802,301,971,6471,2252
2159,3802,301,5907,7377,5510
2159,3802,301,4590,441,3805
2159,3802,301,1148,1049,5097
2159,3802,301,9697,6946,4281
2159,3802,301,282,8181,940
2159,3802,301,5662,55,788
2159,3802,301,2819,2417,2620
2159,3802,301,2647,6322,8968
2159,3802,301,5346,5713,2694
2159,3802,301,4890,1525,4519
2159,3802,301,7939,1450,8924
2159,3802,301,5129,6807,7584
2159,3802,301,2831,4067,5850
2159,3802,301,9121,5312,8506
2159,3802,301,2933,6975,6202
2159,3802,301,1344,2292,9012
2159,3802,301,9772,2606,3316
2159,3802,301,7778,160,2720
2159,3802,301,7333,4062,7939
2159,3802,301,3328,7657,8692
2159,3802,301,4312,6417,9324
2159,3802,301,5471,7346,2147
2159,3802,301,4427,3851,4907
2159,3802,301,9565,3101,8988
2159,3802,301,4446,681,2160
2159,3802,301,1288,9735,6276
2159,3802,301,2985,8806,8816
2159,3802,301,7403,5433,3523
2159,3802,301,967,1418,7210
2159,3802,301,5233,6043,7305
2159,3802,301,4303,437,7536
2159,3802,301,566,3984,6965
2159,3802,301,4229,1812,167
2159,3802,301,4043,2005,5921
2159,3802,301,3846,9809,289
2159,3802,301,5939,5083,392
2159,3802,301,8474,6408,9627
2159,3802,301,8152,1631,9401
2159,3802,301,5880,4780,8535
2159,3802,301,7014,4414,1513
2159,3802,301,7244,2723,9268
2159,3802,301,8420,9832,5774
2159,3802,301,3792,7407,639
2159,3802,301,7406,9390,6310
2159,3802,301,8917,4098,4794
2159,3802,301,1396,9915,8910
2159,3802,301,9497,3010,5600
2159,3802,301,3836,793,3426
2159,3802,301,8657,944,8306
2159,3802,301,8202,1748,7422
2159,3802,301,7137,2574,3751
2159,3802,301,3731,7795,812
2159,3802,301,6392,8348,600
2159,3802,301,5999,4178,3496
2159,3802,301,3241,6524,5231
2159,3802,301,2701,4603,5455
2159,3802,301,7366,8999,6415
2159,3802,301,6724,4692,4724
2159,3802,301,4704,5210,1502
2159,3802,301,535,8162,6375
2159,3802,301,1944,7165,2770
2159,3802,301,7243,9664,2983
2159,3802,301,3946,1647,2139
2159,3802,301,7257,8887,3418
2159,3802,301,662,3556,8180
2159,3802,301,7647,7978,1468
2159,3802,301,8621,9491,7592
2159,3802,301,5876,2290,7682
2159,3802,301,8936,6646,7727
2159,3802,301,9152,4506,4037
2159,3802,301,8582,8611,683
2159,3802,301,7653,2356,5443
2159,3802,301,4930,2089,9498
2159,3802,301,7472,6808,1496
2159,3802,301,2913,9479,7255
2159,3802,301,7188,2351,563
2159,3802,301,7891,2344,9068
2159,3802,301,1585,1368,8881
2159,3802,301,2265,2825,7331
2159,3802,301,3224,4371,6596
2159,3802,301,7615,3008,641
2159,3802,301,5826,4347,2776
2159,3802,301,5278,3923,1863
2159,3802,301,6137,5978,3473
2159,3802,301,7499,8155,3985
2159,3802,301,4274,913,4363
2159,3802,301,2808,5144,8372
2159,3802,301,656,1921,2456
2159,3802,301,2148,3414,4864
2159,3802,301,6358,3121,710
2159,3802,301,9187,6219,7007
2159,3802,301,524,8151,5327
2159,3802,301,7298,4565,811
2159,3802,301,6993,7562,3818
2159,3802,301,2946,4588,3925
2159,3802,301,2106,3311,6754
2159,3802,301,2602,2805,9872
2159,3802,301,6000,7277,6033
2159,3802,301,3259,4854,9296
2159,3802,301,5282,5852,602
2159,3802,301,3551,6460,7197
2159,3802,301,7878,7043,8434
2159,3802,301,67,753,7245
2159,3802,301,6618,6174,2700
2159,3802,301,6716,3798,9125
2159,3802,301,9328,5732,3456
2159,3802,301,7401,8941,4665
2159,3802,301,9138,1752,6316
2159,3802,301,2190,3427,1222
2159,3802,301,1311,14,4472
2159,3802,301,8,7075,8898
2159,3802,301,2591,7039,407
2159,3802,301,6144,8871,676
2159,3802,301,4890,3790,4859
2159,3802,301,858,1566,6807
2159,3802,301,5318,3586,7509
2159,3802,301,4962,4452,7702
2159,3802,301,8370,3963,1818
2159,3802,301,9841,7454,5298
2159,3802,301,7117,8819,6305
2159,3802,301,6575,7951,2063
2159,3802,301,576,6841,5851
2159,3802,301,2629,4090,2412
2159,3802,301,8290,1999,2519
2159,3802,301,8096,7716,6381
2159,3802,301,9691,3685,4246
2159,3802,301,7347,6373,6776
2159,3802,301,7099,7083,7830
2159,3802,301,3852,2439,6994
2159,3802,301,4474,5265,9420
2159,3802,301,7725,9698,6557
2159,3802,301,831,6924,9189
2159,3802,301,7214,6193,7536
2159,3802,301,5987,3972,9266
2159,3802,301,9369,6148,2204
2159,3802,301,4425,3976,2245
2159,3802,301,620,6601,9333
2159,3802,301,7097,2370,530
2159,3802,301,68,876,6248
2159,3802,301,8806,229,7430
2159,3802,301,577,2378,6180
2159,3802,301,4601,4072,8704
2159,3802,301,4162,8364,3724
2159,3802,301,2637,1410,8860
2159,3802,301,1219,9931,7062
2159,3802,301,4720,4092,4910
2159,3802,301,1447,9984,5864
2159,3802,301,762,4120,6449
2159,3802,301,5551,5844,2566
2159,3802,301,2200,5763,9636
2159,3802,301,9939,2893,2345
2159,3802,301,8479,2473,1124
2159,3802,301,7241,1581,2083
2159,3802,301,4155,6569,8
2159,3802,301,197,9433,542
2159,3802,301,9316,1714,3336
2159,3802,301,4523,2676,5004
2159,3802,301,1026,6628,2841
2159,3802,301,8363,2365,7179
2159,3802,301,2558,6715,5136
2159,3802,301,9617,5627,2724
2159,3802,301,8019,4248,7578
2159,3802,301,369,220,7729
2159,3802,301,7144,8510,6230
2159,3802,301,3390,9422,1355
2159,3802,301,7012,4557,7078
2159,3802,301,4423,1353,723
2159,3802,301,9796,2420,8601
2159,3802,301,4819,1805,2230
2159,3802,301,1934,9748,1751
2159,3802,301,7682,5105,4226
2159,3802,301,5387,9380,3759
2159,3802,301,2731,6677,917
2159,3802,301,5302,5742,7454
2159,3802,301,1636,1093,7874
2159,3802,301,9149,5590,9279
2159,3802,301,6772,1009,1708
2159,3802,301,412,6459,865
2159,3802,301,102,1917,838
2159,3802,301,1010,904,3876
2159,3802,301,7687,5133,7441
2159,3802,301,2358,1587,5284
2159,3802,301,8662,1697,8956
2159,3802,301,4251,4325,6383
2159,3802,301,4353,3903,1419
2159,3802,301,7264,3180,815
2159,3802,301,2229,1681,9813
2159,3802,301,1374,7900,8690
2159,3802,301,8643,9062,398
2159,3802,301,3275,3169,4093
2159,3802,301,791,4228,229
2159,3802,301,5116,7262,7411
2159,3802,301,8321,4742,5116
2159,3802,301,1110,9909,9867
2159,3802,301,5775,2004,6334
2159,3802,301,6995,4281,7418
2159,3802,301,7615,9500,3273
2159,3802,301,764,3467,3032
2159,3802,301,9041,9386,7399
2159,3802,301,880,368,3416
2159,3802,301,9269,5894,9328
2159,3802,301,8680,5116,29
2159,3802,301,2874,2258,9896
2159,3802,301,3795,1909,7492
2159,3802,301,2357,1879,6989
2159,3802,301,6918,4635,1905
2159,3802,301,8339,4634,2678
2159,3802,301,1610,2452,3253
2159,3802,301,2771,8706,7428
2159,3802,301,53,3450,4338
2159,3802,301,6473,2315,9288
2159,3802,301,3718,9494,7314
2159,3802,301,6519,8962,5097
2159,3802,301,8887,6153,1768
2159,3802,301,3904,6696,4880
2159,3802,301,8774,4971,7549
2159,3802,301,7535,6731,581
2159,3802,301,5626,3654,6376
2159,3802,301,509,1233,8652
2159,3802,301,4632,113,3712
2159,3802,301,30,180,2104
2159,3802,301,380,8666,6577
2159,3802,301,5473,6806,9998
2159,3802,301,2827,9326,322
2159,3802,301,5822,9593,6022
2159,3802,301,4076,4897,5911
2159,3802,301,6491,5675,7715
2159,3802,301,1903,554,6984
2159,3802,301,6893,7566,6574
2159,3802,301,5535,6944,3841
2159,3802,301,7468,4,9185
2159,3802,301,3307,5057,7245
2159,3802,301,6780,3688,1162
2159,3802,301,7462,7346,5355
2159,3802,301,7548,848,970
2159,3802,301,5109,4012,7084
2159,3802,301,7021,8875,2205
2159,3802,301,664,2198,9349
2159,3802,301,2455,8398,2859
2159,3802,301,6368,9284,4920
2159,3802,301,2419,1027,7362
2159,3802,301,1092,2297,6132
2159,3802,301,284,9890,3676
2159,3802,301,9081,9521,5271
2159,3802,301,4443,3243,8129
2159,3802,301,4739,2597,5539
2159,3802,301,503,4718,3450
2159,3802,301,6542,9463,3459
2159,3802,301,2185,2519,1289
2159,3802,301,2145,2651,190
2159,3802,301,5076,9160,117
2159,3802,301,9066,4801,5734
2159,3802,301,8248,4020,1520
2159,3802,301,6202,5810,8419
2159,3802,301,468,1251,2747
2159,3802,301,3282,282,3862
2159,3802,301,4011,1859,2392
2159,3802,301,744,797,5636
2159,3802,301,7190,9123,222
2159,3802,301,8328,3422,4151
2159,3802,301,276,8299,4863
2159,3802,301,9285,9512,8499
2159,3802,301,3657,4561,402
2159,3802,301,5407,5734,4337
2159,3802,301,4474,8679,696
2159,3802,301,1189,9757,9454
2159,3802,301,4953,2726,3188
2159,3802,301,343,7820,3756
2159,3802,301,5718,125,4072
2159,3802,301,7592,7276,2405
2159,3802,301,7653,2395,7322
2159,3802,301,4159,1689,1140
2159,3802,301,307,5431,1691
2159,3802,301,5703,5830,2619
2159,3802,301,5670,9964,3518
2159,3802,301,7899,2027,6213
2159,3802,301,5557,1582,9584
2159,3802,301,4846,3995,5722
2159,3802,301,8013,7468,1868
2159,3802,301,5615,677,1145
2159,3802,301,654,8421,3927
2159,3802,301,3367,3380,3849
2159,3802,301,5118,9942,5392
2159,3802,301,3178,4725,818
2159,3802,301,3073,614,1687
2159,3802,301,386,7022,4542
2159,3802,301,9529,2390,2083
2159,3802,301,1814,374,7328
2159,3802,301,6396,9641,3038
2159,3802,301,9240,8329,9967
2159,3802,301,567,1929,4794
2159,3802,301,6110,3647,8311
2159,3802,301,8586,8708,5800
2159,3802,301,9204,4616,3697
2159,3802,301,1374,5505,2139
2159,3802,301,1033,5998,1958
2159,3802,301,7637,4482,1412
2159,3802,301,7912,2567,202
2159,3802,301,5991,9241,9830
2159,3802,301,2892,1333,5293
2159,3802,301,6397,9398,5635
2159,3802,301,8652,7782,9059
2159,3802,301,3597,9687,4633
2159,3802,301,8661,4627,2539
2159,3802,301,1131,7077,1528
2159,3802,301,1477,5495,6322
2159,3802,301,3266,1126,7318
2159,3802,301,6522,3011,1758
2159,3802,301,961,561,117
2159,3802,301,351,9109,6183
2159,3802,301,4228,6320,7857
2159,3802,301,5715,5532,8729
2159,3802,301,9373,3643,7655
2159,3802,301,9565,8705,4113
2159,3802,301,1774,4731,715
2159,3802,301,3277,1076,4202
2159,3802,301,2362,8092,6547
2159,3802,301,7679,4906,7988
2159,3802,301,5264,5053,9398
2159,3802,301,9752,9785,2567
2159,3802,301,2404,4676,2094
2159,3802,301,1151,7008,2551
2159,3802,301,7018,2048,1220
2159,3802,301,3903,8869,6090
2159,3802,301,192,8502,611
2159,3802,301,6461,9335,5937
2159,3802,301,382,2315,1564
2159,3802,301,5546,6347,9488
2159,3802,301,7483,4252,4555
2159,3802,301,6632,9429,3988
2159,3802,301,3615,7149,2542
2159,3802,301,2145,6558,5136
2159,3802,301,4459,6464,7679
2159,3802,301,9896,9185,1099
2159,3802,301,8542,8638,6302
2159,3802,301,1871,139,6156
2159,3802,301,1247,5482,5487
2159,3802,301,3561,3359,9229
2159,3802,301,3166,8073,1014
2159,3802,301,1557,9212,6417
2159,3802,301,9360,6138,2611
2159,3802,301,8139,1753,3516
2159,3802,301,4337,6578,872
2159,3802,301,6551,7120,9016
2159,3802,301,6183,7340,9706
2159,3802,301,2905,1244,8059
2159,3802,301,423,9008,1325
2159,3802,301,794,1962,5751
2159,3802,301,5517,4833,4732
2159,3802,301,8102,9869,7311
2159,3802,301,5776,6517,2715
2159,3802,301,7089,3023,497
2159,3802,301,6503,8090,9311
2159,3802,301,2194,6277,3235
2159,3802,301,9011,9776,8499
2159,3802,301,8996,8971,1756
2159,3802,301,4302,9949,2743
2159,3802,301,2836,1929,8006
2159,3802,301,9639,6698,5925
2159,3802,301,1261,8371,8808
2159,3802,301,5920,1217,4602
2159,3802,301,429,6020,8902
2159,3802,301,1744,3079,4396
2159,3802,301,8708,807,7412
2159,3802,301,3658,3119,8727
2159,3802,301,4839,5866,2018
2159,3802,301,4920,5992,5018
2159,3802,301,5889,863,2482
2159,3802,301,9698,6776,9402
2159,3802,301,3483,2962,3054
2159,3802,301,4555,9329,837
2159,3802,301,947,5507,4790
2159,3802,301,1739,8794,562
2159,3802,301,9839,7935,1893
2159,3802,301,5527,4873,3218
2159,3802,301,5460,6160,8713
2159,3802,301,1772,1666,8120
2159,3802,301,4908,1568,948
2159,3802,301,4864,1838,411
2159,3802,301,8022,4679,5016
2159,3802,301,4573,7355,975
2159,3802,301,8129,1493,1588
2159,3802,301,594,3319,4365
2159,3802,301,4909,7251,4807
2159,3802,301,7114,9330,3517
2159,3802,301,9371,702,2552
2159,3802,301,8450,6730,781
2159,3802,301,3044,120,5982
2159,3802,301,8420,5800,2282
2159,3802,301,7145,4562,2644
2159,3802,301,1467,2051,1574
2159,3802,301,1736,5918,5261
2159,3802,301,6097,700,364
2159,3802,301,6268,8124,3996
2159,3802,301,5516,6375,4250
2159,3802,301,3540,4556,3732
2159,3802,301,5527,3605,1400
2159,3802,301,8139,6063,3599
2159,3802,301,2703,8956,9615
2159,3802,301,2899,9150,6267
2159,3802,301,3446,2503,6287
2159,3802,301,3457,8869,3018
2159,3802,301,1885,3027,3454
2159,3802,301,9909,1320,4223
2159,3802,301,7831,4392,7471
2159,3802,301,5048,5512,1970
2159,3802,301,8293,3286,8947
2159,3802,301,1732,5135,6466
2159,3802,301,7479,3212,726
2159,3802,301,1999,9979,8128
2159,3802,301,5602,1684,9191
2159,3802,301,7287,1889,3463
2159,3802,301,1978,1845,8517
2159,3802,301,4375,3251,1507
2159,3802,301,8222,5534,2442
2159,3802,301,2801,8191,2173
2159,3802,301,8198,9296,2923
2159,3802,301,8538,9871,4436
2159,3802,301,6287,2909,8504
2159,3802,301,834,6295,5790
2159,3802,301,5472,9440,1394
2159,3802,301,825,1000,3328
2159,3802,301,4914,832,5511
2159,3802,301,1212,8197,191
2159,3802,301,239,4052,1071
2159,3802,301,2129,2844,4494
2159,3802,301,3888,5091,7658
2159,3802,301,3810,4109,5140
2159,3802,301,3655,6920,2259
2159,3802,301,2406,1544,6270
2159,3802,301,5453,7517,4710
2159,3802,301,3425,8717,7391
2159,3802,301,9646,3726,3755
2159,3802,301,1979,9676,6422
2159,3802,301,5289,1387,5129
2159,3802,301,4336,2153,9251
2159,3802,301,5857,3778,7850
2159,3802,301,6483,263,7728
2159,3802,301,4579,7976,212
2159,3802,301,7022,2818,3012
2159,3802,301,1013,4206,504
2159,3802,301,1432,701,7510
2159,3802,301,6497,8134,1409
2159,3802,301,4220,2968,7371
2159,3802,301,8444,3602,206
2159,3802,301,8795,2633,7769
2159,3802,301,9158,1120,4631
2159,3802,301,1135,3224,732
2159,3802,301,4941,5882,6421
2159,3802,301,366,200,3771
2159,3802,301,800,6590,7255
2159,3802,301,9846,1634,6384
2159,3802,301,1597,4961,7976
2159,3802,301,645,564,3310
2159,3802,301,8692,2154,2534
2159,3802,301,448,7112,9732
2159,3802,301,4345,41,3766
2159,3802,301,9738,6057,8750
