2159,3802,301,8802,1645,7185
2159,3802,301,5355,3167,451
2159,3802,301,9933,90,8932
2159,3802,301,9835,1639,1286
2159,3802,301,4008,8655,7496
2159,3802,301,7914,3895,6453
2159,3802,301,6726,6010,9946
2159,3802,301,179,7556,97
2159,3802,301,5685,1193,9662
2159,3802,301,3387,457,1447
2159,3802,301,904,5262,9857
2159,3802,301,5370,8316,3289
2159,3802,301,9845,7471,5716
2159,3802,301,5624,8615,7920
2159,3802,301,7209,2035,9560
2159,3802,301,1223,6294,7168
2159,3802,301,474,6850,5063
2159,3802,301,3554,8345,8078
2159,3802,301,5027,8060,3688
2159,3802,301,4263,6476,5175
2159,3802,301,3147,8586,4649
2159,3802,301,8075,9972,956
2159,3802,301,4144,8987,8136
2159,3802,301,215,1113,8359
2159,3802,301,7744,6322,5105
2159,3802,301,1688,6959,2983
2159,3802,301,9220,9158,1458
2159,3802,301,6027,3941,4198
2159,3802,301,8223,9501,6601
2159,3802,301,2539,9209,7866
2159,3802,301,9256,259,3526
2159,3802,301,3202,8418,9318
2159,3802,301,6918,5212,6043
2159,3802,301,3083,4531,7139
2159,3802,301,7303,6493,1937
2159,3802,301,5742,2343,8051
2159,3802,301,1358,9913,4479
2159,3802,301,8436,4088,4299
2159,3802,301,2047,9325,4077
2159,3802,301,4549,4523,5715
2159,3802,301,1966,9101,9838
2159,3802,301,7374,4202,7276
2159,3802,301,3665,675,7786
2159,3802,301,2524,10000,8960
2159,3802,301,5263,1064,2649
2159,3802,301,3417,770,3133
2159,3802,301,2826,9562,1690
2159,3802,301,9876,2703,1742
2159,3802,301,888,330,3784
2159,3802,301,167,814,8850
2159,3802,301,5159,341,4961
2159,3802,301,1710,2716,76
2159,3802,301,3433,4534,4935
2159,3802,301,9105,7772,3505
2159,3802,301,2308,4192,6056
2159,3802,301,7208,5916,8492
2159,3802,301,6353,7289,3754
2159,3802,301,9867,7119,214
2159,3802,301,5616,7879,4780
2159,3802,301,3973,1167,8699
2159,3802,301,3230,8392,5799
2159,3802,301,6869,6605,5868
2159,3802,301,7183,5212,8536
2159,3802,301,5920,8911,434
2159,3802,301,2244,7393,9661
2159,3802,301,5966,9009,1288
2159,3802,301,8935,9908,1793
2159,3802,301,2787,8726,5828
2159,3802,301,2342,790,8825
2159,3802,301,9053,7663,6847
2159,3802,301,9800,2441,8483
2159,3802,301,5208,1964,3892
2159,3802,301,8314,1078,939
2159,3802,301,660,7239,9916
2159,3802,301,3522,608,9527
2159,3802,301,5908,1919,6057
2159,3802,301,6972,5709,8891
2159,3802,301,2709,1007,2353
2159,3802,301,9535,3643,6200
2159,3802,301,4801,3265,4148
2159,3802,301,7226,5650,5827
2159,3802,301,4128,7100,8063
2159,3802,301,9901,2657,962
2159,3802,301,9348,7770,6858
2159,3802,301,5245,8932,5596
2159,3802,301,8512,3436,9519
2159,3802,301,6055,7319,8585
2159,3802,301,6900,6840,8113
2159,3802,301,4886,4049,3587
2159,3802,301,7317,6670,3683
2159,3802,301,2434,521,6140
2159,3802,301,2432,4540,3132
2159,3802,301,3463,8592,663
2159,3802,301,7349,1403,6879
2159,3802,301,6681,1634,5264
2159,3802,301,7323,2893,1828
2159,3802,301,4664,7602,3839
2159,3802,301,5138,9720,6414
2159,3802,301,4462,2589,9084
2159,3802,301,8536,3533,6619
2159,3802,301,5931,8999,2006
2159,3802,301,2036,1644,7579
2159,3802,301,8869,6353,8347
2159,3802,301,2451,3993,5911
2159,3802,301,4603,4440,5903
2159,3802,301,9898,7660,9779
2159,3802,301,6848,5865,3788
2159,3802,301,5321,8547,3131
2159,3802,301,8828,5354,9495
2159,3802,301,9824,6817,1663
2159,3802,301,3306,7103,2903
2159,3802,301,8410,7980,6414
2159,3802,301,1037,2721,5203
2159,3802,301,9497,5249,1304
2159,3802,301,4851,4489,1246
2159,3802,301,1078,2172,2604
2159,3802,301,404,9183,7813
2159,3802,301,6182,2042,94
2159,3802,301,2967,6467,1933
2159,3802,301,4695,9411,9781
2159,3802,301,35,953,7756
2159,3802,301,5284,8010,2658
2159,3802,301,9371,4797,8351
2159,3802,301,1251,4520,2423
2159,3802,301,938,5513,5153
2159,3802,301,5637,3402,2488
2159,3802,301,3499,4607,7115
2159,3802,301,1616,8278,9881
2159,3802,301,1853,5857,7789
2159,3802,301,3246,7209,5712
2159,3802,301,5926,2514,5605
2159,3802,301,8199,836,8054
2159,3802,301,6778,7215,3447
2159,3802,301,630,6144,6305
2159,3802,301,8654,2729,9002
2159,3802,301,6580,2766,1517
2159,3802,301,3209,3792,9381
2159,3802,301,4242,4693,8378
2159,3802,301,4569,3145,8079
2159,3802,301,5539,5617,8903
2159,3802,301,9488,1696,993
2159,3802,301,9087,7703,7025
2159,3802,301,8474,4008,7534
2159,3802,301,4645,6102,6933
2159,3802,301,3863,2046,7573
2159,3802,301,2026,556,2450
2159,3802,301,4619,9505,1780
2159,3802,301,1300,9104,9335
2159,3802,301,3366,1912,837
2159,3802,301,2545,6860,5157
2159,3802,301,8594,6503,8094
2159,3802,301,8981,9305,8592
2159,3802,301,9543,8239,8903
2159,3802,301,3319,7158,8121
2159,3802,301,2315,5632,1338
2159,3802,301,3199,435,1826
2159,3802,301,1485,5818,3553
2159,3802,301,7377,8186,5447
2159,3802,301,8569,3083,9559
2159,3802,301,2282,9075,724
2159,3802,301,8693,6915,7626
2159,3802,301,3303,5190,8976
2159,3802,301,125,6325,238
2159,3802,301,6030,8767,5224
2159,3802,301,623,3770,1468
2159,3802,301,9603,7755,3861
2159,3802,301,3316,3201,6842
2159,3802,301,8800,1730,8468
2159,3802,301,511,7010,8445
2159,3802,301,6071,377,6178
2159,3802,301,3082,9087,3438
2159,3802,301,8226,4643,2128
2159,3802,301,9605,9501,3197
2159,3802,301,2948,4519,5772
2159,3802,301,8852,4041,1059
2159,3802,301,7424,7638,5394
2159,3802,301,6843,6722,4259
2159,3802,301,3601,5014,2772
2159,3802,301,5344,6697,3771
2159,3802,301,5891,9766,9234
2159,3802,301,361,2155,41
2159,3802,301,3790,9552,6805
2159,3802,301,6742,6848,9803
2159,3802,301,2821,4246,5585
2159,3802,301,523,2676,9093
2159,3802,301,9285,6831,6664
2159,3802,301,1217,6797,3227
2159,3802,301,8819,94,9892
2159,3802,301,2579,7833,2639
2159,3802,301,5875,6651,718
2159,3802,301,4380,8,1487
2159,3802,301,2733,2019,6291
2159,3802,301,8474,1387,5820
2159,3802,301,8070,6943,2979
2159,3802,301,5358,7757,5351
2159,3802,301,681,5384,6753
2159,3802,301,9135,7554,3069
2159,3802,301,4498,3625,1816
2159,3802,301,5479,7478,4320
2159,3802,301,7402,4608,1046
2159,3802,301,1580,9940,3636
2159,3802,301,4545,6519,6238
2159,3802,301,8303,4247,5708
2159,3802,301,3122,6270,1064
2159,3802,301,5995,8747,7409
2159,3802,301,5861,560,3565
2159,3802,301,6450,8025,5545
2159,3802,301,6401,1669,9809
2159,3802,301,9499,4993,2333
2159,3802,301,2117,6084,2745
2159,3802,301,4101,9787,8249
2159,3802,301,4813,8682,8780
2159,3802,301,3968,9823,1985
2159,3802,301,7762,286,6911
2159,3802,301,5222,2242,5876
2159,3802,301,4503,5202,7718
2159,3802,301,4335,3833,3099
2159,3802,301,7709,6226,8628
2159,3802,301,1115,153,3182
2159,3802,301,1681,7188,5658
2159,3802,301,7411,4516,3298
2159,3802,301,3097,435,4179
2159,3802,301,7127,8021,2654
2159,3802,301,1160,8761,1672
2159,3802,301,5233,2344,6240
2159,3802,301,9530,7349,8111
2159,3802,301,8684,6294,660
2159,3802,301,7372,1561,3396
2159,3802,301,1779,3761,5656
2159,3802,301,6497,7914,5178
2159,3802,301,3242,1230,7005
2159,3802,301,4200,6650,3305
2159,3802,301,8455,2996,8596
2159,3802,301,1872,2975,1313
2159,3802,301,8589,1015,2107
2159,3802,301,260,8799,4240
2159,3802,301,4832,5634,7448
2159,3802,301,8233,2425,9106
2159,3802,301,8132,9061,8075
2159,3802,301,6166,6459,6829
2159,3802,301,3492,7026,9244
2159,3802,301,4529,2288,6409
2159,3802,301,1587,5581,5988
2159,3802,301,1580,1235,4136
2159,3802,301,5628,9502,3096
2159,3802,301,7942,4389,7539
2159,3802,301,9353,362,7848
2159,3802,301,2757,3187,507
2159,3802,301,5063,3334,1424
2159,3802,301,3328,3798,5707
2159,3802,301,2154,4830,5562
2159,3802,301,8001,3383,6702
2159,3802,301,7489,3732,8534
2159,3802,301,5675,9295,2139
2159,3802,301,6326,798,9485
2159,3802,301,7190,2333,8565
2159,3802,301,2487,7810,3290
2159,3802,301,4282,6375,4430
2159,3802,301,8668,1881,5485
2159,3802,301,4014,2404,2255
2159,3802,301,657,8187,7597
2159,3802,301,5967,4333,396
2159,3802,301,5584,5766,1193
2159,3802,301,8408,2709,9910
2159,3802,301,5127,5999,1119
2159,3802,301,8097,7706,1336
2159,3802,301,4017,3413,8962
2159,3802,301,4699,7685,540
2159,3802,301,1821,9044,2784
2159,3802,301,1701,3421,7255
2159,3802,301,7716,4829,2001
2159,3802,301,3548,5318,9843
2159,3802,301,2317,857,9989
2159,3802,301,2597,5973,5472
2159,3802,301,5510,3832,3469
2159,3802,301,7850,5740,3266
2159,3802,301,5463,8324,3501
2159,3802,301,9191,8616,4243
2159,3802,301,9252,7232,1311
2159,3802,301,2698,1851,7525
2159,3802,301,1294,1891,4026
2159,3802,301,4058,9194,5226
2159,3802,301,2466,768,4456
2159,3802,301,6657,3105,3569
2159,3802,301,704,1363,3388
2159,3802,301,6357,6538,8803
2159,3802,301,6959,6463,6967
2159,3802,301,577,4582,7090
2159,3802,301,8499,7671,4180
2159,3802,301,2850,2497,8306
2159,3802,301,496,7133,2756
2159,3802,301,9842,2430,7540
2159,3802,301,5613,9127,1015
2159,3802,301,3797,9998,4695
2159,3802,301,5675,9914,9280
2159,3802,301,7534,2474,9045
2159,3802,301,2597,1869,9546
2159,3802,301,2121,7351,4661
2159,3802,301,8075,247,1201
2159,3802,301,7963,4536,3838
2159,3802,301,312,3699,6344
2159,3802,301,166,6738,3442
2159,3802,301,3860,3337,4097
2159,3802,301,2973,1013,6833
2159,3802,301,7844,9619,1285
2159,3802,301,2381,7991,3819
2159,3802,301,9914,5772,7414
2159,3802,301,4882,973,6874
2159,3802,301,3856,980,1231
2159,3802,301,496,7494,3260
2159,3802,301,2733,2512,4250
2159,3802,301,3195,6750,7671
2159,3802,301,1532,9338,4279
2159,3802,301,2376,3870,3907
2159,3802,301,1406,1129,3072
2159,3802,301,6812,8697,743
2159,3802,301,8713,354,7717
2159,3802,301,7240,1313,3177
2159,3802,301,463,449,3241
2159,3802,301,3087,8160,155
2159,3802,301,7932,2952,7456
2159,3802,301,4612,6794,1708
2159,3802,301,3638,3433,3589
2159,3802,301,7987,2535,3710
2159,3802,301,5530,9981,4205
2159,3802,301,8173,3182,4529
2159,3802,301,7678,5065,7826
2159,3802,301,5720,863,4507
2159,3802,301,7397,3454,5985
2159,3802,301,6362,364,5864
2159,3802,301,4331,9077,6250
2159,3802,301,9553,5217,5062
2159,3802,301,5320,2312,9319
2159,3802,301,9976,1463,8926
2159,3802,301,2021,6308,9041
2159,3802,301,4225,9175,2781
2159,3802,301,5235,6565,5037
2159,3802,301,1833,9851,3627
2159,3802,301,6855,7943,5367
2159,3802,301,7692,703,5278
2159,3802,301,5430,1438,5606
2159,3802,301,7040,7127,5408
2159,3802,301,1201,6608,841
2159,3802,301,7424,8239,3902
2159,3802,301,3678,4881,6077
2159,3802,301,1544,573,1527
2159,3802,301,7823,1232,266
2159,3802,301,5933,8760,761
2159,3802,301,5455,9364,6273
2159,3802,301,7071,1904,688
2159,3802,301,123,5538,6732
2159,3802,301,2897,4586,7285
2159,3802,301,46,6557,1427
2159,3802,301,2041,8055,6685
2159,3802,301,5114,9432,9290
2159,3802,301,283,6403,4377
2159,3802,301,9122,4848,7640
2159,3802,301,1287,3489,3997
2159,3802,301,8813,6455,8784
2159,3802,301,9097,4789,6913
2159,3802,301,9103,3834,5147
2159,3802,301,5762,9899,833
2159,3802,301,2571,2733,8902
2159,3802,301,5454,8228,7446
2159,3802,301,5475,3058,3601
2159,3802,301,196,9142,2444
2159,3802,301,3859,4144,7639
2159,3802,301,2874,1321,2916
2159,3802,301,2560,1380,4198
2159,3802,301,8605,228,3252
2159,3802,301,9425,9829,2689
2159,3802,301,9574,4461,292
2159,3802,301,7243,6119,4519
2159,3802,301,3072,934,2213
2159,3802,301,3015,5499,9322
2159,3802,301,7789,4585,7868
2159,3802,301,7652,2222,7950
2159,3802,301,8656,5034,4075
2159,3802,301,8383,8493,1629
2159,3802,301,1094,7454,1341
2159,3802,301,8532,5192,5172
2159,3802,301,6013,4779,3165
2159,3802,301,974,264,8716
2159,3802,301,616,5003,3429
2159,3802,301,7883,397,1292
2159,3802,301,871,1509,6815
2159,3802,301,694,5011,8529
2159,3802,301,4136,1928,7612
2159,3802,301,7016,1895,3931
2159,3802,301,1516,6989,1298
2159,3802,301,3244,2203,7246
2159,3802,301,3974,2636,9487
2159,3802,301,3470,7010,8657
2159,3802,301,8281,6782,1950
2159,3802,301,2867,8529,1369
2159,3802,301,2114,1129,2455
2159,3802,301,7369,1720,7974
2159,3802,301,2035,8873,3014
2159,3802,301,4443,8244,5621
2159,3802,301,7436,7963,494
2159,3802,301,8499,3501,2250
2159,3802,301,7328,8369,9964
2159,3802,301,1431,4909,8832
2159,3802,301,6091,3147,5777
2159,3802,301,7219,2988,3344
2159,3802,301,303,990,3348
2159,3802,301,5541,3072,2875
2159,3802,301,1071,7323,3274
2159,3802,301,1504,9502,6787
2159,3802,301,6251,6514,4637
2159,3802,301,7983,3513,4483
2159,3802,301,6087,9140,5659
2159,3802,301,8972,206,1356
2159,3802,301,7723,7112,3527
2159,3802,301,1963,2633,2464
2159,3802,301,3223,7001,194
2159,3802,301,7227,5363,9126
2159,3802,301,8470,9147,1679
2159,3802,301,4173,4702,5981
2159,3802,301,251,9938,534
2159,3802,301,6063,9418,5694
2159,3802,301,4428,532,9757
2159,3802,301,6920,6442,676
2159,3802,301,3418,8253,1879
2159,3802,301,6728,5882,3887
2159,3802,301,1614,4409,1336
2159,3802,301,5867,9230,7849
2159,3802,301,7410,7525,7023
2159,3802,301,1345,7007,2229
2159,3802,301,1867,1865,6959
2159,3802,301,725,7053,4020
2159,3802,301,254,2694,1127
2159,3802,301,1782,6131,5367
2159,3802,301,6816,3505,132
2159,3802,301,877,4137,4634
2159,3802,301,6997,9020,8593
2159,3802,301,3279,8581,7462
2159,3802,301,628,9134,8752
2159,3802,301,4666,1966,3493
2159,3802,301,6598,6834,829
2159,3802,301,959,6562,3176
2159,3802,301,6464,5974,3779
2159,3802,301,222,5414,6640
2159,3802,301,717,6926,8080
2159,3802,301,4441,7072,8138
2159,3802,301,4576,3687,3161
2159,3802,301,2624,7604,5664
2159,3802,301,5797,608,2340
2159,3802,301,4113,1992,9304
2159,3802,301,1100,917,8317
2159,3802,301,1027,2253,7494
2159,3802,301,4891,8995,8162
2159,3802,301,2202,6426,9806
2159,3802,301,340,7524,8753
2159,3802,301,4518,5588,6048
2159,3802,301,4222,581,5339
2159,3802,301,9012,9259,3954
2159,3802,301,4917,1866,7725
2159,3802,301,9156,4269,2102
2159,3802,301,8166,421,9018
2159,3802,301,5370,9169,140
2159,3802,301,9892,3454,1476
2159,3802,301,7825,6518,7958
2159,3802,301,7578,4992,2414
2159,3802,301,8442,3251,3586
2159,3802,301,3791,9801,9664
2159,3802,301,8723,8533,9688
2159,3802,301,7613,9938,92
2159,3802,301,7304,6336,7477
2159,3802,301,42,942,2839
2159,3802,301,6535,6809,2392
2159,3802,301,3539,3696,47
2159,3802,301,4598,2131,7437
2159,3802,301,5375,8775,7673
2159,3802,301,3988,7224,3107
2159,3802,301,1606,6843,591
2159,3802,301,7315,3869,8356
2159,3802,301,1280,9723,762
2159,3802,301,7393,2820,1857
2159,3802,301,8516,355,3459
2159,3802,301,8083,1824,6022
2159,3802,301,5368,7821,8932
2159,3802,301,5843,829,3489
2159,3802,301,7292,7506,4764
2159,3802,301,5850,1343,8495
2159,3802,301,1803,6373,879
2159,3802,301,3537,7922,7373
2159,3802,301,7938,3503,6703
2159,3802,301,2194,457,8719
2159,3802,301,2435,1903,324
2159,3802,301,332,7037,9263
2159,3802,301,1428,3502,6176
2159,3802,301,4381,7759,3889
2159,3802,301,5631,7814,3521
2159,3802,301,8431,8307,5652
2159,3802,301,4148,2932,8263
2159,3802,301,9720,5166,4663
2159,3802,301,8403,9469,1875
2159,3802,301,6054,2041,7773
2159,3802,301,583,714,1837
2159,3802,301,5188,7760,5119
2159,3802,301,8765,3299,3698
2159,3802,301,772,5683,664
2159,3802,301,5838,4574,7754
2159,3802,301,4641,6474,499
2159,3802,301,2557,8525,1089
2159,3802,301,6066,913,6545
2159,3802,301,1647,1614,5776
2159,3802,301,5896,5446,3615
2159,3802,301,5951,4549,628
