5319,5171,3280,7790,5781,3857
5319,5171,3280,5243,9140,6123
5319,5171,3280,8285,9697,3398
5319,5171,3280,2,9310,7776
5319,5171,3280,2657,5927,4826
5319,5171,3280,3860,5295,3666
5319,5171,3280,1277,5412,4379
5319,5171,3280,1356,8084,4539
5319,5171,3280,9942,181,8977
5319,5171,3280,7382,9469,9005
5319,5171,3280,4930,4885,5699
5319,5171,3280,5339,7882,3018
5319,5171,3280,7317,8118,6201
5319,5171,3280,5743,2754,8635
5319,5171,3280,1855,5346,5968
5319,5171,3280,6536,9685,877
5319,5171,3280,3993,9265,541
5319,5171,3280,4216,7291,4518
5319,5171,3280,7887,9175,4554
5319,5171,3280,5908,7700,6477
5319,5171,3280,3372,3472,6893
5319,5171,3280,4155,10000,5551
5319,5171,3280,4279,5483,2069
5319,5171,3280,3586,4186,9674
5319,5171,3280,5505,1740,4051
5319,5171,3280,6727,4362,7708
5319,5171,3280,4691,6624,5599
5319,5171,3280,9120,6806,1464
5319,5171,3280,5192,4771,9579
5319,5171,3280,8075,7647,7240
5319,5171,3280,4901,857,1536
5319,5171,3280,6894,4518,8873
5319,5171,3280,786,8291,2981
5319,5171,3280,2053,7615,3797
5319,5171,3280,4087,2111,7285
5319,5171,3280,8351,5502,1710
5319,5171,3280,2207,2419,3542
5319,5171,3280,4572,328,2697
5319,5171,3280,1721,8444,3294
5319,5171,3280,3854,8559,3073
5319,5171,3280,5099,3459,6253
5319,5171,3280,8620,7936,8613
5319,5171,3280,9361,3897,2166
5319,5171,3280,4442,2682,4267
5319,5171,3280,4007,3754,7037
5319,5171,3280,3257,3869,590
5319,5171,3280,8419,2657,7955
5319,5171,3280,8178,1059,706
5319,5171,3280,4610,8435,4777
5319,5171,3280,4639,6702,9911
5319,5171,3280,465,3501,1498
5319,5171,3280,9057,168,6121
5319,5171,3280,9643,7183,4409
5319,5171,3280,3533,8003,4588
5319,5171,3280,9698,4266,5029
5319,5171,3280,9567,8233,5662
5319,5171,3280,4560,1154,2591
5319,5171,3280,2210,4265,9953
5319,5171,3280,5428,7402,1200
5319,5171,3280,1205,9126,5630
5319,5171,3280,7396,3074,8914
5319,5171,3280,3313,4197,6469
5319,5171,3280,6966,507,691
5319,5171,3280,7053,7288,3758
5319,5171,3280,2219,212,7852
5319,5171,3280,6402,7363,8985
5319,5171,3280,2852,485,1353
5319,5171,3280,1000,8294,324
5319,5171,3280,2224,8429,5147
5319,5171,3280,5852,594,4510
5319,5171,3280,6751,4288,5935
5319,5171,3280,8795,4534,7537
5319,5171,3280,9567,1658,5342
5319,5171,3280,8474,7249,6996
5319,5171,3280,5400,7300,865
5319,5171,3280,394,6893,8808
5319,5171,3280,6804,5559,5906
5319,5171,3280,5215,1559,2509
5319,5171,3280,5092,2296,2700
5319,5171,3280,2632,6520,7800
5319,5171,3280,3585,8418,9674
5319,5171,3280,1904,2596,342
5319,5171,3280,2241,6634,2916
5319,5171,3280,231,7385,5719
5319,5171,3280,5021,2314,2368
5319,5171,3280,1408,3635,3626
5319,5171,3280,7910,8085,7122
5319,5171,3280,3002,1863,8669
5319,5171,3280,2968,8256,7215
5319,5171,3280,415,3948,7873
5319,5171,3280,5362,423,8059
5319,5171,3280,8981,1574,6933
5319,5171,3280,2928,8773,3050
5319,5171,3280,5870,4137,3951
5319,5171,3280,7667,6163,4722
5319,5171,3280,3902,4264,2005
5319,5171,3280,9026,6193,5899
5319,5171,3280,4240,5960,8286
5319,5171,3280,3102,4725,8163
5319,5171,3280,640,3753,9369
5319,5171,3280,3420,2672,4634
5319,5171,3280,8068,186,4484
5319,5171,3280,8701,2575,889
5319,5171,3280,7249,5194,4757
5319,5171,3280,1596,8078,4100
5319,5171,3280,2941,7333,3515
5319,5171,3280,7414,3767,308
5319,5171,3280,3234,8260,9547
5319,5171,3280,939,6306,8
5319,5171,3280,4715,5681,4187
5319,5171,3280,8940,8196,1992
5319,5171,3280,1795,1401,7430
5319,5171,3280,133,8859,3633
5319,5171,3280,4444,4232,7636
5319,5171,3280,1161,2874,9043
5319,5171,3280,5578,9638,2396
5319,5171,3280,5266,9150,5714
5319,5171,3280,6587,6220,4498
5319,5171,3280,9370,3319,8777
5319,5171,3280,49,184,6374
5319,5171,3280,8175,8411,5898
5319,5171,3280,9252,1621,9631
5319,5171,3280,7071,1457,3242
5319,5171,3280,4860,9126,7846
5319,5171,3280,6896,1747,1587
5319,5171,3280,1935,248,4321
5319,5171,3280,1141,3371,5770
5319,5171,3280,2313,9519,2567
5319,5171,3280,2182,328,1069
5319,5171,3280,7384,8626,2039
5319,5171,3280,9018,81,1727
5319,5171,3280,2267,7230,8601
5319,5171,3280,6487,2913,966
5319,5171,3280,1303,3294,8243
5319,5171,3280,5099,822,3147
5319,5171,3280,9473,6141,5617
5319,5171,3280,9613,4954,2616
5319,5171,3280,9209,9949,5391
5319,5171,3280,6483,8032,51
5319,5171,3280,188,6006,2860
5319,5171,3280,1965,4799,7205
5319,5171,3280,9815,1098,3790
5319,5171,3280,2599,6373,2964
5319,5171,3280,5963,8262,9440
5319,5171,3280,4765,8174,8936
5319,5171,3280,2517,6278,1258
5319,5171,3280,3719,5914,8345
5319,5171,3280,4430,1000,7506
5319,5171,3280,1852,8469,5852
5319,5171,3280,671,1348,2495
5319,5171,3280,6593,9791,4548
5319,5171,3280,3693,5602,6473
5319,5171,3280,7488,9933,3948
5319,5171,3280,9633,8761,7701
5319,5171,3280,9396,3779,4999
5319,5171,3280,7258,3252,6989
5319,5171,3280,132,8845,8260
5319,5171,3280,1281,3373,8344
5319,5171,3280,3093,9333,5647
5319,5171,3280,7616,7434,1706
5319,5171,3280,7932,3755,7111
5319,5171,3280,7298,2455,9845
5319,5171,3280,9696,813,3015
5319,5171,3280,2962,3383,93
5319,5171,3280,4129,896,5704
5319,5171,3280,3243,6175,1633
5319,5171,3280,3736,9409,7353
5319,5171,3280,8986,6316,1309
5319,5171,3280,3994,1362,6115
5319,5171,3280,8079,2563,6937
5319,5171,3280,2368,3182,6450
5319,5171,3280,3321,356,4137
5319,5171,3280,1574,4363,605
5319,5171,3280,6329,6650,3540
5319,5171,3280,5468,9466,2526
5319,5171,3280,5642,4373,4051
5319,5171,3280,7473,2542,7980
5319,5171,3280,8501,6131,1108
5319,5171,3280,6725,5627,153
5319,5171,3280,6968,8324,9128
5319,5171,3280,3749,2096,1023
5319,5171,3280,4601,9949,9618
5319,5171,3280,9294,1935,5498
5319,5171,3280,3726,6000,7109
5319,5171,3280,8215,1723,2181
5319,5171,3280,9638,8453,8292
5319,5171,3280,3143,4503,2716
5319,5171,3280,5809,4092,9202
5319,5171,3280,8289,2563,7709
5319,5171,3280,8266,4959,6957
5319,5171,3280,2191,1317,7527
5319,5171,3280,2199,6215,373
5319,5171,3280,1086,113,2465
5319,5171,3280,4511,7933,4308
5319,5171,3280,4809,8389,314
5319,5171,3280,8675,912,6467
5319,5171,3280,6115,5708,7571
5319,5171,3280,8039,6566,9566
5319,5171,3280,7077,8331,2049
5319,5171,3280,7521,5009,3795
5319,5171,3280,2636,4564,7336
5319,5171,3280,8155,9025,3944
5319,5171,3280,2183,4436,8196
5319,5171,3280,2470,9802,9884
5319,5171,3280,3520,9150,3209
5319,5171,3280,2589,3742,7656
5319,5171,3280,6491,278,2024
5319,5171,3280,3894,4506,3423
5319,5171,3280,1074,3118,8219
5319,5171,3280,1554,4262,8067
5319,5171,3280,4996,5689,2288
5319,5171,3280,3808,918,9732
5319,5171,3280,8803,5504,7821
5319,5171,3280,21,515,4836
5319,5171,3280,4641,1594,7779
5319,5171,3280,9267,1179,5083
5319,5171,3280,10,4957,6258
5319,5171,3280,3202,5970,5460
5319,5171,3280,581,9474,9715
5319,5171,3280,9740,9290,4439
5319,5171,3280,3014,22,9098
5319,5171,3280,6468,9843,9242
5319,5171,3280,6424,873,8186
5319,5171,3280,1591,2408,894
5319,5171,3280,862,55,6927
5319,5171,3280,6245,846,6400
5319,5171,3280,8955,7619,7363
5319,5171,3280,5989,6715,9199
5319,5171,3280,2700,6579,5846
5319,5171,3280,3881,408,6001
5319,5171,3280,4868,2650,4791
5319,5171,3280,8806,763,7897
5319,5171,3280,1189,5436,983
5319,5171,3280,1353,352,7973
5319,5171,3280,6692,6961,3155
5319,5171,3280,4129,7232,60
5319,5171,3280,2512,6796,5420
5319,5171,3280,5789,6864,9739
5319,5171,3280,2433,8472,891
5319,5171,3280,8752,9944,7154
5319,5171,3280,3863,2878,7320
5319,5171,3280,3778,156,3252
5319,5171,3280,8354,4056,9992
5319,5171,3280,5508,8929,2052
5319,5171,3280,3514,3124,9701
5319,5171,3280,5658,9257,6419
5319,5171,3280,6559,4119,1329
5319,5171,3280,734,2880,8751
5319,5171,3280,2250,4860,5174
5319,5171,3280,4274,2824,4378
5319,5171,3280,6979,8212,8750
5319,5171,3280,4467,8030,5373
5319,5171,3280,5065,4875,5950
5319,5171,3280,7700,5887,9380
5319,5171,3280,8484,233,1227
5319,5171,3280,3383,2272,3108
5319,5171,3280,4191,3334,2075
5319,5171,3280,7519,4728,1211
5319,5171,3280,3760,4082,5552
5319,5171,3280,6288,5254,5777
5319,5171,3280,4593,372,5083
5319,5171,3280,1571,8961,3082
5319,5171,3280,3157,4317,5008
5319,5171,3280,4580,4700,6242
5319,5171,3280,4915,9212,6566
5319,5171,3280,2637,2348,6595
5319,5171,3280,352,1343,7440
5319,5171,3280,7775,285,2165
5319,5171,3280,2135,9176,6138
5319,5171,3280,277,6176,9169
5319,5171,3280,5589,4102,2698
5319,5171,3280,9109,4658,7847
5319,5171,3280,4175,8439,2407
5319,5171,3280,4554,6951,9642
5319,5171,3280,2094,2118,6030
5319,5171,3280,2913,9168,4449
5319,5171,3280,4885,2497,2043
5319,5171,3280,8244,5851,4507
5319,5171,3280,5839,2841,9384
5319,5171,3280,6827,7678,8984
5319,5171,3280,2535,4104,3368
5319,5171,3280,5503,5492,9287
5319,5171,3280,252,2017,1428
5319,5171,3280,9981,6635,2143
5319,5171,3280,3305,6263,393
5319,5171,3280,1698,4143,8636
5319,5171,3280,4452,7457,8409
5319,5171,3280,8364,7673,7365
5319,5171,3280,3707,218,3175
5319,5171,3280,1547,9074,8844
5319,5171,3280,7318,2722,8211
5319,5171,3280,2452,7638,2322
5319,5171,3280,7765,6857,8663
5319,5171,3280,6092,7826,4370
5319,5171,3280,3374,4845,2336
5319,5171,3280,6998,3278,9641
5319,5171,3280,6017,4909,3303
5319,5171,3280,2426,4677,4620
5319,5171,3280,9004,5574,6561
5319,5171,3280,4899,866,6337
5319,5171,3280,7901,8145,7514
5319,5171,3280,980,9868,3723
5319,5171,3280,5894,4321,8038
5319,5171,3280,9896,4483,6597
5319,5171,3280,2113,8283,6297
5319,5171,3280,9322,2764,7787
5319,5171,3280,3821,728,2696
5319,5171,3280,3902,8264,3398
5319,5171,3280,352,7879,4990
5319,5171,3280,879,4684,4664
5319,5171,3280,9573,9032,9160
5319,5171,3280,2812,2085,2081
5319,5171,3280,8056,5199,3053
5319,5171,3280,5637,7618,9226
5319,5171,3280,4828,1855,1699
5319,5171,3280,2046,3670,7190
5319,5171,3280,1835,5833,6066
5319,5171,3280,6076,5861,2783
5319,5171,3280,5622,7287,5475
5319,5171,3280,6389,2067,211
5319,5171,3280,3514,4826,2984
5319,5171,3280,3614,2712,3242
5319,5171,3280,5977,9892,8968
5319,5171,3280,408,8354,8587
5319,5171,3280,3727,9744,2586
5319,5171,3280,555,7454,5350
5319,5171,3280,6727,6527,8105
5319,5171,3280,6795,9294,5425
5319,5171,3280,3953,4680,9119
5319,5171,3280,1578,9719,8313
5319,5171,3280,6679,4959,1267
5319,5171,3280,5487,5338,4078
5319,5171,3280,3932,5057,8973
5319,5171,3280,6309,2605,2268
5319,5171,3280,4638,141,7642
5319,5171,3280,3970,1284,5802
5319,5171,3280,6125,8903,7819
5319,5171,3280,3311,5032,1744
5319,5171,3280,2378,1965,1445
5319,5171,3280,6658,5723,2233
5319,5171,3280,1166,3478,2326
5319,5171,3280,274,605,9532
5319,5171,3280,2200,216,3372
5319,5171,3280,4108,8374,2118
5319,5171,3280,1334,187,1242
5319,5171,3280,8208,9053,917
5319,5171,3280,651,6146,9737
5319,5171,3280,3051,6330,3997
5319,5171,3280,7612,6967,8667
5319,5171,3280,6472,820,6214
5319,5171,3280,7350,7525,8260
5319,5171,3280,7968,2102,6150
5319,5171,3280,8258,9920,1346
5319,5171,3280,5321,788,2935
5319,5171,3280,4551,2254,4340
5319,5171,3280,8898,6828,9492
5319,5171,3280,7884,9329,7024
5319,5171,3280,4237,9865,3437
5319,5171,3280,5442,7729,9046
5319,5171,3280,7843,5268,1522
5319,5171,3280,1224,478,320
5319,5171,3280,6112,5349,1397
5319,5171,3280,5748,3354,1145
5319,5171,3280,438,9573,4262
5319,5171,3280,2336,7438,4097
5319,5171,3280,4042,5416,6631
5319,5171,3280,1502,981,973
5319,5171,3280,1923,135,2184
5319,5171,3280,4877,4396,4512
5319,5171,3280,1075,3685,5571
5319,5171,3280,991,2082,1983
5319,5171,3280,1489,7538,1335
5319,5171,3280,6025,5369,8942
5319,5171,3280,7106,6925,7924
5319,5171,3280,6947,7511,763
5319,5171,3280,3354,447,9841
5319,5171,3280,4506,8265,3483
5319,5171,3280,6769,8361,4805
5319,5171,3280,7991,8345,6361
5319,5171,3280,760,139,4545
5319,5171,3280,3240,131,1644
5319,5171,3280,1268,7409,2006
5319,5171,3280,9189,1899,3283
5319,5171,3280,583,4974,7476
5319,5171,3280,5652,3627,6694
5319,5171,3280,1221,3366,7555
5319,5171,3280,2112,5900,2861
5319,5171,3280,5951,9079,4442
5319,5171,3280,409,7079,8112
5319,5171,3280,1610,2827,6331
5319,5171,3280,6083,3782,1715
5319,5171,3280,6090,9672,8473
5319,5171,3280,1852,7404,2136
5319,5171,3280,4479,4236,7289
5319,5171,3280,512,7531,8019
5319,5171,3280,9280,5765,5698
5319,5171,3280,7563,7265,6215
5319,5171,3280,2389,9211,3043
5319,5171,3280,6432,3588,4257
5319,5171,3280,7804,3642,3897
5319,5171,3280,6139,8307,6182
5319,5171,3280,9316,3321,6010
5319,5171,3280,4669,2356,8207
5319,5171,3280,1629,2944,1327
5319,5171,3280,1368,4104,8643
5319,5171,3280,7413,6865,3391
5319,5171,3280,1327,5335,6088
5319,5171,3280,7067,8272,1796
5319,5171,3280,6610,409,407
5319,5171,3280,5738,3249,1768
5319,5171,3280,136,4426,7365
5319,5171,3280,829,8576,3135
5319,5171,3280,7247,3182,2264
5319,5171,3280,1893,8034,6793
5319,5171,3280,7726,6575,3230
5319,5171,3280,7223,5718,2347
5319,5171,3280,8792,7920,4413
5319,5171,3280,159,5489,2739
5319,5171,3280,805,5256,8138
5319,5171,3280,4969,963,8868
5319,5171,3280,2462,6426,1811
5319,5171,3280,3595,8599,6634
5319,5171,3280,4010,4907,8350
5319,5171,3280,8430,7701,135
5319,5171,3280,6998,1136,5616
5319,5171,3280,1064,3553,1233
5319,5171,3280,5486,2557,1998
5319,5171,3280,8419,2723,6695
5319,5171,3280,7779,8565,2810
5319,5171,3280,3725,8374,6790
5319,5171,3280,8351,3340,5064
5319,5171,3280,2766,7113,796
5319,5171,3280,9884,1067,6511
5319,5171,3280,3938,7154,4370
5319,5171,3280,8569,2486,7901
5319,5171,3280,3373,3105,3418
5319,5171,3280,6552,7871,5147
5319,5171,3280,1421,3717,4558
5319,5171,3280,3039,7198,4011
5319,5171,3280,9316,8829,617
5319,5171,3280,786,4385,5310
5319,5171,3280,5634,5830,4093
5319,5171,3280,804,5841,1031
5319,5171,3280,965,3548,4297
5319,5171,3280,3616,2381,2236
5319,5171,3280,3390,9820,2669
5319,5171,3280,5806,1806,5269
5319,5171,3280,990,8114,937
5319,5171,3280,4375,879,6031
5319,5171,3280,7125,4545,2183
5319,5171,3280,6733,9280,893
5319,5171,3280,7499,5831,293
5319,5171,3280,1977,9038,465
5319,5171,3280,1681,8250,6980
5319,5171,3280,2094,8645,5586
5319,5171,3280,546,4883,9690
5319,5171,3280,2679,9600,6476
5319,5171,3280,7923,121,6237
5319,5171,3280,6844,7873,2723
5319,5171,3280,5481,3898,691
5319,5171,3280,7705,5542,9719
5319,5171,3280,563,1810,2111
5319,5171,3280,883,9649,8203
5319,5171,3280,2190,8730,4767
5319,5171,3280,2716,9684,928
5319,5171,3280,6580,1037,5385
5319,5171,3280,627,5913,3613
5319,5171,3280,7354,2637,8916
5319,5171,3280,2148,1250,8046
5319,5171,3280,1540,2293,8147
5319,5171,3280,9630,7108,7572
5319,5171,3280,1472,7003,3367
5319,5171,3280,5566,5667,9938
5319,5171,3280,7156,8757,45
5319,5171,3280,8857,9930,3681
5319,5171,3280,9129,705,1691
5319,5171,3280,9601,4277,2249
5319,5171,3280,4876,4161,384
5319,5171,3280,2600,3982,8342
5319,5171,3280,567,5509,2257
5319,5171,3280,7457,1800,5278
5319,5171,3280,9509,6652,4541
5319,5171,3280,6292,1745,8186
5319,5171,3280,4241,5929,3117
5319,5171,3280,9108,9160,8977
5319,5171,3280,7796,2713,1417
5319,5171,3280,9494,6380,4335
5319,5171,3280,7646,3089,8048
5319,5171,3280,7088,1156,4619
5319,5171,3280,9207,1656,1060
5319,5171,3280,9637,7113,811
5319,5171,3280,956,2135,9664
5319,5171,3280,5516,7866,1706
5319,5171,3280,6071,8084,3156
5319,5171,3280,2472,4021,5223
5319,5171,3280,6403,3503,1841
5319,5171,3280,9751,6564,1451
5319,5171,3280,1051,7413,9375
5319,5171,3280,7316,6908,9730
5319,5171,3280,6491,5526,9716
5319,5171,3280,7727,9914,2725
5319,5171,3280,1817,455,9466
5319,5171,3280,5613,2441,6232
5319,5171,3280,5727,3776,7531
5319,5171,3280,381,9838,6987
5319,5171,3280,4257,1869,4363
5319,5171,3280,5077,1493,5180
5319,5171,3280,7989,9909,6482
5319,5171,3280,9280,9160,9194
5319,5171,3280,9484,6666,6613
