3527,4862,9183,2051,9829,638
3527,4862,9183,6488,3001,3604
3527,4862,9183,4331,9225,1849
3527,4862,9183,8397,5719,5439
3527,4862,9183,5660,3654,7164
3527,4862,9183,6594,9090,3718
3527,4862,9183,6180,7545,144
3527,4862,9183,433,9340,6604
3527,4862,9183,7020,355,2463
3527,4862,9183,9827,5066,6132
3527,4862,9183,9906,4387,8814
3527,4862,9183,6458,7557,1247
3527,4862,9183,7666,2532,9319
3527,4862,9183,1176,9732,2686
3527,4862,9183,595,4945,8194
3527,4862,9183,2322,6048,1686
3527,4862,9183,5755,3154,873
3527,4862,9183,7755,5394,590
3527,4862,9183,1855,5765,8159
3527,4862,9183,5223,9611,5121
3527,4862,9183,2019,3456,2171
3527,4862,9183,8933,2583,4145
3527,4862,9183,7068,2118,931
3527,4862,9183,1719,6793,1989
3527,4862,9183,7442,1999,4100
3527,4862,9183,1257,2745,6184
3527,4862,9183,6288,338,5861
3527,4862,9183,1606,9448,4652
3527,4862,9183,2416,7537,6461
3527,4862,9183,6048,8458,9043
3527,4862,9183,1745,184,6325
3527,4862,9183,6836,6738,3590
3527,4862,9183,3486,6386,5928
3527,4862,9183,6181,1674,1240
3527,4862,9183,6110,8663,2494
3527,4862,9183,4258,2828,8767
3527,4862,9183,3727,126,844
3527,4862,9183,3400,6972,2974
3527,4862,9183,6520,4413,4311
3527,4862,9183,3347,1181,7507
3527,4862,9183,7546,3205,2996
3527,4862,9183,8238,7019,675
3527,4862,9183,3241,7483,491
3527,4862,9183,7155,5192,2568
3527,4862,9183,818,7774,8332
3527,4862,9183,8416,7437,3126
3527,4862,9183,334,8699,8832
3527,4862,9183,7569,7186,6082
3527,4862,9183,5394,2750,2203
3527,4862,9183,2841,6158,4294
3527,4862,9183,2373,6030,5811
3527,4862,9183,2995,1680,8311
3527,4862,9183,2778,9906,5102
3527,4862,9183,5127,85,8397
3527,4862,9183,6683,9793,4982
3527,4862,9183,2116,7569,5184
3527,4862,9183,3394,6621,4461
3527,4862,9183,7554,3712,8000
3527,4862,9183,8566,498,5219
3527,4862,9183,4658,7050,7974
3527,4862,9183,9625,3797,9332
3527,4862,9183,517,138,2681
3527,4862,9183,5048,9111,7727
3527,4862,9183,787,877,3309
3527,4862,9183,6887,4710,5677
3527,4862,9183,1173,5904,2941
3527,4862,9183,4101,979,6471
3527,4862,9183,6717,9048,2842
3527,4862,9183,6584,8287,953
3527,4862,9183,6578,8187,7966
3527,4862,9183,4176,3710,8133
3527,4862,9183,5894,3319,4872
3527,4862,9183,2969,1475,3202
3527,4862,9183,9265,2525,1643
3527,4862,9183,1497,7873,4174
3527,4862,9183,8380,3678,5557
3527,4862,9183,1182,8312,5899
3527,4862,9183,6855,8221,567
3527,4862,9183,4789,3229,3197
3527,4862,9183,3606,2010,3339
3527,4862,9183,9038,8573,6060
3527,4862,9183,7321,1926,7728
3527,4862,9183,3866,3018,6188
3527,4862,9183,7566,8597,8714
3527,4862,9183,2483,6903,9161
3527,4862,9183,9982,2040,2975
3527,4862,9183,4171,8590,4315
3527,4862,9183,205,3575,7636
3527,4862,9183,5740,5960,3411
3527,4862,9183,9498,3608,2432
3527,4862,9183,313,3359,8459
3527,4862,9183,7246,666,5538
3527,4862,9183,9396,3640,1630
3527,4862,9183,7661,485,6835
3527,4862,9183,8249,8659,8793
3527,4862,9183,7054,6726,1216
3527,4862,9183,65,9163,4945
3527,4862,9183,360,658,2185
3527,4862,9183,6681,3819,7985
3527,4862,9183,8681,9615,5614
3527,4862,9183,7145,4091,8500
3527,4862,9183,5749,8277,4871
3527,4862,9183,4699,4246,8304
3527,4862,9183,6118,3941,8535
3527,4862,9183,3876,9656,8504
3527,4862,9183,3721,1105,9458
3527,4862,9183,4447,3827,7325
3527,4862,9183,2602,3388,1440
3527,4862,9183,2397,4685,6964
3527,4862,9183,7533,6322,8141
3527,4862,9183,1236,6003,9475
3527,4862,9183,662,8020,7986
3527,4862,9183,7483,8376,3727
3527,4862,9183,1922,18,507
3527,4862,9183,8273,5483,4894
3527,4862,9183,2078,9840,3741
3527,4862,9183,8629,1546,145
3527,4862,9183,8458,2604,842
3527,4862,9183,6485,8527,7281
3527,4862,9183,2077,4044,8890
3527,4862,9183,4241,4119,7970
3527,4862,9183,7526,6208,1161
3527,4862,9183,7823,8133,8346
3527,4862,9183,3671,521,6106
3527,4862,9183,7982,105,8093
3527,4862,9183,227,4655,9707
3527,4862,9183,4241,9158,5293
3527,4862,9183,7618,546,548
3527,4862,9183,6548,8754,1054
3527,4862,9183,9564,9886,8727
3527,4862,9183,4530,1802,4047
3527,4862,9183,9603,1533,7388
3527,4862,9183,5647,2516,6800
3527,4862,9183,6207,7677,4656
3527,4862,9183,9484,7938,9173
3527,4862,9183,411,9107,6998
3527,4862,9183,4972,3800,6639
3527,4862,9183,5736,705,5274
3527,4862,9183,7921,7445,4810
3527,4862,9183,805,7894,9837
3527,4862,9183,4207,4657,8452
3527,4862,9183,2639,3503,8788
3527,4862,9183,6063,2793,5923
3527,4862,9183,659,6631,2404
3527,4862,9183,621,3845,2209
3527,4862,9183,4905,6568,4839
3527,4862,9183,5719,6754,2877
3527,4862,9183,5462,273,9643
3527,4862,9183,863,7911,7886
3527,4862,9183,2028,2350,8657
3527,4862,9183,5088,8332,5537
3527,4862,9183,1003,8541,2656
3527,4862,9183,519,8214,450
3527,4862,9183,5164,7747,9213
3527,4862,9183,5453,6917,8244
3527,4862,9183,5537,1618,7554
3527,4862,9183,7847,7432,818
3527,4862,9183,6441,1208,8820
3527,4862,9183,6135,8625,4944
3527,4862,9183,2530,2812,4902
3527,4862,9183,7356,3126,2777
3527,4862,9183,7228,2589,1839
3527,4862,9183,9576,2191,8102
3527,4862,9183,1984,5512,426
3527,4862,9183,4786,4258,7318
3527,4862,9183,7400,9001,7656
3527,4862,9183,9361,3622,3999
3527,4862,9183,9192,5015,2133
3527,4862,9183,8045,132,4168
3527,4862,9183,1098,4787,2240
3527,4862,9183,1770,2799,921
3527,4862,9183,1777,613,8992
3527,4862,9183,1075,7154,282
3527,4862,9183,9714,281,6312
3527,4862,9183,2304,7664,9945
3527,4862,9183,5042,8944,6168
3527,4862,9183,4799,3399,7474
3527,4862,9183,732,947,1701
3527,4862,9183,7028,736,7601
3527,4862,9183,206,7186,1627
3527,4862,9183,6152,2993,4727
3527,4862,9183,1525,7432,8435
3527,4862,9183,8837,6824,7519
3527,4862,9183,7599,4223,8320
3527,4862,9183,6435,9796,6073
3527,4862,9183,7882,5746,264
3527,4862,9183,4713,1506,9080
3527,4862,9183,1845,3038,6234
3527,4862,9183,7555,1627,3236
3527,4862,9183,3919,2133,1649
3527,4862,9183,8992,778,8352
3527,4862,9183,7458,7090,6991
3527,4862,9183,3938,6147,5278
3527,4862,9183,4362,1290,7942
3527,4862,9183,2154,2479,5222
3527,4862,9183,7348,4581,7889
3527,4862,9183,9532,16,1114
3527,4862,9183,5189,2709,2971
3527,4862,9183,9516,4511,1233
3527,4862,9183,8486,838,8732
3527,4862,9183,980,6216,4130
3527,4862,9183,3530,6737,5299
3527,4862,9183,7133,6461,3764
3527,4862,9183,7781,1661,5494
3527,4862,9183,116,3659,1221
3527,4862,9183,3306,3678,2801
3527,4862,9183,6961,3216,7378
3527,4862,9183,3009,7271,3611
3527,4862,9183,3779,5660,3257
3527,4862,9183,2812,2111,5451
3527,4862,9183,3401,6148,9545
3527,4862,9183,1290,8330,3431
3527,4862,9183,2182,2444,2409
3527,4862,9183,3581,7737,840
3527,4862,9183,3679,7167,7044
3527,4862,9183,1909,3465,3290
3527,4862,9183,2681,7892,9898
3527,4862,9183,7232,5769,7877
3527,4862,9183,316,8866,7944
3527,4862,9183,9331,2370,1030
3527,4862,9183,4798,2055,8939
3527,4862,9183,5998,797,5386
3527,4862,9183,8405,1780,3722
3527,4862,9183,584,6380,2251
3527,4862,9183,2098,8046,5755
3527,4862,9183,8866,2250,6449
3527,4862,9183,7341,3581,811
3527,4862,9183,8567,2172,2814
3527,4862,9183,9044,7029,4694
3527,4862,9183,3723,1297,2868
3527,4862,9183,8311,6458,8700
3527,4862,9183,8062,1464,6583
3527,4862,9183,4571,1705,9620
3527,4862,9183,3632,8188,4292
3527,4862,9183,6689,4564,4034
3527,4862,9183,4312,9591,2057
3527,4862,9183,9542,6919,5905
3527,4862,9183,2097,9992,8740
3527,4862,9183,3311,2103,9996
3527,4862,9183,3498,8747,5767
3527,4862,9183,5949,5019,9834
3527,4862,9183,7404,5943,6784
3527,4862,9183,2920,8533,8297
3527,4862,9183,8561,2506,3433
3527,4862,9183,1615,6207,3946
3527,4862,9183,1618,1443,9181
3527,4862,9183,5233,4425,3091
3527,4862,9183,6971,9868,6353
3527,4862,9183,6554,4892,2741
3527,4862,9183,2318,5159,7395
3527,4862,9183,9266,4853,9508
3527,4862,9183,3168,6720,411
3527,4862,9183,2449,7423,1800
3527,4862,9183,9810,1204,3246
3527,4862,9183,1469,725,9037
3527,4862,9183,3090,9996,8979
3527,4862,9183,8163,3788,2689
3527,4862,9183,4087,4560,2951
3527,4862,9183,2721,7106,4891
3527,4862,9183,6771,8738,4272
3527,4862,9183,4338,7223,2535
3527,4862,9183,5694,9125,4663
3527,4862,9183,970,9572,644
3527,4862,9183,82,8926,2017
3527,4862,9183,9691,7370,3914
3527,4862,9183,5472,348,2379
3527,4862,9183,9931,9028,486
3527,4862,9183,1922,2543,5070
3527,4862,9183,7209,9263,3463
3527,4862,9183,5636,7611,2441
3527,4862,9183,9755,5580,4815
3527,4862,9183,1879,3333,1329
3527,4862,9183,825,5431,3459
3527,4862,9183,7286,1292,3329
3527,4862,9183,991,9721,2904
3527,4862,9183,2129,2531,4533
3527,4862,9183,3488,7173,1438
3527,4862,9183,1217,7486,217
3527,4862,9183,4953,1969,6869
3527,4862,9183,4579,1893,6177
3527,4862,9183,5319,8363,6118
3527,4862,9183,7639,8725,4569
3527,4862,9183,1225,5242,1234
3527,4862,9183,72,6976,5254
3527,4862,9183,200,4434,3423
3527,4862,9183,2138,870,6398
3527,4862,9183,3508,3448,2609
3527,4862,9183,2794,6518,4090
3527,4862,9183,5062,9204,1182
3527,4862,9183,8825,5590,3360
3527,4862,9183,7489,3338,3706
3527,4862,9183,2454,5680,6522
3527,4862,9183,7266,4667,781
3527,4862,9183,8672,5379,4643
3527,4862,9183,7166,7407,527
3527,4862,9183,2944,6691,4920
3527,4862,9183,4705,1232,3282
3527,4862,9183,3684,3561,8836
3527,4862,9183,5425,4917,9494
3527,4862,9183,6437,5376,6393
3527,4862,9183,5388,6069,1923
3527,4862,9183,6540,4572,3548
3527,4862,9183,6898,6266,1604
3527,4862,9183,8552,7721,1973
3527,4862,9183,7182,9038,2820
3527,4862,9183,118,1321,9390
3527,4862,9183,6237,6149,5042
3527,4862,9183,436,431,5190
3527,4862,9183,848,41,3781
3527,4862,9183,3269,9028,9700
3527,4862,9183,9164,9018,1427
3527,4862,9183,3614,2721,9747
3527,4862,9183,129,8153,9392
3527,4862,9183,6077,9249,1613
3527,4862,9183,8979,2836,2495
3527,4862,9183,6090,9743,1133
3527,4862,9183,9222,839,3719
3527,4862,9183,275,7162,1349
3527,4862,9183,1511,1175,1094
3527,4862,9183,2967,1905,6803
3527,4862,9183,4965,3355,1901
3527,4862,9183,7747,4225,9400
3527,4862,9183,4077,7120,8798
3527,4862,9183,8204,4583,6697
3527,4862,9183,6033,3558,3305
3527,4862,9183,1200,5124,1647
3527,4862,9183,7488,873,9918
3527,4862,9183,1305,2941,1962
3527,4862,9183,2972,1119,5256
3527,4862,9183,7132,4467,6084
3527,4862,9183,4076,980,7269
3527,4862,9183,6937,9428,5213
3527,4862,9183,5605,4247,3135
3527,4862,9183,8002,752,5835
3527,4862,9183,5482,674,4938
3527,4862,9183,6256,1183,235
3527,4862,9183,7253,1361,8315
3527,4862,9183,6266,7079,8999
3527,4862,9183,3858,1095,5362
3527,4862,9183,5651,7489,1768
3527,4862,9183,4768,2910,5707
3527,4862,9183,6405,1314,5808
3527,4862,9183,2761,5665,5830
3527,4862,9183,4896,8032,1632
3527,4862,9183,3089,2673,5464
3527,4862,9183,6131,9165,6741
3527,4862,9183,2043,4326,8547
3527,4862,9183,8155,6847,5603
3527,4862,9183,1047,3034,5584
3527,4862,9183,8786,6170,790
3527,4862,9183,7934,9253,6681
3527,4862,9183,4580,9069,6844
3527,4862,9183,3199,9451,4250
3527,4862,9183,6776,4786,1842
3527,4862,9183,2475,5514,6910
3527,4862,9183,2902,6991,9027
3527,4862,9183,9877,4140,790
3527,4862,9183,3603,6425,9151
3527,4862,9183,4404,5906,9611
3527,4862,9183,6995,5326,2379
3527,4862,9183,5171,5116,2830
3527,4862,9183,4164,7885,2185
3527,4862,9183,5856,8399,2662
3527,4862,9183,2120,7183,5519
3527,4862,9183,9720,472,8573
3527,4862,9183,1062,3727,7334
3527,4862,9183,7160,8915,4957
3527,4862,9183,665,5950,2541
3527,4862,9183,6076,9462,4823
3527,4862,9183,7012,5004,567
3527,4862,9183,5232,8222,7275
3527,4862,9183,1438,5429,8025
3527,4862,9183,5371,6906,748
3527,4862,9183,2315,8380,3280
3527,4862,9183,3636,6896,3513
3527,4862,9183,5354,1867,7505
3527,4862,9183,7321,1248,3489
3527,4862,9183,1839,1074,849
3527,4862,9183,2809,1864,2735
3527,4862,9183,6805,1711,2480
3527,4862,9183,2996,6171,563
3527,4862,9183,4219,6421,4217
3527,4862,9183,5522,6104,935
3527,4862,9183,2652,7211,9222
3527,4862,9183,3033,3353,2554
3527,4862,9183,5662,5490,3206
3527,4862,9183,2471,9843,7363
3527,4862,9183,8918,8406,2696
3527,4862,9183,3809,8087,9252
3527,4862,9183,7464,8015,6214
3527,4862,9183,726,5059,2808
3527,4862,9183,9061,8231,6129
3527,4862,9183,5248,6267,8732
3527,4862,9183,7963,1966,7565
3527,4862,9183,8599,243,5849
3527,4862,9183,907,8505,3053
3527,4862,9183,6768,6588,8405
3527,4862,9183,6121,2510,831
3527,4862,9183,717,907,1880
3527,4862,9183,783,2276,1836
3527,4862,9183,942,5581,1910
3527,4862,9183,63,192,6726
3527,4862,9183,8802,6590,1454
3527,4862,9183,7573,2168,2080
3527,4862,9183,6000,3143,1793
3527,4862,9183,2792,893,2718
3527,4862,9183,6071,8672,608
3527,4862,9183,875,7192,8483
3527,4862,9183,7726,6223,6089
3527,4862,9183,9383,4038,7975
3527,4862,9183,9083,7929,6296
3527,4862,9183,4823,1654,58
3527,4862,9183,5674,6380,5365
3527,4862,9183,8180,227,7697
3527,4862,9183,1424,5802,5681
3527,4862,9183,7119,1545,278
3527,4862,9183,4993,652,1386
3527,4862,9183,7667,2991,4387
3527,4862,9183,6138,590,7823
3527,4862,9183,761,683,8673
3527,4862,9183,3297,3176,8039
3527,4862,9183,108,9795,6659
3527,4862,9183,7966,3942,8089
3527,4862,9183,9585,8301,2444
3527,4862,9183,7382,1962,3157
3527,4862,9183,7501,3765,3958
3527,4862,9183,573,5913,4647
3527,4862,9183,6040,9595,1692
3527,4862,9183,44,5843,6832
3527,4862,9183,3131,3871,7371
3527,4862,9183,1941,1153,2747
3527,4862,9183,6915,3139,4009
3527,4862,9183,6274,7782,5355
3527,4862,9183,8696,9274,3589
3527,4862,9183,5822,8345,7781
3527,4862,9183,2019,78,1903
3527,4862,9183,7928,3139,667
3527,4862,9183,7496,9333,7627
3527,4862,9183,9460,8416,1400
3527,4862,9183,6329,5886,4330
3527,4862,9183,432,1935,5757
3527,4862,9183,1785,3319,2892
3527,4862,9183,9150,279,7965
3527,4862,9183,4090,7631,5242
3527,4862,9183,9157,108,9068
3527,4862,9183,4812,6634,5571
3527,4862,9183,5848,5181,1312
3527,4862,9183,8872,2493,8447
3527,4862,9183,8110,4562,366
3527,4862,9183,7525,682,7524
3527,4862,9183,5295,209,6739
3527,4862,9183,6737,2953,476
3527,4862,9183,6076,670,3753
3527,4862,9183,6110,3583,625
3527,4862,9183,4640,9427,7675
3527,4862,9183,8353,6493,6751
3527,4862,9183,1458,9708,9436
3527,4862,9183,7811,4255,5146
3527,4862,9183,2372,9820,8307
3527,4862,9183,7591,5399,6872
3527,4862,9183,4869,3057,8245
3527,4862,9183,8190,6534,2296
3527,4862,9183,9998,4045,9183
3527,4862,9183,3060,4986,3909
3527,4862,9183,762,2041,7986
3527,4862,9183,8181,8467,3348
3527,4862,9183,2798,4352,448
3527,4862,9183,9861,957,8281
3527,4862,9183,4681,5459,8556
3527,4862,9183,7488,751,7419
3527,4862,9183,2486,6484,4326
3527,4862,9183,4257,2087,3966
3527,4862,9183,4024,6670,7932
3527,4862,9183,8137,4525,1119
3527,4862,9183,2161,3446,9309
3527,4862,9183,3468,3926,6198
3527,4862,9183,5579,957,1476
3527,4862,9183,9097,5823,9137
3527,4862,9183,1875,8881,7828
3527,4862,9183,2473,4478,8942
3527,4862,9183,4912,210,4868
3527,4862,9183,1914,4933,1993
3527,4862,9183,2456,2017,651
3527,4862,9183,5298,8786,4415
3527,4862,9183,4682,2774,8550
3527,4862,9183,5449,9158,5436
3527,4862,9183,3393,1323,9002
3527,4862,9183,2211,3280,4146
3527,4862,9183,6039,5429,4521
3527,4862,9183,4785,4341,2358
3527,4862,9183,8547,3378,9505
3527,4862,9183,1346,5318,581
3527,4862,9183,6577,7788,7785
3527,4862,9183,6652,5804,4284
3527,4862,9183,204,4476,8753
3527,4862,9183,9047,282,8678
3527,4862,9183,8863,3504,5656
3527,4862,9183,2619,6440,5709
3527,4862,9183,157,2503,8070
3527,4862,9183,1062,3528,615
3527,4862,9183,140,9061,8176
3527,4862,9183,6816,5181,8457
3527,4862,9183,7224,5270,4817
3527,4862,9183,5051,7116,4818
3527,4862,9183,6209,5020,2
3527,4862,9183,4429,7966,1746
3527,4862,9183,2121,1971,9870
3527,4862,9183,1659,7740,6055
3527,4862,9183,3929,9335,7565
3527,4862,9183,9560,3458,9427
