8652,9278,1371,509,1233,8652
8652,9278,1371,4632,113,3712
8652,9278,1371,30,180,2104
8652,9278,1371,380,8666,6577
8652,9278,1371,5473,6806,9998
8652,9278,1371,2827,9326,322
8652,9278,1371,5822,9593,6022
8652,9278,1371,4076,4897,5911
8652,9278,1371,6491,5675,7715
8652,9278,1371,1903,554,6984
8652,9278,1371,6893,7566,6574
8652,9278,1371,5535,6944,3841
8652,9278,1371,7468,4,9185
8652,9278,1371,3307,5057,7245
8652,9278,1371,6780,3688,1162
8652,9278,1371,7462,7346,5355
8652,9278,1371,7548,848,970
8652,9278,1371,5109,4012,7084
8652,9278,1371,7021,8875,2205
8652,9278,1371,664,2198,9349
8652,9278,1371,2455,8398,2859
8652,9278,1371,6368,9284,4920
8652,9278,1371,2419,1027,7362
8652,9278,1371,1092,2297,6132
8652,9278,1371,284,9890,3676
8652,9278,1371,9081,9521,5271
8652,9278,1371,4443,3243,8129
8652,9278,1371,4739,2597,5539
8652,9278,1371,503,4718,3450
8652,9278,1371,6542,9463,3459
8652,9278,1371,2185,2519,1289
8652,9278,1371,2145,2651,190
8652,9278,1371,5076,9160,117
8652,9278,1371,9066,4801,5734
8652,9278,1371,8248,4020,1520
8652,9278,1371,6202,5810,8419
8652,9278,1371,468,1251,2747
8652,9278,1371,3282,282,3862
8652,9278,1371,4011,1859,2392
8652,9278,1371,744,797,5636
8652,9278,1371,7190,9123,222
8652,9278,1371,8328,3422,4151
8652,9278,1371,276,8299,4863
8652,9278,1371,9285,9512,8499
8652,9278,1371,3657,4561,402
8652,9278,1371,5407,5734,4337
8652,9278,1371,4474,8679,696
8652,9278,1371,1189,9757,9454
8652,9278,1371,4953,2726,3188
8652,9278,1371,343,7820,3756
8652,9278,1371,5718,125,4072
8652,9278,1371,7592,7276,2405
8652,9278,1371,7653,2395,7322
8652,9278,1371,4159,1689,1140
8652,9278,1371,307,5431,1691
8652,9278,1371,5703,5830,2619
8652,9278,1371,5670,9964,3518
8652,9278,1371,7899,2027,6213
8652,9278,1371,5557,1582,9584
8652,9278,1371,4846,3995,5722
8652,9278,1371,8013,7468,1868
8652,9278,1371,5615,677,1145
8652,9278,1371,654,8421,3927
8652,9278,1371,3367,3380,3849
8652,9278,1371,5118,9942,5392
8652,9278,1371,3178,4725,818
8652,9278,1371,3073,614,1687
8652,9278,1371,386,7022,4542
8652,9278,1371,9529,2390,2083
8652,9278,1371,1814,374,7328
8652,9278,1371,6396,9641,3038
8652,9278,1371,9240,8329,9967
8652,9278,1371,567,1929,4794
8652,9278,1371,6110,3647,8311
8652,9278,1371,8586,8708,5800
8652,9278,1371,9204,4616,3697
8652,9278,1371,1374,5505,2139
8652,9278,1371,1033,5998,1958
8652,9278,1371,7637,4482,1412
8652,9278,1371,7912,2567,202
8652,9278,1371,5991,9241,9830
8652,9278,1371,2892,1333,5293
8652,9278,1371,6397,9398,5635
8652,9278,1371,8652,7782,9059
8652,9278,1371,3597,9687,4633
8652,9278,1371,8661,4627,2539
8652,9278,1371,1131,7077,1528
8652,9278,1371,1477,5495,6322
8652,9278,1371,3266,1126,7318
8652,9278,1371,6522,3011,1758
8652,9278,1371,961,561,117
8652,9278,1371,351,9109,6183
8652,9278,1371,4228,6320,7857
8652,9278,1371,5715,5532,8729
8652,9278,1371,9373,3643,7655
8652,9278,1371,9565,8705,4113
8652,9278,1371,1774,4731,715
8652,9278,1371,3277,1076,4202
8652,9278,1371,2362,8092,6547
8652,9278,1371,7679,4906,7988
8652,9278,1371,5264,5053,9398
8652,9278,1371,9752,9785,2567
8652,9278,1371,2404,4676,2094
8652,9278,1371,1151,7008,2551
8652,9278,1371,7018,2048,1220
8652,9278,1371,3903,8869,6090
8652,9278,1371,192,8502,611
8652,9278,1371,6461,9335,5937
8652,9278,1371,382,2315,1564
8652,9278,1371,5546,6347,9488
8652,9278,1371,7483,4252,4555
8652,9278,1371,6632,9429,3988
8652,9278,1371,3615,7149,2542
8652,9278,1371,2145,6558,5136
8652,9278,1371,4459,6464,7679
8652,9278,1371,9896,9185,1099
8652,9278,1371,8542,8638,6302
8652,9278,1371,1871,139,6156
8652,9278,1371,1247,5482,5487
8652,9278,1371,3561,3359,9229
8652,9278,1371,3166,8073,1014
8652,9278,1371,1557,9212,6417
8652,9278,1371,9360,6138,2611
8652,9278,1371,8139,1753,3516
8652,9278,1371,4337,6578,872
8652,9278,1371,6551,7120,9016
8652,9278,1371,6183,7340,9706
8652,9278,1371,2905,1244,8059
8652,9278,1371,423,9008,1325
8652,9278,1371,794,1962,5751
8652,9278,1371,5517,4833,4732
8652,9278,1371,8102,9869,7311
8652,9278,1371,5776,6517,2715
8652,9278,1371,7089,3023,497
8652,9278,1371,6503,8090,9311
8652,9278,1371,2194,6277,3235
8652,9278,1371,9011,9776,8499
8652,9278,1371,8996,8971,1756
8652,9278,1371,4302,9949,2743
8652,9278,1371,2836,1929,8006
8652,9278,1371,9639,6698,5925
8652,9278,1371,1261,8371,8808
8652,9278,1371,5920,1217,4602
8652,9278,1371,429,6020,8902
8652,9278,1371,1744,3079,4396
8652,9278,1371,8708,807,7412
8652,9278,1371,3658,3119,8727
8652,9278,1371,4839,5866,2018
8652,9278,1371,4920,5992,5018
8652,9278,1371,5889,863,2482
8652,9278,1371,9698,6776,9402
8652,9278,1371,3483,2962,3054
8652,9278,1371,4555,9329,837
8652,9278,1371,947,5507,4790
8652,9278,1371,1739,8794,562
8652,9278,1371,9839,7935,1893
8652,9278,1371,5527,4873,3218
8652,9278,1371,5460,6160,8713
8652,9278,1371,1772,1666,8120
8652,9278,1371,4908,1568,948
8652,9278,1371,4864,1838,411
8652,9278,1371,8022,4679,5016
8652,9278,1371,4573,7355,975
8652,9278,1371,8129,1493,1588
8652,9278,1371,594,3319,4365
8652,9278,1371,4909,7251,4807
8652,9278,1371,7114,9330,3517
8652,9278,1371,9371,702,2552
8652,9278,1371,8450,6730,781
8652,9278,1371,3044,120,5982
8652,9278,1371,8420,5800,2282
8652,9278,1371,7145,4562,2644
8652,9278,1371,1467,2051,1574
8652,9278,1371,1736,5918,5261
8652,9278,1371,6097,700,364
8652,9278,1371,6268,8124,3996
8652,9278,1371,5516,6375,4250
8652,9278,1371,3540,4556,3732
8652,9278,1371,5527,3605,1400
8652,9278,1371,8139,6063,3599
8652,9278,1371,2703,8956,9615
8652,9278,1371,2899,9150,6267
8652,9278,1371,3446,2503,6287
8652,9278,1371,3457,8869,3018
8652,9278,1371,1885,3027,3454
8652,9278,1371,9909,1320,4223
8652,9278,1371,7831,4392,7471
8652,9278,1371,5048,5512,1970
8652,9278,1371,8293,3286,8947
8652,9278,1371,1732,5135,6466
8652,9278,1371,7479,3212,726
8652,9278,1371,1999,9979,8128
8652,9278,1371,5602,1684,9191
8652,9278,1371,7287,1889,3463
8652,9278,1371,1978,1845,8517
8652,9278,1371,4375,3251,1507
8652,9278,1371,8222,5534,2442
8652,9278,1371,2801,8191,2173
8652,9278,1371,8198,9296,2923
8652,9278,1371,8538,9871,4436
8652,9278,1371,6287,2909,8504
8652,9278,1371,834,6295,5790
8652,9278,1371,5472,9440,1394
8652,9278,1371,825,1000,3328
8652,9278,1371,4914,832,5511
8652,9278,1371,1212,8197,191
8652,9278,1371,239,4052,1071
8652,9278,1371,2129,2844,4494
8652,9278,1371,3888,5091,7658
8652,9278,1371,3810,4109,5140
8652,9278,1371,3655,6920,2259
8652,9278,1371,2406,1544,6270
8652,9278,1371,5453,7517,4710
8652,9278,1371,3425,8717,7391
8652,9278,1371,9646,3726,3755
8652,9278,1371,1979,9676,6422
8652,9278,1371,5289,1387,5129
8652,9278,1371,4336,2153,9251
8652,9278,1371,5857,3778,7850
8652,9278,1371,6483,263,7728
8652,9278,1371,4579,7976,212
8652,9278,1371,7022,2818,3012
8652,9278,1371,1013,4206,504
8652,9278,1371,1432,701,7510
8652,9278,1371,6497,8134,1409
8652,9278,1371,4220,2968,7371
8652,9278,1371,8444,3602,206
8652,9278,1371,8795,2633,7769
8652,9278,1371,9158,1120,4631
8652,9278,1371,1135,3224,732
8652,9278,1371,4941,5882,6421
8652,9278,1371,366,200,3771
8652,9278,1371,800,6590,7255
8652,9278,1371,9846,1634,6384
8652,9278,1371,1597,4961,7976
8652,9278,1371,645,564,3310
8652,9278,1371,8692,2154,2534
8652,9278,1371,448,7112,9732
8652,9278,1371,4345,41,3766
8652,9278,1371,9738,6057,8750
8652,9278,1371,3578,373,2611
8652,9278,1371,6182,8382,9056
8652,9278,1371,7283,5692,164
8652,9278,1371,3887,4397,3843
8652,9278,1371,915,9600,6270
8652,9278,1371,7394,1930,1986
8652,9278,1371,9947,3836,6282
8652,9278,1371,2745,793,4725
8652,9278,1371,2133,8350,6023
8652,9278,1371,3952,4157,7168
8652,9278,1371,8377,3499,1375
8652,9278,1371,1209,173,1694
8652,9278,1371,1243,3739,3086
8652,9278,1371,1361,7174,1216
8652,9278,1371,7201,7484,3165
8652,9278,1371,7457,2916,3339
8652,9278,1371,7963,7239,4651
8652,9278,1371,2018,6806,1442
8652,9278,1371,8266,2556,5221
8652,9278,1371,4513,1084,4779
8652,9278,1371,7290,7430,3362
8652,9278,1371,8340,997,757
8652,9278,1371,6720,3416,9576
8652,9278,1371,5896,9302,6193
8652,9278,1371,7055,7995,749
8652,9278,1371,2552,4877,4948
8652,9278,1371,634,7030,6004
8652,9278,1371,4601,4917,1490
8652,9278,1371,5756,9167,805
8652,9278,1371,4470,6825,3516
8652,9278,1371,9880,8952,7557
8652,9278,1371,6767,3016,1432
8652,9278,1371,7521,2916,2911
8652,9278,1371,8191,1572,5693
8652,9278,1371,1114,9896,4876
8652,9278,1371,201,9924,1729
8652,9278,1371,7838,768,7257
8652,9278,1371,5912,4997,1471
8652,9278,1371,9681,6956,6007
8652,9278,1371,2701,6371,1515
8652,9278,1371,8213,7286,5662
8652,9278,1371,5871,8448,9997
8652,9278,1371,1120,4465,8668
8652,9278,1371,8406,9638,5941
8652,9278,1371,3888,7900,6990
8652,9278,1371,8496,1887,2829
8652,9278,1371,9856,5851,1908
8652,9278,1371,5702,2312,35
8652,9278,1371,2558,4629,5290
8652,9278,1371,3619,7606,6024
8652,9278,1371,2564,2097,4462
8652,9278,1371,2097,8003,7057
8652,9278,1371,8144,3873,99
8652,9278,1371,2236,359,1430
8652,9278,1371,6326,7750,7011
8652,9278,1371,2641,3023,4877
8652,9278,1371,3646,1198,2631
8652,9278,1371,1689,1113,9861
8652,9278,1371,7621,5566,3818
8652,9278,1371,4938,5685,6832
8652,9278,1371,724,7733,2232
8652,9278,1371,3473,7845,2385
8652,9278,1371,464,3046,6241
8652,9278,1371,4656,3031,2506
8652,9278,1371,1417,6432,1760
8652,9278,1371,8633,6708,3002
8652,9278,1371,1202,6335,4968
8652,9278,1371,477,4982,3057
8652,9278,1371,5947,9996,2426
8652,9278,1371,7723,6920,8580
8652,9278,1371,5569,439,4073
8652,9278,1371,3125,7466,7499
8652,9278,1371,364,7541,5699
8652,9278,1371,8986,7656,1621
8652,9278,1371,6353,2524,2365
8652,9278,1371,1059,4836,374
8652,9278,1371,9251,6392,9279
8652,9278,1371,9281,5576,2693
8652,9278,1371,8982,4899,2232
8652,9278,1371,6731,2436,9203
8652,9278,1371,9860,90,9662
8652,9278,1371,4284,5692,8854
8652,9278,1371,8133,1828,1288
8652,9278,1371,487,1582,931
8652,9278,1371,4123,958,6641
8652,9278,1371,6094,6897,2765
8652,9278,1371,780,6615,8401
8652,9278,1371,1386,2111,3399
8652,9278,1371,5535,6561,5892
8652,9278,1371,9622,6979,1878
8652,9278,1371,9579,8049,457
8652,9278,1371,46,4649,9324
8652,9278,1371,5677,9795,1553
8652,9278,1371,2123,7073,3560
8652,9278,1371,5562,3278,6403
8652,9278,1371,9417,8085,2715
8652,9278,1371,1274,244,4357
8652,9278,1371,4465,9399,4315
8652,9278,1371,8933,2966,5197
8652,9278,1371,1562,5176,3955
8652,9278,1371,7846,2144,2428
8652,9278,1371,4222,4720,6716
8652,9278,1371,9663,1898,200
8652,9278,1371,3372,9356,2167
8652,9278,1371,7362,4004,9533
8652,9278,1371,9063,7325,9434
8652,9278,1371,808,2663,3365
8652,9278,1371,4180,6089,43
8652,9278,1371,7955,3187,217
8652,9278,1371,564,9243,9946
8652,9278,1371,2334,3753,8533
8652,9278,1371,8883,6563,7782
8652,9278,1371,2363,2357,9460
8652,9278,1371,229,4233,131
8652,9278,1371,377,6852,9060
8652,9278,1371,5698,1275,2474
8652,9278,1371,1216,6952,8499
8652,9278,1371,4428,1249,7442
8652,9278,1371,7627,5627,2230
8652,9278,1371,2437,9110,687
8652,9278,1371,342,4634,839
8652,9278,1371,9308,2873,7205
8652,9278,1371,6091,9303,2096
8652,9278,1371,5645,438,7617
8652,9278,1371,4191,4216,9667
8652,9278,1371,6600,1874,1576
8652,9278,1371,2106,8838,9569
8652,9278,1371,6682,420,9176
8652,9278,1371,410,5384,417
8652,9278,1371,8582,7070,9911
8652,9278,1371,4601,3309,4253
8652,9278,1371,2615,9363,3218
8652,9278,1371,5145,5727,7837
8652,9278,1371,1598,6219,9819
8652,9278,1371,7209,5701,6334
8652,9278,1371,2249,7552,6024
8652,9278,1371,2225,9040,6772
8652,9278,1371,3289,2005,5467
8652,9278,1371,8424,6196,7745
8652,9278,1371,1273,10000,9748
8652,9278,1371,3667,8698,7410
8652,9278,1371,3805,5332,8546
8652,9278,1371,940,4961,9382
8652,9278,1371,3522,2103,8588
8652,9278,1371,667,7244,1989
8652,9278,1371,6592,6965,3195
8652,9278,1371,8634,7764,1563
8652,9278,1371,5773,632,4753
8652,9278,1371,7014,4159,5880
8652,9278,1371,6740,3655,6426
8652,9278,1371,8994,7121,7181
8652,9278,1371,121,2710,9888
8652,9278,1371,9946,9524,3123
8652,9278,1371,9660,4311,6340
8652,9278,1371,8244,8412,5164
8652,9278,1371,1581,4562,6435
8652,9278,1371,5136,153,547
8652,9278,1371,55,5513,7765
8652,9278,1371,2335,779,9852
8652,9278,1371,7602,3778,5327
8652,9278,1371,1763,3024,7076
8652,9278,1371,3025,9488,8341
8652,9278,1371,3694,2463,7365
8652,9278,1371,9000,4369,2200
8652,9278,1371,6514,6005,2495
8652,9278,1371,5844,1256,3110
8652,9278,1371,743,6455,7447
8652,9278,1371,5007,496,8402
8652,9278,1371,6339,966,2685
8652,9278,1371,7971,8346,2045
8652,9278,1371,1193,2954,9928
8652,9278,1371,8409,6428,6866
8652,9278,1371,9093,715,6305
8652,9278,1371,5645,6096,1854
8652,9278,1371,9272,6620,8123
8652,9278,1371,3110,6022,2777
8652,9278,1371,2919,7354,4348
8652,9278,1371,3300,9382,6363
8652,9278,1371,474,6081,3787
8652,9278,1371,9476,3621,7292
8652,9278,1371,1259,7427,1836
8652,9278,1371,6707,7026,8812
8652,9278,1371,6028,297,4813
8652,9278,1371,564,9108,7453
8652,9278,1371,6619,6166,7871
8652,9278,1371,7601,3825,6410
8652,9278,1371,3051,4185,6615
8652,9278,1371,1179,1496,4701
8652,9278,1371,5490,7115,3495
8652,9278,1371,3358,6313,882
8652,9278,1371,5253,6337,9949
8652,9278,1371,3570,4686,4217
8652,9278,1371,1824,2117,7099
8652,9278,1371,3365,2302,1388
8652,9278,1371,3554,5363,2812
8652,9278,1371,2119,4587,1559
8652,9278,1371,8887,3363,3835
8652,9278,1371,2446,3417,7881
8652,9278,1371,7041,8736,8569
8652,9278,1371,7166,7727,3672
8652,9278,1371,2541,4609,1136
8652,9278,1371,4327,717,7996
8652,9278,1371,5308,1568,4374
8652,9278,1371,5750,932,900
8652,9278,1371,7581,8076,2325
8652,9278,1371,7928,8974,9474
8652,9278,1371,7213,127,9989
8652,9278,1371,3833,5253,5775
8652,9278,1371,5994,6203,9811
8652,9278,1371,4105,1991,6062
8652,9278,1371,8886,2543,3115
8652,9278,1371,7706,1613,4854
8652,9278,1371,8014,3343,6945
8652,9278,1371,9299,6265,1429
8652,9278,1371,3260,2057,174
8652,9278,1371,3891,8359,5567
8652,9278,1371,4176,12,3083
8652,9278,1371,7258,4939,6314
8652,9278,1371,6239,6387,6282
8652,9278,1371,6197,553,4010
8652,9278,1371,6434,5103,835
8652,9278,1371,2386,917,8750
8652,9278,1371,484,556,8326
8652,9278,1371,8281,7677,2912
8652,9278,1371,7714,7213,6400
8652,9278,1371,3617,1107,3091
8652,9278,1371,5190,7722,9773
8652,9278,1371,3160,5295,6844
8652,9278,1371,9514,4874,4377
8652,9278,1371,4929,5075,9312
8652,9278,1371,8122,2120,1131
8652,9278,1371,5044,6888,8171
8652,9278,1371,2459,5166,3574
8652,9278,1371,946,4924,5063
8652,9278,1371,600,428,278
8652,9278,1371,9641,1755,2916
8652,9278,1371,9120,4199,142
8652,9278,1371,3486,5877,6284
8652,9278,1371,720,451,7485
8652,9278,1371,8611,9485,35
8652,9278,1371,3084,9332,8636
8652,9278,1371,8614,3822,7598
8652,9278,1371,6572,3016,8723
8652,9278,1371,1893,2780,5694
8652,9278,1371,56,3822,368
8652,9278,1371,896,1800,5617
8652,9278,1371,7365,3462,2033
8652,9278,1371,3231,4504,7531
8652,9278,1371,9643,1993,7774
8652,9278,1371,3398,6988,4277
8652,9278,1371,3746,6595,8529
8652,9278,1371,7558,7211,6440
8652,9278,1371,6321,3602,157
8652,9278,1371,9238,6389,1022
8652,9278,1371,648,1846,6912
8652,9278,1371,5379,9207,8089
8652,9278,1371,494,1942,2560
8652,9278,1371,4775,3910,6223
8652,9278,1371,7641,5977,8991
8652,9278,1371,9529,5184,9860
8652,9278,1371,7632,8978,4530
8652,9278,1371,5621,7279,491
8652,9278,1371,6199,3058,5543
8652,9278,1371,1747,810,6082
8652,9278,1371,9301,4148,6115
8652,9278,1371,5427,6602,9201
8652,9278,1371,9311,2714,8038
8652,9278,1371,3510,1492,3548
8652,9278,1371,1948,3057,5651
8652,9278,1371,8928,564,207
