135,9318,9434,3470,4933,4220
135,9318,9434,7738,5892,7896
135,9318,9434,3152,9229,1881
135,9318,9434,7869,3966,2880
135,9318,9434,7041,7920,5866
135,9318,9434,7583,5023,9331
135,9318,9434,9187,4098,1459
135,9318,9434,3814,3021,2790
135,9318,9434,1522,8671,6015
135,9318,9434,2945,2677,2562
135,9318,9434,296,678,520
135,9318,9434,6348,1362,1902
135,9318,9434,7306,4668,6965
135,9318,9434,7776,3888,3200
135,9318,9434,9767,249,6123
135,9318,9434,223,4521,6121
135,9318,9434,1211,7435,8033
135,9318,9434,9430,6688,1827
135,9318,9434,3049,5348,6312
135,9318,9434,3787,4053,1655
135,9318,9434,9241,1708,2433
135,9318,9434,5592,5698,39
135,9318,9434,7341,1676,467
135,9318,9434,3840,5974,2723
135,9318,9434,9739,4505,4019
135,9318,9434,1735,7989,2882
135,9318,9434,6299,213,9777
135,9318,9434,4894,8025,8318
135,9318,9434,9615,6491,9944
135,9318,9434,1074,7401,6220
135,9318,9434,6956,4140,3581
135,9318,9434,6095,389,633
135,9318,9434,2502,5146,4851
135,9318,9434,7557,8361,8241
135,9318,9434,2712,578,4839
135,9318,9434,5509,6355,1647
135,9318,9434,1849,2897,8007
135,9318,9434,1981,1170,5558
135,9318,9434,5517,559,9731
135,9318,9434,2231,3823,993
135,9318,9434,5327,4308,5440
135,9318,9434,3607,2454,5194
135,9318,9434,4555,4990,4223
135,9318,9434,7240,5239,4690
135,9318,9434,5418,1362,933
135,9318,9434,1496,3416,1598
135,9318,9434,7846,9763,3204
135,9318,9434,9662,616,760
135,9318,9434,599,2754,827
135,9318,9434,7172,2968,2094
135,9318,9434,2022,8232,9450
135,9318,9434,3945,5484,2847
135,9318,9434,8809,1847,7534
135,9318,9434,2765,880,7201
135,9318,9434,909,9097,5598
135,9318,9434,384,5848,3736
135,9318,9434,7091,861,2757
135,9318,9434,5263,791,9848
135,9318,9434,7148,8815,1320
135,9318,9434,8329,9925,2637
135,9318,9434,7501,8510,1828
135,9318,9434,1440,9822,9496
135,9318,9434,8903,3748,741
135,9318,9434,570,9440,6722
135,9318,9434,7350,6595,5062
135,9318,9434,1819,8997,4961
135,9318,9434,7837,3294,8017
135,9318,9434,5655,3448,2598
135,9318,9434,3000,2368,6307
135,9318,9434,7908,3397,2403
135,9318,9434,5577,3883,4252
135,9318,9434,7653,4997,4150
135,9318,9434,8966,3252,3189
135,9318,9434,568,9812,6704
135,9318,9434,5111,1968,144
135,9318,9434,2080,268,5458
135,9318,9434,9315,3312,4369
135,9318,9434,8360,3162,7778
135,9318,9434,118,1875,8495
135,9318,9434,3265,6046,6856
135,9318,9434,3175,9174,6433
135,9318,9434,534,5473,1261
135,9318,9434,8791,4810,7723
135,9318,9434,4651,9941,9010
135,9318,9434,5395,266,1412
135,9318,9434,7866,8619,7104
135,9318,9434,4657,6171,8790
135,9318,9434,4875,4320,6789
135,9318,9434,2352,7900,6945
135,9318,9434,892,7094,5281
135,9318,9434,4750,9635,3099
135,9318,9434,6361,8785,7870
135,9318,9434,175,5789,6646
135,9318,9434,1681,3668,2346
135,9318,9434,2848,401,7607
135,9318,9434,7410,6457,8010
135,9318,9434,4832,1840,2337
135,9318,9434,6200,1808,2686
135,9318,9434,2370,5954,9637
135,9318,9434,4577,4438,8749
135,9318,9434,2405,9520,192
135,9318,9434,1249,7643,7481
135,9318,9434,9800,8019,6854
135,9318,9434,3908,5065,1651
135,9318,9434,8496,3885,2894
135,9318,9434,4929,8418,4431
135,9318,9434,2733,2458,5668
135,9318,9434,5812,4669,8336
135,9318,9434,602,3422,7159
135,9318,9434,4822,1339,1833
135,9318,9434,4358,8646,7463
135,9318,9434,712,8552,1988
135,9318,9434,4989,5890,6672
135,9318,9434,6605,8458,8742
135,9318,9434,427,7429,5804
135,9318,9434,4712,5276,6446
135,9318,9434,3503,8294,3728
135,9318,9434,4009,7938,7672
135,9318,9434,8216,4137,8255
135,9318,9434,9324,8455,9199
135,9318,9434,5873,4175,3598
135,9318,9434,4427,743,4568
135,9318,9434,4437,6996,5104
135,9318,9434,7538,1847,2240
135,9318,9434,6512,5049,5270
135,9318,9434,818,7565,6142
135,9318,9434,583,1218,5525
135,9318,9434,4031,5826,6433
135,9318,9434,4949,6593,19
135,9318,9434,4396,1622,9928
135,9318,9434,1307,7038,6416
135,9318,9434,2327,8178,6605
135,9318,9434,3820,8728,9622
135,9318,9434,8046,2188,9622
135,9318,9434,3874,7640,8073
135,9318,9434,7460,8793,8688
135,9318,9434,7767,5904,1741
135,9318,9434,7982,8421,7584
135,9318,9434,5072,7835,3315
135,9318,9434,6212,7404,4126
135,9318,9434,7265,9221,5984
135,9318,9434,3980,1024,7482
135,9318,9434,1600,2903,3215
135,9318,9434,7967,3059,49
135,9318,9434,7057,5480,8936
135,9318,9434,8197,9393,5374
135,9318,9434,3603,2863,9328
135,9318,9434,6281,3326,9459
135,9318,9434,6092,1186,2161
135,9318,9434,5183,6129,2630
135,9318,9434,9698,4411,520
135,9318,9434,5830,3516,6215
135,9318,9434,2397,8718,1447
135,9318,9434,2899,7116,2998
135,9318,9434,7448,68,9287
135,9318,9434,500,4773,1394
135,9318,9434,1033,2243,4523
135,9318,9434,5164,3590,7562
135,9318,9434,8517,9022,8065
135,9318,9434,8518,5807,3677
135,9318,9434,696,4965,8517
135,9318,9434,6629,9747,1877
135,9318,9434,7321,9245,9364
135,9318,9434,4033,2208,5028
135,9318,9434,1405,4895,7878
135,9318,9434,4569,4977,2691
135,9318,9434,1758,8769,8914
135,9318,9434,5554,3642,8222
135,9318,9434,5244,3110,9797
135,9318,9434,7445,9254,2404
135,9318,9434,5427,2962,8026
135,9318,9434,745,1626,5675
135,9318,9434,7235,6235,2592
135,9318,9434,5361,6961,7292
135,9318,9434,8795,3064,7605
135,9318,9434,8214,552,6454
135,9318,9434,5362,1814,3131
135,9318,9434,2252,6803,899
135,9318,9434,4978,7140,2269
135,9318,9434,5431,9440,6952
135,9318,9434,6712,1195,48
135,9318,9434,4665,9323,2001
135,9318,9434,460,7729,2841
135,9318,9434,468,5005,3487
135,9318,9434,4999,8486,4129
135,9318,9434,3909,5814,6790
135,9318,9434,346,5235,4261
135,9318,9434,740,8056,4426
135,9318,9434,3372,4094,2437
135,9318,9434,9380,6711,4935
135,9318,9434,4826,6733,5077
135,9318,9434,5538,2999,3825
135,9318,9434,1793,498,4754
135,9318,9434,8102,3218,4088
135,9318,9434,6105,2038,8438
135,9318,9434,9919,7133,7288
135,9318,9434,8200,4718,7070
135,9318,9434,215,2077,8886
135,9318,9434,2487,4729,6387
135,9318,9434,323,2496,7343
135,9318,9434,2627,4308,1392
135,9318,9434,7616,9008,5988
135,9318,9434,7427,4590,2824
135,9318,9434,3676,8674,6072
135,9318,9434,1882,1103,4777
135,9318,9434,4457,8426,1385
135,9318,9434,9394,777,8553
135,9318,9434,5674,1953,3282
135,9318,9434,786,7875,3928
135,9318,9434,6933,1739,6735
135,9318,9434,6143,5964,4082
135,9318,9434,969,4719,9579
135,9318,9434,2956,5330,3284
135,9318,9434,5494,5630,810
135,9318,9434,2693,4112,3235
135,9318,9434,2659,9719,5305
135,9318,9434,8671,9909,69
135,9318,9434,1655,9164,3904
135,9318,9434,7137,8238,4394
135,9318,9434,2808,6731,3344
135,9318,9434,7967,191,5263
135,9318,9434,3274,3256,8365
135,9318,9434,7015,8421,362
135,9318,9434,4176,8100,4690
135,9318,9434,2984,948,774
135,9318,9434,9503,5553,4212
135,9318,9434,5825,6877,6783
135,9318,9434,3360,556,7005
135,9318,9434,527,321,8625
135,9318,9434,6512,1468,4103
135,9318,9434,9641,5681,4819
135,9318,9434,2788,3961,8928
135,9318,9434,4291,4579,9512
135,9318,9434,1739,3723,212
135,9318,9434,8415,1230,2709
135,9318,9434,4610,7042,1711
135,9318,9434,72,9862,513
135,9318,9434,8818,2035,1588
135,9318,9434,7391,3103,1603
135,9318,9434,2707,3612,5587
135,9318,9434,2051,9829,638
135,9318,9434,6488,3001,3604
135,9318,9434,4331,9225,1849
135,9318,9434,8397,5719,5439
135,9318,9434,5660,3654,7164
135,9318,9434,6594,9090,3718
135,9318,9434,6180,7545,144
135,9318,9434,433,9340,6604
135,9318,9434,7020,355,2463
135,9318,9434,9827,5066,6132
135,9318,9434,9906,4387,8814
135,9318,9434,6458,7557,1247
135,9318,9434,7666,2532,9319
135,9318,9434,1176,9732,2686
135,9318,9434,595,4945,8194
135,9318,9434,2322,6048,1686
135,9318,9434,5755,3154,873
135,9318,9434,7755,5394,590
135,9318,9434,1855,5765,8159
135,9318,9434,5223,9611,5121
135,9318,9434,2019,3456,2171
135,9318,9434,8933,2583,4145
135,9318,9434,7068,2118,931
135,9318,9434,1719,6793,1989
135,9318,9434,7442,1999,4100
135,9318,9434,1257,2745,6184
135,9318,9434,6288,338,5861
135,9318,9434,1606,9448,4652
135,9318,9434,2416,7537,6461
135,9318,9434,6048,8458,9043
135,9318,9434,1745,184,6325
135,9318,9434,6836,6738,3590
135,9318,9434,3486,6386,5928
135,9318,9434,6181,1674,1240
135,9318,9434,6110,8663,2494
135,9318,9434,4258,2828,8767
135,9318,9434,3727,126,844
135,9318,9434,3400,6972,2974
135,9318,9434,6520,4413,4311
135,9318,9434,3347,1181,7507
135,9318,9434,7546,3205,2996
135,9318,9434,8238,7019,675
135,9318,9434,3241,7483,491
135,9318,9434,7155,5192,2568
135,9318,9434,818,7774,8332
135,9318,9434,8416,7437,3126
135,9318,9434,334,8699,8832
135,9318,9434,7569,7186,6082
135,9318,9434,5394,2750,2203
135,9318,9434,2841,6158,4294
135,9318,9434,2373,6030,5811
135,9318,9434,2995,1680,8311
135,9318,9434,2778,9906,5102
135,9318,9434,5127,85,8397
135,9318,9434,6683,9793,4982
135,9318,9434,2116,7569,5184
135,9318,9434,3394,6621,4461
135,9318,9434,7554,3712,8000
135,9318,9434,8566,498,5219
135,9318,9434,4658,7050,7974
135,9318,9434,9625,3797,9332
135,9318,9434,517,138,2681
135,9318,9434,5048,9111,7727
135,9318,9434,787,877,3309
135,9318,9434,6887,4710,5677
135,9318,9434,1173,5904,2941
135,9318,9434,4101,979,6471
135,9318,9434,6717,9048,2842
135,9318,9434,6584,8287,953
135,9318,9434,6578,8187,7966
135,9318,9434,4176,3710,8133
135,9318,9434,5894,3319,4872
135,9318,9434,2969,1475,3202
135,9318,9434,9265,2525,1643
135,9318,9434,1497,7873,4174
135,9318,9434,8380,3678,5557
135,9318,9434,1182,8312,5899
135,9318,9434,6855,8221,567
135,9318,9434,4789,3229,3197
135,9318,9434,3606,2010,3339
135,9318,9434,9038,8573,6060
135,9318,9434,7321,1926,7728
135,9318,9434,3866,3018,6188
135,9318,9434,7566,8597,8714
135,9318,9434,2483,6903,9161
135,9318,9434,9982,2040,2975
135,9318,9434,4171,8590,4315
135,9318,9434,205,3575,7636
135,9318,9434,5740,5960,3411
135,9318,9434,9498,3608,2432
135,9318,9434,313,3359,8459
135,9318,9434,7246,666,5538
135,9318,9434,9396,3640,1630
135,9318,9434,7661,485,6835
135,9318,9434,8249,8659,8793
135,9318,9434,7054,6726,1216
135,9318,9434,65,9163,4945
135,9318,9434,360,658,2185
135,9318,9434,6681,3819,7985
135,9318,9434,8681,9615,5614
135,9318,9434,7145,4091,8500
135,9318,9434,5749,8277,4871
135,9318,9434,4699,4246,8304
135,9318,9434,6118,3941,8535
135,9318,9434,3876,9656,8504
135,9318,9434,3721,1105,9458
135,9318,9434,4447,3827,7325
135,9318,9434,2602,3388,1440
135,9318,9434,2397,4685,6964
135,9318,9434,7533,6322,8141
135,9318,9434,1236,6003,9475
135,9318,9434,662,8020,7986
135,9318,9434,7483,8376,3727
135,9318,9434,1922,18,507
135,9318,9434,8273,5483,4894
135,9318,9434,2078,9840,3741
135,9318,9434,8629,1546,145
135,9318,9434,8458,2604,842
135,9318,9434,6485,8527,7281
135,9318,9434,2077,4044,8890
135,9318,9434,4241,4119,7970
135,9318,9434,7526,6208,1161
135,9318,9434,7823,8133,8346
135,9318,9434,3671,521,6106
135,9318,9434,7982,105,8093
135,9318,9434,227,4655,9707
135,9318,9434,4241,9158,5293
135,9318,9434,7618,546,548
135,9318,9434,6548,8754,1054
135,9318,9434,9564,9886,8727
135,9318,9434,4530,1802,4047
135,9318,9434,9603,1533,7388
135,9318,9434,5647,2516,6800
135,9318,9434,6207,7677,4656
135,9318,9434,9484,7938,9173
135,9318,9434,411,9107,6998
135,9318,9434,4972,3800,6639
135,9318,9434,5736,705,5274
135,9318,9434,7921,7445,4810
135,9318,9434,805,7894,9837
135,9318,9434,4207,4657,8452
135,9318,9434,2639,3503,8788
135,9318,9434,6063,2793,5923
135,9318,9434,659,6631,2404
135,9318,9434,621,3845,2209
135,9318,9434,4905,6568,4839
135,9318,9434,5719,6754,2877
135,9318,9434,5462,273,9643
135,9318,9434,863,7911,7886
135,9318,9434,2028,2350,8657
135,9318,9434,5088,8332,5537
135,9318,9434,1003,8541,2656
135,9318,9434,519,8214,450
135,9318,9434,5164,7747,9213
135,9318,9434,5453,6917,8244
135,9318,9434,5537,1618,7554
135,9318,9434,7847,7432,818
135,9318,9434,6441,1208,8820
135,9318,9434,6135,8625,4944
135,9318,9434,2530,2812,4902
135,9318,9434,7356,3126,2777
135,9318,9434,7228,2589,1839
135,9318,9434,9576,2191,8102
135,9318,9434,1984,5512,426
135,9318,9434,4786,4258,7318
135,9318,9434,7400,9001,7656
135,9318,9434,9361,3622,3999
135,9318,9434,9192,5015,2133
135,9318,9434,8045,132,4168
135,9318,9434,1098,4787,2240
135,9318,9434,1770,2799,921
135,9318,9434,1777,613,8992
135,9318,9434,1075,7154,282
135,9318,9434,9714,281,6312
135,9318,9434,2304,7664,9945
135,9318,9434,5042,8944,6168
135,9318,9434,4799,3399,7474
135,9318,9434,732,947,1701
135,9318,9434,7028,736,7601
135,9318,9434,206,7186,1627
135,9318,9434,6152,2993,4727
135,9318,9434,1525,7432,8435
135,9318,9434,8837,6824,7519
135,9318,9434,7599,4223,8320
135,9318,9434,6435,9796,6073
135,9318,9434,7882,5746,264
135,9318,9434,4713,1506,9080
135,9318,9434,1845,3038,6234
135,9318,9434,7555,1627,3236
135,9318,9434,3919,2133,1649
135,9318,9434,8992,778,8352
135,9318,9434,7458,7090,6991
135,9318,9434,3938,6147,5278
135,9318,9434,4362,1290,7942
135,9318,9434,2154,2479,5222
135,9318,9434,7348,4581,7889
135,9318,9434,9532,16,1114
135,9318,9434,5189,2709,2971
135,9318,9434,9516,4511,1233
135,9318,9434,8486,838,8732
135,9318,9434,980,6216,4130
135,9318,9434,3530,6737,5299
135,9318,9434,7133,6461,3764
135,9318,9434,7781,1661,5494
135,9318,9434,116,3659,1221
135,9318,9434,3306,3678,2801
135,9318,9434,6961,3216,7378
135,9318,9434,3009,7271,3611
135,9318,9434,3779,5660,3257
135,9318,9434,2812,2111,5451
135,9318,9434,3401,6148,9545
135,9318,9434,1290,8330,3431
135,9318,9434,2182,2444,2409
135,9318,9434,3581,7737,840
135,9318,9434,3679,7167,7044
135,9318,9434,1909,3465,3290
135,9318,9434,2681,7892,9898
135,9318,9434,7232,5769,7877
135,9318,9434,316,8866,7944
135,9318,9434,9331,2370,1030
135,9318,9434,4798,2055,8939
135,9318,9434,5998,797,5386
135,9318,9434,8405,1780,3722
135,9318,9434,584,6380,2251
135,9318,9434,2098,8046,5755
135,9318,9434,8866,2250,6449
135,9318,9434,7341,3581,811
135,9318,9434,8567,2172,2814
135,9318,9434,9044,7029,4694
135,9318,9434,3723,1297,2868
135,9318,9434,8311,6458,8700
135,9318,9434,8062,1464,6583
135,9318,9434,4571,1705,9620
135,9318,9434,3632,8188,4292
135,9318,9434,6689,4564,4034
135,9318,9434,4312,9591,2057
135,9318,9434,9542,6919,5905
135,9318,9434,2097,9992,8740
135,9318,9434,3311,2103,9996
135,9318,9434,3498,8747,5767
135,9318,9434,5949,5019,9834
135,9318,9434,7404,5943,6784
135,9318,9434,2920,8533,8297
135,9318,9434,8561,2506,3433
135,9318,9434,1615,6207,3946
135,9318,9434,1618,1443,9181
135,9318,9434,5233,4425,3091
135,9318,9434,6971,9868,6353
135,9318,9434,6554,4892,2741
135,9318,9434,2318,5159,7395
135,9318,9434,9266,4853,9508
135,9318,9434,3168,6720,411
135,9318,9434,2449,7423,1800
135,9318,9434,9810,1204,3246
135,9318,9434,1469,725,9037
135,9318,9434,3090,9996,8979
135,9318,9434,8163,3788,2689
135,9318,9434,4087,4560,2951
135,9318,9434,2721,7106,4891
135,9318,9434,6771,8738,4272
135,9318,9434,4338,7223,2535
135,9318,9434,5694,9125,4663
135,9318,9434,970,9572,644
135,9318,9434,82,8926,2017
135,9318,9434,9691,7370,3914
135,9318,9434,5472,348,2379
135,9318,9434,9931,9028,486
135,9318,9434,1922,2543,5070
135,9318,9434,7209,9263,3463
135,9318,9434,5636,7611,2441
