9915,6572,2368,3120,3157,4608
9915,6572,2368,7858,3417,433
9915,6572,2368,9558,3230,430
9915,6572,2368,382,5209,3662
9915,6572,2368,3817,18,1169
9915,6572,2368,3187,9017,9751
9915,6572,2368,9972,6724,7459
9915,6572,2368,7360,6224,570
9915,6572,2368,9838,2574,331
9915,6572,2368,3858,5140,5221
9915,6572,2368,2272,4078,2569
9915,6572,2368,9890,235,1483
9915,6572,2368,5437,3875,5391
9915,6572,2368,482,3124,13
9915,6572,2368,1968,1051,3037
9915,6572,2368,2975,8172,9288
9915,6572,2368,3956,9798,5331
9915,6572,2368,5283,3216,8018
9915,6572,2368,1623,8673,348
9915,6572,2368,1107,3758,6793
9915,6572,2368,1619,5330,813
9915,6572,2368,4297,7039,8313
9915,6572,2368,2331,1029,2276
9915,6572,2368,7429,466,5679
9915,6572,2368,718,4192,1788
9915,6572,2368,6552,6137,5345
9915,6572,2368,956,6226,4771
9915,6572,2368,8982,8265,7935
9915,6572,2368,9550,9166,9448
9915,6572,2368,5831,929,336
9915,6572,2368,6165,878,6389
9915,6572,2368,3604,3429,6879
9915,6572,2368,1008,43,9307
9915,6572,2368,2981,6824,8330
9915,6572,2368,5854,2378,6366
9915,6572,2368,3440,1158,8726
9915,6572,2368,3883,4215,7063
9915,6572,2368,9356,8897,4351
9915,6572,2368,7515,9997,206
9915,6572,2368,8203,7197,3640
9915,6572,2368,1401,1840,6771
9915,6572,2368,5828,5262,7083
9915,6572,2368,4584,1892,5339
9915,6572,2368,8538,2405,3794
9915,6572,2368,8995,5946,9423
9915,6572,2368,6832,4894,9829
9915,6572,2368,4569,2626,4388
9915,6572,2368,8454,276,9113
9915,6572,2368,6210,8441,7593
9915,6572,2368,6836,465,3658
9915,6572,2368,7342,2621,7523
9915,6572,2368,7463,779,1541
9915,6572,2368,8101,967,5140
9915,6572,2368,4503,875,7003
9915,6572,2368,6440,4364,2526
9915,6572,2368,4392,1385,8300
9915,6572,2368,6651,6432,3955
9915,6572,2368,3361,926,4882
9915,6572,2368,7805,1988,8372
9915,6572,2368,1512,1077,7751
9915,6572,2368,6286,4443,7695
9915,6572,2368,4419,102,9134
9915,6572,2368,845,4019,5765
9915,6572,2368,9603,2652,3512
9915,6572,2368,3670,3308,5663
9915,6572,2368,7052,1410,1060
9915,6572,2368,7449,6076,4674
9915,6572,2368,9659,8508,4356
9915,6572,2368,5695,2206,1374
9915,6572,2368,7407,9764,8828
9915,6572,2368,4077,8271,7856
9915,6572,2368,585,2285,3639
9915,6572,2368,4670,5058,6940
9915,6572,2368,5655,1893,7368
9915,6572,2368,9581,7056,1968
9915,6572,2368,9588,4339,4598
9915,6572,2368,694,2776,4821
9915,6572,2368,5821,3461,5464
9915,6572,2368,114,9071,9161
9915,6572,2368,7958,1018,7920
9915,6572,2368,8989,1196,8523
9915,6572,2368,8342,9647,5879
9915,6572,2368,4789,4054,4292
9915,6572,2368,2919,2594,5926
9915,6572,2368,150,5971,4662
9915,6572,2368,5905,1274,7760
9915,6572,2368,6778,6993,9363
9915,6572,2368,7871,7209,8573
9915,6572,2368,9979,3842,7796
9915,6572,2368,651,7209,6433
9915,6572,2368,3878,2558,9510
9915,6572,2368,5163,4089,2453
9915,6572,2368,1354,3379,8948
9915,6572,2368,6587,4303,4839
9915,6572,2368,1982,8615,6016
9915,6572,2368,567,6805,9315
9915,6572,2368,2263,4058,8826
9915,6572,2368,3476,5144,5089
9915,6572,2368,1294,6617,1675
9915,6572,2368,7196,9137,7495
9915,6572,2368,3885,8859,8141
9915,6572,2368,6248,5751,8337
9915,6572,2368,3417,4010,2889
9915,6572,2368,660,1242,1682
9915,6572,2368,9897,5045,8481
9915,6572,2368,5408,6496,7981
9915,6572,2368,9709,8183,7077
9915,6572,2368,6241,976,9252
9915,6572,2368,9243,4599,4645
9915,6572,2368,5277,8097,2664
9915,6572,2368,3957,6732,5754
9915,6572,2368,4258,1983,7780
9915,6572,2368,8049,3570,9421
9915,6572,2368,2206,9757,7635
9915,6572,2368,6530,2662,8091
9915,6572,2368,2527,4366,1127
9915,6572,2368,5447,3438,1444
9915,6572,2368,4585,313,5205
9915,6572,2368,8631,6257,831
9915,6572,2368,1521,7270,1854
9915,6572,2368,8133,2655,363
9915,6572,2368,6581,3424,9309
9915,6572,2368,5215,299,7376
9915,6572,2368,2599,2651,2860
9915,6572,2368,828,6570,9177
9915,6572,2368,6407,5779,2082
9915,6572,2368,908,3178,3587
9915,6572,2368,4319,4758,6158
9915,6572,2368,861,649,2594
9915,6572,2368,6485,6867,765
9915,6572,2368,1076,188,3323
9915,6572,2368,7167,2257,438
9915,6572,2368,4987,3511,4841
9915,6572,2368,4977,8131,683
9915,6572,2368,9382,1756,1107
9915,6572,2368,3596,5782,3950
9915,6572,2368,6466,9272,9310
9915,6572,2368,1845,3831,8597
9915,6572,2368,8815,1182,581
9915,6572,2368,3301,8104,6913
9915,6572,2368,1957,5185,5714
9915,6572,2368,6982,2184,6481
9915,6572,2368,4616,8460,6911
9915,6572,2368,5205,379,5031
9915,6572,2368,2860,5322,8671
9915,6572,2368,9785,3654,2121
9915,6572,2368,5848,9770,154
9915,6572,2368,3482,8018,4518
9915,6572,2368,2687,577,7346
9915,6572,2368,964,4907,4132
9915,6572,2368,5170,4834,4336
9915,6572,2368,8272,7135,3749
9915,6572,2368,590,9170,8863
9915,6572,2368,9808,8421,1045
9915,6572,2368,9284,5084,5829
9915,6572,2368,281,4743,2749
9915,6572,2368,9730,3708,8648
9915,6572,2368,4222,7019,6262
9915,6572,2368,9509,3994,8044
9915,6572,2368,2424,8239,7222
9915,6572,2368,8147,9649,8230
9915,6572,2368,7232,820,5059
9915,6572,2368,2033,4828,6714
9915,6572,2368,2331,8749,6996
9915,6572,2368,3919,3865,6721
9915,6572,2368,8434,2343,1537
9915,6572,2368,8362,5419,4879
9915,6572,2368,4886,3135,5464
9915,6572,2368,8829,6682,8846
9915,6572,2368,6687,7341,2966
9915,6572,2368,6296,5703,1773
9915,6572,2368,6036,9858,7039
9915,6572,2368,3834,9437,408
9915,6572,2368,4561,1720,3132
9915,6572,2368,8186,4923,8602
9915,6572,2368,1841,7911,1313
9915,6572,2368,8791,2846,2139
9915,6572,2368,5349,9695,1715
9915,6572,2368,2196,8338,3376
9915,6572,2368,9531,8761,6784
9915,6572,2368,6743,8770,8216
9915,6572,2368,3719,7416,2602
9915,6572,2368,4579,4518,5773
9915,6572,2368,3995,3708,8081
9915,6572,2368,7471,5510,9595
9915,6572,2368,4737,1030,665
9915,6572,2368,9914,4480,9507
9915,6572,2368,3527,5134,4771
9915,6572,2368,44,286,2093
9915,6572,2368,7054,7148,4047
9915,6572,2368,2978,309,7156
9915,6572,2368,4948,9964,4997
9915,6572,2368,8241,4385,6740
9915,6572,2368,4440,5713,7932
9915,6572,2368,4914,2635,9988
9915,6572,2368,636,5580,9948
9915,6572,2368,1355,8867,1961
9915,6572,2368,3168,9263,5575
9915,6572,2368,4625,873,5233
9915,6572,2368,6835,1645,7792
9915,6572,2368,4824,6585,8224
9915,6572,2368,7578,470,4987
9915,6572,2368,9602,602,7766
9915,6572,2368,7285,5238,5160
9915,6572,2368,2382,3674,9318
9915,6572,2368,9001,5311,9305
9915,6572,2368,4057,3843,5913
9915,6572,2368,5364,8478,8982
9915,6572,2368,8757,5144,2557
9915,6572,2368,7395,3445,4379
9915,6572,2368,6898,7828,252
9915,6572,2368,7037,2321,952
9915,6572,2368,7746,3260,3574
9915,6572,2368,701,798,7747
9915,6572,2368,5550,3476,279
9915,6572,2368,1564,4280,2334
9915,6572,2368,1127,1021,2678
9915,6572,2368,515,1579,4483
9915,6572,2368,8178,5237,2487
9915,6572,2368,6106,544,582
9915,6572,2368,6221,7312,6306
9915,6572,2368,2134,8565,9192
9915,6572,2368,8813,8839,3592
9915,6572,2368,7934,7392,1037
9915,6572,2368,4553,1752,3225
9915,6572,2368,8951,4769,9236
9915,6572,2368,8325,2055,1070
9915,6572,2368,1000,9671,5044
9915,6572,2368,1596,3197,7245
9915,6572,2368,7002,8852,5231
9915,6572,2368,2773,3717,208
9915,6572,2368,2799,2786,826
9915,6572,2368,8696,5155,9824
9915,6572,2368,4978,56,5474
9915,6572,2368,2997,5920,4042
9915,6572,2368,791,73,4300
9915,6572,2368,4369,3074,2444
9915,6572,2368,9004,5593,1406
9915,6572,2368,2097,8068,6560
9915,6572,2368,8000,3972,4289
9915,6572,2368,8796,9449,8545
9915,6572,2368,6306,1179,137
9915,6572,2368,2751,2211,7039
9915,6572,2368,7708,8688,448
9915,6572,2368,7776,4470,4053
9915,6572,2368,1615,2750,96
9915,6572,2368,7502,4955,6616
9915,6572,2368,59,4559,7012
9915,6572,2368,3346,8357,236
9915,6572,2368,1960,3929,6445
9915,6572,2368,3161,2096,8072
9915,6572,2368,7475,8116,9674
9915,6572,2368,3170,2316,6617
9915,6572,2368,9628,1793,270
9915,6572,2368,2187,9104,6928
9915,6572,2368,1848,3315,1648
9915,6572,2368,1698,7384,7933
9915,6572,2368,1742,1116,609
9915,6572,2368,5610,9608,2655
9915,6572,2368,6393,5076,8175
9915,6572,2368,3774,2625,3072
9915,6572,2368,7137,1565,4004
9915,6572,2368,3064,5855,8012
9915,6572,2368,7983,8456,7415
9915,6572,2368,5718,484,1187
9915,6572,2368,4349,551,1923
9915,6572,2368,7921,5737,4280
9915,6572,2368,9541,1223,4608
9915,6572,2368,498,9647,3696
9915,6572,2368,3575,9986,5481
9915,6572,2368,9763,8041,5995
9915,6572,2368,8125,6447,3573
9915,6572,2368,3097,9652,5068
9915,6572,2368,7496,5889,4240
9915,6572,2368,9272,9599,7701
9915,6572,2368,8948,8725,9350
9915,6572,2368,5799,5982,2453
9915,6572,2368,3091,6252,8452
9915,6572,2368,2692,8385,9912
9915,6572,2368,827,8485,3827
9915,6572,2368,7412,96,1725
9915,6572,2368,2864,9748,6400
9915,6572,2368,1917,3276,4066
9915,6572,2368,5900,3808,6734
9915,6572,2368,1464,4456,6193
9915,6572,2368,9859,3814,496
9915,6572,2368,1090,8872,8642
9915,6572,2368,3040,3149,9341
9915,6572,2368,1794,2608,3689
9915,6572,2368,9885,908,5466
9915,6572,2368,4733,7873,7093
9915,6572,2368,2688,4719,3971
9915,6572,2368,8668,4496,1939
9915,6572,2368,5884,4321,8740
9915,6572,2368,6814,5883,3979
9915,6572,2368,3674,9598,4217
9915,6572,2368,3668,2007,2850
9915,6572,2368,739,810,7892
9915,6572,2368,9891,7535,6585
9915,6572,2368,8161,5942,9985
9915,6572,2368,3868,2753,6383
9915,6572,2368,1310,2580,6000
9915,6572,2368,965,8797,4765
9915,6572,2368,2526,830,9360
9915,6572,2368,800,9771,1378
9915,6572,2368,9541,768,6578
9915,6572,2368,6448,7164,6529
9915,6572,2368,1370,3778,5976
9915,6572,2368,3435,7391,1492
9915,6572,2368,1988,9396,839
9915,6572,2368,888,4095,4805
9915,6572,2368,3297,1634,6155
9915,6572,2368,9296,7907,9198
9915,6572,2368,6925,6248,7523
9915,6572,2368,2556,3582,7031
9915,6572,2368,9229,1942,6335
9915,6572,2368,1508,3063,4503
9915,6572,2368,2948,1372,8382
9915,6572,2368,5403,2872,1050
9915,6572,2368,8049,9067,515
9915,6572,2368,8539,8699,4944
9915,6572,2368,8405,3162,8574
9915,6572,2368,5636,5075,7526
9915,6572,2368,2363,1710,813
9915,6572,2368,3737,6926,280
9915,6572,2368,3067,9600,6471
9915,6572,2368,2000,3982,1277
9915,6572,2368,5574,6273,22
9915,6572,2368,3461,8472,4874
9915,6572,2368,7589,931,4309
9915,6572,2368,6711,2736,872
9915,6572,2368,4652,2990,197
9915,6572,2368,8021,8009,7112
9915,6572,2368,52,3213,2082
9915,6572,2368,5950,2429,8244
9915,6572,2368,2128,5096,5172
9915,6572,2368,8734,5921,1175
9915,6572,2368,6702,6792,5913
9915,6572,2368,7366,2022,550
9915,6572,2368,5605,6276,5159
9915,6572,2368,6034,1382,554
9915,6572,2368,7072,9463,4143
9915,6572,2368,3488,3943,1272
9915,6572,2368,1962,8284,5373
9915,6572,2368,4802,6245,2950
9915,6572,2368,9974,5378,6263
9915,6572,2368,8959,7431,6632
9915,6572,2368,8021,62,3210
9915,6572,2368,2249,1659,1849
9915,6572,2368,8362,3160,469
9915,6572,2368,8184,541,307
9915,6572,2368,907,4055,8915
9915,6572,2368,9199,8288,9356
9915,6572,2368,9296,6747,5888
9915,6572,2368,4416,7981,7864
9915,6572,2368,1809,6004,9148
9915,6572,2368,8095,1756,3561
9915,6572,2368,370,1563,6712
9915,6572,2368,7293,4133,6483
9915,6572,2368,3426,3665,1375
9915,6572,2368,2319,5678,9752
9915,6572,2368,7932,1652,387
9915,6572,2368,5687,3458,6470
9915,6572,2368,1865,9690,9199
9915,6572,2368,8470,2252,6656
9915,6572,2368,5402,7952,4747
9915,6572,2368,8319,479,6449
9915,6572,2368,6727,8814,7009
9915,6572,2368,9434,5468,6226
9915,6572,2368,3220,5104,3600
9915,6572,2368,1515,5522,7069
9915,6572,2368,3811,874,9818
9915,6572,2368,9693,562,9131
9915,6572,2368,9702,9230,8447
9915,6572,2368,2642,6645,5164
9915,6572,2368,6360,2046,3774
9915,6572,2368,146,4587,4159
9915,6572,2368,1979,5104,78
9915,6572,2368,5100,7048,9747
9915,6572,2368,9848,5242,9857
9915,6572,2368,439,6207,8454
9915,6572,2368,682,2665,7079
9915,6572,2368,7361,8910,9031
9915,6572,2368,7910,9591,9617
9915,6572,2368,7607,8702,4537
9915,6572,2368,4783,4673,9377
9915,6572,2368,2525,2864,7909
9915,6572,2368,5651,342,5702
9915,6572,2368,3241,7592,2989
9915,6572,2368,9909,9616,6141
9915,6572,2368,4130,3797,5667
9915,6572,2368,5807,4149,3204
9915,6572,2368,700,9823,3714
9915,6572,2368,5500,9192,9707
9915,6572,2368,9681,9360,9501
9915,6572,2368,9376,9354,2451
9915,6572,2368,9228,5533,6772
9915,6572,2368,394,7553,4833
9915,6572,2368,1994,1008,3303
9915,6572,2368,8865,9950,2162
9915,6572,2368,5107,2241,840
9915,6572,2368,4136,6746,5363
9915,6572,2368,5087,6439,4536
9915,6572,2368,4794,9834,922
9915,6572,2368,4938,389,9270
9915,6572,2368,1825,5649,1129
9915,6572,2368,3074,8729,8476
9915,6572,2368,5744,9679,4451
9915,6572,2368,939,9598,7604
9915,6572,2368,1435,6750,7702
9915,6572,2368,7764,3023,1725
9915,6572,2368,279,5412,6986
9915,6572,2368,4725,4511,4215
9915,6572,2368,3631,961,7960
9915,6572,2368,717,6165,9759
9915,6572,2368,5377,7839,6640
9915,6572,2368,9390,1363,4094
9915,6572,2368,185,1997,221
9915,6572,2368,6036,5185,7032
9915,6572,2368,4679,2130,430
9915,6572,2368,792,3068,3996
9915,6572,2368,9631,6832,9041
9915,6572,2368,4263,3356,4273
9915,6572,2368,1903,4994,297
9915,6572,2368,7166,4634,1178
9915,6572,2368,9312,6186,1583
9915,6572,2368,7860,8553,495
9915,6572,2368,4826,645,6652
9915,6572,2368,6625,9163,7237
9915,6572,2368,1079,8428,6552
9915,6572,2368,1003,984,5386
9915,6572,2368,250,8186,4994
9915,6572,2368,121,3828,5189
9915,6572,2368,7897,2289,8241
9915,6572,2368,9215,3271,1785
9915,6572,2368,897,7079,5690
9915,6572,2368,7436,7548,5001
9915,6572,2368,6506,767,285
9915,6572,2368,2128,8312,5121
9915,6572,2368,3510,3277,8036
9915,6572,2368,1080,1209,3542
9915,6572,2368,5204,3357,710
9915,6572,2368,9940,1123,9276
9915,6572,2368,3952,1053,804
9915,6572,2368,1378,3381,868
9915,6572,2368,4926,1254,9879
9915,6572,2368,494,5483,4496
9915,6572,2368,9191,1499,4330
9915,6572,2368,8501,3907,6376
9915,6572,2368,3473,5347,2415
9915,6572,2368,2372,8701,3593
9915,6572,2368,9998,9702,728
9915,6572,2368,5687,5886,948
9915,6572,2368,5905,9061,5218
9915,6572,2368,1540,8708,7214
9915,6572,2368,8459,3505,9462
9915,6572,2368,237,8711,2197
9915,6572,2368,21,2378,8692
9915,6572,2368,4220,6442,7461
9915,6572,2368,3009,541,9828
9915,6572,2368,6468,2150,8037
9915,6572,2368,5415,9702,4950
9915,6572,2368,9205,907,422
9915,6572,2368,8112,8632,9763
9915,6572,2368,508,5718,4384
9915,6572,2368,4406,1553,8832
9915,6572,2368,8743,5727,9519
9915,6572,2368,7901,9430,4164
9915,6572,2368,8598,9800,6952
9915,6572,2368,4379,4724,5737
9915,6572,2368,6042,4511,4290
9915,6572,2368,8192,7012,5841
9915,6572,2368,6812,7859,4280
9915,6572,2368,7218,1644,4109
9915,6572,2368,5851,386,796
9915,6572,2368,9086,2211,9617
9915,6572,2368,6995,9890,3449
9915,6572,2368,9668,132,8430
9915,6572,2368,2076,3050,5107
9915,6572,2368,3021,7385,2644
9915,6572,2368,5974,6504,4975
9915,6572,2368,7371,6069,3355
9915,6572,2368,3578,8686,3403
9915,6572,2368,6968,1261,2985
9915,6572,2368,8531,995,3623
9915,6572,2368,768,2419,7218
9915,6572,2368,2683,3333,900
9915,6572,2368,4477,8873,2230
9915,6572,2368,7407,3428,5213
9915,6572,2368,1414,1399,5371
9915,6572,2368,4022,788,4566
9915,6572,2368,9229,7851,6265
9915,6572,2368,7700,3420,404
9915,6572,2368,3477,2485,5762
9915,6572,2368,390,1801,6644
9915,6572,2368,835,6376,6093
9915,6572,2368,912,6444,5029
9915,6572,2368,7015,5093,229
9915,6572,2368,5984,3651,1231
9915,6572,2368,8364,41,8633
9915,6572,2368,7828,1587,5313
9915,6572,2368,8335,3434,7993
9915,6572,2368,8771,3699,8212
9915,6572,2368,8811,5772,3668
9915,6572,2368,692,4265,7734
9915,6572,2368,4008,8517,1738
9915,6572,2368,6964,8545,4804
9915,6572,2368,7482,8810,8039
9915,6572,2368,9612,1762,6594
9915,6572,2368,4280,9196,1781
