201,4958,959,9020,9561,2944
201,4958,959,6561,123,8607
201,4958,959,9668,122,3958
201,4958,959,7735,5209,87
201,4958,959,6339,6179,5765
201,4958,959,2780,2293,795
201,4958,959,7898,4075,3403
201,4958,959,6046,3975,1008
201,4958,959,5874,8696,6071
201,4958,959,8042,7515,4081
201,4958,959,6330,7438,1960
201,4958,959,7009,800,6425
201,4958,959,6139,4753,2137
201,4958,959,7195,5272,2585
201,4958,959,3728,8294,5464
201,4958,959,4559,5833,4898
201,4958,959,3987,2352,818
201,4958,959,1084,4738,2003
201,4958,959,4696,2119,1726
201,4958,959,9912,3945,3472
201,4958,959,3697,2846,692
201,4958,959,7267,7900,6601
201,4958,959,8470,1012,6439
201,4958,959,8638,7076,7618
201,4958,959,642,9081,5199
201,4958,959,1264,3849,9276
201,4958,959,791,726,4248
201,4958,959,4338,7343,952
201,4958,959,7672,3180,7096
201,4958,959,3461,6981,2641
201,4958,959,6145,9329,5733
201,4958,959,6957,5595,8218
201,4958,959,2218,3541,473
201,4958,959,3731,2839,5085
201,4958,959,6292,4908,1180
201,4958,959,5786,3292,3329
201,4958,959,3235,2320,8768
201,4958,959,5413,2258,3376
201,4958,959,3116,5288,8044
201,4958,959,8139,9110,810
201,4958,959,7501,2677,805
201,4958,959,11,3823,1524
201,4958,959,8513,4858,3488
201,4958,959,2956,4441,5527
201,4958,959,1373,8047,8366
201,4958,959,8723,9961,5192
201,4958,959,366,4509,6178
201,4958,959,1729,5016,9086
201,4958,959,1784,9425,3805
201,4958,959,1134,7067,8335
201,4958,959,8756,818,2701
201,4958,959,856,8551,2663
201,4958,959,5738,93,1797
201,4958,959,3726,7289,2579
201,4958,959,7181,6530,2383
201,4958,959,9527,1222,6359
201,4958,959,7462,3356,6562
201,4958,959,4645,2240,2382
201,4958,959,4135,688,1189
201,4958,959,3263,9061,4325
201,4958,959,5133,6153,1226
201,4958,959,3311,2883,3033
201,4958,959,3949,2705,7322
201,4958,959,8705,2026,1488
201,4958,959,6860,3365,2541
201,4958,959,7297,7601,6130
201,4958,959,6808,4469,8771
201,4958,959,9607,5906,8960
201,4958,959,8557,2246,2067
201,4958,959,2327,6425,7768
201,4958,959,7640,165,1722
201,4958,959,6419,2065,4291
201,4958,959,6939,4602,1799
201,4958,959,2080,9730,9417
201,4958,959,4487,7025,7981
201,4958,959,5717,9331,6759
201,4958,959,7311,3373,9374
201,4958,959,2240,2411,9394
201,4958,959,7717,6800,9544
201,4958,959,9331,9091,6621
201,4958,959,1952,6632,1978
201,4958,959,797,7510,3210
201,4958,959,9318,6530,6751
201,4958,959,7857,5346,1703
201,4958,959,9788,8218,4520
201,4958,959,4830,7932,6090
201,4958,959,4243,6239,3441
201,4958,959,3312,8593,8820
201,4958,959,8790,169,5009
201,4958,959,9367,5017,2712
201,4958,959,5041,1539,6513
201,4958,959,9329,6089,3401
201,4958,959,9339,437,2549
201,4958,959,5184,3832,8804
201,4958,959,2572,932,4918
201,4958,959,3470,9402,8022
201,4958,959,8990,9998,9174
201,4958,959,3705,5171,1302
201,4958,959,5701,331,2703
201,4958,959,9618,1443,6591
201,4958,959,2053,6715,926
201,4958,959,2351,7126,4598
201,4958,959,9668,1273,3585
201,4958,959,7431,8407,2089
201,4958,959,7260,7306,3339
201,4958,959,173,9037,4442
201,4958,959,5212,5117,9242
201,4958,959,2153,4908,6248
201,4958,959,5575,7942,4768
201,4958,959,2224,859,7980
201,4958,959,8801,9189,3098
201,4958,959,4853,9526,2919
201,4958,959,9005,5569,6611
201,4958,959,9559,4034,5055
201,4958,959,2536,2906,4932
201,4958,959,3440,9207,3742
201,4958,959,4086,5748,1797
201,4958,959,8280,7916,4392
201,4958,959,6740,1718,9998
201,4958,959,2299,6989,7677
201,4958,959,7784,5694,2709
201,4958,959,5836,6460,3393
201,4958,959,6698,7360,1254
201,4958,959,169,1889,4931
201,4958,959,3554,5756,5303
201,4958,959,6191,1804,8849
201,4958,959,3816,2619,2263
201,4958,959,4335,4874,8862
201,4958,959,8048,3670,7561
201,4958,959,3980,3300,7384
201,4958,959,4420,4865,2412
201,4958,959,3552,3508,4150
201,4958,959,2252,5769,1687
201,4958,959,1323,943,9936
201,4958,959,5289,9351,1063
201,4958,959,7377,1720,7765
201,4958,959,5760,5884,1631
201,4958,959,7458,4453,1013
201,4958,959,2989,1182,1505
201,4958,959,282,5315,9771
201,4958,959,9639,5534,7033
201,4958,959,6759,7680,5417
201,4958,959,9959,4633,3959
201,4958,959,5529,5178,116
201,4958,959,4026,9503,6451
201,4958,959,1879,2875,6581
201,4958,959,3305,5632,6938
201,4958,959,2036,770,6897
201,4958,959,5539,1284,1629
201,4958,959,5472,7810,5098
201,4958,959,1159,1336,308
201,4958,959,4961,3225,68
201,4958,959,7274,230,3495
201,4958,959,4109,4088,4741
201,4958,959,5763,2137,4640
201,4958,959,1258,5990,5362
201,4958,959,5526,8208,333
201,4958,959,204,8512,2145
201,4958,959,7152,5319,9457
201,4958,959,5329,6780,410
201,4958,959,3456,4555,4159
201,4958,959,9311,3847,7297
201,4958,959,6109,6441,8613
201,4958,959,4723,3953,757
201,4958,959,2489,6327,7705
201,4958,959,9929,8816,3917
201,4958,959,2233,868,815
201,4958,959,4234,5223,5364
201,4958,959,4947,9147,1930
201,4958,959,6710,5430,3758
201,4958,959,7510,7293,6899
201,4958,959,3877,6675,6255
201,4958,959,4483,1977,7857
201,4958,959,6319,6516,5894
201,4958,959,8573,8920,6322
201,4958,959,9701,4154,370
201,4958,959,5761,854,1865
201,4958,959,1904,1545,1905
201,4958,959,8479,3458,4161
201,4958,959,6122,4562,1491
201,4958,959,6399,3606,1534
201,4958,959,1043,2957,6699
201,4958,959,5212,7996,6078
201,4958,959,4869,1691,448
201,4958,959,3107,5866,4346
201,4958,959,5221,4837,4644
201,4958,959,6760,1122,5722
201,4958,959,4531,6211,698
201,4958,959,259,6077,9011
201,4958,959,8977,2555,6585
201,4958,959,5936,2688,2953
201,4958,959,2539,4400,6378
201,4958,959,7777,3976,7656
201,4958,959,3183,5215,4809
201,4958,959,4388,8664,1637
201,4958,959,4059,1490,5835
201,4958,959,1793,4176,9667
201,4958,959,3746,2970,8225
201,4958,959,7889,1806,3283
201,4958,959,9648,528,7244
201,4958,959,708,694,5756
201,4958,959,5079,3765,3008
201,4958,959,2440,7887,5873
201,4958,959,6366,4580,7692
201,4958,959,349,1152,3172
201,4958,959,9541,5466,6050
201,4958,959,3778,451,6415
201,4958,959,9184,3430,5830
201,4958,959,6731,1978,3388
201,4958,959,9160,4242,4677
201,4958,959,3097,8555,8717
201,4958,959,3217,1355,9345
201,4958,959,2897,4911,2889
201,4958,959,5746,1540,3151
201,4958,959,7247,1564,900
201,4958,959,2465,3929,7346
201,4958,959,4194,7892,1872
201,4958,959,3073,1483,9309
201,4958,959,4392,2732,2637
201,4958,959,6940,2503,1515
201,4958,959,7491,9433,6757
201,4958,959,9482,9737,363
201,4958,959,769,5694,90
201,4958,959,2514,8833,4567
201,4958,959,986,2768,1545
201,4958,959,7267,9951,2997
201,4958,959,4094,8760,6335
201,4958,959,1136,4883,4914
201,4958,959,3219,2651,7213
201,4958,959,7242,6732,105
201,4958,959,2597,6741,4534
201,4958,959,5050,4320,3939
201,4958,959,8860,2992,2635
201,4958,959,7088,4683,6358
201,4958,959,237,1404,189
201,4958,959,3116,8904,2933
201,4958,959,9636,1373,3328
201,4958,959,7983,3441,4690
201,4958,959,7086,5205,149
201,4958,959,9571,1789,9167
201,4958,959,9699,4795,4335
201,4958,959,9109,6546,3803
201,4958,959,5441,6321,9121
201,4958,959,1118,4942,1931
201,4958,959,7903,7552,9832
201,4958,959,4159,7798,6701
201,4958,959,7755,6926,4158
201,4958,959,1377,5642,7302
201,4958,959,9403,4138,9631
201,4958,959,1146,9755,7170
201,4958,959,3327,9004,1777
201,4958,959,6625,886,6501
201,4958,959,5869,6694,4186
201,4958,959,5967,6064,6666
201,4958,959,9259,5005,6932
201,4958,959,2445,447,7278
201,4958,959,4550,175,6785
201,4958,959,2780,7939,8485
201,4958,959,4980,2502,8263
201,4958,959,8679,4954,9807
201,4958,959,5958,8164,3559
201,4958,959,6439,2226,1994
201,4958,959,7505,2781,66
201,4958,959,1865,1107,9683
201,4958,959,7287,2137,3012
201,4958,959,7075,283,1855
201,4958,959,739,3527,5072
201,4958,959,1947,686,1145
201,4958,959,4637,7412,1973
201,4958,959,3754,2585,7993
201,4958,959,798,4842,1453
201,4958,959,1524,1592,6169
201,4958,959,8093,3430,4867
201,4958,959,9007,7123,3129
201,4958,959,192,2346,6234
201,4958,959,4275,8319,4894
201,4958,959,9556,1741,3452
201,4958,959,8167,6693,3098
201,4958,959,8482,3188,3459
201,4958,959,5123,6595,4861
201,4958,959,1434,8866,4771
201,4958,959,4081,1664,3963
201,4958,959,506,1494,4590
201,4958,959,7935,1433,6556
201,4958,959,3484,2839,1096
201,4958,959,1752,6064,2280
201,4958,959,3982,5279,9269
201,4958,959,882,6373,5182
201,4958,959,2015,7454,1902
201,4958,959,2076,4467,527
201,4958,959,7378,6905,5656
201,4958,959,9594,9299,3026
201,4958,959,1377,4570,4670
201,4958,959,6899,178,6312
201,4958,959,637,5582,5112
201,4958,959,9475,4387,3206
201,4958,959,8348,236,2454
201,4958,959,8503,8466,4321
201,4958,959,9363,1296,3103
201,4958,959,3892,6635,7000
201,4958,959,603,2099,2226
201,4958,959,4284,8173,7377
201,4958,959,9866,4886,7625
201,4958,959,5687,4947,7026
201,4958,959,6483,3838,1698
201,4958,959,1065,597,5772
201,4958,959,5028,2375,3715
201,4958,959,561,1836,7126
201,4958,959,401,8129,8391
201,4958,959,8527,4526,8876
201,4958,959,4691,7724,6842
201,4958,959,6495,3622,4354
201,4958,959,7265,1340,8742
201,4958,959,5158,3857,6934
201,4958,959,9241,7877,6445
201,4958,959,9741,7430,2023
201,4958,959,5910,6448,229
201,4958,959,1424,6246,5975
201,4958,959,9324,2782,9678
201,4958,959,2382,4560,9413
201,4958,959,2926,1218,2889
201,4958,959,1384,7421,4794
201,4958,959,4059,834,1622
201,4958,959,9622,8767,6285
201,4958,959,8513,3307,1716
201,4958,959,6865,1628,8318
201,4958,959,7824,5887,7971
201,4958,959,2949,1227,9085
201,4958,959,4414,3867,253
201,4958,959,2712,5305,1926
201,4958,959,3382,5885,827
201,4958,959,4923,3541,5501
201,4958,959,711,8969,487
201,4958,959,2392,9183,3157
201,4958,959,3988,3606,9971
201,4958,959,6436,6559,2628
201,4958,959,2069,7508,7395
201,4958,959,8468,7712,4556
201,4958,959,5613,6959,4417
201,4958,959,9189,3715,8067
201,4958,959,4165,7812,3643
201,4958,959,1112,4524,4258
201,4958,959,1525,2157,9213
201,4958,959,2723,5737,2040
201,4958,959,9099,316,3303
201,4958,959,5414,1875,8835
201,4958,959,1511,8315,3421
201,4958,959,9081,6146,8023
201,4958,959,6266,828,9570
201,4958,959,6809,339,4047
201,4958,959,4841,4910,7451
201,4958,959,7300,3283,8208
201,4958,959,3259,132,1926
201,4958,959,1630,8264,5516
201,4958,959,4344,4177,5336
201,4958,959,8215,169,8129
201,4958,959,1328,8859,2397
201,4958,959,2467,2030,897
201,4958,959,7232,8934,6327
201,4958,959,1484,9577,558
201,4958,959,3174,4462,5015
201,4958,959,230,9659,3745
201,4958,959,1055,5165,8967
201,4958,959,9795,3551,1799
201,4958,959,958,2320,8608
201,4958,959,8607,2036,276
201,4958,959,704,3123,4992
201,4958,959,8951,6361,4161
201,4958,959,5938,6184,8834
201,4958,959,3297,5571,8991
201,4958,959,8046,195,8846
201,4958,959,1168,2018,3383
201,4958,959,7039,8300,6847
201,4958,959,1247,8372,2432
201,4958,959,3796,5628,2865
201,4958,959,6561,3935,8969
201,4958,959,6192,5089,7864
201,4958,959,1899,6489,8904
201,4958,959,5301,7124,3032
201,4958,959,551,7831,5366
201,4958,959,4949,1822,6557
201,4958,959,1468,5370,5919
201,4958,959,8081,8724,1044
201,4958,959,1190,7499,694
201,4958,959,5656,7020,4799
201,4958,959,3637,1860,9885
201,4958,959,596,4131,8852
201,4958,959,2579,766,3216
201,4958,959,5444,2416,956
201,4958,959,4860,6197,9279
201,4958,959,2289,2536,2567
201,4958,959,3376,868,3170
201,4958,959,3338,757,28
201,4958,959,2600,7707,7562
201,4958,959,205,37,3174
201,4958,959,6854,5823,3092
201,4958,959,8847,7244,2619
201,4958,959,163,9023,4714
201,4958,959,5495,1513,5964
201,4958,959,7585,2361,3392
201,4958,959,9926,2330,3595
201,4958,959,1634,1658,1068
201,4958,959,6479,6685,7404
201,4958,959,3080,6259,8586
201,4958,959,4462,2602,7098
201,4958,959,3804,7042,4468
201,4958,959,8799,1087,4674
201,4958,959,8826,9066,966
201,4958,959,5038,9213,4568
201,4958,959,3246,3513,7161
201,4958,959,4443,2852,2862
201,4958,959,5326,2788,1740
201,4958,959,3552,1856,3011
201,4958,959,5731,2748,142
201,4958,959,2574,8940,1541
201,4958,959,6624,8193,8450
201,4958,959,9696,5397,9030
201,4958,959,4645,8221,2980
201,4958,959,783,8693,5379
201,4958,959,6708,1124,7481
201,4958,959,3095,7643,9486
201,4958,959,2369,7484,3645
201,4958,959,77,4483,9343
201,4958,959,5507,6702,7442
201,4958,959,7951,9349,242
201,4958,959,3227,4324,9731
201,4958,959,9350,1141,5176
201,4958,959,5259,405,4132
201,4958,959,9032,9228,9834
201,4958,959,3314,6959,8464
201,4958,959,7179,5765,735
201,4958,959,4311,6506,4892
201,4958,959,5418,308,6105
201,4958,959,5173,2537,556
201,4958,959,627,5807,2545
201,4958,959,5838,754,1010
201,4958,959,1338,6421,1529
201,4958,959,297,7848,6278
201,4958,959,8739,3182,6003
201,4958,959,102,2243,2574
201,4958,959,418,2151,395
201,4958,959,4092,3522,8633
201,4958,959,3786,3934,6966
201,4958,959,7017,996,1706
201,4958,959,6577,6064,6577
201,4958,959,6445,2346,1244
201,4958,959,7414,8464,790
201,4958,959,8420,9675,5299
201,4958,959,1973,4671,8821
201,4958,959,581,9550,8476
201,4958,959,9891,1865,4247
201,4958,959,7102,7600,7103
201,4958,959,2,4052,6863
201,4958,959,7302,4882,5714
201,4958,959,4082,8623,1185
201,4958,959,9869,5441,2663
201,4958,959,6229,3274,2249
201,4958,959,136,5465,979
201,4958,959,7209,1188,6602
201,4958,959,6103,1745,6197
201,4958,959,4923,9403,3570
201,4958,959,2329,7003,9776
201,4958,959,623,5733,6988
201,4958,959,9253,759,315
201,4958,959,4517,7629,4645
201,4958,959,4318,3874,2645
201,4958,959,3849,6373,1466
201,4958,959,1066,7616,6513
201,4958,959,4492,9551,4749
201,4958,959,1757,5907,3378
201,4958,959,6760,4853,7140
201,4958,959,5282,875,3508
201,4958,959,5901,7629,4565
201,4958,959,9558,1809,2255
201,4958,959,3356,2758,8517
201,4958,959,7157,5487,4795
201,4958,959,6760,4942,3938
201,4958,959,4309,808,1876
201,4958,959,7714,9451,8104
201,4958,959,3458,4456,6248
201,4958,959,5924,8968,2872
201,4958,959,2881,4913,9863
201,4958,959,3878,4987,1640
201,4958,959,5355,3203,6607
201,4958,959,6958,6598,846
201,4958,959,717,6504,2426
201,4958,959,2138,8110,2843
201,4958,959,2454,5835,9416
201,4958,959,279,5191,8031
201,4958,959,7732,8463,2898
201,4958,959,3982,5516,6732
201,4958,959,6244,2250,455
201,4958,959,4811,1242,4096
201,4958,959,3962,2539,8446
201,4958,959,7698,3552,6656
201,4958,959,2664,5119,8926
201,4958,959,2851,2876,5959
201,4958,959,7805,4365,6154
201,4958,959,8673,5359,6270
201,4958,959,329,1183,3450
201,4958,959,9661,3221,658
201,4958,959,7512,7802,8777
201,4958,959,1219,8759,118
201,4958,959,2348,6156,3962
201,4958,959,1966,6962,7550
201,4958,959,6906,3646,9715
201,4958,959,3516,9350,8062
201,4958,959,4288,6120,2439
201,4958,959,921,6629,9207
201,4958,959,4842,3632,111
