5069,3475,6736,4750,9635,3099
5069,3475,6736,6361,8785,7870
5069,3475,6736,175,5789,6646
5069,3475,6736,1681,3668,2346
5069,3475,6736,2848,401,7607
5069,3475,6736,7410,6457,8010
5069,3475,6736,4832,1840,2337
5069,3475,6736,6200,1808,2686
5069,3475,6736,2370,5954,9637
5069,3475,6736,4577,4438,8749
5069,3475,6736,2405,9520,192
5069,3475,6736,1249,7643,7481
5069,3475,6736,9800,8019,6854
5069,3475,6736,3908,5065,1651
5069,3475,6736,8496,3885,2894
5069,3475,6736,4929,8418,4431
5069,3475,6736,2733,2458,5668
5069,3475,6736,5812,4669,8336
5069,3475,6736,602,3422,7159
5069,3475,6736,4822,1339,1833
5069,3475,6736,4358,8646,7463
5069,3475,6736,712,8552,1988
5069,3475,6736,4989,5890,6672
5069,3475,6736,6605,8458,8742
5069,3475,6736,427,7429,5804
5069,3475,6736,4712,5276,6446
5069,3475,6736,3503,8294,3728
5069,3475,6736,4009,7938,7672
5069,3475,6736,8216,4137,8255
5069,3475,6736,9324,8455,9199
5069,3475,6736,5873,4175,3598
5069,3475,6736,4427,743,4568
5069,3475,6736,4437,6996,5104
5069,3475,6736,7538,1847,2240
5069,3475,6736,6512,5049,5270
5069,3475,6736,818,7565,6142
5069,3475,6736,583,1218,5525
5069,3475,6736,4031,5826,6433
5069,3475,6736,4949,6593,19
5069,3475,6736,4396,1622,9928
5069,3475,6736,1307,7038,6416
5069,3475,6736,2327,8178,6605
5069,3475,6736,3820,8728,9622
5069,3475,6736,8046,2188,9622
5069,3475,6736,3874,7640,8073
5069,3475,6736,7460,8793,8688
5069,3475,6736,7767,5904,1741
5069,3475,6736,7982,8421,7584
5069,3475,6736,5072,7835,3315
5069,3475,6736,6212,7404,4126
5069,3475,6736,7265,9221,5984
5069,3475,6736,3980,1024,7482
5069,3475,6736,1600,2903,3215
5069,3475,6736,7967,3059,49
5069,3475,6736,7057,5480,8936
5069,3475,6736,8197,9393,5374
5069,3475,6736,3603,2863,9328
5069,3475,6736,6281,3326,9459
5069,3475,6736,6092,1186,2161
5069,3475,6736,5183,6129,2630
5069,3475,6736,9698,4411,520
5069,3475,6736,5830,3516,6215
5069,3475,6736,2397,8718,1447
5069,3475,6736,2899,7116,2998
5069,3475,6736,7448,68,9287
5069,3475,6736,500,4773,1394
5069,3475,6736,1033,2243,4523
5069,3475,6736,5164,3590,7562
5069,3475,6736,8517,9022,8065
5069,3475,6736,8518,5807,3677
5069,3475,6736,696,4965,8517
5069,3475,6736,6629,9747,1877
5069,3475,6736,7321,9245,9364
5069,3475,6736,4033,2208,5028
5069,3475,6736,1405,4895,7878
5069,3475,6736,4569,4977,2691
5069,3475,6736,1758,8769,8914
5069,3475,6736,5554,3642,8222
5069,3475,6736,5244,3110,9797
5069,3475,6736,7445,9254,2404
5069,3475,6736,5427,2962,8026
5069,3475,6736,745,1626,5675
5069,3475,6736,7235,6235,2592
5069,3475,6736,5361,6961,7292
5069,3475,6736,8795,3064,7605
5069,3475,6736,8214,552,6454
5069,3475,6736,5362,1814,3131
5069,3475,6736,2252,6803,899
5069,3475,6736,4978,7140,2269
5069,3475,6736,5431,9440,6952
5069,3475,6736,6712,1195,48
5069,3475,6736,4665,9323,2001
5069,3475,6736,460,7729,2841
5069,3475,6736,468,5005,3487
5069,3475,6736,4999,8486,4129
5069,3475,6736,3909,5814,6790
5069,3475,6736,346,5235,4261
5069,3475,6736,740,8056,4426
5069,3475,6736,3372,4094,2437
5069,3475,6736,9380,6711,4935
5069,3475,6736,4826,6733,5077
5069,3475,6736,5538,2999,3825
5069,3475,6736,1793,498,4754
5069,3475,6736,8102,3218,4088
5069,3475,6736,6105,2038,8438
5069,3475,6736,9919,7133,7288
5069,3475,6736,8200,4718,7070
5069,3475,6736,215,2077,8886
5069,3475,6736,2487,4729,6387
5069,3475,6736,323,2496,7343
5069,3475,6736,2627,4308,1392
5069,3475,6736,7616,9008,5988
5069,3475,6736,7427,4590,2824
5069,3475,6736,3676,8674,6072
5069,3475,6736,1882,1103,4777
5069,3475,6736,4457,8426,1385
5069,3475,6736,9394,777,8553
5069,3475,6736,5674,1953,3282
5069,3475,6736,786,7875,3928
5069,3475,6736,6933,1739,6735
5069,3475,6736,6143,5964,4082
5069,3475,6736,969,4719,9579
5069,3475,6736,2956,5330,3284
5069,3475,6736,5494,5630,810
5069,3475,6736,2693,4112,3235
5069,3475,6736,2659,9719,5305
5069,3475,6736,8671,9909,69
5069,3475,6736,1655,9164,3904
5069,3475,6736,7137,8238,4394
5069,3475,6736,2808,6731,3344
5069,3475,6736,7967,191,5263
5069,3475,6736,3274,3256,8365
5069,3475,6736,7015,8421,362
5069,3475,6736,4176,8100,4690
5069,3475,6736,2984,948,774
5069,3475,6736,9503,5553,4212
5069,3475,6736,5825,6877,6783
5069,3475,6736,3360,556,7005
5069,3475,6736,527,321,8625
5069,3475,6736,6512,1468,4103
5069,3475,6736,9641,5681,4819
5069,3475,6736,2788,3961,8928
5069,3475,6736,4291,4579,9512
5069,3475,6736,1739,3723,212
5069,3475,6736,8415,1230,2709
5069,3475,6736,4610,7042,1711
5069,3475,6736,72,9862,513
5069,3475,6736,8818,2035,1588
5069,3475,6736,7391,3103,1603
5069,3475,6736,2707,3612,5587
5069,3475,6736,2051,9829,638
5069,3475,6736,6488,3001,3604
5069,3475,6736,4331,9225,1849
5069,3475,6736,8397,5719,5439
5069,3475,6736,5660,3654,7164
5069,3475,6736,6594,9090,3718
5069,3475,6736,6180,7545,144
5069,3475,6736,433,9340,6604
5069,3475,6736,7020,355,2463
5069,3475,6736,9827,5066,6132
5069,3475,6736,9906,4387,8814
5069,3475,6736,6458,7557,1247
5069,3475,6736,7666,2532,9319
5069,3475,6736,1176,9732,2686
5069,3475,6736,595,4945,8194
5069,3475,6736,2322,6048,1686
5069,3475,6736,5755,3154,873
5069,3475,6736,7755,5394,590
5069,3475,6736,1855,5765,8159
5069,3475,6736,5223,9611,5121
5069,3475,6736,2019,3456,2171
5069,3475,6736,8933,2583,4145
5069,3475,6736,7068,2118,931
5069,3475,6736,1719,6793,1989
5069,3475,6736,7442,1999,4100
5069,3475,6736,1257,2745,6184
5069,3475,6736,6288,338,5861
5069,3475,6736,1606,9448,4652
5069,3475,6736,2416,7537,6461
5069,3475,6736,6048,8458,9043
5069,3475,6736,1745,184,6325
5069,3475,6736,6836,6738,3590
5069,3475,6736,3486,6386,5928
5069,3475,6736,6181,1674,1240
5069,3475,6736,6110,8663,2494
5069,3475,6736,4258,2828,8767
5069,3475,6736,3727,126,844
5069,3475,6736,3400,6972,2974
5069,3475,6736,6520,4413,4311
5069,3475,6736,3347,1181,7507
5069,3475,6736,7546,3205,2996
5069,3475,6736,8238,7019,675
5069,3475,6736,3241,7483,491
5069,3475,6736,7155,5192,2568
5069,3475,6736,818,7774,8332
5069,3475,6736,8416,7437,3126
5069,3475,6736,334,8699,8832
5069,3475,6736,7569,7186,6082
5069,3475,6736,5394,2750,2203
5069,3475,6736,2841,6158,4294
5069,3475,6736,2373,6030,5811
5069,3475,6736,2995,1680,8311
5069,3475,6736,2778,9906,5102
5069,3475,6736,5127,85,8397
5069,3475,6736,6683,9793,4982
5069,3475,6736,2116,7569,5184
5069,3475,6736,3394,6621,4461
5069,3475,6736,7554,3712,8000
5069,3475,6736,8566,498,5219
5069,3475,6736,4658,7050,7974
5069,3475,6736,9625,3797,9332
5069,3475,6736,517,138,2681
5069,3475,6736,5048,9111,7727
5069,3475,6736,787,877,3309
5069,3475,6736,6887,4710,5677
5069,3475,6736,1173,5904,2941
5069,3475,6736,4101,979,6471
5069,3475,6736,6717,9048,2842
5069,3475,6736,6584,8287,953
5069,3475,6736,6578,8187,7966
5069,3475,6736,4176,3710,8133
5069,3475,6736,5894,3319,4872
5069,3475,6736,2969,1475,3202
5069,3475,6736,9265,2525,1643
5069,3475,6736,1497,7873,4174
5069,3475,6736,8380,3678,5557
5069,3475,6736,1182,8312,5899
5069,3475,6736,6855,8221,567
5069,3475,6736,4789,3229,3197
5069,3475,6736,3606,2010,3339
5069,3475,6736,9038,8573,6060
5069,3475,6736,7321,1926,7728
5069,3475,6736,3866,3018,6188
5069,3475,6736,7566,8597,8714
5069,3475,6736,2483,6903,9161
5069,3475,6736,9982,2040,2975
5069,3475,6736,4171,8590,4315
5069,3475,6736,205,3575,7636
5069,3475,6736,5740,5960,3411
5069,3475,6736,9498,3608,2432
5069,3475,6736,313,3359,8459
5069,3475,6736,7246,666,5538
5069,3475,6736,9396,3640,1630
5069,3475,6736,7661,485,6835
5069,3475,6736,8249,8659,8793
5069,3475,6736,7054,6726,1216
5069,3475,6736,65,9163,4945
5069,3475,6736,360,658,2185
5069,3475,6736,6681,3819,7985
5069,3475,6736,8681,9615,5614
5069,3475,6736,7145,4091,8500
5069,3475,6736,5749,8277,4871
5069,3475,6736,4699,4246,8304
5069,3475,6736,6118,3941,8535
5069,3475,6736,3876,9656,8504
5069,3475,6736,3721,1105,9458
5069,3475,6736,4447,3827,7325
5069,3475,6736,2602,3388,1440
5069,3475,6736,2397,4685,6964
5069,3475,6736,7533,6322,8141
5069,3475,6736,1236,6003,9475
5069,3475,6736,662,8020,7986
5069,3475,6736,7483,8376,3727
5069,3475,6736,1922,18,507
5069,3475,6736,8273,5483,4894
5069,3475,6736,2078,9840,3741
5069,3475,6736,8629,1546,145
5069,3475,6736,8458,2604,842
5069,3475,6736,6485,8527,7281
5069,3475,6736,2077,4044,8890
5069,3475,6736,4241,4119,7970
5069,3475,6736,7526,6208,1161
5069,3475,6736,7823,8133,8346
5069,3475,6736,3671,521,6106
5069,3475,6736,7982,105,8093
5069,3475,6736,227,4655,9707
5069,3475,6736,4241,9158,5293
5069,3475,6736,7618,546,548
5069,3475,6736,6548,8754,1054
5069,3475,6736,9564,9886,8727
5069,3475,6736,4530,1802,4047
5069,3475,6736,9603,1533,7388
5069,3475,6736,5647,2516,6800
5069,3475,6736,6207,7677,4656
5069,3475,6736,9484,7938,9173
5069,3475,6736,411,9107,6998
5069,3475,6736,4972,3800,6639
5069,3475,6736,5736,705,5274
5069,3475,6736,7921,7445,4810
5069,3475,6736,805,7894,9837
5069,3475,6736,4207,4657,8452
5069,3475,6736,2639,3503,8788
5069,3475,6736,6063,2793,5923
5069,3475,6736,659,6631,2404
5069,3475,6736,621,3845,2209
5069,3475,6736,4905,6568,4839
5069,3475,6736,5719,6754,2877
5069,3475,6736,5462,273,9643
5069,3475,6736,863,7911,7886
5069,3475,6736,2028,2350,8657
5069,3475,6736,5088,8332,5537
5069,3475,6736,1003,8541,2656
5069,3475,6736,519,8214,450
5069,3475,6736,5164,7747,9213
5069,3475,6736,5453,6917,8244
5069,3475,6736,5537,1618,7554
5069,3475,6736,7847,7432,818
5069,3475,6736,6441,1208,8820
5069,3475,6736,6135,8625,4944
5069,3475,6736,2530,2812,4902
5069,3475,6736,7356,3126,2777
5069,3475,6736,7228,2589,1839
5069,3475,6736,9576,2191,8102
5069,3475,6736,1984,5512,426
5069,3475,6736,4786,4258,7318
5069,3475,6736,7400,9001,7656
5069,3475,6736,9361,3622,3999
5069,3475,6736,9192,5015,2133
5069,3475,6736,8045,132,4168
5069,3475,6736,1098,4787,2240
5069,3475,6736,1770,2799,921
5069,3475,6736,1777,613,8992
5069,3475,6736,1075,7154,282
5069,3475,6736,9714,281,6312
5069,3475,6736,2304,7664,9945
5069,3475,6736,5042,8944,6168
5069,3475,6736,4799,3399,7474
5069,3475,6736,732,947,1701
5069,3475,6736,7028,736,7601
5069,3475,6736,206,7186,1627
5069,3475,6736,6152,2993,4727
5069,3475,6736,1525,7432,8435
5069,3475,6736,8837,6824,7519
5069,3475,6736,7599,4223,8320
5069,3475,6736,6435,9796,6073
5069,3475,6736,7882,5746,264
5069,3475,6736,4713,1506,9080
5069,3475,6736,1845,3038,6234
5069,3475,6736,7555,1627,3236
5069,3475,6736,3919,2133,1649
5069,3475,6736,8992,778,8352
5069,3475,6736,7458,7090,6991
5069,3475,6736,3938,6147,5278
5069,3475,6736,4362,1290,7942
5069,3475,6736,2154,2479,5222
5069,3475,6736,7348,4581,7889
5069,3475,6736,9532,16,1114
5069,3475,6736,5189,2709,2971
5069,3475,6736,9516,4511,1233
5069,3475,6736,8486,838,8732
5069,3475,6736,980,6216,4130
5069,3475,6736,3530,6737,5299
5069,3475,6736,7133,6461,3764
5069,3475,6736,7781,1661,5494
5069,3475,6736,116,3659,1221
5069,3475,6736,3306,3678,2801
5069,3475,6736,6961,3216,7378
5069,3475,6736,3009,7271,3611
5069,3475,6736,3779,5660,3257
5069,3475,6736,2812,2111,5451
5069,3475,6736,3401,6148,9545
5069,3475,6736,1290,8330,3431
5069,3475,6736,2182,2444,2409
5069,3475,6736,3581,7737,840
5069,3475,6736,3679,7167,7044
5069,3475,6736,1909,3465,3290
5069,3475,6736,2681,7892,9898
5069,3475,6736,7232,5769,7877
5069,3475,6736,316,8866,7944
5069,3475,6736,9331,2370,1030
5069,3475,6736,4798,2055,8939
5069,3475,6736,5998,797,5386
5069,3475,6736,8405,1780,3722
5069,3475,6736,584,6380,2251
5069,3475,6736,2098,8046,5755
5069,3475,6736,8866,2250,6449
5069,3475,6736,7341,3581,811
5069,3475,6736,8567,2172,2814
5069,3475,6736,9044,7029,4694
5069,3475,6736,3723,1297,2868
5069,3475,6736,8311,6458,8700
5069,3475,6736,8062,1464,6583
5069,3475,6736,4571,1705,9620
5069,3475,6736,3632,8188,4292
5069,3475,6736,6689,4564,4034
5069,3475,6736,4312,9591,2057
5069,3475,6736,9542,6919,5905
5069,3475,6736,2097,9992,8740
5069,3475,6736,3311,2103,9996
5069,3475,6736,3498,8747,5767
5069,3475,6736,5949,5019,9834
5069,3475,6736,7404,5943,6784
5069,3475,6736,2920,8533,8297
5069,3475,6736,8561,2506,3433
5069,3475,6736,1615,6207,3946
5069,3475,6736,1618,1443,9181
5069,3475,6736,5233,4425,3091
5069,3475,6736,6971,9868,6353
5069,3475,6736,6554,4892,2741
5069,3475,6736,2318,5159,7395
5069,3475,6736,9266,4853,9508
5069,3475,6736,3168,6720,411
5069,3475,6736,2449,7423,1800
5069,3475,6736,9810,1204,3246
5069,3475,6736,1469,725,9037
5069,3475,6736,3090,9996,8979
5069,3475,6736,8163,3788,2689
5069,3475,6736,4087,4560,2951
5069,3475,6736,2721,7106,4891
5069,3475,6736,6771,8738,4272
5069,3475,6736,4338,7223,2535
5069,3475,6736,5694,9125,4663
5069,3475,6736,970,9572,644
5069,3475,6736,82,8926,2017
5069,3475,6736,9691,7370,3914
5069,3475,6736,5472,348,2379
5069,3475,6736,9931,9028,486
5069,3475,6736,1922,2543,5070
5069,3475,6736,7209,9263,3463
5069,3475,6736,5636,7611,2441
5069,3475,6736,9755,5580,4815
5069,3475,6736,1879,3333,1329
5069,3475,6736,825,5431,3459
5069,3475,6736,7286,1292,3329
5069,3475,6736,991,9721,2904
5069,3475,6736,2129,2531,4533
5069,3475,6736,3488,7173,1438
5069,3475,6736,1217,7486,217
5069,3475,6736,4953,1969,6869
5069,3475,6736,4579,1893,6177
5069,3475,6736,5319,8363,6118
5069,3475,6736,7639,8725,4569
5069,3475,6736,1225,5242,1234
5069,3475,6736,72,6976,5254
5069,3475,6736,200,4434,3423
5069,3475,6736,2138,870,6398
5069,3475,6736,3508,3448,2609
5069,3475,6736,2794,6518,4090
5069,3475,6736,5062,9204,1182
5069,3475,6736,8825,5590,3360
5069,3475,6736,7489,3338,3706
5069,3475,6736,2454,5680,6522
5069,3475,6736,7266,4667,781
5069,3475,6736,8672,5379,4643
5069,3475,6736,7166,7407,527
5069,3475,6736,2944,6691,4920
5069,3475,6736,4705,1232,3282
5069,3475,6736,3684,3561,8836
5069,3475,6736,5425,4917,9494
5069,3475,6736,6437,5376,6393
5069,3475,6736,5388,6069,1923
5069,3475,6736,6540,4572,3548
5069,3475,6736,6898,6266,1604
5069,3475,6736,8552,7721,1973
5069,3475,6736,7182,9038,2820
5069,3475,6736,118,1321,9390
5069,3475,6736,6237,6149,5042
5069,3475,6736,436,431,5190
5069,3475,6736,848,41,3781
5069,3475,6736,3269,9028,9700
5069,3475,6736,9164,9018,1427
5069,3475,6736,3614,2721,9747
5069,3475,6736,129,8153,9392
5069,3475,6736,6077,9249,1613
5069,3475,6736,8979,2836,2495
5069,3475,6736,6090,9743,1133
5069,3475,6736,9222,839,3719
5069,3475,6736,275,7162,1349
5069,3475,6736,1511,1175,1094
5069,3475,6736,2967,1905,6803
5069,3475,6736,4965,3355,1901
5069,3475,6736,7747,4225,9400
5069,3475,6736,4077,7120,8798
5069,3475,6736,8204,4583,6697
5069,3475,6736,6033,3558,3305
5069,3475,6736,1200,5124,1647
5069,3475,6736,7488,873,9918
5069,3475,6736,1305,2941,1962
5069,3475,6736,2972,1119,5256
5069,3475,6736,7132,4467,6084
5069,3475,6736,4076,980,7269
5069,3475,6736,6937,9428,5213
5069,3475,6736,5605,4247,3135
5069,3475,6736,8002,752,5835
5069,3475,6736,5482,674,4938
5069,3475,6736,6256,1183,235
5069,3475,6736,7253,1361,8315
5069,3475,6736,6266,7079,8999
5069,3475,6736,3858,1095,5362
5069,3475,6736,5651,7489,1768
5069,3475,6736,4768,2910,5707
5069,3475,6736,6405,1314,5808
5069,3475,6736,2761,5665,5830
5069,3475,6736,4896,8032,1632
5069,3475,6736,3089,2673,5464
5069,3475,6736,6131,9165,6741
5069,3475,6736,2043,4326,8547
5069,3475,6736,8155,6847,5603
5069,3475,6736,1047,3034,5584
5069,3475,6736,8786,6170,790
5069,3475,6736,7934,9253,6681
5069,3475,6736,4580,9069,6844
5069,3475,6736,3199,9451,4250
5069,3475,6736,6776,4786,1842
5069,3475,6736,2475,5514,6910
5069,3475,6736,2902,6991,9027
5069,3475,6736,9877,4140,790
5069,3475,6736,3603,6425,9151
5069,3475,6736,4404,5906,9611
5069,3475,6736,6995,5326,2379
