1449,4116,9765,9247,4560,3184
1449,4116,9765,794,3776,8995
1449,4116,9765,7395,8648,2064
1449,4116,9765,5391,1587,3586
1449,4116,9765,8564,8101,2497
1449,4116,9765,3822,5255,6059
1449,4116,9765,1402,778,3455
1449,4116,9765,3808,9476,4993
1449,4116,9765,7253,5879,121
1449,4116,9765,8305,1643,2797
1449,4116,9765,1660,5358,4573
1449,4116,9765,7672,9625,9840
1449,4116,9765,2514,2770,9310
1449,4116,9765,6401,2863,2324
1449,4116,9765,5652,4194,6108
1449,4116,9765,461,9814,6309
1449,4116,9765,3031,9687,5225
1449,4116,9765,9405,2092,5965
1449,4116,9765,6305,7915,910
1449,4116,9765,1970,79,2705
1449,4116,9765,4565,9900,1756
1449,4116,9765,6114,4076,8291
1449,4116,9765,3892,5372,5496
1449,4116,9765,1359,5451,6877
1449,4116,9765,6476,4312,943
1449,4116,9765,3390,860,3218
1449,4116,9765,9664,6922,8049
1449,4116,9765,9725,6217,1721
1449,4116,9765,8419,8310,5386
1449,4116,9765,8010,5256,6043
1449,4116,9765,5960,8384,3839
1449,4116,9765,5542,4148,5331
1449,4116,9765,9316,8039,3685
1449,4116,9765,497,7581,9053
1449,4116,9765,8699,8727,4519
1449,4116,9765,7381,4226,6212
1449,4116,9765,8777,3205,2988
1449,4116,9765,9314,6084,131
1449,4116,9765,8405,6862,4282
1449,4116,9765,1305,1795,5243
1449,4116,9765,2159,3802,301
1449,4116,9765,8713,1156,2624
1449,4116,9765,8982,1965,4946
1449,4116,9765,5319,5171,3280
1449,4116,9765,7417,2203,1923
1449,4116,9765,3527,4862,9183
1449,4116,9765,4313,6689,1492
1449,4116,9765,103,1642,8464
1449,4116,9765,4288,3255,38
1449,4116,9765,8652,9278,1371
1449,4116,9765,9915,6572,2368
1449,4116,9765,201,4958,959
1449,4116,9765,8190,8952,8455
1449,4116,9765,7211,2274,9174
1449,4116,9765,135,9318,9434
1449,4116,9765,1642,2551,4074
1449,4116,9765,1449,4116,9765
1449,4116,9765,5069,3475,6736
1449,4116,9765,8305,5749,4462
1449,4116,9765,2365,2474,9783
1449,4116,9765,9846,2110,1115
1449,4116,9765,4264,2912,6604
1449,4116,9765,4227,2944,5488
1449,4116,9765,9718,2457,8225
1449,4116,9765,1524,8012,748
1449,4116,9765,7488,2840,3485
1449,4116,9765,1539,5676,7256
1449,4116,9765,4661,2681,9270
1449,4116,9765,1140,8806,2006
1449,4116,9765,3482,5220,3325
1449,4116,9765,4980,4505,1236
1449,4116,9765,68,7386,2309
1449,4116,9765,8408,7861,3742
1449,4116,9765,5447,5155,8520
1449,4116,9765,5976,5325,786
1449,4116,9765,8249,1010,1149
1449,4116,9765,9633,6018,2874
1449,4116,9765,4120,3199,4985
1449,4116,9765,1171,3638,7853
1449,4116,9765,3951,2643,921
1449,4116,9765,1883,9889,8060
1449,4116,9765,5879,4935,579
1449,4116,9765,567,3201,2306
1449,4116,9765,552,6072,1628
1449,4116,9765,7748,1974,9202
1449,4116,9765,1410,7195,554
1449,4116,9765,6903,7119,5580
1449,4116,9765,9877,5609,4211
1449,4116,9765,5090,268,3597
1449,4116,9765,8707,2261,1033
1449,4116,9765,3275,1406,5254
1449,4116,9765,7071,3500,6157
1449,4116,9765,7075,7071,2425
1449,4116,9765,8198,5278,4676
1449,4116,9765,4526,3279,2950
1449,4116,9765,4751,6155,8080
1449,4116,9765,188,8955,2929
1449,4116,9765,9017,230,777
1449,4116,9765,2608,1739,1923
1449,4116,9765,8008,3657,7962
1449,4116,9765,7924,2261,6798
1449,4116,9765,3916,2439,3521
1449,4116,9765,6167,2804,942
1449,4116,9765,7213,1117,7178
1449,4116,9765,9226,7279,1221
1449,4116,9765,4863,7704,9270
1449,4116,9765,4945,9668,8080
1449,4116,9765,4023,2246,7023
1449,4116,9765,9597,9857,9963
1449,4116,9765,619,7608,5032
1449,4116,9765,8028,9134,8413
1449,4116,9765,3401,2849,4676
1449,4116,9765,4682,4426,6340
1449,4116,9765,6279,5087,1447
1449,4116,9765,1738,7356,2750
1449,4116,9765,8457,2275,3613
1449,4116,9765,1648,9640,7335
1449,4116,9765,7215,8070,1660
1449,4116,9765,748,9060,4622
1449,4116,9765,5481,2036,5337
1449,4116,9765,5400,8951,1903
1449,4116,9765,9275,7238,5451
1449,4116,9765,4490,2388,8831
1449,4116,9765,6659,7829,5106
1449,4116,9765,8748,4836,7859
1449,4116,9765,8075,9007,8514
1449,4116,9765,785,8487,9722
1449,4116,9765,7524,8063,3878
1449,4116,9765,1445,1353,9053
1449,4116,9765,245,5866,6196
1449,4116,9765,2280,6691,4417
1449,4116,9765,8266,3854,4046
1449,4116,9765,811,6837,6182
1449,4116,9765,7545,5306,5522
1449,4116,9765,4461,1058,727
1449,4116,9765,6977,2832,2594
1449,4116,9765,9329,5043,6652
1449,4116,9765,2735,2358,3613
1449,4116,9765,4560,7827,1434
1449,4116,9765,2972,7649,9467
1449,4116,9765,7194,7302,267
1449,4116,9765,401,6978,2880
1449,4116,9765,6925,2183,8669
1449,4116,9765,6013,4006,3501
1449,4116,9765,2945,4824,9118
1449,4116,9765,3000,3437,3079
1449,4116,9765,3962,2413,4929
1449,4116,9765,7634,5544,8859
1449,4116,9765,5015,9948,5051
1449,4116,9765,7661,5946,9027
1449,4116,9765,9661,977,2165
1449,4116,9765,9356,3119,6852
1449,4116,9765,3126,829,3946
1449,4116,9765,4163,2125,5364
1449,4116,9765,4722,3482,4377
1449,4116,9765,5317,1150,9754
1449,4116,9765,5771,7414,5647
1449,4116,9765,7522,49,6321
1449,4116,9765,1193,3934,7154
1449,4116,9765,4316,3812,6687
1449,4116,9765,6501,5456,3534
1449,4116,9765,6356,792,3041
1449,4116,9765,9629,9378,4125
1449,4116,9765,6485,3402,4673
1449,4116,9765,9121,1476,5988
1449,4116,9765,5342,5318,5380
1449,4116,9765,5250,5944,2230
1449,4116,9765,4701,8622,2428
1449,4116,9765,9378,3843,353
1449,4116,9765,5960,1130,2276
1449,4116,9765,2947,5101,7732
1449,4116,9765,4343,2263,2570
1449,4116,9765,5477,5669,147
1449,4116,9765,3410,8518,6061
1449,4116,9765,8437,3898,7488
1449,4116,9765,3204,6790,1956
1449,4116,9765,3321,8700,5183
1449,4116,9765,2558,4416,339
1449,4116,9765,1419,2709,721
1449,4116,9765,855,6479,1657
1449,4116,9765,261,168,7504
1449,4116,9765,1037,9251,5180
1449,4116,9765,374,8243,8679
1449,4116,9765,8369,8083,4445
1449,4116,9765,3922,1647,3168
1449,4116,9765,8292,99,5799
1449,4116,9765,5216,5843,9087
1449,4116,9765,1249,6820,5871
1449,4116,9765,5522,5617,3603
1449,4116,9765,7338,1952,343
1449,4116,9765,8235,1262,3260
1449,4116,9765,3587,1715,602
1449,4116,9765,1913,4806,2852
1449,4116,9765,3863,9473,4118
1449,4116,9765,4717,3346,5719
1449,4116,9765,8728,6179,3397
1449,4116,9765,3830,183,2424
1449,4116,9765,6767,2899,2817
1449,4116,9765,7393,5693,147
1449,4116,9765,4727,6622,174
1449,4116,9765,1555,2836,4848
1449,4116,9765,3398,298,88
1449,4116,9765,3181,3534,3995
1449,4116,9765,3746,745,9910
1449,4116,9765,8611,2934,240
1449,4116,9765,7239,8226,8988
1449,4116,9765,7287,469,2560
1449,4116,9765,7709,6094,5132
1449,4116,9765,1470,2148,2685
1449,4116,9765,6300,3876,4597
1449,4116,9765,9964,4277,2934
1449,4116,9765,815,9246,7735
1449,4116,9765,8974,595,7892
1449,4116,9765,5689,6368,5536
1449,4116,9765,4390,4898,8142
1449,4116,9765,8983,8108,3413
1449,4116,9765,2764,3658,9325
1449,4116,9765,6231,4279,5739
1449,4116,9765,1952,1903,4232
1449,4116,9765,162,446,209
1449,4116,9765,6301,4653,5998
1449,4116,9765,6171,9892,6090
1449,4116,9765,4792,8309,3759
1449,4116,9765,1798,1318,7947
1449,4116,9765,7308,5684,5475
1449,4116,9765,1044,7103,6224
1449,4116,9765,7762,3935,382
1449,4116,9765,1577,9396,238
1449,4116,9765,4097,4405,4287
1449,4116,9765,1073,5710,2471
1449,4116,9765,1738,2195,4609
1449,4116,9765,8831,4451,8622
1449,4116,9765,6931,3125,3341
1449,4116,9765,5415,8602,1854
1449,4116,9765,2217,3313,7665
1449,4116,9765,2832,3206,7703
1449,4116,9765,2048,9995,2847
1449,4116,9765,7075,9301,3756
1449,4116,9765,8948,3732,6261
1449,4116,9765,5261,702,9731
1449,4116,9765,585,8601,9876
1449,4116,9765,5066,8457,241
1449,4116,9765,4480,128,1818
1449,4116,9765,9650,5524,9238
1449,4116,9765,1424,3560,2792
1449,4116,9765,7194,7820,6022
1449,4116,9765,5276,1331,4444
1449,4116,9765,8498,1306,516
1449,4116,9765,9176,3738,9799
1449,4116,9765,3931,9332,3274
1449,4116,9765,6959,9602,7004
1449,4116,9765,4829,5934,9213
1449,4116,9765,6476,4568,3139
1449,4116,9765,2629,1887,4588
1449,4116,9765,4787,2346,4429
1449,4116,9765,1907,192,4511
1449,4116,9765,8250,8488,5877
1449,4116,9765,4315,4268,3760
1449,4116,9765,2052,9747,4691
1449,4116,9765,6335,2216,6864
1449,4116,9765,4971,714,9864
1449,4116,9765,9142,5009,4311
1449,4116,9765,7237,388,2997
1449,4116,9765,2596,3612,4062
1449,4116,9765,7204,5145,7994
1449,4116,9765,116,6600,5865
1449,4116,9765,8986,4584,3240
1449,4116,9765,8907,6376,318
1449,4116,9765,6945,9747,3236
1449,4116,9765,5547,7837,3818
1449,4116,9765,3555,6445,3717
1449,4116,9765,3293,5345,2280
1449,4116,9765,7545,1316,6236
1449,4116,9765,1262,4247,669
1449,4116,9765,8757,4535,7190
1449,4116,9765,4738,5165,5981
1449,4116,9765,9848,4550,644
1449,4116,9765,7177,1152,6738
1449,4116,9765,1156,5260,2180
1449,4116,9765,1618,4131,3146
1449,4116,9765,2256,6668,30
1449,4116,9765,4229,9173,7132
1449,4116,9765,1349,9293,7663
1449,4116,9765,881,9918,4726
1449,4116,9765,6913,3527,6565
1449,4116,9765,2736,6556,7913
1449,4116,9765,9601,4613,8140
1449,4116,9765,7625,4798,8756
1449,4116,9765,8137,9631,5537
1449,4116,9765,1281,2885,5083
1449,4116,9765,5102,3426,2454
1449,4116,9765,5294,2276,6792
1449,4116,9765,7315,7971,1605
1449,4116,9765,6779,9366,6901
1449,4116,9765,9314,8533,1877
1449,4116,9765,1541,8783,6257
1449,4116,9765,2528,8285,4402
1449,4116,9765,2888,855,9002
1449,4116,9765,4265,9622,9471
1449,4116,9765,2747,5920,2030
1449,4116,9765,7868,4730,3340
1449,4116,9765,8519,9687,2017
1449,4116,9765,814,7023,6676
1449,4116,9765,9849,8518,6528
1449,4116,9765,2518,7786,6596
1449,4116,9765,6292,3259,3861
1449,4116,9765,2533,8614,7573
1449,4116,9765,7769,1823,5826
1449,4116,9765,8546,3408,4290
1449,4116,9765,5857,6501,2033
1449,4116,9765,932,8786,4908
1449,4116,9765,4919,8048,8100
1449,4116,9765,1920,1561,3144
1449,4116,9765,6273,9819,7677
1449,4116,9765,2623,9968,5986
1449,4116,9765,841,5502,3032
1449,4116,9765,7519,4866,5081
1449,4116,9765,9115,2914,4511
1449,4116,9765,3633,5704,9678
1449,4116,9765,2228,2039,7836
1449,4116,9765,4456,8617,9114
1449,4116,9765,1113,6523,7187
1449,4116,9765,2189,1132,9899
1449,4116,9765,5336,8296,7193
1449,4116,9765,2735,7616,8724
1449,4116,9765,6099,6704,8256
1449,4116,9765,433,360,3268
1449,4116,9765,861,9456,2951
1449,4116,9765,5100,8891,8321
1449,4116,9765,8316,2527,1927
1449,4116,9765,308,1101,8302
1449,4116,9765,6066,2993,2701
1449,4116,9765,2586,8064,8286
1449,4116,9765,1853,3244,5020
1449,4116,9765,7614,1725,4183
1449,4116,9765,2734,6712,8255
1449,4116,9765,7277,7772,1038
1449,4116,9765,5395,5462,6837
1449,4116,9765,7531,8150,5238
1449,4116,9765,3603,4218,1610
1449,4116,9765,712,656,1476
1449,4116,9765,2719,3781,5257
1449,4116,9765,9997,924,2393
1449,4116,9765,4483,7543,7676
1449,4116,9765,8062,4831,1917
1449,4116,9765,89,6460,6455
1449,4116,9765,2028,29,1663
1449,4116,9765,8989,5466,7926
1449,4116,9765,5977,8852,1797
1449,4116,9765,9816,7528,3978
1449,4116,9765,1333,6577,3085
1449,4116,9765,3134,2439,11
1449,4116,9765,5430,5334,829
1449,4116,9765,9143,3594,5280
1449,4116,9765,584,249,277
1449,4116,9765,1725,9215,3548
1449,4116,9765,7195,1289,4323
1449,4116,9765,9746,4780,1418
1449,4116,9765,7243,8121,6405
1449,4116,9765,8951,284,3385
1449,4116,9765,980,3747,460
1449,4116,9765,5116,5097,1268
1449,4116,9765,869,7200,3002
1449,4116,9765,8253,3316,7054
1449,4116,9765,566,6766,713
1449,4116,9765,1973,5848,6443
1449,4116,9765,4473,9243,9063
1449,4116,9765,753,2529,1134
1449,4116,9765,2642,4629,4547
1449,4116,9765,3,9406,1086
1449,4116,9765,8802,1645,7185
1449,4116,9765,5355,3167,451
1449,4116,9765,9933,90,8932
1449,4116,9765,9835,1639,1286
1449,4116,9765,4008,8655,7496
1449,4116,9765,7914,3895,6453
1449,4116,9765,6726,6010,9946
1449,4116,9765,179,7556,97
1449,4116,9765,5685,1193,9662
1449,4116,9765,3387,457,1447
1449,4116,9765,904,5262,9857
1449,4116,9765,5370,8316,3289
1449,4116,9765,9845,7471,5716
1449,4116,9765,5624,8615,7920
1449,4116,9765,7209,2035,9560
1449,4116,9765,1223,6294,7168
1449,4116,9765,474,6850,5063
1449,4116,9765,3554,8345,8078
1449,4116,9765,5027,8060,3688
1449,4116,9765,4263,6476,5175
1449,4116,9765,3147,8586,4649
1449,4116,9765,8075,9972,956
1449,4116,9765,4144,8987,8136
1449,4116,9765,215,1113,8359
1449,4116,9765,7744,6322,5105
1449,4116,9765,1688,6959,2983
1449,4116,9765,9220,9158,1458
1449,4116,9765,6027,3941,4198
1449,4116,9765,8223,9501,6601
1449,4116,9765,2539,9209,7866
1449,4116,9765,9256,259,3526
1449,4116,9765,3202,8418,9318
1449,4116,9765,6918,5212,6043
1449,4116,9765,3083,4531,7139
1449,4116,9765,7303,6493,1937
1449,4116,9765,5742,2343,8051
1449,4116,9765,1358,9913,4479
1449,4116,9765,8436,4088,4299
1449,4116,9765,2047,9325,4077
1449,4116,9765,4549,4523,5715
1449,4116,9765,1966,9101,9838
1449,4116,9765,7374,4202,7276
1449,4116,9765,3665,675,7786
1449,4116,9765,2524,10000,8960
1449,4116,9765,5263,1064,2649
1449,4116,9765,3417,770,3133
1449,4116,9765,2826,9562,1690
1449,4116,9765,9876,2703,1742
1449,4116,9765,888,330,3784
1449,4116,9765,167,814,8850
1449,4116,9765,5159,341,4961
1449,4116,9765,1710,2716,76
1449,4116,9765,3433,4534,4935
1449,4116,9765,9105,7772,3505
1449,4116,9765,2308,4192,6056
1449,4116,9765,7208,5916,8492
1449,4116,9765,6353,7289,3754
1449,4116,9765,9867,7119,214
1449,4116,9765,5616,7879,4780
1449,4116,9765,3973,1167,8699
1449,4116,9765,3230,8392,5799
1449,4116,9765,6869,6605,5868
1449,4116,9765,7183,5212,8536
1449,4116,9765,5920,8911,434
1449,4116,9765,2244,7393,9661
1449,4116,9765,5966,9009,1288
1449,4116,9765,8935,9908,1793
1449,4116,9765,2787,8726,5828
1449,4116,9765,2342,790,8825
1449,4116,9765,9053,7663,6847
1449,4116,9765,9800,2441,8483
1449,4116,9765,5208,1964,3892
1449,4116,9765,8314,1078,939
1449,4116,9765,660,7239,9916
1449,4116,9765,3522,608,9527
1449,4116,9765,5908,1919,6057
1449,4116,9765,6972,5709,8891
1449,4116,9765,2709,1007,2353
1449,4116,9765,9535,3643,6200
1449,4116,9765,4801,3265,4148
1449,4116,9765,7226,5650,5827
1449,4116,9765,4128,7100,8063
1449,4116,9765,9901,2657,962
1449,4116,9765,9348,7770,6858
1449,4116,9765,5245,8932,5596
1449,4116,9765,8512,3436,9519
1449,4116,9765,6055,7319,8585
1449,4116,9765,6900,6840,8113
1449,4116,9765,4886,4049,3587
1449,4116,9765,7317,6670,3683
1449,4116,9765,2434,521,6140
1449,4116,9765,2432,4540,3132
1449,4116,9765,3463,8592,663
1449,4116,9765,7349,1403,6879
1449,4116,9765,6681,1634,5264
1449,4116,9765,7323,2893,1828
1449,4116,9765,4664,7602,3839
1449,4116,9765,5138,9720,6414
1449,4116,9765,4462,2589,9084
1449,4116,9765,8536,3533,6619
1449,4116,9765,5931,8999,2006
1449,4116,9765,2036,1644,7579
1449,4116,9765,8869,6353,8347
1449,4116,9765,2451,3993,5911
1449,4116,9765,4603,4440,5903
1449,4116,9765,9898,7660,9779
1449,4116,9765,6848,5865,3788
1449,4116,9765,5321,8547,3131
1449,4116,9765,8828,5354,9495
1449,4116,9765,9824,6817,1663
1449,4116,9765,3306,7103,2903
1449,4116,9765,8410,7980,6414
1449,4116,9765,1037,2721,5203
1449,4116,9765,9497,5249,1304
1449,4116,9765,4851,4489,1246
1449,4116,9765,1078,2172,2604
1449,4116,9765,404,9183,7813
1449,4116,9765,6182,2042,94
1449,4116,9765,2967,6467,1933
1449,4116,9765,4695,9411,9781
1449,4116,9765,35,953,7756
1449,4116,9765,5284,8010,2658
1449,4116,9765,9371,4797,8351
1449,4116,9765,1251,4520,2423
1449,4116,9765,938,5513,5153
1449,4116,9765,5637,3402,2488
1449,4116,9765,3499,4607,7115
1449,4116,9765,1616,8278,9881
1449,4116,9765,1853,5857,7789
1449,4116,9765,3246,7209,5712
1449,4116,9765,5926,2514,5605
1449,4116,9765,8199,836,8054
1449,4116,9765,6778,7215,3447
1449,4116,9765,630,6144,6305
1449,4116,9765,8654,2729,9002
1449,4116,9765,6580,2766,1517
1449,4116,9765,3209,3792,9381
1449,4116,9765,4242,4693,8378
1449,4116,9765,4569,3145,8079
1449,4116,9765,5539,5617,8903
