5069,3475,6736,8790,9814,6493
5069,3475,6736,3755,4135,9461
5069,3475,6736,2208,1654,988
5069,3475,6736,757,8679,6325
5069,3475,6736,2197,9259,1967
5069,3475,6736,7269,9908,7894
5069,3475,6736,6946,2685,9104
5069,3475,6736,2238,506,4208
5069,3475,6736,3926,7101,9368
5069,3475,6736,8326,7402,3177
5069,3475,6736,6897,1833,9416
5069,3475,6736,3320,9058,7606
5069,3475,6736,8395,5795,3412
5069,3475,6736,4427,7718,2071
5069,3475,6736,3794,4270,6773
5069,3475,6736,1563,3780,5351
5069,3475,6736,384,1470,6397
5069,3475,6736,5419,6918,7405
5069,3475,6736,5446,8200,1982
5069,3475,6736,7325,1790,7006
5069,3475,6736,3272,9255,8286
5069,3475,6736,1321,567,1864
5069,3475,6736,4483,3049,6375
5069,3475,6736,5805,3082,6098
5069,3475,6736,7705,9179,8169
5069,3475,6736,2351,1174,6097
5069,3475,6736,7354,2869,6876
5069,3475,6736,237,4244,8951
5069,3475,6736,5210,5411,5865
5069,3475,6736,2356,823,3132
5069,3475,6736,1492,6750,5644
5069,3475,6736,9498,3297,6833
5069,3475,6736,4300,9372,5742
5069,3475,6736,5059,1717,6270
5069,3475,6736,490,2881,5188
5069,3475,6736,3353,8094,5685
5069,3475,6736,8539,4085,4455
5069,3475,6736,8986,4099,5090
5069,3475,6736,4583,634,1901
5069,3475,6736,3022,9376,1518
5069,3475,6736,9759,5346,346
5069,3475,6736,3123,3177,7386
5069,3475,6736,1585,9185,8731
5069,3475,6736,3476,6148,2689
5069,3475,6736,8620,1740,1436
5069,3475,6736,1207,5210,823
5069,3475,6736,9569,2651,3828
5069,3475,6736,3370,831,5036
5069,3475,6736,5274,3109,2641
5069,3475,6736,8936,8267,7005
5069,3475,6736,1942,9385,1521
5069,3475,6736,6385,4085,8847
5069,3475,6736,5357,7704,1794
5069,3475,6736,3029,9763,4504
5069,3475,6736,6583,3459,594
5069,3475,6736,5469,598,2734
5069,3475,6736,9891,4072,4238
5069,3475,6736,5300,690,2419
5069,3475,6736,5419,2331,7854
5069,3475,6736,9046,9426,7387
5069,3475,6736,9734,297,4860
5069,3475,6736,33,2583,9598
5069,3475,6736,6409,4538,915
5069,3475,6736,2891,6357,1146
5069,3475,6736,88,518,8473
5069,3475,6736,1966,6384,2378
5069,3475,6736,240,7738,1533
5069,3475,6736,4288,4454,7679
5069,3475,6736,6387,7632,5163
5069,3475,6736,9100,7508,105
5069,3475,6736,3664,9404,3510
5069,3475,6736,885,5531,5039
5069,3475,6736,6146,5610,7506
5069,3475,6736,3544,3426,9928
5069,3475,6736,6190,3742,142
5069,3475,6736,2614,7771,9820
5069,3475,6736,6412,8445,8878
5069,3475,6736,2125,9669,518
5069,3475,6736,4297,6856,7103
5069,3475,6736,4895,227,7525
5069,3475,6736,5873,9571,7671
5069,3475,6736,93,6939,6285
5069,3475,6736,5222,4682,920
5069,3475,6736,1820,8769,2075
5069,3475,6736,2348,6541,1631
5069,3475,6736,3985,3874,5197
5069,3475,6736,103,1165,4229
5069,3475,6736,1830,1986,1754
5069,3475,6736,7082,5672,5106
5069,3475,6736,5392,1037,417
5069,3475,6736,2650,4237,9304
5069,3475,6736,4514,2680,8129
5069,3475,6736,9431,1804,4437
5069,3475,6736,1533,5034,9197
5069,3475,6736,7618,8036,3684
5069,3475,6736,1473,536,6682
5069,3475,6736,5393,32,7204
5069,3475,6736,4929,5269,1795
5069,3475,6736,506,6053,8706
5069,3475,6736,4888,6180,2984
5069,3475,6736,5107,5524,8330
5069,3475,6736,9027,1381,5592
5069,3475,6736,9175,9722,8657
5069,3475,6736,7938,8998,5190
5069,3475,6736,1112,4089,9306
5069,3475,6736,9767,1491,5146
5069,3475,6736,6431,3199,444
5069,3475,6736,5000,5290,6968
5069,3475,6736,6771,2603,4633
5069,3475,6736,3266,8418,4003
5069,3475,6736,9698,1717,5406
5069,3475,6736,8568,3835,3501
5069,3475,6736,1818,2574,6681
5069,3475,6736,9429,8953,1259
5069,3475,6736,796,3105,2973
5069,3475,6736,1951,8038,1036
5069,3475,6736,9000,5462,4617
5069,3475,6736,2748,115,3374
5069,3475,6736,431,599,9910
5069,3475,6736,9518,6479,8237
5069,3475,6736,9781,8235,7572
5069,3475,6736,9690,9913,7558
5069,3475,6736,6543,7948,5602
5069,3475,6736,5997,5323,3338
5069,3475,6736,9659,1195,6027
5069,3475,6736,7472,1618,2839
5069,3475,6736,9397,3783,7055
5069,3475,6736,6173,7249,6399
5069,3475,6736,160,3491,9373
5069,3475,6736,4005,9866,4393
5069,3475,6736,3703,1021,3600
5069,3475,6736,2017,1453,6886
5069,3475,6736,342,8553,1759
5069,3475,6736,5987,3420,9935
5069,3475,6736,7924,3121,3525
5069,3475,6736,2754,7791,3892
5069,3475,6736,9312,2055,6387
5069,3475,6736,8182,4916,9296
5069,3475,6736,7738,1272,2566
5069,3475,6736,4342,9216,6601
5069,3475,6736,7507,125,2016
5069,3475,6736,7757,518,4475
5069,3475,6736,4651,3740,4385
5069,3475,6736,734,1002,4986
5069,3475,6736,8802,5789,8187
5069,3475,6736,9519,3672,8085
5069,3475,6736,9708,1191,1880
5069,3475,6736,4729,9242,8311
5069,3475,6736,5627,4702,7070
5069,3475,6736,2559,860,476
5069,3475,6736,2862,2275,3921
5069,3475,6736,4410,9444,2360
5069,3475,6736,2577,6326,8295
5069,3475,6736,6837,2481,2344
5069,3475,6736,516,9161,1939
5069,3475,6736,4765,7252,4235
5069,3475,6736,8760,2115,4982
5069,3475,6736,1165,3417,1226
5069,3475,6736,2080,9746,8361
5069,3475,6736,232,9744,4651
5069,3475,6736,1684,6351,847
5069,3475,6736,4538,3313,5882
5069,3475,6736,2197,767,1181
5069,3475,6736,8887,487,9169
5069,3475,6736,373,2529,940
5069,3475,6736,1377,4826,5658
5069,3475,6736,7715,3437,3175
5069,3475,6736,5662,8631,8088
5069,3475,6736,575,9733,6571
5069,3475,6736,8939,4539,6824
5069,3475,6736,2702,1741,2566
5069,3475,6736,5097,3551,6680
5069,3475,6736,624,9556,3097
5069,3475,6736,5709,4827,1292
5069,3475,6736,6465,7538,6492
5069,3475,6736,7272,1816,7646
5069,3475,6736,4152,8396,1118
5069,3475,6736,9946,1907,7213
5069,3475,6736,1934,4136,3570
5069,3475,6736,8586,7040,495
5069,3475,6736,2508,6319,7115
5069,3475,6736,4523,7028,550
5069,3475,6736,6566,2470,4281
5069,3475,6736,6823,1599,4042
5069,3475,6736,9987,1959,6063
5069,3475,6736,9120,506,8789
5069,3475,6736,9409,605,1208
5069,3475,6736,7993,2119,7816
5069,3475,6736,5339,2186,3282
5069,3475,6736,761,8945,5779
5069,3475,6736,4748,6238,8727
5069,3475,6736,6739,6397,8013
5069,3475,6736,6976,6936,8296
5069,3475,6736,2143,5030,6893
5069,3475,6736,2057,7052,5295
5069,3475,6736,9347,6789,6245
5069,3475,6736,6711,671,7994
5069,3475,6736,2171,330,7782
5069,3475,6736,446,6989,6270
5069,3475,6736,9503,162,1650
5069,3475,6736,6880,6065,5782
5069,3475,6736,798,7505,2104
5069,3475,6736,9524,1940,8107
5069,3475,6736,6917,1020,5412
5069,3475,6736,2854,4165,1149
5069,3475,6736,8706,9674,5882
5069,3475,6736,8527,3575,739
5069,3475,6736,4832,9362,7337
5069,3475,6736,5723,7671,8447
5069,3475,6736,6792,6575,3751
5069,3475,6736,5387,8699,1344
5069,3475,6736,9539,4860,2528
5069,3475,6736,1288,7852,9504
5069,3475,6736,108,5547,5725
5069,3475,6736,7417,844,1344
5069,3475,6736,5675,587,4724
5069,3475,6736,807,4713,2760
5069,3475,6736,2437,1397,8810
5069,3475,6736,881,2814,5740
5069,3475,6736,9227,3195,3055
5069,3475,6736,2059,7914,5541
5069,3475,6736,2219,476,3503
5069,3475,6736,3834,6327,5468
5069,3475,6736,8352,5781,9085
5069,3475,6736,2012,2284,7309
5069,3475,6736,9024,7993,5551
5069,3475,6736,9776,4999,516
5069,3475,6736,9333,3437,1058
5069,3475,6736,7692,7312,8842
5069,3475,6736,7913,8793,4695
5069,3475,6736,2818,2693,3724
5069,3475,6736,8157,7988,1519
5069,3475,6736,6274,134,8277
5069,3475,6736,996,9121,1096
5069,3475,6736,6394,9889,3451
5069,3475,6736,7204,4191,5320
5069,3475,6736,3801,6598,5916
5069,3475,6736,350,5077,4950
5069,3475,6736,1262,5992,5590
5069,3475,6736,4916,6828,256
5069,3475,6736,2098,9629,7677
5069,3475,6736,5428,9876,1621
5069,3475,6736,2542,3728,210
5069,3475,6736,5275,3359,9312
5069,3475,6736,3519,3288,8387
5069,3475,6736,1742,2901,1582
5069,3475,6736,4139,7802,6958
5069,3475,6736,2917,7882,473
5069,3475,6736,7042,6265,8558
5069,3475,6736,5422,6734,7614
5069,3475,6736,4761,4820,3425
5069,3475,6736,9442,3305,1915
5069,3475,6736,908,608,7089
5069,3475,6736,4069,1388,8702
5069,3475,6736,5365,4767,6864
5069,3475,6736,5881,7185,5298
5069,3475,6736,4277,6997,2629
5069,3475,6736,8794,7981,8576
5069,3475,6736,6948,9175,2809
5069,3475,6736,9140,4033,9048
5069,3475,6736,7670,3353,6795
5069,3475,6736,6721,5688,6038
5069,3475,6736,9585,4390,5733
5069,3475,6736,9756,33,2528
5069,3475,6736,5222,5239,4950
5069,3475,6736,7020,9723,4624
5069,3475,6736,7170,4399,6240
5069,3475,6736,4935,9925,8627
5069,3475,6736,7557,6516,1588
5069,3475,6736,5690,9814,2998
5069,3475,6736,1638,5251,4860
5069,3475,6736,5736,9302,8408
5069,3475,6736,2082,832,4626
5069,3475,6736,8324,1944,6367
5069,3475,6736,4833,2751,7904
5069,3475,6736,7635,347,4793
5069,3475,6736,6995,1800,6907
5069,3475,6736,7607,6283,7697
5069,3475,6736,1424,9500,3985
5069,3475,6736,3,206,9771
5069,3475,6736,1332,6041,9326
5069,3475,6736,2957,5306,4559
5069,3475,6736,4758,610,9755
5069,3475,6736,8909,1929,4162
5069,3475,6736,7926,3745,5375
5069,3475,6736,1928,8944,6754
5069,3475,6736,6642,6396,9491
5069,3475,6736,8498,4773,1496
5069,3475,6736,9219,4143,889
5069,3475,6736,4782,863,1850
5069,3475,6736,3616,7160,3372
5069,3475,6736,6865,826,507
5069,3475,6736,3242,1673,5720
5069,3475,6736,2292,8625,4971
5069,3475,6736,7646,8195,5966
5069,3475,6736,4145,6971,5084
5069,3475,6736,2234,1377,952
5069,3475,6736,4472,4994,4039
5069,3475,6736,1905,1274,5882
5069,3475,6736,436,5118,5473
5069,3475,6736,4382,2157,3007
5069,3475,6736,4523,8083,8905
5069,3475,6736,1357,5982,8925
5069,3475,6736,3678,4419,4064
5069,3475,6736,8446,6117,5445
5069,3475,6736,6460,1117,5015
5069,3475,6736,9275,1428,1368
5069,3475,6736,4241,5558,3760
5069,3475,6736,4906,4873,5045
5069,3475,6736,8062,2994,3171
5069,3475,6736,7463,9364,1156
5069,3475,6736,1390,8747,9379
5069,3475,6736,4644,7757,5836
5069,3475,6736,8844,1323,227
5069,3475,6736,2730,5216,9938
5069,3475,6736,3166,688,1308
5069,3475,6736,5385,5658,3736
5069,3475,6736,1867,4854,6600
5069,3475,6736,176,5521,2534
5069,3475,6736,8463,3176,6440
5069,3475,6736,2958,5355,5742
5069,3475,6736,4414,757,6282
5069,3475,6736,3864,7034,6692
5069,3475,6736,8084,744,1173
5069,3475,6736,7515,4276,3151
5069,3475,6736,2053,2298,6364
5069,3475,6736,2991,5599,1979
5069,3475,6736,9625,9744,2905
5069,3475,6736,7746,4426,9227
5069,3475,6736,379,5593,8794
5069,3475,6736,9456,3269,8631
5069,3475,6736,2614,6842,6988
5069,3475,6736,3396,9207,5936
5069,3475,6736,4671,9653,7998
5069,3475,6736,1735,1014,2460
5069,3475,6736,3621,5846,3076
5069,3475,6736,8807,7478,7021
5069,3475,6736,1433,3812,2121
5069,3475,6736,6088,4139,7475
5069,3475,6736,977,4717,6760
5069,3475,6736,2794,4723,7225
5069,3475,6736,8933,3125,4399
5069,3475,6736,3841,2935,437
5069,3475,6736,1162,6885,4900
5069,3475,6736,1096,3831,9496
5069,3475,6736,8536,5476,2516
5069,3475,6736,2090,5478,4486
5069,3475,6736,3041,9811,8963
5069,3475,6736,7747,3668,333
5069,3475,6736,9708,2079,5599
5069,3475,6736,8447,6637,5733
5069,3475,6736,8868,9951,6610
5069,3475,6736,8124,1115,4931
5069,3475,6736,9505,5173,4994
5069,3475,6736,4705,766,994
5069,3475,6736,1588,5658,7051
5069,3475,6736,7089,9686,9466
5069,3475,6736,7399,4317,749
5069,3475,6736,8184,806,7401
5069,3475,6736,6100,6737,3331
5069,3475,6736,4211,3219,5508
5069,3475,6736,137,5942,5807
5069,3475,6736,5237,5061,2902
5069,3475,6736,2715,2704,3049
5069,3475,6736,5340,5753,3108
5069,3475,6736,5907,5003,5249
5069,3475,6736,1587,4123,2882
5069,3475,6736,1015,6696,2572
5069,3475,6736,7527,1022,5920
5069,3475,6736,8721,9551,4533
5069,3475,6736,6396,9746,280
5069,3475,6736,3312,1702,9897
5069,3475,6736,8315,5431,9829
5069,3475,6736,6989,2649,2141
5069,3475,6736,5520,1093,4035
5069,3475,6736,3159,7400,1573
5069,3475,6736,2249,9614,9367
5069,3475,6736,5349,1744,5410
5069,3475,6736,4829,7510,564
5069,3475,6736,6621,7011,9386
5069,3475,6736,8014,8149,7317
5069,3475,6736,529,8610,6313
5069,3475,6736,4135,3972,5387
5069,3475,6736,3445,7026,2563
5069,3475,6736,6720,4834,3563
5069,3475,6736,6953,2084,3652
5069,3475,6736,7208,3101,459
5069,3475,6736,2144,9973,4221
5069,3475,6736,7874,718,2387
5069,3475,6736,7532,9386,3906
5069,3475,6736,5140,1079,4357
5069,3475,6736,2915,3176,4443
5069,3475,6736,8124,4108,7091
5069,3475,6736,3131,5538,5651
5069,3475,6736,3215,2279,6962
5069,3475,6736,4172,4527,9508
5069,3475,6736,960,3463,4358
5069,3475,6736,5985,9913,3954
5069,3475,6736,9342,1927,5320
5069,3475,6736,6353,2250,8870
5069,3475,6736,4747,7544,7871
5069,3475,6736,9477,6087,2837
5069,3475,6736,6321,801,6044
5069,3475,6736,9854,3238,4517
5069,3475,6736,4493,8595,5743
5069,3475,6736,6617,4110,9450
5069,3475,6736,6438,4736,9616
5069,3475,6736,4514,4366,5441
5069,3475,6736,7176,6278,8379
5069,3475,6736,3511,1382,2452
5069,3475,6736,8483,1775,3565
5069,3475,6736,663,5190,1378
5069,3475,6736,8441,2065,5447
5069,3475,6736,5205,6419,9990
5069,3475,6736,2277,8337,1836
5069,3475,6736,1545,5002,8276
5069,3475,6736,9657,7623,5792
5069,3475,6736,7796,2925,3496
5069,3475,6736,8469,953,5508
5069,3475,6736,4994,575,6135
8305,5749,4462,2230,2822,9220
8305,5749,4462,6967,6016,3899
8305,5749,4462,9498,7394,5544
8305,5749,4462,4002,1811,7105
8305,5749,4462,1661,9835,8955
8305,5749,4462,2407,7540,6915
8305,5749,4462,9814,5542,4716
8305,5749,4462,4146,6939,2077
8305,5749,4462,8513,2105,3707
8305,5749,4462,2381,4316,3196
8305,5749,4462,4836,9414,2252
8305,5749,4462,248,9589,2800
8305,5749,4462,2080,4006,2166
8305,5749,4462,4533,7227,3731
8305,5749,4462,3210,5286,2212
8305,5749,4462,3671,2496,4194
8305,5749,4462,5940,7967,2878
8305,5749,4462,1468,6979,9208
8305,5749,4462,7350,8841,1469
8305,5749,4462,2245,6459,1408
8305,5749,4462,5893,2175,9193
8305,5749,4462,8036,1955,7253
8305,5749,4462,9589,3492,1555
8305,5749,4462,1911,7493,8890
8305,5749,4462,5241,2510,7325
8305,5749,4462,3443,6824,8545
8305,5749,4462,5726,85,5922
8305,5749,4462,9661,1717,9761
8305,5749,4462,9855,6316,8123
8305,5749,4462,8925,3242,8585
8305,5749,4462,6224,2503,3256
8305,5749,4462,8502,3318,3561
8305,5749,4462,5522,6339,8391
8305,5749,4462,4703,5784,8412
8305,5749,4462,4042,5445,8952
8305,5749,4462,5889,4384,2177
8305,5749,4462,4703,3753,5877
8305,5749,4462,1832,7736,8400
8305,5749,4462,5764,6446,4359
8305,5749,4462,5201,8133,1167
8305,5749,4462,1599,7009,7027
8305,5749,4462,5130,6506,9733
8305,5749,4462,1584,5345,127
8305,5749,4462,8335,1280,5560
8305,5749,4462,2142,8064,8759
8305,5749,4462,1099,6311,3225
8305,5749,4462,8318,8293,403
8305,5749,4462,5086,8967,3951
8305,5749,4462,9756,2428,9872
8305,5749,4462,2736,6652,2219
8305,5749,4462,7354,2364,1905
8305,5749,4462,5811,4629,6291
8305,5749,4462,2409,9412,1521
8305,5749,4462,3316,6438,6980
8305,5749,4462,8977,2583,4822
8305,5749,4462,7395,6489,6609
8305,5749,4462,1841,3830,6170
8305,5749,4462,4711,8400,6753
8305,5749,4462,4341,121,8403
8305,5749,4462,295,4437,3452
8305,5749,4462,3179,3367,9332
8305,5749,4462,1074,3467,4483
8305,5749,4462,7691,2189,6392
8305,5749,4462,1486,7167,4570
8305,5749,4462,3980,9883,3497
8305,5749,4462,7978,6627,255
8305,5749,4462,1736,9499,390
8305,5749,4462,7022,7899,2504
8305,5749,4462,8517,3674,4511
8305,5749,4462,758,9085,1549
8305,5749,4462,8695,3505,4644
8305,5749,4462,3830,4212,6887
8305,5749,4462,2710,9827,1444
8305,5749,4462,5507,1238,6645
8305,5749,4462,3878,1898,8871
8305,5749,4462,2957,9015,1852
8305,5749,4462,6526,2342,1414
8305,5749,4462,8603,1433,9970
8305,5749,4462,9951,8499,8033
8305,5749,4462,8031,1244,4632
8305,5749,4462,6732,2753,67
8305,5749,4462,4476,8067,689
8305,5749,4462,2150,2079,2753
8305,5749,4462,5504,9923,4608
8305,5749,4462,2156,6899,6607
8305,5749,4462,6828,3167,9083
8305,5749,4462,9249,8529,5275
8305,5749,4462,1783,9056,74
8305,5749,4462,7290,3749,5983
8305,5749,4462,4994,5720,2939
