9718,2457,8225,3977,8834,2685
9718,2457,8225,8510,7787,8963
9718,2457,8225,6623,9925,2957
9718,2457,8225,4819,9819,7823
9718,2457,8225,9623,1883,6826
9718,2457,8225,2123,4955,1613
9718,2457,8225,4339,6940,1944
9718,2457,8225,4933,7347,8665
9718,2457,8225,3245,6754,1548
9718,2457,8225,5899,1580,3390
9718,2457,8225,1818,7973,6467
9718,2457,8225,7987,5594,8176
9718,2457,8225,3395,5742,3542
9718,2457,8225,4531,6110,3103
9718,2457,8225,4762,1706,3281
9718,2457,8225,6494,7067,354
9718,2457,8225,4401,9321,5539
9718,2457,8225,1282,177,1012
9718,2457,8225,2084,5216,7018
9718,2457,8225,8400,2722,9191
9718,2457,8225,7116,389,8878
9718,2457,8225,8658,4055,5507
9718,2457,8225,7315,4884,1540
9718,2457,8225,9078,276,6151
9718,2457,8225,8021,2090,125
9718,2457,8225,7056,5566,8643
9718,2457,8225,9219,4906,9356
9718,2457,8225,1423,5313,172
9718,2457,8225,7052,7388,6649
9718,2457,8225,4174,6671,160
9718,2457,8225,8753,8553,8817
9718,2457,8225,925,4808,2259
9718,2457,8225,5085,9432,1210
9718,2457,8225,2404,7400,1590
9718,2457,8225,1830,7817,8102
9718,2457,8225,197,9991,3899
9718,2457,8225,1620,5590,3043
9718,2457,8225,2200,4756,271
9718,2457,8225,8,4437,838
9718,2457,8225,4380,8716,6316
9718,2457,8225,2672,8133,6780
9718,2457,8225,971,6471,2252
9718,2457,8225,5907,7377,5510
9718,2457,8225,4590,441,3805
9718,2457,8225,1148,1049,5097
9718,2457,8225,9697,6946,4281
9718,2457,8225,282,8181,940
9718,2457,8225,5662,55,788
9718,2457,8225,2819,2417,2620
9718,2457,8225,2647,6322,8968
9718,2457,8225,5346,5713,2694
9718,2457,8225,4890,1525,4519
9718,2457,8225,7939,1450,8924
9718,2457,8225,5129,6807,7584
9718,2457,8225,2831,4067,5850
9718,2457,8225,9121,5312,8506
9718,2457,8225,2933,6975,6202
9718,2457,8225,1344,2292,9012
9718,2457,8225,9772,2606,3316
9718,2457,8225,7778,160,2720
9718,2457,8225,7333,4062,7939
9718,2457,8225,3328,7657,8692
9718,2457,8225,4312,6417,9324
9718,2457,8225,5471,7346,2147
9718,2457,8225,4427,3851,4907
9718,2457,8225,9565,3101,8988
9718,2457,8225,4446,681,2160
9718,2457,8225,1288,9735,6276
9718,2457,8225,2985,8806,8816
9718,2457,8225,7403,5433,3523
9718,2457,8225,967,1418,7210
9718,2457,8225,5233,6043,7305
9718,2457,8225,4303,437,7536
9718,2457,8225,566,3984,6965
9718,2457,8225,4229,1812,167
9718,2457,8225,4043,2005,5921
9718,2457,8225,3846,9809,289
9718,2457,8225,5939,5083,392
9718,2457,8225,8474,6408,9627
9718,2457,8225,8152,1631,9401
9718,2457,8225,5880,4780,8535
9718,2457,8225,7014,4414,1513
9718,2457,8225,7244,2723,9268
9718,2457,8225,8420,9832,5774
9718,2457,8225,3792,7407,639
9718,2457,8225,7406,9390,6310
9718,2457,8225,8917,4098,4794
9718,2457,8225,1396,9915,8910
9718,2457,8225,9497,3010,5600
9718,2457,8225,3836,793,3426
9718,2457,8225,8657,944,8306
9718,2457,8225,8202,1748,7422
9718,2457,8225,7137,2574,3751
9718,2457,8225,3731,7795,812
9718,2457,8225,6392,8348,600
9718,2457,8225,5999,4178,3496
9718,2457,8225,3241,6524,5231
9718,2457,8225,2701,4603,5455
9718,2457,8225,7366,8999,6415
9718,2457,8225,6724,4692,4724
9718,2457,8225,4704,5210,1502
9718,2457,8225,535,8162,6375
9718,2457,8225,1944,7165,2770
9718,2457,8225,7243,9664,2983
9718,2457,8225,3946,1647,2139
9718,2457,8225,7257,8887,3418
9718,2457,8225,662,3556,8180
9718,2457,8225,7647,7978,1468
9718,2457,8225,8621,9491,7592
9718,2457,8225,5876,2290,7682
9718,2457,8225,8936,6646,7727
9718,2457,8225,9152,4506,4037
9718,2457,8225,8582,8611,683
9718,2457,8225,7653,2356,5443
9718,2457,8225,4930,2089,9498
9718,2457,8225,7472,6808,1496
9718,2457,8225,2913,9479,7255
9718,2457,8225,7188,2351,563
9718,2457,8225,7891,2344,9068
9718,2457,8225,1585,1368,8881
9718,2457,8225,2265,2825,7331
9718,2457,8225,3224,4371,6596
9718,2457,8225,7615,3008,641
9718,2457,8225,5826,4347,2776
9718,2457,8225,5278,3923,1863
9718,2457,8225,6137,5978,3473
9718,2457,8225,7499,8155,3985
9718,2457,8225,4274,913,4363
9718,2457,8225,2808,5144,8372
9718,2457,8225,656,1921,2456
9718,2457,8225,2148,3414,4864
9718,2457,8225,6358,3121,710
9718,2457,8225,9187,6219,7007
9718,2457,8225,524,8151,5327
9718,2457,8225,7298,4565,811
9718,2457,8225,6993,7562,3818
9718,2457,8225,2946,4588,3925
9718,2457,8225,2106,3311,6754
9718,2457,8225,2602,2805,9872
9718,2457,8225,6000,7277,6033
9718,2457,8225,3259,4854,9296
9718,2457,8225,5282,5852,602
9718,2457,8225,3551,6460,7197
9718,2457,8225,7878,7043,8434
9718,2457,8225,67,753,7245
9718,2457,8225,6618,6174,2700
9718,2457,8225,6716,3798,9125
9718,2457,8225,9328,5732,3456
9718,2457,8225,7401,8941,4665
9718,2457,8225,9138,1752,6316
9718,2457,8225,2190,3427,1222
9718,2457,8225,1311,14,4472
9718,2457,8225,8,7075,8898
9718,2457,8225,2591,7039,407
9718,2457,8225,6144,8871,676
9718,2457,8225,4890,3790,4859
9718,2457,8225,858,1566,6807
9718,2457,8225,5318,3586,7509
9718,2457,8225,4962,4452,7702
9718,2457,8225,8370,3963,1818
9718,2457,8225,9841,7454,5298
9718,2457,8225,7117,8819,6305
9718,2457,8225,6575,7951,2063
9718,2457,8225,576,6841,5851
9718,2457,8225,2629,4090,2412
9718,2457,8225,8290,1999,2519
9718,2457,8225,8096,7716,6381
9718,2457,8225,9691,3685,4246
9718,2457,8225,7347,6373,6776
9718,2457,8225,7099,7083,7830
9718,2457,8225,3852,2439,6994
9718,2457,8225,4474,5265,9420
9718,2457,8225,7725,9698,6557
9718,2457,8225,831,6924,9189
9718,2457,8225,7214,6193,7536
9718,2457,8225,5987,3972,9266
9718,2457,8225,9369,6148,2204
9718,2457,8225,4425,3976,2245
9718,2457,8225,620,6601,9333
9718,2457,8225,7097,2370,530
9718,2457,8225,68,876,6248
9718,2457,8225,8806,229,7430
9718,2457,8225,577,2378,6180
9718,2457,8225,4601,4072,8704
9718,2457,8225,4162,8364,3724
9718,2457,8225,2637,1410,8860
9718,2457,8225,1219,9931,7062
9718,2457,8225,4720,4092,4910
9718,2457,8225,1447,9984,5864
9718,2457,8225,762,4120,6449
9718,2457,8225,5551,5844,2566
9718,2457,8225,2200,5763,9636
9718,2457,8225,9939,2893,2345
9718,2457,8225,8479,2473,1124
9718,2457,8225,7241,1581,2083
9718,2457,8225,4155,6569,8
9718,2457,8225,197,9433,542
9718,2457,8225,9316,1714,3336
9718,2457,8225,4523,2676,5004
9718,2457,8225,1026,6628,2841
9718,2457,8225,8363,2365,7179
9718,2457,8225,2558,6715,5136
9718,2457,8225,9617,5627,2724
9718,2457,8225,8019,4248,7578
9718,2457,8225,369,220,7729
9718,2457,8225,7144,8510,6230
9718,2457,8225,3390,9422,1355
9718,2457,8225,7012,4557,7078
9718,2457,8225,4423,1353,723
9718,2457,8225,9796,2420,8601
9718,2457,8225,4819,1805,2230
9718,2457,8225,1934,9748,1751
9718,2457,8225,7682,5105,4226
9718,2457,8225,5387,9380,3759
9718,2457,8225,2731,6677,917
9718,2457,8225,5302,5742,7454
9718,2457,8225,1636,1093,7874
9718,2457,8225,9149,5590,9279
9718,2457,8225,6772,1009,1708
9718,2457,8225,412,6459,865
9718,2457,8225,102,1917,838
9718,2457,8225,1010,904,3876
9718,2457,8225,7687,5133,7441
9718,2457,8225,2358,1587,5284
9718,2457,8225,8662,1697,8956
9718,2457,8225,4251,4325,6383
9718,2457,8225,4353,3903,1419
9718,2457,8225,7264,3180,815
9718,2457,8225,2229,1681,9813
9718,2457,8225,1374,7900,8690
9718,2457,8225,8643,9062,398
9718,2457,8225,3275,3169,4093
9718,2457,8225,791,4228,229
9718,2457,8225,5116,7262,7411
9718,2457,8225,8321,4742,5116
9718,2457,8225,1110,9909,9867
9718,2457,8225,5775,2004,6334
9718,2457,8225,6995,4281,7418
9718,2457,8225,7615,9500,3273
9718,2457,8225,764,3467,3032
9718,2457,8225,9041,9386,7399
9718,2457,8225,880,368,3416
9718,2457,8225,9269,5894,9328
9718,2457,8225,8680,5116,29
9718,2457,8225,2874,2258,9896
9718,2457,8225,3795,1909,7492
9718,2457,8225,2357,1879,6989
9718,2457,8225,6918,4635,1905
9718,2457,8225,8339,4634,2678
9718,2457,8225,1610,2452,3253
9718,2457,8225,2771,8706,7428
9718,2457,8225,53,3450,4338
9718,2457,8225,6473,2315,9288
9718,2457,8225,3718,9494,7314
9718,2457,8225,6519,8962,5097
9718,2457,8225,8887,6153,1768
9718,2457,8225,3904,6696,4880
9718,2457,8225,8774,4971,7549
9718,2457,8225,7535,6731,581
9718,2457,8225,5626,3654,6376
9718,2457,8225,509,1233,8652
9718,2457,8225,4632,113,3712
9718,2457,8225,30,180,2104
9718,2457,8225,380,8666,6577
9718,2457,8225,5473,6806,9998
9718,2457,8225,2827,9326,322
9718,2457,8225,5822,9593,6022
9718,2457,8225,4076,4897,5911
9718,2457,8225,6491,5675,7715
9718,2457,8225,1903,554,6984
9718,2457,8225,6893,7566,6574
9718,2457,8225,5535,6944,3841
9718,2457,8225,7468,4,9185
9718,2457,8225,3307,5057,7245
9718,2457,8225,6780,3688,1162
9718,2457,8225,7462,7346,5355
9718,2457,8225,7548,848,970
9718,2457,8225,5109,4012,7084
9718,2457,8225,7021,8875,2205
9718,2457,8225,664,2198,9349
9718,2457,8225,2455,8398,2859
9718,2457,8225,6368,9284,4920
9718,2457,8225,2419,1027,7362
9718,2457,8225,1092,2297,6132
9718,2457,8225,284,9890,3676
9718,2457,8225,9081,9521,5271
9718,2457,8225,4443,3243,8129
9718,2457,8225,4739,2597,5539
9718,2457,8225,503,4718,3450
9718,2457,8225,6542,9463,3459
9718,2457,8225,2185,2519,1289
9718,2457,8225,2145,2651,190
9718,2457,8225,5076,9160,117
9718,2457,8225,9066,4801,5734
9718,2457,8225,8248,4020,1520
9718,2457,8225,6202,5810,8419
9718,2457,8225,468,1251,2747
9718,2457,8225,3282,282,3862
9718,2457,8225,4011,1859,2392
9718,2457,8225,744,797,5636
9718,2457,8225,7190,9123,222
9718,2457,8225,8328,3422,4151
9718,2457,8225,276,8299,4863
9718,2457,8225,9285,9512,8499
9718,2457,8225,3657,4561,402
9718,2457,8225,5407,5734,4337
9718,2457,8225,4474,8679,696
9718,2457,8225,1189,9757,9454
9718,2457,8225,4953,2726,3188
9718,2457,8225,343,7820,3756
9718,2457,8225,5718,125,4072
9718,2457,8225,7592,7276,2405
9718,2457,8225,7653,2395,7322
9718,2457,8225,4159,1689,1140
9718,2457,8225,307,5431,1691
9718,2457,8225,5703,5830,2619
9718,2457,8225,5670,9964,3518
9718,2457,8225,7899,2027,6213
9718,2457,8225,5557,1582,9584
9718,2457,8225,4846,3995,5722
9718,2457,8225,8013,7468,1868
9718,2457,8225,5615,677,1145
9718,2457,8225,654,8421,3927
9718,2457,8225,3367,3380,3849
9718,2457,8225,5118,9942,5392
9718,2457,8225,3178,4725,818
9718,2457,8225,3073,614,1687
9718,2457,8225,386,7022,4542
9718,2457,8225,9529,2390,2083
9718,2457,8225,1814,374,7328
9718,2457,8225,6396,9641,3038
9718,2457,8225,9240,8329,9967
9718,2457,8225,567,1929,4794
9718,2457,8225,6110,3647,8311
9718,2457,8225,8586,8708,5800
9718,2457,8225,9204,4616,3697
9718,2457,8225,1374,5505,2139
9718,2457,8225,1033,5998,1958
9718,2457,8225,7637,4482,1412
9718,2457,8225,7912,2567,202
9718,2457,8225,5991,9241,9830
9718,2457,8225,2892,1333,5293
9718,2457,8225,6397,9398,5635
9718,2457,8225,8652,7782,9059
9718,2457,8225,3597,9687,4633
9718,2457,8225,8661,4627,2539
9718,2457,8225,1131,7077,1528
9718,2457,8225,1477,5495,6322
9718,2457,8225,3266,1126,7318
9718,2457,8225,6522,3011,1758
9718,2457,8225,961,561,117
9718,2457,8225,351,9109,6183
9718,2457,8225,4228,6320,7857
9718,2457,8225,5715,5532,8729
9718,2457,8225,9373,3643,7655
9718,2457,8225,9565,8705,4113
9718,2457,8225,1774,4731,715
9718,2457,8225,3277,1076,4202
9718,2457,8225,2362,8092,6547
9718,2457,8225,7679,4906,7988
9718,2457,8225,5264,5053,9398
9718,2457,8225,9752,9785,2567
9718,2457,8225,2404,4676,2094
9718,2457,8225,1151,7008,2551
9718,2457,8225,7018,2048,1220
9718,2457,8225,3903,8869,6090
9718,2457,8225,192,8502,611
9718,2457,8225,6461,9335,5937
9718,2457,8225,382,2315,1564
9718,2457,8225,5546,6347,9488
9718,2457,8225,7483,4252,4555
9718,2457,8225,6632,9429,3988
9718,2457,8225,3615,7149,2542
9718,2457,8225,2145,6558,5136
9718,2457,8225,4459,6464,7679
9718,2457,8225,9896,9185,1099
9718,2457,8225,8542,8638,6302
9718,2457,8225,1871,139,6156
9718,2457,8225,1247,5482,5487
9718,2457,8225,3561,3359,9229
9718,2457,8225,3166,8073,1014
9718,2457,8225,1557,9212,6417
9718,2457,8225,9360,6138,2611
9718,2457,8225,8139,1753,3516
9718,2457,8225,4337,6578,872
9718,2457,8225,6551,7120,9016
9718,2457,8225,6183,7340,9706
9718,2457,8225,2905,1244,8059
9718,2457,8225,423,9008,1325
9718,2457,8225,794,1962,5751
9718,2457,8225,5517,4833,4732
9718,2457,8225,8102,9869,7311
9718,2457,8225,5776,6517,2715
9718,2457,8225,7089,3023,497
9718,2457,8225,6503,8090,9311
9718,2457,8225,2194,6277,3235
9718,2457,8225,9011,9776,8499
9718,2457,8225,8996,8971,1756
9718,2457,8225,4302,9949,2743
9718,2457,8225,2836,1929,8006
9718,2457,8225,9639,6698,5925
9718,2457,8225,1261,8371,8808
9718,2457,8225,5920,1217,4602
9718,2457,8225,429,6020,8902
9718,2457,8225,1744,3079,4396
9718,2457,8225,8708,807,7412
9718,2457,8225,3658,3119,8727
9718,2457,8225,4839,5866,2018
9718,2457,8225,4920,5992,5018
9718,2457,8225,5889,863,2482
9718,2457,8225,9698,6776,9402
9718,2457,8225,3483,2962,3054
9718,2457,8225,4555,9329,837
9718,2457,8225,947,5507,4790
9718,2457,8225,1739,8794,562
9718,2457,8225,9839,7935,1893
9718,2457,8225,5527,4873,3218
9718,2457,8225,5460,6160,8713
9718,2457,8225,1772,1666,8120
9718,2457,8225,4908,1568,948
9718,2457,8225,4864,1838,411
9718,2457,8225,8022,4679,5016
9718,2457,8225,4573,7355,975
9718,2457,8225,8129,1493,1588
9718,2457,8225,594,3319,4365
9718,2457,8225,4909,7251,4807
9718,2457,8225,7114,9330,3517
9718,2457,8225,9371,702,2552
9718,2457,8225,8450,6730,781
9718,2457,8225,3044,120,5982
9718,2457,8225,8420,5800,2282
9718,2457,8225,7145,4562,2644
9718,2457,8225,1467,2051,1574
9718,2457,8225,1736,5918,5261
9718,2457,8225,6097,700,364
9718,2457,8225,6268,8124,3996
9718,2457,8225,5516,6375,4250
9718,2457,8225,3540,4556,3732
9718,2457,8225,5527,3605,1400
9718,2457,8225,8139,6063,3599
9718,2457,8225,2703,8956,9615
9718,2457,8225,2899,9150,6267
9718,2457,8225,3446,2503,6287
9718,2457,8225,3457,8869,3018
9718,2457,8225,1885,3027,3454
9718,2457,8225,9909,1320,4223
9718,2457,8225,7831,4392,7471
9718,2457,8225,5048,5512,1970
9718,2457,8225,8293,3286,8947
9718,2457,8225,1732,5135,6466
9718,2457,8225,7479,3212,726
9718,2457,8225,1999,9979,8128
9718,2457,8225,5602,1684,9191
9718,2457,8225,7287,1889,3463
9718,2457,8225,1978,1845,8517
9718,2457,8225,4375,3251,1507
9718,2457,8225,8222,5534,2442
9718,2457,8225,2801,8191,2173
9718,2457,8225,8198,9296,2923
9718,2457,8225,8538,9871,4436
9718,2457,8225,6287,2909,8504
9718,2457,8225,834,6295,5790
9718,2457,8225,5472,9440,1394
9718,2457,8225,825,1000,3328
9718,2457,8225,4914,832,5511
9718,2457,8225,1212,8197,191
9718,2457,8225,239,4052,1071
9718,2457,8225,2129,2844,4494
9718,2457,8225,3888,5091,7658
9718,2457,8225,3810,4109,5140
9718,2457,8225,3655,6920,2259
9718,2457,8225,2406,1544,6270
9718,2457,8225,5453,7517,4710
9718,2457,8225,3425,8717,7391
9718,2457,8225,9646,3726,3755
9718,2457,8225,1979,9676,6422
9718,2457,8225,5289,1387,5129
9718,2457,8225,4336,2153,9251
9718,2457,8225,5857,3778,7850
9718,2457,8225,6483,263,7728
9718,2457,8225,4579,7976,212
9718,2457,8225,7022,2818,3012
9718,2457,8225,1013,4206,504
9718,2457,8225,1432,701,7510
9718,2457,8225,6497,8134,1409
9718,2457,8225,4220,2968,7371
9718,2457,8225,8444,3602,206
9718,2457,8225,8795,2633,7769
9718,2457,8225,9158,1120,4631
9718,2457,8225,1135,3224,732
9718,2457,8225,4941,5882,6421
9718,2457,8225,366,200,3771
9718,2457,8225,800,6590,7255
9718,2457,8225,9846,1634,6384
9718,2457,8225,1597,4961,7976
9718,2457,8225,645,564,3310
9718,2457,8225,8692,2154,2534
9718,2457,8225,448,7112,9732
9718,2457,8225,4345,41,3766
9718,2457,8225,9738,6057,8750
9718,2457,8225,3578,373,2611
9718,2457,8225,6182,8382,9056
9718,2457,8225,7283,5692,164
9718,2457,8225,3887,4397,3843
9718,2457,8225,915,9600,6270
9718,2457,8225,7394,1930,1986
9718,2457,8225,9947,3836,6282
9718,2457,8225,2745,793,4725
9718,2457,8225,2133,8350,6023
9718,2457,8225,3952,4157,7168
