9846,2110,1115,2650,4237,9304
9846,2110,1115,4514,2680,8129
9846,2110,1115,9431,1804,4437
9846,2110,1115,1533,5034,9197
9846,2110,1115,7618,8036,3684
9846,2110,1115,1473,536,6682
9846,2110,1115,5393,32,7204
9846,2110,1115,4929,5269,1795
9846,2110,1115,506,6053,8706
9846,2110,1115,4888,6180,2984
9846,2110,1115,5107,5524,8330
9846,2110,1115,9027,1381,5592
9846,2110,1115,9175,9722,8657
9846,2110,1115,7938,8998,5190
9846,2110,1115,1112,4089,9306
9846,2110,1115,9767,1491,5146
9846,2110,1115,6431,3199,444
9846,2110,1115,5000,5290,6968
9846,2110,1115,6771,2603,4633
9846,2110,1115,3266,8418,4003
9846,2110,1115,9698,1717,5406
9846,2110,1115,8568,3835,3501
9846,2110,1115,1818,2574,6681
9846,2110,1115,9429,8953,1259
9846,2110,1115,796,3105,2973
9846,2110,1115,1951,8038,1036
9846,2110,1115,9000,5462,4617
9846,2110,1115,2748,115,3374
9846,2110,1115,431,599,9910
9846,2110,1115,9518,6479,8237
9846,2110,1115,9781,8235,7572
9846,2110,1115,9690,9913,7558
9846,2110,1115,6543,7948,5602
9846,2110,1115,5997,5323,3338
9846,2110,1115,9659,1195,6027
9846,2110,1115,7472,1618,2839
9846,2110,1115,9397,3783,7055
9846,2110,1115,6173,7249,6399
9846,2110,1115,160,3491,9373
9846,2110,1115,4005,9866,4393
9846,2110,1115,3703,1021,3600
9846,2110,1115,2017,1453,6886
9846,2110,1115,342,8553,1759
9846,2110,1115,5987,3420,9935
9846,2110,1115,7924,3121,3525
9846,2110,1115,2754,7791,3892
9846,2110,1115,9312,2055,6387
9846,2110,1115,8182,4916,9296
9846,2110,1115,7738,1272,2566
9846,2110,1115,4342,9216,6601
9846,2110,1115,7507,125,2016
9846,2110,1115,7757,518,4475
9846,2110,1115,4651,3740,4385
9846,2110,1115,734,1002,4986
9846,2110,1115,8802,5789,8187
9846,2110,1115,9519,3672,8085
9846,2110,1115,9708,1191,1880
9846,2110,1115,4729,9242,8311
9846,2110,1115,5627,4702,7070
9846,2110,1115,2559,860,476
9846,2110,1115,2862,2275,3921
9846,2110,1115,4410,9444,2360
9846,2110,1115,2577,6326,8295
9846,2110,1115,6837,2481,2344
9846,2110,1115,516,9161,1939
9846,2110,1115,4765,7252,4235
9846,2110,1115,8760,2115,4982
9846,2110,1115,1165,3417,1226
9846,2110,1115,2080,9746,8361
9846,2110,1115,232,9744,4651
9846,2110,1115,1684,6351,847
9846,2110,1115,4538,3313,5882
9846,2110,1115,2197,767,1181
9846,2110,1115,8887,487,9169
9846,2110,1115,373,2529,940
9846,2110,1115,1377,4826,5658
9846,2110,1115,7715,3437,3175
9846,2110,1115,5662,8631,8088
9846,2110,1115,575,9733,6571
9846,2110,1115,8939,4539,6824
9846,2110,1115,2702,1741,2566
9846,2110,1115,5097,3551,6680
9846,2110,1115,624,9556,3097
9846,2110,1115,5709,4827,1292
9846,2110,1115,6465,7538,6492
9846,2110,1115,7272,1816,7646
9846,2110,1115,4152,8396,1118
9846,2110,1115,9946,1907,7213
9846,2110,1115,1934,4136,3570
9846,2110,1115,8586,7040,495
9846,2110,1115,2508,6319,7115
9846,2110,1115,4523,7028,550
9846,2110,1115,6566,2470,4281
9846,2110,1115,6823,1599,4042
9846,2110,1115,9987,1959,6063
9846,2110,1115,9120,506,8789
9846,2110,1115,9409,605,1208
9846,2110,1115,7993,2119,7816
9846,2110,1115,5339,2186,3282
9846,2110,1115,761,8945,5779
9846,2110,1115,4748,6238,8727
9846,2110,1115,6739,6397,8013
9846,2110,1115,6976,6936,8296
9846,2110,1115,2143,5030,6893
9846,2110,1115,2057,7052,5295
9846,2110,1115,9347,6789,6245
9846,2110,1115,6711,671,7994
9846,2110,1115,2171,330,7782
9846,2110,1115,446,6989,6270
9846,2110,1115,9503,162,1650
9846,2110,1115,6880,6065,5782
9846,2110,1115,798,7505,2104
9846,2110,1115,9524,1940,8107
9846,2110,1115,6917,1020,5412
9846,2110,1115,2854,4165,1149
9846,2110,1115,8706,9674,5882
9846,2110,1115,8527,3575,739
9846,2110,1115,4832,9362,7337
9846,2110,1115,5723,7671,8447
9846,2110,1115,6792,6575,3751
9846,2110,1115,5387,8699,1344
9846,2110,1115,9539,4860,2528
9846,2110,1115,1288,7852,9504
9846,2110,1115,108,5547,5725
9846,2110,1115,7417,844,1344
9846,2110,1115,5675,587,4724
9846,2110,1115,807,4713,2760
9846,2110,1115,2437,1397,8810
9846,2110,1115,881,2814,5740
9846,2110,1115,9227,3195,3055
9846,2110,1115,2059,7914,5541
9846,2110,1115,2219,476,3503
9846,2110,1115,3834,6327,5468
9846,2110,1115,8352,5781,9085
9846,2110,1115,2012,2284,7309
9846,2110,1115,9024,7993,5551
9846,2110,1115,9776,4999,516
9846,2110,1115,9333,3437,1058
9846,2110,1115,7692,7312,8842
9846,2110,1115,7913,8793,4695
9846,2110,1115,2818,2693,3724
9846,2110,1115,8157,7988,1519
9846,2110,1115,6274,134,8277
9846,2110,1115,996,9121,1096
9846,2110,1115,6394,9889,3451
9846,2110,1115,7204,4191,5320
9846,2110,1115,3801,6598,5916
9846,2110,1115,350,5077,4950
9846,2110,1115,1262,5992,5590
9846,2110,1115,4916,6828,256
9846,2110,1115,2098,9629,7677
9846,2110,1115,5428,9876,1621
9846,2110,1115,2542,3728,210
9846,2110,1115,5275,3359,9312
9846,2110,1115,3519,3288,8387
9846,2110,1115,1742,2901,1582
9846,2110,1115,4139,7802,6958
9846,2110,1115,2917,7882,473
9846,2110,1115,7042,6265,8558
9846,2110,1115,5422,6734,7614
9846,2110,1115,4761,4820,3425
9846,2110,1115,9442,3305,1915
9846,2110,1115,908,608,7089
9846,2110,1115,4069,1388,8702
9846,2110,1115,5365,4767,6864
9846,2110,1115,5881,7185,5298
9846,2110,1115,4277,6997,2629
9846,2110,1115,8794,7981,8576
9846,2110,1115,6948,9175,2809
9846,2110,1115,9140,4033,9048
9846,2110,1115,7670,3353,6795
9846,2110,1115,6721,5688,6038
9846,2110,1115,9585,4390,5733
9846,2110,1115,9756,33,2528
9846,2110,1115,5222,5239,4950
9846,2110,1115,7020,9723,4624
9846,2110,1115,7170,4399,6240
9846,2110,1115,4935,9925,8627
9846,2110,1115,7557,6516,1588
9846,2110,1115,5690,9814,2998
9846,2110,1115,1638,5251,4860
9846,2110,1115,5736,9302,8408
9846,2110,1115,2082,832,4626
9846,2110,1115,8324,1944,6367
9846,2110,1115,4833,2751,7904
9846,2110,1115,7635,347,4793
9846,2110,1115,6995,1800,6907
9846,2110,1115,7607,6283,7697
9846,2110,1115,1424,9500,3985
9846,2110,1115,3,206,9771
9846,2110,1115,1332,6041,9326
9846,2110,1115,2957,5306,4559
9846,2110,1115,4758,610,9755
9846,2110,1115,8909,1929,4162
9846,2110,1115,7926,3745,5375
9846,2110,1115,1928,8944,6754
9846,2110,1115,6642,6396,9491
9846,2110,1115,8498,4773,1496
9846,2110,1115,9219,4143,889
9846,2110,1115,4782,863,1850
9846,2110,1115,3616,7160,3372
9846,2110,1115,6865,826,507
9846,2110,1115,3242,1673,5720
9846,2110,1115,2292,8625,4971
9846,2110,1115,7646,8195,5966
9846,2110,1115,4145,6971,5084
9846,2110,1115,2234,1377,952
9846,2110,1115,4472,4994,4039
9846,2110,1115,1905,1274,5882
9846,2110,1115,436,5118,5473
9846,2110,1115,4382,2157,3007
9846,2110,1115,4523,8083,8905
9846,2110,1115,1357,5982,8925
9846,2110,1115,3678,4419,4064
9846,2110,1115,8446,6117,5445
9846,2110,1115,6460,1117,5015
9846,2110,1115,9275,1428,1368
9846,2110,1115,4241,5558,3760
9846,2110,1115,4906,4873,5045
9846,2110,1115,8062,2994,3171
9846,2110,1115,7463,9364,1156
9846,2110,1115,1390,8747,9379
9846,2110,1115,4644,7757,5836
9846,2110,1115,8844,1323,227
9846,2110,1115,2730,5216,9938
9846,2110,1115,3166,688,1308
9846,2110,1115,5385,5658,3736
9846,2110,1115,1867,4854,6600
9846,2110,1115,176,5521,2534
9846,2110,1115,8463,3176,6440
9846,2110,1115,2958,5355,5742
9846,2110,1115,4414,757,6282
9846,2110,1115,3864,7034,6692
9846,2110,1115,8084,744,1173
9846,2110,1115,7515,4276,3151
9846,2110,1115,2053,2298,6364
9846,2110,1115,2991,5599,1979
9846,2110,1115,9625,9744,2905
9846,2110,1115,7746,4426,9227
9846,2110,1115,379,5593,8794
9846,2110,1115,9456,3269,8631
9846,2110,1115,2614,6842,6988
9846,2110,1115,3396,9207,5936
9846,2110,1115,4671,9653,7998
9846,2110,1115,1735,1014,2460
9846,2110,1115,3621,5846,3076
9846,2110,1115,8807,7478,7021
9846,2110,1115,1433,3812,2121
9846,2110,1115,6088,4139,7475
9846,2110,1115,977,4717,6760
9846,2110,1115,2794,4723,7225
9846,2110,1115,8933,3125,4399
9846,2110,1115,3841,2935,437
9846,2110,1115,1162,6885,4900
9846,2110,1115,1096,3831,9496
9846,2110,1115,8536,5476,2516
9846,2110,1115,2090,5478,4486
9846,2110,1115,3041,9811,8963
9846,2110,1115,7747,3668,333
9846,2110,1115,9708,2079,5599
9846,2110,1115,8447,6637,5733
9846,2110,1115,8868,9951,6610
9846,2110,1115,8124,1115,4931
9846,2110,1115,9505,5173,4994
9846,2110,1115,4705,766,994
9846,2110,1115,1588,5658,7051
9846,2110,1115,7089,9686,9466
9846,2110,1115,7399,4317,749
9846,2110,1115,8184,806,7401
9846,2110,1115,6100,6737,3331
9846,2110,1115,4211,3219,5508
9846,2110,1115,137,5942,5807
9846,2110,1115,5237,5061,2902
9846,2110,1115,2715,2704,3049
9846,2110,1115,5340,5753,3108
9846,2110,1115,5907,5003,5249
9846,2110,1115,1587,4123,2882
9846,2110,1115,1015,6696,2572
9846,2110,1115,7527,1022,5920
9846,2110,1115,8721,9551,4533
9846,2110,1115,6396,9746,280
9846,2110,1115,3312,1702,9897
9846,2110,1115,8315,5431,9829
9846,2110,1115,6989,2649,2141
9846,2110,1115,5520,1093,4035
9846,2110,1115,3159,7400,1573
9846,2110,1115,2249,9614,9367
9846,2110,1115,5349,1744,5410
9846,2110,1115,4829,7510,564
9846,2110,1115,6621,7011,9386
9846,2110,1115,8014,8149,7317
9846,2110,1115,529,8610,6313
9846,2110,1115,4135,3972,5387
9846,2110,1115,3445,7026,2563
9846,2110,1115,6720,4834,3563
9846,2110,1115,6953,2084,3652
9846,2110,1115,7208,3101,459
9846,2110,1115,2144,9973,4221
9846,2110,1115,7874,718,2387
9846,2110,1115,7532,9386,3906
9846,2110,1115,5140,1079,4357
9846,2110,1115,2915,3176,4443
9846,2110,1115,8124,4108,7091
9846,2110,1115,3131,5538,5651
9846,2110,1115,3215,2279,6962
9846,2110,1115,4172,4527,9508
9846,2110,1115,960,3463,4358
9846,2110,1115,5985,9913,3954
9846,2110,1115,9342,1927,5320
9846,2110,1115,6353,2250,8870
9846,2110,1115,4747,7544,7871
9846,2110,1115,9477,6087,2837
9846,2110,1115,6321,801,6044
9846,2110,1115,9854,3238,4517
9846,2110,1115,4493,8595,5743
9846,2110,1115,6617,4110,9450
9846,2110,1115,6438,4736,9616
9846,2110,1115,4514,4366,5441
9846,2110,1115,7176,6278,8379
9846,2110,1115,3511,1382,2452
9846,2110,1115,8483,1775,3565
9846,2110,1115,663,5190,1378
9846,2110,1115,8441,2065,5447
9846,2110,1115,5205,6419,9990
9846,2110,1115,2277,8337,1836
9846,2110,1115,1545,5002,8276
9846,2110,1115,9657,7623,5792
9846,2110,1115,7796,2925,3496
9846,2110,1115,8469,953,5508
9846,2110,1115,4994,575,6135
4264,2912,6604,2230,2822,9220
4264,2912,6604,6967,6016,3899
4264,2912,6604,9498,7394,5544
4264,2912,6604,4002,1811,7105
4264,2912,6604,1661,9835,8955
4264,2912,6604,2407,7540,6915
4264,2912,6604,9814,5542,4716
4264,2912,6604,4146,6939,2077
4264,2912,6604,8513,2105,3707
4264,2912,6604,2381,4316,3196
4264,2912,6604,4836,9414,2252
4264,2912,6604,248,9589,2800
4264,2912,6604,2080,4006,2166
4264,2912,6604,4533,7227,3731
4264,2912,6604,3210,5286,2212
4264,2912,6604,3671,2496,4194
4264,2912,6604,5940,7967,2878
4264,2912,6604,1468,6979,9208
4264,2912,6604,7350,8841,1469
4264,2912,6604,2245,6459,1408
4264,2912,6604,5893,2175,9193
4264,2912,6604,8036,1955,7253
4264,2912,6604,9589,3492,1555
4264,2912,6604,1911,7493,8890
4264,2912,6604,5241,2510,7325
4264,2912,6604,3443,6824,8545
4264,2912,6604,5726,85,5922
4264,2912,6604,9661,1717,9761
4264,2912,6604,9855,6316,8123
4264,2912,6604,8925,3242,8585
4264,2912,6604,6224,2503,3256
4264,2912,6604,8502,3318,3561
4264,2912,6604,5522,6339,8391
4264,2912,6604,4703,5784,8412
4264,2912,6604,4042,5445,8952
4264,2912,6604,5889,4384,2177
4264,2912,6604,4703,3753,5877
4264,2912,6604,1832,7736,8400
4264,2912,6604,5764,6446,4359
4264,2912,6604,5201,8133,1167
4264,2912,6604,1599,7009,7027
4264,2912,6604,5130,6506,9733
4264,2912,6604,1584,5345,127
4264,2912,6604,8335,1280,5560
4264,2912,6604,2142,8064,8759
4264,2912,6604,1099,6311,3225
4264,2912,6604,8318,8293,403
4264,2912,6604,5086,8967,3951
4264,2912,6604,9756,2428,9872
4264,2912,6604,2736,6652,2219
4264,2912,6604,7354,2364,1905
4264,2912,6604,5811,4629,6291
4264,2912,6604,2409,9412,1521
4264,2912,6604,3316,6438,6980
4264,2912,6604,8977,2583,4822
4264,2912,6604,7395,6489,6609
4264,2912,6604,1841,3830,6170
4264,2912,6604,4711,8400,6753
4264,2912,6604,4341,121,8403
4264,2912,6604,295,4437,3452
4264,2912,6604,3179,3367,9332
4264,2912,6604,1074,3467,4483
4264,2912,6604,7691,2189,6392
4264,2912,6604,1486,7167,4570
4264,2912,6604,3980,9883,3497
4264,2912,6604,7978,6627,255
4264,2912,6604,1736,9499,390
4264,2912,6604,7022,7899,2504
4264,2912,6604,8517,3674,4511
4264,2912,6604,758,9085,1549
4264,2912,6604,8695,3505,4644
4264,2912,6604,3830,4212,6887
4264,2912,6604,2710,9827,1444
4264,2912,6604,5507,1238,6645
4264,2912,6604,3878,1898,8871
4264,2912,6604,2957,9015,1852
4264,2912,6604,6526,2342,1414
4264,2912,6604,8603,1433,9970
4264,2912,6604,9951,8499,8033
4264,2912,6604,8031,1244,4632
4264,2912,6604,6732,2753,67
4264,2912,6604,4476,8067,689
4264,2912,6604,2150,2079,2753
4264,2912,6604,5504,9923,4608
4264,2912,6604,2156,6899,6607
4264,2912,6604,6828,3167,9083
4264,2912,6604,9249,8529,5275
4264,2912,6604,1783,9056,74
4264,2912,6604,7290,3749,5983
4264,2912,6604,4994,5720,2939
4264,2912,6604,4797,4899,5972
4264,2912,6604,1701,8060,6018
4264,2912,6604,3065,4327,3249
4264,2912,6604,4421,2265,5384
4264,2912,6604,411,6205,1781
4264,2912,6604,7761,8852,5390
4264,2912,6604,4924,9447,6332
4264,2912,6604,9217,2987,7810
4264,2912,6604,8650,6681,2953
4264,2912,6604,9637,2434,2606
4264,2912,6604,3347,381,1838
4264,2912,6604,264,3348,9913
4264,2912,6604,2547,6276,2999
4264,2912,6604,1900,4357,989
4264,2912,6604,3663,6787,4296
4264,2912,6604,8867,6944,9752
4264,2912,6604,5872,1636,8306
4264,2912,6604,5291,2971,8774
4264,2912,6604,2604,7663,8850
4264,2912,6604,734,5244,2251
4264,2912,6604,167,7677,7249
4264,2912,6604,3032,5446,555
4264,2912,6604,5664,6845,4746
4264,2912,6604,8996,323,1966
4264,2912,6604,6701,198,3048
4264,2912,6604,4590,6894,1068
4264,2912,6604,5667,6422,5325
4264,2912,6604,5535,7338,4795
4264,2912,6604,6083,2087,6686
4264,2912,6604,5094,2501,6480
4264,2912,6604,327,9697,5280
4264,2912,6604,2806,8440,8967
4264,2912,6604,9974,8500,8190
4264,2912,6604,6990,3654,6702
4264,2912,6604,1415,4128,2835
4264,2912,6604,7774,8396,6019
4264,2912,6604,3680,6851,237
4264,2912,6604,2783,19,4805
4264,2912,6604,5397,7126,9407
4264,2912,6604,2364,5504,3584
4264,2912,6604,1930,4550,7320
4264,2912,6604,6236,9510,6262
4264,2912,6604,348,5946,1804
4264,2912,6604,6206,2541,9481
4264,2912,6604,7324,1649,8559
4264,2912,6604,9027,9818,1238
4264,2912,6604,272,6293,1975
4264,2912,6604,2494,2671,252
4264,2912,6604,249,7896,8351
4264,2912,6604,2703,5151,4443
4264,2912,6604,5209,84,4159
4264,2912,6604,4507,7820,6277
4264,2912,6604,4122,3439,5382
4264,2912,6604,8883,2825,2959
4264,2912,6604,8447,7348,9616
4264,2912,6604,6865,608,5532
4264,2912,6604,4146,1581,3554
4264,2912,6604,6335,402,6479
4264,2912,6604,4092,3085,1762
4264,2912,6604,894,9905,9254
4264,2912,6604,5687,8150,5932
4264,2912,6604,2380,6196,1311
4264,2912,6604,5045,1979,5553
4264,2912,6604,3959,979,9531
4264,2912,6604,275,9082,8982
4264,2912,6604,7123,703,3388
4264,2912,6604,1896,5819,5876
4264,2912,6604,7749,3528,8884
4264,2912,6604,4867,9389,5428
4264,2912,6604,243,9501,9114
4264,2912,6604,6570,6544,8099
4264,2912,6604,8540,257,8066
4264,2912,6604,7022,7234,9980
4264,2912,6604,8929,6978,4053
4264,2912,6604,3709,7787,7748
4264,2912,6604,1112,1585,540
4264,2912,6604,3053,1625,3052
4264,2912,6604,6853,2620,9686
4264,2912,6604,5160,1270,4189
4264,2912,6604,9264,5247,3358
4264,2912,6604,7553,1243,6712
4264,2912,6604,9338,2513,5109
4264,2912,6604,5940,671,2877
4264,2912,6604,3864,2513,5430
4264,2912,6604,8116,2425,2850
4264,2912,6604,7372,1190,4128
4264,2912,6604,372,6014,82
4264,2912,6604,4295,2225,7326
4264,2912,6604,5976,2836,7031
4264,2912,6604,5234,6074,7957
