7488,2840,3485,6663,8746,9421
7488,2840,3485,6673,1438,1315
7488,2840,3485,7194,321,6304
7488,2840,3485,1963,1247,9513
7488,2840,3485,1994,4762,4957
7488,2840,3485,3930,9532,8806
7488,2840,3485,8384,971,4445
7488,2840,3485,2461,8782,8030
7488,2840,3485,5648,9344,5589
7488,2840,3485,6845,7305,2277
7488,2840,3485,3308,987,4928
7488,2840,3485,8554,6739,3819
7488,2840,3485,4883,6573,2947
7488,2840,3485,7918,9174,6759
7488,2840,3485,8056,939,8930
7488,2840,3485,4349,8275,842
7488,2840,3485,8172,1788,6878
7488,2840,3485,5769,2270,5179
7488,2840,3485,6294,4182,9596
7488,2840,3485,7153,1547,7336
7488,2840,3485,8011,8433,6473
7488,2840,3485,1694,1974,8253
7488,2840,3485,2891,693,1180
7488,2840,3485,8000,1760,3364
7488,2840,3485,3334,9432,2015
7488,2840,3485,5818,6180,1180
7488,2840,3485,2202,1024,915
7488,2840,3485,2704,7837,2961
7488,2840,3485,5337,2570,8849
7488,2840,3485,7857,7814,5926
7488,2840,3485,5891,8924,2316
7488,2840,3485,9795,1921,9378
7488,2840,3485,2444,5418,8959
7488,2840,3485,7911,4193,2435
7488,2840,3485,7319,906,6258
7488,2840,3485,2257,5528,430
7488,2840,3485,2720,1048,1106
7488,2840,3485,3063,7223,2959
7488,2840,3485,6843,3290,3883
7488,2840,3485,5468,6892,6579
7488,2840,3485,469,4122,3371
7488,2840,3485,364,5080,5698
7488,2840,3485,3647,8645,9087
7488,2840,3485,707,6386,3850
7488,2840,3485,5225,1639,1954
7488,2840,3485,1842,3578,6184
7488,2840,3485,8769,2452,4648
7488,2840,3485,7028,4286,5557
7488,2840,3485,4043,5040,9538
7488,2840,3485,1983,1846,1871
7488,2840,3485,9660,4387,4471
7488,2840,3485,2348,8565,4242
7488,2840,3485,4501,7863,2308
7488,2840,3485,7139,400,5730
7488,2840,3485,2932,3821,2088
7488,2840,3485,9872,8105,3169
7488,2840,3485,4959,587,6045
7488,2840,3485,2143,332,2476
7488,2840,3485,3230,2256,885
7488,2840,3485,6293,4533,288
7488,2840,3485,4894,7955,9600
7488,2840,3485,7611,5857,1164
7488,2840,3485,7348,8510,8551
7488,2840,3485,1127,9588,3326
7488,2840,3485,6803,9489,5315
7488,2840,3485,5325,251,1255
7488,2840,3485,8003,162,8546
7488,2840,3485,8327,5458,8556
7488,2840,3485,9057,3792,5854
7488,2840,3485,3569,8794,5843
7488,2840,3485,4254,3370,5603
7488,2840,3485,9609,9321,3947
7488,2840,3485,7797,2012,7520
7488,2840,3485,1646,8112,2541
7488,2840,3485,1868,34,572
7488,2840,3485,9790,1924,2003
7488,2840,3485,9450,5979,6055
7488,2840,3485,9794,5286,4108
7488,2840,3485,3563,869,640
7488,2840,3485,4170,1910,4773
7488,2840,3485,6793,4212,144
7488,2840,3485,6771,7809,6235
7488,2840,3485,1108,6667,6981
7488,2840,3485,7016,4113,8514
7488,2840,3485,9404,2404,9065
7488,2840,3485,5175,1883,6444
7488,2840,3485,4086,9656,2370
7488,2840,3485,7649,1308,5916
7488,2840,3485,2916,6780,6569
7488,2840,3485,3375,4831,6520
7488,2840,3485,5076,8148,1646
7488,2840,3485,9315,128,4619
7488,2840,3485,551,3506,6788
7488,2840,3485,1558,1006,2683
7488,2840,3485,6025,6590,2035
7488,2840,3485,3680,4429,2526
7488,2840,3485,7817,1611,5242
7488,2840,3485,2811,7725,7037
7488,2840,3485,7213,2839,8459
7488,2840,3485,1695,5465,6665
7488,2840,3485,5404,1998,1897
7488,2840,3485,1025,5683,2694
7488,2840,3485,6900,8081,5498
7488,2840,3485,9167,6935,6828
7488,2840,3485,8768,7088,7326
7488,2840,3485,7511,9296,4711
7488,2840,3485,1092,9199,8538
7488,2840,3485,64,4665,1213
7488,2840,3485,6467,3738,6086
7488,2840,3485,8518,944,1611
7488,2840,3485,4444,595,4322
7488,2840,3485,5837,8500,9920
7488,2840,3485,4398,8912,8762
7488,2840,3485,1725,1812,7793
7488,2840,3485,2586,3876,1836
7488,2840,3485,5271,7732,850
7488,2840,3485,1114,8947,9872
7488,2840,3485,1505,8327,7086
7488,2840,3485,4184,6068,2411
7488,2840,3485,2068,7333,8578
7488,2840,3485,4240,606,9726
7488,2840,3485,3186,1979,6035
7488,2840,3485,1984,8123,3199
7488,2840,3485,1146,999,7984
7488,2840,3485,9893,2123,3059
7488,2840,3485,2899,4247,566
7488,2840,3485,9921,1355,3586
7488,2840,3485,4737,2720,7519
7488,2840,3485,9746,1189,7282
7488,2840,3485,229,1675,3498
7488,2840,3485,8225,2903,388
7488,2840,3485,2509,9524,4506
7488,2840,3485,7991,9653,1761
7488,2840,3485,752,7176,3681
7488,2840,3485,5784,3047,7161
7488,2840,3485,3062,3825,5045
7488,2840,3485,7870,625,4922
7488,2840,3485,557,3322,6452
7488,2840,3485,698,767,3737
7488,2840,3485,2318,7978,3838
7488,2840,3485,5147,2545,9506
7488,2840,3485,6583,8729,9890
7488,2840,3485,9015,3558,4342
7488,2840,3485,4112,8796,6504
7488,2840,3485,1368,4417,6633
7488,2840,3485,852,6252,8700
7488,2840,3485,4014,5876,7269
7488,2840,3485,7200,3279,2639
7488,2840,3485,5120,2716,4348
7488,2840,3485,7871,5811,6725
7488,2840,3485,6686,9577,5470
7488,2840,3485,5671,2470,181
7488,2840,3485,2013,8653,2922
7488,2840,3485,2025,8501,5035
7488,2840,3485,2926,2239,540
7488,2840,3485,6433,318,390
7488,2840,3485,3586,918,5063
7488,2840,3485,5963,3396,1705
7488,2840,3485,9678,655,8782
7488,2840,3485,2160,7201,5176
7488,2840,3485,7364,3020,8800
7488,2840,3485,6615,2733,2560
7488,2840,3485,8727,5458,6143
7488,2840,3485,5630,7716,5614
7488,2840,3485,254,7999,9967
7488,2840,3485,9190,538,6049
7488,2840,3485,391,8136,6325
7488,2840,3485,8580,62,6516
7488,2840,3485,2442,4548,5789
7488,2840,3485,3476,2785,8735
7488,2840,3485,5527,686,8781
7488,2840,3485,6275,1624,5256
7488,2840,3485,9000,8246,4661
7488,2840,3485,5793,7977,4729
7488,2840,3485,7890,3334,3123
7488,2840,3485,5457,7953,328
7488,2840,3485,9426,220,1097
7488,2840,3485,8124,8627,6135
7488,2840,3485,5333,1365,3520
7488,2840,3485,4831,1983,8477
7488,2840,3485,1402,1292,7400
7488,2840,3485,9314,612,5152
7488,2840,3485,800,7027,5844
7488,2840,3485,4081,2900,3146
7488,2840,3485,6760,9897,784
7488,2840,3485,5461,5672,3568
7488,2840,3485,1310,723,5322
7488,2840,3485,1225,8589,6079
7488,2840,3485,3839,6946,8379
7488,2840,3485,8583,9074,2460
7488,2840,3485,2939,7691,840
7488,2840,3485,9226,1509,6656
7488,2840,3485,60,3855,6938
7488,2840,3485,8716,9952,7711
7488,2840,3485,6608,4619,9317
7488,2840,3485,7420,5771,7279
7488,2840,3485,138,4966,1721
7488,2840,3485,432,2150,9896
7488,2840,3485,2539,6568,3834
7488,2840,3485,3608,232,314
7488,2840,3485,3320,7390,6433
7488,2840,3485,214,3435,8038
7488,2840,3485,994,5023,1227
7488,2840,3485,9561,957,1850
7488,2840,3485,352,2658,7260
7488,2840,3485,2808,6402,6134
7488,2840,3485,3855,1498,1761
7488,2840,3485,9281,2298,9802
7488,2840,3485,5315,6933,6125
7488,2840,3485,8818,5356,2488
7488,2840,3485,1736,2556,9888
7488,2840,3485,5871,6030,7276
7488,2840,3485,1938,2059,4576
7488,2840,3485,3672,7138,3295
7488,2840,3485,6117,724,5875
7488,2840,3485,6916,1718,1450
7488,2840,3485,6355,1563,7322
7488,2840,3485,9699,13,3132
7488,2840,3485,4438,2200,6376
7488,2840,3485,3050,2090,3406
7488,2840,3485,3808,9290,2330
7488,2840,3485,7446,7494,3555
7488,2840,3485,482,3559,7260
7488,2840,3485,9257,9455,4520
7488,2840,3485,7694,6295,1186
7488,2840,3485,5578,8051,9295
7488,2840,3485,9839,6222,990
7488,2840,3485,7970,6561,281
7488,2840,3485,2695,817,929
7488,2840,3485,1306,6572,4758
7488,2840,3485,3664,6240,9148
7488,2840,3485,2354,3866,4421
7488,2840,3485,499,6970,6734
7488,2840,3485,4432,1984,2100
7488,2840,3485,9369,9925,6448
7488,2840,3485,3335,8944,4621
7488,2840,3485,4738,9866,1092
7488,2840,3485,548,6331,5418
7488,2840,3485,4495,1137,5182
7488,2840,3485,448,7420,1240
7488,2840,3485,1497,3580,8316
7488,2840,3485,4777,8438,2679
7488,2840,3485,8797,8214,5062
7488,2840,3485,2922,9929,1874
7488,2840,3485,1949,5133,6574
7488,2840,3485,1316,7337,6941
7488,2840,3485,1503,2282,1649
7488,2840,3485,9541,1715,5486
7488,2840,3485,1569,9060,1707
7488,2840,3485,1769,4970,9411
7488,2840,3485,5826,6925,1391
7488,2840,3485,8754,964,6931
7488,2840,3485,3745,7856,2601
7488,2840,3485,7074,441,4908
7488,2840,3485,5652,4650,5464
7488,2840,3485,7232,3287,8837
7488,2840,3485,5922,8569,961
7488,2840,3485,7093,5955,507
7488,2840,3485,2245,9213,4731
7488,2840,3485,202,8091,1786
7488,2840,3485,5689,3120,1497
7488,2840,3485,9443,3663,9542
7488,2840,3485,2987,8987,1002
7488,2840,3485,2219,1662,2152
7488,2840,3485,4550,9901,544
7488,2840,3485,2368,6279,5176
7488,2840,3485,7350,1030,5187
7488,2840,3485,2029,119,3932
7488,2840,3485,8590,7663,2051
7488,2840,3485,596,1167,6356
7488,2840,3485,9523,5040,735
7488,2840,3485,9860,1245,9481
7488,2840,3485,6415,9456,3117
7488,2840,3485,9427,198,3875
7488,2840,3485,6456,1416,9254
7488,2840,3485,9982,5944,9970
7488,2840,3485,2319,4059,1670
7488,2840,3485,7410,5557,74
7488,2840,3485,3121,9133,5399
7488,2840,3485,1202,5344,3167
7488,2840,3485,1994,3062,6447
7488,2840,3485,2577,7743,8622
7488,2840,3485,6194,74,2343
7488,2840,3485,6566,4430,6380
7488,2840,3485,8108,7929,4517
7488,2840,3485,420,2074,6516
7488,2840,3485,177,8260,7599
7488,2840,3485,93,5441,8926
7488,2840,3485,6536,9197,6169
7488,2840,3485,2117,3743,2359
7488,2840,3485,4166,212,4278
7488,2840,3485,4419,1297,158
7488,2840,3485,5900,90,9036
7488,2840,3485,9887,3343,1895
7488,2840,3485,1572,9612,4007
7488,2840,3485,118,6553,5453
7488,2840,3485,9810,5636,2818
7488,2840,3485,1918,181,2706
7488,2840,3485,497,9141,6579
7488,2840,3485,826,4634,6660
7488,2840,3485,5497,2451,6392
7488,2840,3485,7827,2540,7831
7488,2840,3485,9706,7824,8427
7488,2840,3485,8179,3663,9035
7488,2840,3485,5490,1253,7594
7488,2840,3485,5348,3326,9896
7488,2840,3485,1545,4603,2063
7488,2840,3485,3033,3763,3273
7488,2840,3485,6853,9813,5136
7488,2840,3485,5473,8110,6138
7488,2840,3485,1318,5137,6887
7488,2840,3485,1858,5031,4773
7488,2840,3485,341,3139,4855
7488,2840,3485,2954,4670,6863
7488,2840,3485,5951,5146,8256
7488,2840,3485,3784,238,6430
7488,2840,3485,2915,3900,3343
7488,2840,3485,8770,2106,8196
7488,2840,3485,545,7071,8942
7488,2840,3485,6986,6030,6831
7488,2840,3485,5391,782,7083
7488,2840,3485,1628,98,2291
7488,2840,3485,9006,2460,7011
7488,2840,3485,3532,9444,8614
7488,2840,3485,3028,19,167
7488,2840,3485,6867,567,3660
7488,2840,3485,2940,7744,5910
7488,2840,3485,9970,6529,875
7488,2840,3485,880,5215,9889
7488,2840,3485,719,9752,6573
7488,2840,3485,1119,4539,6162
7488,2840,3485,7541,4504,7714
7488,2840,3485,657,5469,3364
7488,2840,3485,6040,8765,9752
7488,2840,3485,5890,6750,2127
7488,2840,3485,874,59,4078
7488,2840,3485,4636,7992,6649
7488,2840,3485,5911,7625,3694
7488,2840,3485,548,5019,5372
7488,2840,3485,5484,9938,1216
7488,2840,3485,1765,8259,6291
7488,2840,3485,8598,7204,7831
7488,2840,3485,3890,7113,3343
7488,2840,3485,9697,5293,2676
7488,2840,3485,2523,5004,7685
7488,2840,3485,2074,6365,8772
7488,2840,3485,8799,7708,5253
7488,2840,3485,542,8524,8277
7488,2840,3485,263,6879,7418
7488,2840,3485,6788,3090,4800
7488,2840,3485,3501,5684,9783
7488,2840,3485,6331,1660,1533
7488,2840,3485,734,5733,8008
7488,2840,3485,1169,334,7453
7488,2840,3485,4950,8198,96
7488,2840,3485,8857,8978,8359
7488,2840,3485,8619,6925,6842
7488,2840,3485,5180,385,6557
7488,2840,3485,3603,3496,9733
7488,2840,3485,2864,942,6242
7488,2840,3485,9835,7773,602
7488,2840,3485,4770,884,850
7488,2840,3485,3011,4352,7677
7488,2840,3485,9504,2414,6106
7488,2840,3485,2519,4909,8860
7488,2840,3485,9054,5846,8304
7488,2840,3485,8545,301,9186
7488,2840,3485,1800,4333,1148
7488,2840,3485,5082,3384,5793
7488,2840,3485,8692,5587,3463
7488,2840,3485,4110,685,617
7488,2840,3485,5829,8009,8569
7488,2840,3485,4634,8468,9315
7488,2840,3485,1452,8512,3451
7488,2840,3485,1256,8975,3010
7488,2840,3485,8426,2744,1573
7488,2840,3485,7963,9977,3371
7488,2840,3485,6433,3554,3482
7488,2840,3485,5744,8178,5306
7488,2840,3485,4097,4790,8202
7488,2840,3485,2295,6584,6918
7488,2840,3485,4429,2212,3026
7488,2840,3485,7495,3556,1990
7488,2840,3485,2825,4324,3823
7488,2840,3485,8852,4064,9752
7488,2840,3485,9989,1392,537
7488,2840,3485,2301,6241,5955
7488,2840,3485,4424,625,1924
7488,2840,3485,8270,9831,9336
7488,2840,3485,7021,7532,6103
7488,2840,3485,444,2714,9811
7488,2840,3485,5164,1011,8635
7488,2840,3485,9156,3895,7060
7488,2840,3485,1742,421,5975
7488,2840,3485,4254,2572,4766
7488,2840,3485,6498,3224,6776
7488,2840,3485,8309,3990,4502
7488,2840,3485,1720,9014,2036
7488,2840,3485,8474,7317,2106
7488,2840,3485,9466,2891,4981
7488,2840,3485,4738,1680,4132
7488,2840,3485,494,5760,6796
7488,2840,3485,3961,4615,3817
7488,2840,3485,4470,9794,5449
7488,2840,3485,9887,174,891
7488,2840,3485,7497,6335,5313
7488,2840,3485,3895,3945,6157
7488,2840,3485,956,5751,7128
7488,2840,3485,8431,5925,4196
7488,2840,3485,6580,2680,9905
7488,2840,3485,6713,2505,7370
7488,2840,3485,4297,9446,8213
7488,2840,3485,3699,7119,6829
7488,2840,3485,5063,7187,1543
7488,2840,3485,5417,1854,9340
7488,2840,3485,4225,3751,5709
7488,2840,3485,3915,2051,9910
7488,2840,3485,6722,7702,299
7488,2840,3485,7340,9754,6869
7488,2840,3485,9693,1938,9221
7488,2840,3485,9938,5032,6419
7488,2840,3485,4617,421,8218
7488,2840,3485,5866,7385,8380
7488,2840,3485,6835,1365,9819
7488,2840,3485,1866,2445,2984
7488,2840,3485,5613,5181,9895
7488,2840,3485,6582,1259,1845
7488,2840,3485,584,9680,8822
7488,2840,3485,8906,2173,8833
7488,2840,3485,6406,8951,1869
7488,2840,3485,9133,6329,9699
7488,2840,3485,9382,8116,4901
7488,2840,3485,9796,2813,3906
7488,2840,3485,916,1401,1718
7488,2840,3485,7273,629,7926
7488,2840,3485,2762,8432,3399
7488,2840,3485,4829,7777,9965
7488,2840,3485,8852,5933,8227
7488,2840,3485,7667,3321,2926
7488,2840,3485,3911,3061,8058
7488,2840,3485,8980,9045,8235
7488,2840,3485,7936,4362,7141
7488,2840,3485,9331,2168,8595
7488,2840,3485,7718,4028,1523
7488,2840,3485,2000,4076,3403
7488,2840,3485,2918,2053,9971
7488,2840,3485,1120,8684,2242
7488,2840,3485,794,9055,5320
7488,2840,3485,1626,1088,4116
7488,2840,3485,9915,4806,5693
7488,2840,3485,4744,8119,1068
7488,2840,3485,6469,2240,276
7488,2840,3485,7692,2283,3117
7488,2840,3485,4279,4566,7293
7488,2840,3485,5164,6439,5784
7488,2840,3485,1237,2549,6238
7488,2840,3485,9565,7455,5226
7488,2840,3485,6277,9361,5764
7488,2840,3485,648,6564,9202
7488,2840,3485,8721,6224,1935
7488,2840,3485,841,1821,2865
7488,2840,3485,4000,2872,7341
7488,2840,3485,3649,7619,8136
7488,2840,3485,6955,369,7884
7488,2840,3485,7475,4851,3479
7488,2840,3485,8603,5070,4705
7488,2840,3485,6654,655,9711
7488,2840,3485,5531,4446,4943
7488,2840,3485,63,6425,3535
7488,2840,3485,8715,9925,5162
7488,2840,3485,3557,9765,6505
7488,2840,3485,1771,4519,6921
7488,2840,3485,931,6329,6125
7488,2840,3485,8292,5140,5303
7488,2840,3485,4230,5025,77
7488,2840,3485,7276,4276,3058
7488,2840,3485,9912,4169,4523
7488,2840,3485,3207,3836,6077
7488,2840,3485,9388,5184,7310
7488,2840,3485,3158,4637,157
7488,2840,3485,3542,356,1081
7488,2840,3485,3709,904,7934
7488,2840,3485,3602,100,7182
7488,2840,3485,8547,9317,9896
7488,2840,3485,478,3394,4570
7488,2840,3485,9491,8735,8030
7488,2840,3485,2762,3068,3671
7488,2840,3485,1905,3485,1050
7488,2840,3485,5763,940,6119
7488,2840,3485,7247,1728,9564
7488,2840,3485,5988,8081,5386
7488,2840,3485,122,1335,7092
7488,2840,3485,4688,9891,2041
7488,2840,3485,9016,4911,1388
7488,2840,3485,9903,9795,413
7488,2840,3485,8899,542,7560
7488,2840,3485,1154,3293,5801
7488,2840,3485,8202,9287,3395
7488,2840,3485,6509,6071,3952
7488,2840,3485,8271,5244,9193
7488,2840,3485,9356,1704,246
7488,2840,3485,5871,768,1107
7488,2840,3485,8539,9596,4203
7488,2840,3485,5389,4790,5442
7488,2840,3485,8042,6429,1475
7488,2840,3485,8023,6400,1467
7488,2840,3485,7517,8220,528
7488,2840,3485,2675,668,5377
7488,2840,3485,5760,1568,7075
7488,2840,3485,1576,2352,2907
