9846,2110,1115,725,7053,4020
9846,2110,1115,254,2694,1127
9846,2110,1115,1782,6131,5367
9846,2110,1115,6816,3505,132
9846,2110,1115,877,4137,4634
9846,2110,1115,6997,9020,8593
9846,2110,1115,3279,8581,7462
9846,2110,1115,628,9134,8752
9846,2110,1115,4666,1966,3493
9846,2110,1115,6598,6834,829
9846,2110,1115,959,6562,3176
9846,2110,1115,6464,5974,3779
9846,2110,1115,222,5414,6640
9846,2110,1115,717,6926,8080
9846,2110,1115,4441,7072,8138
9846,2110,1115,4576,3687,3161
9846,2110,1115,2624,7604,5664
9846,2110,1115,5797,608,2340
9846,2110,1115,4113,1992,9304
9846,2110,1115,1100,917,8317
9846,2110,1115,1027,2253,7494
9846,2110,1115,4891,8995,8162
9846,2110,1115,2202,6426,9806
9846,2110,1115,340,7524,8753
9846,2110,1115,4518,5588,6048
9846,2110,1115,4222,581,5339
9846,2110,1115,9012,9259,3954
9846,2110,1115,4917,1866,7725
9846,2110,1115,9156,4269,2102
9846,2110,1115,8166,421,9018
9846,2110,1115,5370,9169,140
9846,2110,1115,9892,3454,1476
9846,2110,1115,7825,6518,7958
9846,2110,1115,7578,4992,2414
9846,2110,1115,8442,3251,3586
9846,2110,1115,3791,9801,9664
9846,2110,1115,8723,8533,9688
9846,2110,1115,7613,9938,92
9846,2110,1115,7304,6336,7477
9846,2110,1115,42,942,2839
9846,2110,1115,6535,6809,2392
9846,2110,1115,3539,3696,47
9846,2110,1115,4598,2131,7437
9846,2110,1115,5375,8775,7673
9846,2110,1115,3988,7224,3107
9846,2110,1115,1606,6843,591
9846,2110,1115,7315,3869,8356
9846,2110,1115,1280,9723,762
9846,2110,1115,7393,2820,1857
9846,2110,1115,8516,355,3459
9846,2110,1115,8083,1824,6022
9846,2110,1115,5368,7821,8932
9846,2110,1115,5843,829,3489
9846,2110,1115,7292,7506,4764
9846,2110,1115,5850,1343,8495
9846,2110,1115,1803,6373,879
9846,2110,1115,3537,7922,7373
9846,2110,1115,7938,3503,6703
9846,2110,1115,2194,457,8719
9846,2110,1115,2435,1903,324
9846,2110,1115,332,7037,9263
9846,2110,1115,1428,3502,6176
9846,2110,1115,4381,7759,3889
9846,2110,1115,5631,7814,3521
9846,2110,1115,8431,8307,5652
9846,2110,1115,4148,2932,8263
9846,2110,1115,9720,5166,4663
9846,2110,1115,8403,9469,1875
9846,2110,1115,6054,2041,7773
9846,2110,1115,583,714,1837
9846,2110,1115,5188,7760,5119
9846,2110,1115,8765,3299,3698
9846,2110,1115,772,5683,664
9846,2110,1115,5838,4574,7754
9846,2110,1115,4641,6474,499
9846,2110,1115,2557,8525,1089
9846,2110,1115,6066,913,6545
9846,2110,1115,1647,1614,5776
9846,2110,1115,5896,5446,3615
9846,2110,1115,5951,4549,628
9846,2110,1115,7973,9776,4863
9846,2110,1115,4393,6793,9878
9846,2110,1115,3695,8378,3509
9846,2110,1115,2856,5867,182
9846,2110,1115,5203,345,5370
9846,2110,1115,7006,5147,555
9846,2110,1115,4757,6580,3297
9846,2110,1115,64,9346,9508
9846,2110,1115,9695,8179,3303
9846,2110,1115,2307,1611,8620
9846,2110,1115,1175,5521,7230
9846,2110,1115,7537,9591,607
9846,2110,1115,3218,6229,6339
9846,2110,1115,2290,7119,30
9846,2110,1115,4763,7807,9791
9846,2110,1115,7193,2285,3065
9846,2110,1115,7073,2713,7199
9846,2110,1115,6186,3518,1752
9846,2110,1115,1304,5672,4783
9846,2110,1115,879,2781,1317
9846,2110,1115,5464,5373,7766
9846,2110,1115,1409,8449,2920
9846,2110,1115,6345,6763,8007
9846,2110,1115,7449,5893,4076
9846,2110,1115,5133,5065,5990
9846,2110,1115,2754,3874,8038
9846,2110,1115,4735,418,4402
9846,2110,1115,1123,1636,7367
9846,2110,1115,4185,1696,9486
9846,2110,1115,3412,9761,771
9846,2110,1115,9719,7600,4362
9846,2110,1115,947,9043,8887
9846,2110,1115,4416,773,6836
9846,2110,1115,124,2706,9702
9846,2110,1115,8868,959,4293
9846,2110,1115,7588,8408,9821
9846,2110,1115,6500,4739,153
9846,2110,1115,2387,4041,1991
9846,2110,1115,2626,1221,8004
9846,2110,1115,6562,3794,8553
9846,2110,1115,9476,6520,5131
9846,2110,1115,6758,4524,6166
9846,2110,1115,2007,5683,887
9846,2110,1115,814,7990,1109
9846,2110,1115,7531,5144,9400
9846,2110,1115,861,5711,8989
9846,2110,1115,4302,5420,7346
9846,2110,1115,6001,7933,5195
9846,2110,1115,2918,3647,4651
9846,2110,1115,7527,8628,1307
9846,2110,1115,1869,6685,6265
9846,2110,1115,8884,5971,6111
9846,2110,1115,826,8528,5847
9846,2110,1115,7597,3878,9859
9846,2110,1115,1450,1142,6472
9846,2110,1115,9314,4948,9794
9846,2110,1115,2719,8668,7128
9846,2110,1115,5940,1027,4596
9846,2110,1115,6282,3383,5480
9846,2110,1115,9729,3333,2948
9846,2110,1115,1495,6292,9737
9846,2110,1115,7692,2142,7476
9846,2110,1115,147,439,662
9846,2110,1115,8722,9612,5947
9846,2110,1115,2887,4563,1463
9846,2110,1115,3351,9878,882
9846,2110,1115,9600,8113,4504
9846,2110,1115,9417,3940,2444
9846,2110,1115,6822,699,3798
9846,2110,1115,1935,3565,5511
9846,2110,1115,6287,4703,4754
9846,2110,1115,7235,7315,2645
9846,2110,1115,5072,3097,5920
9846,2110,1115,3682,3122,2918
9846,2110,1115,9966,811,5887
9846,2110,1115,3191,6657,7823
9846,2110,1115,1412,429,5922
9846,2110,1115,6084,4564,6119
9846,2110,1115,4534,2869,5284
9846,2110,1115,6367,789,8466
9846,2110,1115,660,2626,796
9846,2110,1115,8760,3957,1400
9846,2110,1115,7531,1250,5651
9846,2110,1115,1409,7376,6221
9846,2110,1115,9922,5884,9947
9846,2110,1115,6182,7003,6520
9846,2110,1115,9640,7827,6007
9846,2110,1115,1588,7655,8890
9846,2110,1115,6031,8684,2022
9846,2110,1115,3510,8133,9927
9846,2110,1115,2072,3186,5003
9846,2110,1115,3702,5728,7811
9846,2110,1115,665,3403,6747
9846,2110,1115,5982,6284,8355
9846,2110,1115,1824,1344,283
9846,2110,1115,667,1324,3647
9846,2110,1115,5956,9132,5391
9846,2110,1115,3837,7297,3347
9846,2110,1115,8796,4967,3679
9846,2110,1115,8578,3357,744
9846,2110,1115,7468,4462,1678
9846,2110,1115,2474,9227,1077
9846,2110,1115,7540,8092,4527
9846,2110,1115,474,5577,3532
9846,2110,1115,4014,1815,6812
9846,2110,1115,7314,5393,9105
9846,2110,1115,1209,7408,2068
9846,2110,1115,3091,3927,1767
9846,2110,1115,3104,3669,8138
9846,2110,1115,9482,8776,689
9846,2110,1115,4831,8514,6598
9846,2110,1115,1907,6883,7771
9846,2110,1115,5618,2986,8944
9846,2110,1115,2741,6823,6265
9846,2110,1115,2380,8626,2029
9846,2110,1115,7972,1204,6730
9846,2110,1115,5743,2417,6566
9846,2110,1115,7036,7078,3089
9846,2110,1115,2862,6832,1483
9846,2110,1115,9940,4505,3281
9846,2110,1115,6013,5250,7222
9846,2110,1115,4678,5394,4740
9846,2110,1115,3842,8070,6833
9846,2110,1115,8420,6769,9687
9846,2110,1115,9141,5492,1155
9846,2110,1115,2712,9,647
9846,2110,1115,2366,4154,7763
9846,2110,1115,4793,8670,9403
9846,2110,1115,4684,5046,6669
9846,2110,1115,3783,3449,7198
9846,2110,1115,8519,1592,7593
9846,2110,1115,5381,9440,4494
9846,2110,1115,7744,6243,7459
9846,2110,1115,8037,5469,2697
9846,2110,1115,9246,8235,8621
9846,2110,1115,1130,5653,8539
9846,2110,1115,1487,6743,7701
9846,2110,1115,7315,1747,1379
9846,2110,1115,1150,5904,3210
9846,2110,1115,1857,9875,4153
9846,2110,1115,5472,1057,5073
9846,2110,1115,1437,2931,93
9846,2110,1115,2905,7570,4900
9846,2110,1115,820,402,4828
9846,2110,1115,5853,641,6008
9846,2110,1115,2052,4018,8141
9846,2110,1115,7888,5003,7891
9846,2110,1115,3272,6592,573
9846,2110,1115,656,3855,7688
9846,2110,1115,9937,4996,4777
9846,2110,1115,2931,4959,7287
9846,2110,1115,3001,176,5268
9846,2110,1115,5499,6151,4430
9846,2110,1115,4895,7703,6392
9846,2110,1115,2832,7573,7921
9846,2110,1115,7217,6157,1431
9846,2110,1115,783,6803,708
9846,2110,1115,3571,980,489
9846,2110,1115,7798,903,4819
9846,2110,1115,4737,60,7804
9846,2110,1115,5679,5163,7402
9846,2110,1115,9325,3005,1159
9846,2110,1115,6341,364,1771
9846,2110,1115,8910,8740,3950
9846,2110,1115,6553,3033,9412
9846,2110,1115,8813,2243,3329
9846,2110,1115,6881,9500,986
9846,2110,1115,4148,7999,8209
9846,2110,1115,7347,4474,5082
9846,2110,1115,737,6720,8184
9846,2110,1115,5051,8500,4803
9846,2110,1115,5393,1680,6109
9846,2110,1115,763,6989,6659
9846,2110,1115,933,5146,3097
9846,2110,1115,7061,7421,4082
9846,2110,1115,1830,2409,5067
9846,2110,1115,3894,457,3662
9846,2110,1115,657,3617,2059
9846,2110,1115,4338,6875,1306
9846,2110,1115,2548,7218,8722
9846,2110,1115,4634,1982,2211
9846,2110,1115,2317,4657,6616
9846,2110,1115,7887,3604,8925
9846,2110,1115,9883,9583,1364
9846,2110,1115,2260,6899,1322
9846,2110,1115,2933,673,9978
9846,2110,1115,5340,9652,2871
9846,2110,1115,5840,7520,308
9846,2110,1115,5428,5921,3954
9846,2110,1115,62,5266,4643
9846,2110,1115,3787,1941,2027
9846,2110,1115,58,1059,5393
9846,2110,1115,9951,278,9876
9846,2110,1115,5782,3255,3864
9846,2110,1115,4844,3550,7232
9846,2110,1115,2725,7367,4528
9846,2110,1115,2977,1477,5132
9846,2110,1115,5407,9035,6493
9846,2110,1115,9223,2994,5100
9846,2110,1115,2585,9620,9533
9846,2110,1115,5521,1017,7791
9846,2110,1115,2520,2576,6459
9846,2110,1115,9927,8465,5420
9846,2110,1115,9725,3208,9072
9846,2110,1115,4970,3581,5462
9846,2110,1115,8603,5052,2377
9846,2110,1115,7302,7316,9585
9846,2110,1115,853,4551,6729
9846,2110,1115,7919,547,1128
9846,2110,1115,9671,7144,551
9846,2110,1115,5465,847,4162
9846,2110,1115,3474,9748,9238
9846,2110,1115,4181,2015,3160
9846,2110,1115,9124,7510,5569
9846,2110,1115,4871,7372,844
9846,2110,1115,8069,894,5873
9846,2110,1115,8593,5664,4099
9846,2110,1115,4660,6460,1390
9846,2110,1115,3432,1236,4588
9846,2110,1115,1734,8646,3674
9846,2110,1115,9143,544,5701
9846,2110,1115,7193,7495,6465
9846,2110,1115,3704,8894,8604
9846,2110,1115,319,6732,7486
9846,2110,1115,4282,66,3383
9846,2110,1115,4361,3097,3517
9846,2110,1115,9814,8816,4765
9846,2110,1115,7715,8865,3434
9846,2110,1115,4934,1772,3408
9846,2110,1115,1802,4831,4714
9846,2110,1115,6375,8782,597
9846,2110,1115,9081,8829,9432
9846,2110,1115,561,2765,9630
9846,2110,1115,8384,97,1782
9846,2110,1115,2210,7515,9102
9846,2110,1115,7408,2672,2668
9846,2110,1115,1351,3030,5881
9846,2110,1115,5700,2919,1913
9846,2110,1115,55,1515,4053
9846,2110,1115,5096,6850,8517
9846,2110,1115,100,1102,3872
9846,2110,1115,9482,6755,2743
9846,2110,1115,2669,8245,8478
9846,2110,1115,9036,671,839
9846,2110,1115,7502,3762,2371
9846,2110,1115,1478,5003,4393
9846,2110,1115,3887,347,8971
9846,2110,1115,8329,3435,5021
9846,2110,1115,533,1819,7827
9846,2110,1115,7963,7646,4413
9846,2110,1115,2816,9652,3015
9846,2110,1115,3114,2570,1175
9846,2110,1115,2401,8667,5947
9846,2110,1115,345,6803,1350
9846,2110,1115,2763,8163,6411
9846,2110,1115,5537,5173,2795
9846,2110,1115,9301,9962,1566
9846,2110,1115,3419,2263,5494
9846,2110,1115,6193,2511,7617
9846,2110,1115,5176,3556,9744
9846,2110,1115,5755,1146,453
9846,2110,1115,9310,5524,4660
9846,2110,1115,6918,9084,8758
9846,2110,1115,4657,2563,8146
9846,2110,1115,2266,7381,8807
9846,2110,1115,860,8045,9060
9846,2110,1115,3979,8190,5654
9846,2110,1115,9714,7454,8958
9846,2110,1115,6506,9135,5563
9846,2110,1115,2853,1633,1226
9846,2110,1115,4499,2227,8622
9846,2110,1115,1404,5101,7320
9846,2110,1115,2254,6531,9922
9846,2110,1115,588,341,7679
9846,2110,1115,8410,2126,359
9846,2110,1115,6670,7372,9951
9846,2110,1115,3874,535,3685
9846,2110,1115,9615,8815,6056
9846,2110,1115,7293,7186,6991
9846,2110,1115,4912,7945,2707
9846,2110,1115,4671,2561,389
9846,2110,1115,7592,3664,4380
9846,2110,1115,8311,6107,535
9846,2110,1115,1487,6434,6287
9846,2110,1115,4649,1977,7326
9846,2110,1115,8822,840,222
9846,2110,1115,6250,3740,8030
9846,2110,1115,726,6637,8718
9846,2110,1115,6249,2251,9089
9846,2110,1115,2249,4745,1855
9846,2110,1115,1358,6568,2210
9846,2110,1115,1359,555,3470
9846,2110,1115,3150,1595,6254
9846,2110,1115,4903,6187,8836
9846,2110,1115,2698,5278,1001
9846,2110,1115,3411,8531,7484
9846,2110,1115,394,2003,8076
9846,2110,1115,2340,4387,1752
9846,2110,1115,8763,8915,3031
9846,2110,1115,9653,4068,6608
9846,2110,1115,500,4104,5369
9846,2110,1115,7178,5211,2309
9846,2110,1115,8675,5988,9172
9846,2110,1115,8230,3129,157
9846,2110,1115,4332,3220,5027
9846,2110,1115,5121,7620,2335
9846,2110,1115,3199,8535,6150
9846,2110,1115,4065,6500,9506
9846,2110,1115,5746,4005,1169
9846,2110,1115,5,2230,9911
9846,2110,1115,6937,284,4414
9846,2110,1115,6774,928,1997
9846,2110,1115,9205,2081,1280
9846,2110,1115,6857,1469,979
9846,2110,1115,794,7885,3016
9846,2110,1115,9947,1490,3590
9846,2110,1115,1091,5945,6818
9846,2110,1115,5313,1250,1427
9846,2110,1115,9817,6245,7696
9846,2110,1115,6814,9519,4717
9846,2110,1115,9659,4188,9913
9846,2110,1115,1869,4339,5556
9846,2110,1115,4000,2081,6985
9846,2110,1115,100,7427,8882
9846,2110,1115,3649,4760,957
9846,2110,1115,4868,8338,2092
9846,2110,1115,1365,4021,3276
9846,2110,1115,2389,8828,1134
9846,2110,1115,6677,7059,8664
9846,2110,1115,5270,1619,5188
9846,2110,1115,9155,237,8715
9846,2110,1115,4615,3911,5455
9846,2110,1115,3861,5327,3717
9846,2110,1115,9175,2619,9093
9846,2110,1115,2898,9045,9001
9846,2110,1115,1342,3871,6992
9846,2110,1115,2373,8449,6526
9846,2110,1115,8129,8165,1408
9846,2110,1115,4225,5037,8068
9846,2110,1115,9058,4423,5067
9846,2110,1115,2883,3567,4484
9846,2110,1115,8141,7133,7346
9846,2110,1115,6737,9037,9181
9846,2110,1115,5458,6766,9802
9846,2110,1115,148,9089,5872
9846,2110,1115,21,5792,7906
9846,2110,1115,3913,8293,8302
9846,2110,1115,5704,3035,5377
9846,2110,1115,3719,9690,8426
9846,2110,1115,4998,451,2251
9846,2110,1115,3851,5885,5223
9846,2110,1115,7793,3023,9317
9846,2110,1115,5208,4626,4105
9846,2110,1115,506,1154,1961
9846,2110,1115,1697,9752,7907
9846,2110,1115,2579,1436,5730
9846,2110,1115,4,1047,2743
9846,2110,1115,4987,4803,6851
9846,2110,1115,2232,391,5330
9846,2110,1115,4901,9480,9841
9846,2110,1115,9057,1995,3322
9846,2110,1115,6416,7078,6244
9846,2110,1115,4783,807,3475
9846,2110,1115,3856,915,3454
9846,2110,1115,8628,3101,9471
9846,2110,1115,3100,3519,4991
9846,2110,1115,6479,3447,9711
9846,2110,1115,7187,6109,4523
9846,2110,1115,7937,8442,2025
9846,2110,1115,3102,5044,3942
9846,2110,1115,2180,8897,8529
9846,2110,1115,8071,675,3485
9846,2110,1115,7068,1657,9851
9846,2110,1115,4125,6467,7033
9846,2110,1115,3194,5163,7719
9846,2110,1115,776,6066,1922
9846,2110,1115,8536,8762,3437
9846,2110,1115,9674,1197,7352
9846,2110,1115,7945,5302,2011
9846,2110,1115,5147,6880,1553
9846,2110,1115,7799,3610,7953
9846,2110,1115,3312,6652,7263
9846,2110,1115,9631,3503,1700
9846,2110,1115,7487,9925,3321
9846,2110,1115,1318,7972,1366
9846,2110,1115,2544,1605,2900
9846,2110,1115,9192,2694,1588
9846,2110,1115,1653,7657,3644
9846,2110,1115,8104,4035,9764
9846,2110,1115,3876,7927,2866
9846,2110,1115,4207,2030,5881
9846,2110,1115,5779,8202,8630
9846,2110,1115,7556,1718,9636
9846,2110,1115,8291,5469,7113
9846,2110,1115,4830,3454,3829
9846,2110,1115,5602,675,770
9846,2110,1115,4890,1851,1655
9846,2110,1115,4461,1475,2990
9846,2110,1115,8209,5952,7707
9846,2110,1115,5675,3544,59
9846,2110,1115,808,6210,815
9846,2110,1115,1569,3917,6354
9846,2110,1115,5898,5775,7769
9846,2110,1115,8138,6416,2395
9846,2110,1115,1024,2207,9741
9846,2110,1115,3131,9073,9642
9846,2110,1115,7818,427,4155
9846,2110,1115,1483,8540,8028
9846,2110,1115,9554,4129,4481
9846,2110,1115,8050,8049,2125
9846,2110,1115,6663,8746,9421
9846,2110,1115,6673,1438,1315
9846,2110,1115,7194,321,6304
9846,2110,1115,1963,1247,9513
9846,2110,1115,1994,4762,4957
9846,2110,1115,3930,9532,8806
9846,2110,1115,8384,971,4445
9846,2110,1115,2461,8782,8030
9846,2110,1115,5648,9344,5589
9846,2110,1115,6845,7305,2277
9846,2110,1115,3308,987,4928
9846,2110,1115,8554,6739,3819
9846,2110,1115,4883,6573,2947
9846,2110,1115,7918,9174,6759
9846,2110,1115,8056,939,8930
9846,2110,1115,4349,8275,842
9846,2110,1115,8172,1788,6878
9846,2110,1115,5769,2270,5179
9846,2110,1115,6294,4182,9596
9846,2110,1115,7153,1547,7336
