4264,2912,6604,7844,3850,581
4264,2912,6604,2790,8190,2086
4264,2912,6604,4783,8365,5717
4264,2912,6604,6737,7032,4580
4264,2912,6604,8426,5044,2352
4264,2912,6604,2993,2121,5747
4264,2912,6604,1299,1251,887
4264,2912,6604,3177,909,3610
4264,2912,6604,3444,1406,4018
4264,2912,6604,6608,1751,766
4264,2912,6604,7402,1331,3983
4264,2912,6604,4389,5667,9672
4264,2912,6604,7960,2755,2292
4264,2912,6604,9919,6618,6432
4264,2912,6604,1136,8018,2343
4264,2912,6604,5176,2181,4581
4264,2912,6604,9242,6129,8326
4264,2912,6604,3908,6354,3169
4264,2912,6604,6735,4533,1395
4264,2912,6604,6691,4346,7338
4264,2912,6604,3604,4307,9623
4264,2912,6604,6761,8856,3284
4264,2912,6604,2347,8008,3001
4264,2912,6604,3932,5541,2316
4264,2912,6604,4184,2054,7162
4264,2912,6604,3511,6685,2898
4264,2912,6604,6569,1765,7039
4264,2912,6604,1964,2715,45
4264,2912,6604,4712,3208,8591
4264,2912,6604,1998,2599,7623
4264,2912,6604,2501,4216,2176
4264,2912,6604,9219,9545,951
4264,2912,6604,1327,2582,5597
4264,2912,6604,5382,7495,1047
4264,2912,6604,9481,802,9204
4264,2912,6604,525,2402,4833
4264,2912,6604,3003,5683,7964
4264,2912,6604,7271,8360,2966
4264,2912,6604,3034,8176,2617
4264,2912,6604,9734,7087,5194
4264,2912,6604,1421,6895,9654
4264,2912,6604,65,8980,9525
4264,2912,6604,9242,4187,8539
4264,2912,6604,8137,4224,4469
4264,2912,6604,6401,3865,1657
4264,2912,6604,7672,250,7708
4264,2912,6604,4024,7592,1164
4264,2912,6604,6644,5185,8981
4264,2912,6604,531,6229,2655
4264,2912,6604,8603,2599,4610
4264,2912,6604,2422,1227,9166
4264,2912,6604,4489,9960,1570
4264,2912,6604,366,3820,1825
4264,2912,6604,3924,7767,1542
4264,2912,6604,4460,8907,665
4264,2912,6604,1116,159,8010
4264,2912,6604,4404,501,9359
4264,2912,6604,5753,9731,8260
4264,2912,6604,6541,7529,1842
4264,2912,6604,6501,1699,2867
4264,2912,6604,4304,7463,2071
4264,2912,6604,9655,230,3655
4264,2912,6604,5643,431,8571
4264,2912,6604,3809,3680,5972
4264,2912,6604,6508,3062,3628
4264,2912,6604,335,2973,6133
4264,2912,6604,7935,5658,7888
4264,2912,6604,2878,1517,3604
4264,2912,6604,3193,5419,9951
4264,2912,6604,1057,9375,9316
4264,2912,6604,7666,4829,5678
4264,2912,6604,8905,6685,8492
4264,2912,6604,2460,9145,811
4264,2912,6604,456,2819,9677
4264,2912,6604,3379,9587,4943
4264,2912,6604,2478,5115,2419
4264,2912,6604,8800,7937,8447
4264,2912,6604,8166,1094,4128
4264,2912,6604,2618,7655,6502
4264,2912,6604,9590,4514,5729
4264,2912,6604,6742,6014,6748
4264,2912,6604,8411,7744,6735
4264,2912,6604,2384,2127,8842
4264,2912,6604,4874,418,6115
4264,2912,6604,5749,1098,6551
4264,2912,6604,3874,2027,2027
4264,2912,6604,194,4959,1238
4264,2912,6604,4405,3376,1686
4264,2912,6604,6775,1043,8308
4264,2912,6604,9679,6453,4181
4264,2912,6604,5568,5561,9434
4264,2912,6604,3202,9232,9137
4264,2912,6604,2850,3610,976
4264,2912,6604,4251,3105,613
4264,2912,6604,9886,5157,1755
4264,2912,6604,1836,5553,5658
4264,2912,6604,3954,7242,2228
4264,2912,6604,2838,3286,8448
4264,2912,6604,8421,1622,5054
4264,2912,6604,7711,1766,8307
4264,2912,6604,7917,5642,6874
4264,2912,6604,5862,7332,8999
4264,2912,6604,6664,2048,7308
4264,2912,6604,633,4702,2398
4264,2912,6604,3707,6735,4699
4264,2912,6604,4855,5262,2127
4264,2912,6604,8340,3271,7322
4264,2912,6604,6648,7720,7207
4264,2912,6604,9592,3317,3304
4264,2912,6604,4290,4857,2766
4264,2912,6604,9002,4226,452
4264,2912,6604,6035,8727,3833
4264,2912,6604,3751,3710,3093
4264,2912,6604,7225,9641,257
4264,2912,6604,9689,9940,8213
4264,2912,6604,3664,7431,9865
4264,2912,6604,6598,1145,5074
4264,2912,6604,720,368,2324
4264,2912,6604,1902,9058,8897
4264,2912,6604,3870,6359,3254
4264,2912,6604,9997,9654,1765
4264,2912,6604,9314,7612,5079
4264,2912,6604,477,2472,7341
4264,2912,6604,253,7012,4631
4264,2912,6604,8131,4027,5311
4264,2912,6604,8627,6045,6172
4264,2912,6604,5299,2920,3189
4264,2912,6604,3213,9123,2100
4264,2912,6604,4295,5275,7944
4264,2912,6604,2095,3786,491
4264,2912,6604,3599,4528,5985
4264,2912,6604,8951,6858,1819
4264,2912,6604,2015,1017,7098
4264,2912,6604,9785,5115,3897
4264,2912,6604,1970,5488,5846
4264,2912,6604,715,8721,6131
4264,2912,6604,7321,2057,1065
4264,2912,6604,5773,8369,5968
4264,2912,6604,6304,6379,6183
4264,2912,6604,593,2847,9067
4264,2912,6604,2198,4659,7766
4264,2912,6604,5076,6123,9094
4264,2912,6604,5505,5209,3119
4264,2912,6604,8509,153,4531
4264,2912,6604,1287,1453,7604
4264,2912,6604,8951,6039,4984
4264,2912,6604,3134,9814,8694
4264,2912,6604,3818,437,817
4264,2912,6604,4411,2272,5269
4264,2912,6604,266,4166,2549
4264,2912,6604,8038,343,7335
4264,2912,6604,9025,1871,1541
4264,2912,6604,1540,4855,3732
4264,2912,6604,7657,6447,1808
4264,2912,6604,4992,3754,764
4264,2912,6604,3322,8257,3644
4264,2912,6604,5315,2905,3733
4264,2912,6604,2262,7716,3340
4264,2912,6604,644,9716,1028
4264,2912,6604,1129,3189,3918
4264,2912,6604,3900,9747,181
4264,2912,6604,8407,7176,6208
4264,2912,6604,7309,1206,6987
4264,2912,6604,8530,5749,9789
4264,2912,6604,7660,6348,3404
4264,2912,6604,2524,9811,1463
4264,2912,6604,1220,197,7965
4264,2912,6604,5860,3507,7370
4264,2912,6604,4222,7411,6316
4264,2912,6604,4863,9180,8535
4264,2912,6604,9852,1966,22
4264,2912,6604,3741,4237,5946
4264,2912,6604,3455,3960,9408
4264,2912,6604,9651,9006,5647
4264,2912,6604,782,356,251
4264,2912,6604,6682,7899,73
4264,2912,6604,9715,5896,2289
4264,2912,6604,6763,9434,5898
4264,2912,6604,4845,8183,3461
4264,2912,6604,8709,2508,8950
4264,2912,6604,1408,9775,6263
4264,2912,6604,6609,2944,9588
4264,2912,6604,4588,668,2416
4264,2912,6604,9337,303,1715
4264,2912,6604,7900,2307,8615
4264,2912,6604,9660,4853,7148
4264,2912,6604,5278,7861,5756
4264,2912,6604,7131,2003,7395
4264,2912,6604,6347,7022,1059
4264,2912,6604,3130,6247,4875
4264,2912,6604,9051,6266,738
4264,2912,6604,6264,3816,1710
4264,2912,6604,4151,4455,8398
4264,2912,6604,5863,6397,317
4264,2912,6604,36,8379,4819
4264,2912,6604,1356,8266,1675
4264,2912,6604,1072,9975,4754
4264,2912,6604,7546,4862,1445
4264,2912,6604,2737,1276,5677
4264,2912,6604,4701,6906,4022
4264,2912,6604,866,5795,5575
4264,2912,6604,2103,696,4623
4264,2912,6604,3368,8665,5757
4264,2912,6604,8179,2734,7968
4264,2912,6604,1201,7221,6037
4264,2912,6604,8808,9412,4793
4264,2912,6604,7829,5032,7425
4264,2912,6604,6387,6459,895
4264,2912,6604,432,4539,9713
4264,2912,6604,1549,5070,1314
4264,2912,6604,9031,8910,8763
4264,2912,6604,6516,1387,4998
4264,2912,6604,9587,8141,4085
4264,2912,6604,7877,7207,5107
4264,2912,6604,8243,3135,1379
4264,2912,6604,789,5454,1848
4264,2912,6604,3085,3651,2858
4264,2912,6604,1597,554,3805
4264,2912,6604,6942,6077,455
4264,2912,6604,5583,3934,9312
4264,2912,6604,8790,9814,6493
4264,2912,6604,3755,4135,9461
4264,2912,6604,2208,1654,988
4264,2912,6604,757,8679,6325
4264,2912,6604,2197,9259,1967
4264,2912,6604,7269,9908,7894
4264,2912,6604,6946,2685,9104
4264,2912,6604,2238,506,4208
4264,2912,6604,3926,7101,9368
4264,2912,6604,8326,7402,3177
4264,2912,6604,6897,1833,9416
4264,2912,6604,3320,9058,7606
4264,2912,6604,8395,5795,3412
4264,2912,6604,4427,7718,2071
4264,2912,6604,3794,4270,6773
4264,2912,6604,1563,3780,5351
4264,2912,6604,384,1470,6397
4264,2912,6604,5419,6918,7405
4264,2912,6604,5446,8200,1982
4264,2912,6604,7325,1790,7006
4264,2912,6604,3272,9255,8286
4264,2912,6604,1321,567,1864
4264,2912,6604,4483,3049,6375
4264,2912,6604,5805,3082,6098
4264,2912,6604,7705,9179,8169
4264,2912,6604,2351,1174,6097
4264,2912,6604,7354,2869,6876
4264,2912,6604,237,4244,8951
4264,2912,6604,5210,5411,5865
4264,2912,6604,2356,823,3132
4264,2912,6604,1492,6750,5644
4264,2912,6604,9498,3297,6833
4264,2912,6604,4300,9372,5742
4264,2912,6604,5059,1717,6270
4264,2912,6604,490,2881,5188
4264,2912,6604,3353,8094,5685
4264,2912,6604,8539,4085,4455
4264,2912,6604,8986,4099,5090
4264,2912,6604,4583,634,1901
4264,2912,6604,3022,9376,1518
4264,2912,6604,9759,5346,346
4264,2912,6604,3123,3177,7386
4264,2912,6604,1585,9185,8731
4264,2912,6604,3476,6148,2689
4264,2912,6604,8620,1740,1436
4264,2912,6604,1207,5210,823
4264,2912,6604,9569,2651,3828
4264,2912,6604,3370,831,5036
4264,2912,6604,5274,3109,2641
4264,2912,6604,8936,8267,7005
4264,2912,6604,1942,9385,1521
4264,2912,6604,6385,4085,8847
4264,2912,6604,5357,7704,1794
4264,2912,6604,3029,9763,4504
4264,2912,6604,6583,3459,594
4264,2912,6604,5469,598,2734
4264,2912,6604,9891,4072,4238
4264,2912,6604,5300,690,2419
4264,2912,6604,5419,2331,7854
4264,2912,6604,9046,9426,7387
4264,2912,6604,9734,297,4860
4264,2912,6604,33,2583,9598
4264,2912,6604,6409,4538,915
4264,2912,6604,2891,6357,1146
4264,2912,6604,88,518,8473
4264,2912,6604,1966,6384,2378
4264,2912,6604,240,7738,1533
4264,2912,6604,4288,4454,7679
4264,2912,6604,6387,7632,5163
4264,2912,6604,9100,7508,105
4264,2912,6604,3664,9404,3510
4264,2912,6604,885,5531,5039
4264,2912,6604,6146,5610,7506
4264,2912,6604,3544,3426,9928
4264,2912,6604,6190,3742,142
4264,2912,6604,2614,7771,9820
4264,2912,6604,6412,8445,8878
4264,2912,6604,2125,9669,518
4264,2912,6604,4297,6856,7103
4264,2912,6604,4895,227,7525
4264,2912,6604,5873,9571,7671
4264,2912,6604,93,6939,6285
4264,2912,6604,5222,4682,920
4264,2912,6604,1820,8769,2075
4264,2912,6604,2348,6541,1631
4264,2912,6604,3985,3874,5197
4264,2912,6604,103,1165,4229
4264,2912,6604,1830,1986,1754
4264,2912,6604,7082,5672,5106
4264,2912,6604,5392,1037,417
4264,2912,6604,2650,4237,9304
4264,2912,6604,4514,2680,8129
4264,2912,6604,9431,1804,4437
4264,2912,6604,1533,5034,9197
4264,2912,6604,7618,8036,3684
4264,2912,6604,1473,536,6682
4264,2912,6604,5393,32,7204
4264,2912,6604,4929,5269,1795
4264,2912,6604,506,6053,8706
4264,2912,6604,4888,6180,2984
4264,2912,6604,5107,5524,8330
4264,2912,6604,9027,1381,5592
4264,2912,6604,9175,9722,8657
4264,2912,6604,7938,8998,5190
4264,2912,6604,1112,4089,9306
4264,2912,6604,9767,1491,5146
4264,2912,6604,6431,3199,444
4264,2912,6604,5000,5290,6968
4264,2912,6604,6771,2603,4633
4264,2912,6604,3266,8418,4003
4264,2912,6604,9698,1717,5406
4264,2912,6604,8568,3835,3501
4264,2912,6604,1818,2574,6681
4264,2912,6604,9429,8953,1259
4264,2912,6604,796,3105,2973
4264,2912,6604,1951,8038,1036
4264,2912,6604,9000,5462,4617
4264,2912,6604,2748,115,3374
4264,2912,6604,431,599,9910
4264,2912,6604,9518,6479,8237
4264,2912,6604,9781,8235,7572
4264,2912,6604,9690,9913,7558
4264,2912,6604,6543,7948,5602
4264,2912,6604,5997,5323,3338
4264,2912,6604,9659,1195,6027
4264,2912,6604,7472,1618,2839
4264,2912,6604,9397,3783,7055
4264,2912,6604,6173,7249,6399
4264,2912,6604,160,3491,9373
4264,2912,6604,4005,9866,4393
4264,2912,6604,3703,1021,3600
4264,2912,6604,2017,1453,6886
4264,2912,6604,342,8553,1759
4264,2912,6604,5987,3420,9935
4264,2912,6604,7924,3121,3525
4264,2912,6604,2754,7791,3892
4264,2912,6604,9312,2055,6387
4264,2912,6604,8182,4916,9296
4264,2912,6604,7738,1272,2566
4264,2912,6604,4342,9216,6601
4264,2912,6604,7507,125,2016
4264,2912,6604,7757,518,4475
4264,2912,6604,4651,3740,4385
4264,2912,6604,734,1002,4986
4264,2912,6604,8802,5789,8187
4264,2912,6604,9519,3672,8085
4264,2912,6604,9708,1191,1880
4264,2912,6604,4729,9242,8311
4264,2912,6604,5627,4702,7070
4264,2912,6604,2559,860,476
4264,2912,6604,2862,2275,3921
4264,2912,6604,4410,9444,2360
4264,2912,6604,2577,6326,8295
4264,2912,6604,6837,2481,2344
4264,2912,6604,516,9161,1939
4264,2912,6604,4765,7252,4235
4264,2912,6604,8760,2115,4982
4264,2912,6604,1165,3417,1226
4264,2912,6604,2080,9746,8361
4264,2912,6604,232,9744,4651
4264,2912,6604,1684,6351,847
4264,2912,6604,4538,3313,5882
4264,2912,6604,2197,767,1181
4264,2912,6604,8887,487,9169
4264,2912,6604,373,2529,940
4264,2912,6604,1377,4826,5658
4264,2912,6604,7715,3437,3175
4264,2912,6604,5662,8631,8088
4264,2912,6604,575,9733,6571
4264,2912,6604,8939,4539,6824
4264,2912,6604,2702,1741,2566
4264,2912,6604,5097,3551,6680
4264,2912,6604,624,9556,3097
4264,2912,6604,5709,4827,1292
4264,2912,6604,6465,7538,6492
4264,2912,6604,7272,1816,7646
4264,2912,6604,4152,8396,1118
4264,2912,6604,9946,1907,7213
4264,2912,6604,1934,4136,3570
4264,2912,6604,8586,7040,495
4264,2912,6604,2508,6319,7115
4264,2912,6604,4523,7028,550
4264,2912,6604,6566,2470,4281
4264,2912,6604,6823,1599,4042
4264,2912,6604,9987,1959,6063
4264,2912,6604,9120,506,8789
4264,2912,6604,9409,605,1208
4264,2912,6604,7993,2119,7816
4264,2912,6604,5339,2186,3282
4264,2912,6604,761,8945,5779
4264,2912,6604,4748,6238,8727
4264,2912,6604,6739,6397,8013
4264,2912,6604,6976,6936,8296
4264,2912,6604,2143,5030,6893
4264,2912,6604,2057,7052,5295
4264,2912,6604,9347,6789,6245
4264,2912,6604,6711,671,7994
4264,2912,6604,2171,330,7782
4264,2912,6604,446,6989,6270
4264,2912,6604,9503,162,1650
4264,2912,6604,6880,6065,5782
4264,2912,6604,798,7505,2104
4264,2912,6604,9524,1940,8107
4264,2912,6604,6917,1020,5412
4264,2912,6604,2854,4165,1149
4264,2912,6604,8706,9674,5882
4264,2912,6604,8527,3575,739
4264,2912,6604,4832,9362,7337
4264,2912,6604,5723,7671,8447
4264,2912,6604,6792,6575,3751
4264,2912,6604,5387,8699,1344
4264,2912,6604,9539,4860,2528
4264,2912,6604,1288,7852,9504
4264,2912,6604,108,5547,5725
4264,2912,6604,7417,844,1344
4264,2912,6604,5675,587,4724
4264,2912,6604,807,4713,2760
4264,2912,6604,2437,1397,8810
4264,2912,6604,881,2814,5740
4264,2912,6604,9227,3195,3055
4264,2912,6604,2059,7914,5541
4264,2912,6604,2219,476,3503
4264,2912,6604,3834,6327,5468
4264,2912,6604,8352,5781,9085
4264,2912,6604,2012,2284,7309
4264,2912,6604,9024,7993,5551
4264,2912,6604,9776,4999,516
4264,2912,6604,9333,3437,1058
4264,2912,6604,7692,7312,8842
4264,2912,6604,7913,8793,4695
4264,2912,6604,2818,2693,3724
4264,2912,6604,8157,7988,1519
4264,2912,6604,6274,134,8277
4264,2912,6604,996,9121,1096
4264,2912,6604,6394,9889,3451
4264,2912,6604,7204,4191,5320
4264,2912,6604,3801,6598,5916
4264,2912,6604,350,5077,4950
4264,2912,6604,1262,5992,5590
4264,2912,6604,4916,6828,256
4264,2912,6604,2098,9629,7677
4264,2912,6604,5428,9876,1621
4264,2912,6604,2542,3728,210
4264,2912,6604,5275,3359,9312
4264,2912,6604,3519,3288,8387
4264,2912,6604,1742,2901,1582
4264,2912,6604,4139,7802,6958
4264,2912,6604,2917,7882,473
4264,2912,6604,7042,6265,8558
4264,2912,6604,5422,6734,7614
4264,2912,6604,4761,4820,3425
4264,2912,6604,9442,3305,1915
4264,2912,6604,908,608,7089
4264,2912,6604,4069,1388,8702
4264,2912,6604,5365,4767,6864
4264,2912,6604,5881,7185,5298
4264,2912,6604,4277,6997,2629
4264,2912,6604,8794,7981,8576
4264,2912,6604,6948,9175,2809
4264,2912,6604,9140,4033,9048
4264,2912,6604,7670,3353,6795
4264,2912,6604,6721,5688,6038
4264,2912,6604,9585,4390,5733
4264,2912,6604,9756,33,2528
4264,2912,6604,5222,5239,4950
4264,2912,6604,7020,9723,4624
4264,2912,6604,7170,4399,6240
4264,2912,6604,4935,9925,8627
4264,2912,6604,7557,6516,1588
4264,2912,6604,5690,9814,2998
4264,2912,6604,1638,5251,4860
4264,2912,6604,5736,9302,8408
4264,2912,6604,2082,832,4626
4264,2912,6604,8324,1944,6367
4264,2912,6604,4833,2751,7904
4264,2912,6604,7635,347,4793
4264,2912,6604,6995,1800,6907
4264,2912,6604,7607,6283,7697
4264,2912,6604,1424,9500,3985
4264,2912,6604,3,206,9771
4264,2912,6604,1332,6041,9326
4264,2912,6604,2957,5306,4559
4264,2912,6604,4758,610,9755
4264,2912,6604,8909,1929,4162
4264,2912,6604,7926,3745,5375
4264,2912,6604,1928,8944,6754
4264,2912,6604,6642,6396,9491
4264,2912,6604,8498,4773,1496
4264,2912,6604,9219,4143,889
4264,2912,6604,4782,863,1850
