9718,2457,8225,494,7513,659
9718,2457,8225,2613,5165,1945
9718,2457,8225,7997,8122,5624
9718,2457,8225,4153,9710,8945
9718,2457,8225,2308,9024,5633
9718,2457,8225,8011,3190,4724
9718,2457,8225,8914,6955,9792
9718,2457,8225,1710,9985,3158
9718,2457,8225,9778,5619,2682
9718,2457,8225,5651,9003,4221
9718,2457,8225,3074,1612,3382
9718,2457,8225,4268,1288,7559
9718,2457,8225,8801,1078,5534
9718,2457,8225,7783,7309,3705
9718,2457,8225,384,8846,9613
9718,2457,8225,9810,1902,424
9718,2457,8225,1566,4500,37
9718,2457,8225,5831,7389,4716
9718,2457,8225,453,3599,7765
9718,2457,8225,7561,8501,3907
9718,2457,8225,5621,1416,187
9718,2457,8225,8392,2106,701
9718,2457,8225,8444,4764,1619
9718,2457,8225,9646,2617,4805
9718,2457,8225,7456,1112,1784
9718,2457,8225,9209,51,6840
9718,2457,8225,3610,4378,4479
9718,2457,8225,2718,5364,9049
9718,2457,8225,4744,7410,6179
9718,2457,8225,2027,576,9338
9718,2457,8225,5661,9224,9633
9718,2457,8225,2995,14,564
9718,2457,8225,9425,370,2153
9718,2457,8225,9367,1756,9484
9718,2457,8225,2840,3568,8790
9718,2457,8225,3026,5333,2796
9718,2457,8225,8448,702,3840
9718,2457,8225,8133,2853,2489
9718,2457,8225,493,6940,4405
9718,2457,8225,8425,626,8622
9718,2457,8225,5229,9004,5054
9718,2457,8225,291,3787,9924
9718,2457,8225,513,4788,4634
9718,2457,8225,3896,5824,2248
9718,2457,8225,3195,9485,7085
9718,2457,8225,5148,9577,4365
9718,2457,8225,7812,974,3793
9718,2457,8225,5622,4746,9150
9718,2457,8225,9606,9368,9073
9718,2457,8225,8455,6012,7678
9718,2457,8225,2907,622,8161
9718,2457,8225,7265,6273,8209
9718,2457,8225,5294,7278,3255
9718,2457,8225,9438,9945,5423
9718,2457,8225,448,5177,1113
9718,2457,8225,8219,3547,1152
9718,2457,8225,2083,1560,7828
9718,2457,8225,4562,4531,3197
9718,2457,8225,6295,3778,6352
9718,2457,8225,7842,7062,8184
9718,2457,8225,3209,7028,3379
9718,2457,8225,8989,2033,2616
9718,2457,8225,421,4749,8521
9718,2457,8225,8161,5615,8049
9718,2457,8225,4922,6391,4456
9718,2457,8225,496,5600,170
9718,2457,8225,1710,4263,7287
9718,2457,8225,352,1275,302
9718,2457,8225,6074,6494,2322
9718,2457,8225,6581,7279,6681
9718,2457,8225,7213,5459,8329
9718,2457,8225,9636,7193,355
9718,2457,8225,4941,7468,6999
9718,2457,8225,6720,1775,5227
9718,2457,8225,9156,7455,706
9718,2457,8225,8914,6688,405
9718,2457,8225,1156,5758,8530
9718,2457,8225,7772,5170,6421
9718,2457,8225,1355,1712,994
9718,2457,8225,8694,2665,513
9718,2457,8225,318,8676,5495
9718,2457,8225,8616,5471,1694
9718,2457,8225,1595,6296,2431
9718,2457,8225,4831,6887,1927
9718,2457,8225,8012,753,2117
9718,2457,8225,7827,3374,4020
9718,2457,8225,7467,7260,8108
9718,2457,8225,5264,3464,7792
9718,2457,8225,3427,1639,6807
9718,2457,8225,6627,3325,1822
9718,2457,8225,9376,9465,3325
9718,2457,8225,8438,8802,3471
9718,2457,8225,6253,8262,1465
9718,2457,8225,3281,3801,4137
9718,2457,8225,6457,5832,9617
9718,2457,8225,8326,8897,4969
9718,2457,8225,6005,6262,7903
9718,2457,8225,6405,6251,2221
9718,2457,8225,4062,2814,7150
9718,2457,8225,2086,5767,9127
9718,2457,8225,3672,8157,7926
9718,2457,8225,7051,9714,6746
9718,2457,8225,289,2658,8275
9718,2457,8225,5764,2926,1023
9718,2457,8225,2579,9760,5622
9718,2457,8225,7368,7415,128
9718,2457,8225,7440,986,2045
9718,2457,8225,1025,1094,8463
9718,2457,8225,1506,4745,678
9718,2457,8225,5146,3684,6001
9718,2457,8225,7844,3850,581
9718,2457,8225,2790,8190,2086
9718,2457,8225,4783,8365,5717
9718,2457,8225,6737,7032,4580
9718,2457,8225,8426,5044,2352
9718,2457,8225,2993,2121,5747
9718,2457,8225,1299,1251,887
9718,2457,8225,3177,909,3610
9718,2457,8225,3444,1406,4018
9718,2457,8225,6608,1751,766
9718,2457,8225,7402,1331,3983
9718,2457,8225,4389,5667,9672
9718,2457,8225,7960,2755,2292
9718,2457,8225,9919,6618,6432
9718,2457,8225,1136,8018,2343
9718,2457,8225,5176,2181,4581
9718,2457,8225,9242,6129,8326
9718,2457,8225,3908,6354,3169
9718,2457,8225,6735,4533,1395
9718,2457,8225,6691,4346,7338
9718,2457,8225,3604,4307,9623
9718,2457,8225,6761,8856,3284
9718,2457,8225,2347,8008,3001
9718,2457,8225,3932,5541,2316
9718,2457,8225,4184,2054,7162
9718,2457,8225,3511,6685,2898
9718,2457,8225,6569,1765,7039
9718,2457,8225,1964,2715,45
9718,2457,8225,4712,3208,8591
9718,2457,8225,1998,2599,7623
9718,2457,8225,2501,4216,2176
9718,2457,8225,9219,9545,951
9718,2457,8225,1327,2582,5597
9718,2457,8225,5382,7495,1047
9718,2457,8225,9481,802,9204
9718,2457,8225,525,2402,4833
9718,2457,8225,3003,5683,7964
9718,2457,8225,7271,8360,2966
9718,2457,8225,3034,8176,2617
9718,2457,8225,9734,7087,5194
9718,2457,8225,1421,6895,9654
9718,2457,8225,65,8980,9525
9718,2457,8225,9242,4187,8539
9718,2457,8225,8137,4224,4469
9718,2457,8225,6401,3865,1657
9718,2457,8225,7672,250,7708
9718,2457,8225,4024,7592,1164
9718,2457,8225,6644,5185,8981
9718,2457,8225,531,6229,2655
9718,2457,8225,8603,2599,4610
9718,2457,8225,2422,1227,9166
9718,2457,8225,4489,9960,1570
9718,2457,8225,366,3820,1825
9718,2457,8225,3924,7767,1542
9718,2457,8225,4460,8907,665
9718,2457,8225,1116,159,8010
9718,2457,8225,4404,501,9359
9718,2457,8225,5753,9731,8260
9718,2457,8225,6541,7529,1842
9718,2457,8225,6501,1699,2867
9718,2457,8225,4304,7463,2071
9718,2457,8225,9655,230,3655
9718,2457,8225,5643,431,8571
9718,2457,8225,3809,3680,5972
9718,2457,8225,6508,3062,3628
9718,2457,8225,335,2973,6133
9718,2457,8225,7935,5658,7888
9718,2457,8225,2878,1517,3604
9718,2457,8225,3193,5419,9951
9718,2457,8225,1057,9375,9316
9718,2457,8225,7666,4829,5678
9718,2457,8225,8905,6685,8492
9718,2457,8225,2460,9145,811
9718,2457,8225,456,2819,9677
9718,2457,8225,3379,9587,4943
9718,2457,8225,2478,5115,2419
9718,2457,8225,8800,7937,8447
9718,2457,8225,8166,1094,4128
9718,2457,8225,2618,7655,6502
9718,2457,8225,9590,4514,5729
9718,2457,8225,6742,6014,6748
9718,2457,8225,8411,7744,6735
9718,2457,8225,2384,2127,8842
9718,2457,8225,4874,418,6115
9718,2457,8225,5749,1098,6551
9718,2457,8225,3874,2027,2027
9718,2457,8225,194,4959,1238
9718,2457,8225,4405,3376,1686
9718,2457,8225,6775,1043,8308
9718,2457,8225,9679,6453,4181
9718,2457,8225,5568,5561,9434
9718,2457,8225,3202,9232,9137
9718,2457,8225,2850,3610,976
9718,2457,8225,4251,3105,613
9718,2457,8225,9886,5157,1755
9718,2457,8225,1836,5553,5658
9718,2457,8225,3954,7242,2228
9718,2457,8225,2838,3286,8448
9718,2457,8225,8421,1622,5054
9718,2457,8225,7711,1766,8307
9718,2457,8225,7917,5642,6874
9718,2457,8225,5862,7332,8999
9718,2457,8225,6664,2048,7308
9718,2457,8225,633,4702,2398
9718,2457,8225,3707,6735,4699
9718,2457,8225,4855,5262,2127
9718,2457,8225,8340,3271,7322
9718,2457,8225,6648,7720,7207
9718,2457,8225,9592,3317,3304
9718,2457,8225,4290,4857,2766
9718,2457,8225,9002,4226,452
9718,2457,8225,6035,8727,3833
9718,2457,8225,3751,3710,3093
9718,2457,8225,7225,9641,257
9718,2457,8225,9689,9940,8213
9718,2457,8225,3664,7431,9865
9718,2457,8225,6598,1145,5074
9718,2457,8225,720,368,2324
9718,2457,8225,1902,9058,8897
9718,2457,8225,3870,6359,3254
9718,2457,8225,9997,9654,1765
9718,2457,8225,9314,7612,5079
9718,2457,8225,477,2472,7341
9718,2457,8225,253,7012,4631
9718,2457,8225,8131,4027,5311
9718,2457,8225,8627,6045,6172
9718,2457,8225,5299,2920,3189
9718,2457,8225,3213,9123,2100
9718,2457,8225,4295,5275,7944
9718,2457,8225,2095,3786,491
9718,2457,8225,3599,4528,5985
9718,2457,8225,8951,6858,1819
9718,2457,8225,2015,1017,7098
9718,2457,8225,9785,5115,3897
9718,2457,8225,1970,5488,5846
9718,2457,8225,715,8721,6131
9718,2457,8225,7321,2057,1065
9718,2457,8225,5773,8369,5968
9718,2457,8225,6304,6379,6183
9718,2457,8225,593,2847,9067
9718,2457,8225,2198,4659,7766
9718,2457,8225,5076,6123,9094
9718,2457,8225,5505,5209,3119
9718,2457,8225,8509,153,4531
9718,2457,8225,1287,1453,7604
9718,2457,8225,8951,6039,4984
9718,2457,8225,3134,9814,8694
9718,2457,8225,3818,437,817
9718,2457,8225,4411,2272,5269
9718,2457,8225,266,4166,2549
9718,2457,8225,8038,343,7335
9718,2457,8225,9025,1871,1541
9718,2457,8225,1540,4855,3732
9718,2457,8225,7657,6447,1808
9718,2457,8225,4992,3754,764
9718,2457,8225,3322,8257,3644
9718,2457,8225,5315,2905,3733
9718,2457,8225,2262,7716,3340
9718,2457,8225,644,9716,1028
9718,2457,8225,1129,3189,3918
9718,2457,8225,3900,9747,181
9718,2457,8225,8407,7176,6208
9718,2457,8225,7309,1206,6987
9718,2457,8225,8530,5749,9789
9718,2457,8225,7660,6348,3404
9718,2457,8225,2524,9811,1463
9718,2457,8225,1220,197,7965
9718,2457,8225,5860,3507,7370
9718,2457,8225,4222,7411,6316
9718,2457,8225,4863,9180,8535
9718,2457,8225,9852,1966,22
9718,2457,8225,3741,4237,5946
9718,2457,8225,3455,3960,9408
9718,2457,8225,9651,9006,5647
9718,2457,8225,782,356,251
9718,2457,8225,6682,7899,73
9718,2457,8225,9715,5896,2289
9718,2457,8225,6763,9434,5898
9718,2457,8225,4845,8183,3461
9718,2457,8225,8709,2508,8950
9718,2457,8225,1408,9775,6263
9718,2457,8225,6609,2944,9588
9718,2457,8225,4588,668,2416
9718,2457,8225,9337,303,1715
9718,2457,8225,7900,2307,8615
9718,2457,8225,9660,4853,7148
9718,2457,8225,5278,7861,5756
9718,2457,8225,7131,2003,7395
9718,2457,8225,6347,7022,1059
9718,2457,8225,3130,6247,4875
9718,2457,8225,9051,6266,738
9718,2457,8225,6264,3816,1710
9718,2457,8225,4151,4455,8398
9718,2457,8225,5863,6397,317
9718,2457,8225,36,8379,4819
9718,2457,8225,1356,8266,1675
9718,2457,8225,1072,9975,4754
9718,2457,8225,7546,4862,1445
9718,2457,8225,2737,1276,5677
9718,2457,8225,4701,6906,4022
9718,2457,8225,866,5795,5575
9718,2457,8225,2103,696,4623
9718,2457,8225,3368,8665,5757
9718,2457,8225,8179,2734,7968
9718,2457,8225,1201,7221,6037
9718,2457,8225,8808,9412,4793
9718,2457,8225,7829,5032,7425
9718,2457,8225,6387,6459,895
9718,2457,8225,432,4539,9713
9718,2457,8225,1549,5070,1314
9718,2457,8225,9031,8910,8763
9718,2457,8225,6516,1387,4998
9718,2457,8225,9587,8141,4085
9718,2457,8225,7877,7207,5107
9718,2457,8225,8243,3135,1379
9718,2457,8225,789,5454,1848
9718,2457,8225,3085,3651,2858
9718,2457,8225,1597,554,3805
9718,2457,8225,6942,6077,455
9718,2457,8225,5583,3934,9312
9718,2457,8225,8790,9814,6493
9718,2457,8225,3755,4135,9461
9718,2457,8225,2208,1654,988
9718,2457,8225,757,8679,6325
9718,2457,8225,2197,9259,1967
9718,2457,8225,7269,9908,7894
9718,2457,8225,6946,2685,9104
9718,2457,8225,2238,506,4208
9718,2457,8225,3926,7101,9368
9718,2457,8225,8326,7402,3177
9718,2457,8225,6897,1833,9416
9718,2457,8225,3320,9058,7606
9718,2457,8225,8395,5795,3412
9718,2457,8225,4427,7718,2071
9718,2457,8225,3794,4270,6773
9718,2457,8225,1563,3780,5351
9718,2457,8225,384,1470,6397
9718,2457,8225,5419,6918,7405
9718,2457,8225,5446,8200,1982
9718,2457,8225,7325,1790,7006
9718,2457,8225,3272,9255,8286
9718,2457,8225,1321,567,1864
9718,2457,8225,4483,3049,6375
9718,2457,8225,5805,3082,6098
9718,2457,8225,7705,9179,8169
9718,2457,8225,2351,1174,6097
9718,2457,8225,7354,2869,6876
9718,2457,8225,237,4244,8951
9718,2457,8225,5210,5411,5865
9718,2457,8225,2356,823,3132
9718,2457,8225,1492,6750,5644
9718,2457,8225,9498,3297,6833
9718,2457,8225,4300,9372,5742
9718,2457,8225,5059,1717,6270
9718,2457,8225,490,2881,5188
9718,2457,8225,3353,8094,5685
9718,2457,8225,8539,4085,4455
9718,2457,8225,8986,4099,5090
9718,2457,8225,4583,634,1901
9718,2457,8225,3022,9376,1518
9718,2457,8225,9759,5346,346
9718,2457,8225,3123,3177,7386
9718,2457,8225,1585,9185,8731
9718,2457,8225,3476,6148,2689
9718,2457,8225,8620,1740,1436
9718,2457,8225,1207,5210,823
9718,2457,8225,9569,2651,3828
9718,2457,8225,3370,831,5036
9718,2457,8225,5274,3109,2641
9718,2457,8225,8936,8267,7005
9718,2457,8225,1942,9385,1521
9718,2457,8225,6385,4085,8847
9718,2457,8225,5357,7704,1794
9718,2457,8225,3029,9763,4504
9718,2457,8225,6583,3459,594
9718,2457,8225,5469,598,2734
9718,2457,8225,9891,4072,4238
9718,2457,8225,5300,690,2419
9718,2457,8225,5419,2331,7854
9718,2457,8225,9046,9426,7387
9718,2457,8225,9734,297,4860
9718,2457,8225,33,2583,9598
9718,2457,8225,6409,4538,915
9718,2457,8225,2891,6357,1146
9718,2457,8225,88,518,8473
9718,2457,8225,1966,6384,2378
9718,2457,8225,240,7738,1533
9718,2457,8225,4288,4454,7679
9718,2457,8225,6387,7632,5163
9718,2457,8225,9100,7508,105
9718,2457,8225,3664,9404,3510
9718,2457,8225,885,5531,5039
9718,2457,8225,6146,5610,7506
9718,2457,8225,3544,3426,9928
9718,2457,8225,6190,3742,142
9718,2457,8225,2614,7771,9820
9718,2457,8225,6412,8445,8878
9718,2457,8225,2125,9669,518
9718,2457,8225,4297,6856,7103
9718,2457,8225,4895,227,7525
9718,2457,8225,5873,9571,7671
9718,2457,8225,93,6939,6285
9718,2457,8225,5222,4682,920
9718,2457,8225,1820,8769,2075
9718,2457,8225,2348,6541,1631
9718,2457,8225,3985,3874,5197
9718,2457,8225,103,1165,4229
9718,2457,8225,1830,1986,1754
9718,2457,8225,7082,5672,5106
9718,2457,8225,5392,1037,417
9718,2457,8225,2650,4237,9304
9718,2457,8225,4514,2680,8129
9718,2457,8225,9431,1804,4437
9718,2457,8225,1533,5034,9197
9718,2457,8225,7618,8036,3684
9718,2457,8225,1473,536,6682
9718,2457,8225,5393,32,7204
9718,2457,8225,4929,5269,1795
9718,2457,8225,506,6053,8706
9718,2457,8225,4888,6180,2984
9718,2457,8225,5107,5524,8330
9718,2457,8225,9027,1381,5592
9718,2457,8225,9175,9722,8657
9718,2457,8225,7938,8998,5190
9718,2457,8225,1112,4089,9306
9718,2457,8225,9767,1491,5146
9718,2457,8225,6431,3199,444
9718,2457,8225,5000,5290,6968
9718,2457,8225,6771,2603,4633
9718,2457,8225,3266,8418,4003
9718,2457,8225,9698,1717,5406
9718,2457,8225,8568,3835,3501
9718,2457,8225,1818,2574,6681
9718,2457,8225,9429,8953,1259
9718,2457,8225,796,3105,2973
9718,2457,8225,1951,8038,1036
9718,2457,8225,9000,5462,4617
9718,2457,8225,2748,115,3374
9718,2457,8225,431,599,9910
9718,2457,8225,9518,6479,8237
9718,2457,8225,9781,8235,7572
9718,2457,8225,9690,9913,7558
9718,2457,8225,6543,7948,5602
9718,2457,8225,5997,5323,3338
9718,2457,8225,9659,1195,6027
9718,2457,8225,7472,1618,2839
9718,2457,8225,9397,3783,7055
9718,2457,8225,6173,7249,6399
9718,2457,8225,160,3491,9373
9718,2457,8225,4005,9866,4393
9718,2457,8225,3703,1021,3600
9718,2457,8225,2017,1453,6886
9718,2457,8225,342,8553,1759
9718,2457,8225,5987,3420,9935
9718,2457,8225,7924,3121,3525
9718,2457,8225,2754,7791,3892
9718,2457,8225,9312,2055,6387
9718,2457,8225,8182,4916,9296
9718,2457,8225,7738,1272,2566
9718,2457,8225,4342,9216,6601
9718,2457,8225,7507,125,2016
9718,2457,8225,7757,518,4475
9718,2457,8225,4651,3740,4385
9718,2457,8225,734,1002,4986
9718,2457,8225,8802,5789,8187
9718,2457,8225,9519,3672,8085
9718,2457,8225,9708,1191,1880
9718,2457,8225,4729,9242,8311
9718,2457,8225,5627,4702,7070
9718,2457,8225,2559,860,476
9718,2457,8225,2862,2275,3921
9718,2457,8225,4410,9444,2360
9718,2457,8225,2577,6326,8295
9718,2457,8225,6837,2481,2344
9718,2457,8225,516,9161,1939
9718,2457,8225,4765,7252,4235
9718,2457,8225,8760,2115,4982
9718,2457,8225,1165,3417,1226
9718,2457,8225,2080,9746,8361
9718,2457,8225,232,9744,4651
9718,2457,8225,1684,6351,847
9718,2457,8225,4538,3313,5882
9718,2457,8225,2197,767,1181
9718,2457,8225,8887,487,9169
9718,2457,8225,373,2529,940
9718,2457,8225,1377,4826,5658
9718,2457,8225,7715,3437,3175
9718,2457,8225,5662,8631,8088
9718,2457,8225,575,9733,6571
9718,2457,8225,8939,4539,6824
9718,2457,8225,2702,1741,2566
9718,2457,8225,5097,3551,6680
9718,2457,8225,624,9556,3097
9718,2457,8225,5709,4827,1292
9718,2457,8225,6465,7538,6492
9718,2457,8225,7272,1816,7646
9718,2457,8225,4152,8396,1118
9718,2457,8225,9946,1907,7213
9718,2457,8225,1934,4136,3570
9718,2457,8225,8586,7040,495
