7488,2840,3485,8611,9219,530
7488,2840,3485,8233,2143,5830
7488,2840,3485,5475,6450,1547
7488,2840,3485,2972,6943,5396
7488,2840,3485,7370,8946,7703
7488,2840,3485,2021,1449,4390
7488,2840,3485,6335,8558,9650
7488,2840,3485,5128,1913,5506
7488,2840,3485,4199,3240,3189
7488,2840,3485,1587,295,7205
7488,2840,3485,4396,7654,8704
7488,2840,3485,1283,5497,4556
7488,2840,3485,910,4105,6781
7488,2840,3485,8581,2559,5147
7488,2840,3485,1081,3977,7171
7488,2840,3485,1376,5654,1353
7488,2840,3485,320,2611,8948
7488,2840,3485,9213,9275,6368
7488,2840,3485,5584,6307,9242
7488,2840,3485,5692,5577,8461
7488,2840,3485,5034,9165,1089
7488,2840,3485,2121,1646,7713
7488,2840,3485,4976,7879,2969
7488,2840,3485,2020,7327,8422
7488,2840,3485,4386,8551,2779
7488,2840,3485,8749,7298,2834
7488,2840,3485,2260,126,4727
7488,2840,3485,7271,9818,6031
7488,2840,3485,9772,7039,4487
7488,2840,3485,2023,3941,6877
7488,2840,3485,6773,5992,8237
7488,2840,3485,8685,3319,5993
7488,2840,3485,6908,2381,7155
7488,2840,3485,2758,197,7463
7488,2840,3485,4130,344,7782
7488,2840,3485,2528,3546,1529
7488,2840,3485,6342,928,5141
7488,2840,3485,5379,3641,1328
7488,2840,3485,8384,486,8500
7488,2840,3485,4539,7607,5482
7488,2840,3485,1279,1001,9897
7488,2840,3485,7474,3211,9319
7488,2840,3485,697,7119,4149
7488,2840,3485,2233,9651,2146
7488,2840,3485,4928,8065,1233
7488,2840,3485,8437,4391,8906
7488,2840,3485,5875,4466,7452
7488,2840,3485,6116,6674,5002
7488,2840,3485,5419,9703,9807
7488,2840,3485,743,8595,8543
7488,2840,3485,2025,8472,4976
7488,2840,3485,6566,7147,6929
7488,2840,3485,4733,15,2184
7488,2840,3485,4609,7854,5069
7488,2840,3485,6803,3260,5141
7488,2840,3485,5521,2104,4707
7488,2840,3485,8395,7313,590
7488,2840,3485,4709,1173,6510
7488,2840,3485,6499,7039,8771
7488,2840,3485,9078,6742,7441
7488,2840,3485,6521,1514,1681
7488,2840,3485,1819,7796,1113
7488,2840,3485,9352,731,7009
7488,2840,3485,3813,3247,7546
7488,2840,3485,4487,1858,6556
7488,2840,3485,9225,6379,9829
7488,2840,3485,1352,1032,5922
7488,2840,3485,7681,8948,2679
7488,2840,3485,5150,6915,9641
7488,2840,3485,6735,5954,2420
7488,2840,3485,5980,6279,9851
7488,2840,3485,1766,1884,7543
7488,2840,3485,4064,2832,4253
7488,2840,3485,6245,3867,2288
7488,2840,3485,475,9776,3424
7488,2840,3485,9128,1295,7412
7488,2840,3485,2486,9776,6987
7488,2840,3485,903,5614,9568
7488,2840,3485,3988,4580,5423
7488,2840,3485,2707,7463,4141
7488,2840,3485,6366,1088,6067
7488,2840,3485,8861,5908,274
7488,2840,3485,2684,3397,5668
7488,2840,3485,232,218,8977
7488,2840,3485,3175,8872,577
7488,2840,3485,4928,3344,3432
7488,2840,3485,6118,6004,9056
7488,2840,3485,5795,7965,7065
7488,2840,3485,185,9722,466
7488,2840,3485,5763,8125,9321
7488,2840,3485,7489,9779,3437
7488,2840,3485,4886,7630,8695
7488,2840,3485,2008,4662,3094
7488,2840,3485,3019,2260,9754
7488,2840,3485,8968,5665,4268
7488,2840,3485,9288,6553,1820
7488,2840,3485,3472,501,2428
7488,2840,3485,4807,7557,4748
7488,2840,3485,3074,2183,4541
7488,2840,3485,5111,1306,5381
7488,2840,3485,6009,7374,8207
7488,2840,3485,7319,8973,789
7488,2840,3485,2533,7094,5484
7488,2840,3485,1243,6910,7397
7488,2840,3485,6034,4973,6678
7488,2840,3485,2067,9899,1647
7488,2840,3485,3913,3629,8430
7488,2840,3485,2952,827,3489
7488,2840,3485,6778,7866,5098
7488,2840,3485,2182,7329,5559
7488,2840,3485,8587,7595,763
7488,2840,3485,4465,7347,7563
7488,2840,3485,9140,5304,56
7488,2840,3485,1788,3926,6399
7488,2840,3485,8313,7021,8542
7488,2840,3485,5904,8716,6185
7488,2840,3485,6594,8273,4381
7488,2840,3485,6065,4391,6985
7488,2840,3485,7181,9474,8196
7488,2840,3485,1992,7691,445
7488,2840,3485,7970,1844,1852
7488,2840,3485,2398,6929,4278
7488,2840,3485,7302,1893,7114
7488,2840,3485,5203,7288,8689
7488,2840,3485,9045,1694,9551
7488,2840,3485,4883,2080,7446
7488,2840,3485,3819,1293,7371
7488,2840,3485,2857,3663,7166
7488,2840,3485,5337,7144,7183
7488,2840,3485,1886,1095,5062
7488,2840,3485,8321,77,5766
7488,2840,3485,2039,5559,2493
7488,2840,3485,6205,3935,1860
7488,2840,3485,4848,5210,24
7488,2840,3485,1438,949,2316
7488,2840,3485,5089,5759,4176
7488,2840,3485,9599,9293,6513
7488,2840,3485,9012,704,2305
7488,2840,3485,4534,7462,892
7488,2840,3485,1648,7049,5735
7488,2840,3485,8098,2426,3136
7488,2840,3485,3797,9075,4682
7488,2840,3485,615,3828,910
7488,2840,3485,22,8720,8053
7488,2840,3485,3391,9433,7173
7488,2840,3485,1188,6985,6692
7488,2840,3485,489,4674,6222
7488,2840,3485,1758,5447,18
7488,2840,3485,4796,7725,2136
7488,2840,3485,3622,4267,388
7488,2840,3485,550,482,5830
7488,2840,3485,6629,6533,2971
7488,2840,3485,7655,3423,1520
7488,2840,3485,7851,3519,1789
7488,2840,3485,3591,7876,6459
7488,2840,3485,2331,6924,7489
7488,2840,3485,4012,876,8081
7488,2840,3485,4114,2243,4927
7488,2840,3485,1046,9128,5448
7488,2840,3485,1966,6455,4921
7488,2840,3485,2569,540,9222
7488,2840,3485,225,3054,3431
7488,2840,3485,8320,1039,1832
7488,2840,3485,9581,6518,958
7488,2840,3485,5349,9781,1173
7488,2840,3485,2567,7347,9761
7488,2840,3485,7593,7148,6243
7488,2840,3485,4038,7326,1204
7488,2840,3485,1267,7247,1542
7488,2840,3485,3695,9728,4154
7488,2840,3485,8087,6427,4271
7488,2840,3485,7514,495,7190
7488,2840,3485,417,2355,5596
7488,2840,3485,9322,9159,9710
7488,2840,3485,123,770,7797
7488,2840,3485,8117,5271,4706
7488,2840,3485,2612,7391,9958
7488,2840,3485,7746,4663,8415
7488,2840,3485,2766,8235,8733
7488,2840,3485,3134,5853,9614
7488,2840,3485,3528,2140,9318
7488,2840,3485,7169,7684,1935
7488,2840,3485,666,4372,9817
7488,2840,3485,2403,8696,9369
7488,2840,3485,4650,5088,7582
7488,2840,3485,1251,1942,6524
7488,2840,3485,4978,6947,4031
7488,2840,3485,7198,9063,3222
7488,2840,3485,3941,7520,5915
7488,2840,3485,5313,981,2964
7488,2840,3485,530,1726,4928
7488,2840,3485,5972,8203,4229
7488,2840,3485,2268,3823,5493
7488,2840,3485,1803,4301,1214
7488,2840,3485,9975,3380,4990
7488,2840,3485,1122,2478,1924
7488,2840,3485,7171,9827,9737
7488,2840,3485,8466,5636,3339
7488,2840,3485,5155,3243,6537
7488,2840,3485,4122,7921,2052
7488,2840,3485,9324,4817,2492
7488,2840,3485,9670,6831,1725
7488,2840,3485,9039,8005,2030
7488,2840,3485,2816,235,6265
7488,2840,3485,1122,7241,2064
7488,2840,3485,2249,7692,4066
7488,2840,3485,1188,5140,9244
7488,2840,3485,1216,8292,5785
7488,2840,3485,6848,8280,2084
7488,2840,3485,812,9629,6307
7488,2840,3485,6483,3036,8949
7488,2840,3485,8317,4440,8421
7488,2840,3485,5700,9884,9356
7488,2840,3485,1526,4991,8027
7488,2840,3485,1642,16,5030
7488,2840,3485,2913,6512,2752
7488,2840,3485,5287,891,6949
7488,2840,3485,4204,6299,6511
7488,2840,3485,6808,1064,2136
7488,2840,3485,9611,849,6414
7488,2840,3485,3834,4205,2828
7488,2840,3485,2897,7452,9927
7488,2840,3485,954,167,3594
7488,2840,3485,269,4389,9864
7488,2840,3485,7190,3664,8296
7488,2840,3485,5438,3631,6510
7488,2840,3485,5422,203,5280
7488,2840,3485,6470,8318,5739
7488,2840,3485,10000,8661,5994
7488,2840,3485,5846,8136,5235
7488,2840,3485,4925,3926,7994
7488,2840,3485,8060,7554,853
7488,2840,3485,2513,6619,1312
7488,2840,3485,6074,3360,5330
7488,2840,3485,2388,5455,1389
7488,2840,3485,5650,9678,6521
7488,2840,3485,8978,8543,5928
7488,2840,3485,3493,12,5279
7488,2840,3485,5395,6726,8921
7488,2840,3485,5695,7680,6585
7488,2840,3485,5931,8964,6424
7488,2840,3485,2769,4952,6661
7488,2840,3485,1132,7016,3512
7488,2840,3485,9334,2975,3682
7488,2840,3485,2512,7533,5232
7488,2840,3485,3819,4929,477
7488,2840,3485,56,7049,1713
7488,2840,3485,5473,9534,5594
7488,2840,3485,9847,2290,2579
7488,2840,3485,1172,7081,8917
7488,2840,3485,1472,235,8633
7488,2840,3485,1238,5108,9965
7488,2840,3485,4195,7399,7600
7488,2840,3485,2473,9347,5881
7488,2840,3485,3459,7150,269
7488,2840,3485,9429,9901,7349
7488,2840,3485,3344,1825,1384
7488,2840,3485,9173,9583,111
7488,2840,3485,1051,9973,582
7488,2840,3485,1901,962,5776
7488,2840,3485,4718,6398,3025
7488,2840,3485,2702,7359,9188
7488,2840,3485,2561,1373,3334
7488,2840,3485,5626,8304,359
7488,2840,3485,9895,6390,4453
7488,2840,3485,2343,3284,7038
7488,2840,3485,2008,5161,2070
7488,2840,3485,5101,2894,5432
7488,2840,3485,4173,1790,2402
7488,2840,3485,27,6633,659
7488,2840,3485,9994,8743,2045
7488,2840,3485,6236,3475,9507
7488,2840,3485,3883,3968,2732
7488,2840,3485,2050,9957,8859
7488,2840,3485,2351,8247,2607
7488,2840,3485,4369,7851,1528
7488,2840,3485,5606,5612,4504
7488,2840,3485,2907,8219,3764
7488,2840,3485,8911,6558,8218
7488,2840,3485,9979,9548,5506
7488,2840,3485,8438,3133,7413
7488,2840,3485,9755,6340,6682
7488,2840,3485,6164,5004,9233
7488,2840,3485,5275,875,9026
7488,2840,3485,964,4609,8208
7488,2840,3485,6910,3821,319
7488,2840,3485,4310,5860,3022
7488,2840,3485,2246,1676,12
7488,2840,3485,6120,9549,3067
7488,2840,3485,1657,4942,2778
7488,2840,3485,3988,78,2102
7488,2840,3485,7550,6006,7413
7488,2840,3485,3082,5237,6685
7488,2840,3485,286,6800,6390
7488,2840,3485,3183,8587,122
7488,2840,3485,7663,908,4253
7488,2840,3485,1966,6933,7762
7488,2840,3485,7759,5940,5183
7488,2840,3485,4301,9305,4033
7488,2840,3485,3400,9956,4164
7488,2840,3485,4440,7002,2002
7488,2840,3485,7765,50,1053
7488,2840,3485,1371,2429,7192
7488,2840,3485,7074,5622,5319
7488,2840,3485,320,9905,4017
7488,2840,3485,5201,2305,980
7488,2840,3485,2581,2850,89
7488,2840,3485,9789,3814,7855
7488,2840,3485,6657,7808,7348
7488,2840,3485,6743,6757,8636
7488,2840,3485,733,3708,6417
7488,2840,3485,962,9530,518
7488,2840,3485,8497,2572,8366
7488,2840,3485,5064,5874,9692
7488,2840,3485,9501,7609,7450
7488,2840,3485,4781,313,7890
7488,2840,3485,5369,6060,1823
7488,2840,3485,1863,7550,8559
7488,2840,3485,5173,4765,8702
7488,2840,3485,416,1285,884
7488,2840,3485,4030,4328,472
7488,2840,3485,7777,242,1796
7488,2840,3485,5871,6023,6722
7488,2840,3485,6386,728,2331
7488,2840,3485,7529,6099,2767
7488,2840,3485,498,8204,1149
7488,2840,3485,2214,7449,3618
7488,2840,3485,2298,8826,4742
7488,2840,3485,4840,3995,6371
7488,2840,3485,7562,2412,2355
7488,2840,3485,8390,9989,1308
7488,2840,3485,8469,2206,7417
7488,2840,3485,14,3636,7646
7488,2840,3485,2048,3468,4375
7488,2840,3485,8598,2194,612
7488,2840,3485,6394,438,9076
7488,2840,3485,8995,6134,3610
7488,2840,3485,4362,4300,6113
7488,2840,3485,441,6682,7578
7488,2840,3485,544,4712,9715
7488,2840,3485,2897,8413,5597
7488,2840,3485,6420,1996,5667
7488,2840,3485,2148,1663,3686
7488,2840,3485,1379,1265,9946
7488,2840,3485,8365,4666,7822
7488,2840,3485,471,6702,2475
7488,2840,3485,983,3833,456
7488,2840,3485,6348,6466,2952
7488,2840,3485,6763,9861,1786
7488,2840,3485,6006,9810,7464
7488,2840,3485,3470,4933,4220
7488,2840,3485,7738,5892,7896
7488,2840,3485,3152,9229,1881
7488,2840,3485,7869,3966,2880
7488,2840,3485,7041,7920,5866
7488,2840,3485,7583,5023,9331
7488,2840,3485,9187,4098,1459
7488,2840,3485,3814,3021,2790
7488,2840,3485,1522,8671,6015
7488,2840,3485,2945,2677,2562
7488,2840,3485,296,678,520
7488,2840,3485,6348,1362,1902
7488,2840,3485,7306,4668,6965
7488,2840,3485,7776,3888,3200
7488,2840,3485,9767,249,6123
7488,2840,3485,223,4521,6121
7488,2840,3485,1211,7435,8033
7488,2840,3485,9430,6688,1827
7488,2840,3485,3049,5348,6312
7488,2840,3485,3787,4053,1655
7488,2840,3485,9241,1708,2433
7488,2840,3485,5592,5698,39
7488,2840,3485,7341,1676,467
7488,2840,3485,3840,5974,2723
7488,2840,3485,9739,4505,4019
7488,2840,3485,1735,7989,2882
7488,2840,3485,6299,213,9777
7488,2840,3485,4894,8025,8318
7488,2840,3485,9615,6491,9944
7488,2840,3485,1074,7401,6220
7488,2840,3485,6956,4140,3581
7488,2840,3485,6095,389,633
7488,2840,3485,2502,5146,4851
7488,2840,3485,7557,8361,8241
7488,2840,3485,2712,578,4839
7488,2840,3485,5509,6355,1647
7488,2840,3485,1849,2897,8007
7488,2840,3485,1981,1170,5558
7488,2840,3485,5517,559,9731
7488,2840,3485,2231,3823,993
7488,2840,3485,5327,4308,5440
7488,2840,3485,3607,2454,5194
7488,2840,3485,4555,4990,4223
7488,2840,3485,7240,5239,4690
7488,2840,3485,5418,1362,933
7488,2840,3485,1496,3416,1598
7488,2840,3485,7846,9763,3204
7488,2840,3485,9662,616,760
7488,2840,3485,599,2754,827
7488,2840,3485,7172,2968,2094
7488,2840,3485,2022,8232,9450
7488,2840,3485,3945,5484,2847
7488,2840,3485,8809,1847,7534
7488,2840,3485,2765,880,7201
7488,2840,3485,909,9097,5598
7488,2840,3485,384,5848,3736
7488,2840,3485,7091,861,2757
7488,2840,3485,5263,791,9848
7488,2840,3485,7148,8815,1320
7488,2840,3485,8329,9925,2637
7488,2840,3485,7501,8510,1828
7488,2840,3485,1440,9822,9496
7488,2840,3485,8903,3748,741
7488,2840,3485,570,9440,6722
7488,2840,3485,7350,6595,5062
7488,2840,3485,1819,8997,4961
7488,2840,3485,7837,3294,8017
7488,2840,3485,5655,3448,2598
7488,2840,3485,3000,2368,6307
7488,2840,3485,7908,3397,2403
7488,2840,3485,5577,3883,4252
7488,2840,3485,7653,4997,4150
7488,2840,3485,8966,3252,3189
7488,2840,3485,568,9812,6704
7488,2840,3485,5111,1968,144
7488,2840,3485,2080,268,5458
7488,2840,3485,9315,3312,4369
7488,2840,3485,8360,3162,7778
7488,2840,3485,118,1875,8495
7488,2840,3485,3265,6046,6856
7488,2840,3485,3175,9174,6433
7488,2840,3485,534,5473,1261
7488,2840,3485,8791,4810,7723
7488,2840,3485,4651,9941,9010
7488,2840,3485,5395,266,1412
7488,2840,3485,7866,8619,7104
7488,2840,3485,4657,6171,8790
7488,2840,3485,4875,4320,6789
7488,2840,3485,2352,7900,6945
7488,2840,3485,892,7094,5281
7488,2840,3485,4750,9635,3099
7488,2840,3485,6361,8785,7870
7488,2840,3485,175,5789,6646
7488,2840,3485,1681,3668,2346
7488,2840,3485,2848,401,7607
7488,2840,3485,7410,6457,8010
7488,2840,3485,4832,1840,2337
7488,2840,3485,6200,1808,2686
7488,2840,3485,2370,5954,9637
7488,2840,3485,4577,4438,8749
7488,2840,3485,2405,9520,192
7488,2840,3485,1249,7643,7481
7488,2840,3485,9800,8019,6854
7488,2840,3485,3908,5065,1651
7488,2840,3485,8496,3885,2894
7488,2840,3485,4929,8418,4431
7488,2840,3485,2733,2458,5668
7488,2840,3485,5812,4669,8336
7488,2840,3485,602,3422,7159
7488,2840,3485,4822,1339,1833
7488,2840,3485,4358,8646,7463
7488,2840,3485,712,8552,1988
7488,2840,3485,4989,5890,6672
7488,2840,3485,6605,8458,8742
7488,2840,3485,427,7429,5804
7488,2840,3485,4712,5276,6446
7488,2840,3485,3503,8294,3728
7488,2840,3485,4009,7938,7672
7488,2840,3485,8216,4137,8255
7488,2840,3485,9324,8455,9199
7488,2840,3485,5873,4175,3598
7488,2840,3485,4427,743,4568
7488,2840,3485,4437,6996,5104
7488,2840,3485,7538,1847,2240
7488,2840,3485,6512,5049,5270
7488,2840,3485,818,7565,6142
7488,2840,3485,583,1218,5525
7488,2840,3485,4031,5826,6433
7488,2840,3485,4949,6593,19
7488,2840,3485,4396,1622,9928
7488,2840,3485,1307,7038,6416
7488,2840,3485,2327,8178,6605
7488,2840,3485,3820,8728,9622
7488,2840,3485,8046,2188,9622
7488,2840,3485,3874,7640,8073
7488,2840,3485,7460,8793,8688
7488,2840,3485,7767,5904,1741
7488,2840,3485,7982,8421,7584
7488,2840,3485,5072,7835,3315
7488,2840,3485,6212,7404,4126
7488,2840,3485,7265,9221,5984
7488,2840,3485,3980,1024,7482
7488,2840,3485,1600,2903,3215
7488,2840,3485,7967,3059,49
7488,2840,3485,7057,5480,8936
7488,2840,3485,8197,9393,5374
7488,2840,3485,3603,2863,9328
7488,2840,3485,6281,3326,9459
7488,2840,3485,6092,1186,2161
7488,2840,3485,5183,6129,2630
7488,2840,3485,9698,4411,520
7488,2840,3485,5830,3516,6215
7488,2840,3485,2397,8718,1447
7488,2840,3485,2899,7116,2998
7488,2840,3485,7448,68,9287
7488,2840,3485,500,4773,1394
7488,2840,3485,1033,2243,4523
7488,2840,3485,5164,3590,7562
7488,2840,3485,8517,9022,8065
7488,2840,3485,8518,5807,3677
