7488,2840,3485,6561,7834,7030
7488,2840,3485,3492,6179,5233
7488,2840,3485,1631,8046,4612
7488,2840,3485,2671,1102,5600
7488,2840,3485,4291,2501,8060
7488,2840,3485,8671,6216,8867
7488,2840,3485,8863,11,1980
7488,2840,3485,7492,2493,3314
7488,2840,3485,252,8676,7343
7488,2840,3485,8848,456,2689
7488,2840,3485,1131,2684,1759
7488,2840,3485,1671,5786,9072
7488,2840,3485,6441,5516,3209
7488,2840,3485,1160,6375,178
7488,2840,3485,4740,7694,672
7488,2840,3485,4416,3544,7492
7488,2840,3485,6405,2197,6904
7488,2840,3485,3603,2115,5871
7488,2840,3485,7490,8056,7661
7488,2840,3485,6566,6530,7327
7488,2840,3485,9960,1182,1201
7488,2840,3485,228,7280,2631
7488,2840,3485,8184,3431,3761
7488,2840,3485,1564,9281,8535
7488,2840,3485,6650,2968,5235
7488,2840,3485,4483,9895,8406
7488,2840,3485,8365,3267,8758
7488,2840,3485,3116,2610,483
7488,2840,3485,5540,388,9399
7488,2840,3485,931,2424,6113
7488,2840,3485,9477,1850,5354
7488,2840,3485,1569,9854,5803
7488,2840,3485,3550,2049,3767
7488,2840,3485,4984,5252,3833
7488,2840,3485,8911,9467,9417
7488,2840,3485,3349,5820,6516
7488,2840,3485,6838,6365,7268
7488,2840,3485,178,6521,7422
7488,2840,3485,9400,682,2654
7488,2840,3485,1852,3833,3101
7488,2840,3485,1409,8353,6152
7488,2840,3485,2000,2100,8735
7488,2840,3485,7167,9593,1160
7488,2840,3485,9338,6882,8149
7488,2840,3485,1920,9422,5974
7488,2840,3485,7240,7507,9544
7488,2840,3485,6392,6212,7203
7488,2840,3485,9964,679,6724
7488,2840,3485,1887,3292,7881
7488,2840,3485,3249,6300,3749
7488,2840,3485,7082,4023,9008
7488,2840,3485,7012,6306,1253
7488,2840,3485,7830,8312,2434
7488,2840,3485,5734,4685,1535
7488,2840,3485,163,7545,1856
7488,2840,3485,1552,8838,4397
7488,2840,3485,6064,2799,8006
7488,2840,3485,8859,5232,8457
7488,2840,3485,1865,2711,4791
7488,2840,3485,3347,5065,2173
7488,2840,3485,3120,3157,4608
7488,2840,3485,7858,3417,433
7488,2840,3485,9558,3230,430
7488,2840,3485,382,5209,3662
7488,2840,3485,3817,18,1169
7488,2840,3485,3187,9017,9751
7488,2840,3485,9972,6724,7459
7488,2840,3485,7360,6224,570
7488,2840,3485,9838,2574,331
7488,2840,3485,3858,5140,5221
7488,2840,3485,2272,4078,2569
7488,2840,3485,9890,235,1483
7488,2840,3485,5437,3875,5391
7488,2840,3485,482,3124,13
7488,2840,3485,1968,1051,3037
7488,2840,3485,2975,8172,9288
7488,2840,3485,3956,9798,5331
7488,2840,3485,5283,3216,8018
7488,2840,3485,1623,8673,348
7488,2840,3485,1107,3758,6793
7488,2840,3485,1619,5330,813
7488,2840,3485,4297,7039,8313
7488,2840,3485,2331,1029,2276
7488,2840,3485,7429,466,5679
7488,2840,3485,718,4192,1788
7488,2840,3485,6552,6137,5345
7488,2840,3485,956,6226,4771
7488,2840,3485,8982,8265,7935
7488,2840,3485,9550,9166,9448
7488,2840,3485,5831,929,336
7488,2840,3485,6165,878,6389
7488,2840,3485,3604,3429,6879
7488,2840,3485,1008,43,9307
7488,2840,3485,2981,6824,8330
7488,2840,3485,5854,2378,6366
7488,2840,3485,3440,1158,8726
7488,2840,3485,3883,4215,7063
7488,2840,3485,9356,8897,4351
7488,2840,3485,7515,9997,206
7488,2840,3485,8203,7197,3640
7488,2840,3485,1401,1840,6771
7488,2840,3485,5828,5262,7083
7488,2840,3485,4584,1892,5339
7488,2840,3485,8538,2405,3794
7488,2840,3485,8995,5946,9423
7488,2840,3485,6832,4894,9829
7488,2840,3485,4569,2626,4388
7488,2840,3485,8454,276,9113
7488,2840,3485,6210,8441,7593
7488,2840,3485,6836,465,3658
7488,2840,3485,7342,2621,7523
7488,2840,3485,7463,779,1541
7488,2840,3485,8101,967,5140
7488,2840,3485,4503,875,7003
7488,2840,3485,6440,4364,2526
7488,2840,3485,4392,1385,8300
7488,2840,3485,6651,6432,3955
7488,2840,3485,3361,926,4882
7488,2840,3485,7805,1988,8372
7488,2840,3485,1512,1077,7751
7488,2840,3485,6286,4443,7695
7488,2840,3485,4419,102,9134
7488,2840,3485,845,4019,5765
7488,2840,3485,9603,2652,3512
7488,2840,3485,3670,3308,5663
7488,2840,3485,7052,1410,1060
7488,2840,3485,7449,6076,4674
7488,2840,3485,9659,8508,4356
7488,2840,3485,5695,2206,1374
7488,2840,3485,7407,9764,8828
7488,2840,3485,4077,8271,7856
7488,2840,3485,585,2285,3639
7488,2840,3485,4670,5058,6940
7488,2840,3485,5655,1893,7368
7488,2840,3485,9581,7056,1968
7488,2840,3485,9588,4339,4598
7488,2840,3485,694,2776,4821
7488,2840,3485,5821,3461,5464
7488,2840,3485,114,9071,9161
7488,2840,3485,7958,1018,7920
7488,2840,3485,8989,1196,8523
7488,2840,3485,8342,9647,5879
7488,2840,3485,4789,4054,4292
7488,2840,3485,2919,2594,5926
7488,2840,3485,150,5971,4662
7488,2840,3485,5905,1274,7760
7488,2840,3485,6778,6993,9363
7488,2840,3485,7871,7209,8573
7488,2840,3485,9979,3842,7796
7488,2840,3485,651,7209,6433
7488,2840,3485,3878,2558,9510
7488,2840,3485,5163,4089,2453
7488,2840,3485,1354,3379,8948
7488,2840,3485,6587,4303,4839
7488,2840,3485,1982,8615,6016
7488,2840,3485,567,6805,9315
7488,2840,3485,2263,4058,8826
7488,2840,3485,3476,5144,5089
7488,2840,3485,1294,6617,1675
7488,2840,3485,7196,9137,7495
7488,2840,3485,3885,8859,8141
7488,2840,3485,6248,5751,8337
7488,2840,3485,3417,4010,2889
7488,2840,3485,660,1242,1682
7488,2840,3485,9897,5045,8481
7488,2840,3485,5408,6496,7981
7488,2840,3485,9709,8183,7077
7488,2840,3485,6241,976,9252
7488,2840,3485,9243,4599,4645
7488,2840,3485,5277,8097,2664
7488,2840,3485,3957,6732,5754
7488,2840,3485,4258,1983,7780
7488,2840,3485,8049,3570,9421
7488,2840,3485,2206,9757,7635
7488,2840,3485,6530,2662,8091
7488,2840,3485,2527,4366,1127
7488,2840,3485,5447,3438,1444
7488,2840,3485,4585,313,5205
7488,2840,3485,8631,6257,831
7488,2840,3485,1521,7270,1854
7488,2840,3485,8133,2655,363
7488,2840,3485,6581,3424,9309
7488,2840,3485,5215,299,7376
7488,2840,3485,2599,2651,2860
7488,2840,3485,828,6570,9177
7488,2840,3485,6407,5779,2082
7488,2840,3485,908,3178,3587
7488,2840,3485,4319,4758,6158
7488,2840,3485,861,649,2594
7488,2840,3485,6485,6867,765
7488,2840,3485,1076,188,3323
7488,2840,3485,7167,2257,438
7488,2840,3485,4987,3511,4841
7488,2840,3485,4977,8131,683
7488,2840,3485,9382,1756,1107
7488,2840,3485,3596,5782,3950
7488,2840,3485,6466,9272,9310
7488,2840,3485,1845,3831,8597
7488,2840,3485,8815,1182,581
7488,2840,3485,3301,8104,6913
7488,2840,3485,1957,5185,5714
7488,2840,3485,6982,2184,6481
7488,2840,3485,4616,8460,6911
7488,2840,3485,5205,379,5031
7488,2840,3485,2860,5322,8671
7488,2840,3485,9785,3654,2121
7488,2840,3485,5848,9770,154
7488,2840,3485,3482,8018,4518
7488,2840,3485,2687,577,7346
7488,2840,3485,964,4907,4132
7488,2840,3485,5170,4834,4336
7488,2840,3485,8272,7135,3749
7488,2840,3485,590,9170,8863
7488,2840,3485,9808,8421,1045
7488,2840,3485,9284,5084,5829
7488,2840,3485,281,4743,2749
7488,2840,3485,9730,3708,8648
7488,2840,3485,4222,7019,6262
7488,2840,3485,9509,3994,8044
7488,2840,3485,2424,8239,7222
7488,2840,3485,8147,9649,8230
7488,2840,3485,7232,820,5059
7488,2840,3485,2033,4828,6714
7488,2840,3485,2331,8749,6996
7488,2840,3485,3919,3865,6721
7488,2840,3485,8434,2343,1537
7488,2840,3485,8362,5419,4879
7488,2840,3485,4886,3135,5464
7488,2840,3485,8829,6682,8846
7488,2840,3485,6687,7341,2966
7488,2840,3485,6296,5703,1773
7488,2840,3485,6036,9858,7039
7488,2840,3485,3834,9437,408
7488,2840,3485,4561,1720,3132
7488,2840,3485,8186,4923,8602
7488,2840,3485,1841,7911,1313
7488,2840,3485,8791,2846,2139
7488,2840,3485,5349,9695,1715
7488,2840,3485,2196,8338,3376
7488,2840,3485,9531,8761,6784
7488,2840,3485,6743,8770,8216
7488,2840,3485,3719,7416,2602
7488,2840,3485,4579,4518,5773
7488,2840,3485,3995,3708,8081
7488,2840,3485,7471,5510,9595
7488,2840,3485,4737,1030,665
7488,2840,3485,9914,4480,9507
7488,2840,3485,3527,5134,4771
7488,2840,3485,44,286,2093
7488,2840,3485,7054,7148,4047
7488,2840,3485,2978,309,7156
7488,2840,3485,4948,9964,4997
7488,2840,3485,8241,4385,6740
7488,2840,3485,4440,5713,7932
7488,2840,3485,4914,2635,9988
7488,2840,3485,636,5580,9948
7488,2840,3485,1355,8867,1961
7488,2840,3485,3168,9263,5575
7488,2840,3485,4625,873,5233
7488,2840,3485,6835,1645,7792
7488,2840,3485,4824,6585,8224
7488,2840,3485,7578,470,4987
7488,2840,3485,9602,602,7766
7488,2840,3485,7285,5238,5160
7488,2840,3485,2382,3674,9318
7488,2840,3485,9001,5311,9305
7488,2840,3485,4057,3843,5913
7488,2840,3485,5364,8478,8982
7488,2840,3485,8757,5144,2557
7488,2840,3485,7395,3445,4379
7488,2840,3485,6898,7828,252
7488,2840,3485,7037,2321,952
7488,2840,3485,7746,3260,3574
7488,2840,3485,701,798,7747
7488,2840,3485,5550,3476,279
7488,2840,3485,1564,4280,2334
7488,2840,3485,1127,1021,2678
7488,2840,3485,515,1579,4483
7488,2840,3485,8178,5237,2487
7488,2840,3485,6106,544,582
7488,2840,3485,6221,7312,6306
7488,2840,3485,2134,8565,9192
7488,2840,3485,8813,8839,3592
7488,2840,3485,7934,7392,1037
7488,2840,3485,4553,1752,3225
7488,2840,3485,8951,4769,9236
7488,2840,3485,8325,2055,1070
7488,2840,3485,1000,9671,5044
7488,2840,3485,1596,3197,7245
7488,2840,3485,7002,8852,5231
7488,2840,3485,2773,3717,208
7488,2840,3485,2799,2786,826
7488,2840,3485,8696,5155,9824
7488,2840,3485,4978,56,5474
7488,2840,3485,2997,5920,4042
7488,2840,3485,791,73,4300
7488,2840,3485,4369,3074,2444
7488,2840,3485,9004,5593,1406
7488,2840,3485,2097,8068,6560
7488,2840,3485,8000,3972,4289
7488,2840,3485,8796,9449,8545
7488,2840,3485,6306,1179,137
7488,2840,3485,2751,2211,7039
7488,2840,3485,7708,8688,448
7488,2840,3485,7776,4470,4053
7488,2840,3485,1615,2750,96
7488,2840,3485,7502,4955,6616
7488,2840,3485,59,4559,7012
7488,2840,3485,3346,8357,236
7488,2840,3485,1960,3929,6445
7488,2840,3485,3161,2096,8072
7488,2840,3485,7475,8116,9674
7488,2840,3485,3170,2316,6617
7488,2840,3485,9628,1793,270
7488,2840,3485,2187,9104,6928
7488,2840,3485,1848,3315,1648
7488,2840,3485,1698,7384,7933
7488,2840,3485,1742,1116,609
7488,2840,3485,5610,9608,2655
7488,2840,3485,6393,5076,8175
7488,2840,3485,3774,2625,3072
7488,2840,3485,7137,1565,4004
7488,2840,3485,3064,5855,8012
7488,2840,3485,7983,8456,7415
7488,2840,3485,5718,484,1187
7488,2840,3485,4349,551,1923
7488,2840,3485,7921,5737,4280
7488,2840,3485,9541,1223,4608
7488,2840,3485,498,9647,3696
7488,2840,3485,3575,9986,5481
7488,2840,3485,9763,8041,5995
7488,2840,3485,8125,6447,3573
7488,2840,3485,3097,9652,5068
7488,2840,3485,7496,5889,4240
7488,2840,3485,9272,9599,7701
7488,2840,3485,8948,8725,9350
7488,2840,3485,5799,5982,2453
7488,2840,3485,3091,6252,8452
7488,2840,3485,2692,8385,9912
7488,2840,3485,827,8485,3827
7488,2840,3485,7412,96,1725
7488,2840,3485,2864,9748,6400
7488,2840,3485,1917,3276,4066
7488,2840,3485,5900,3808,6734
7488,2840,3485,1464,4456,6193
7488,2840,3485,9859,3814,496
7488,2840,3485,1090,8872,8642
7488,2840,3485,3040,3149,9341
7488,2840,3485,1794,2608,3689
7488,2840,3485,9885,908,5466
7488,2840,3485,4733,7873,7093
7488,2840,3485,2688,4719,3971
7488,2840,3485,8668,4496,1939
7488,2840,3485,5884,4321,8740
7488,2840,3485,6814,5883,3979
7488,2840,3485,3674,9598,4217
7488,2840,3485,3668,2007,2850
7488,2840,3485,739,810,7892
7488,2840,3485,9891,7535,6585
7488,2840,3485,8161,5942,9985
7488,2840,3485,3868,2753,6383
7488,2840,3485,1310,2580,6000
7488,2840,3485,965,8797,4765
7488,2840,3485,2526,830,9360
7488,2840,3485,800,9771,1378
7488,2840,3485,9541,768,6578
7488,2840,3485,6448,7164,6529
7488,2840,3485,1370,3778,5976
7488,2840,3485,3435,7391,1492
7488,2840,3485,1988,9396,839
7488,2840,3485,888,4095,4805
7488,2840,3485,3297,1634,6155
7488,2840,3485,9296,7907,9198
7488,2840,3485,6925,6248,7523
7488,2840,3485,2556,3582,7031
7488,2840,3485,9229,1942,6335
7488,2840,3485,1508,3063,4503
7488,2840,3485,2948,1372,8382
7488,2840,3485,5403,2872,1050
7488,2840,3485,8049,9067,515
7488,2840,3485,8539,8699,4944
7488,2840,3485,8405,3162,8574
7488,2840,3485,5636,5075,7526
7488,2840,3485,2363,1710,813
7488,2840,3485,3737,6926,280
7488,2840,3485,3067,9600,6471
7488,2840,3485,2000,3982,1277
7488,2840,3485,5574,6273,22
7488,2840,3485,3461,8472,4874
7488,2840,3485,7589,931,4309
7488,2840,3485,6711,2736,872
7488,2840,3485,4652,2990,197
7488,2840,3485,8021,8009,7112
7488,2840,3485,52,3213,2082
7488,2840,3485,5950,2429,8244
7488,2840,3485,2128,5096,5172
7488,2840,3485,8734,5921,1175
7488,2840,3485,6702,6792,5913
7488,2840,3485,7366,2022,550
7488,2840,3485,5605,6276,5159
7488,2840,3485,6034,1382,554
7488,2840,3485,7072,9463,4143
7488,2840,3485,3488,3943,1272
7488,2840,3485,1962,8284,5373
7488,2840,3485,4802,6245,2950
7488,2840,3485,9974,5378,6263
7488,2840,3485,8959,7431,6632
7488,2840,3485,8021,62,3210
7488,2840,3485,2249,1659,1849
7488,2840,3485,8362,3160,469
7488,2840,3485,8184,541,307
7488,2840,3485,907,4055,8915
7488,2840,3485,9199,8288,9356
7488,2840,3485,9296,6747,5888
7488,2840,3485,4416,7981,7864
7488,2840,3485,1809,6004,9148
7488,2840,3485,8095,1756,3561
7488,2840,3485,370,1563,6712
7488,2840,3485,7293,4133,6483
7488,2840,3485,3426,3665,1375
7488,2840,3485,2319,5678,9752
7488,2840,3485,7932,1652,387
7488,2840,3485,5687,3458,6470
7488,2840,3485,1865,9690,9199
7488,2840,3485,8470,2252,6656
7488,2840,3485,5402,7952,4747
7488,2840,3485,8319,479,6449
7488,2840,3485,6727,8814,7009
7488,2840,3485,9434,5468,6226
7488,2840,3485,3220,5104,3600
7488,2840,3485,1515,5522,7069
7488,2840,3485,3811,874,9818
7488,2840,3485,9693,562,9131
7488,2840,3485,9702,9230,8447
7488,2840,3485,2642,6645,5164
7488,2840,3485,6360,2046,3774
7488,2840,3485,146,4587,4159
7488,2840,3485,1979,5104,78
7488,2840,3485,5100,7048,9747
7488,2840,3485,9848,5242,9857
7488,2840,3485,439,6207,8454
7488,2840,3485,682,2665,7079
7488,2840,3485,7361,8910,9031
7488,2840,3485,7910,9591,9617
7488,2840,3485,7607,8702,4537
7488,2840,3485,4783,4673,9377
7488,2840,3485,2525,2864,7909
7488,2840,3485,5651,342,5702
7488,2840,3485,3241,7592,2989
7488,2840,3485,9909,9616,6141
7488,2840,3485,4130,3797,5667
7488,2840,3485,5807,4149,3204
7488,2840,3485,700,9823,3714
7488,2840,3485,5500,9192,9707
7488,2840,3485,9681,9360,9501
7488,2840,3485,9376,9354,2451
7488,2840,3485,9228,5533,6772
7488,2840,3485,394,7553,4833
7488,2840,3485,1994,1008,3303
7488,2840,3485,8865,9950,2162
7488,2840,3485,5107,2241,840
7488,2840,3485,4136,6746,5363
7488,2840,3485,5087,6439,4536
7488,2840,3485,4794,9834,922
7488,2840,3485,4938,389,9270
7488,2840,3485,1825,5649,1129
7488,2840,3485,3074,8729,8476
7488,2840,3485,5744,9679,4451
7488,2840,3485,939,9598,7604
7488,2840,3485,1435,6750,7702
7488,2840,3485,7764,3023,1725
7488,2840,3485,279,5412,6986
7488,2840,3485,4725,4511,4215
7488,2840,3485,3631,961,7960
7488,2840,3485,717,6165,9759
7488,2840,3485,5377,7839,6640
7488,2840,3485,9390,1363,4094
7488,2840,3485,185,1997,221
7488,2840,3485,6036,5185,7032
7488,2840,3485,4679,2130,430
7488,2840,3485,792,3068,3996
7488,2840,3485,9631,6832,9041
7488,2840,3485,4263,3356,4273
7488,2840,3485,1903,4994,297
7488,2840,3485,7166,4634,1178
7488,2840,3485,9312,6186,1583
7488,2840,3485,7860,8553,495
7488,2840,3485,4826,645,6652
7488,2840,3485,6625,9163,7237
7488,2840,3485,1079,8428,6552
7488,2840,3485,1003,984,5386
7488,2840,3485,250,8186,4994
7488,2840,3485,121,3828,5189
7488,2840,3485,7897,2289,8241
7488,2840,3485,9215,3271,1785
7488,2840,3485,897,7079,5690
7488,2840,3485,7436,7548,5001
7488,2840,3485,6506,767,285
7488,2840,3485,2128,8312,5121
7488,2840,3485,3510,3277,8036
7488,2840,3485,1080,1209,3542
7488,2840,3485,5204,3357,710
7488,2840,3485,9940,1123,9276
7488,2840,3485,3952,1053,804
7488,2840,3485,1378,3381,868
7488,2840,3485,4926,1254,9879
7488,2840,3485,494,5483,4496
7488,2840,3485,9191,1499,4330
7488,2840,3485,8501,3907,6376
7488,2840,3485,3473,5347,2415
