9498,7394,5544,7887,6933,5983
9498,7394,5544,334,9358,5779
9498,7394,5544,4866,4511,3215
9498,7394,5544,6554,8425,8403
9498,7394,5544,4167,4438,9672
9498,7394,5544,5583,753,3039
9498,7394,5544,7099,1688,7593
9498,7394,5544,2501,7453,2723
9498,7394,5544,8338,2822,4731
9498,7394,5544,9639,3040,45
9498,7394,5544,9373,3371,3305
9498,7394,5544,6835,9022,6363
9498,7394,5544,4335,7091,1393
9498,7394,5544,1318,8397,1648
9498,7394,5544,7392,3168,3916
9498,7394,5544,4116,4965,8009
9498,7394,5544,9959,7096,3707
9498,7394,5544,7464,916,682
9498,7394,5544,390,2492,2877
9498,7394,5544,5414,5830,2603
9498,7394,5544,5806,6275,2606
9498,7394,5544,5753,1106,8176
9498,7394,5544,8276,6160,164
9498,7394,5544,3459,438,6851
9498,7394,5544,8530,9148,3019
9498,7394,5544,3850,4560,5712
9498,7394,5544,4911,1670,610
9498,7394,5544,5110,4005,2003
9498,7394,5544,8237,8840,9408
9498,7394,5544,5193,3647,9114
9498,7394,5544,579,301,7021
9498,7394,5544,5565,9924,2861
9498,7394,5544,8363,3436,2993
9498,7394,5544,5744,3796,2572
9498,7394,5544,7164,296,8429
9498,7394,5544,5109,7707,4809
9498,7394,5544,7972,9178,7083
9498,7394,5544,6221,7602,4864
9498,7394,5544,7167,8814,1740
9498,7394,5544,7,1501,8347
9498,7394,5544,719,798,5743
9498,7394,5544,1635,7772,5516
9498,7394,5544,6632,9563,420
9498,7394,5544,1099,7257,8830
9498,7394,5544,1326,8756,7245
9498,7394,5544,83,902,374
9498,7394,5544,2893,9978,20
9498,7394,5544,5521,3246,2330
9498,7394,5544,8595,7962,890
9498,7394,5544,7314,7605,914
9498,7394,5544,7779,9270,1861
9498,7394,5544,38,4259,6221
9498,7394,5544,1013,7325,4493
9498,7394,5544,5386,616,9787
9498,7394,5544,2674,1578,2369
9498,7394,5544,8193,6488,1947
9498,7394,5544,6560,9485,4493
9498,7394,5544,5007,1343,3916
9498,7394,5544,5829,7613,2690
9498,7394,5544,8784,2595,843
9498,7394,5544,5304,8022,7734
9498,7394,5544,7183,7145,3909
9498,7394,5544,3306,9646,1772
9498,7394,5544,3698,3468,4344
9498,7394,5544,9897,9558,876
9498,7394,5544,4651,40,4387
9498,7394,5544,5576,3984,7684
9498,7394,5544,6468,680,5341
9498,7394,5544,2495,2560,7999
9498,7394,5544,6019,9181,6759
9498,7394,5544,6561,7834,7030
9498,7394,5544,3492,6179,5233
9498,7394,5544,1631,8046,4612
9498,7394,5544,2671,1102,5600
9498,7394,5544,4291,2501,8060
9498,7394,5544,8671,6216,8867
9498,7394,5544,8863,11,1980
9498,7394,5544,7492,2493,3314
9498,7394,5544,252,8676,7343
9498,7394,5544,8848,456,2689
9498,7394,5544,1131,2684,1759
9498,7394,5544,1671,5786,9072
9498,7394,5544,6441,5516,3209
9498,7394,5544,1160,6375,178
9498,7394,5544,4740,7694,672
9498,7394,5544,4416,3544,7492
9498,7394,5544,6405,2197,6904
9498,7394,5544,3603,2115,5871
9498,7394,5544,7490,8056,7661
9498,7394,5544,6566,6530,7327
9498,7394,5544,9960,1182,1201
9498,7394,5544,228,7280,2631
9498,7394,5544,8184,3431,3761
9498,7394,5544,1564,9281,8535
9498,7394,5544,6650,2968,5235
9498,7394,5544,4483,9895,8406
9498,7394,5544,8365,3267,8758
9498,7394,5544,3116,2610,483
9498,7394,5544,5540,388,9399
9498,7394,5544,931,2424,6113
9498,7394,5544,9477,1850,5354
9498,7394,5544,1569,9854,5803
9498,7394,5544,3550,2049,3767
9498,7394,5544,4984,5252,3833
9498,7394,5544,8911,9467,9417
9498,7394,5544,3349,5820,6516
9498,7394,5544,6838,6365,7268
9498,7394,5544,178,6521,7422
9498,7394,5544,9400,682,2654
9498,7394,5544,1852,3833,3101
9498,7394,5544,1409,8353,6152
9498,7394,5544,2000,2100,8735
9498,7394,5544,7167,9593,1160
9498,7394,5544,9338,6882,8149
9498,7394,5544,1920,9422,5974
9498,7394,5544,7240,7507,9544
9498,7394,5544,6392,6212,7203
9498,7394,5544,9964,679,6724
9498,7394,5544,1887,3292,7881
9498,7394,5544,3249,6300,3749
9498,7394,5544,7082,4023,9008
9498,7394,5544,7012,6306,1253
9498,7394,5544,7830,8312,2434
9498,7394,5544,5734,4685,1535
9498,7394,5544,163,7545,1856
9498,7394,5544,1552,8838,4397
9498,7394,5544,6064,2799,8006
9498,7394,5544,8859,5232,8457
9498,7394,5544,1865,2711,4791
9498,7394,5544,3347,5065,2173
9498,7394,5544,3120,3157,4608
9498,7394,5544,7858,3417,433
9498,7394,5544,9558,3230,430
9498,7394,5544,382,5209,3662
9498,7394,5544,3817,18,1169
9498,7394,5544,3187,9017,9751
9498,7394,5544,9972,6724,7459
9498,7394,5544,7360,6224,570
9498,7394,5544,9838,2574,331
9498,7394,5544,3858,5140,5221
9498,7394,5544,2272,4078,2569
9498,7394,5544,9890,235,1483
9498,7394,5544,5437,3875,5391
9498,7394,5544,482,3124,13
9498,7394,5544,1968,1051,3037
9498,7394,5544,2975,8172,9288
9498,7394,5544,3956,9798,5331
9498,7394,5544,5283,3216,8018
9498,7394,5544,1623,8673,348
9498,7394,5544,1107,3758,6793
9498,7394,5544,1619,5330,813
9498,7394,5544,4297,7039,8313
9498,7394,5544,2331,1029,2276
9498,7394,5544,7429,466,5679
9498,7394,5544,718,4192,1788
9498,7394,5544,6552,6137,5345
9498,7394,5544,956,6226,4771
9498,7394,5544,8982,8265,7935
9498,7394,5544,9550,9166,9448
9498,7394,5544,5831,929,336
9498,7394,5544,6165,878,6389
9498,7394,5544,3604,3429,6879
9498,7394,5544,1008,43,9307
9498,7394,5544,2981,6824,8330
9498,7394,5544,5854,2378,6366
9498,7394,5544,3440,1158,8726
9498,7394,5544,3883,4215,7063
9498,7394,5544,9356,8897,4351
9498,7394,5544,7515,9997,206
9498,7394,5544,8203,7197,3640
9498,7394,5544,1401,1840,6771
9498,7394,5544,5828,5262,7083
9498,7394,5544,4584,1892,5339
9498,7394,5544,8538,2405,3794
9498,7394,5544,8995,5946,9423
9498,7394,5544,6832,4894,9829
9498,7394,5544,4569,2626,4388
9498,7394,5544,8454,276,9113
9498,7394,5544,6210,8441,7593
9498,7394,5544,6836,465,3658
9498,7394,5544,7342,2621,7523
9498,7394,5544,7463,779,1541
9498,7394,5544,8101,967,5140
9498,7394,5544,4503,875,7003
9498,7394,5544,6440,4364,2526
9498,7394,5544,4392,1385,8300
9498,7394,5544,6651,6432,3955
9498,7394,5544,3361,926,4882
9498,7394,5544,7805,1988,8372
9498,7394,5544,1512,1077,7751
9498,7394,5544,6286,4443,7695
9498,7394,5544,4419,102,9134
9498,7394,5544,845,4019,5765
9498,7394,5544,9603,2652,3512
9498,7394,5544,3670,3308,5663
9498,7394,5544,7052,1410,1060
9498,7394,5544,7449,6076,4674
9498,7394,5544,9659,8508,4356
9498,7394,5544,5695,2206,1374
9498,7394,5544,7407,9764,8828
9498,7394,5544,4077,8271,7856
9498,7394,5544,585,2285,3639
9498,7394,5544,4670,5058,6940
9498,7394,5544,5655,1893,7368
9498,7394,5544,9581,7056,1968
9498,7394,5544,9588,4339,4598
9498,7394,5544,694,2776,4821
9498,7394,5544,5821,3461,5464
9498,7394,5544,114,9071,9161
9498,7394,5544,7958,1018,7920
9498,7394,5544,8989,1196,8523
9498,7394,5544,8342,9647,5879
9498,7394,5544,4789,4054,4292
9498,7394,5544,2919,2594,5926
9498,7394,5544,150,5971,4662
9498,7394,5544,5905,1274,7760
9498,7394,5544,6778,6993,9363
9498,7394,5544,7871,7209,8573
9498,7394,5544,9979,3842,7796
9498,7394,5544,651,7209,6433
9498,7394,5544,3878,2558,9510
9498,7394,5544,5163,4089,2453
9498,7394,5544,1354,3379,8948
9498,7394,5544,6587,4303,4839
9498,7394,5544,1982,8615,6016
9498,7394,5544,567,6805,9315
9498,7394,5544,2263,4058,8826
9498,7394,5544,3476,5144,5089
9498,7394,5544,1294,6617,1675
9498,7394,5544,7196,9137,7495
9498,7394,5544,3885,8859,8141
9498,7394,5544,6248,5751,8337
9498,7394,5544,3417,4010,2889
9498,7394,5544,660,1242,1682
9498,7394,5544,9897,5045,8481
9498,7394,5544,5408,6496,7981
9498,7394,5544,9709,8183,7077
9498,7394,5544,6241,976,9252
9498,7394,5544,9243,4599,4645
9498,7394,5544,5277,8097,2664
9498,7394,5544,3957,6732,5754
9498,7394,5544,4258,1983,7780
9498,7394,5544,8049,3570,9421
9498,7394,5544,2206,9757,7635
9498,7394,5544,6530,2662,8091
9498,7394,5544,2527,4366,1127
9498,7394,5544,5447,3438,1444
9498,7394,5544,4585,313,5205
9498,7394,5544,8631,6257,831
9498,7394,5544,1521,7270,1854
9498,7394,5544,8133,2655,363
9498,7394,5544,6581,3424,9309
9498,7394,5544,5215,299,7376
9498,7394,5544,2599,2651,2860
9498,7394,5544,828,6570,9177
9498,7394,5544,6407,5779,2082
9498,7394,5544,908,3178,3587
9498,7394,5544,4319,4758,6158
9498,7394,5544,861,649,2594
9498,7394,5544,6485,6867,765
9498,7394,5544,1076,188,3323
9498,7394,5544,7167,2257,438
9498,7394,5544,4987,3511,4841
9498,7394,5544,4977,8131,683
9498,7394,5544,9382,1756,1107
9498,7394,5544,3596,5782,3950
9498,7394,5544,6466,9272,9310
9498,7394,5544,1845,3831,8597
9498,7394,5544,8815,1182,581
9498,7394,5544,3301,8104,6913
9498,7394,5544,1957,5185,5714
9498,7394,5544,6982,2184,6481
9498,7394,5544,4616,8460,6911
9498,7394,5544,5205,379,5031
9498,7394,5544,2860,5322,8671
9498,7394,5544,9785,3654,2121
9498,7394,5544,5848,9770,154
9498,7394,5544,3482,8018,4518
9498,7394,5544,2687,577,7346
9498,7394,5544,964,4907,4132
9498,7394,5544,5170,4834,4336
9498,7394,5544,8272,7135,3749
9498,7394,5544,590,9170,8863
9498,7394,5544,9808,8421,1045
9498,7394,5544,9284,5084,5829
9498,7394,5544,281,4743,2749
9498,7394,5544,9730,3708,8648
9498,7394,5544,4222,7019,6262
9498,7394,5544,9509,3994,8044
9498,7394,5544,2424,8239,7222
9498,7394,5544,8147,9649,8230
9498,7394,5544,7232,820,5059
9498,7394,5544,2033,4828,6714
9498,7394,5544,2331,8749,6996
9498,7394,5544,3919,3865,6721
9498,7394,5544,8434,2343,1537
9498,7394,5544,8362,5419,4879
9498,7394,5544,4886,3135,5464
9498,7394,5544,8829,6682,8846
9498,7394,5544,6687,7341,2966
9498,7394,5544,6296,5703,1773
9498,7394,5544,6036,9858,7039
9498,7394,5544,3834,9437,408
9498,7394,5544,4561,1720,3132
9498,7394,5544,8186,4923,8602
9498,7394,5544,1841,7911,1313
9498,7394,5544,8791,2846,2139
9498,7394,5544,5349,9695,1715
9498,7394,5544,2196,8338,3376
9498,7394,5544,9531,8761,6784
9498,7394,5544,6743,8770,8216
9498,7394,5544,3719,7416,2602
9498,7394,5544,4579,4518,5773
9498,7394,5544,3995,3708,8081
9498,7394,5544,7471,5510,9595
9498,7394,5544,4737,1030,665
9498,7394,5544,9914,4480,9507
9498,7394,5544,3527,5134,4771
9498,7394,5544,44,286,2093
9498,7394,5544,7054,7148,4047
9498,7394,5544,2978,309,7156
9498,7394,5544,4948,9964,4997
9498,7394,5544,8241,4385,6740
9498,7394,5544,4440,5713,7932
9498,7394,5544,4914,2635,9988
9498,7394,5544,636,5580,9948
9498,7394,5544,1355,8867,1961
9498,7394,5544,3168,9263,5575
9498,7394,5544,4625,873,5233
9498,7394,5544,6835,1645,7792
9498,7394,5544,4824,6585,8224
9498,7394,5544,7578,470,4987
9498,7394,5544,9602,602,7766
9498,7394,5544,7285,5238,5160
9498,7394,5544,2382,3674,9318
9498,7394,5544,9001,5311,9305
9498,7394,5544,4057,3843,5913
9498,7394,5544,5364,8478,8982
9498,7394,5544,8757,5144,2557
9498,7394,5544,7395,3445,4379
9498,7394,5544,6898,7828,252
9498,7394,5544,7037,2321,952
9498,7394,5544,7746,3260,3574
9498,7394,5544,701,798,7747
9498,7394,5544,5550,3476,279
9498,7394,5544,1564,4280,2334
9498,7394,5544,1127,1021,2678
9498,7394,5544,515,1579,4483
9498,7394,5544,8178,5237,2487
9498,7394,5544,6106,544,582
9498,7394,5544,6221,7312,6306
9498,7394,5544,2134,8565,9192
9498,7394,5544,8813,8839,3592
9498,7394,5544,7934,7392,1037
9498,7394,5544,4553,1752,3225
9498,7394,5544,8951,4769,9236
9498,7394,5544,8325,2055,1070
9498,7394,5544,1000,9671,5044
9498,7394,5544,1596,3197,7245
9498,7394,5544,7002,8852,5231
9498,7394,5544,2773,3717,208
9498,7394,5544,2799,2786,826
9498,7394,5544,8696,5155,9824
9498,7394,5544,4978,56,5474
9498,7394,5544,2997,5920,4042
9498,7394,5544,791,73,4300
9498,7394,5544,4369,3074,2444
9498,7394,5544,9004,5593,1406
9498,7394,5544,2097,8068,6560
9498,7394,5544,8000,3972,4289
9498,7394,5544,8796,9449,8545
9498,7394,5544,6306,1179,137
9498,7394,5544,2751,2211,7039
9498,7394,5544,7708,8688,448
9498,7394,5544,7776,4470,4053
9498,7394,5544,1615,2750,96
9498,7394,5544,7502,4955,6616
9498,7394,5544,59,4559,7012
9498,7394,5544,3346,8357,236
9498,7394,5544,1960,3929,6445
9498,7394,5544,3161,2096,8072
9498,7394,5544,7475,8116,9674
9498,7394,5544,3170,2316,6617
9498,7394,5544,9628,1793,270
9498,7394,5544,2187,9104,6928
9498,7394,5544,1848,3315,1648
9498,7394,5544,1698,7384,7933
9498,7394,5544,1742,1116,609
9498,7394,5544,5610,9608,2655
9498,7394,5544,6393,5076,8175
9498,7394,5544,3774,2625,3072
9498,7394,5544,7137,1565,4004
9498,7394,5544,3064,5855,8012
9498,7394,5544,7983,8456,7415
9498,7394,5544,5718,484,1187
9498,7394,5544,4349,551,1923
9498,7394,5544,7921,5737,4280
9498,7394,5544,9541,1223,4608
9498,7394,5544,498,9647,3696
9498,7394,5544,3575,9986,5481
9498,7394,5544,9763,8041,5995
9498,7394,5544,8125,6447,3573
9498,7394,5544,3097,9652,5068
9498,7394,5544,7496,5889,4240
9498,7394,5544,9272,9599,7701
9498,7394,5544,8948,8725,9350
9498,7394,5544,5799,5982,2453
9498,7394,5544,3091,6252,8452
9498,7394,5544,2692,8385,9912
9498,7394,5544,827,8485,3827
9498,7394,5544,7412,96,1725
9498,7394,5544,2864,9748,6400
9498,7394,5544,1917,3276,4066
9498,7394,5544,5900,3808,6734
9498,7394,5544,1464,4456,6193
9498,7394,5544,9859,3814,496
9498,7394,5544,1090,8872,8642
9498,7394,5544,3040,3149,9341
9498,7394,5544,1794,2608,3689
9498,7394,5544,9885,908,5466
9498,7394,5544,4733,7873,7093
9498,7394,5544,2688,4719,3971
9498,7394,5544,8668,4496,1939
9498,7394,5544,5884,4321,8740
9498,7394,5544,6814,5883,3979
9498,7394,5544,3674,9598,4217
9498,7394,5544,3668,2007,2850
9498,7394,5544,739,810,7892
9498,7394,5544,9891,7535,6585
9498,7394,5544,8161,5942,9985
9498,7394,5544,3868,2753,6383
9498,7394,5544,1310,2580,6000
9498,7394,5544,965,8797,4765
9498,7394,5544,2526,830,9360
9498,7394,5544,800,9771,1378
9498,7394,5544,9541,768,6578
9498,7394,5544,6448,7164,6529
9498,7394,5544,1370,3778,5976
9498,7394,5544,3435,7391,1492
9498,7394,5544,1988,9396,839
9498,7394,5544,888,4095,4805
9498,7394,5544,3297,1634,6155
9498,7394,5544,9296,7907,9198
9498,7394,5544,6925,6248,7523
9498,7394,5544,2556,3582,7031
9498,7394,5544,9229,1942,6335
9498,7394,5544,1508,3063,4503
9498,7394,5544,2948,1372,8382
9498,7394,5544,5403,2872,1050
9498,7394,5544,8049,9067,515
9498,7394,5544,8539,8699,4944
9498,7394,5544,8405,3162,8574
9498,7394,5544,5636,5075,7526
9498,7394,5544,2363,1710,813
9498,7394,5544,3737,6926,280
9498,7394,5544,3067,9600,6471
9498,7394,5544,2000,3982,1277
9498,7394,5544,5574,6273,22
9498,7394,5544,3461,8472,4874
9498,7394,5544,7589,931,4309
9498,7394,5544,6711,2736,872
9498,7394,5544,4652,2990,197
9498,7394,5544,8021,8009,7112
9498,7394,5544,52,3213,2082
9498,7394,5544,5950,2429,8244
9498,7394,5544,2128,5096,5172
9498,7394,5544,8734,5921,1175
9498,7394,5544,6702,6792,5913
9498,7394,5544,7366,2022,550
9498,7394,5544,5605,6276,5159
9498,7394,5544,6034,1382,554
9498,7394,5544,7072,9463,4143
9498,7394,5544,3488,3943,1272
9498,7394,5544,1962,8284,5373
9498,7394,5544,4802,6245,2950
9498,7394,5544,9974,5378,6263
9498,7394,5544,8959,7431,6632
9498,7394,5544,8021,62,3210
9498,7394,5544,2249,1659,1849
9498,7394,5544,8362,3160,469
9498,7394,5544,8184,541,307
9498,7394,5544,907,4055,8915
9498,7394,5544,9199,8288,9356
9498,7394,5544,9296,6747,5888
9498,7394,5544,4416,7981,7864
9498,7394,5544,1809,6004,9148
9498,7394,5544,8095,1756,3561
9498,7394,5544,370,1563,6712
9498,7394,5544,7293,4133,6483
9498,7394,5544,3426,3665,1375
9498,7394,5544,2319,5678,9752
9498,7394,5544,7932,1652,387
9498,7394,5544,5687,3458,6470
9498,7394,5544,1865,9690,9199
9498,7394,5544,8470,2252,6656
9498,7394,5544,5402,7952,4747
9498,7394,5544,8319,479,6449
9498,7394,5544,6727,8814,7009
9498,7394,5544,9434,5468,6226
9498,7394,5544,3220,5104,3600
9498,7394,5544,1515,5522,7069
9498,7394,5544,3811,874,9818
9498,7394,5544,9693,562,9131
9498,7394,5544,9702,9230,8447
9498,7394,5544,2642,6645,5164
9498,7394,5544,6360,2046,3774
9498,7394,5544,146,4587,4159
9498,7394,5544,1979,5104,78
9498,7394,5544,5100,7048,9747
9498,7394,5544,9848,5242,9857
