1171,3638,7853,9660,4387,4471
1171,3638,7853,2348,8565,4242
1171,3638,7853,4501,7863,2308
1171,3638,7853,7139,400,5730
1171,3638,7853,2932,3821,2088
1171,3638,7853,9872,8105,3169
1171,3638,7853,4959,587,6045
1171,3638,7853,2143,332,2476
1171,3638,7853,3230,2256,885
1171,3638,7853,6293,4533,288
1171,3638,7853,4894,7955,9600
1171,3638,7853,7611,5857,1164
1171,3638,7853,7348,8510,8551
1171,3638,7853,1127,9588,3326
1171,3638,7853,6803,9489,5315
1171,3638,7853,5325,251,1255
1171,3638,7853,8003,162,8546
1171,3638,7853,8327,5458,8556
1171,3638,7853,9057,3792,5854
1171,3638,7853,3569,8794,5843
1171,3638,7853,4254,3370,5603
1171,3638,7853,9609,9321,3947
1171,3638,7853,7797,2012,7520
1171,3638,7853,1646,8112,2541
1171,3638,7853,1868,34,572
1171,3638,7853,9790,1924,2003
1171,3638,7853,9450,5979,6055
1171,3638,7853,9794,5286,4108
1171,3638,7853,3563,869,640
1171,3638,7853,4170,1910,4773
1171,3638,7853,6793,4212,144
1171,3638,7853,6771,7809,6235
1171,3638,7853,1108,6667,6981
1171,3638,7853,7016,4113,8514
1171,3638,7853,9404,2404,9065
1171,3638,7853,5175,1883,6444
1171,3638,7853,4086,9656,2370
1171,3638,7853,7649,1308,5916
1171,3638,7853,2916,6780,6569
1171,3638,7853,3375,4831,6520
1171,3638,7853,5076,8148,1646
1171,3638,7853,9315,128,4619
1171,3638,7853,551,3506,6788
1171,3638,7853,1558,1006,2683
1171,3638,7853,6025,6590,2035
1171,3638,7853,3680,4429,2526
1171,3638,7853,7817,1611,5242
1171,3638,7853,2811,7725,7037
1171,3638,7853,7213,2839,8459
1171,3638,7853,1695,5465,6665
1171,3638,7853,5404,1998,1897
1171,3638,7853,1025,5683,2694
1171,3638,7853,6900,8081,5498
1171,3638,7853,9167,6935,6828
1171,3638,7853,8768,7088,7326
1171,3638,7853,7511,9296,4711
1171,3638,7853,1092,9199,8538
1171,3638,7853,64,4665,1213
1171,3638,7853,6467,3738,6086
1171,3638,7853,8518,944,1611
1171,3638,7853,4444,595,4322
1171,3638,7853,5837,8500,9920
1171,3638,7853,4398,8912,8762
1171,3638,7853,1725,1812,7793
1171,3638,7853,2586,3876,1836
1171,3638,7853,5271,7732,850
1171,3638,7853,1114,8947,9872
1171,3638,7853,1505,8327,7086
1171,3638,7853,4184,6068,2411
1171,3638,7853,2068,7333,8578
1171,3638,7853,4240,606,9726
1171,3638,7853,3186,1979,6035
1171,3638,7853,1984,8123,3199
1171,3638,7853,1146,999,7984
1171,3638,7853,9893,2123,3059
1171,3638,7853,2899,4247,566
1171,3638,7853,9921,1355,3586
1171,3638,7853,4737,2720,7519
1171,3638,7853,9746,1189,7282
1171,3638,7853,229,1675,3498
1171,3638,7853,8225,2903,388
1171,3638,7853,2509,9524,4506
1171,3638,7853,7991,9653,1761
1171,3638,7853,752,7176,3681
1171,3638,7853,5784,3047,7161
1171,3638,7853,3062,3825,5045
1171,3638,7853,7870,625,4922
1171,3638,7853,557,3322,6452
1171,3638,7853,698,767,3737
1171,3638,7853,2318,7978,3838
1171,3638,7853,5147,2545,9506
1171,3638,7853,6583,8729,9890
1171,3638,7853,9015,3558,4342
1171,3638,7853,4112,8796,6504
1171,3638,7853,1368,4417,6633
1171,3638,7853,852,6252,8700
1171,3638,7853,4014,5876,7269
1171,3638,7853,7200,3279,2639
1171,3638,7853,5120,2716,4348
1171,3638,7853,7871,5811,6725
1171,3638,7853,6686,9577,5470
1171,3638,7853,5671,2470,181
1171,3638,7853,2013,8653,2922
1171,3638,7853,2025,8501,5035
1171,3638,7853,2926,2239,540
1171,3638,7853,6433,318,390
1171,3638,7853,3586,918,5063
1171,3638,7853,5963,3396,1705
1171,3638,7853,9678,655,8782
1171,3638,7853,2160,7201,5176
1171,3638,7853,7364,3020,8800
1171,3638,7853,6615,2733,2560
1171,3638,7853,8727,5458,6143
1171,3638,7853,5630,7716,5614
1171,3638,7853,254,7999,9967
1171,3638,7853,9190,538,6049
1171,3638,7853,391,8136,6325
1171,3638,7853,8580,62,6516
1171,3638,7853,2442,4548,5789
1171,3638,7853,3476,2785,8735
1171,3638,7853,5527,686,8781
1171,3638,7853,6275,1624,5256
1171,3638,7853,9000,8246,4661
1171,3638,7853,5793,7977,4729
1171,3638,7853,7890,3334,3123
1171,3638,7853,5457,7953,328
1171,3638,7853,9426,220,1097
1171,3638,7853,8124,8627,6135
1171,3638,7853,5333,1365,3520
1171,3638,7853,4831,1983,8477
1171,3638,7853,1402,1292,7400
1171,3638,7853,9314,612,5152
1171,3638,7853,800,7027,5844
1171,3638,7853,4081,2900,3146
1171,3638,7853,6760,9897,784
1171,3638,7853,5461,5672,3568
1171,3638,7853,1310,723,5322
1171,3638,7853,1225,8589,6079
1171,3638,7853,3839,6946,8379
1171,3638,7853,8583,9074,2460
1171,3638,7853,2939,7691,840
1171,3638,7853,9226,1509,6656
1171,3638,7853,60,3855,6938
1171,3638,7853,8716,9952,7711
1171,3638,7853,6608,4619,9317
1171,3638,7853,7420,5771,7279
1171,3638,7853,138,4966,1721
1171,3638,7853,432,2150,9896
1171,3638,7853,2539,6568,3834
1171,3638,7853,3608,232,314
1171,3638,7853,3320,7390,6433
1171,3638,7853,214,3435,8038
1171,3638,7853,994,5023,1227
1171,3638,7853,9561,957,1850
1171,3638,7853,352,2658,7260
1171,3638,7853,2808,6402,6134
1171,3638,7853,3855,1498,1761
1171,3638,7853,9281,2298,9802
1171,3638,7853,5315,6933,6125
1171,3638,7853,8818,5356,2488
1171,3638,7853,1736,2556,9888
1171,3638,7853,5871,6030,7276
1171,3638,7853,1938,2059,4576
1171,3638,7853,3672,7138,3295
1171,3638,7853,6117,724,5875
1171,3638,7853,6916,1718,1450
1171,3638,7853,6355,1563,7322
1171,3638,7853,9699,13,3132
1171,3638,7853,4438,2200,6376
1171,3638,7853,3050,2090,3406
1171,3638,7853,3808,9290,2330
1171,3638,7853,7446,7494,3555
1171,3638,7853,482,3559,7260
1171,3638,7853,9257,9455,4520
1171,3638,7853,7694,6295,1186
1171,3638,7853,5578,8051,9295
1171,3638,7853,9839,6222,990
1171,3638,7853,7970,6561,281
1171,3638,7853,2695,817,929
1171,3638,7853,1306,6572,4758
1171,3638,7853,3664,6240,9148
1171,3638,7853,2354,3866,4421
1171,3638,7853,499,6970,6734
1171,3638,7853,4432,1984,2100
1171,3638,7853,9369,9925,6448
1171,3638,7853,3335,8944,4621
1171,3638,7853,4738,9866,1092
1171,3638,7853,548,6331,5418
1171,3638,7853,4495,1137,5182
1171,3638,7853,448,7420,1240
1171,3638,7853,1497,3580,8316
1171,3638,7853,4777,8438,2679
1171,3638,7853,8797,8214,5062
1171,3638,7853,2922,9929,1874
1171,3638,7853,1949,5133,6574
1171,3638,7853,1316,7337,6941
1171,3638,7853,1503,2282,1649
1171,3638,7853,9541,1715,5486
1171,3638,7853,1569,9060,1707
1171,3638,7853,1769,4970,9411
1171,3638,7853,5826,6925,1391
1171,3638,7853,8754,964,6931
1171,3638,7853,3745,7856,2601
1171,3638,7853,7074,441,4908
1171,3638,7853,5652,4650,5464
1171,3638,7853,7232,3287,8837
1171,3638,7853,5922,8569,961
1171,3638,7853,7093,5955,507
1171,3638,7853,2245,9213,4731
1171,3638,7853,202,8091,1786
1171,3638,7853,5689,3120,1497
1171,3638,7853,9443,3663,9542
1171,3638,7853,2987,8987,1002
1171,3638,7853,2219,1662,2152
1171,3638,7853,4550,9901,544
1171,3638,7853,2368,6279,5176
1171,3638,7853,7350,1030,5187
1171,3638,7853,2029,119,3932
1171,3638,7853,8590,7663,2051
1171,3638,7853,596,1167,6356
1171,3638,7853,9523,5040,735
1171,3638,7853,9860,1245,9481
1171,3638,7853,6415,9456,3117
1171,3638,7853,9427,198,3875
1171,3638,7853,6456,1416,9254
1171,3638,7853,9982,5944,9970
1171,3638,7853,2319,4059,1670
1171,3638,7853,7410,5557,74
1171,3638,7853,3121,9133,5399
1171,3638,7853,1202,5344,3167
1171,3638,7853,1994,3062,6447
1171,3638,7853,2577,7743,8622
1171,3638,7853,6194,74,2343
1171,3638,7853,6566,4430,6380
1171,3638,7853,8108,7929,4517
1171,3638,7853,420,2074,6516
1171,3638,7853,177,8260,7599
1171,3638,7853,93,5441,8926
1171,3638,7853,6536,9197,6169
1171,3638,7853,2117,3743,2359
1171,3638,7853,4166,212,4278
1171,3638,7853,4419,1297,158
1171,3638,7853,5900,90,9036
1171,3638,7853,9887,3343,1895
1171,3638,7853,1572,9612,4007
1171,3638,7853,118,6553,5453
1171,3638,7853,9810,5636,2818
1171,3638,7853,1918,181,2706
1171,3638,7853,497,9141,6579
1171,3638,7853,826,4634,6660
1171,3638,7853,5497,2451,6392
1171,3638,7853,7827,2540,7831
1171,3638,7853,9706,7824,8427
1171,3638,7853,8179,3663,9035
1171,3638,7853,5490,1253,7594
1171,3638,7853,5348,3326,9896
1171,3638,7853,1545,4603,2063
1171,3638,7853,3033,3763,3273
1171,3638,7853,6853,9813,5136
1171,3638,7853,5473,8110,6138
1171,3638,7853,1318,5137,6887
1171,3638,7853,1858,5031,4773
1171,3638,7853,341,3139,4855
1171,3638,7853,2954,4670,6863
1171,3638,7853,5951,5146,8256
1171,3638,7853,3784,238,6430
1171,3638,7853,2915,3900,3343
1171,3638,7853,8770,2106,8196
1171,3638,7853,545,7071,8942
1171,3638,7853,6986,6030,6831
1171,3638,7853,5391,782,7083
1171,3638,7853,1628,98,2291
1171,3638,7853,9006,2460,7011
1171,3638,7853,3532,9444,8614
1171,3638,7853,3028,19,167
1171,3638,7853,6867,567,3660
1171,3638,7853,2940,7744,5910
1171,3638,7853,9970,6529,875
1171,3638,7853,880,5215,9889
1171,3638,7853,719,9752,6573
1171,3638,7853,1119,4539,6162
1171,3638,7853,7541,4504,7714
1171,3638,7853,657,5469,3364
1171,3638,7853,6040,8765,9752
1171,3638,7853,5890,6750,2127
1171,3638,7853,874,59,4078
1171,3638,7853,4636,7992,6649
1171,3638,7853,5911,7625,3694
1171,3638,7853,548,5019,5372
1171,3638,7853,5484,9938,1216
1171,3638,7853,1765,8259,6291
1171,3638,7853,8598,7204,7831
1171,3638,7853,3890,7113,3343
1171,3638,7853,9697,5293,2676
1171,3638,7853,2523,5004,7685
1171,3638,7853,2074,6365,8772
1171,3638,7853,8799,7708,5253
1171,3638,7853,542,8524,8277
1171,3638,7853,263,6879,7418
1171,3638,7853,6788,3090,4800
1171,3638,7853,3501,5684,9783
1171,3638,7853,6331,1660,1533
1171,3638,7853,734,5733,8008
1171,3638,7853,1169,334,7453
1171,3638,7853,4950,8198,96
1171,3638,7853,8857,8978,8359
1171,3638,7853,8619,6925,6842
1171,3638,7853,5180,385,6557
1171,3638,7853,3603,3496,9733
1171,3638,7853,2864,942,6242
1171,3638,7853,9835,7773,602
1171,3638,7853,4770,884,850
1171,3638,7853,3011,4352,7677
1171,3638,7853,9504,2414,6106
1171,3638,7853,2519,4909,8860
1171,3638,7853,9054,5846,8304
1171,3638,7853,8545,301,9186
1171,3638,7853,1800,4333,1148
1171,3638,7853,5082,3384,5793
1171,3638,7853,8692,5587,3463
1171,3638,7853,4110,685,617
1171,3638,7853,5829,8009,8569
1171,3638,7853,4634,8468,9315
1171,3638,7853,1452,8512,3451
1171,3638,7853,1256,8975,3010
1171,3638,7853,8426,2744,1573
1171,3638,7853,7963,9977,3371
1171,3638,7853,6433,3554,3482
1171,3638,7853,5744,8178,5306
1171,3638,7853,4097,4790,8202
1171,3638,7853,2295,6584,6918
1171,3638,7853,4429,2212,3026
1171,3638,7853,7495,3556,1990
1171,3638,7853,2825,4324,3823
1171,3638,7853,8852,4064,9752
1171,3638,7853,9989,1392,537
1171,3638,7853,2301,6241,5955
1171,3638,7853,4424,625,1924
1171,3638,7853,8270,9831,9336
1171,3638,7853,7021,7532,6103
1171,3638,7853,444,2714,9811
1171,3638,7853,5164,1011,8635
1171,3638,7853,9156,3895,7060
1171,3638,7853,1742,421,5975
1171,3638,7853,4254,2572,4766
1171,3638,7853,6498,3224,6776
1171,3638,7853,8309,3990,4502
1171,3638,7853,1720,9014,2036
1171,3638,7853,8474,7317,2106
1171,3638,7853,9466,2891,4981
1171,3638,7853,4738,1680,4132
1171,3638,7853,494,5760,6796
1171,3638,7853,3961,4615,3817
1171,3638,7853,4470,9794,5449
1171,3638,7853,9887,174,891
1171,3638,7853,7497,6335,5313
1171,3638,7853,3895,3945,6157
1171,3638,7853,956,5751,7128
1171,3638,7853,8431,5925,4196
1171,3638,7853,6580,2680,9905
1171,3638,7853,6713,2505,7370
1171,3638,7853,4297,9446,8213
1171,3638,7853,3699,7119,6829
1171,3638,7853,5063,7187,1543
1171,3638,7853,5417,1854,9340
1171,3638,7853,4225,3751,5709
1171,3638,7853,3915,2051,9910
1171,3638,7853,6722,7702,299
1171,3638,7853,7340,9754,6869
1171,3638,7853,9693,1938,9221
1171,3638,7853,9938,5032,6419
1171,3638,7853,4617,421,8218
1171,3638,7853,5866,7385,8380
1171,3638,7853,6835,1365,9819
1171,3638,7853,1866,2445,2984
1171,3638,7853,5613,5181,9895
1171,3638,7853,6582,1259,1845
1171,3638,7853,584,9680,8822
1171,3638,7853,8906,2173,8833
1171,3638,7853,6406,8951,1869
1171,3638,7853,9133,6329,9699
1171,3638,7853,9382,8116,4901
1171,3638,7853,9796,2813,3906
1171,3638,7853,916,1401,1718
1171,3638,7853,7273,629,7926
1171,3638,7853,2762,8432,3399
1171,3638,7853,4829,7777,9965
1171,3638,7853,8852,5933,8227
1171,3638,7853,7667,3321,2926
1171,3638,7853,3911,3061,8058
1171,3638,7853,8980,9045,8235
1171,3638,7853,7936,4362,7141
1171,3638,7853,9331,2168,8595
1171,3638,7853,7718,4028,1523
1171,3638,7853,2000,4076,3403
1171,3638,7853,2918,2053,9971
1171,3638,7853,1120,8684,2242
1171,3638,7853,794,9055,5320
1171,3638,7853,1626,1088,4116
1171,3638,7853,9915,4806,5693
1171,3638,7853,4744,8119,1068
1171,3638,7853,6469,2240,276
1171,3638,7853,7692,2283,3117
1171,3638,7853,4279,4566,7293
1171,3638,7853,5164,6439,5784
1171,3638,7853,1237,2549,6238
1171,3638,7853,9565,7455,5226
1171,3638,7853,6277,9361,5764
1171,3638,7853,648,6564,9202
1171,3638,7853,8721,6224,1935
1171,3638,7853,841,1821,2865
1171,3638,7853,4000,2872,7341
1171,3638,7853,3649,7619,8136
1171,3638,7853,6955,369,7884
1171,3638,7853,7475,4851,3479
1171,3638,7853,8603,5070,4705
1171,3638,7853,6654,655,9711
1171,3638,7853,5531,4446,4943
1171,3638,7853,63,6425,3535
1171,3638,7853,8715,9925,5162
1171,3638,7853,3557,9765,6505
1171,3638,7853,1771,4519,6921
1171,3638,7853,931,6329,6125
1171,3638,7853,8292,5140,5303
1171,3638,7853,4230,5025,77
1171,3638,7853,7276,4276,3058
1171,3638,7853,9912,4169,4523
1171,3638,7853,3207,3836,6077
1171,3638,7853,9388,5184,7310
1171,3638,7853,3158,4637,157
1171,3638,7853,3542,356,1081
1171,3638,7853,3709,904,7934
1171,3638,7853,3602,100,7182
1171,3638,7853,8547,9317,9896
1171,3638,7853,478,3394,4570
1171,3638,7853,9491,8735,8030
1171,3638,7853,2762,3068,3671
1171,3638,7853,1905,3485,1050
1171,3638,7853,5763,940,6119
1171,3638,7853,7247,1728,9564
1171,3638,7853,5988,8081,5386
1171,3638,7853,122,1335,7092
1171,3638,7853,4688,9891,2041
1171,3638,7853,9016,4911,1388
1171,3638,7853,9903,9795,413
1171,3638,7853,8899,542,7560
1171,3638,7853,1154,3293,5801
1171,3638,7853,8202,9287,3395
1171,3638,7853,6509,6071,3952
1171,3638,7853,8271,5244,9193
1171,3638,7853,9356,1704,246
1171,3638,7853,5871,768,1107
1171,3638,7853,8539,9596,4203
1171,3638,7853,5389,4790,5442
1171,3638,7853,8042,6429,1475
1171,3638,7853,8023,6400,1467
1171,3638,7853,7517,8220,528
1171,3638,7853,2675,668,5377
1171,3638,7853,5760,1568,7075
1171,3638,7853,1576,2352,2907
1171,3638,7853,8611,9219,530
1171,3638,7853,8233,2143,5830
1171,3638,7853,5475,6450,1547
1171,3638,7853,2972,6943,5396
1171,3638,7853,7370,8946,7703
1171,3638,7853,2021,1449,4390
1171,3638,7853,6335,8558,9650
1171,3638,7853,5128,1913,5506
1171,3638,7853,4199,3240,3189
1171,3638,7853,1587,295,7205
1171,3638,7853,4396,7654,8704
1171,3638,7853,1283,5497,4556
1171,3638,7853,910,4105,6781
1171,3638,7853,8581,2559,5147
1171,3638,7853,1081,3977,7171
1171,3638,7853,1376,5654,1353
1171,3638,7853,320,2611,8948
1171,3638,7853,9213,9275,6368
1171,3638,7853,5584,6307,9242
1171,3638,7853,5692,5577,8461
1171,3638,7853,5034,9165,1089
1171,3638,7853,2121,1646,7713
1171,3638,7853,4976,7879,2969
1171,3638,7853,2020,7327,8422
1171,3638,7853,4386,8551,2779
1171,3638,7853,8749,7298,2834
1171,3638,7853,2260,126,4727
1171,3638,7853,7271,9818,6031
1171,3638,7853,9772,7039,4487
1171,3638,7853,2023,3941,6877
1171,3638,7853,6773,5992,8237
1171,3638,7853,8685,3319,5993
1171,3638,7853,6908,2381,7155
1171,3638,7853,2758,197,7463
1171,3638,7853,4130,344,7782
1171,3638,7853,2528,3546,1529
1171,3638,7853,6342,928,5141
1171,3638,7853,5379,3641,1328
1171,3638,7853,8384,486,8500
1171,3638,7853,4539,7607,5482
1171,3638,7853,1279,1001,9897
1171,3638,7853,7474,3211,9319
1171,3638,7853,697,7119,4149
1171,3638,7853,2233,9651,2146
1171,3638,7853,4928,8065,1233
1171,3638,7853,8437,4391,8906
1171,3638,7853,5875,4466,7452
1171,3638,7853,6116,6674,5002
1171,3638,7853,5419,9703,9807
1171,3638,7853,743,8595,8543
