4120,3199,4985,3501,9317,6193
4120,3199,4985,3150,2958,1839
4120,3199,4985,1498,4135,3837
4120,3199,4985,8724,5567,3640
4120,3199,4985,6818,4912,7935
4120,3199,4985,8915,6338,1230
4120,3199,4985,3893,7379,7495
4120,3199,4985,5152,9301,7680
4120,3199,4985,3436,7445,1904
4120,3199,4985,9787,3424,9010
4120,3199,4985,2512,5204,1668
4120,3199,4985,6977,949,7566
4120,3199,4985,6070,7469,9985
4120,3199,4985,5703,8465,4983
4120,3199,4985,1559,3643,9684
4120,3199,4985,9270,6791,2421
4120,3199,4985,6464,7673,370
4120,3199,4985,5610,9400,585
4120,3199,4985,1240,5836,4508
4120,3199,4985,3524,8337,2857
4120,3199,4985,2531,3202,8384
4120,3199,4985,1444,6373,9214
4120,3199,4985,2903,5376,635
4120,3199,4985,3387,9526,6200
4120,3199,4985,6331,6098,3490
4120,3199,4985,222,8763,6429
4120,3199,4985,1396,8426,2078
4120,3199,4985,6612,4412,5583
4120,3199,4985,2250,294,306
4120,3199,4985,9576,28,2274
4120,3199,4985,4797,6315,1241
4120,3199,4985,1929,2671,5159
4120,3199,4985,8867,6746,711
4120,3199,4985,9110,1317,96
4120,3199,4985,3977,8458,2600
4120,3199,4985,5491,4491,2259
4120,3199,4985,4599,6499,6440
4120,3199,4985,1629,8737,6613
4120,3199,4985,88,8809,523
4120,3199,4985,6808,3447,638
4120,3199,4985,4376,7967,951
4120,3199,4985,3988,3005,5544
4120,3199,4985,308,950,8356
4120,3199,4985,2740,2100,9278
4120,3199,4985,620,5522,8510
4120,3199,4985,2465,9820,465
4120,3199,4985,9119,3402,1440
4120,3199,4985,7717,3954,6967
4120,3199,4985,1542,1664,7405
4120,3199,4985,1289,6625,5827
4120,3199,4985,4775,3081,6874
4120,3199,4985,7042,6033,4692
4120,3199,4985,1342,2818,9786
4120,3199,4985,3296,4059,7552
4120,3199,4985,1099,7408,1467
4120,3199,4985,6685,8330,3412
4120,3199,4985,8373,799,1432
4120,3199,4985,819,1912,8135
4120,3199,4985,7376,9362,1096
4120,3199,4985,7808,6349,5351
4120,3199,4985,5207,5786,9726
4120,3199,4985,5520,916,1522
4120,3199,4985,5135,4227,2403
4120,3199,4985,4832,2948,2795
4120,3199,4985,8130,5847,7956
4120,3199,4985,4225,2022,70
4120,3199,4985,1056,3492,8426
4120,3199,4985,2357,8259,4475
4120,3199,4985,9770,2469,5848
4120,3199,4985,487,1854,7986
4120,3199,4985,4387,8190,7544
4120,3199,4985,8716,7928,3284
4120,3199,4985,4250,3886,4180
4120,3199,4985,8104,678,2018
4120,3199,4985,2859,5282,650
4120,3199,4985,1038,1592,9316
4120,3199,4985,4565,1610,4822
4120,3199,4985,3038,2707,2627
4120,3199,4985,2970,3271,5651
4120,3199,4985,7179,1658,8057
4120,3199,4985,364,9590,6962
4120,3199,4985,7246,2010,3657
4120,3199,4985,5808,658,2724
4120,3199,4985,9716,9607,7
4120,3199,4985,7107,8342,4387
4120,3199,4985,3149,3615,6718
4120,3199,4985,1230,8683,5539
4120,3199,4985,8896,6796,5707
4120,3199,4985,9981,9390,4731
4120,3199,4985,4167,911,6384
4120,3199,4985,7631,3183,9940
4120,3199,4985,3481,68,7968
4120,3199,4985,5690,590,1148
4120,3199,4985,877,3328,1802
4120,3199,4985,9180,4208,317
4120,3199,4985,4043,9898,8451
4120,3199,4985,1020,4321,2994
4120,3199,4985,2413,5823,8689
4120,3199,4985,9300,2994,4755
4120,3199,4985,3184,3368,2465
4120,3199,4985,6911,3568,1173
4120,3199,4985,1080,4135,300
4120,3199,4985,9366,1658,7767
4120,3199,4985,2311,3556,4840
4120,3199,4985,2566,8793,1826
4120,3199,4985,481,3816,897
4120,3199,4985,3071,85,4990
4120,3199,4985,5334,6759,2390
4120,3199,4985,7083,9609,2317
4120,3199,4985,9275,9054,8597
4120,3199,4985,9993,1567,7764
4120,3199,4985,2258,3969,109
4120,3199,4985,2626,7175,2441
4120,3199,4985,5697,9449,60
4120,3199,4985,9925,8946,7650
4120,3199,4985,3134,6451,9453
4120,3199,4985,3847,1731,8916
4120,3199,4985,893,168,2483
4120,3199,4985,1226,1487,8342
4120,3199,4985,5799,3311,5377
4120,3199,4985,2287,2870,7572
4120,3199,4985,936,714,37
4120,3199,4985,2348,5537,715
4120,3199,4985,2795,8404,612
4120,3199,4985,4592,4935,5216
4120,3199,4985,8413,1938,3269
4120,3199,4985,847,9369,9959
4120,3199,4985,4901,9733,2068
4120,3199,4985,2783,5951,7078
4120,3199,4985,2524,7261,2827
4120,3199,4985,8038,5646,1032
4120,3199,4985,595,4007,2160
4120,3199,4985,6731,6924,9274
4120,3199,4985,1061,8577,7211
4120,3199,4985,1197,8164,1463
4120,3199,4985,7666,1474,6983
4120,3199,4985,1838,7582,1747
4120,3199,4985,1420,862,3815
4120,3199,4985,512,7483,1492
4120,3199,4985,2115,7275,4386
4120,3199,4985,2723,2908,9744
4120,3199,4985,3810,3959,5221
4120,3199,4985,6241,1077,9804
4120,3199,4985,3065,1328,6419
4120,3199,4985,4921,7828,3203
4120,3199,4985,5477,1679,1728
4120,3199,4985,9511,1603,6083
4120,3199,4985,7192,8496,3761
4120,3199,4985,7010,3575,8430
4120,3199,4985,1804,8596,4360
4120,3199,4985,7604,3577,8093
4120,3199,4985,3718,3681,6661
4120,3199,4985,1776,686,9036
4120,3199,4985,141,2147,508
4120,3199,4985,1632,5206,7161
4120,3199,4985,5811,7960,2357
4120,3199,4985,9196,3738,1465
4120,3199,4985,6451,1854,6687
4120,3199,4985,7566,3289,3361
4120,3199,4985,5403,2258,8813
4120,3199,4985,1657,2589,4361
4120,3199,4985,509,7653,6548
4120,3199,4985,3531,6547,8008
4120,3199,4985,5542,453,2548
4120,3199,4985,2428,1044,6677
4120,3199,4985,9565,315,1932
4120,3199,4985,3730,4362,1090
4120,3199,4985,7468,651,9771
4120,3199,4985,9772,1837,9925
4120,3199,4985,434,7513,6528
4120,3199,4985,8623,2430,5493
4120,3199,4985,9429,7965,9059
4120,3199,4985,3716,8032,6376
4120,3199,4985,4109,9390,1801
4120,3199,4985,7417,6596,6357
4120,3199,4985,4600,1539,2941
4120,3199,4985,7012,4974,5629
4120,3199,4985,7176,7022,4574
4120,3199,4985,2571,2500,6005
4120,3199,4985,3087,7858,9557
4120,3199,4985,6921,9221,4646
4120,3199,4985,5212,1621,2971
4120,3199,4985,189,3293,8285
4120,3199,4985,146,3906,4946
4120,3199,4985,6815,310,4721
4120,3199,4985,3671,5211,1843
4120,3199,4985,5490,2137,7315
4120,3199,4985,8505,5646,2150
4120,3199,4985,770,7365,757
4120,3199,4985,1582,4336,3585
4120,3199,4985,330,187,6101
4120,3199,4985,8533,8513,9058
4120,3199,4985,4263,2669,4083
4120,3199,4985,2595,9404,259
4120,3199,4985,9218,6813,4021
4120,3199,4985,4666,4134,4901
4120,3199,4985,6436,4888,5978
4120,3199,4985,8232,6121,4811
4120,3199,4985,9849,2063,9092
4120,3199,4985,147,8105,5355
4120,3199,4985,1818,5144,6738
4120,3199,4985,1438,4793,5945
4120,3199,4985,5345,930,6257
4120,3199,4985,7762,7506,7757
4120,3199,4985,5888,2963,2802
4120,3199,4985,3190,5466,276
4120,3199,4985,5869,9766,4318
4120,3199,4985,4360,6243,329
4120,3199,4985,7436,4755,1333
4120,3199,4985,196,1564,6929
4120,3199,4985,3323,3332,7908
4120,3199,4985,2556,5655,777
4120,3199,4985,9905,8481,4525
4120,3199,4985,6190,9355,3948
4120,3199,4985,9360,6256,4286
4120,3199,4985,3052,4118,6812
4120,3199,4985,6257,4131,3374
4120,3199,4985,6899,6282,7020
4120,3199,4985,522,7087,9166
4120,3199,4985,3711,2803,7484
4120,3199,4985,9129,3670,8269
4120,3199,4985,2964,1515,7426
4120,3199,4985,6583,5972,2463
4120,3199,4985,9912,5284,7224
4120,3199,4985,1995,431,8353
4120,3199,4985,7445,2856,9198
4120,3199,4985,491,3377,2928
4120,3199,4985,5401,7273,6856
4120,3199,4985,328,9461,9358
4120,3199,4985,7545,9389,4799
4120,3199,4985,6762,2969,2245
4120,3199,4985,8766,2552,6969
4120,3199,4985,1520,6316,2387
4120,3199,4985,3560,2944,5854
4120,3199,4985,6164,2645,669
4120,3199,4985,3354,5538,9346
4120,3199,4985,1591,3080,2386
4120,3199,4985,7381,3535,2427
4120,3199,4985,6919,5993,1330
4120,3199,4985,1555,1120,1112
4120,3199,4985,9914,2212,5620
4120,3199,4985,1261,7745,2682
4120,3199,4985,1483,90,5504
4120,3199,4985,8424,4433,2639
4120,3199,4985,7286,3906,9530
4120,3199,4985,8840,6305,1456
4120,3199,4985,2618,3998,7889
4120,3199,4985,7069,9529,1073
4120,3199,4985,7515,2414,6802
4120,3199,4985,3384,9556,2473
4120,3199,4985,4225,6560,8866
4120,3199,4985,9989,5892,4375
4120,3199,4985,987,6897,8836
4120,3199,4985,1036,9202,6202
4120,3199,4985,7339,882,9925
4120,3199,4985,9825,5347,2066
4120,3199,4985,726,7058,793
4120,3199,4985,9031,2588,8431
4120,3199,4985,2034,6120,5159
4120,3199,4985,6716,9481,1014
4120,3199,4985,494,7513,659
4120,3199,4985,2613,5165,1945
4120,3199,4985,7997,8122,5624
4120,3199,4985,4153,9710,8945
4120,3199,4985,2308,9024,5633
4120,3199,4985,8011,3190,4724
4120,3199,4985,8914,6955,9792
4120,3199,4985,1710,9985,3158
4120,3199,4985,9778,5619,2682
4120,3199,4985,5651,9003,4221
4120,3199,4985,3074,1612,3382
4120,3199,4985,4268,1288,7559
4120,3199,4985,8801,1078,5534
4120,3199,4985,7783,7309,3705
4120,3199,4985,384,8846,9613
4120,3199,4985,9810,1902,424
4120,3199,4985,1566,4500,37
4120,3199,4985,5831,7389,4716
4120,3199,4985,453,3599,7765
4120,3199,4985,7561,8501,3907
4120,3199,4985,5621,1416,187
4120,3199,4985,8392,2106,701
4120,3199,4985,8444,4764,1619
4120,3199,4985,9646,2617,4805
4120,3199,4985,7456,1112,1784
4120,3199,4985,9209,51,6840
4120,3199,4985,3610,4378,4479
4120,3199,4985,2718,5364,9049
4120,3199,4985,4744,7410,6179
4120,3199,4985,2027,576,9338
4120,3199,4985,5661,9224,9633
4120,3199,4985,2995,14,564
4120,3199,4985,9425,370,2153
4120,3199,4985,9367,1756,9484
4120,3199,4985,2840,3568,8790
4120,3199,4985,3026,5333,2796
4120,3199,4985,8448,702,3840
4120,3199,4985,8133,2853,2489
4120,3199,4985,493,6940,4405
4120,3199,4985,8425,626,8622
4120,3199,4985,5229,9004,5054
4120,3199,4985,291,3787,9924
4120,3199,4985,513,4788,4634
4120,3199,4985,3896,5824,2248
4120,3199,4985,3195,9485,7085
4120,3199,4985,5148,9577,4365
4120,3199,4985,7812,974,3793
4120,3199,4985,5622,4746,9150
4120,3199,4985,9606,9368,9073
4120,3199,4985,8455,6012,7678
4120,3199,4985,2907,622,8161
4120,3199,4985,7265,6273,8209
4120,3199,4985,5294,7278,3255
4120,3199,4985,9438,9945,5423
4120,3199,4985,448,5177,1113
4120,3199,4985,8219,3547,1152
4120,3199,4985,2083,1560,7828
4120,3199,4985,4562,4531,3197
4120,3199,4985,6295,3778,6352
4120,3199,4985,7842,7062,8184
4120,3199,4985,3209,7028,3379
4120,3199,4985,8989,2033,2616
4120,3199,4985,421,4749,8521
4120,3199,4985,8161,5615,8049
4120,3199,4985,4922,6391,4456
4120,3199,4985,496,5600,170
4120,3199,4985,1710,4263,7287
4120,3199,4985,352,1275,302
4120,3199,4985,6074,6494,2322
4120,3199,4985,6581,7279,6681
4120,3199,4985,7213,5459,8329
4120,3199,4985,9636,7193,355
4120,3199,4985,4941,7468,6999
4120,3199,4985,6720,1775,5227
4120,3199,4985,9156,7455,706
4120,3199,4985,8914,6688,405
4120,3199,4985,1156,5758,8530
4120,3199,4985,7772,5170,6421
4120,3199,4985,1355,1712,994
4120,3199,4985,8694,2665,513
4120,3199,4985,318,8676,5495
4120,3199,4985,8616,5471,1694
4120,3199,4985,1595,6296,2431
4120,3199,4985,4831,6887,1927
4120,3199,4985,8012,753,2117
4120,3199,4985,7827,3374,4020
4120,3199,4985,7467,7260,8108
4120,3199,4985,5264,3464,7792
4120,3199,4985,3427,1639,6807
4120,3199,4985,6627,3325,1822
4120,3199,4985,9376,9465,3325
4120,3199,4985,8438,8802,3471
4120,3199,4985,6253,8262,1465
4120,3199,4985,3281,3801,4137
4120,3199,4985,6457,5832,9617
4120,3199,4985,8326,8897,4969
4120,3199,4985,6005,6262,7903
4120,3199,4985,6405,6251,2221
4120,3199,4985,4062,2814,7150
4120,3199,4985,2086,5767,9127
4120,3199,4985,3672,8157,7926
4120,3199,4985,7051,9714,6746
4120,3199,4985,289,2658,8275
4120,3199,4985,5764,2926,1023
4120,3199,4985,2579,9760,5622
4120,3199,4985,7368,7415,128
4120,3199,4985,7440,986,2045
4120,3199,4985,1025,1094,8463
4120,3199,4985,1506,4745,678
4120,3199,4985,5146,3684,6001
4120,3199,4985,7844,3850,581
4120,3199,4985,2790,8190,2086
4120,3199,4985,4783,8365,5717
4120,3199,4985,6737,7032,4580
4120,3199,4985,8426,5044,2352
4120,3199,4985,2993,2121,5747
4120,3199,4985,1299,1251,887
4120,3199,4985,3177,909,3610
4120,3199,4985,3444,1406,4018
4120,3199,4985,6608,1751,766
4120,3199,4985,7402,1331,3983
4120,3199,4985,4389,5667,9672
4120,3199,4985,7960,2755,2292
4120,3199,4985,9919,6618,6432
4120,3199,4985,1136,8018,2343
4120,3199,4985,5176,2181,4581
4120,3199,4985,9242,6129,8326
4120,3199,4985,3908,6354,3169
4120,3199,4985,6735,4533,1395
4120,3199,4985,6691,4346,7338
4120,3199,4985,3604,4307,9623
4120,3199,4985,6761,8856,3284
4120,3199,4985,2347,8008,3001
4120,3199,4985,3932,5541,2316
4120,3199,4985,4184,2054,7162
4120,3199,4985,3511,6685,2898
4120,3199,4985,6569,1765,7039
4120,3199,4985,1964,2715,45
4120,3199,4985,4712,3208,8591
4120,3199,4985,1998,2599,7623
4120,3199,4985,2501,4216,2176
4120,3199,4985,9219,9545,951
4120,3199,4985,1327,2582,5597
4120,3199,4985,5382,7495,1047
4120,3199,4985,9481,802,9204
4120,3199,4985,525,2402,4833
4120,3199,4985,3003,5683,7964
4120,3199,4985,7271,8360,2966
4120,3199,4985,3034,8176,2617
4120,3199,4985,9734,7087,5194
4120,3199,4985,1421,6895,9654
4120,3199,4985,65,8980,9525
4120,3199,4985,9242,4187,8539
4120,3199,4985,8137,4224,4469
4120,3199,4985,6401,3865,1657
4120,3199,4985,7672,250,7708
4120,3199,4985,4024,7592,1164
4120,3199,4985,6644,5185,8981
4120,3199,4985,531,6229,2655
4120,3199,4985,8603,2599,4610
4120,3199,4985,2422,1227,9166
4120,3199,4985,4489,9960,1570
4120,3199,4985,366,3820,1825
4120,3199,4985,3924,7767,1542
4120,3199,4985,4460,8907,665
4120,3199,4985,1116,159,8010
4120,3199,4985,4404,501,9359
4120,3199,4985,5753,9731,8260
4120,3199,4985,6541,7529,1842
4120,3199,4985,6501,1699,2867
4120,3199,4985,4304,7463,2071
4120,3199,4985,9655,230,3655
4120,3199,4985,5643,431,8571
4120,3199,4985,3809,3680,5972
4120,3199,4985,6508,3062,3628
4120,3199,4985,335,2973,6133
4120,3199,4985,7935,5658,7888
4120,3199,4985,2878,1517,3604
4120,3199,4985,3193,5419,9951
4120,3199,4985,1057,9375,9316
4120,3199,4985,7666,4829,5678
4120,3199,4985,8905,6685,8492
4120,3199,4985,2460,9145,811
4120,3199,4985,456,2819,9677
4120,3199,4985,3379,9587,4943
4120,3199,4985,2478,5115,2419
4120,3199,4985,8800,7937,8447
4120,3199,4985,8166,1094,4128
4120,3199,4985,2618,7655,6502
4120,3199,4985,9590,4514,5729
4120,3199,4985,6742,6014,6748
4120,3199,4985,8411,7744,6735
4120,3199,4985,2384,2127,8842
4120,3199,4985,4874,418,6115
4120,3199,4985,5749,1098,6551
4120,3199,4985,3874,2027,2027
4120,3199,4985,194,4959,1238
4120,3199,4985,4405,3376,1686
4120,3199,4985,6775,1043,8308
4120,3199,4985,9679,6453,4181
4120,3199,4985,5568,5561,9434
4120,3199,4985,3202,9232,9137
4120,3199,4985,2850,3610,976
4120,3199,4985,4251,3105,613
4120,3199,4985,9886,5157,1755
4120,3199,4985,1836,5553,5658
4120,3199,4985,3954,7242,2228
4120,3199,4985,2838,3286,8448
4120,3199,4985,8421,1622,5054
4120,3199,4985,7711,1766,8307
4120,3199,4985,7917,5642,6874
4120,3199,4985,5862,7332,8999
4120,3199,4985,6664,2048,7308
4120,3199,4985,633,4702,2398
4120,3199,4985,3707,6735,4699
4120,3199,4985,4855,5262,2127
4120,3199,4985,8340,3271,7322
4120,3199,4985,6648,7720,7207
4120,3199,4985,9592,3317,3304
4120,3199,4985,4290,4857,2766
4120,3199,4985,9002,4226,452
4120,3199,4985,6035,8727,3833
4120,3199,4985,3751,3710,3093
4120,3199,4985,7225,9641,257
4120,3199,4985,9689,9940,8213
4120,3199,4985,3664,7431,9865
4120,3199,4985,6598,1145,5074
4120,3199,4985,720,368,2324
4120,3199,4985,1902,9058,8897
4120,3199,4985,3870,6359,3254
4120,3199,4985,9997,9654,1765
4120,3199,4985,9314,7612,5079
4120,3199,4985,477,2472,7341
4120,3199,4985,253,7012,4631
4120,3199,4985,8131,4027,5311
4120,3199,4985,8627,6045,6172
4120,3199,4985,5299,2920,3189
4120,3199,4985,3213,9123,2100
4120,3199,4985,4295,5275,7944
4120,3199,4985,2095,3786,491
4120,3199,4985,3599,4528,5985
4120,3199,4985,8951,6858,1819
4120,3199,4985,2015,1017,7098
4120,3199,4985,9785,5115,3897
4120,3199,4985,1970,5488,5846
4120,3199,4985,715,8721,6131
4120,3199,4985,7321,2057,1065
4120,3199,4985,5773,8369,5968
4120,3199,4985,6304,6379,6183
4120,3199,4985,593,2847,9067
