9633,6018,2874,4443,2852,2862
9633,6018,2874,5326,2788,1740
9633,6018,2874,3552,1856,3011
9633,6018,2874,5731,2748,142
9633,6018,2874,2574,8940,1541
9633,6018,2874,6624,8193,8450
9633,6018,2874,9696,5397,9030
9633,6018,2874,4645,8221,2980
9633,6018,2874,783,8693,5379
9633,6018,2874,6708,1124,7481
9633,6018,2874,3095,7643,9486
9633,6018,2874,2369,7484,3645
9633,6018,2874,77,4483,9343
9633,6018,2874,5507,6702,7442
9633,6018,2874,7951,9349,242
9633,6018,2874,3227,4324,9731
9633,6018,2874,9350,1141,5176
9633,6018,2874,5259,405,4132
9633,6018,2874,9032,9228,9834
9633,6018,2874,3314,6959,8464
9633,6018,2874,7179,5765,735
9633,6018,2874,4311,6506,4892
9633,6018,2874,5418,308,6105
9633,6018,2874,5173,2537,556
9633,6018,2874,627,5807,2545
9633,6018,2874,5838,754,1010
9633,6018,2874,1338,6421,1529
9633,6018,2874,297,7848,6278
9633,6018,2874,8739,3182,6003
9633,6018,2874,102,2243,2574
9633,6018,2874,418,2151,395
9633,6018,2874,4092,3522,8633
9633,6018,2874,3786,3934,6966
9633,6018,2874,7017,996,1706
9633,6018,2874,6577,6064,6577
9633,6018,2874,6445,2346,1244
9633,6018,2874,7414,8464,790
9633,6018,2874,8420,9675,5299
9633,6018,2874,1973,4671,8821
9633,6018,2874,581,9550,8476
9633,6018,2874,9891,1865,4247
9633,6018,2874,7102,7600,7103
9633,6018,2874,2,4052,6863
9633,6018,2874,7302,4882,5714
9633,6018,2874,4082,8623,1185
9633,6018,2874,9869,5441,2663
9633,6018,2874,6229,3274,2249
9633,6018,2874,136,5465,979
9633,6018,2874,7209,1188,6602
9633,6018,2874,6103,1745,6197
9633,6018,2874,4923,9403,3570
9633,6018,2874,2329,7003,9776
9633,6018,2874,623,5733,6988
9633,6018,2874,9253,759,315
9633,6018,2874,4517,7629,4645
9633,6018,2874,4318,3874,2645
9633,6018,2874,3849,6373,1466
9633,6018,2874,1066,7616,6513
9633,6018,2874,4492,9551,4749
9633,6018,2874,1757,5907,3378
9633,6018,2874,6760,4853,7140
9633,6018,2874,5282,875,3508
9633,6018,2874,5901,7629,4565
9633,6018,2874,9558,1809,2255
9633,6018,2874,3356,2758,8517
9633,6018,2874,7157,5487,4795
9633,6018,2874,6760,4942,3938
9633,6018,2874,4309,808,1876
9633,6018,2874,7714,9451,8104
9633,6018,2874,3458,4456,6248
9633,6018,2874,5924,8968,2872
9633,6018,2874,2881,4913,9863
9633,6018,2874,3878,4987,1640
9633,6018,2874,5355,3203,6607
9633,6018,2874,6958,6598,846
9633,6018,2874,717,6504,2426
9633,6018,2874,2138,8110,2843
9633,6018,2874,2454,5835,9416
9633,6018,2874,279,5191,8031
9633,6018,2874,7732,8463,2898
9633,6018,2874,3982,5516,6732
9633,6018,2874,6244,2250,455
9633,6018,2874,4811,1242,4096
9633,6018,2874,3962,2539,8446
9633,6018,2874,7698,3552,6656
9633,6018,2874,2664,5119,8926
9633,6018,2874,2851,2876,5959
9633,6018,2874,7805,4365,6154
9633,6018,2874,8673,5359,6270
9633,6018,2874,329,1183,3450
9633,6018,2874,9661,3221,658
9633,6018,2874,7512,7802,8777
9633,6018,2874,1219,8759,118
9633,6018,2874,2348,6156,3962
9633,6018,2874,1966,6962,7550
9633,6018,2874,6906,3646,9715
9633,6018,2874,3516,9350,8062
9633,6018,2874,4288,6120,2439
9633,6018,2874,921,6629,9207
9633,6018,2874,4842,3632,111
9633,6018,2874,7730,1233,6241
9633,6018,2874,4697,2841,8967
9633,6018,2874,4189,9726,3341
9633,6018,2874,8624,8836,697
9633,6018,2874,9547,8416,4797
9633,6018,2874,8798,9151,2128
9633,6018,2874,8998,7980,2680
9633,6018,2874,8630,691,6819
9633,6018,2874,6560,8415,1515
9633,6018,2874,1908,1914,6741
9633,6018,2874,5232,8286,5250
9633,6018,2874,9101,2254,7414
9633,6018,2874,9624,5033,3721
9633,6018,2874,8199,6570,7243
9633,6018,2874,8538,7797,8280
9633,6018,2874,8606,6067,4215
9633,6018,2874,5815,9443,8886
9633,6018,2874,1157,4766,5584
9633,6018,2874,2886,3429,1023
9633,6018,2874,561,9605,7341
9633,6018,2874,4547,4869,5741
9633,6018,2874,598,4850,6761
9633,6018,2874,8269,5964,5264
9633,6018,2874,2982,3959,6504
9633,6018,2874,8959,4184,1460
9633,6018,2874,2140,9705,6464
9633,6018,2874,42,6643,6481
9633,6018,2874,797,867,7885
9633,6018,2874,8830,7263,1840
9633,6018,2874,7284,8189,9753
9633,6018,2874,6990,6800,3284
9633,6018,2874,4497,3642,7450
9633,6018,2874,7003,6616,3798
9633,6018,2874,3585,5209,4131
9633,6018,2874,7997,2206,4413
9633,6018,2874,8728,9963,9687
9633,6018,2874,6649,6377,6579
9633,6018,2874,7993,1285,2440
9633,6018,2874,4979,394,5662
9633,6018,2874,5372,2721,1423
9633,6018,2874,4083,7489,2558
9633,6018,2874,5654,3838,208
9633,6018,2874,3961,6959,4532
9633,6018,2874,848,7687,7753
9633,6018,2874,362,3862,7587
9633,6018,2874,5975,3476,5415
9633,6018,2874,851,4697,8690
9633,6018,2874,8287,633,6980
9633,6018,2874,7960,4343,4603
9633,6018,2874,6450,5633,4184
9633,6018,2874,1042,2010,7825
9633,6018,2874,4569,6631,7797
9633,6018,2874,7071,1791,569
9633,6018,2874,695,6588,5023
9633,6018,2874,7946,5717,1879
9633,6018,2874,3398,9705,2577
9633,6018,2874,4949,8771,6843
9633,6018,2874,2370,8134,3335
9633,6018,2874,8787,4142,7556
9633,6018,2874,3859,7273,9832
9633,6018,2874,8906,1261,6213
9633,6018,2874,3836,6815,3700
9633,6018,2874,5858,8476,551
9633,6018,2874,402,9214,3052
9633,6018,2874,5948,7477,1194
9633,6018,2874,2861,3902,6430
9633,6018,2874,9365,9026,2035
9633,6018,2874,2999,1499,1838
9633,6018,2874,3759,7280,7535
9633,6018,2874,932,992,8681
9633,6018,2874,7694,8143,2985
9633,6018,2874,1054,2372,4815
9633,6018,2874,930,6776,7735
9633,6018,2874,9019,6490,6778
9633,6018,2874,1993,2218,8685
9633,6018,2874,9558,3428,6698
9633,6018,2874,7118,1813,4795
9633,6018,2874,8045,4436,2718
9633,6018,2874,9926,4480,7094
9633,6018,2874,4295,4869,4422
9633,6018,2874,1397,1879,702
9633,6018,2874,8358,467,1792
9633,6018,2874,5012,9784,3730
9633,6018,2874,7170,5172,9803
9633,6018,2874,1594,8147,6373
9633,6018,2874,458,2542,9767
9633,6018,2874,7148,1231,9177
9633,6018,2874,1125,7493,9750
9633,6018,2874,8490,8957,6468
9633,6018,2874,3395,1085,5306
9633,6018,2874,7352,3938,8358
9633,6018,2874,2411,4280,782
9633,6018,2874,6570,1229,9198
9633,6018,2874,9461,8630,5329
9633,6018,2874,3628,5913,3010
9633,6018,2874,8775,9668,4640
9633,6018,2874,4453,615,1983
9633,6018,2874,6955,1046,2284
9633,6018,2874,9247,2186,7579
9633,6018,2874,6193,1417,7402
9633,6018,2874,5309,1016,6458
9633,6018,2874,3297,3935,7225
9633,6018,2874,6823,6148,5216
9633,6018,2874,4608,1415,101
9633,6018,2874,9353,5069,1537
9633,6018,2874,6734,9710,1930
9633,6018,2874,519,7429,2443
9633,6018,2874,8618,5197,4749
9633,6018,2874,790,4796,7568
9633,6018,2874,6552,7345,54
9633,6018,2874,7945,2658,6319
9633,6018,2874,6252,5808,9295
9633,6018,2874,4617,9617,4467
9633,6018,2874,1401,5474,4710
9633,6018,2874,5183,3982,4568
9633,6018,2874,1012,357,7437
9633,6018,2874,7519,7363,3682
9633,6018,2874,9808,8547,7764
9633,6018,2874,1075,5411,1925
9633,6018,2874,2140,7794,1272
9633,6018,2874,7938,7416,7249
9633,6018,2874,2063,3169,1136
9633,6018,2874,6584,5789,7190
9633,6018,2874,261,9431,3744
9633,6018,2874,6254,3839,2441
9633,6018,2874,9214,4631,3488
9633,6018,2874,1926,3810,2035
9633,6018,2874,5891,1504,9668
9633,6018,2874,5318,6426,5605
9633,6018,2874,3870,4597,1176
9633,6018,2874,366,9692,2932
9633,6018,2874,3355,3657,9325
9633,6018,2874,1301,3588,1683
9633,6018,2874,7569,4363,8027
9633,6018,2874,3808,8258,3526
9633,6018,2874,8467,2237,1466
9633,6018,2874,4396,757,4653
9633,6018,2874,7138,8428,3017
9633,6018,2874,6864,9561,8754
9633,6018,2874,3149,2759,8254
9633,6018,2874,3770,2219,3705
9633,6018,2874,2292,1257,1076
9633,6018,2874,7931,506,2988
9633,6018,2874,7580,6688,3051
9633,6018,2874,6190,3169,3594
9633,6018,2874,9167,6084,9834
9633,6018,2874,7337,4230,4097
9633,6018,2874,2521,9189,1330
9633,6018,2874,203,5841,1422
9633,6018,2874,8356,9408,6943
9633,6018,2874,5505,6873,2417
9633,6018,2874,7215,3327,7927
9633,6018,2874,3354,7330,810
9633,6018,2874,4581,4766,9467
9633,6018,2874,1223,1078,5543
9633,6018,2874,4125,8944,2246
9633,6018,2874,6773,8304,2457
9633,6018,2874,7471,8170,8598
9633,6018,2874,9392,7649,9459
9633,6018,2874,663,5331,996
9633,6018,2874,6398,1058,7620
9633,6018,2874,47,8461,1818
9633,6018,2874,7653,662,8175
9633,6018,2874,6192,7724,1733
9633,6018,2874,8183,9800,1953
9633,6018,2874,8995,5370,7190
9633,6018,2874,4664,6847,9324
9633,6018,2874,7477,7189,6963
9633,6018,2874,6745,8292,7375
9633,6018,2874,4147,7967,6826
9633,6018,2874,4713,8627,682
9633,6018,2874,6682,6997,2029
9633,6018,2874,6439,2330,3575
9633,6018,2874,6997,9810,783
9633,6018,2874,8329,1754,1068
9633,6018,2874,4575,4386,2368
9633,6018,2874,795,5769,6157
9633,6018,2874,8763,9273,6877
9633,6018,2874,531,2027,9690
9633,6018,2874,5524,3860,5931
9633,6018,2874,7887,6933,5983
9633,6018,2874,334,9358,5779
9633,6018,2874,4866,4511,3215
9633,6018,2874,6554,8425,8403
9633,6018,2874,4167,4438,9672
9633,6018,2874,5583,753,3039
9633,6018,2874,7099,1688,7593
9633,6018,2874,2501,7453,2723
9633,6018,2874,8338,2822,4731
9633,6018,2874,9639,3040,45
9633,6018,2874,9373,3371,3305
9633,6018,2874,6835,9022,6363
9633,6018,2874,4335,7091,1393
9633,6018,2874,1318,8397,1648
9633,6018,2874,7392,3168,3916
9633,6018,2874,4116,4965,8009
9633,6018,2874,9959,7096,3707
9633,6018,2874,7464,916,682
9633,6018,2874,390,2492,2877
9633,6018,2874,5414,5830,2603
9633,6018,2874,5806,6275,2606
9633,6018,2874,5753,1106,8176
9633,6018,2874,8276,6160,164
9633,6018,2874,3459,438,6851
9633,6018,2874,8530,9148,3019
9633,6018,2874,3850,4560,5712
9633,6018,2874,4911,1670,610
9633,6018,2874,5110,4005,2003
9633,6018,2874,8237,8840,9408
9633,6018,2874,5193,3647,9114
9633,6018,2874,579,301,7021
9633,6018,2874,5565,9924,2861
9633,6018,2874,8363,3436,2993
9633,6018,2874,5744,3796,2572
9633,6018,2874,7164,296,8429
9633,6018,2874,5109,7707,4809
9633,6018,2874,7972,9178,7083
9633,6018,2874,6221,7602,4864
9633,6018,2874,7167,8814,1740
9633,6018,2874,7,1501,8347
9633,6018,2874,719,798,5743
9633,6018,2874,1635,7772,5516
9633,6018,2874,6632,9563,420
9633,6018,2874,1099,7257,8830
9633,6018,2874,1326,8756,7245
9633,6018,2874,83,902,374
9633,6018,2874,2893,9978,20
9633,6018,2874,5521,3246,2330
9633,6018,2874,8595,7962,890
9633,6018,2874,7314,7605,914
9633,6018,2874,7779,9270,1861
9633,6018,2874,38,4259,6221
9633,6018,2874,1013,7325,4493
9633,6018,2874,5386,616,9787
9633,6018,2874,2674,1578,2369
9633,6018,2874,8193,6488,1947
9633,6018,2874,6560,9485,4493
9633,6018,2874,5007,1343,3916
9633,6018,2874,5829,7613,2690
9633,6018,2874,8784,2595,843
9633,6018,2874,5304,8022,7734
9633,6018,2874,7183,7145,3909
9633,6018,2874,3306,9646,1772
9633,6018,2874,3698,3468,4344
9633,6018,2874,9897,9558,876
9633,6018,2874,4651,40,4387
9633,6018,2874,5576,3984,7684
9633,6018,2874,6468,680,5341
9633,6018,2874,2495,2560,7999
9633,6018,2874,6019,9181,6759
9633,6018,2874,6561,7834,7030
9633,6018,2874,3492,6179,5233
9633,6018,2874,1631,8046,4612
9633,6018,2874,2671,1102,5600
9633,6018,2874,4291,2501,8060
9633,6018,2874,8671,6216,8867
9633,6018,2874,8863,11,1980
9633,6018,2874,7492,2493,3314
9633,6018,2874,252,8676,7343
9633,6018,2874,8848,456,2689
9633,6018,2874,1131,2684,1759
9633,6018,2874,1671,5786,9072
9633,6018,2874,6441,5516,3209
9633,6018,2874,1160,6375,178
9633,6018,2874,4740,7694,672
9633,6018,2874,4416,3544,7492
9633,6018,2874,6405,2197,6904
9633,6018,2874,3603,2115,5871
9633,6018,2874,7490,8056,7661
9633,6018,2874,6566,6530,7327
9633,6018,2874,9960,1182,1201
9633,6018,2874,228,7280,2631
9633,6018,2874,8184,3431,3761
9633,6018,2874,1564,9281,8535
9633,6018,2874,6650,2968,5235
9633,6018,2874,4483,9895,8406
9633,6018,2874,8365,3267,8758
9633,6018,2874,3116,2610,483
9633,6018,2874,5540,388,9399
9633,6018,2874,931,2424,6113
9633,6018,2874,9477,1850,5354
9633,6018,2874,1569,9854,5803
9633,6018,2874,3550,2049,3767
9633,6018,2874,4984,5252,3833
9633,6018,2874,8911,9467,9417
9633,6018,2874,3349,5820,6516
9633,6018,2874,6838,6365,7268
9633,6018,2874,178,6521,7422
9633,6018,2874,9400,682,2654
9633,6018,2874,1852,3833,3101
9633,6018,2874,1409,8353,6152
9633,6018,2874,2000,2100,8735
9633,6018,2874,7167,9593,1160
9633,6018,2874,9338,6882,8149
9633,6018,2874,1920,9422,5974
9633,6018,2874,7240,7507,9544
9633,6018,2874,6392,6212,7203
9633,6018,2874,9964,679,6724
9633,6018,2874,1887,3292,7881
9633,6018,2874,3249,6300,3749
9633,6018,2874,7082,4023,9008
9633,6018,2874,7012,6306,1253
9633,6018,2874,7830,8312,2434
9633,6018,2874,5734,4685,1535
9633,6018,2874,163,7545,1856
9633,6018,2874,1552,8838,4397
9633,6018,2874,6064,2799,8006
9633,6018,2874,8859,5232,8457
9633,6018,2874,1865,2711,4791
9633,6018,2874,3347,5065,2173
9633,6018,2874,3120,3157,4608
9633,6018,2874,7858,3417,433
9633,6018,2874,9558,3230,430
9633,6018,2874,382,5209,3662
9633,6018,2874,3817,18,1169
9633,6018,2874,3187,9017,9751
9633,6018,2874,9972,6724,7459
9633,6018,2874,7360,6224,570
9633,6018,2874,9838,2574,331
9633,6018,2874,3858,5140,5221
9633,6018,2874,2272,4078,2569
9633,6018,2874,9890,235,1483
9633,6018,2874,5437,3875,5391
9633,6018,2874,482,3124,13
9633,6018,2874,1968,1051,3037
9633,6018,2874,2975,8172,9288
9633,6018,2874,3956,9798,5331
9633,6018,2874,5283,3216,8018
9633,6018,2874,1623,8673,348
9633,6018,2874,1107,3758,6793
9633,6018,2874,1619,5330,813
9633,6018,2874,4297,7039,8313
9633,6018,2874,2331,1029,2276
9633,6018,2874,7429,466,5679
9633,6018,2874,718,4192,1788
9633,6018,2874,6552,6137,5345
9633,6018,2874,956,6226,4771
9633,6018,2874,8982,8265,7935
9633,6018,2874,9550,9166,9448
9633,6018,2874,5831,929,336
9633,6018,2874,6165,878,6389
9633,6018,2874,3604,3429,6879
9633,6018,2874,1008,43,9307
9633,6018,2874,2981,6824,8330
9633,6018,2874,5854,2378,6366
9633,6018,2874,3440,1158,8726
9633,6018,2874,3883,4215,7063
9633,6018,2874,9356,8897,4351
9633,6018,2874,7515,9997,206
9633,6018,2874,8203,7197,3640
9633,6018,2874,1401,1840,6771
9633,6018,2874,5828,5262,7083
9633,6018,2874,4584,1892,5339
9633,6018,2874,8538,2405,3794
9633,6018,2874,8995,5946,9423
9633,6018,2874,6832,4894,9829
9633,6018,2874,4569,2626,4388
9633,6018,2874,8454,276,9113
9633,6018,2874,6210,8441,7593
9633,6018,2874,6836,465,3658
9633,6018,2874,7342,2621,7523
9633,6018,2874,7463,779,1541
9633,6018,2874,8101,967,5140
9633,6018,2874,4503,875,7003
9633,6018,2874,6440,4364,2526
9633,6018,2874,4392,1385,8300
9633,6018,2874,6651,6432,3955
9633,6018,2874,3361,926,4882
9633,6018,2874,7805,1988,8372
9633,6018,2874,1512,1077,7751
9633,6018,2874,6286,4443,7695
9633,6018,2874,4419,102,9134
9633,6018,2874,845,4019,5765
9633,6018,2874,9603,2652,3512
9633,6018,2874,3670,3308,5663
9633,6018,2874,7052,1410,1060
9633,6018,2874,7449,6076,4674
9633,6018,2874,9659,8508,4356
9633,6018,2874,5695,2206,1374
9633,6018,2874,7407,9764,8828
9633,6018,2874,4077,8271,7856
9633,6018,2874,585,2285,3639
9633,6018,2874,4670,5058,6940
9633,6018,2874,5655,1893,7368
9633,6018,2874,9581,7056,1968
9633,6018,2874,9588,4339,4598
9633,6018,2874,694,2776,4821
9633,6018,2874,5821,3461,5464
9633,6018,2874,114,9071,9161
9633,6018,2874,7958,1018,7920
9633,6018,2874,8989,1196,8523
9633,6018,2874,8342,9647,5879
9633,6018,2874,4789,4054,4292
9633,6018,2874,2919,2594,5926
9633,6018,2874,150,5971,4662
9633,6018,2874,5905,1274,7760
9633,6018,2874,6778,6993,9363
9633,6018,2874,7871,7209,8573
9633,6018,2874,9979,3842,7796
9633,6018,2874,651,7209,6433
9633,6018,2874,3878,2558,9510
9633,6018,2874,5163,4089,2453
9633,6018,2874,1354,3379,8948
9633,6018,2874,6587,4303,4839
9633,6018,2874,1982,8615,6016
9633,6018,2874,567,6805,9315
9633,6018,2874,2263,4058,8826
9633,6018,2874,3476,5144,5089
9633,6018,2874,1294,6617,1675
9633,6018,2874,7196,9137,7495
