1171,3638,7853,3564,1894,4336
1171,3638,7853,3965,8805,141
1171,3638,7853,8535,5844,6244
1171,3638,7853,9390,2377,4621
1171,3638,7853,6650,2115,9727
1171,3638,7853,9691,4893,1027
1171,3638,7853,5970,2339,404
1171,3638,7853,2870,2368,3368
1171,3638,7853,3355,9696,2422
1171,3638,7853,6910,5380,3700
1171,3638,7853,5577,9863,6407
1171,3638,7853,3131,8870,3443
1171,3638,7853,6761,2237,5329
1171,3638,7853,5291,6794,7545
1171,3638,7853,2830,289,3919
1171,3638,7853,8723,7848,9474
1171,3638,7853,5529,3844,2789
1171,3638,7853,4049,7097,7219
1171,3638,7853,6288,2224,1680
1171,3638,7853,8979,2963,741
1171,3638,7853,5960,4897,2953
1171,3638,7853,575,7523,6781
1171,3638,7853,6436,1926,1149
1171,3638,7853,5669,2179,890
1171,3638,7853,1585,8126,1880
1171,3638,7853,9084,4696,1453
1171,3638,7853,415,3547,6137
1171,3638,7853,9444,9808,6296
1171,3638,7853,1503,3754,2832
1171,3638,7853,1701,760,7548
1171,3638,7853,7622,5616,6918
1171,3638,7853,4370,916,3114
1171,3638,7853,5804,4202,3736
1171,3638,7853,8208,1069,8114
1171,3638,7853,4960,1659,7910
1171,3638,7853,5046,3141,9616
1171,3638,7853,2901,3180,4948
1171,3638,7853,7690,942,2322
1171,3638,7853,136,2138,8278
1171,3638,7853,1144,3102,6509
1171,3638,7853,8700,4057,8170
1171,3638,7853,283,6378,7366
1171,3638,7853,9365,6191,8817
1171,3638,7853,5048,4539,3500
1171,3638,7853,3579,9622,6800
1171,3638,7853,7116,4724,4643
1171,3638,7853,9467,3313,746
1171,3638,7853,8149,3444,3248
1171,3638,7853,8912,689,1040
1171,3638,7853,6150,7795,6139
1171,3638,7853,1649,9567,6770
1171,3638,7853,8243,6523,2266
1171,3638,7853,1033,4062,8396
1171,3638,7853,2500,8437,9969
1171,3638,7853,1664,6412,3321
1171,3638,7853,4498,737,7340
1171,3638,7853,9454,3326,9031
1171,3638,7853,9588,2756,1112
1171,3638,7853,9603,9833,2677
1171,3638,7853,2762,2295,501
1171,3638,7853,7809,6239,5801
1171,3638,7853,4881,893,5555
1171,3638,7853,4426,8738,7118
1171,3638,7853,6893,6473,6376
1171,3638,7853,1026,7260,2131
1171,3638,7853,7681,1446,4176
1171,3638,7853,4770,8648,9964
1171,3638,7853,5635,1964,6733
1171,3638,7853,1873,2530,8563
1171,3638,7853,8698,4905,5902
1171,3638,7853,7671,2663,570
1171,3638,7853,2166,8424,6478
1171,3638,7853,7169,7532,7953
1171,3638,7853,3325,699,2249
1171,3638,7853,3451,2590,624
1171,3638,7853,8196,6391,1607
1171,3638,7853,7518,1416,6193
1171,3638,7853,7648,2618,7427
1171,3638,7853,125,1076,9458
1171,3638,7853,786,1978,4514
1171,3638,7853,8436,6762,8810
1171,3638,7853,4572,8777,1628
1171,3638,7853,5850,4348,7203
1171,3638,7853,745,4257,8670
1171,3638,7853,7727,8573,7526
1171,3638,7853,2942,5583,5508
1171,3638,7853,4540,9419,3379
1171,3638,7853,9020,6189,4146
1171,3638,7853,5002,7311,3898
1171,3638,7853,5887,3852,1537
1171,3638,7853,7760,3215,4656
1171,3638,7853,3183,4108,9099
1171,3638,7853,9926,2381,5427
1171,3638,7853,474,9345,9334
1171,3638,7853,7466,3534,7713
1171,3638,7853,9907,5169,751
1171,3638,7853,8523,1342,9856
1171,3638,7853,3925,2442,7720
1171,3638,7853,5861,2741,3358
1171,3638,7853,3226,2420,6379
1171,3638,7853,4710,6239,833
1171,3638,7853,7154,3497,6038
1171,3638,7853,4594,2295,9804
1171,3638,7853,3852,5281,6764
1171,3638,7853,9228,9625,2501
1171,3638,7853,4609,9627,3686
1171,3638,7853,3621,4209,4040
1171,3638,7853,4047,2261,5032
1171,3638,7853,149,8289,1435
1171,3638,7853,7276,4409,1563
1171,3638,7853,831,3687,6469
1171,3638,7853,4578,8281,7714
1171,3638,7853,8416,9293,3727
1171,3638,7853,6475,1921,3744
1171,3638,7853,2630,1690,9169
1171,3638,7853,5914,4519,691
1171,3638,7853,1415,2906,7449
1171,3638,7853,3334,7290,9044
1171,3638,7853,7528,4100,2521
1171,3638,7853,7722,913,8878
1171,3638,7853,4623,4675,4984
1171,3638,7853,2481,6212,7144
1171,3638,7853,389,3848,8687
1171,3638,7853,9217,965,9071
1171,3638,7853,686,5649,8329
1171,3638,7853,1006,4708,5080
1171,3638,7853,5487,9403,364
1171,3638,7853,1436,1182,3328
1171,3638,7853,4924,9314,3676
1171,3638,7853,1603,6450,6902
1171,3638,7853,2041,6577,5730
1171,3638,7853,6914,5907,7269
1171,3638,7853,8235,4175,6879
1171,3638,7853,2398,7478,9378
1171,3638,7853,2190,7422,9456
1171,3638,7853,2426,5943,4218
1171,3638,7853,7850,3439,408
1171,3638,7853,6298,623,6970
1171,3638,7853,8185,8300,8273
1171,3638,7853,4583,9879,5800
1171,3638,7853,3472,7225,5264
1171,3638,7853,3656,4456,9831
1171,3638,7853,2522,1838,1124
1171,3638,7853,8070,9032,9234
1171,3638,7853,1830,3697,2040
1171,3638,7853,5619,2024,3047
1171,3638,7853,1370,228,2845
1171,3638,7853,2444,968,8364
1171,3638,7853,482,4953,982
1171,3638,7853,5998,5069,1486
1171,3638,7853,4997,6853,692
1171,3638,7853,4118,5550,3640
1171,3638,7853,8498,8067,8725
1171,3638,7853,334,5870,597
1171,3638,7853,527,2957,7349
1171,3638,7853,5290,940,2370
1171,3638,7853,7129,9516,3464
1171,3638,7853,3351,37,4455
1171,3638,7853,8832,1570,7894
1171,3638,7853,2298,285,3700
1171,3638,7853,3705,1842,1874
1171,3638,7853,8722,5465,9216
1171,3638,7853,270,6043,3483
1171,3638,7853,7939,9783,2551
1171,3638,7853,791,7410,8494
1171,3638,7853,8354,5870,9057
1171,3638,7853,6988,2001,1788
1171,3638,7853,4012,1178,5259
1171,3638,7853,7644,598,4995
1171,3638,7853,4689,1146,9933
1171,3638,7853,5470,4324,1713
1171,3638,7853,4658,963,838
1171,3638,7853,173,1090,1928
1171,3638,7853,4198,2641,4549
1171,3638,7853,8507,5467,7791
1171,3638,7853,485,7586,2406
1171,3638,7853,5693,7607,1744
1171,3638,7853,6785,5493,5042
1171,3638,7853,6815,8383,527
1171,3638,7853,5454,3680,9309
1171,3638,7853,9147,4050,6687
1171,3638,7853,162,1885,1629
1171,3638,7853,6758,3220,8912
1171,3638,7853,8670,4213,5005
1171,3638,7853,4231,2383,3183
1171,3638,7853,77,5140,7869
1171,3638,7853,2409,8979,2332
1171,3638,7853,3380,5200,2096
1171,3638,7853,1863,5677,8248
1171,3638,7853,7394,2295,5992
1171,3638,7853,9547,8864,3324
1171,3638,7853,504,9020,7922
1171,3638,7853,8592,1773,3569
1171,3638,7853,1370,7488,8886
1171,3638,7853,8572,761,6275
1171,3638,7853,5802,7433,5541
1171,3638,7853,7266,268,1598
1171,3638,7853,2820,2121,9497
1171,3638,7853,2490,6426,375
1171,3638,7853,1377,1850,5383
1171,3638,7853,4673,8421,7582
1171,3638,7853,9756,5917,3596
1171,3638,7853,3375,3835,3892
1171,3638,7853,9844,2446,1099
1171,3638,7853,8568,4866,1172
1171,3638,7853,1834,920,1939
1171,3638,7853,5070,787,3235
1171,3638,7853,1718,5639,6561
1171,3638,7853,663,7887,9775
1171,3638,7853,7471,4469,2846
1171,3638,7853,7347,8413,1294
1171,3638,7853,4962,622,9903
1171,3638,7853,2030,2324,1872
1171,3638,7853,6549,3567,4656
1171,3638,7853,1540,4489,150
1171,3638,7853,2656,7647,1408
1171,3638,7853,5326,9971,1499
1171,3638,7853,6966,6838,1404
1171,3638,7853,8003,8107,6283
1171,3638,7853,6434,508,8750
1171,3638,7853,1594,9560,6897
1171,3638,7853,2308,9549,2856
1171,3638,7853,8474,6935,6996
1171,3638,7853,3463,9950,9009
1171,3638,7853,2136,428,3799
1171,3638,7853,7944,3778,6338
1171,3638,7853,9580,5397,7561
1171,3638,7853,627,5496,7062
1171,3638,7853,9691,7111,9446
1171,3638,7853,6706,7244,4190
1171,3638,7853,2536,9855,2084
1171,3638,7853,9689,1781,7832
1171,3638,7853,8210,3294,4659
1171,3638,7853,296,3198,748
1171,3638,7853,2694,271,8892
1171,3638,7853,3409,7037,16
1171,3638,7853,9320,8438,7717
1171,3638,7853,6878,6870,9926
1171,3638,7853,9691,4485,9174
1171,3638,7853,7176,5912,494
1171,3638,7853,7505,2365,2831
1171,3638,7853,5076,9976,9321
1171,3638,7853,5483,546,2055
1171,3638,7853,8265,6927,46
1171,3638,7853,1902,9805,1707
1171,3638,7853,9845,460,5841
1171,3638,7853,5926,8366,3804
1171,3638,7853,4123,2305,1081
1171,3638,7853,1121,8824,6330
1171,3638,7853,8542,9681,8880
1171,3638,7853,7436,9190,7022
1171,3638,7853,154,7666,5942
1171,3638,7853,9409,9460,4086
1171,3638,7853,4150,2256,8403
1171,3638,7853,9998,9268,9155
1171,3638,7853,1625,210,1958
1171,3638,7853,6831,6583,1759
1171,3638,7853,1895,9274,8540
1171,3638,7853,5836,3825,7531
1171,3638,7853,3278,82,8876
1171,3638,7853,557,1317,367
1171,3638,7853,7475,6271,1732
1171,3638,7853,6123,1849,529
1171,3638,7853,2021,9034,176
1171,3638,7853,2393,6314,9615
1171,3638,7853,2104,219,7201
1171,3638,7853,58,6379,8231
1171,3638,7853,5540,8753,8485
1171,3638,7853,7925,6851,6155
1171,3638,7853,9426,6251,9732
1171,3638,7853,7494,2766,6581
1171,3638,7853,6862,3040,7839
1171,3638,7853,4539,2691,3340
1171,3638,7853,3,9901,4977
1171,3638,7853,4755,1949,3765
1171,3638,7853,9028,4521,8935
1171,3638,7853,9949,3923,1304
1171,3638,7853,1902,4381,435
1171,3638,7853,3502,4964,7350
1171,3638,7853,9574,4425,6373
1171,3638,7853,6959,3942,1318
1171,3638,7853,4051,2672,1426
1171,3638,7853,9368,9511,5083
1171,3638,7853,9805,7095,7263
1171,3638,7853,2851,1900,822
1171,3638,7853,9213,9861,6710
1171,3638,7853,7582,5798,6295
1171,3638,7853,7749,6920,2861
1171,3638,7853,8136,7391,5585
1171,3638,7853,6710,3062,8463
1171,3638,7853,6414,1685,9668
1171,3638,7853,6323,9065,7647
1171,3638,7853,5753,4687,2069
1171,3638,7853,373,4636,1312
1171,3638,7853,3055,3158,6812
1171,3638,7853,9565,7101,9761
1171,3638,7853,1980,4041,8068
1171,3638,7853,7720,7603,6066
1171,3638,7853,7113,1540,5514
1171,3638,7853,2480,5639,9759
1171,3638,7853,7888,8775,7823
1171,3638,7853,5982,1776,9842
1171,3638,7853,9938,7854,6235
1171,3638,7853,2052,3029,9287
1171,3638,7853,3028,9454,128
1171,3638,7853,4824,8754,7795
1171,3638,7853,8527,2237,9708
1171,3638,7853,3529,4170,902
1171,3638,7853,6275,2776,1743
1171,3638,7853,382,420,4141
1171,3638,7853,3501,9317,6193
1171,3638,7853,3150,2958,1839
1171,3638,7853,1498,4135,3837
1171,3638,7853,8724,5567,3640
1171,3638,7853,6818,4912,7935
1171,3638,7853,8915,6338,1230
1171,3638,7853,3893,7379,7495
1171,3638,7853,5152,9301,7680
1171,3638,7853,3436,7445,1904
1171,3638,7853,9787,3424,9010
1171,3638,7853,2512,5204,1668
1171,3638,7853,6977,949,7566
1171,3638,7853,6070,7469,9985
1171,3638,7853,5703,8465,4983
1171,3638,7853,1559,3643,9684
1171,3638,7853,9270,6791,2421
1171,3638,7853,6464,7673,370
1171,3638,7853,5610,9400,585
1171,3638,7853,1240,5836,4508
1171,3638,7853,3524,8337,2857
1171,3638,7853,2531,3202,8384
1171,3638,7853,1444,6373,9214
1171,3638,7853,2903,5376,635
1171,3638,7853,3387,9526,6200
1171,3638,7853,6331,6098,3490
1171,3638,7853,222,8763,6429
1171,3638,7853,1396,8426,2078
1171,3638,7853,6612,4412,5583
1171,3638,7853,2250,294,306
1171,3638,7853,9576,28,2274
1171,3638,7853,4797,6315,1241
1171,3638,7853,1929,2671,5159
1171,3638,7853,8867,6746,711
1171,3638,7853,9110,1317,96
1171,3638,7853,3977,8458,2600
1171,3638,7853,5491,4491,2259
1171,3638,7853,4599,6499,6440
1171,3638,7853,1629,8737,6613
1171,3638,7853,88,8809,523
1171,3638,7853,6808,3447,638
1171,3638,7853,4376,7967,951
1171,3638,7853,3988,3005,5544
1171,3638,7853,308,950,8356
1171,3638,7853,2740,2100,9278
1171,3638,7853,620,5522,8510
1171,3638,7853,2465,9820,465
1171,3638,7853,9119,3402,1440
1171,3638,7853,7717,3954,6967
1171,3638,7853,1542,1664,7405
1171,3638,7853,1289,6625,5827
1171,3638,7853,4775,3081,6874
1171,3638,7853,7042,6033,4692
1171,3638,7853,1342,2818,9786
1171,3638,7853,3296,4059,7552
1171,3638,7853,1099,7408,1467
1171,3638,7853,6685,8330,3412
1171,3638,7853,8373,799,1432
1171,3638,7853,819,1912,8135
1171,3638,7853,7376,9362,1096
1171,3638,7853,7808,6349,5351
1171,3638,7853,5207,5786,9726
1171,3638,7853,5520,916,1522
1171,3638,7853,5135,4227,2403
1171,3638,7853,4832,2948,2795
1171,3638,7853,8130,5847,7956
1171,3638,7853,4225,2022,70
1171,3638,7853,1056,3492,8426
1171,3638,7853,2357,8259,4475
1171,3638,7853,9770,2469,5848
1171,3638,7853,487,1854,7986
1171,3638,7853,4387,8190,7544
1171,3638,7853,8716,7928,3284
1171,3638,7853,4250,3886,4180
1171,3638,7853,8104,678,2018
1171,3638,7853,2859,5282,650
1171,3638,7853,1038,1592,9316
1171,3638,7853,4565,1610,4822
1171,3638,7853,3038,2707,2627
1171,3638,7853,2970,3271,5651
1171,3638,7853,7179,1658,8057
1171,3638,7853,364,9590,6962
1171,3638,7853,7246,2010,3657
1171,3638,7853,5808,658,2724
1171,3638,7853,9716,9607,7
1171,3638,7853,7107,8342,4387
1171,3638,7853,3149,3615,6718
1171,3638,7853,1230,8683,5539
1171,3638,7853,8896,6796,5707
1171,3638,7853,9981,9390,4731
1171,3638,7853,4167,911,6384
1171,3638,7853,7631,3183,9940
1171,3638,7853,3481,68,7968
1171,3638,7853,5690,590,1148
1171,3638,7853,877,3328,1802
1171,3638,7853,9180,4208,317
1171,3638,7853,4043,9898,8451
1171,3638,7853,1020,4321,2994
1171,3638,7853,2413,5823,8689
1171,3638,7853,9300,2994,4755
1171,3638,7853,3184,3368,2465
1171,3638,7853,6911,3568,1173
1171,3638,7853,1080,4135,300
1171,3638,7853,9366,1658,7767
1171,3638,7853,2311,3556,4840
1171,3638,7853,2566,8793,1826
1171,3638,7853,481,3816,897
1171,3638,7853,3071,85,4990
1171,3638,7853,5334,6759,2390
1171,3638,7853,7083,9609,2317
1171,3638,7853,9275,9054,8597
1171,3638,7853,9993,1567,7764
1171,3638,7853,2258,3969,109
1171,3638,7853,2626,7175,2441
1171,3638,7853,5697,9449,60
1171,3638,7853,9925,8946,7650
1171,3638,7853,3134,6451,9453
1171,3638,7853,3847,1731,8916
1171,3638,7853,893,168,2483
1171,3638,7853,1226,1487,8342
1171,3638,7853,5799,3311,5377
1171,3638,7853,2287,2870,7572
1171,3638,7853,936,714,37
1171,3638,7853,2348,5537,715
1171,3638,7853,2795,8404,612
1171,3638,7853,4592,4935,5216
1171,3638,7853,8413,1938,3269
1171,3638,7853,847,9369,9959
1171,3638,7853,4901,9733,2068
1171,3638,7853,2783,5951,7078
1171,3638,7853,2524,7261,2827
1171,3638,7853,8038,5646,1032
1171,3638,7853,595,4007,2160
1171,3638,7853,6731,6924,9274
1171,3638,7853,1061,8577,7211
1171,3638,7853,1197,8164,1463
1171,3638,7853,7666,1474,6983
1171,3638,7853,1838,7582,1747
1171,3638,7853,1420,862,3815
1171,3638,7853,512,7483,1492
1171,3638,7853,2115,7275,4386
1171,3638,7853,2723,2908,9744
1171,3638,7853,3810,3959,5221
1171,3638,7853,6241,1077,9804
1171,3638,7853,3065,1328,6419
1171,3638,7853,4921,7828,3203
1171,3638,7853,5477,1679,1728
1171,3638,7853,9511,1603,6083
1171,3638,7853,7192,8496,3761
1171,3638,7853,7010,3575,8430
1171,3638,7853,1804,8596,4360
1171,3638,7853,7604,3577,8093
1171,3638,7853,3718,3681,6661
1171,3638,7853,1776,686,9036
1171,3638,7853,141,2147,508
1171,3638,7853,1632,5206,7161
1171,3638,7853,5811,7960,2357
1171,3638,7853,9196,3738,1465
1171,3638,7853,6451,1854,6687
1171,3638,7853,7566,3289,3361
1171,3638,7853,5403,2258,8813
1171,3638,7853,1657,2589,4361
1171,3638,7853,509,7653,6548
1171,3638,7853,3531,6547,8008
1171,3638,7853,5542,453,2548
1171,3638,7853,2428,1044,6677
1171,3638,7853,9565,315,1932
1171,3638,7853,3730,4362,1090
1171,3638,7853,7468,651,9771
1171,3638,7853,9772,1837,9925
1171,3638,7853,434,7513,6528
1171,3638,7853,8623,2430,5493
1171,3638,7853,9429,7965,9059
1171,3638,7853,3716,8032,6376
1171,3638,7853,4109,9390,1801
1171,3638,7853,7417,6596,6357
1171,3638,7853,4600,1539,2941
1171,3638,7853,7012,4974,5629
1171,3638,7853,7176,7022,4574
1171,3638,7853,2571,2500,6005
1171,3638,7853,3087,7858,9557
1171,3638,7853,6921,9221,4646
1171,3638,7853,5212,1621,2971
1171,3638,7853,189,3293,8285
1171,3638,7853,146,3906,4946
1171,3638,7853,6815,310,4721
1171,3638,7853,3671,5211,1843
1171,3638,7853,5490,2137,7315
1171,3638,7853,8505,5646,2150
1171,3638,7853,770,7365,757
1171,3638,7853,1582,4336,3585
1171,3638,7853,330,187,6101
1171,3638,7853,8533,8513,9058
1171,3638,7853,4263,2669,4083
1171,3638,7853,2595,9404,259
1171,3638,7853,9218,6813,4021
1171,3638,7853,4666,4134,4901
1171,3638,7853,6436,4888,5978
1171,3638,7853,8232,6121,4811
1171,3638,7853,9849,2063,9092
1171,3638,7853,147,8105,5355
