9633,6018,2874,4835,1881,3400
9633,6018,2874,5957,3013,4400
9633,6018,2874,8296,2485,6671
9633,6018,2874,9906,9495,7717
9633,6018,2874,9644,6796,7224
9633,6018,2874,4322,9982,2733
9633,6018,2874,4446,1798,6305
9633,6018,2874,302,8534,8296
9633,6018,2874,3689,1476,1361
9633,6018,2874,905,7218,6887
9633,6018,2874,9791,8296,8918
9633,6018,2874,3887,8715,5660
9633,6018,2874,248,8550,9948
9633,6018,2874,6914,8446,9002
9633,6018,2874,5460,768,4863
9633,6018,2874,4302,129,4287
9633,6018,2874,3284,9215,2009
9633,6018,2874,2977,8117,3263
9633,6018,2874,4496,3977,5498
9633,6018,2874,4951,2849,7610
9633,6018,2874,4592,5886,3162
9633,6018,2874,3427,2929,5153
9633,6018,2874,8847,4339,7858
9633,6018,2874,2673,7462,5874
9633,6018,2874,6321,5285,4137
9633,6018,2874,9506,3835,4844
9633,6018,2874,647,1414,2399
9633,6018,2874,3948,4351,9343
9633,6018,2874,7705,6234,452
9633,6018,2874,308,5644,9822
9633,6018,2874,888,1942,7670
9633,6018,2874,5688,8083,3949
9633,6018,2874,7991,3024,7296
9633,6018,2874,8953,4352,2181
9633,6018,2874,9485,9230,5520
9633,6018,2874,5543,6984,3665
9633,6018,2874,2706,9365,8077
9633,6018,2874,5627,7660,1018
9633,6018,2874,2334,6081,7874
9633,6018,2874,5178,9163,2011
9633,6018,2874,6366,4449,2322
9633,6018,2874,1277,7153,8811
9633,6018,2874,8021,9596,113
9633,6018,2874,399,1710,5459
9633,6018,2874,9042,8857,3924
9633,6018,2874,387,4058,4508
9633,6018,2874,2304,5119,1468
9633,6018,2874,6969,3954,2690
9633,6018,2874,7974,9524,2478
9633,6018,2874,9404,9550,5818
9633,6018,2874,6925,4257,4022
9633,6018,2874,529,3500,9609
9633,6018,2874,6421,1404,7004
9633,6018,2874,7324,9047,4198
9633,6018,2874,6712,3961,3387
9633,6018,2874,3481,1219,8145
9633,6018,2874,7804,7205,5266
9633,6018,2874,707,2333,5247
9633,6018,2874,2495,76,4457
9633,6018,2874,2221,1081,1570
9633,6018,2874,2686,1211,7965
9633,6018,2874,6403,1281,4235
9633,6018,2874,6776,1982,3153
9633,6018,2874,8233,7179,5678
9633,6018,2874,1938,9280,1583
9633,6018,2874,6538,9936,1306
9633,6018,2874,7535,2291,9339
9633,6018,2874,9944,9368,7957
9633,6018,2874,8766,1476,6189
9633,6018,2874,592,9073,5189
9633,6018,2874,8544,6607,4652
9633,6018,2874,8038,2737,4254
9633,6018,2874,6021,5112,3254
9633,6018,2874,7453,426,4969
9633,6018,2874,6599,1694,4629
9633,6018,2874,2749,8635,5153
9633,6018,2874,7833,6687,7715
9633,6018,2874,1153,1335,6521
9633,6018,2874,1370,4680,4160
9633,6018,2874,7865,1005,2552
9633,6018,2874,4888,1085,8086
9633,6018,2874,3640,836,1724
9633,6018,2874,7545,6403,3048
9633,6018,2874,2294,9758,6602
9633,6018,2874,951,6580,3550
9633,6018,2874,7257,2872,8817
9633,6018,2874,1815,1176,6995
9633,6018,2874,2995,8169,737
9633,6018,2874,4807,1988,4459
9633,6018,2874,5769,9818,9827
9633,6018,2874,1064,6326,2704
9633,6018,2874,7737,9784,7689
9633,6018,2874,5175,4875,8070
9633,6018,2874,3424,2530,3873
9633,6018,2874,8794,33,776
9633,6018,2874,9004,1410,6919
9633,6018,2874,1471,7857,3852
9633,6018,2874,6067,226,1424
9633,6018,2874,9521,8268,3248
9633,6018,2874,5448,7014,8189
9633,6018,2874,9909,7222,474
9633,6018,2874,3126,4697,8172
9633,6018,2874,1432,3455,2615
9633,6018,2874,5627,2061,2207
9633,6018,2874,969,645,300
9633,6018,2874,4959,4771,4753
9633,6018,2874,1904,9497,4714
9633,6018,2874,2501,6082,7974
9633,6018,2874,4786,2904,9964
9633,6018,2874,8099,4875,4153
9633,6018,2874,400,216,6227
9633,6018,2874,4026,7365,8023
9633,6018,2874,1986,1660,2583
9633,6018,2874,4434,6101,6862
9633,6018,2874,9962,3154,8379
9633,6018,2874,555,5604,7861
9633,6018,2874,8625,3686,4576
9633,6018,2874,6514,910,91
9633,6018,2874,830,9795,3266
9633,6018,2874,269,48,6647
9633,6018,2874,2635,2600,4040
9633,6018,2874,5068,4541,7728
9633,6018,2874,9119,4886,3026
9633,6018,2874,3753,1872,1771
9633,6018,2874,4419,5626,7432
9633,6018,2874,7128,5262,6447
9633,6018,2874,3937,1222,2336
9633,6018,2874,9065,7115,9319
9633,6018,2874,4982,1072,4624
9633,6018,2874,2861,6084,5429
9633,6018,2874,8966,7524,733
9633,6018,2874,783,275,6894
9633,6018,2874,6424,5279,7646
9633,6018,2874,464,7795,860
9633,6018,2874,7813,5997,5645
9633,6018,2874,3418,7967,3880
9633,6018,2874,7960,1271,97
9633,6018,2874,2806,5904,7702
9633,6018,2874,8071,3839,3297
9633,6018,2874,7289,420,7767
9633,6018,2874,7592,293,7655
9633,6018,2874,7853,6189,7135
9633,6018,2874,6523,1173,1597
9633,6018,2874,5756,9370,3341
9633,6018,2874,1734,9213,4756
9633,6018,2874,2034,4685,9625
9633,6018,2874,360,3767,4379
9633,6018,2874,7387,9568,9006
9633,6018,2874,7583,2955,6405
9633,6018,2874,485,5183,7002
9633,6018,2874,6352,8662,1649
9633,6018,2874,2711,6142,181
9633,6018,2874,1519,9849,3978
9633,6018,2874,7184,5461,5836
9633,6018,2874,1736,7705,84
9633,6018,2874,4055,5833,7084
9633,6018,2874,4265,1790,2234
9633,6018,2874,3105,5344,8222
9633,6018,2874,8490,7503,4348
9633,6018,2874,4252,6660,2271
9633,6018,2874,2078,4414,5649
9633,6018,2874,9008,7580,9403
9633,6018,2874,7129,8020,1369
9633,6018,2874,1521,6855,545
9633,6018,2874,9591,4137,9044
9633,6018,2874,8754,5202,2145
9633,6018,2874,7832,7178,5691
9633,6018,2874,9058,7044,2805
9633,6018,2874,5255,1567,2781
9633,6018,2874,8313,1680,1621
9633,6018,2874,6369,2101,4737
9633,6018,2874,7289,8472,9722
9633,6018,2874,4499,8503,861
9633,6018,2874,4830,268,5409
9633,6018,2874,3852,7064,5263
9633,6018,2874,4559,5581,8327
9633,6018,2874,5365,947,9530
9633,6018,2874,6894,616,6447
9633,6018,2874,3916,9575,8669
9633,6018,2874,7403,8578,905
9633,6018,2874,6353,4306,3682
9633,6018,2874,8289,5905,9572
9633,6018,2874,3048,4461,4666
9633,6018,2874,5582,8406,8492
9633,6018,2874,5422,6658,2312
9633,6018,2874,3900,8574,5543
9633,6018,2874,1901,6764,9793
9633,6018,2874,7908,7642,1780
9633,6018,2874,7185,442,8809
9633,6018,2874,3632,1562,5194
9633,6018,2874,6112,9705,2358
9633,6018,2874,9279,6153,4917
9633,6018,2874,4003,3771,6283
9633,6018,2874,3775,899,3875
9633,6018,2874,4838,7365,1697
9633,6018,2874,3498,7854,1259
9633,6018,2874,7801,6176,277
9633,6018,2874,3615,39,2097
9633,6018,2874,1623,4211,7177
9633,6018,2874,2189,650,6834
9633,6018,2874,5006,4630,3078
9633,6018,2874,2147,9540,3549
9633,6018,2874,4065,1507,412
9633,6018,2874,4806,6900,6391
9633,6018,2874,6523,1223,4660
9633,6018,2874,9375,7328,176
9633,6018,2874,5606,3561,3146
9633,6018,2874,4679,3283,573
9633,6018,2874,9193,260,694
9633,6018,2874,5488,5090,6014
9633,6018,2874,4204,1916,571
9633,6018,2874,4768,3285,2170
9633,6018,2874,3996,3930,8149
9633,6018,2874,2139,8845,4697
9633,6018,2874,503,7507,9102
9633,6018,2874,1235,2227,534
9633,6018,2874,9377,1209,5052
9633,6018,2874,4354,5487,4828
9633,6018,2874,9702,6187,2337
9633,6018,2874,9546,6476,1880
9633,6018,2874,7426,4773,7121
9633,6018,2874,782,8929,2013
9633,6018,2874,2636,7036,7463
9633,6018,2874,90,1047,64
9633,6018,2874,3707,6573,7185
9633,6018,2874,1479,8076,68
9633,6018,2874,1169,25,9121
9633,6018,2874,7096,6981,4259
9633,6018,2874,6719,440,1890
9633,6018,2874,2801,3739,2769
9633,6018,2874,8642,9633,7154
9633,6018,2874,9443,8027,8221
9633,6018,2874,3716,8944,2856
9633,6018,2874,9603,7879,1249
9633,6018,2874,5341,5587,8403
9633,6018,2874,3818,2897,9645
9633,6018,2874,6959,4202,6957
9633,6018,2874,7652,137,2718
9633,6018,2874,1091,8036,5284
9633,6018,2874,7792,7528,9099
9633,6018,2874,2562,2231,787
9633,6018,2874,6076,5932,6322
9633,6018,2874,680,3088,751
9633,6018,2874,7367,7931,5291
9633,6018,2874,1087,9401,415
9633,6018,2874,9432,1533,9923
9633,6018,2874,7210,4694,9749
9633,6018,2874,9226,7874,5988
9633,6018,2874,5531,4751,3549
9633,6018,2874,2525,7907,8256
9633,6018,2874,9588,4281,5892
9633,6018,2874,9594,3917,5107
9633,6018,2874,3951,4463,4338
9633,6018,2874,5427,7911,4388
9633,6018,2874,2607,2051,1069
9633,6018,2874,3520,5389,5567
9633,6018,2874,4128,1019,5608
9633,6018,2874,6665,4035,1766
9633,6018,2874,4043,302,8940
9633,6018,2874,2836,2755,9111
9633,6018,2874,5719,7799,5789
9633,6018,2874,307,3512,3231
9633,6018,2874,7702,7683,5383
9633,6018,2874,2569,2846,6728
9633,6018,2874,6323,4072,7145
9633,6018,2874,6104,8278,4032
9633,6018,2874,2762,1180,1533
9633,6018,2874,1275,4940,5765
9633,6018,2874,494,9501,9165
9633,6018,2874,7474,5459,6824
9633,6018,2874,7216,4106,4936
9633,6018,2874,8858,2256,2533
9633,6018,2874,1869,269,7204
9633,6018,2874,5608,7916,1812
9633,6018,2874,3479,2892,573
9633,6018,2874,8583,4116,2051
9633,6018,2874,333,3950,7036
9633,6018,2874,6887,9564,189
9633,6018,2874,1253,2210,8001
9633,6018,2874,1550,6778,9754
9633,6018,2874,3419,727,8684
9633,6018,2874,4453,7897,6903
9633,6018,2874,4200,1636,5474
9633,6018,2874,5319,7361,7102
9633,6018,2874,8982,4883,2621
9633,6018,2874,8179,5123,6015
9633,6018,2874,1458,6315,4042
9633,6018,2874,4093,7585,858
9633,6018,2874,714,1374,7246
9633,6018,2874,745,7267,1875
9633,6018,2874,1985,461,381
9633,6018,2874,2735,6025,5661
9633,6018,2874,4047,7242,817
9633,6018,2874,2871,1296,1433
9633,6018,2874,8623,8894,5279
9633,6018,2874,4187,1707,5093
9633,6018,2874,1883,2293,8375
9633,6018,2874,7101,1941,6551
9633,6018,2874,6205,2108,9522
9633,6018,2874,3238,5638,9713
9633,6018,2874,5808,3824,348
9633,6018,2874,203,3223,1155
9633,6018,2874,841,7792,1293
9633,6018,2874,8657,6416,9850
9633,6018,2874,2188,223,71
9633,6018,2874,4413,9775,4130
9633,6018,2874,4894,9574,9122
9633,6018,2874,4077,212,2587
9633,6018,2874,9091,8198,3526
9633,6018,2874,2010,3096,4684
9633,6018,2874,2,2956,3580
9633,6018,2874,2296,1454,9640
9633,6018,2874,1370,6132,8705
9633,6018,2874,8795,6210,3750
9633,6018,2874,4099,2408,6820
9633,6018,2874,3903,3972,8800
9633,6018,2874,2005,90,8067
9633,6018,2874,5643,8866,3592
9633,6018,2874,5903,9371,4379
9633,6018,2874,3539,5787,6342
9633,6018,2874,4328,2419,2304
9633,6018,2874,8421,9944,4906
9633,6018,2874,6718,2485,7646
9633,6018,2874,6197,4013,2648
9633,6018,2874,5704,4277,1654
9633,6018,2874,7922,12,3250
9633,6018,2874,8880,5401,3983
9633,6018,2874,1772,381,3201
9633,6018,2874,9654,5530,6544
9633,6018,2874,7570,9936,8397
9633,6018,2874,9093,3115,7030
9633,6018,2874,3567,2492,4687
9633,6018,2874,3452,1535,7739
9633,6018,2874,7498,886,5219
9633,6018,2874,3998,9454,2141
9633,6018,2874,8561,3237,7784
9633,6018,2874,8218,8869,4980
9633,6018,2874,4485,5592,4330
9633,6018,2874,4172,5000,9953
9633,6018,2874,5878,61,6960
9633,6018,2874,8283,7812,4045
9633,6018,2874,6327,3457,3131
9633,6018,2874,2949,2639,825
9633,6018,2874,9957,2711,5019
9633,6018,2874,2950,8494,2811
9633,6018,2874,8975,2867,9289
9633,6018,2874,5417,1654,5396
9633,6018,2874,237,2878,494
9633,6018,2874,2636,1420,3884
9633,6018,2874,9198,5049,3905
9633,6018,2874,3489,852,6516
9633,6018,2874,6665,3830,7150
9633,6018,2874,4066,3225,9803
9633,6018,2874,7998,6579,1991
9633,6018,2874,6924,8197,5329
9633,6018,2874,8151,7223,5336
9633,6018,2874,245,2623,6852
9633,6018,2874,1473,1874,1588
9633,6018,2874,4325,2303,7620
9633,6018,2874,636,5531,4336
9633,6018,2874,3240,9592,544
9633,6018,2874,1299,2541,197
9633,6018,2874,9939,6157,1793
9633,6018,2874,7460,6432,8991
9633,6018,2874,2911,7609,2880
9633,6018,2874,3060,4467,2029
9633,6018,2874,4549,2716,7182
9633,6018,2874,7383,7732,5401
9633,6018,2874,9299,6640,4238
9633,6018,2874,9860,5042,8708
9633,6018,2874,8691,5583,4418
9633,6018,2874,5012,839,3901
9633,6018,2874,3234,1850,7025
9633,6018,2874,1903,2898,1406
9633,6018,2874,1395,6271,6734
9633,6018,2874,6618,7249,47
9633,6018,2874,213,1061,7590
9633,6018,2874,5439,6093,146
9633,6018,2874,3142,7209,6111
9633,6018,2874,5564,2503,1667
9633,6018,2874,6774,3391,1192
9633,6018,2874,6632,112,3610
9633,6018,2874,9001,5317,4082
9633,6018,2874,9636,2457,4063
9633,6018,2874,171,361,8258
9633,6018,2874,6584,8319,451
9633,6018,2874,2836,863,1609
9633,6018,2874,2009,9637,433
9633,6018,2874,6112,1519,9415
9633,6018,2874,6387,5886,8941
9633,6018,2874,9225,5427,1360
9633,6018,2874,2990,3895,419
9633,6018,2874,6216,1265,7864
9633,6018,2874,6844,1033,9830
9633,6018,2874,4425,8323,533
9633,6018,2874,9970,2578,6533
9633,6018,2874,331,9103,4144
9633,6018,2874,3838,9341,1154
9633,6018,2874,6777,6242,2369
9633,6018,2874,7228,6283,1833
9633,6018,2874,7276,1492,2995
9633,6018,2874,8141,6940,5782
9633,6018,2874,7368,7161,6881
9633,6018,2874,8197,219,7465
9633,6018,2874,9511,2727,1786
9633,6018,2874,9360,7176,3062
9633,6018,2874,3753,1177,7396
9633,6018,2874,6280,3344,8639
9633,6018,2874,6595,5490,2147
9633,6018,2874,8717,7817,6858
9633,6018,2874,5844,575,1409
9633,6018,2874,359,1832,5057
9633,6018,2874,3769,2761,9737
9633,6018,2874,7384,3253,4322
9633,6018,2874,4625,8656,7505
9633,6018,2874,2470,6794,5285
9633,6018,2874,5004,4743,7530
9633,6018,2874,6252,1440,3735
9633,6018,2874,924,1932,6593
9633,6018,2874,7032,7468,1105
9633,6018,2874,8506,9872,8384
9633,6018,2874,8705,9542,4818
9633,6018,2874,7910,3769,6839
9633,6018,2874,9225,8301,6888
9633,6018,2874,426,9482,4372
9633,6018,2874,4047,3967,7293
9633,6018,2874,8482,3688,2777
9633,6018,2874,460,7701,9529
9633,6018,2874,34,9804,5955
9633,6018,2874,250,1760,317
9633,6018,2874,6830,7590,3561
9633,6018,2874,4946,1214,9002
9633,6018,2874,1678,5644,4958
9633,6018,2874,6867,4863,6129
9633,6018,2874,8299,3466,8956
9633,6018,2874,1712,7003,3007
9633,6018,2874,8825,4406,7852
9633,6018,2874,9163,2083,9089
9633,6018,2874,6312,1199,3730
9633,6018,2874,5728,3977,6742
9633,6018,2874,7409,8409,6387
9633,6018,2874,4448,2927,7090
9633,6018,2874,337,4802,7611
9633,6018,2874,1595,7608,23
9633,6018,2874,1506,5985,9749
9633,6018,2874,5257,6741,1475
9633,6018,2874,9422,6921,9382
9633,6018,2874,705,1263,2425
9633,6018,2874,3800,4387,892
9633,6018,2874,4776,9629,8359
9633,6018,2874,5877,4632,2745
9633,6018,2874,4538,904,5751
9633,6018,2874,8728,2192,9724
9633,6018,2874,1626,2,2313
9633,6018,2874,8492,799,8681
9633,6018,2874,7447,8997,6842
9633,6018,2874,6836,5012,8949
9633,6018,2874,1837,7552,8904
9633,6018,2874,9454,7382,7069
9633,6018,2874,6074,5589,236
9633,6018,2874,5336,936,6543
9633,6018,2874,1834,5032,9817
9633,6018,2874,536,6681,5772
9633,6018,2874,4456,1769,5349
9633,6018,2874,6655,5892,7576
9633,6018,2874,9353,7468,7663
9633,6018,2874,6467,5599,4266
9633,6018,2874,6096,2136,4604
9633,6018,2874,4266,8984,6333
9633,6018,2874,7936,1731,70
9633,6018,2874,694,9853,1002
9633,6018,2874,4552,8829,7951
9633,6018,2874,2425,4408,4452
9633,6018,2874,4911,7535,7727
9633,6018,2874,6726,1363,2367
9633,6018,2874,995,2499,4471
9633,6018,2874,6798,1178,4523
9633,6018,2874,2273,1214,940
9633,6018,2874,8730,3211,4711
9633,6018,2874,6656,3988,1361
9633,6018,2874,9183,3256,6870
9633,6018,2874,4105,956,4173
9633,6018,2874,813,3793,8609
9633,6018,2874,4784,1457,6082
9633,6018,2874,8054,4900,9293
9633,6018,2874,8914,5960,4433
9633,6018,2874,59,1513,1910
9633,6018,2874,9829,5838,4543
9633,6018,2874,4454,716,9573
9633,6018,2874,1986,1031,4192
9633,6018,2874,6097,4657,490
9633,6018,2874,4938,4520,7044
9633,6018,2874,6669,9952,534
9633,6018,2874,6242,8553,7967
9633,6018,2874,4225,9496,1743
9633,6018,2874,7119,65,4558
9633,6018,2874,1991,1127,7623
9633,6018,2874,5670,1654,545
9633,6018,2874,3244,4518,3306
9633,6018,2874,9385,4563,2877
9633,6018,2874,9895,6107,1858
9633,6018,2874,5608,6457,1470
9633,6018,2874,6000,365,9018
9633,6018,2874,8779,9411,1308
9633,6018,2874,6060,9397,239
9633,6018,2874,350,9918,1333
9633,6018,2874,9053,6199,1164
9633,6018,2874,5226,0,6054
9633,6018,2874,167,4964,9812
9633,6018,2874,14,8771,5892
