8249,1010,1149,7764,3023,1725
8249,1010,1149,279,5412,6986
8249,1010,1149,4725,4511,4215
8249,1010,1149,3631,961,7960
8249,1010,1149,717,6165,9759
8249,1010,1149,5377,7839,6640
8249,1010,1149,9390,1363,4094
8249,1010,1149,185,1997,221
8249,1010,1149,6036,5185,7032
8249,1010,1149,4679,2130,430
8249,1010,1149,792,3068,3996
8249,1010,1149,9631,6832,9041
8249,1010,1149,4263,3356,4273
8249,1010,1149,1903,4994,297
8249,1010,1149,7166,4634,1178
8249,1010,1149,9312,6186,1583
8249,1010,1149,7860,8553,495
8249,1010,1149,4826,645,6652
8249,1010,1149,6625,9163,7237
8249,1010,1149,1079,8428,6552
8249,1010,1149,1003,984,5386
8249,1010,1149,250,8186,4994
8249,1010,1149,121,3828,5189
8249,1010,1149,7897,2289,8241
8249,1010,1149,9215,3271,1785
8249,1010,1149,897,7079,5690
8249,1010,1149,7436,7548,5001
8249,1010,1149,6506,767,285
8249,1010,1149,2128,8312,5121
8249,1010,1149,3510,3277,8036
8249,1010,1149,1080,1209,3542
8249,1010,1149,5204,3357,710
8249,1010,1149,9940,1123,9276
8249,1010,1149,3952,1053,804
8249,1010,1149,1378,3381,868
8249,1010,1149,4926,1254,9879
8249,1010,1149,494,5483,4496
8249,1010,1149,9191,1499,4330
8249,1010,1149,8501,3907,6376
8249,1010,1149,3473,5347,2415
8249,1010,1149,2372,8701,3593
8249,1010,1149,9998,9702,728
8249,1010,1149,5687,5886,948
8249,1010,1149,5905,9061,5218
8249,1010,1149,1540,8708,7214
8249,1010,1149,8459,3505,9462
8249,1010,1149,237,8711,2197
8249,1010,1149,21,2378,8692
8249,1010,1149,4220,6442,7461
8249,1010,1149,3009,541,9828
8249,1010,1149,6468,2150,8037
8249,1010,1149,5415,9702,4950
8249,1010,1149,9205,907,422
8249,1010,1149,8112,8632,9763
8249,1010,1149,508,5718,4384
8249,1010,1149,4406,1553,8832
8249,1010,1149,8743,5727,9519
8249,1010,1149,7901,9430,4164
8249,1010,1149,8598,9800,6952
8249,1010,1149,4379,4724,5737
8249,1010,1149,6042,4511,4290
8249,1010,1149,8192,7012,5841
8249,1010,1149,6812,7859,4280
8249,1010,1149,7218,1644,4109
8249,1010,1149,5851,386,796
8249,1010,1149,9086,2211,9617
8249,1010,1149,6995,9890,3449
8249,1010,1149,9668,132,8430
8249,1010,1149,2076,3050,5107
8249,1010,1149,3021,7385,2644
8249,1010,1149,5974,6504,4975
8249,1010,1149,7371,6069,3355
8249,1010,1149,3578,8686,3403
8249,1010,1149,6968,1261,2985
8249,1010,1149,8531,995,3623
8249,1010,1149,768,2419,7218
8249,1010,1149,2683,3333,900
8249,1010,1149,4477,8873,2230
8249,1010,1149,7407,3428,5213
8249,1010,1149,1414,1399,5371
8249,1010,1149,4022,788,4566
8249,1010,1149,9229,7851,6265
8249,1010,1149,7700,3420,404
8249,1010,1149,3477,2485,5762
8249,1010,1149,390,1801,6644
8249,1010,1149,835,6376,6093
8249,1010,1149,912,6444,5029
8249,1010,1149,7015,5093,229
8249,1010,1149,5984,3651,1231
8249,1010,1149,8364,41,8633
8249,1010,1149,7828,1587,5313
8249,1010,1149,8335,3434,7993
8249,1010,1149,8771,3699,8212
8249,1010,1149,8811,5772,3668
8249,1010,1149,692,4265,7734
8249,1010,1149,4008,8517,1738
8249,1010,1149,6964,8545,4804
8249,1010,1149,7482,8810,8039
8249,1010,1149,9612,1762,6594
8249,1010,1149,4280,9196,1781
8249,1010,1149,2289,8502,5469
8249,1010,1149,1558,6566,5923
8249,1010,1149,7244,1963,3005
8249,1010,1149,6291,6355,5130
8249,1010,1149,5976,2428,3134
8249,1010,1149,9977,8531,5426
8249,1010,1149,486,2103,3160
8249,1010,1149,3420,2256,6384
8249,1010,1149,6911,8113,1953
8249,1010,1149,8167,9021,5030
8249,1010,1149,3005,5350,3602
8249,1010,1149,3372,2992,5692
8249,1010,1149,1541,4708,1986
8249,1010,1149,6372,5246,6938
8249,1010,1149,6158,4853,861
8249,1010,1149,7734,3093,3494
8249,1010,1149,9704,3070,1285
8249,1010,1149,4931,1442,5019
8249,1010,1149,2088,5254,766
8249,1010,1149,9964,7138,4280
8249,1010,1149,2269,1121,1004
8249,1010,1149,1210,9024,1142
8249,1010,1149,8978,6500,437
8249,1010,1149,9817,7279,2658
8249,1010,1149,9187,9522,8595
8249,1010,1149,7087,1589,8777
8249,1010,1149,1804,4050,2150
8249,1010,1149,8800,6869,7167
8249,1010,1149,1478,7366,4730
8249,1010,1149,2575,8737,1127
8249,1010,1149,2179,8632,2314
8249,1010,1149,2219,7211,8939
8249,1010,1149,3157,5256,4477
8249,1010,1149,4585,4726,4496
8249,1010,1149,2278,7609,8853
8249,1010,1149,7679,4385,8494
8249,1010,1149,961,1675,8466
8249,1010,1149,7292,8167,3190
8249,1010,1149,4848,3696,5454
8249,1010,1149,9033,8637,5472
8249,1010,1149,3180,2790,3529
8249,1010,1149,5953,6603,5571
8249,1010,1149,9980,8138,261
8249,1010,1149,9989,6720,7915
8249,1010,1149,5435,200,1355
8249,1010,1149,5190,181,8284
8249,1010,1149,9953,4432,4098
8249,1010,1149,8954,626,4053
8249,1010,1149,1894,7337,4865
8249,1010,1149,2065,8101,8472
8249,1010,1149,1234,5114,981
8249,1010,1149,5440,6782,3121
8249,1010,1149,2325,141,4748
8249,1010,1149,8783,4102,6297
8249,1010,1149,8440,9804,9057
8249,1010,1149,3052,9865,7382
8249,1010,1149,2198,6532,998
8249,1010,1149,5580,1685,179
8249,1010,1149,8038,8135,3520
8249,1010,1149,4880,7793,6179
8249,1010,1149,6175,9138,5331
8249,1010,1149,6204,318,5533
8249,1010,1149,3667,4283,1527
8249,1010,1149,7281,2070,2878
8249,1010,1149,2815,8645,6204
8249,1010,1149,3121,8000,6521
8249,1010,1149,5349,8770,3826
8249,1010,1149,636,7856,459
8249,1010,1149,5437,9909,5521
8249,1010,1149,759,322,5493
8249,1010,1149,1947,1783,2943
8249,1010,1149,3456,8688,6085
8249,1010,1149,9808,9776,4815
8249,1010,1149,4801,5393,9941
8249,1010,1149,1908,8969,6765
8249,1010,1149,2390,8960,2724
8249,1010,1149,2183,986,9922
8249,1010,1149,3393,8145,9997
8249,1010,1149,6592,1286,5628
8249,1010,1149,1391,3107,5899
8249,1010,1149,4425,1534,9995
8249,1010,1149,3095,9972,3926
8249,1010,1149,425,4984,8499
8249,1010,1149,8252,6298,4370
8249,1010,1149,6738,4892,8898
8249,1010,1149,6107,6017,3227
8249,1010,1149,6371,5980,4096
8249,1010,1149,2261,4562,4261
8249,1010,1149,5805,6215,9742
8249,1010,1149,7879,1342,7292
8249,1010,1149,298,1501,7379
8249,1010,1149,8615,7768,1509
8249,1010,1149,7151,2781,9511
8249,1010,1149,6665,2553,8694
8249,1010,1149,4393,8976,9218
8249,1010,1149,8390,324,657
8249,1010,1149,9734,7181,6593
8249,1010,1149,3659,5787,3741
8249,1010,1149,4872,4333,3444
8249,1010,1149,3558,6806,9206
8249,1010,1149,9845,2932,2214
8249,1010,1149,4808,676,1771
8249,1010,1149,252,1916,5717
8249,1010,1149,8497,1946,8058
8249,1010,1149,8178,4998,3815
8249,1010,1149,7697,3963,8077
8249,1010,1149,8628,1199,3811
8249,1010,1149,5913,1379,1377
8249,1010,1149,8532,1270,6298
8249,1010,1149,5287,2341,9819
8249,1010,1149,5750,5444,1905
8249,1010,1149,3317,2299,6818
8249,1010,1149,2804,2819,2720
8249,1010,1149,4341,2735,4663
8249,1010,1149,4940,2827,7208
8249,1010,1149,4432,7713,3736
8249,1010,1149,3722,2357,7676
8249,1010,1149,7635,723,1775
8249,1010,1149,6317,2492,6594
8249,1010,1149,47,1110,3417
8249,1010,1149,9906,8781,1039
8249,1010,1149,1986,563,3764
8249,1010,1149,8784,5449,2217
8249,1010,1149,9290,3624,9954
8249,1010,1149,9662,1108,1639
8249,1010,1149,6859,2975,2907
8249,1010,1149,6820,7078,4429
8249,1010,1149,3069,5438,551
8249,1010,1149,3011,3281,8392
8249,1010,1149,161,7973,4251
8249,1010,1149,7790,5781,3857
8249,1010,1149,5243,9140,6123
8249,1010,1149,8285,9697,3398
8249,1010,1149,2,9310,7776
8249,1010,1149,2657,5927,4826
8249,1010,1149,3860,5295,3666
8249,1010,1149,1277,5412,4379
8249,1010,1149,1356,8084,4539
8249,1010,1149,9942,181,8977
8249,1010,1149,7382,9469,9005
8249,1010,1149,4930,4885,5699
8249,1010,1149,5339,7882,3018
8249,1010,1149,7317,8118,6201
8249,1010,1149,5743,2754,8635
8249,1010,1149,1855,5346,5968
8249,1010,1149,6536,9685,877
8249,1010,1149,3993,9265,541
8249,1010,1149,4216,7291,4518
8249,1010,1149,7887,9175,4554
8249,1010,1149,5908,7700,6477
8249,1010,1149,3372,3472,6893
8249,1010,1149,4155,10000,5551
8249,1010,1149,4279,5483,2069
8249,1010,1149,3586,4186,9674
8249,1010,1149,5505,1740,4051
8249,1010,1149,6727,4362,7708
8249,1010,1149,4691,6624,5599
8249,1010,1149,9120,6806,1464
8249,1010,1149,5192,4771,9579
8249,1010,1149,8075,7647,7240
8249,1010,1149,4901,857,1536
8249,1010,1149,6894,4518,8873
8249,1010,1149,786,8291,2981
8249,1010,1149,2053,7615,3797
8249,1010,1149,4087,2111,7285
8249,1010,1149,8351,5502,1710
8249,1010,1149,2207,2419,3542
8249,1010,1149,4572,328,2697
8249,1010,1149,1721,8444,3294
8249,1010,1149,3854,8559,3073
8249,1010,1149,5099,3459,6253
8249,1010,1149,8620,7936,8613
8249,1010,1149,9361,3897,2166
8249,1010,1149,4442,2682,4267
8249,1010,1149,4007,3754,7037
8249,1010,1149,3257,3869,590
8249,1010,1149,8419,2657,7955
8249,1010,1149,8178,1059,706
8249,1010,1149,4610,8435,4777
8249,1010,1149,4639,6702,9911
8249,1010,1149,465,3501,1498
8249,1010,1149,9057,168,6121
8249,1010,1149,9643,7183,4409
8249,1010,1149,3533,8003,4588
8249,1010,1149,9698,4266,5029
8249,1010,1149,9567,8233,5662
8249,1010,1149,4560,1154,2591
8249,1010,1149,2210,4265,9953
8249,1010,1149,5428,7402,1200
8249,1010,1149,1205,9126,5630
8249,1010,1149,7396,3074,8914
8249,1010,1149,3313,4197,6469
8249,1010,1149,6966,507,691
8249,1010,1149,7053,7288,3758
8249,1010,1149,2219,212,7852
8249,1010,1149,6402,7363,8985
8249,1010,1149,2852,485,1353
8249,1010,1149,1000,8294,324
8249,1010,1149,2224,8429,5147
8249,1010,1149,5852,594,4510
8249,1010,1149,6751,4288,5935
8249,1010,1149,8795,4534,7537
8249,1010,1149,9567,1658,5342
8249,1010,1149,8474,7249,6996
8249,1010,1149,5400,7300,865
8249,1010,1149,394,6893,8808
8249,1010,1149,6804,5559,5906
8249,1010,1149,5215,1559,2509
8249,1010,1149,5092,2296,2700
8249,1010,1149,2632,6520,7800
8249,1010,1149,3585,8418,9674
8249,1010,1149,1904,2596,342
8249,1010,1149,2241,6634,2916
8249,1010,1149,231,7385,5719
8249,1010,1149,5021,2314,2368
8249,1010,1149,1408,3635,3626
8249,1010,1149,7910,8085,7122
8249,1010,1149,3002,1863,8669
8249,1010,1149,2968,8256,7215
8249,1010,1149,415,3948,7873
8249,1010,1149,5362,423,8059
8249,1010,1149,8981,1574,6933
8249,1010,1149,2928,8773,3050
8249,1010,1149,5870,4137,3951
8249,1010,1149,7667,6163,4722
8249,1010,1149,3902,4264,2005
8249,1010,1149,9026,6193,5899
8249,1010,1149,4240,5960,8286
8249,1010,1149,3102,4725,8163
8249,1010,1149,640,3753,9369
8249,1010,1149,3420,2672,4634
8249,1010,1149,8068,186,4484
8249,1010,1149,8701,2575,889
8249,1010,1149,7249,5194,4757
8249,1010,1149,1596,8078,4100
8249,1010,1149,2941,7333,3515
8249,1010,1149,7414,3767,308
8249,1010,1149,3234,8260,9547
8249,1010,1149,939,6306,8
8249,1010,1149,4715,5681,4187
8249,1010,1149,8940,8196,1992
8249,1010,1149,1795,1401,7430
8249,1010,1149,133,8859,3633
8249,1010,1149,4444,4232,7636
8249,1010,1149,1161,2874,9043
8249,1010,1149,5578,9638,2396
8249,1010,1149,5266,9150,5714
8249,1010,1149,6587,6220,4498
8249,1010,1149,9370,3319,8777
8249,1010,1149,49,184,6374
8249,1010,1149,8175,8411,5898
8249,1010,1149,9252,1621,9631
8249,1010,1149,7071,1457,3242
8249,1010,1149,4860,9126,7846
8249,1010,1149,6896,1747,1587
8249,1010,1149,1935,248,4321
8249,1010,1149,1141,3371,5770
8249,1010,1149,2313,9519,2567
8249,1010,1149,2182,328,1069
8249,1010,1149,7384,8626,2039
8249,1010,1149,9018,81,1727
8249,1010,1149,2267,7230,8601
8249,1010,1149,6487,2913,966
8249,1010,1149,1303,3294,8243
8249,1010,1149,5099,822,3147
8249,1010,1149,9473,6141,5617
8249,1010,1149,9613,4954,2616
8249,1010,1149,9209,9949,5391
8249,1010,1149,6483,8032,51
8249,1010,1149,188,6006,2860
8249,1010,1149,1965,4799,7205
8249,1010,1149,9815,1098,3790
8249,1010,1149,2599,6373,2964
8249,1010,1149,5963,8262,9440
8249,1010,1149,4765,8174,8936
8249,1010,1149,2517,6278,1258
8249,1010,1149,3719,5914,8345
8249,1010,1149,4430,1000,7506
8249,1010,1149,1852,8469,5852
8249,1010,1149,671,1348,2495
8249,1010,1149,6593,9791,4548
8249,1010,1149,3693,5602,6473
8249,1010,1149,7488,9933,3948
8249,1010,1149,9633,8761,7701
8249,1010,1149,9396,3779,4999
8249,1010,1149,7258,3252,6989
8249,1010,1149,132,8845,8260
8249,1010,1149,1281,3373,8344
8249,1010,1149,3093,9333,5647
8249,1010,1149,7616,7434,1706
8249,1010,1149,7932,3755,7111
8249,1010,1149,7298,2455,9845
8249,1010,1149,9696,813,3015
8249,1010,1149,2962,3383,93
8249,1010,1149,4129,896,5704
8249,1010,1149,3243,6175,1633
8249,1010,1149,3736,9409,7353
8249,1010,1149,8986,6316,1309
8249,1010,1149,3994,1362,6115
8249,1010,1149,8079,2563,6937
8249,1010,1149,2368,3182,6450
8249,1010,1149,3321,356,4137
8249,1010,1149,1574,4363,605
8249,1010,1149,6329,6650,3540
8249,1010,1149,5468,9466,2526
8249,1010,1149,5642,4373,4051
8249,1010,1149,7473,2542,7980
8249,1010,1149,8501,6131,1108
8249,1010,1149,6725,5627,153
8249,1010,1149,6968,8324,9128
8249,1010,1149,3749,2096,1023
8249,1010,1149,4601,9949,9618
8249,1010,1149,9294,1935,5498
8249,1010,1149,3726,6000,7109
8249,1010,1149,8215,1723,2181
8249,1010,1149,9638,8453,8292
8249,1010,1149,3143,4503,2716
8249,1010,1149,5809,4092,9202
8249,1010,1149,8289,2563,7709
8249,1010,1149,8266,4959,6957
8249,1010,1149,2191,1317,7527
8249,1010,1149,2199,6215,373
8249,1010,1149,1086,113,2465
8249,1010,1149,4511,7933,4308
8249,1010,1149,4809,8389,314
8249,1010,1149,8675,912,6467
8249,1010,1149,6115,5708,7571
8249,1010,1149,8039,6566,9566
8249,1010,1149,7077,8331,2049
8249,1010,1149,7521,5009,3795
8249,1010,1149,2636,4564,7336
8249,1010,1149,8155,9025,3944
8249,1010,1149,2183,4436,8196
8249,1010,1149,2470,9802,9884
8249,1010,1149,3520,9150,3209
8249,1010,1149,2589,3742,7656
8249,1010,1149,6491,278,2024
8249,1010,1149,3894,4506,3423
8249,1010,1149,1074,3118,8219
8249,1010,1149,1554,4262,8067
8249,1010,1149,4996,5689,2288
8249,1010,1149,3808,918,9732
8249,1010,1149,8803,5504,7821
8249,1010,1149,21,515,4836
8249,1010,1149,4641,1594,7779
8249,1010,1149,9267,1179,5083
8249,1010,1149,10,4957,6258
8249,1010,1149,3202,5970,5460
8249,1010,1149,581,9474,9715
8249,1010,1149,9740,9290,4439
8249,1010,1149,3014,22,9098
8249,1010,1149,6468,9843,9242
8249,1010,1149,6424,873,8186
8249,1010,1149,1591,2408,894
8249,1010,1149,862,55,6927
8249,1010,1149,6245,846,6400
8249,1010,1149,8955,7619,7363
8249,1010,1149,5989,6715,9199
8249,1010,1149,2700,6579,5846
8249,1010,1149,3881,408,6001
8249,1010,1149,4868,2650,4791
8249,1010,1149,8806,763,7897
8249,1010,1149,1189,5436,983
8249,1010,1149,1353,352,7973
8249,1010,1149,6692,6961,3155
8249,1010,1149,4129,7232,60
8249,1010,1149,2512,6796,5420
8249,1010,1149,5789,6864,9739
8249,1010,1149,2433,8472,891
8249,1010,1149,8752,9944,7154
8249,1010,1149,3863,2878,7320
8249,1010,1149,3778,156,3252
8249,1010,1149,8354,4056,9992
8249,1010,1149,5508,8929,2052
8249,1010,1149,3514,3124,9701
8249,1010,1149,5658,9257,6419
8249,1010,1149,6559,4119,1329
8249,1010,1149,734,2880,8751
8249,1010,1149,2250,4860,5174
8249,1010,1149,4274,2824,4378
8249,1010,1149,6979,8212,8750
8249,1010,1149,4467,8030,5373
8249,1010,1149,5065,4875,5950
8249,1010,1149,7700,5887,9380
8249,1010,1149,8484,233,1227
8249,1010,1149,3383,2272,3108
8249,1010,1149,4191,3334,2075
8249,1010,1149,7519,4728,1211
8249,1010,1149,3760,4082,5552
8249,1010,1149,6288,5254,5777
8249,1010,1149,4593,372,5083
8249,1010,1149,1571,8961,3082
8249,1010,1149,3157,4317,5008
8249,1010,1149,4580,4700,6242
8249,1010,1149,4915,9212,6566
8249,1010,1149,2637,2348,6595
8249,1010,1149,352,1343,7440
8249,1010,1149,7775,285,2165
8249,1010,1149,2135,9176,6138
8249,1010,1149,277,6176,9169
8249,1010,1149,5589,4102,2698
8249,1010,1149,9109,4658,7847
8249,1010,1149,4175,8439,2407
8249,1010,1149,4554,6951,9642
8249,1010,1149,2094,2118,6030
8249,1010,1149,2913,9168,4449
8249,1010,1149,4885,2497,2043
8249,1010,1149,8244,5851,4507
8249,1010,1149,5839,2841,9384
8249,1010,1149,6827,7678,8984
