8249,1010,1149,2535,4104,3368
8249,1010,1149,5503,5492,9287
8249,1010,1149,252,2017,1428
8249,1010,1149,9981,6635,2143
8249,1010,1149,3305,6263,393
8249,1010,1149,1698,4143,8636
8249,1010,1149,4452,7457,8409
8249,1010,1149,8364,7673,7365
8249,1010,1149,3707,218,3175
8249,1010,1149,1547,9074,8844
8249,1010,1149,7318,2722,8211
8249,1010,1149,2452,7638,2322
8249,1010,1149,7765,6857,8663
8249,1010,1149,6092,7826,4370
8249,1010,1149,3374,4845,2336
8249,1010,1149,6998,3278,9641
8249,1010,1149,6017,4909,3303
8249,1010,1149,2426,4677,4620
8249,1010,1149,9004,5574,6561
8249,1010,1149,4899,866,6337
8249,1010,1149,7901,8145,7514
8249,1010,1149,980,9868,3723
8249,1010,1149,5894,4321,8038
8249,1010,1149,9896,4483,6597
8249,1010,1149,2113,8283,6297
8249,1010,1149,9322,2764,7787
8249,1010,1149,3821,728,2696
8249,1010,1149,3902,8264,3398
8249,1010,1149,352,7879,4990
8249,1010,1149,879,4684,4664
8249,1010,1149,9573,9032,9160
8249,1010,1149,2812,2085,2081
8249,1010,1149,8056,5199,3053
8249,1010,1149,5637,7618,9226
8249,1010,1149,4828,1855,1699
8249,1010,1149,2046,3670,7190
8249,1010,1149,1835,5833,6066
8249,1010,1149,6076,5861,2783
8249,1010,1149,5622,7287,5475
8249,1010,1149,6389,2067,211
8249,1010,1149,3514,4826,2984
8249,1010,1149,3614,2712,3242
8249,1010,1149,5977,9892,8968
8249,1010,1149,408,8354,8587
8249,1010,1149,3727,9744,2586
8249,1010,1149,555,7454,5350
8249,1010,1149,6727,6527,8105
8249,1010,1149,6795,9294,5425
8249,1010,1149,3953,4680,9119
8249,1010,1149,1578,9719,8313
8249,1010,1149,6679,4959,1267
8249,1010,1149,5487,5338,4078
8249,1010,1149,3932,5057,8973
8249,1010,1149,6309,2605,2268
8249,1010,1149,4638,141,7642
8249,1010,1149,3970,1284,5802
8249,1010,1149,6125,8903,7819
8249,1010,1149,3311,5032,1744
8249,1010,1149,2378,1965,1445
8249,1010,1149,6658,5723,2233
8249,1010,1149,1166,3478,2326
8249,1010,1149,274,605,9532
8249,1010,1149,2200,216,3372
8249,1010,1149,4108,8374,2118
8249,1010,1149,1334,187,1242
8249,1010,1149,8208,9053,917
8249,1010,1149,651,6146,9737
8249,1010,1149,3051,6330,3997
8249,1010,1149,7612,6967,8667
8249,1010,1149,6472,820,6214
8249,1010,1149,7350,7525,8260
8249,1010,1149,7968,2102,6150
8249,1010,1149,8258,9920,1346
8249,1010,1149,5321,788,2935
8249,1010,1149,4551,2254,4340
8249,1010,1149,8898,6828,9492
8249,1010,1149,7884,9329,7024
8249,1010,1149,4237,9865,3437
8249,1010,1149,5442,7729,9046
8249,1010,1149,7843,5268,1522
8249,1010,1149,1224,478,320
8249,1010,1149,6112,5349,1397
8249,1010,1149,5748,3354,1145
8249,1010,1149,438,9573,4262
8249,1010,1149,2336,7438,4097
8249,1010,1149,4042,5416,6631
8249,1010,1149,1502,981,973
8249,1010,1149,1923,135,2184
8249,1010,1149,4877,4396,4512
8249,1010,1149,1075,3685,5571
8249,1010,1149,991,2082,1983
8249,1010,1149,1489,7538,1335
8249,1010,1149,6025,5369,8942
8249,1010,1149,7106,6925,7924
8249,1010,1149,6947,7511,763
8249,1010,1149,3354,447,9841
8249,1010,1149,4506,8265,3483
8249,1010,1149,6769,8361,4805
8249,1010,1149,7991,8345,6361
8249,1010,1149,760,139,4545
8249,1010,1149,3240,131,1644
8249,1010,1149,1268,7409,2006
8249,1010,1149,9189,1899,3283
8249,1010,1149,583,4974,7476
8249,1010,1149,5652,3627,6694
8249,1010,1149,1221,3366,7555
8249,1010,1149,2112,5900,2861
8249,1010,1149,5951,9079,4442
8249,1010,1149,409,7079,8112
8249,1010,1149,1610,2827,6331
8249,1010,1149,6083,3782,1715
8249,1010,1149,6090,9672,8473
8249,1010,1149,1852,7404,2136
8249,1010,1149,4479,4236,7289
8249,1010,1149,512,7531,8019
8249,1010,1149,9280,5765,5698
8249,1010,1149,7563,7265,6215
8249,1010,1149,2389,9211,3043
8249,1010,1149,6432,3588,4257
8249,1010,1149,7804,3642,3897
8249,1010,1149,6139,8307,6182
8249,1010,1149,9316,3321,6010
8249,1010,1149,4669,2356,8207
8249,1010,1149,1629,2944,1327
8249,1010,1149,1368,4104,8643
8249,1010,1149,7413,6865,3391
8249,1010,1149,1327,5335,6088
8249,1010,1149,7067,8272,1796
8249,1010,1149,6610,409,407
8249,1010,1149,5738,3249,1768
8249,1010,1149,136,4426,7365
8249,1010,1149,829,8576,3135
8249,1010,1149,7247,3182,2264
8249,1010,1149,1893,8034,6793
8249,1010,1149,7726,6575,3230
8249,1010,1149,7223,5718,2347
8249,1010,1149,8792,7920,4413
8249,1010,1149,159,5489,2739
8249,1010,1149,805,5256,8138
8249,1010,1149,4969,963,8868
8249,1010,1149,2462,6426,1811
8249,1010,1149,3595,8599,6634
8249,1010,1149,4010,4907,8350
8249,1010,1149,8430,7701,135
8249,1010,1149,6998,1136,5616
8249,1010,1149,1064,3553,1233
8249,1010,1149,5486,2557,1998
8249,1010,1149,8419,2723,6695
8249,1010,1149,7779,8565,2810
8249,1010,1149,3725,8374,6790
8249,1010,1149,8351,3340,5064
8249,1010,1149,2766,7113,796
8249,1010,1149,9884,1067,6511
8249,1010,1149,3938,7154,4370
8249,1010,1149,8569,2486,7901
8249,1010,1149,3373,3105,3418
8249,1010,1149,6552,7871,5147
8249,1010,1149,1421,3717,4558
8249,1010,1149,3039,7198,4011
8249,1010,1149,9316,8829,617
8249,1010,1149,786,4385,5310
8249,1010,1149,5634,5830,4093
8249,1010,1149,804,5841,1031
8249,1010,1149,965,3548,4297
8249,1010,1149,3616,2381,2236
8249,1010,1149,3390,9820,2669
8249,1010,1149,5806,1806,5269
8249,1010,1149,990,8114,937
8249,1010,1149,4375,879,6031
8249,1010,1149,7125,4545,2183
8249,1010,1149,6733,9280,893
8249,1010,1149,7499,5831,293
8249,1010,1149,1977,9038,465
8249,1010,1149,1681,8250,6980
8249,1010,1149,2094,8645,5586
8249,1010,1149,546,4883,9690
8249,1010,1149,2679,9600,6476
8249,1010,1149,7923,121,6237
8249,1010,1149,6844,7873,2723
8249,1010,1149,5481,3898,691
8249,1010,1149,7705,5542,9719
8249,1010,1149,563,1810,2111
8249,1010,1149,883,9649,8203
8249,1010,1149,2190,8730,4767
8249,1010,1149,2716,9684,928
8249,1010,1149,6580,1037,5385
8249,1010,1149,627,5913,3613
8249,1010,1149,7354,2637,8916
8249,1010,1149,2148,1250,8046
8249,1010,1149,1540,2293,8147
8249,1010,1149,9630,7108,7572
8249,1010,1149,1472,7003,3367
8249,1010,1149,5566,5667,9938
8249,1010,1149,7156,8757,45
8249,1010,1149,8857,9930,3681
8249,1010,1149,9129,705,1691
8249,1010,1149,9601,4277,2249
8249,1010,1149,4876,4161,384
8249,1010,1149,2600,3982,8342
8249,1010,1149,567,5509,2257
8249,1010,1149,7457,1800,5278
8249,1010,1149,9509,6652,4541
8249,1010,1149,6292,1745,8186
8249,1010,1149,4241,5929,3117
8249,1010,1149,9108,9160,8977
8249,1010,1149,7796,2713,1417
8249,1010,1149,9494,6380,4335
8249,1010,1149,7646,3089,8048
8249,1010,1149,7088,1156,4619
8249,1010,1149,9207,1656,1060
8249,1010,1149,9637,7113,811
8249,1010,1149,956,2135,9664
8249,1010,1149,5516,7866,1706
8249,1010,1149,6071,8084,3156
8249,1010,1149,2472,4021,5223
8249,1010,1149,6403,3503,1841
8249,1010,1149,9751,6564,1451
8249,1010,1149,1051,7413,9375
8249,1010,1149,7316,6908,9730
8249,1010,1149,6491,5526,9716
8249,1010,1149,7727,9914,2725
8249,1010,1149,1817,455,9466
8249,1010,1149,5613,2441,6232
8249,1010,1149,5727,3776,7531
8249,1010,1149,381,9838,6987
8249,1010,1149,4257,1869,4363
8249,1010,1149,5077,1493,5180
8249,1010,1149,7989,9909,6482
8249,1010,1149,9280,9160,9194
8249,1010,1149,9484,6666,6613
8249,1010,1149,7894,655,8420
8249,1010,1149,975,7417,8783
8249,1010,1149,7230,4976,2815
8249,1010,1149,9285,1695,5329
8249,1010,1149,1070,979,4834
8249,1010,1149,7665,1744,7921
8249,1010,1149,7726,4808,8280
8249,1010,1149,2720,4805,6232
8249,1010,1149,9271,1635,1721
8249,1010,1149,4451,9364,2464
8249,1010,1149,292,5955,4517
8249,1010,1149,7655,3156,5525
8249,1010,1149,3064,5884,7234
8249,1010,1149,6211,6182,6839
8249,1010,1149,909,4037,6351
8249,1010,1149,345,9384,6665
8249,1010,1149,2693,4380,3847
8249,1010,1149,4871,3887,1139
8249,1010,1149,1631,9204,7786
8249,1010,1149,1702,1176,2966
8249,1010,1149,2571,1737,2882
8249,1010,1149,3141,6033,7963
8249,1010,1149,7087,5225,2027
8249,1010,1149,84,3810,5588
8249,1010,1149,5218,7035,6632
8249,1010,1149,1443,7878,9664
8249,1010,1149,847,8442,8661
8249,1010,1149,8229,8930,5596
8249,1010,1149,7045,3980,9748
8249,1010,1149,7451,2397,5622
8249,1010,1149,1346,9397,4556
8249,1010,1149,4980,848,857
8249,1010,1149,9087,9215,8115
8249,1010,1149,7038,646,7432
8249,1010,1149,5312,8192,2135
8249,1010,1149,4482,1719,2589
8249,1010,1149,4953,456,3400
8249,1010,1149,109,488,848
8249,1010,1149,3615,8107,3831
8249,1010,1149,1047,7187,3786
8249,1010,1149,8250,3819,9576
8249,1010,1149,8081,9320,5404
8249,1010,1149,796,6759,5199
8249,1010,1149,1031,4281,42
8249,1010,1149,7703,3595,9088
8249,1010,1149,683,5580,1794
8249,1010,1149,4008,1125,5390
8249,1010,1149,3394,654,9218
8249,1010,1149,5144,1756,8072
8249,1010,1149,4004,2811,6685
8249,1010,1149,7356,4706,4321
8249,1010,1149,2478,9012,5557
8249,1010,1149,3102,2671,3960
8249,1010,1149,7810,9386,2867
8249,1010,1149,7569,482,3231
8249,1010,1149,8333,6158,4915
8249,1010,1149,6125,3594,2354
8249,1010,1149,9608,437,6292
8249,1010,1149,1510,3368,7327
8249,1010,1149,2930,3213,6619
8249,1010,1149,8226,5354,1893
8249,1010,1149,8333,8025,988
8249,1010,1149,1289,4760,5793
8249,1010,1149,3864,1928,2409
8249,1010,1149,2713,9602,6989
8249,1010,1149,4605,3750,7258
8249,1010,1149,441,3135,5224
8249,1010,1149,7368,5516,799
8249,1010,1149,8698,3154,7165
8249,1010,1149,2692,360,9388
8249,1010,1149,7363,5712,1691
8249,1010,1149,2818,2086,9821
8249,1010,1149,3265,516,1759
8249,1010,1149,8823,5520,3014
8249,1010,1149,5857,7823,6772
8249,1010,1149,8469,3752,4617
8249,1010,1149,3239,5377,46
8249,1010,1149,2205,3787,7019
8249,1010,1149,36,7984,2602
8249,1010,1149,8476,8353,7309
8249,1010,1149,6241,4901,6547
8249,1010,1149,7342,7695,7118
8249,1010,1149,2518,6239,2303
8249,1010,1149,4683,642,6502
8249,1010,1149,7153,7154,6969
8249,1010,1149,8136,994,6190
8249,1010,1149,8979,9215,9731
8249,1010,1149,2247,952,5900
8249,1010,1149,5586,4950,3432
8249,1010,1149,2259,2794,6897
8249,1010,1149,8360,4405,8994
8249,1010,1149,1025,1312,1490
8249,1010,1149,839,3290,6008
8249,1010,1149,4892,4577,4603
8249,1010,1149,8879,5353,3186
8249,1010,1149,9840,6528,8013
8249,1010,1149,1902,4205,1332
8249,1010,1149,4476,1693,5668
8249,1010,1149,4622,2965,8608
8249,1010,1149,9772,1461,4227
8249,1010,1149,2131,293,7630
8249,1010,1149,6484,7193,8519
8249,1010,1149,5021,8387,3639
8249,1010,1149,4644,2644,2194
8249,1010,1149,1005,3861,9114
8249,1010,1149,3004,1782,2286
8249,1010,1149,3266,7560,4115
8249,1010,1149,1655,4734,2073
8249,1010,1149,311,8067,7510
8249,1010,1149,31,5075,385
8249,1010,1149,9930,9150,536
8249,1010,1149,5098,6022,5207
8249,1010,1149,9780,2369,823
8249,1010,1149,4751,9312,1800
8249,1010,1149,4432,8,3299
8249,1010,1149,23,14,5885
8249,1010,1149,3663,7658,3817
8249,1010,1149,5932,5443,1070
8249,1010,1149,1983,7555,1550
8249,1010,1149,1420,1762,4598
8249,1010,1149,9404,7069,4885
8249,1010,1149,3552,2998,795
8249,1010,1149,4495,3163,1341
8249,1010,1149,5976,4717,1969
8249,1010,1149,797,9656,7845
8249,1010,1149,4198,1478,2838
8249,1010,1149,6802,9868,6451
8249,1010,1149,8353,6300,2823
8249,1010,1149,512,8285,9247
8249,1010,1149,8395,1678,5954
8249,1010,1149,7811,9636,3168
8249,1010,1149,9722,3031,2836
8249,1010,1149,1653,9235,1205
8249,1010,1149,8510,8239,6486
8249,1010,1149,8063,3105,6939
8249,1010,1149,5643,4944,8195
8249,1010,1149,6416,8973,9717
8249,1010,1149,9156,3258,4299
8249,1010,1149,4443,1130,2780
8249,1010,1149,5349,7535,746
8249,1010,1149,3940,4132,5212
8249,1010,1149,5025,5344,951
8249,1010,1149,3771,6822,7788
8249,1010,1149,9430,8120,4572
8249,1010,1149,9587,9290,5410
8249,1010,1149,5373,5961,5626
8249,1010,1149,9162,9569,9209
8249,1010,1149,8839,8694,1696
8249,1010,1149,874,8849,9476
8249,1010,1149,1533,4011,1977
8249,1010,1149,9647,1640,6243
8249,1010,1149,9514,6171,6792
8249,1010,1149,9281,929,4699
8249,1010,1149,112,2225,3961
8249,1010,1149,9875,6934,6142
8249,1010,1149,8280,5013,6848
8249,1010,1149,2881,4322,6411
8249,1010,1149,3273,176,5635
8249,1010,1149,3536,4988,4659
8249,1010,1149,7542,5792,6391
8249,1010,1149,4587,7551,8713
8249,1010,1149,7743,2432,6287
8249,1010,1149,4070,3771,3573
8249,1010,1149,7087,1182,5495
8249,1010,1149,3487,4685,1782
8249,1010,1149,5986,4825,4183
8249,1010,1149,1124,5101,8528
8249,1010,1149,9334,580,3287
8249,1010,1149,3618,5403,3822
8249,1010,1149,9495,2736,4769
8249,1010,1149,1143,3087,3148
8249,1010,1149,1945,7304,3856
8249,1010,1149,6749,7196,1454
8249,1010,1149,7444,2400,6367
8249,1010,1149,5854,2452,2176
8249,1010,1149,7597,9304,7542
8249,1010,1149,8999,7289,7117
8249,1010,1149,6052,336,1581
8249,1010,1149,317,4956,3273
8249,1010,1149,374,7826,3539
8249,1010,1149,7188,4372,4930
8249,1010,1149,230,596,3676
8249,1010,1149,8440,2596,9422
8249,1010,1149,4308,2718,6765
8249,1010,1149,556,3692,8964
8249,1010,1149,4101,2053,2398
8249,1010,1149,2051,4303,4666
8249,1010,1149,3937,9008,2296
8249,1010,1149,4754,8262,6680
8249,1010,1149,6312,7848,5485
8249,1010,1149,9523,8239,7783
8249,1010,1149,3549,7767,5464
8249,1010,1149,4500,1970,6074
8249,1010,1149,5681,7890,4938
8249,1010,1149,6553,777,9025
8249,1010,1149,8666,8636,330
8249,1010,1149,4895,7976,8183
8249,1010,1149,1868,7533,9854
8249,1010,1149,8743,7046,9261
8249,1010,1149,1422,7468,8720
8249,1010,1149,9705,9277,1661
8249,1010,1149,404,2420,2065
8249,1010,1149,8087,3672,5713
8249,1010,1149,6450,2874,6972
8249,1010,1149,5930,9035,3085
8249,1010,1149,5122,8776,4961
8249,1010,1149,910,9650,8798
8249,1010,1149,9642,3332,9124
8249,1010,1149,591,2339,7873
8249,1010,1149,6755,7082,5240
8249,1010,1149,7021,2983,84
8249,1010,1149,9317,4763,8721
8249,1010,1149,4995,7700,5402
8249,1010,1149,2779,7548,3191
8249,1010,1149,9936,2228,7034
8249,1010,1149,2022,9413,5262
8249,1010,1149,493,2266,7249
8249,1010,1149,9101,4878,2785
8249,1010,1149,3159,2088,1786
8249,1010,1149,7448,7759,2595
8249,1010,1149,9065,5970,2708
8249,1010,1149,7512,3178,641
8249,1010,1149,6498,9244,4301
8249,1010,1149,1911,6291,730
8249,1010,1149,1480,7811,4567
8249,1010,1149,1697,5695,5580
8249,1010,1149,1199,2240,373
8249,1010,1149,4444,1018,8570
8249,1010,1149,2809,7496,6122
8249,1010,1149,9701,8375,2781
8249,1010,1149,8007,7092,8541
8249,1010,1149,5997,1485,1356
8249,1010,1149,1043,9805,3462
8249,1010,1149,666,2221,1446
8249,1010,1149,4885,2223,4618
8249,1010,1149,6586,2466,7553
8249,1010,1149,8,3868,6975
8249,1010,1149,1116,9698,5920
8249,1010,1149,6847,7773,1518
8249,1010,1149,6356,8796,4425
8249,1010,1149,2746,6841,5461
8249,1010,1149,6369,112,4869
8249,1010,1149,7166,8536,9826
8249,1010,1149,3304,4711,2425
8249,1010,1149,4614,7999,9316
8249,1010,1149,438,4493,3238
8249,1010,1149,7962,1713,7272
8249,1010,1149,6906,7433,8128
8249,1010,1149,3706,4011,3271
8249,1010,1149,6262,5191,2922
8249,1010,1149,6803,8038,6014
8249,1010,1149,8118,4171,6
8249,1010,1149,8691,1490,206
8249,1010,1149,3986,6525,9178
8249,1010,1149,3365,2281,2279
8249,1010,1149,1663,8059,6862
8249,1010,1149,215,8063,5411
8249,1010,1149,673,5503,7741
8249,1010,1149,8498,5417,6405
8249,1010,1149,4080,7467,5033
8249,1010,1149,5812,4747,1814
8249,1010,1149,6548,1983,2596
8249,1010,1149,3449,4055,4111
8249,1010,1149,6239,8508,3739
8249,1010,1149,1676,7581,6163
8249,1010,1149,8115,6770,1072
8249,1010,1149,3609,5317,8804
8249,1010,1149,5462,4850,5317
8249,1010,1149,4737,2744,3993
8249,1010,1149,962,8208,3860
8249,1010,1149,9742,9285,5318
8249,1010,1149,3549,2802,4903
8249,1010,1149,2135,5309,2319
8249,1010,1149,3826,5719,8848
8249,1010,1149,136,2716,1506
8249,1010,1149,9919,8134,2426
8249,1010,1149,8740,8980,6048
8249,1010,1149,562,4342,7557
8249,1010,1149,457,980,704
8249,1010,1149,1084,2883,7947
