9855,6316,8123,7868,4730,3340
9855,6316,8123,8519,9687,2017
9855,6316,8123,814,7023,6676
9855,6316,8123,9849,8518,6528
9855,6316,8123,2518,7786,6596
9855,6316,8123,6292,3259,3861
9855,6316,8123,2533,8614,7573
9855,6316,8123,7769,1823,5826
9855,6316,8123,8546,3408,4290
9855,6316,8123,5857,6501,2033
9855,6316,8123,932,8786,4908
9855,6316,8123,4919,8048,8100
9855,6316,8123,1920,1561,3144
9855,6316,8123,6273,9819,7677
9855,6316,8123,2623,9968,5986
9855,6316,8123,841,5502,3032
9855,6316,8123,7519,4866,5081
9855,6316,8123,9115,2914,4511
9855,6316,8123,3633,5704,9678
9855,6316,8123,2228,2039,7836
9855,6316,8123,4456,8617,9114
9855,6316,8123,1113,6523,7187
9855,6316,8123,2189,1132,9899
9855,6316,8123,5336,8296,7193
9855,6316,8123,2735,7616,8724
9855,6316,8123,6099,6704,8256
9855,6316,8123,433,360,3268
9855,6316,8123,861,9456,2951
9855,6316,8123,5100,8891,8321
9855,6316,8123,8316,2527,1927
9855,6316,8123,308,1101,8302
9855,6316,8123,6066,2993,2701
9855,6316,8123,2586,8064,8286
9855,6316,8123,1853,3244,5020
9855,6316,8123,7614,1725,4183
9855,6316,8123,2734,6712,8255
9855,6316,8123,7277,7772,1038
9855,6316,8123,5395,5462,6837
9855,6316,8123,7531,8150,5238
9855,6316,8123,3603,4218,1610
9855,6316,8123,712,656,1476
9855,6316,8123,2719,3781,5257
9855,6316,8123,9997,924,2393
9855,6316,8123,4483,7543,7676
9855,6316,8123,8062,4831,1917
9855,6316,8123,89,6460,6455
9855,6316,8123,2028,29,1663
9855,6316,8123,8989,5466,7926
9855,6316,8123,5977,8852,1797
9855,6316,8123,9816,7528,3978
9855,6316,8123,1333,6577,3085
9855,6316,8123,3134,2439,11
9855,6316,8123,5430,5334,829
9855,6316,8123,9143,3594,5280
9855,6316,8123,584,249,277
9855,6316,8123,1725,9215,3548
9855,6316,8123,7195,1289,4323
9855,6316,8123,9746,4780,1418
9855,6316,8123,7243,8121,6405
9855,6316,8123,8951,284,3385
9855,6316,8123,980,3747,460
9855,6316,8123,5116,5097,1268
9855,6316,8123,869,7200,3002
9855,6316,8123,8253,3316,7054
9855,6316,8123,566,6766,713
9855,6316,8123,1973,5848,6443
9855,6316,8123,4473,9243,9063
9855,6316,8123,753,2529,1134
9855,6316,8123,2642,4629,4547
9855,6316,8123,3,9406,1086
9855,6316,8123,8802,1645,7185
9855,6316,8123,5355,3167,451
9855,6316,8123,9933,90,8932
9855,6316,8123,9835,1639,1286
9855,6316,8123,4008,8655,7496
9855,6316,8123,7914,3895,6453
9855,6316,8123,6726,6010,9946
9855,6316,8123,179,7556,97
9855,6316,8123,5685,1193,9662
9855,6316,8123,3387,457,1447
9855,6316,8123,904,5262,9857
9855,6316,8123,5370,8316,3289
9855,6316,8123,9845,7471,5716
9855,6316,8123,5624,8615,7920
9855,6316,8123,7209,2035,9560
9855,6316,8123,1223,6294,7168
9855,6316,8123,474,6850,5063
9855,6316,8123,3554,8345,8078
9855,6316,8123,5027,8060,3688
9855,6316,8123,4263,6476,5175
9855,6316,8123,3147,8586,4649
9855,6316,8123,8075,9972,956
9855,6316,8123,4144,8987,8136
9855,6316,8123,215,1113,8359
9855,6316,8123,7744,6322,5105
9855,6316,8123,1688,6959,2983
9855,6316,8123,9220,9158,1458
9855,6316,8123,6027,3941,4198
9855,6316,8123,8223,9501,6601
9855,6316,8123,2539,9209,7866
9855,6316,8123,9256,259,3526
9855,6316,8123,3202,8418,9318
9855,6316,8123,6918,5212,6043
9855,6316,8123,3083,4531,7139
9855,6316,8123,7303,6493,1937
9855,6316,8123,5742,2343,8051
9855,6316,8123,1358,9913,4479
9855,6316,8123,8436,4088,4299
9855,6316,8123,2047,9325,4077
9855,6316,8123,4549,4523,5715
9855,6316,8123,1966,9101,9838
9855,6316,8123,7374,4202,7276
9855,6316,8123,3665,675,7786
9855,6316,8123,2524,10000,8960
9855,6316,8123,5263,1064,2649
9855,6316,8123,3417,770,3133
9855,6316,8123,2826,9562,1690
9855,6316,8123,9876,2703,1742
9855,6316,8123,888,330,3784
9855,6316,8123,167,814,8850
9855,6316,8123,5159,341,4961
9855,6316,8123,1710,2716,76
9855,6316,8123,3433,4534,4935
9855,6316,8123,9105,7772,3505
9855,6316,8123,2308,4192,6056
9855,6316,8123,7208,5916,8492
9855,6316,8123,6353,7289,3754
9855,6316,8123,9867,7119,214
9855,6316,8123,5616,7879,4780
9855,6316,8123,3973,1167,8699
9855,6316,8123,3230,8392,5799
9855,6316,8123,6869,6605,5868
9855,6316,8123,7183,5212,8536
9855,6316,8123,5920,8911,434
9855,6316,8123,2244,7393,9661
9855,6316,8123,5966,9009,1288
9855,6316,8123,8935,9908,1793
9855,6316,8123,2787,8726,5828
9855,6316,8123,2342,790,8825
9855,6316,8123,9053,7663,6847
9855,6316,8123,9800,2441,8483
9855,6316,8123,5208,1964,3892
9855,6316,8123,8314,1078,939
9855,6316,8123,660,7239,9916
9855,6316,8123,3522,608,9527
9855,6316,8123,5908,1919,6057
9855,6316,8123,6972,5709,8891
9855,6316,8123,2709,1007,2353
9855,6316,8123,9535,3643,6200
9855,6316,8123,4801,3265,4148
9855,6316,8123,7226,5650,5827
9855,6316,8123,4128,7100,8063
9855,6316,8123,9901,2657,962
9855,6316,8123,9348,7770,6858
9855,6316,8123,5245,8932,5596
9855,6316,8123,8512,3436,9519
9855,6316,8123,6055,7319,8585
9855,6316,8123,6900,6840,8113
9855,6316,8123,4886,4049,3587
9855,6316,8123,7317,6670,3683
9855,6316,8123,2434,521,6140
9855,6316,8123,2432,4540,3132
9855,6316,8123,3463,8592,663
9855,6316,8123,7349,1403,6879
9855,6316,8123,6681,1634,5264
9855,6316,8123,7323,2893,1828
9855,6316,8123,4664,7602,3839
9855,6316,8123,5138,9720,6414
9855,6316,8123,4462,2589,9084
9855,6316,8123,8536,3533,6619
9855,6316,8123,5931,8999,2006
9855,6316,8123,2036,1644,7579
9855,6316,8123,8869,6353,8347
9855,6316,8123,2451,3993,5911
9855,6316,8123,4603,4440,5903
9855,6316,8123,9898,7660,9779
9855,6316,8123,6848,5865,3788
9855,6316,8123,5321,8547,3131
9855,6316,8123,8828,5354,9495
9855,6316,8123,9824,6817,1663
9855,6316,8123,3306,7103,2903
9855,6316,8123,8410,7980,6414
9855,6316,8123,1037,2721,5203
9855,6316,8123,9497,5249,1304
9855,6316,8123,4851,4489,1246
9855,6316,8123,1078,2172,2604
9855,6316,8123,404,9183,7813
9855,6316,8123,6182,2042,94
9855,6316,8123,2967,6467,1933
9855,6316,8123,4695,9411,9781
9855,6316,8123,35,953,7756
9855,6316,8123,5284,8010,2658
9855,6316,8123,9371,4797,8351
9855,6316,8123,1251,4520,2423
9855,6316,8123,938,5513,5153
9855,6316,8123,5637,3402,2488
9855,6316,8123,3499,4607,7115
9855,6316,8123,1616,8278,9881
9855,6316,8123,1853,5857,7789
9855,6316,8123,3246,7209,5712
9855,6316,8123,5926,2514,5605
9855,6316,8123,8199,836,8054
9855,6316,8123,6778,7215,3447
9855,6316,8123,630,6144,6305
9855,6316,8123,8654,2729,9002
9855,6316,8123,6580,2766,1517
9855,6316,8123,3209,3792,9381
9855,6316,8123,4242,4693,8378
9855,6316,8123,4569,3145,8079
9855,6316,8123,5539,5617,8903
9855,6316,8123,9488,1696,993
9855,6316,8123,9087,7703,7025
9855,6316,8123,8474,4008,7534
9855,6316,8123,4645,6102,6933
9855,6316,8123,3863,2046,7573
9855,6316,8123,2026,556,2450
9855,6316,8123,4619,9505,1780
9855,6316,8123,1300,9104,9335
9855,6316,8123,3366,1912,837
9855,6316,8123,2545,6860,5157
9855,6316,8123,8594,6503,8094
9855,6316,8123,8981,9305,8592
9855,6316,8123,9543,8239,8903
9855,6316,8123,3319,7158,8121
9855,6316,8123,2315,5632,1338
9855,6316,8123,3199,435,1826
9855,6316,8123,1485,5818,3553
9855,6316,8123,7377,8186,5447
9855,6316,8123,8569,3083,9559
9855,6316,8123,2282,9075,724
9855,6316,8123,8693,6915,7626
9855,6316,8123,3303,5190,8976
9855,6316,8123,125,6325,238
9855,6316,8123,6030,8767,5224
9855,6316,8123,623,3770,1468
9855,6316,8123,9603,7755,3861
9855,6316,8123,3316,3201,6842
9855,6316,8123,8800,1730,8468
9855,6316,8123,511,7010,8445
9855,6316,8123,6071,377,6178
9855,6316,8123,3082,9087,3438
9855,6316,8123,8226,4643,2128
9855,6316,8123,9605,9501,3197
9855,6316,8123,2948,4519,5772
9855,6316,8123,8852,4041,1059
9855,6316,8123,7424,7638,5394
9855,6316,8123,6843,6722,4259
9855,6316,8123,3601,5014,2772
9855,6316,8123,5344,6697,3771
9855,6316,8123,5891,9766,9234
9855,6316,8123,361,2155,41
9855,6316,8123,3790,9552,6805
9855,6316,8123,6742,6848,9803
9855,6316,8123,2821,4246,5585
9855,6316,8123,523,2676,9093
9855,6316,8123,9285,6831,6664
9855,6316,8123,1217,6797,3227
9855,6316,8123,8819,94,9892
9855,6316,8123,2579,7833,2639
9855,6316,8123,5875,6651,718
9855,6316,8123,4380,8,1487
9855,6316,8123,2733,2019,6291
9855,6316,8123,8474,1387,5820
9855,6316,8123,8070,6943,2979
9855,6316,8123,5358,7757,5351
9855,6316,8123,681,5384,6753
9855,6316,8123,9135,7554,3069
9855,6316,8123,4498,3625,1816
9855,6316,8123,5479,7478,4320
9855,6316,8123,7402,4608,1046
9855,6316,8123,1580,9940,3636
9855,6316,8123,4545,6519,6238
9855,6316,8123,8303,4247,5708
9855,6316,8123,3122,6270,1064
9855,6316,8123,5995,8747,7409
9855,6316,8123,5861,560,3565
9855,6316,8123,6450,8025,5545
9855,6316,8123,6401,1669,9809
9855,6316,8123,9499,4993,2333
9855,6316,8123,2117,6084,2745
9855,6316,8123,4101,9787,8249
9855,6316,8123,4813,8682,8780
9855,6316,8123,3968,9823,1985
9855,6316,8123,7762,286,6911
9855,6316,8123,5222,2242,5876
9855,6316,8123,4503,5202,7718
9855,6316,8123,4335,3833,3099
9855,6316,8123,7709,6226,8628
9855,6316,8123,1115,153,3182
9855,6316,8123,1681,7188,5658
9855,6316,8123,7411,4516,3298
9855,6316,8123,3097,435,4179
9855,6316,8123,7127,8021,2654
9855,6316,8123,1160,8761,1672
9855,6316,8123,5233,2344,6240
9855,6316,8123,9530,7349,8111
9855,6316,8123,8684,6294,660
9855,6316,8123,7372,1561,3396
9855,6316,8123,1779,3761,5656
9855,6316,8123,6497,7914,5178
9855,6316,8123,3242,1230,7005
9855,6316,8123,4200,6650,3305
9855,6316,8123,8455,2996,8596
9855,6316,8123,1872,2975,1313
9855,6316,8123,8589,1015,2107
9855,6316,8123,260,8799,4240
9855,6316,8123,4832,5634,7448
9855,6316,8123,8233,2425,9106
9855,6316,8123,8132,9061,8075
9855,6316,8123,6166,6459,6829
9855,6316,8123,3492,7026,9244
9855,6316,8123,4529,2288,6409
9855,6316,8123,1587,5581,5988
9855,6316,8123,1580,1235,4136
9855,6316,8123,5628,9502,3096
9855,6316,8123,7942,4389,7539
9855,6316,8123,9353,362,7848
9855,6316,8123,2757,3187,507
9855,6316,8123,5063,3334,1424
9855,6316,8123,3328,3798,5707
9855,6316,8123,2154,4830,5562
9855,6316,8123,8001,3383,6702
9855,6316,8123,7489,3732,8534
9855,6316,8123,5675,9295,2139
9855,6316,8123,6326,798,9485
9855,6316,8123,7190,2333,8565
9855,6316,8123,2487,7810,3290
9855,6316,8123,4282,6375,4430
9855,6316,8123,8668,1881,5485
9855,6316,8123,4014,2404,2255
9855,6316,8123,657,8187,7597
9855,6316,8123,5967,4333,396
9855,6316,8123,5584,5766,1193
9855,6316,8123,8408,2709,9910
9855,6316,8123,5127,5999,1119
9855,6316,8123,8097,7706,1336
9855,6316,8123,4017,3413,8962
9855,6316,8123,4699,7685,540
9855,6316,8123,1821,9044,2784
9855,6316,8123,1701,3421,7255
9855,6316,8123,7716,4829,2001
9855,6316,8123,3548,5318,9843
9855,6316,8123,2317,857,9989
9855,6316,8123,2597,5973,5472
9855,6316,8123,5510,3832,3469
9855,6316,8123,7850,5740,3266
9855,6316,8123,5463,8324,3501
9855,6316,8123,9191,8616,4243
9855,6316,8123,9252,7232,1311
9855,6316,8123,2698,1851,7525
9855,6316,8123,1294,1891,4026
9855,6316,8123,4058,9194,5226
9855,6316,8123,2466,768,4456
9855,6316,8123,6657,3105,3569
9855,6316,8123,704,1363,3388
9855,6316,8123,6357,6538,8803
9855,6316,8123,6959,6463,6967
9855,6316,8123,577,4582,7090
9855,6316,8123,8499,7671,4180
9855,6316,8123,2850,2497,8306
9855,6316,8123,496,7133,2756
9855,6316,8123,9842,2430,7540
9855,6316,8123,5613,9127,1015
9855,6316,8123,3797,9998,4695
9855,6316,8123,5675,9914,9280
9855,6316,8123,7534,2474,9045
9855,6316,8123,2597,1869,9546
9855,6316,8123,2121,7351,4661
9855,6316,8123,8075,247,1201
9855,6316,8123,7963,4536,3838
9855,6316,8123,312,3699,6344
9855,6316,8123,166,6738,3442
9855,6316,8123,3860,3337,4097
9855,6316,8123,2973,1013,6833
9855,6316,8123,7844,9619,1285
9855,6316,8123,2381,7991,3819
9855,6316,8123,9914,5772,7414
9855,6316,8123,4882,973,6874
9855,6316,8123,3856,980,1231
9855,6316,8123,496,7494,3260
9855,6316,8123,2733,2512,4250
9855,6316,8123,3195,6750,7671
9855,6316,8123,1532,9338,4279
9855,6316,8123,2376,3870,3907
9855,6316,8123,1406,1129,3072
9855,6316,8123,6812,8697,743
9855,6316,8123,8713,354,7717
9855,6316,8123,7240,1313,3177
9855,6316,8123,463,449,3241
9855,6316,8123,3087,8160,155
9855,6316,8123,7932,2952,7456
9855,6316,8123,4612,6794,1708
9855,6316,8123,3638,3433,3589
9855,6316,8123,7987,2535,3710
9855,6316,8123,5530,9981,4205
9855,6316,8123,8173,3182,4529
9855,6316,8123,7678,5065,7826
9855,6316,8123,5720,863,4507
9855,6316,8123,7397,3454,5985
9855,6316,8123,6362,364,5864
9855,6316,8123,4331,9077,6250
9855,6316,8123,9553,5217,5062
9855,6316,8123,5320,2312,9319
9855,6316,8123,9976,1463,8926
9855,6316,8123,2021,6308,9041
9855,6316,8123,4225,9175,2781
9855,6316,8123,5235,6565,5037
9855,6316,8123,1833,9851,3627
9855,6316,8123,6855,7943,5367
9855,6316,8123,7692,703,5278
9855,6316,8123,5430,1438,5606
9855,6316,8123,7040,7127,5408
9855,6316,8123,1201,6608,841
9855,6316,8123,7424,8239,3902
9855,6316,8123,3678,4881,6077
9855,6316,8123,1544,573,1527
9855,6316,8123,7823,1232,266
9855,6316,8123,5933,8760,761
9855,6316,8123,5455,9364,6273
9855,6316,8123,7071,1904,688
9855,6316,8123,123,5538,6732
9855,6316,8123,2897,4586,7285
9855,6316,8123,46,6557,1427
9855,6316,8123,2041,8055,6685
9855,6316,8123,5114,9432,9290
9855,6316,8123,283,6403,4377
9855,6316,8123,9122,4848,7640
9855,6316,8123,1287,3489,3997
9855,6316,8123,8813,6455,8784
9855,6316,8123,9097,4789,6913
9855,6316,8123,9103,3834,5147
9855,6316,8123,5762,9899,833
9855,6316,8123,2571,2733,8902
9855,6316,8123,5454,8228,7446
9855,6316,8123,5475,3058,3601
9855,6316,8123,196,9142,2444
9855,6316,8123,3859,4144,7639
9855,6316,8123,2874,1321,2916
9855,6316,8123,2560,1380,4198
9855,6316,8123,8605,228,3252
9855,6316,8123,9425,9829,2689
9855,6316,8123,9574,4461,292
9855,6316,8123,7243,6119,4519
9855,6316,8123,3072,934,2213
9855,6316,8123,3015,5499,9322
9855,6316,8123,7789,4585,7868
9855,6316,8123,7652,2222,7950
9855,6316,8123,8656,5034,4075
9855,6316,8123,8383,8493,1629
9855,6316,8123,1094,7454,1341
9855,6316,8123,8532,5192,5172
9855,6316,8123,6013,4779,3165
9855,6316,8123,974,264,8716
9855,6316,8123,616,5003,3429
9855,6316,8123,7883,397,1292
9855,6316,8123,871,1509,6815
9855,6316,8123,694,5011,8529
9855,6316,8123,4136,1928,7612
9855,6316,8123,7016,1895,3931
9855,6316,8123,1516,6989,1298
9855,6316,8123,3244,2203,7246
9855,6316,8123,3974,2636,9487
9855,6316,8123,3470,7010,8657
9855,6316,8123,8281,6782,1950
9855,6316,8123,2867,8529,1369
9855,6316,8123,2114,1129,2455
9855,6316,8123,7369,1720,7974
9855,6316,8123,2035,8873,3014
9855,6316,8123,4443,8244,5621
9855,6316,8123,7436,7963,494
9855,6316,8123,8499,3501,2250
9855,6316,8123,7328,8369,9964
9855,6316,8123,1431,4909,8832
9855,6316,8123,6091,3147,5777
9855,6316,8123,7219,2988,3344
9855,6316,8123,303,990,3348
9855,6316,8123,5541,3072,2875
9855,6316,8123,1071,7323,3274
9855,6316,8123,1504,9502,6787
9855,6316,8123,6251,6514,4637
9855,6316,8123,7983,3513,4483
9855,6316,8123,6087,9140,5659
9855,6316,8123,8972,206,1356
9855,6316,8123,7723,7112,3527
9855,6316,8123,1963,2633,2464
9855,6316,8123,3223,7001,194
9855,6316,8123,7227,5363,9126
9855,6316,8123,8470,9147,1679
9855,6316,8123,4173,4702,5981
9855,6316,8123,251,9938,534
9855,6316,8123,6063,9418,5694
9855,6316,8123,4428,532,9757
9855,6316,8123,6920,6442,676
9855,6316,8123,3418,8253,1879
9855,6316,8123,6728,5882,3887
9855,6316,8123,1614,4409,1336
9855,6316,8123,5867,9230,7849
9855,6316,8123,7410,7525,7023
9855,6316,8123,1345,7007,2229
9855,6316,8123,1867,1865,6959
9855,6316,8123,725,7053,4020
9855,6316,8123,254,2694,1127
9855,6316,8123,1782,6131,5367
9855,6316,8123,6816,3505,132
9855,6316,8123,877,4137,4634
9855,6316,8123,6997,9020,8593
9855,6316,8123,3279,8581,7462
9855,6316,8123,628,9134,8752
9855,6316,8123,4666,1966,3493
9855,6316,8123,6598,6834,829
