9855,6316,8123,4826,6733,5077
9855,6316,8123,5538,2999,3825
9855,6316,8123,1793,498,4754
9855,6316,8123,8102,3218,4088
9855,6316,8123,6105,2038,8438
9855,6316,8123,9919,7133,7288
9855,6316,8123,8200,4718,7070
9855,6316,8123,215,2077,8886
9855,6316,8123,2487,4729,6387
9855,6316,8123,323,2496,7343
9855,6316,8123,2627,4308,1392
9855,6316,8123,7616,9008,5988
9855,6316,8123,7427,4590,2824
9855,6316,8123,3676,8674,6072
9855,6316,8123,1882,1103,4777
9855,6316,8123,4457,8426,1385
9855,6316,8123,9394,777,8553
9855,6316,8123,5674,1953,3282
9855,6316,8123,786,7875,3928
9855,6316,8123,6933,1739,6735
9855,6316,8123,6143,5964,4082
9855,6316,8123,969,4719,9579
9855,6316,8123,2956,5330,3284
9855,6316,8123,5494,5630,810
9855,6316,8123,2693,4112,3235
9855,6316,8123,2659,9719,5305
9855,6316,8123,8671,9909,69
9855,6316,8123,1655,9164,3904
9855,6316,8123,7137,8238,4394
9855,6316,8123,2808,6731,3344
9855,6316,8123,7967,191,5263
9855,6316,8123,3274,3256,8365
9855,6316,8123,7015,8421,362
9855,6316,8123,4176,8100,4690
9855,6316,8123,2984,948,774
9855,6316,8123,9503,5553,4212
9855,6316,8123,5825,6877,6783
9855,6316,8123,3360,556,7005
9855,6316,8123,527,321,8625
9855,6316,8123,6512,1468,4103
9855,6316,8123,9641,5681,4819
9855,6316,8123,2788,3961,8928
9855,6316,8123,4291,4579,9512
9855,6316,8123,1739,3723,212
9855,6316,8123,8415,1230,2709
9855,6316,8123,4610,7042,1711
9855,6316,8123,72,9862,513
9855,6316,8123,8818,2035,1588
9855,6316,8123,7391,3103,1603
9855,6316,8123,2707,3612,5587
9855,6316,8123,2051,9829,638
9855,6316,8123,6488,3001,3604
9855,6316,8123,4331,9225,1849
9855,6316,8123,8397,5719,5439
9855,6316,8123,5660,3654,7164
9855,6316,8123,6594,9090,3718
9855,6316,8123,6180,7545,144
9855,6316,8123,433,9340,6604
9855,6316,8123,7020,355,2463
9855,6316,8123,9827,5066,6132
9855,6316,8123,9906,4387,8814
9855,6316,8123,6458,7557,1247
9855,6316,8123,7666,2532,9319
9855,6316,8123,1176,9732,2686
9855,6316,8123,595,4945,8194
9855,6316,8123,2322,6048,1686
9855,6316,8123,5755,3154,873
9855,6316,8123,7755,5394,590
9855,6316,8123,1855,5765,8159
9855,6316,8123,5223,9611,5121
9855,6316,8123,2019,3456,2171
9855,6316,8123,8933,2583,4145
9855,6316,8123,7068,2118,931
9855,6316,8123,1719,6793,1989
9855,6316,8123,7442,1999,4100
9855,6316,8123,1257,2745,6184
9855,6316,8123,6288,338,5861
9855,6316,8123,1606,9448,4652
9855,6316,8123,2416,7537,6461
9855,6316,8123,6048,8458,9043
9855,6316,8123,1745,184,6325
9855,6316,8123,6836,6738,3590
9855,6316,8123,3486,6386,5928
9855,6316,8123,6181,1674,1240
9855,6316,8123,6110,8663,2494
9855,6316,8123,4258,2828,8767
9855,6316,8123,3727,126,844
9855,6316,8123,3400,6972,2974
9855,6316,8123,6520,4413,4311
9855,6316,8123,3347,1181,7507
9855,6316,8123,7546,3205,2996
9855,6316,8123,8238,7019,675
9855,6316,8123,3241,7483,491
9855,6316,8123,7155,5192,2568
9855,6316,8123,818,7774,8332
9855,6316,8123,8416,7437,3126
9855,6316,8123,334,8699,8832
9855,6316,8123,7569,7186,6082
9855,6316,8123,5394,2750,2203
9855,6316,8123,2841,6158,4294
9855,6316,8123,2373,6030,5811
9855,6316,8123,2995,1680,8311
9855,6316,8123,2778,9906,5102
9855,6316,8123,5127,85,8397
9855,6316,8123,6683,9793,4982
9855,6316,8123,2116,7569,5184
9855,6316,8123,3394,6621,4461
9855,6316,8123,7554,3712,8000
9855,6316,8123,8566,498,5219
9855,6316,8123,4658,7050,7974
9855,6316,8123,9625,3797,9332
9855,6316,8123,517,138,2681
9855,6316,8123,5048,9111,7727
9855,6316,8123,787,877,3309
9855,6316,8123,6887,4710,5677
9855,6316,8123,1173,5904,2941
9855,6316,8123,4101,979,6471
9855,6316,8123,6717,9048,2842
9855,6316,8123,6584,8287,953
9855,6316,8123,6578,8187,7966
9855,6316,8123,4176,3710,8133
9855,6316,8123,5894,3319,4872
9855,6316,8123,2969,1475,3202
9855,6316,8123,9265,2525,1643
9855,6316,8123,1497,7873,4174
9855,6316,8123,8380,3678,5557
9855,6316,8123,1182,8312,5899
9855,6316,8123,6855,8221,567
9855,6316,8123,4789,3229,3197
9855,6316,8123,3606,2010,3339
9855,6316,8123,9038,8573,6060
9855,6316,8123,7321,1926,7728
9855,6316,8123,3866,3018,6188
9855,6316,8123,7566,8597,8714
9855,6316,8123,2483,6903,9161
9855,6316,8123,9982,2040,2975
9855,6316,8123,4171,8590,4315
9855,6316,8123,205,3575,7636
9855,6316,8123,5740,5960,3411
9855,6316,8123,9498,3608,2432
9855,6316,8123,313,3359,8459
9855,6316,8123,7246,666,5538
9855,6316,8123,9396,3640,1630
9855,6316,8123,7661,485,6835
9855,6316,8123,8249,8659,8793
9855,6316,8123,7054,6726,1216
9855,6316,8123,65,9163,4945
9855,6316,8123,360,658,2185
9855,6316,8123,6681,3819,7985
9855,6316,8123,8681,9615,5614
9855,6316,8123,7145,4091,8500
9855,6316,8123,5749,8277,4871
9855,6316,8123,4699,4246,8304
9855,6316,8123,6118,3941,8535
9855,6316,8123,3876,9656,8504
9855,6316,8123,3721,1105,9458
9855,6316,8123,4447,3827,7325
9855,6316,8123,2602,3388,1440
9855,6316,8123,2397,4685,6964
9855,6316,8123,7533,6322,8141
9855,6316,8123,1236,6003,9475
9855,6316,8123,662,8020,7986
9855,6316,8123,7483,8376,3727
9855,6316,8123,1922,18,507
9855,6316,8123,8273,5483,4894
9855,6316,8123,2078,9840,3741
9855,6316,8123,8629,1546,145
9855,6316,8123,8458,2604,842
9855,6316,8123,6485,8527,7281
9855,6316,8123,2077,4044,8890
9855,6316,8123,4241,4119,7970
9855,6316,8123,7526,6208,1161
9855,6316,8123,7823,8133,8346
9855,6316,8123,3671,521,6106
9855,6316,8123,7982,105,8093
9855,6316,8123,227,4655,9707
9855,6316,8123,4241,9158,5293
9855,6316,8123,7618,546,548
9855,6316,8123,6548,8754,1054
9855,6316,8123,9564,9886,8727
9855,6316,8123,4530,1802,4047
9855,6316,8123,9603,1533,7388
9855,6316,8123,5647,2516,6800
9855,6316,8123,6207,7677,4656
9855,6316,8123,9484,7938,9173
9855,6316,8123,411,9107,6998
9855,6316,8123,4972,3800,6639
9855,6316,8123,5736,705,5274
9855,6316,8123,7921,7445,4810
9855,6316,8123,805,7894,9837
9855,6316,8123,4207,4657,8452
9855,6316,8123,2639,3503,8788
9855,6316,8123,6063,2793,5923
9855,6316,8123,659,6631,2404
9855,6316,8123,621,3845,2209
9855,6316,8123,4905,6568,4839
9855,6316,8123,5719,6754,2877
9855,6316,8123,5462,273,9643
9855,6316,8123,863,7911,7886
9855,6316,8123,2028,2350,8657
9855,6316,8123,5088,8332,5537
9855,6316,8123,1003,8541,2656
9855,6316,8123,519,8214,450
9855,6316,8123,5164,7747,9213
9855,6316,8123,5453,6917,8244
9855,6316,8123,5537,1618,7554
9855,6316,8123,7847,7432,818
9855,6316,8123,6441,1208,8820
9855,6316,8123,6135,8625,4944
9855,6316,8123,2530,2812,4902
9855,6316,8123,7356,3126,2777
9855,6316,8123,7228,2589,1839
9855,6316,8123,9576,2191,8102
9855,6316,8123,1984,5512,426
9855,6316,8123,4786,4258,7318
9855,6316,8123,7400,9001,7656
9855,6316,8123,9361,3622,3999
9855,6316,8123,9192,5015,2133
9855,6316,8123,8045,132,4168
9855,6316,8123,1098,4787,2240
9855,6316,8123,1770,2799,921
9855,6316,8123,1777,613,8992
9855,6316,8123,1075,7154,282
9855,6316,8123,9714,281,6312
9855,6316,8123,2304,7664,9945
9855,6316,8123,5042,8944,6168
9855,6316,8123,4799,3399,7474
9855,6316,8123,732,947,1701
9855,6316,8123,7028,736,7601
9855,6316,8123,206,7186,1627
9855,6316,8123,6152,2993,4727
9855,6316,8123,1525,7432,8435
9855,6316,8123,8837,6824,7519
9855,6316,8123,7599,4223,8320
9855,6316,8123,6435,9796,6073
9855,6316,8123,7882,5746,264
9855,6316,8123,4713,1506,9080
9855,6316,8123,1845,3038,6234
9855,6316,8123,7555,1627,3236
9855,6316,8123,3919,2133,1649
9855,6316,8123,8992,778,8352
9855,6316,8123,7458,7090,6991
9855,6316,8123,3938,6147,5278
9855,6316,8123,4362,1290,7942
9855,6316,8123,2154,2479,5222
9855,6316,8123,7348,4581,7889
9855,6316,8123,9532,16,1114
9855,6316,8123,5189,2709,2971
9855,6316,8123,9516,4511,1233
9855,6316,8123,8486,838,8732
9855,6316,8123,980,6216,4130
9855,6316,8123,3530,6737,5299
9855,6316,8123,7133,6461,3764
9855,6316,8123,7781,1661,5494
9855,6316,8123,116,3659,1221
9855,6316,8123,3306,3678,2801
9855,6316,8123,6961,3216,7378
9855,6316,8123,3009,7271,3611
9855,6316,8123,3779,5660,3257
9855,6316,8123,2812,2111,5451
9855,6316,8123,3401,6148,9545
9855,6316,8123,1290,8330,3431
9855,6316,8123,2182,2444,2409
9855,6316,8123,3581,7737,840
9855,6316,8123,3679,7167,7044
9855,6316,8123,1909,3465,3290
9855,6316,8123,2681,7892,9898
9855,6316,8123,7232,5769,7877
9855,6316,8123,316,8866,7944
9855,6316,8123,9331,2370,1030
9855,6316,8123,4798,2055,8939
9855,6316,8123,5998,797,5386
9855,6316,8123,8405,1780,3722
9855,6316,8123,584,6380,2251
9855,6316,8123,2098,8046,5755
9855,6316,8123,8866,2250,6449
9855,6316,8123,7341,3581,811
9855,6316,8123,8567,2172,2814
9855,6316,8123,9044,7029,4694
9855,6316,8123,3723,1297,2868
9855,6316,8123,8311,6458,8700
9855,6316,8123,8062,1464,6583
9855,6316,8123,4571,1705,9620
9855,6316,8123,3632,8188,4292
9855,6316,8123,6689,4564,4034
9855,6316,8123,4312,9591,2057
9855,6316,8123,9542,6919,5905
9855,6316,8123,2097,9992,8740
9855,6316,8123,3311,2103,9996
9855,6316,8123,3498,8747,5767
9855,6316,8123,5949,5019,9834
9855,6316,8123,7404,5943,6784
9855,6316,8123,2920,8533,8297
9855,6316,8123,8561,2506,3433
9855,6316,8123,1615,6207,3946
9855,6316,8123,1618,1443,9181
9855,6316,8123,5233,4425,3091
9855,6316,8123,6971,9868,6353
9855,6316,8123,6554,4892,2741
9855,6316,8123,2318,5159,7395
9855,6316,8123,9266,4853,9508
9855,6316,8123,3168,6720,411
9855,6316,8123,2449,7423,1800
9855,6316,8123,9810,1204,3246
9855,6316,8123,1469,725,9037
9855,6316,8123,3090,9996,8979
9855,6316,8123,8163,3788,2689
9855,6316,8123,4087,4560,2951
9855,6316,8123,2721,7106,4891
9855,6316,8123,6771,8738,4272
9855,6316,8123,4338,7223,2535
9855,6316,8123,5694,9125,4663
9855,6316,8123,970,9572,644
9855,6316,8123,82,8926,2017
9855,6316,8123,9691,7370,3914
9855,6316,8123,5472,348,2379
9855,6316,8123,9931,9028,486
9855,6316,8123,1922,2543,5070
9855,6316,8123,7209,9263,3463
9855,6316,8123,5636,7611,2441
9855,6316,8123,9755,5580,4815
9855,6316,8123,1879,3333,1329
9855,6316,8123,825,5431,3459
9855,6316,8123,7286,1292,3329
9855,6316,8123,991,9721,2904
9855,6316,8123,2129,2531,4533
9855,6316,8123,3488,7173,1438
9855,6316,8123,1217,7486,217
9855,6316,8123,4953,1969,6869
9855,6316,8123,4579,1893,6177
9855,6316,8123,5319,8363,6118
9855,6316,8123,7639,8725,4569
9855,6316,8123,1225,5242,1234
9855,6316,8123,72,6976,5254
9855,6316,8123,200,4434,3423
9855,6316,8123,2138,870,6398
9855,6316,8123,3508,3448,2609
9855,6316,8123,2794,6518,4090
9855,6316,8123,5062,9204,1182
9855,6316,8123,8825,5590,3360
9855,6316,8123,7489,3338,3706
9855,6316,8123,2454,5680,6522
9855,6316,8123,7266,4667,781
9855,6316,8123,8672,5379,4643
9855,6316,8123,7166,7407,527
9855,6316,8123,2944,6691,4920
9855,6316,8123,4705,1232,3282
9855,6316,8123,3684,3561,8836
9855,6316,8123,5425,4917,9494
9855,6316,8123,6437,5376,6393
9855,6316,8123,5388,6069,1923
9855,6316,8123,6540,4572,3548
9855,6316,8123,6898,6266,1604
9855,6316,8123,8552,7721,1973
9855,6316,8123,7182,9038,2820
9855,6316,8123,118,1321,9390
9855,6316,8123,6237,6149,5042
9855,6316,8123,436,431,5190
9855,6316,8123,848,41,3781
9855,6316,8123,3269,9028,9700
9855,6316,8123,9164,9018,1427
9855,6316,8123,3614,2721,9747
9855,6316,8123,129,8153,9392
9855,6316,8123,6077,9249,1613
9855,6316,8123,8979,2836,2495
9855,6316,8123,6090,9743,1133
9855,6316,8123,9222,839,3719
9855,6316,8123,275,7162,1349
9855,6316,8123,1511,1175,1094
9855,6316,8123,2967,1905,6803
9855,6316,8123,4965,3355,1901
9855,6316,8123,7747,4225,9400
9855,6316,8123,4077,7120,8798
9855,6316,8123,8204,4583,6697
9855,6316,8123,6033,3558,3305
9855,6316,8123,1200,5124,1647
9855,6316,8123,7488,873,9918
9855,6316,8123,1305,2941,1962
9855,6316,8123,2972,1119,5256
9855,6316,8123,7132,4467,6084
9855,6316,8123,4076,980,7269
9855,6316,8123,6937,9428,5213
9855,6316,8123,5605,4247,3135
9855,6316,8123,8002,752,5835
9855,6316,8123,5482,674,4938
9855,6316,8123,6256,1183,235
9855,6316,8123,7253,1361,8315
9855,6316,8123,6266,7079,8999
9855,6316,8123,3858,1095,5362
9855,6316,8123,5651,7489,1768
9855,6316,8123,4768,2910,5707
9855,6316,8123,6405,1314,5808
9855,6316,8123,2761,5665,5830
9855,6316,8123,4896,8032,1632
9855,6316,8123,3089,2673,5464
9855,6316,8123,6131,9165,6741
9855,6316,8123,2043,4326,8547
9855,6316,8123,8155,6847,5603
9855,6316,8123,1047,3034,5584
9855,6316,8123,8786,6170,790
9855,6316,8123,7934,9253,6681
9855,6316,8123,4580,9069,6844
9855,6316,8123,3199,9451,4250
9855,6316,8123,6776,4786,1842
9855,6316,8123,2475,5514,6910
9855,6316,8123,2902,6991,9027
9855,6316,8123,9877,4140,790
9855,6316,8123,3603,6425,9151
9855,6316,8123,4404,5906,9611
9855,6316,8123,6995,5326,2379
9855,6316,8123,5171,5116,2830
9855,6316,8123,4164,7885,2185
9855,6316,8123,5856,8399,2662
9855,6316,8123,2120,7183,5519
9855,6316,8123,9720,472,8573
9855,6316,8123,1062,3727,7334
9855,6316,8123,7160,8915,4957
9855,6316,8123,665,5950,2541
9855,6316,8123,6076,9462,4823
9855,6316,8123,7012,5004,567
9855,6316,8123,5232,8222,7275
9855,6316,8123,1438,5429,8025
9855,6316,8123,5371,6906,748
9855,6316,8123,2315,8380,3280
9855,6316,8123,3636,6896,3513
9855,6316,8123,5354,1867,7505
9855,6316,8123,7321,1248,3489
9855,6316,8123,1839,1074,849
9855,6316,8123,2809,1864,2735
9855,6316,8123,6805,1711,2480
9855,6316,8123,2996,6171,563
9855,6316,8123,4219,6421,4217
9855,6316,8123,5522,6104,935
9855,6316,8123,2652,7211,9222
9855,6316,8123,3033,3353,2554
9855,6316,8123,5662,5490,3206
9855,6316,8123,2471,9843,7363
9855,6316,8123,8918,8406,2696
9855,6316,8123,3809,8087,9252
9855,6316,8123,7464,8015,6214
9855,6316,8123,726,5059,2808
9855,6316,8123,9061,8231,6129
9855,6316,8123,5248,6267,8732
9855,6316,8123,7963,1966,7565
9855,6316,8123,8599,243,5849
9855,6316,8123,907,8505,3053
9855,6316,8123,6768,6588,8405
9855,6316,8123,6121,2510,831
9855,6316,8123,717,907,1880
9855,6316,8123,783,2276,1836
9855,6316,8123,942,5581,1910
9855,6316,8123,63,192,6726
9855,6316,8123,8802,6590,1454
9855,6316,8123,7573,2168,2080
9855,6316,8123,6000,3143,1793
9855,6316,8123,2792,893,2718
9855,6316,8123,6071,8672,608
9855,6316,8123,875,7192,8483
9855,6316,8123,7726,6223,6089
9855,6316,8123,9383,4038,7975
9855,6316,8123,9083,7929,6296
9855,6316,8123,4823,1654,58
9855,6316,8123,5674,6380,5365
9855,6316,8123,8180,227,7697
9855,6316,8123,1424,5802,5681
9855,6316,8123,7119,1545,278
9855,6316,8123,4993,652,1386
9855,6316,8123,7667,2991,4387
9855,6316,8123,6138,590,7823
9855,6316,8123,761,683,8673
9855,6316,8123,3297,3176,8039
9855,6316,8123,108,9795,6659
9855,6316,8123,7966,3942,8089
9855,6316,8123,9585,8301,2444
9855,6316,8123,7382,1962,3157
9855,6316,8123,7501,3765,3958
9855,6316,8123,573,5913,4647
9855,6316,8123,6040,9595,1692
9855,6316,8123,44,5843,6832
9855,6316,8123,3131,3871,7371
9855,6316,8123,1941,1153,2747
9855,6316,8123,6915,3139,4009
9855,6316,8123,6274,7782,5355
9855,6316,8123,8696,9274,3589
9855,6316,8123,5822,8345,7781
9855,6316,8123,2019,78,1903
9855,6316,8123,7928,3139,667
9855,6316,8123,7496,9333,7627
9855,6316,8123,9460,8416,1400
9855,6316,8123,6329,5886,4330
9855,6316,8123,432,1935,5757
9855,6316,8123,1785,3319,2892
9855,6316,8123,9150,279,7965
9855,6316,8123,4090,7631,5242
9855,6316,8123,9157,108,9068
9855,6316,8123,4812,6634,5571
9855,6316,8123,5848,5181,1312
9855,6316,8123,8872,2493,8447
9855,6316,8123,8110,4562,366
9855,6316,8123,7525,682,7524
9855,6316,8123,5295,209,6739
9855,6316,8123,6737,2953,476
9855,6316,8123,6076,670,3753
9855,6316,8123,6110,3583,625
9855,6316,8123,4640,9427,7675
9855,6316,8123,8353,6493,6751
9855,6316,8123,1458,9708,9436
9855,6316,8123,7811,4255,5146
9855,6316,8123,2372,9820,8307
9855,6316,8123,7591,5399,6872
