1410,7195,554,8388,3645,6313
1410,7195,554,6255,5309,265
1410,7195,554,2938,3267,2182
1410,7195,554,8661,1161,3897
1410,7195,554,4157,4967,5227
1410,7195,554,3136,2352,4144
1410,7195,554,6857,9293,9894
1410,7195,554,1193,9479,9091
1410,7195,554,1775,8443,1584
1410,7195,554,3963,9682,1850
1410,7195,554,755,7636,5998
1410,7195,554,8605,1726,1128
1410,7195,554,3603,356,9743
1410,7195,554,4752,3447,8672
1410,7195,554,756,2634,4469
1410,7195,554,4283,561,2760
1410,7195,554,751,7381,4815
1410,7195,554,3604,6539,8301
1410,7195,554,4143,2054,3013
1410,7195,554,3395,501,5312
1410,7195,554,7343,528,1232
1410,7195,554,8748,6159,3151
1410,7195,554,1966,9282,2840
1410,7195,554,6676,2586,3446
1410,7195,554,726,3344,3225
1410,7195,554,3418,5693,8560
1410,7195,554,1464,2865,2166
1410,7195,554,9291,4358,6806
1410,7195,554,4764,159,4149
1410,7195,554,1102,7960,3446
1410,7195,554,1060,9375,7806
1410,7195,554,6480,4804,5665
1410,7195,554,9398,4378,8907
1410,7195,554,9389,3193,8423
1410,7195,554,8841,9297,3037
1410,7195,554,7610,3013,9224
1410,7195,554,3013,1426,1088
1410,7195,554,5806,4453,7899
1410,7195,554,546,2193,5549
1410,7195,554,4033,5603,8944
1410,7195,554,8257,3642,9388
1410,7195,554,2971,7794,7119
1410,7195,554,2060,2013,3382
1410,7195,554,4085,910,3023
1410,7195,554,7987,1031,2689
1410,7195,554,4504,6210,1438
1410,7195,554,7290,543,8608
1410,7195,554,999,9664,8520
1410,7195,554,4015,1557,7815
1410,7195,554,6825,2997,9429
1410,7195,554,7376,3069,3758
1410,7195,554,6384,4491,9487
1410,7195,554,208,3975,9434
1410,7195,554,4092,8305,7725
1410,7195,554,9455,8263,3745
1410,7195,554,4521,7270,3517
1410,7195,554,1915,9872,2824
1410,7195,554,2727,2257,3013
1410,7195,554,3501,8411,7081
1410,7195,554,4379,9705,9807
1410,7195,554,7207,4776,2957
1410,7195,554,8423,5258,3340
1410,7195,554,4251,4546,1535
1410,7195,554,4635,9307,3866
1410,7195,554,4194,7110,8289
1410,7195,554,8329,5714,5741
1410,7195,554,101,224,3062
1410,7195,554,6517,8467,8615
1410,7195,554,7254,3717,2222
1410,7195,554,9930,442,9152
1410,7195,554,4831,482,5804
1410,7195,554,49,6552,448
1410,7195,554,1036,7770,1788
1410,7195,554,4233,3953,7671
1410,7195,554,8517,3423,1378
1410,7195,554,8903,2526,4111
1410,7195,554,4974,1640,7537
1410,7195,554,8721,823,7911
1410,7195,554,6341,950,5026
1410,7195,554,9761,9756,9825
1410,7195,554,5796,10,9243
1410,7195,554,3337,3745,2818
1410,7195,554,6020,5148,2826
1410,7195,554,6585,2385,1380
1410,7195,554,3379,7957,1390
1410,7195,554,2595,3951,4699
1410,7195,554,7334,8497,1039
1410,7195,554,3988,4661,5867
1410,7195,554,2047,9466,7554
1410,7195,554,5484,1038,6478
1410,7195,554,8949,3882,14
1410,7195,554,9643,3925,1720
1410,7195,554,6387,9171,7123
1410,7195,554,4129,4804,669
1410,7195,554,3232,870,9254
1410,7195,554,1149,5780,9397
1410,7195,554,8545,2297,1945
1410,7195,554,5366,6832,8633
1410,7195,554,9113,7155,6431
1410,7195,554,3359,3380,7373
1410,7195,554,6946,709,1032
1410,7195,554,1259,8739,1351
1410,7195,554,5463,9657,5130
1410,7195,554,8857,5393,4210
1410,7195,554,2804,334,194
1410,7195,554,5460,1351,3458
1410,7195,554,1178,3345,8561
1410,7195,554,9930,1906,2833
1410,7195,554,6193,6227,6530
1410,7195,554,3561,4078,4501
1410,7195,554,5289,7990,518
1410,7195,554,6923,5462,2753
1410,7195,554,1864,5658,4011
1410,7195,554,4060,7421,6668
1410,7195,554,3914,4461,2228
1410,7195,554,96,5257,2766
1410,7195,554,5886,579,2289
1410,7195,554,1604,1249,3831
1410,7195,554,8303,93,3772
1410,7195,554,7479,2371,9259
1410,7195,554,9293,4107,435
1410,7195,554,5319,6694,5416
1410,7195,554,4605,5293,7752
1410,7195,554,4502,4414,6685
1410,7195,554,2848,5878,5498
1410,7195,554,2409,1866,9978
1410,7195,554,9902,2496,5389
1410,7195,554,9175,68,5057
1410,7195,554,2414,1725,8156
1410,7195,554,3898,1483,6350
1410,7195,554,4283,8174,9372
1410,7195,554,1351,1679,7989
1410,7195,554,5045,4905,3133
1410,7195,554,9291,1485,5073
1410,7195,554,5720,7563,72
1410,7195,554,6557,6157,8185
1410,7195,554,9661,428,2398
1410,7195,554,7572,3591,262
1410,7195,554,1458,142,3171
1410,7195,554,8058,1816,7550
1410,7195,554,3301,5912,2998
1410,7195,554,9224,3931,1565
1410,7195,554,8473,7212,4849
1410,7195,554,8268,6857,5742
1410,7195,554,9698,5571,1683
1410,7195,554,7887,7691,546
1410,7195,554,1894,7328,8678
1410,7195,554,3494,7803,5197
1410,7195,554,8370,4068,5795
1410,7195,554,1709,9728,1343
1410,7195,554,7205,1992,7714
1410,7195,554,5088,7010,2567
1410,7195,554,7090,4653,4712
1410,7195,554,6974,5768,5125
1410,7195,554,8422,7260,522
1410,7195,554,3326,738,8988
1410,7195,554,7018,9157,8958
1410,7195,554,9080,721,9260
1410,7195,554,8621,8315,9712
1410,7195,554,2964,5316,3004
1410,7195,554,1694,7866,2125
1410,7195,554,2352,9306,513
1410,7195,554,8238,4544,6941
1410,7195,554,1137,8250,5357
1410,7195,554,8313,4048,3532
1410,7195,554,2892,4718,7791
1410,7195,554,3729,7519,2321
1410,7195,554,7228,7690,8748
1410,7195,554,154,4717,1125
1410,7195,554,2964,2507,6178
1410,7195,554,8811,3431,4777
1410,7195,554,4237,188,5792
1410,7195,554,5036,6035,7938
1410,7195,554,3609,5435,7353
1410,7195,554,1983,8722,3131
1410,7195,554,1603,1877,8527
1410,7195,554,554,3749,7583
1410,7195,554,2129,3770,4810
1410,7195,554,1711,2592,1030
1410,7195,554,7126,8327,1428
1410,7195,554,1898,3940,1813
1410,7195,554,714,5246,8197
1410,7195,554,6686,4814,9377
1410,7195,554,1355,3600,3887
1410,7195,554,8005,5018,6885
1410,7195,554,7812,6858,9948
1410,7195,554,2900,5391,6624
1410,7195,554,3989,4578,3108
1410,7195,554,2438,1395,7474
1410,7195,554,9742,6322,5191
1410,7195,554,3977,8834,2685
1410,7195,554,8510,7787,8963
1410,7195,554,6623,9925,2957
1410,7195,554,4819,9819,7823
1410,7195,554,9623,1883,6826
1410,7195,554,2123,4955,1613
1410,7195,554,4339,6940,1944
1410,7195,554,4933,7347,8665
1410,7195,554,3245,6754,1548
1410,7195,554,5899,1580,3390
1410,7195,554,1818,7973,6467
1410,7195,554,7987,5594,8176
1410,7195,554,3395,5742,3542
1410,7195,554,4531,6110,3103
1410,7195,554,4762,1706,3281
1410,7195,554,6494,7067,354
1410,7195,554,4401,9321,5539
1410,7195,554,1282,177,1012
1410,7195,554,2084,5216,7018
1410,7195,554,8400,2722,9191
1410,7195,554,7116,389,8878
1410,7195,554,8658,4055,5507
1410,7195,554,7315,4884,1540
1410,7195,554,9078,276,6151
1410,7195,554,8021,2090,125
1410,7195,554,7056,5566,8643
1410,7195,554,9219,4906,9356
1410,7195,554,1423,5313,172
1410,7195,554,7052,7388,6649
1410,7195,554,4174,6671,160
1410,7195,554,8753,8553,8817
1410,7195,554,925,4808,2259
1410,7195,554,5085,9432,1210
1410,7195,554,2404,7400,1590
1410,7195,554,1830,7817,8102
1410,7195,554,197,9991,3899
1410,7195,554,1620,5590,3043
1410,7195,554,2200,4756,271
1410,7195,554,8,4437,838
1410,7195,554,4380,8716,6316
1410,7195,554,2672,8133,6780
1410,7195,554,971,6471,2252
1410,7195,554,5907,7377,5510
1410,7195,554,4590,441,3805
1410,7195,554,1148,1049,5097
1410,7195,554,9697,6946,4281
1410,7195,554,282,8181,940
1410,7195,554,5662,55,788
1410,7195,554,2819,2417,2620
1410,7195,554,2647,6322,8968
1410,7195,554,5346,5713,2694
1410,7195,554,4890,1525,4519
1410,7195,554,7939,1450,8924
1410,7195,554,5129,6807,7584
1410,7195,554,2831,4067,5850
1410,7195,554,9121,5312,8506
1410,7195,554,2933,6975,6202
1410,7195,554,1344,2292,9012
1410,7195,554,9772,2606,3316
1410,7195,554,7778,160,2720
1410,7195,554,7333,4062,7939
1410,7195,554,3328,7657,8692
1410,7195,554,4312,6417,9324
1410,7195,554,5471,7346,2147
1410,7195,554,4427,3851,4907
1410,7195,554,9565,3101,8988
1410,7195,554,4446,681,2160
1410,7195,554,1288,9735,6276
1410,7195,554,2985,8806,8816
1410,7195,554,7403,5433,3523
1410,7195,554,967,1418,7210
1410,7195,554,5233,6043,7305
1410,7195,554,4303,437,7536
1410,7195,554,566,3984,6965
1410,7195,554,4229,1812,167
1410,7195,554,4043,2005,5921
1410,7195,554,3846,9809,289
1410,7195,554,5939,5083,392
1410,7195,554,8474,6408,9627
1410,7195,554,8152,1631,9401
1410,7195,554,5880,4780,8535
1410,7195,554,7014,4414,1513
1410,7195,554,7244,2723,9268
1410,7195,554,8420,9832,5774
1410,7195,554,3792,7407,639
1410,7195,554,7406,9390,6310
1410,7195,554,8917,4098,4794
1410,7195,554,1396,9915,8910
1410,7195,554,9497,3010,5600
1410,7195,554,3836,793,3426
1410,7195,554,8657,944,8306
1410,7195,554,8202,1748,7422
1410,7195,554,7137,2574,3751
1410,7195,554,3731,7795,812
1410,7195,554,6392,8348,600
1410,7195,554,5999,4178,3496
1410,7195,554,3241,6524,5231
1410,7195,554,2701,4603,5455
1410,7195,554,7366,8999,6415
1410,7195,554,6724,4692,4724
1410,7195,554,4704,5210,1502
1410,7195,554,535,8162,6375
1410,7195,554,1944,7165,2770
1410,7195,554,7243,9664,2983
1410,7195,554,3946,1647,2139
1410,7195,554,7257,8887,3418
1410,7195,554,662,3556,8180
1410,7195,554,7647,7978,1468
1410,7195,554,8621,9491,7592
1410,7195,554,5876,2290,7682
1410,7195,554,8936,6646,7727
1410,7195,554,9152,4506,4037
1410,7195,554,8582,8611,683
1410,7195,554,7653,2356,5443
1410,7195,554,4930,2089,9498
1410,7195,554,7472,6808,1496
1410,7195,554,2913,9479,7255
1410,7195,554,7188,2351,563
1410,7195,554,7891,2344,9068
1410,7195,554,1585,1368,8881
1410,7195,554,2265,2825,7331
1410,7195,554,3224,4371,6596
1410,7195,554,7615,3008,641
1410,7195,554,5826,4347,2776
1410,7195,554,5278,3923,1863
1410,7195,554,6137,5978,3473
1410,7195,554,7499,8155,3985
1410,7195,554,4274,913,4363
1410,7195,554,2808,5144,8372
1410,7195,554,656,1921,2456
1410,7195,554,2148,3414,4864
1410,7195,554,6358,3121,710
1410,7195,554,9187,6219,7007
1410,7195,554,524,8151,5327
1410,7195,554,7298,4565,811
1410,7195,554,6993,7562,3818
1410,7195,554,2946,4588,3925
1410,7195,554,2106,3311,6754
1410,7195,554,2602,2805,9872
1410,7195,554,6000,7277,6033
1410,7195,554,3259,4854,9296
1410,7195,554,5282,5852,602
1410,7195,554,3551,6460,7197
1410,7195,554,7878,7043,8434
1410,7195,554,67,753,7245
1410,7195,554,6618,6174,2700
1410,7195,554,6716,3798,9125
1410,7195,554,9328,5732,3456
1410,7195,554,7401,8941,4665
1410,7195,554,9138,1752,6316
1410,7195,554,2190,3427,1222
1410,7195,554,1311,14,4472
1410,7195,554,8,7075,8898
1410,7195,554,2591,7039,407
1410,7195,554,6144,8871,676
1410,7195,554,4890,3790,4859
1410,7195,554,858,1566,6807
1410,7195,554,5318,3586,7509
1410,7195,554,4962,4452,7702
1410,7195,554,8370,3963,1818
1410,7195,554,9841,7454,5298
1410,7195,554,7117,8819,6305
1410,7195,554,6575,7951,2063
1410,7195,554,576,6841,5851
1410,7195,554,2629,4090,2412
1410,7195,554,8290,1999,2519
1410,7195,554,8096,7716,6381
1410,7195,554,9691,3685,4246
1410,7195,554,7347,6373,6776
1410,7195,554,7099,7083,7830
1410,7195,554,3852,2439,6994
1410,7195,554,4474,5265,9420
1410,7195,554,7725,9698,6557
1410,7195,554,831,6924,9189
1410,7195,554,7214,6193,7536
1410,7195,554,5987,3972,9266
1410,7195,554,9369,6148,2204
1410,7195,554,4425,3976,2245
1410,7195,554,620,6601,9333
1410,7195,554,7097,2370,530
1410,7195,554,68,876,6248
1410,7195,554,8806,229,7430
1410,7195,554,577,2378,6180
1410,7195,554,4601,4072,8704
1410,7195,554,4162,8364,3724
1410,7195,554,2637,1410,8860
1410,7195,554,1219,9931,7062
1410,7195,554,4720,4092,4910
1410,7195,554,1447,9984,5864
1410,7195,554,762,4120,6449
1410,7195,554,5551,5844,2566
1410,7195,554,2200,5763,9636
1410,7195,554,9939,2893,2345
1410,7195,554,8479,2473,1124
1410,7195,554,7241,1581,2083
1410,7195,554,4155,6569,8
1410,7195,554,197,9433,542
1410,7195,554,9316,1714,3336
1410,7195,554,4523,2676,5004
1410,7195,554,1026,6628,2841
1410,7195,554,8363,2365,7179
1410,7195,554,2558,6715,5136
1410,7195,554,9617,5627,2724
1410,7195,554,8019,4248,7578
1410,7195,554,369,220,7729
1410,7195,554,7144,8510,6230
1410,7195,554,3390,9422,1355
1410,7195,554,7012,4557,7078
1410,7195,554,4423,1353,723
1410,7195,554,9796,2420,8601
1410,7195,554,4819,1805,2230
1410,7195,554,1934,9748,1751
1410,7195,554,7682,5105,4226
1410,7195,554,5387,9380,3759
1410,7195,554,2731,6677,917
1410,7195,554,5302,5742,7454
1410,7195,554,1636,1093,7874
1410,7195,554,9149,5590,9279
1410,7195,554,6772,1009,1708
1410,7195,554,412,6459,865
1410,7195,554,102,1917,838
1410,7195,554,1010,904,3876
1410,7195,554,7687,5133,7441
1410,7195,554,2358,1587,5284
1410,7195,554,8662,1697,8956
1410,7195,554,4251,4325,6383
1410,7195,554,4353,3903,1419
1410,7195,554,7264,3180,815
1410,7195,554,2229,1681,9813
1410,7195,554,1374,7900,8690
1410,7195,554,8643,9062,398
1410,7195,554,3275,3169,4093
1410,7195,554,791,4228,229
1410,7195,554,5116,7262,7411
1410,7195,554,8321,4742,5116
1410,7195,554,1110,9909,9867
1410,7195,554,5775,2004,6334
1410,7195,554,6995,4281,7418
1410,7195,554,7615,9500,3273
1410,7195,554,764,3467,3032
1410,7195,554,9041,9386,7399
1410,7195,554,880,368,3416
1410,7195,554,9269,5894,9328
1410,7195,554,8680,5116,29
1410,7195,554,2874,2258,9896
1410,7195,554,3795,1909,7492
1410,7195,554,2357,1879,6989
1410,7195,554,6918,4635,1905
1410,7195,554,8339,4634,2678
1410,7195,554,1610,2452,3253
1410,7195,554,2771,8706,7428
1410,7195,554,53,3450,4338
1410,7195,554,6473,2315,9288
1410,7195,554,3718,9494,7314
1410,7195,554,6519,8962,5097
1410,7195,554,8887,6153,1768
1410,7195,554,3904,6696,4880
1410,7195,554,8774,4971,7549
1410,7195,554,7535,6731,581
1410,7195,554,5626,3654,6376
1410,7195,554,509,1233,8652
1410,7195,554,4632,113,3712
1410,7195,554,30,180,2104
1410,7195,554,380,8666,6577
1410,7195,554,5473,6806,9998
1410,7195,554,2827,9326,322
1410,7195,554,5822,9593,6022
1410,7195,554,4076,4897,5911
1410,7195,554,6491,5675,7715
1410,7195,554,1903,554,6984
1410,7195,554,6893,7566,6574
1410,7195,554,5535,6944,3841
1410,7195,554,7468,4,9185
1410,7195,554,3307,5057,7245
1410,7195,554,6780,3688,1162
1410,7195,554,7462,7346,5355
1410,7195,554,7548,848,970
1410,7195,554,5109,4012,7084
1410,7195,554,7021,8875,2205
1410,7195,554,664,2198,9349
1410,7195,554,2455,8398,2859
1410,7195,554,6368,9284,4920
1410,7195,554,2419,1027,7362
1410,7195,554,1092,2297,6132
1410,7195,554,284,9890,3676
1410,7195,554,9081,9521,5271
1410,7195,554,4443,3243,8129
1410,7195,554,4739,2597,5539
1410,7195,554,503,4718,3450
1410,7195,554,6542,9463,3459
1410,7195,554,2185,2519,1289
1410,7195,554,2145,2651,190
1410,7195,554,5076,9160,117
1410,7195,554,9066,4801,5734
1410,7195,554,8248,4020,1520
1410,7195,554,6202,5810,8419
1410,7195,554,468,1251,2747
1410,7195,554,3282,282,3862
1410,7195,554,4011,1859,2392
1410,7195,554,744,797,5636
1410,7195,554,7190,9123,222
1410,7195,554,8328,3422,4151
1410,7195,554,276,8299,4863
1410,7195,554,9285,9512,8499
1410,7195,554,3657,4561,402
1410,7195,554,5407,5734,4337
1410,7195,554,4474,8679,696
1410,7195,554,1189,9757,9454
1410,7195,554,4953,2726,3188
1410,7195,554,343,7820,3756
1410,7195,554,5718,125,4072
1410,7195,554,7592,7276,2405
1410,7195,554,7653,2395,7322
1410,7195,554,4159,1689,1140
1410,7195,554,307,5431,1691
1410,7195,554,5703,5830,2619
1410,7195,554,5670,9964,3518
1410,7195,554,7899,2027,6213
1410,7195,554,5557,1582,9584
1410,7195,554,4846,3995,5722
