6903,7119,5580,920,1893,9521
6903,7119,5580,3872,4297,3357
6903,7119,5580,2444,8643,6881
6903,7119,5580,600,3025,1005
6903,7119,5580,810,8499,1259
6903,7119,5580,6606,7807,1815
6903,7119,5580,1132,5041,8707
6903,7119,5580,4222,6111,5797
6903,7119,5580,8851,9903,3993
6903,7119,5580,7417,8073,5022
6903,7119,5580,1681,4010,9756
6903,7119,5580,8639,9830,7623
6903,7119,5580,8223,3788,6990
6903,7119,5580,9526,5229,3454
6903,7119,5580,7673,7794,5333
6903,7119,5580,8930,5700,1687
6903,7119,5580,9469,8019,996
6903,7119,5580,8936,1931,9537
6903,7119,5580,610,9081,154
6903,7119,5580,9455,3498,1496
6903,7119,5580,9749,5857,8060
6903,7119,5580,1391,8788,8550
6903,7119,5580,1177,8328,6184
6903,7119,5580,4156,5887,593
6903,7119,5580,4534,2980,2938
6903,7119,5580,6083,2605,5127
6903,7119,5580,5740,654,5875
6903,7119,5580,9029,2491,4451
6903,7119,5580,9205,1926,5135
6903,7119,5580,6216,2961,5407
6903,7119,5580,7837,9343,1452
6903,7119,5580,9151,9476,78
6903,7119,5580,6252,8066,8987
6903,7119,5580,7768,729,7952
6903,7119,5580,7324,8790,6658
6903,7119,5580,3794,6254,9487
6903,7119,5580,7020,4506,242
6903,7119,5580,2163,7445,8939
6903,7119,5580,1316,9838,2268
6903,7119,5580,4771,9295,4562
6903,7119,5580,7916,5214,6525
6903,7119,5580,198,8007,5366
6903,7119,5580,3437,6250,3931
6903,7119,5580,2507,8710,7668
6903,7119,5580,8686,1251,2676
6903,7119,5580,4675,1801,2114
6903,7119,5580,5721,2272,7706
6903,7119,5580,9051,4190,3624
6903,7119,5580,6321,3356,5272
6903,7119,5580,7772,1655,1439
6903,7119,5580,8932,6532,8297
6903,7119,5580,6490,946,5362
6903,7119,5580,8839,9949,5900
6903,7119,5580,5046,2684,3523
6903,7119,5580,825,8055,3966
6903,7119,5580,7854,9625,8861
6903,7119,5580,4593,6139,7049
6903,7119,5580,3094,6201,8472
6903,7119,5580,9600,8728,2870
6903,7119,5580,3645,2367,4503
6903,7119,5580,1847,1071,2824
6903,7119,5580,5440,6463,2818
6903,7119,5580,695,6576,9536
6903,7119,5580,67,6379,9220
6903,7119,5580,6524,2277,8381
6903,7119,5580,5517,1694,8641
6903,7119,5580,429,9119,7788
6903,7119,5580,6187,9643,8825
6903,7119,5580,1745,5131,9273
6903,7119,5580,7507,3938,9553
6903,7119,5580,5467,9078,3123
6903,7119,5580,6616,8848,2202
6903,7119,5580,1903,3313,2189
6903,7119,5580,9895,9641,7418
6903,7119,5580,5580,7852,4600
6903,7119,5580,1195,7212,2003
6903,7119,5580,2711,3949,907
6903,7119,5580,7743,2054,8768
6903,7119,5580,3555,7840,3266
6903,7119,5580,6276,5410,2017
6903,7119,5580,8115,4374,1962
6903,7119,5580,1416,8560,3673
6903,7119,5580,206,6578,5046
6903,7119,5580,1187,8410,9157
6903,7119,5580,7596,3098,5899
6903,7119,5580,6837,2816,6865
6903,7119,5580,4106,3247,2912
6903,7119,5580,3698,5928,4203
6903,7119,5580,8759,1497,8036
6903,7119,5580,8295,6051,9109
6903,7119,5580,7814,248,9229
6903,7119,5580,2035,2708,1844
6903,7119,5580,9581,9155,4068
6903,7119,5580,5241,5326,4703
6903,7119,5580,5801,624,2996
6903,7119,5580,7975,128,6982
6903,7119,5580,2281,2844,100
6903,7119,5580,2336,9453,3764
6903,7119,5580,7778,8040,9122
6903,7119,5580,4393,9859,2032
6903,7119,5580,5892,4254,5589
6903,7119,5580,8104,5765,6418
6903,7119,5580,306,7321,484
6903,7119,5580,8589,1640,7334
6903,7119,5580,991,4976,1716
6903,7119,5580,7520,2760,15
6903,7119,5580,6270,6036,9539
6903,7119,5580,104,3867,445
6903,7119,5580,3935,4418,9670
6903,7119,5580,3819,3932,634
6903,7119,5580,6489,9170,2521
6903,7119,5580,5304,3040,9312
6903,7119,5580,2047,9359,9597
6903,7119,5580,4506,3384,8924
6903,7119,5580,7413,4696,6396
6903,7119,5580,2926,9321,2982
6903,7119,5580,1086,3870,547
6903,7119,5580,786,8237,1994
6903,7119,5580,5637,861,9230
6903,7119,5580,4230,2697,4966
6903,7119,5580,1793,2639,108
6903,7119,5580,770,9447,266
6903,7119,5580,4742,5575,1812
6903,7119,5580,5518,9156,612
6903,7119,5580,2124,5082,5238
6903,7119,5580,6338,2117,919
6903,7119,5580,8716,1071,4697
6903,7119,5580,1446,58,6319
6903,7119,5580,1221,59,2573
6903,7119,5580,7717,2201,3593
6903,7119,5580,4129,2096,4968
6903,7119,5580,8961,4315,1897
6903,7119,5580,2782,1270,2375
6903,7119,5580,2772,9234,5613
6903,7119,5580,5800,6781,9064
6903,7119,5580,1516,39,9748
6903,7119,5580,400,1107,6312
6903,7119,5580,6173,7249,419
6903,7119,5580,2257,727,9745
6903,7119,5580,8713,3324,174
6903,7119,5580,56,6932,1290
6903,7119,5580,9152,5635,7297
6903,7119,5580,613,3044,6772
6903,7119,5580,9402,6408,4954
6903,7119,5580,8812,6814,9003
6903,7119,5580,7069,1905,464
6903,7119,5580,1269,5363,8821
6903,7119,5580,4148,2879,5852
6903,7119,5580,7965,1872,7596
6903,7119,5580,2693,4459,7810
6903,7119,5580,7543,3771,5853
6903,7119,5580,3761,1693,508
6903,7119,5580,9740,4006,2960
6903,7119,5580,4894,5074,7794
6903,7119,5580,615,9792,7318
6903,7119,5580,145,770,7537
6903,7119,5580,3106,4117,1697
6903,7119,5580,8958,9566,3546
6903,7119,5580,3070,7799,511
6903,7119,5580,8806,7640,6946
6903,7119,5580,2960,9172,4586
6903,7119,5580,5836,7616,5973
6903,7119,5580,7383,1568,4783
6903,7119,5580,6494,247,1747
6903,7119,5580,9519,3388,1464
6903,7119,5580,7786,2451,6408
6903,7119,5580,1619,7694,1790
6903,7119,5580,8106,9025,7190
6903,7119,5580,6639,3601,8235
6903,7119,5580,5612,8253,7025
6903,7119,5580,2307,4466,9687
6903,7119,5580,2395,4744,7290
6903,7119,5580,1225,8288,9836
6903,7119,5580,4647,9522,8578
6903,7119,5580,5171,3960,3557
6903,7119,5580,164,2478,3722
6903,7119,5580,13,2347,5827
6903,7119,5580,9890,1755,6440
6903,7119,5580,8519,8910,7613
6903,7119,5580,7591,410,1117
6903,7119,5580,5717,8555,6608
6903,7119,5580,2729,3162,1364
6903,7119,5580,4238,2536,9069
6903,7119,5580,918,5853,787
6903,7119,5580,1129,1176,3774
6903,7119,5580,6315,3469,6454
6903,7119,5580,6996,2964,2411
6903,7119,5580,5056,4936,9988
6903,7119,5580,7088,1301,6309
6903,7119,5580,703,1429,6034
6903,7119,5580,3142,2002,5870
6903,7119,5580,2531,8961,190
6903,7119,5580,4511,1912,7370
6903,7119,5580,3868,7856,7248
6903,7119,5580,3213,3340,8303
6903,7119,5580,4610,7865,8140
6903,7119,5580,9657,481,5626
6903,7119,5580,8125,3223,1514
6903,7119,5580,4565,2451,3095
6903,7119,5580,7524,9108,3599
6903,7119,5580,5856,4106,9152
6903,7119,5580,595,8207,1858
6903,7119,5580,9005,2389,1158
6903,7119,5580,1572,1059,5049
6903,7119,5580,8970,2657,6734
6903,7119,5580,1004,9950,9740
6903,7119,5580,6715,5828,1093
6903,7119,5580,1352,2383,4602
6903,7119,5580,154,9598,3286
6903,7119,5580,2411,6996,6530
6903,7119,5580,1056,4294,7757
6903,7119,5580,3740,7783,4427
6903,7119,5580,8614,1162,2382
6903,7119,5580,132,9656,7225
6903,7119,5580,3303,190,3660
6903,7119,5580,2970,2225,4494
6903,7119,5580,5514,1811,1153
6903,7119,5580,8200,1223,1222
6903,7119,5580,916,8938,6993
6903,7119,5580,5018,8043,8889
6903,7119,5580,5000,6823,4341
6903,7119,5580,2934,3300,9199
6903,7119,5580,6362,2544,8402
6903,7119,5580,1296,6393,9892
6903,7119,5580,6915,6705,8336
6903,7119,5580,7784,4008,6197
6903,7119,5580,4390,2964,306
6903,7119,5580,6364,7441,5324
6903,7119,5580,2416,753,1564
6903,7119,5580,4968,8562,2181
6903,7119,5580,9192,3645,2394
6903,7119,5580,5308,9598,5420
6903,7119,5580,1775,8412,8870
6903,7119,5580,3611,5394,8384
6903,7119,5580,1241,1073,8126
6903,7119,5580,7523,4917,8663
6903,7119,5580,9808,7139,3103
6903,7119,5580,822,1961,1375
6903,7119,5580,5966,8034,1867
6903,7119,5580,3882,8810,9267
6903,7119,5580,368,3416,1006
6903,7119,5580,3633,306,8696
6903,7119,5580,2525,4425,6116
6903,7119,5580,4540,5306,5144
6903,7119,5580,6344,7538,6763
6903,7119,5580,1489,4738,618
6903,7119,5580,9968,8034,1231
6903,7119,5580,3136,6376,5079
6903,7119,5580,535,9025,5428
6903,7119,5580,7674,8505,8820
6903,7119,5580,3580,5745,946
6903,7119,5580,3995,6696,146
6903,7119,5580,4097,1909,7055
6903,7119,5580,9545,1626,2239
6903,7119,5580,8357,5920,3565
6903,7119,5580,5148,145,8628
6903,7119,5580,3163,4180,6391
6903,7119,5580,8206,9565,8356
6903,7119,5580,1709,5548,8376
6903,7119,5580,9374,5077,1918
6903,7119,5580,2127,5133,2997
6903,7119,5580,7100,2423,5529
6903,7119,5580,1543,8055,2751
6903,7119,5580,5795,6890,6146
6903,7119,5580,1125,2765,3994
6903,7119,5580,1374,5339,6135
6903,7119,5580,7253,973,9208
6903,7119,5580,913,865,5386
6903,7119,5580,4006,5694,8148
6903,7119,5580,8815,4188,6900
6903,7119,5580,6737,831,9241
6903,7119,5580,7053,371,3266
6903,7119,5580,9468,4353,4379
6903,7119,5580,9861,485,3992
6903,7119,5580,3594,3078,3989
6903,7119,5580,3002,9380,304
6903,7119,5580,2406,6535,48
6903,7119,5580,38,9712,9406
6903,7119,5580,6893,5802,7337
6903,7119,5580,6148,2700,2887
6903,7119,5580,9837,1403,8432
6903,7119,5580,3606,7876,6394
6903,7119,5580,9113,3476,1571
6903,7119,5580,8012,404,633
6903,7119,5580,920,8024,7369
6903,7119,5580,7202,5129,8727
6903,7119,5580,6064,9970,7438
6903,7119,5580,5076,1156,4310
6903,7119,5580,5895,3250,1051
6903,7119,5580,5115,4414,4717
6903,7119,5580,2857,7792,4580
6903,7119,5580,1468,8874,7696
6903,7119,5580,2353,328,2871
6903,7119,5580,9630,7522,2409
6903,7119,5580,990,7772,3758
6903,7119,5580,3705,5752,1097
6903,7119,5580,6497,1783,8052
6903,7119,5580,1398,3835,1452
6903,7119,5580,8041,5269,3604
6903,7119,5580,247,4516,8220
6903,7119,5580,5217,9462,6708
6903,7119,5580,6836,1235,4752
6903,7119,5580,8,7260,262
6903,7119,5580,6615,374,7894
6903,7119,5580,8604,9213,9715
6903,7119,5580,8679,1880,6855
6903,7119,5580,393,831,9612
6903,7119,5580,1511,549,8504
6903,7119,5580,5063,8200,2952
6903,7119,5580,2884,1758,9072
6903,7119,5580,8063,4212,5039
6903,7119,5580,2482,9447,9507
6903,7119,5580,7356,5139,736
6903,7119,5580,8897,7517,9367
6903,7119,5580,3257,9159,464
6903,7119,5580,5018,476,9471
6903,7119,5580,4179,4931,3916
6903,7119,5580,3664,902,7915
6903,7119,5580,9553,8767,1430
6903,7119,5580,7896,4662,1018
6903,7119,5580,8266,618,9608
6903,7119,5580,2332,3536,4056
6903,7119,5580,9350,7195,5073
6903,7119,5580,8881,5149,9638
6903,7119,5580,8577,9831,8596
6903,7119,5580,5554,6158,3198
6903,7119,5580,8915,2953,2041
6903,7119,5580,2276,8373,4735
6903,7119,5580,5618,9084,3988
6903,7119,5580,8804,8501,3967
6903,7119,5580,5162,5836,3560
6903,7119,5580,5456,1199,1399
6903,7119,5580,144,9777,4740
6903,7119,5580,257,5971,6815
6903,7119,5580,1942,1438,4739
6903,7119,5580,9066,4428,7210
6903,7119,5580,8934,6150,6681
6903,7119,5580,5478,5101,3455
6903,7119,5580,267,5849,4561
6903,7119,5580,6838,3301,4459
6903,7119,5580,9125,1421,4632
6903,7119,5580,2753,9741,4081
6903,7119,5580,9636,2678,3742
6903,7119,5580,3297,2875,9581
6903,7119,5580,7859,9597,4041
6903,7119,5580,8722,4657,1032
6903,7119,5580,1056,3695,5123
6903,7119,5580,6994,5780,1696
6903,7119,5580,1719,4804,2863
6903,7119,5580,4319,3990,4754
6903,7119,5580,6519,4198,8756
6903,7119,5580,4422,4605,997
6903,7119,5580,1645,2994,6232
6903,7119,5580,8691,2996,7471
6903,7119,5580,4927,2407,2245
6903,7119,5580,8217,462,4864
6903,7119,5580,2631,7589,2107
6903,7119,5580,21,8634,4898
6903,7119,5580,7145,1721,7364
6903,7119,5580,6228,2880,1748
6903,7119,5580,215,7353,9985
6903,7119,5580,1041,6560,556
6903,7119,5580,1856,9944,6772
6903,7119,5580,9260,3743,1632
6903,7119,5580,4486,5407,5328
6903,7119,5580,3755,8054,3999
6903,7119,5580,5958,2813,211
6903,7119,5580,3877,2444,5457
6903,7119,5580,6128,1232,1135
6903,7119,5580,5109,1536,130
6903,7119,5580,6359,1797,6863
6903,7119,5580,4126,7662,5370
6903,7119,5580,8426,1657,6955
6903,7119,5580,3060,653,7653
6903,7119,5580,4894,3713,3659
6903,7119,5580,220,8584,2397
6903,7119,5580,1696,1747,2095
6903,7119,5580,2202,3411,243
6903,7119,5580,2312,9057,3520
6903,7119,5580,2583,9037,2635
6903,7119,5580,932,4911,3809
6903,7119,5580,8965,6251,2567
6903,7119,5580,5794,2527,5773
6903,7119,5580,5125,8145,397
6903,7119,5580,9998,7078,3156
6903,7119,5580,3581,1415,3324
6903,7119,5580,8797,7809,3405
6903,7119,5580,8035,2598,1173
6903,7119,5580,6764,2089,790
6903,7119,5580,965,701,9695
6903,7119,5580,3252,2750,8212
6903,7119,5580,2358,3155,665
6903,7119,5580,9126,2504,115
6903,7119,5580,702,5483,6916
6903,7119,5580,6371,840,2078
6903,7119,5580,6630,6505,4655
6903,7119,5580,5387,7102,1539
6903,7119,5580,2766,5317,1280
6903,7119,5580,7962,3830,5929
6903,7119,5580,3024,3309,5314
6903,7119,5580,6804,7385,9568
6903,7119,5580,414,8074,7444
6903,7119,5580,3041,7090,9868
6903,7119,5580,8372,6069,2551
6903,7119,5580,1003,720,8074
6903,7119,5580,8590,3259,1712
6903,7119,5580,2351,7403,5270
6903,7119,5580,5042,1679,2311
6903,7119,5580,4721,3741,2177
6903,7119,5580,5422,7439,4869
6903,7119,5580,8192,5369,4766
6903,7119,5580,6573,8109,332
6903,7119,5580,7577,4184,3147
6903,7119,5580,5733,6538,5219
6903,7119,5580,6463,3057,2140
6903,7119,5580,9080,4522,3434
6903,7119,5580,9446,9005,839
6903,7119,5580,4592,1191,7331
6903,7119,5580,1118,2173,1528
6903,7119,5580,7723,6278,3955
6903,7119,5580,6996,953,780
6903,7119,5580,8128,9677,9434
6903,7119,5580,694,6098,6214
6903,7119,5580,8208,9971,7721
6903,7119,5580,9635,4534,7237
6903,7119,5580,6241,6315,6893
6903,7119,5580,3,7984,781
6903,7119,5580,3371,3930,8336
6903,7119,5580,2896,9304,603
6903,7119,5580,5434,6288,5585
6903,7119,5580,7519,320,1370
6903,7119,5580,9520,4440,4386
6903,7119,5580,6417,4794,402
6903,7119,5580,4811,8065,6761
6903,7119,5580,2061,7739,7048
6903,7119,5580,5177,2039,1635
6903,7119,5580,9573,2829,8992
6903,7119,5580,4097,5325,7129
6903,7119,5580,3923,4424,92
6903,7119,5580,9963,5473,799
6903,7119,5580,5657,6414,3229
6903,7119,5580,23,4552,7165
6903,7119,5580,6689,8261,1087
6903,7119,5580,8532,9687,8683
6903,7119,5580,3424,2975,9650
6903,7119,5580,641,4204,6268
6903,7119,5580,3834,1767,2312
6903,7119,5580,4999,8644,4897
6903,7119,5580,5890,4787,3165
6903,7119,5580,9526,9810,6871
6903,7119,5580,2541,1566,3032
6903,7119,5580,4321,0,8264
6903,7119,5580,6413,3474,4654
6903,7119,5580,4636,9566,2346
6903,7119,5580,2874,6720,3871
6903,7119,5580,4333,2646,6775
6903,7119,5580,3650,4126,6105
6903,7119,5580,2932,7995,3748
6903,7119,5580,1363,4103,8813
6903,7119,5580,7418,7807,5979
6903,7119,5580,8436,7305,1992
6903,7119,5580,516,8793,8524
6903,7119,5580,7841,423,4541
6903,7119,5580,5701,3217,6846
6903,7119,5580,6620,9392,7206
6903,7119,5580,8508,1129,5
6903,7119,5580,6274,1826,4716
6903,7119,5580,4390,4908,6680
6903,7119,5580,5777,851,8369
6903,7119,5580,8523,4016,7380
6903,7119,5580,8415,5907,3217
6903,7119,5580,1756,2275,3338
6903,7119,5580,8931,4551,8582
6903,7119,5580,3450,9384,3544
6903,7119,5580,3843,3652,6177
6903,7119,5580,6137,7181,8644
6903,7119,5580,7216,7483,8298
6903,7119,5580,8906,9881,1426
6903,7119,5580,3476,8130,5850
6903,7119,5580,9874,3330,4608
6903,7119,5580,241,3761,9749
6903,7119,5580,8332,8152,1241
6903,7119,5580,2461,2297,3595
6903,7119,5580,4781,6520,508
6903,7119,5580,7455,7221,9336
6903,7119,5580,4015,5961,8133
6903,7119,5580,9889,2983,5135
6903,7119,5580,2981,6348,553
6903,7119,5580,3663,5661,4419
6903,7119,5580,6071,6531,1345
6903,7119,5580,1324,9256,5882
6903,7119,5580,1123,3366,8054
6903,7119,5580,411,2643,49
6903,7119,5580,9804,1570,1970
6903,7119,5580,9574,6511,6477
6903,7119,5580,240,7917,4678
6903,7119,5580,8686,7106,8755
6903,7119,5580,931,4891,5463
6903,7119,5580,2232,8660,4982
6903,7119,5580,851,9091,2045
6903,7119,5580,826,7732,3552
6903,7119,5580,3597,6362,612
6903,7119,5580,8315,6450,2540
6903,7119,5580,8945,7020,8695
6903,7119,5580,61,7014,8858
6903,7119,5580,8004,748,4096
6903,7119,5580,9199,6627,4082
6903,7119,5580,9820,9646,6599
6903,7119,5580,634,8729,2020
6903,7119,5580,1870,674,6334
