5090,268,3597,3240,9592,544
5090,268,3597,1299,2541,197
5090,268,3597,9939,6157,1793
5090,268,3597,7460,6432,8991
5090,268,3597,2911,7609,2880
5090,268,3597,3060,4467,2029
5090,268,3597,4549,2716,7182
5090,268,3597,7383,7732,5401
5090,268,3597,9299,6640,4238
5090,268,3597,9860,5042,8708
5090,268,3597,8691,5583,4418
5090,268,3597,5012,839,3901
5090,268,3597,3234,1850,7025
5090,268,3597,1903,2898,1406
5090,268,3597,1395,6271,6734
5090,268,3597,6618,7249,47
5090,268,3597,213,1061,7590
5090,268,3597,5439,6093,146
5090,268,3597,3142,7209,6111
5090,268,3597,5564,2503,1667
5090,268,3597,6774,3391,1192
5090,268,3597,6632,112,3610
5090,268,3597,9001,5317,4082
5090,268,3597,9636,2457,4063
5090,268,3597,171,361,8258
5090,268,3597,6584,8319,451
5090,268,3597,2836,863,1609
5090,268,3597,2009,9637,433
5090,268,3597,6112,1519,9415
5090,268,3597,6387,5886,8941
5090,268,3597,9225,5427,1360
5090,268,3597,2990,3895,419
5090,268,3597,6216,1265,7864
5090,268,3597,6844,1033,9830
5090,268,3597,4425,8323,533
5090,268,3597,9970,2578,6533
5090,268,3597,331,9103,4144
5090,268,3597,3838,9341,1154
5090,268,3597,6777,6242,2369
5090,268,3597,7228,6283,1833
5090,268,3597,7276,1492,2995
5090,268,3597,8141,6940,5782
5090,268,3597,7368,7161,6881
5090,268,3597,8197,219,7465
5090,268,3597,9511,2727,1786
5090,268,3597,9360,7176,3062
5090,268,3597,3753,1177,7396
5090,268,3597,6280,3344,8639
5090,268,3597,6595,5490,2147
5090,268,3597,8717,7817,6858
5090,268,3597,5844,575,1409
5090,268,3597,359,1832,5057
5090,268,3597,3769,2761,9737
5090,268,3597,7384,3253,4322
5090,268,3597,4625,8656,7505
5090,268,3597,2470,6794,5285
5090,268,3597,5004,4743,7530
5090,268,3597,6252,1440,3735
5090,268,3597,924,1932,6593
5090,268,3597,7032,7468,1105
5090,268,3597,8506,9872,8384
5090,268,3597,8705,9542,4818
5090,268,3597,7910,3769,6839
5090,268,3597,9225,8301,6888
5090,268,3597,426,9482,4372
5090,268,3597,4047,3967,7293
5090,268,3597,8482,3688,2777
5090,268,3597,460,7701,9529
5090,268,3597,34,9804,5955
5090,268,3597,250,1760,317
5090,268,3597,6830,7590,3561
5090,268,3597,4946,1214,9002
5090,268,3597,1678,5644,4958
5090,268,3597,6867,4863,6129
5090,268,3597,8299,3466,8956
5090,268,3597,1712,7003,3007
5090,268,3597,8825,4406,7852
5090,268,3597,9163,2083,9089
5090,268,3597,6312,1199,3730
5090,268,3597,5728,3977,6742
5090,268,3597,7409,8409,6387
5090,268,3597,4448,2927,7090
5090,268,3597,337,4802,7611
5090,268,3597,1595,7608,23
5090,268,3597,1506,5985,9749
5090,268,3597,5257,6741,1475
5090,268,3597,9422,6921,9382
5090,268,3597,705,1263,2425
5090,268,3597,3800,4387,892
5090,268,3597,4776,9629,8359
5090,268,3597,5877,4632,2745
5090,268,3597,4538,904,5751
5090,268,3597,8728,2192,9724
5090,268,3597,1626,2,2313
5090,268,3597,8492,799,8681
5090,268,3597,7447,8997,6842
5090,268,3597,6836,5012,8949
5090,268,3597,1837,7552,8904
5090,268,3597,9454,7382,7069
5090,268,3597,6074,5589,236
5090,268,3597,5336,936,6543
5090,268,3597,1834,5032,9817
5090,268,3597,536,6681,5772
5090,268,3597,4456,1769,5349
5090,268,3597,6655,5892,7576
5090,268,3597,9353,7468,7663
5090,268,3597,6467,5599,4266
5090,268,3597,6096,2136,4604
5090,268,3597,4266,8984,6333
5090,268,3597,7936,1731,70
5090,268,3597,694,9853,1002
5090,268,3597,4552,8829,7951
5090,268,3597,2425,4408,4452
5090,268,3597,4911,7535,7727
5090,268,3597,6726,1363,2367
5090,268,3597,995,2499,4471
5090,268,3597,6798,1178,4523
5090,268,3597,2273,1214,940
5090,268,3597,8730,3211,4711
5090,268,3597,6656,3988,1361
5090,268,3597,9183,3256,6870
5090,268,3597,4105,956,4173
5090,268,3597,813,3793,8609
5090,268,3597,4784,1457,6082
5090,268,3597,8054,4900,9293
5090,268,3597,8914,5960,4433
5090,268,3597,59,1513,1910
5090,268,3597,9829,5838,4543
5090,268,3597,4454,716,9573
5090,268,3597,1986,1031,4192
5090,268,3597,6097,4657,490
5090,268,3597,4938,4520,7044
5090,268,3597,6669,9952,534
5090,268,3597,6242,8553,7967
5090,268,3597,4225,9496,1743
5090,268,3597,7119,65,4558
5090,268,3597,1991,1127,7623
5090,268,3597,5670,1654,545
5090,268,3597,3244,4518,3306
5090,268,3597,9385,4563,2877
5090,268,3597,9895,6107,1858
5090,268,3597,5608,6457,1470
5090,268,3597,6000,365,9018
5090,268,3597,8779,9411,1308
5090,268,3597,6060,9397,239
5090,268,3597,350,9918,1333
5090,268,3597,9053,6199,1164
5090,268,3597,5226,0,6054
5090,268,3597,167,4964,9812
5090,268,3597,14,8771,5892
5090,268,3597,2097,4027,2404
5090,268,3597,1231,9715,5442
5090,268,3597,3301,8169,235
5090,268,3597,1542,2461,7595
5090,268,3597,3429,2825,2156
5090,268,3597,1034,5261,6519
5090,268,3597,7675,6863,9722
5090,268,3597,7314,38,5754
5090,268,3597,6246,3744,4955
5090,268,3597,1529,686,7109
5090,268,3597,2092,3560,9642
5090,268,3597,8750,7517,5624
5090,268,3597,3737,5125,1644
5090,268,3597,9474,4782,4197
5090,268,3597,4702,2635,6256
5090,268,3597,1209,5553,4456
5090,268,3597,7323,8623,1812
5090,268,3597,2980,5914,8522
5090,268,3597,208,4504,3294
5090,268,3597,7712,6111,9408
5090,268,3597,9474,3735,194
5090,268,3597,4127,9329,8564
5090,268,3597,3200,5095,4120
5090,268,3597,3258,5717,3172
5090,268,3597,9499,7627,6090
5090,268,3597,9058,1979,5690
5090,268,3597,2876,6331,4834
5090,268,3597,6516,5857,5001
5090,268,3597,4967,4744,1405
5090,268,3597,2768,5988,3324
5090,268,3597,9774,3824,9626
5090,268,3597,9153,258,5739
5090,268,3597,2224,2316,7063
5090,268,3597,6131,9268,2202
5090,268,3597,9114,2874,1698
5090,268,3597,3478,3737,5721
5090,268,3597,358,7697,9600
5090,268,3597,8902,6575,728
5090,268,3597,3975,16,2623
5090,268,3597,8912,8665,6291
5090,268,3597,9341,7669,2728
5090,268,3597,9674,7129,9082
5090,268,3597,6841,3148,1150
5090,268,3597,3388,2282,7801
5090,268,3597,5506,4445,9398
5090,268,3597,8073,1832,4514
5090,268,3597,473,341,331
5090,268,3597,4762,7506,399
5090,268,3597,8246,1110,4948
5090,268,3597,3303,7393,6371
5090,268,3597,2047,3088,6405
5090,268,3597,8804,4485,6852
5090,268,3597,4961,1800,603
5090,268,3597,1866,809,2188
5090,268,3597,9481,3131,7022
5090,268,3597,3962,8463,3238
5090,268,3597,7698,816,4486
5090,268,3597,3826,5747,1762
5090,268,3597,8541,7510,3864
5090,268,3597,3665,9908,8968
5090,268,3597,1300,5047,1512
5090,268,3597,9486,1607,1258
5090,268,3597,3735,9250,5327
5090,268,3597,490,2518,1286
5090,268,3597,3509,3513,2027
5090,268,3597,9031,5881,1343
5090,268,3597,3908,5882,9974
5090,268,3597,242,5673,8803
5090,268,3597,4243,3756,5187
5090,268,3597,7483,3997,2719
5090,268,3597,2313,4514,1164
5090,268,3597,6307,2464,3916
5090,268,3597,8319,4967,7178
5090,268,3597,9783,2577,582
5090,268,3597,4286,671,5155
5090,268,3597,1048,525,3804
5090,268,3597,7659,4698,476
5090,268,3597,5795,590,1716
5090,268,3597,7277,3801,1587
5090,268,3597,4589,4791,3378
5090,268,3597,998,5312,1391
5090,268,3597,1805,7058,6973
5090,268,3597,6172,6204,8953
5090,268,3597,5836,3225,8304
5090,268,3597,2043,7936,4528
5090,268,3597,6286,7118,5952
5090,268,3597,9357,2923,9310
5090,268,3597,7856,7119,2976
5090,268,3597,9492,5218,7769
5090,268,3597,5945,6720,9743
5090,268,3597,8253,3850,8643
5090,268,3597,9039,257,2226
5090,268,3597,5109,958,4094
5090,268,3597,3820,4686,4853
5090,268,3597,6210,5249,1127
5090,268,3597,4191,9533,298
5090,268,3597,4839,9052,9461
5090,268,3597,9169,5104,3272
5090,268,3597,597,3000,2849
5090,268,3597,8914,3112,655
5090,268,3597,9020,9561,2944
5090,268,3597,6561,123,8607
5090,268,3597,9668,122,3958
5090,268,3597,7735,5209,87
5090,268,3597,6339,6179,5765
5090,268,3597,2780,2293,795
5090,268,3597,7898,4075,3403
5090,268,3597,6046,3975,1008
5090,268,3597,5874,8696,6071
5090,268,3597,8042,7515,4081
5090,268,3597,6330,7438,1960
5090,268,3597,7009,800,6425
5090,268,3597,6139,4753,2137
5090,268,3597,7195,5272,2585
5090,268,3597,3728,8294,5464
5090,268,3597,4559,5833,4898
5090,268,3597,3987,2352,818
5090,268,3597,1084,4738,2003
5090,268,3597,4696,2119,1726
5090,268,3597,9912,3945,3472
5090,268,3597,3697,2846,692
5090,268,3597,7267,7900,6601
5090,268,3597,8470,1012,6439
5090,268,3597,8638,7076,7618
5090,268,3597,642,9081,5199
5090,268,3597,1264,3849,9276
5090,268,3597,791,726,4248
5090,268,3597,4338,7343,952
5090,268,3597,7672,3180,7096
5090,268,3597,3461,6981,2641
5090,268,3597,6145,9329,5733
5090,268,3597,6957,5595,8218
5090,268,3597,2218,3541,473
5090,268,3597,3731,2839,5085
5090,268,3597,6292,4908,1180
5090,268,3597,5786,3292,3329
5090,268,3597,3235,2320,8768
5090,268,3597,5413,2258,3376
5090,268,3597,3116,5288,8044
5090,268,3597,8139,9110,810
5090,268,3597,7501,2677,805
5090,268,3597,11,3823,1524
5090,268,3597,8513,4858,3488
5090,268,3597,2956,4441,5527
5090,268,3597,1373,8047,8366
5090,268,3597,8723,9961,5192
5090,268,3597,366,4509,6178
5090,268,3597,1729,5016,9086
5090,268,3597,1784,9425,3805
5090,268,3597,1134,7067,8335
5090,268,3597,8756,818,2701
5090,268,3597,856,8551,2663
5090,268,3597,5738,93,1797
5090,268,3597,3726,7289,2579
5090,268,3597,7181,6530,2383
5090,268,3597,9527,1222,6359
5090,268,3597,7462,3356,6562
5090,268,3597,4645,2240,2382
5090,268,3597,4135,688,1189
5090,268,3597,3263,9061,4325
5090,268,3597,5133,6153,1226
5090,268,3597,3311,2883,3033
5090,268,3597,3949,2705,7322
5090,268,3597,8705,2026,1488
5090,268,3597,6860,3365,2541
5090,268,3597,7297,7601,6130
5090,268,3597,6808,4469,8771
5090,268,3597,9607,5906,8960
5090,268,3597,8557,2246,2067
5090,268,3597,2327,6425,7768
5090,268,3597,7640,165,1722
5090,268,3597,6419,2065,4291
5090,268,3597,6939,4602,1799
5090,268,3597,2080,9730,9417
5090,268,3597,4487,7025,7981
5090,268,3597,5717,9331,6759
5090,268,3597,7311,3373,9374
5090,268,3597,2240,2411,9394
5090,268,3597,7717,6800,9544
5090,268,3597,9331,9091,6621
5090,268,3597,1952,6632,1978
5090,268,3597,797,7510,3210
5090,268,3597,9318,6530,6751
5090,268,3597,7857,5346,1703
5090,268,3597,9788,8218,4520
5090,268,3597,4830,7932,6090
5090,268,3597,4243,6239,3441
5090,268,3597,3312,8593,8820
5090,268,3597,8790,169,5009
5090,268,3597,9367,5017,2712
5090,268,3597,5041,1539,6513
5090,268,3597,9329,6089,3401
5090,268,3597,9339,437,2549
5090,268,3597,5184,3832,8804
5090,268,3597,2572,932,4918
5090,268,3597,3470,9402,8022
5090,268,3597,8990,9998,9174
5090,268,3597,3705,5171,1302
5090,268,3597,5701,331,2703
5090,268,3597,9618,1443,6591
5090,268,3597,2053,6715,926
5090,268,3597,2351,7126,4598
5090,268,3597,9668,1273,3585
5090,268,3597,7431,8407,2089
5090,268,3597,7260,7306,3339
5090,268,3597,173,9037,4442
5090,268,3597,5212,5117,9242
5090,268,3597,2153,4908,6248
5090,268,3597,5575,7942,4768
5090,268,3597,2224,859,7980
5090,268,3597,8801,9189,3098
5090,268,3597,4853,9526,2919
5090,268,3597,9005,5569,6611
5090,268,3597,9559,4034,5055
5090,268,3597,2536,2906,4932
5090,268,3597,3440,9207,3742
5090,268,3597,4086,5748,1797
5090,268,3597,8280,7916,4392
5090,268,3597,6740,1718,9998
5090,268,3597,2299,6989,7677
5090,268,3597,7784,5694,2709
5090,268,3597,5836,6460,3393
5090,268,3597,6698,7360,1254
5090,268,3597,169,1889,4931
5090,268,3597,3554,5756,5303
5090,268,3597,6191,1804,8849
5090,268,3597,3816,2619,2263
5090,268,3597,4335,4874,8862
5090,268,3597,8048,3670,7561
5090,268,3597,3980,3300,7384
5090,268,3597,4420,4865,2412
5090,268,3597,3552,3508,4150
5090,268,3597,2252,5769,1687
5090,268,3597,1323,943,9936
5090,268,3597,5289,9351,1063
5090,268,3597,7377,1720,7765
5090,268,3597,5760,5884,1631
5090,268,3597,7458,4453,1013
5090,268,3597,2989,1182,1505
5090,268,3597,282,5315,9771
5090,268,3597,9639,5534,7033
5090,268,3597,6759,7680,5417
5090,268,3597,9959,4633,3959
5090,268,3597,5529,5178,116
5090,268,3597,4026,9503,6451
5090,268,3597,1879,2875,6581
5090,268,3597,3305,5632,6938
5090,268,3597,2036,770,6897
5090,268,3597,5539,1284,1629
5090,268,3597,5472,7810,5098
5090,268,3597,1159,1336,308
5090,268,3597,4961,3225,68
5090,268,3597,7274,230,3495
5090,268,3597,4109,4088,4741
5090,268,3597,5763,2137,4640
5090,268,3597,1258,5990,5362
5090,268,3597,5526,8208,333
5090,268,3597,204,8512,2145
5090,268,3597,7152,5319,9457
5090,268,3597,5329,6780,410
5090,268,3597,3456,4555,4159
5090,268,3597,9311,3847,7297
5090,268,3597,6109,6441,8613
5090,268,3597,4723,3953,757
5090,268,3597,2489,6327,7705
5090,268,3597,9929,8816,3917
5090,268,3597,2233,868,815
5090,268,3597,4234,5223,5364
5090,268,3597,4947,9147,1930
5090,268,3597,6710,5430,3758
5090,268,3597,7510,7293,6899
5090,268,3597,3877,6675,6255
5090,268,3597,4483,1977,7857
5090,268,3597,6319,6516,5894
5090,268,3597,8573,8920,6322
5090,268,3597,9701,4154,370
5090,268,3597,5761,854,1865
5090,268,3597,1904,1545,1905
5090,268,3597,8479,3458,4161
5090,268,3597,6122,4562,1491
5090,268,3597,6399,3606,1534
5090,268,3597,1043,2957,6699
5090,268,3597,5212,7996,6078
5090,268,3597,4869,1691,448
5090,268,3597,3107,5866,4346
5090,268,3597,5221,4837,4644
5090,268,3597,6760,1122,5722
5090,268,3597,4531,6211,698
5090,268,3597,259,6077,9011
5090,268,3597,8977,2555,6585
5090,268,3597,5936,2688,2953
5090,268,3597,2539,4400,6378
5090,268,3597,7777,3976,7656
5090,268,3597,3183,5215,4809
5090,268,3597,4388,8664,1637
5090,268,3597,4059,1490,5835
5090,268,3597,1793,4176,9667
5090,268,3597,3746,2970,8225
5090,268,3597,7889,1806,3283
5090,268,3597,9648,528,7244
5090,268,3597,708,694,5756
5090,268,3597,5079,3765,3008
5090,268,3597,2440,7887,5873
5090,268,3597,6366,4580,7692
5090,268,3597,349,1152,3172
5090,268,3597,9541,5466,6050
5090,268,3597,3778,451,6415
5090,268,3597,9184,3430,5830
5090,268,3597,6731,1978,3388
5090,268,3597,9160,4242,4677
5090,268,3597,3097,8555,8717
5090,268,3597,3217,1355,9345
5090,268,3597,2897,4911,2889
5090,268,3597,5746,1540,3151
5090,268,3597,7247,1564,900
5090,268,3597,2465,3929,7346
5090,268,3597,4194,7892,1872
5090,268,3597,3073,1483,9309
5090,268,3597,4392,2732,2637
5090,268,3597,6940,2503,1515
5090,268,3597,7491,9433,6757
5090,268,3597,9482,9737,363
5090,268,3597,769,5694,90
5090,268,3597,2514,8833,4567
5090,268,3597,986,2768,1545
5090,268,3597,7267,9951,2997
5090,268,3597,4094,8760,6335
5090,268,3597,1136,4883,4914
5090,268,3597,3219,2651,7213
5090,268,3597,7242,6732,105
5090,268,3597,2597,6741,4534
5090,268,3597,5050,4320,3939
5090,268,3597,8860,2992,2635
5090,268,3597,7088,4683,6358
5090,268,3597,237,1404,189
5090,268,3597,3116,8904,2933
5090,268,3597,9636,1373,3328
5090,268,3597,7983,3441,4690
5090,268,3597,7086,5205,149
5090,268,3597,9571,1789,9167
5090,268,3597,9699,4795,4335
5090,268,3597,9109,6546,3803
5090,268,3597,5441,6321,9121
5090,268,3597,1118,4942,1931
5090,268,3597,7903,7552,9832
5090,268,3597,4159,7798,6701
5090,268,3597,7755,6926,4158
5090,268,3597,1377,5642,7302
5090,268,3597,9403,4138,9631
5090,268,3597,1146,9755,7170
5090,268,3597,3327,9004,1777
5090,268,3597,6625,886,6501
5090,268,3597,5869,6694,4186
5090,268,3597,5967,6064,6666
5090,268,3597,9259,5005,6932
5090,268,3597,2445,447,7278
5090,268,3597,4550,175,6785
5090,268,3597,2780,7939,8485
5090,268,3597,4980,2502,8263
5090,268,3597,8679,4954,9807
