8707,2261,1033,2334,3753,8533
8707,2261,1033,8883,6563,7782
8707,2261,1033,2363,2357,9460
8707,2261,1033,229,4233,131
8707,2261,1033,377,6852,9060
8707,2261,1033,5698,1275,2474
8707,2261,1033,1216,6952,8499
8707,2261,1033,4428,1249,7442
8707,2261,1033,7627,5627,2230
8707,2261,1033,2437,9110,687
8707,2261,1033,342,4634,839
8707,2261,1033,9308,2873,7205
8707,2261,1033,6091,9303,2096
8707,2261,1033,5645,438,7617
8707,2261,1033,4191,4216,9667
8707,2261,1033,6600,1874,1576
8707,2261,1033,2106,8838,9569
8707,2261,1033,6682,420,9176
8707,2261,1033,410,5384,417
8707,2261,1033,8582,7070,9911
8707,2261,1033,4601,3309,4253
8707,2261,1033,2615,9363,3218
8707,2261,1033,5145,5727,7837
8707,2261,1033,1598,6219,9819
8707,2261,1033,7209,5701,6334
8707,2261,1033,2249,7552,6024
8707,2261,1033,2225,9040,6772
8707,2261,1033,3289,2005,5467
8707,2261,1033,8424,6196,7745
8707,2261,1033,1273,10000,9748
8707,2261,1033,3667,8698,7410
8707,2261,1033,3805,5332,8546
8707,2261,1033,940,4961,9382
8707,2261,1033,3522,2103,8588
8707,2261,1033,667,7244,1989
8707,2261,1033,6592,6965,3195
8707,2261,1033,8634,7764,1563
8707,2261,1033,5773,632,4753
8707,2261,1033,7014,4159,5880
8707,2261,1033,6740,3655,6426
8707,2261,1033,8994,7121,7181
8707,2261,1033,121,2710,9888
8707,2261,1033,9946,9524,3123
8707,2261,1033,9660,4311,6340
8707,2261,1033,8244,8412,5164
8707,2261,1033,1581,4562,6435
8707,2261,1033,5136,153,547
8707,2261,1033,55,5513,7765
8707,2261,1033,2335,779,9852
8707,2261,1033,7602,3778,5327
8707,2261,1033,1763,3024,7076
8707,2261,1033,3025,9488,8341
8707,2261,1033,3694,2463,7365
8707,2261,1033,9000,4369,2200
8707,2261,1033,6514,6005,2495
8707,2261,1033,5844,1256,3110
8707,2261,1033,743,6455,7447
8707,2261,1033,5007,496,8402
8707,2261,1033,6339,966,2685
8707,2261,1033,7971,8346,2045
8707,2261,1033,1193,2954,9928
8707,2261,1033,8409,6428,6866
8707,2261,1033,9093,715,6305
8707,2261,1033,5645,6096,1854
8707,2261,1033,9272,6620,8123
8707,2261,1033,3110,6022,2777
8707,2261,1033,2919,7354,4348
8707,2261,1033,3300,9382,6363
8707,2261,1033,474,6081,3787
8707,2261,1033,9476,3621,7292
8707,2261,1033,1259,7427,1836
8707,2261,1033,6707,7026,8812
8707,2261,1033,6028,297,4813
8707,2261,1033,564,9108,7453
8707,2261,1033,6619,6166,7871
8707,2261,1033,7601,3825,6410
8707,2261,1033,3051,4185,6615
8707,2261,1033,1179,1496,4701
8707,2261,1033,5490,7115,3495
8707,2261,1033,3358,6313,882
8707,2261,1033,5253,6337,9949
8707,2261,1033,3570,4686,4217
8707,2261,1033,1824,2117,7099
8707,2261,1033,3365,2302,1388
8707,2261,1033,3554,5363,2812
8707,2261,1033,2119,4587,1559
8707,2261,1033,8887,3363,3835
8707,2261,1033,2446,3417,7881
8707,2261,1033,7041,8736,8569
8707,2261,1033,7166,7727,3672
8707,2261,1033,2541,4609,1136
8707,2261,1033,4327,717,7996
8707,2261,1033,5308,1568,4374
8707,2261,1033,5750,932,900
8707,2261,1033,7581,8076,2325
8707,2261,1033,7928,8974,9474
8707,2261,1033,7213,127,9989
8707,2261,1033,3833,5253,5775
8707,2261,1033,5994,6203,9811
8707,2261,1033,4105,1991,6062
8707,2261,1033,8886,2543,3115
8707,2261,1033,7706,1613,4854
8707,2261,1033,8014,3343,6945
8707,2261,1033,9299,6265,1429
8707,2261,1033,3260,2057,174
8707,2261,1033,3891,8359,5567
8707,2261,1033,4176,12,3083
8707,2261,1033,7258,4939,6314
8707,2261,1033,6239,6387,6282
8707,2261,1033,6197,553,4010
8707,2261,1033,6434,5103,835
8707,2261,1033,2386,917,8750
8707,2261,1033,484,556,8326
8707,2261,1033,8281,7677,2912
8707,2261,1033,7714,7213,6400
8707,2261,1033,3617,1107,3091
8707,2261,1033,5190,7722,9773
8707,2261,1033,3160,5295,6844
8707,2261,1033,9514,4874,4377
8707,2261,1033,4929,5075,9312
8707,2261,1033,8122,2120,1131
8707,2261,1033,5044,6888,8171
8707,2261,1033,2459,5166,3574
8707,2261,1033,946,4924,5063
8707,2261,1033,600,428,278
8707,2261,1033,9641,1755,2916
8707,2261,1033,9120,4199,142
8707,2261,1033,3486,5877,6284
8707,2261,1033,720,451,7485
8707,2261,1033,8611,9485,35
8707,2261,1033,3084,9332,8636
8707,2261,1033,8614,3822,7598
8707,2261,1033,6572,3016,8723
8707,2261,1033,1893,2780,5694
8707,2261,1033,56,3822,368
8707,2261,1033,896,1800,5617
8707,2261,1033,7365,3462,2033
8707,2261,1033,3231,4504,7531
8707,2261,1033,9643,1993,7774
8707,2261,1033,3398,6988,4277
8707,2261,1033,3746,6595,8529
8707,2261,1033,7558,7211,6440
8707,2261,1033,6321,3602,157
8707,2261,1033,9238,6389,1022
8707,2261,1033,648,1846,6912
8707,2261,1033,5379,9207,8089
8707,2261,1033,494,1942,2560
8707,2261,1033,4775,3910,6223
8707,2261,1033,7641,5977,8991
8707,2261,1033,9529,5184,9860
8707,2261,1033,7632,8978,4530
8707,2261,1033,5621,7279,491
8707,2261,1033,6199,3058,5543
8707,2261,1033,1747,810,6082
8707,2261,1033,9301,4148,6115
8707,2261,1033,5427,6602,9201
8707,2261,1033,9311,2714,8038
8707,2261,1033,3510,1492,3548
8707,2261,1033,1948,3057,5651
8707,2261,1033,8928,564,207
8707,2261,1033,9157,6343,5025
8707,2261,1033,3869,7283,7442
8707,2261,1033,6276,1181,4609
8707,2261,1033,7780,1217,740
8707,2261,1033,2043,4013,3837
8707,2261,1033,8932,6463,8632
8707,2261,1033,3821,8224,1474
8707,2261,1033,878,9067,1598
8707,2261,1033,7507,5801,1325
8707,2261,1033,1681,2074,2949
8707,2261,1033,5316,9124,7216
8707,2261,1033,1721,6333,3619
8707,2261,1033,516,2956,7074
8707,2261,1033,9838,8654,5963
8707,2261,1033,4469,651,940
8707,2261,1033,1064,9927,7297
8707,2261,1033,1516,2982,3495
8707,2261,1033,3433,5488,4603
8707,2261,1033,2405,531,1272
8707,2261,1033,1721,4109,5787
8707,2261,1033,7476,8845,3987
8707,2261,1033,7367,1524,5931
8707,2261,1033,8359,6580,9303
8707,2261,1033,7429,6183,5161
8707,2261,1033,241,4208,2286
8707,2261,1033,1233,2068,3585
8707,2261,1033,567,4310,4847
8707,2261,1033,6995,4460,3140
8707,2261,1033,1380,9373,865
8707,2261,1033,5810,9766,7675
8707,2261,1033,5320,5032,8627
8707,2261,1033,746,7777,8637
8707,2261,1033,4564,1994,472
8707,2261,1033,9930,8415,6377
8707,2261,1033,6602,4362,7381
8707,2261,1033,237,411,2656
8707,2261,1033,6870,2591,8067
8707,2261,1033,3590,2108,9307
8707,2261,1033,3337,8784,274
8707,2261,1033,794,3565,3562
8707,2261,1033,8725,6886,2768
8707,2261,1033,1170,2531,9129
8707,2261,1033,7834,8237,4004
8707,2261,1033,5049,5169,924
8707,2261,1033,2603,2124,477
8707,2261,1033,3389,662,1630
8707,2261,1033,3200,9969,3250
8707,2261,1033,2048,5269,664
8707,2261,1033,3935,5742,829
8707,2261,1033,2988,7946,6922
8707,2261,1033,6026,4192,6238
8707,2261,1033,4838,2967,1042
8707,2261,1033,1927,1112,210
8707,2261,1033,2150,1298,5278
8707,2261,1033,516,7434,3573
8707,2261,1033,7842,6478,5281
8707,2261,1033,2442,6786,5429
8707,2261,1033,1070,56,9532
8707,2261,1033,1624,4219,8134
8707,2261,1033,1832,6059,6296
8707,2261,1033,7214,8607,4956
8707,2261,1033,301,7354,9027
8707,2261,1033,3269,3030,4547
8707,2261,1033,7643,3683,3108
8707,2261,1033,1633,6476,6722
8707,2261,1033,1638,1645,4415
8707,2261,1033,1531,6843,3471
8707,2261,1033,6111,782,4873
8707,2261,1033,2049,7740,3963
8707,2261,1033,989,1032,7413
8707,2261,1033,7932,9971,3033
8707,2261,1033,125,5119,5570
8707,2261,1033,9049,6666,9784
8707,2261,1033,5261,4148,9033
8707,2261,1033,2232,4281,2989
8707,2261,1033,3917,8898,7038
8707,2261,1033,6279,9408,9433
8707,2261,1033,219,1150,835
8707,2261,1033,8254,1107,7605
8707,2261,1033,5928,2108,1485
8707,2261,1033,8133,982,3171
8707,2261,1033,5825,2891,7541
8707,2261,1033,9811,357,233
8707,2261,1033,1070,9365,5911
8707,2261,1033,5006,3357,3633
8707,2261,1033,9969,4693,1671
8707,2261,1033,2073,4306,9415
8707,2261,1033,2077,576,1137
8707,2261,1033,8172,968,7106
8707,2261,1033,8950,5541,340
8707,2261,1033,560,7486,2547
8707,2261,1033,3694,1383,4564
8707,2261,1033,6668,6546,5872
8707,2261,1033,4448,3483,7645
8707,2261,1033,8751,650,6023
8707,2261,1033,5079,252,4202
8707,2261,1033,9112,3251,3202
8707,2261,1033,1824,620,6182
8707,2261,1033,6411,8298,8767
8707,2261,1033,8730,2978,4059
8707,2261,1033,7122,3185,5814
8707,2261,1033,2529,3029,5561
8707,2261,1033,9239,7909,8566
8707,2261,1033,7761,2021,2490
8707,2261,1033,7497,4445,7478
8707,2261,1033,9244,5070,7602
8707,2261,1033,8703,370,954
8707,2261,1033,3860,2170,5851
8707,2261,1033,1822,8548,3638
8707,2261,1033,5632,730,1111
8707,2261,1033,2051,6591,2584
8707,2261,1033,6287,8957,651
8707,2261,1033,3024,9129,2759
8707,2261,1033,323,4980,5033
8707,2261,1033,6328,8737,7465
8707,2261,1033,2924,6870,77
8707,2261,1033,7248,4192,1113
8707,2261,1033,5813,8367,868
8707,2261,1033,5495,4291,7363
8707,2261,1033,5712,5589,2462
8707,2261,1033,9371,2245,9018
8707,2261,1033,5463,6360,5459
8707,2261,1033,3606,563,7161
8707,2261,1033,4001,595,5310
8707,2261,1033,113,115,3467
8707,2261,1033,8796,7813,7564
8707,2261,1033,8488,7373,149
8707,2261,1033,5772,2314,8219
8707,2261,1033,9465,6682,2253
8707,2261,1033,2546,118,1724
8707,2261,1033,3339,3292,6446
8707,2261,1033,4890,5553,5757
8707,2261,1033,6540,2772,4818
8707,2261,1033,2382,6306,5591
8707,2261,1033,8145,7275,5382
8707,2261,1033,8976,9265,683
8707,2261,1033,2580,7567,807
8707,2261,1033,8483,6277,3847
8707,2261,1033,1880,8373,946
8707,2261,1033,3076,1331,3761
8707,2261,1033,2951,9710,5088
8707,2261,1033,5507,730,2009
8707,2261,1033,1815,9131,9004
8707,2261,1033,916,1172,9822
8707,2261,1033,4673,6091,4522
8707,2261,1033,7972,6275,5850
8707,2261,1033,2573,6410,9246
8707,2261,1033,5846,2131,7105
8707,2261,1033,4918,591,4236
8707,2261,1033,9018,8338,6048
8707,2261,1033,1492,6042,2976
8707,2261,1033,7827,3901,9933
8707,2261,1033,2499,8279,5697
8707,2261,1033,8458,1974,4094
8707,2261,1033,3223,603,9024
8707,2261,1033,2621,9306,6856
8707,2261,1033,8974,1092,895
8707,2261,1033,2583,4786,6266
8707,2261,1033,3586,2275,1947
8707,2261,1033,7013,1471,3295
8707,2261,1033,1838,4006,8940
8707,2261,1033,2403,1159,2218
8707,2261,1033,7532,2545,5318
8707,2261,1033,9506,5394,8698
8707,2261,1033,5533,1292,7579
8707,2261,1033,7732,3932,3283
8707,2261,1033,3492,1187,4138
8707,2261,1033,1083,8252,2913
8707,2261,1033,592,9260,5408
8707,2261,1033,3270,4786,1811
8707,2261,1033,7447,7440,4086
8707,2261,1033,7855,6620,5837
8707,2261,1033,134,2496,8484
8707,2261,1033,7172,675,6590
8707,2261,1033,9739,922,6155
8707,2261,1033,9039,7054,6827
8707,2261,1033,8375,1752,2096
8707,2261,1033,6249,5856,2218
8707,2261,1033,8662,2965,3132
8707,2261,1033,2742,87,2443
8707,2261,1033,9890,9385,7064
8707,2261,1033,7081,9710,7634
8707,2261,1033,7005,4942,7639
8707,2261,1033,9322,3985,5813
8707,2261,1033,8557,2795,3996
8707,2261,1033,6109,2397,54
8707,2261,1033,8902,2164,3766
8707,2261,1033,3804,3416,5303
8707,2261,1033,6163,9904,6460
8707,2261,1033,6817,6708,3282
8707,2261,1033,364,5054,1859
8707,2261,1033,692,7613,3478
8707,2261,1033,4939,5386,6024
8707,2261,1033,6536,1106,5886
8707,2261,1033,4047,9668,3296
8707,2261,1033,4482,4510,701
8707,2261,1033,2662,1689,186
8707,2261,1033,4171,7921,2674
8707,2261,1033,2091,8866,7397
8707,2261,1033,6242,6557,9208
8707,2261,1033,9527,5002,1441
8707,2261,1033,562,2935,8954
8707,2261,1033,4497,5810,3304
8707,2261,1033,7020,8608,8057
8707,2261,1033,4944,8250,8363
8707,2261,1033,1597,6461,5147
8707,2261,1033,5570,8714,8419
8707,2261,1033,8588,4487,224
8707,2261,1033,8028,1740,8829
8707,2261,1033,212,2570,858
8707,2261,1033,6140,5266,8900
8707,2261,1033,4141,4508,621
8707,2261,1033,3022,7113,7657
8707,2261,1033,949,2482,4719
8707,2261,1033,5391,2326,5432
8707,2261,1033,1454,6676,5766
8707,2261,1033,8245,8609,6210
8707,2261,1033,3446,583,4353
8707,2261,1033,2498,5845,4142
8707,2261,1033,649,686,7738
8707,2261,1033,7089,9827,8464
8707,2261,1033,1419,6240,268
8707,2261,1033,4201,3131,3349
8707,2261,1033,9865,6988,1457
8707,2261,1033,5074,7266,3175
8707,2261,1033,8874,1545,466
8707,2261,1033,3676,4108,9420
8707,2261,1033,3057,314,50
8707,2261,1033,4892,4206,3960
8707,2261,1033,8883,9538,8762
8707,2261,1033,4505,7369,8223
8707,2261,1033,191,8091,63
8707,2261,1033,1189,7759,5506
8707,2261,1033,5458,648,9880
8707,2261,1033,9535,2423,1600
8707,2261,1033,8747,871,8697
8707,2261,1033,4770,6596,6293
8707,2261,1033,3509,3671,9930
8707,2261,1033,7721,3398,1213
8707,2261,1033,8506,8885,2240
8707,2261,1033,2373,2828,8724
8707,2261,1033,3701,6189,3962
8707,2261,1033,4694,5995,5531
8707,2261,1033,2549,9985,2041
8707,2261,1033,6335,3209,8911
8707,2261,1033,3000,6358,3822
8707,2261,1033,2724,6664,3468
8707,2261,1033,9839,1978,7652
8707,2261,1033,6456,2574,8632
8707,2261,1033,7874,2139,5401
8707,2261,1033,4709,7145,178
8707,2261,1033,2280,2958,2262
8707,2261,1033,2712,9564,5364
8707,2261,1033,4155,4091,3770
8707,2261,1033,371,6067,8093
8707,2261,1033,6140,2182,4630
8707,2261,1033,7648,571,9179
8707,2261,1033,2749,8692,6975
8707,2261,1033,7529,8200,8563
8707,2261,1033,4053,1486,5710
8707,2261,1033,920,1893,9521
8707,2261,1033,3872,4297,3357
8707,2261,1033,2444,8643,6881
8707,2261,1033,600,3025,1005
8707,2261,1033,810,8499,1259
8707,2261,1033,6606,7807,1815
8707,2261,1033,1132,5041,8707
8707,2261,1033,4222,6111,5797
8707,2261,1033,8851,9903,3993
8707,2261,1033,7417,8073,5022
8707,2261,1033,1681,4010,9756
8707,2261,1033,8639,9830,7623
8707,2261,1033,8223,3788,6990
8707,2261,1033,9526,5229,3454
8707,2261,1033,7673,7794,5333
8707,2261,1033,8930,5700,1687
8707,2261,1033,9469,8019,996
8707,2261,1033,8936,1931,9537
8707,2261,1033,610,9081,154
8707,2261,1033,9455,3498,1496
8707,2261,1033,9749,5857,8060
8707,2261,1033,1391,8788,8550
8707,2261,1033,1177,8328,6184
8707,2261,1033,4156,5887,593
8707,2261,1033,4534,2980,2938
8707,2261,1033,6083,2605,5127
8707,2261,1033,5740,654,5875
8707,2261,1033,9029,2491,4451
8707,2261,1033,9205,1926,5135
8707,2261,1033,6216,2961,5407
8707,2261,1033,7837,9343,1452
8707,2261,1033,9151,9476,78
8707,2261,1033,6252,8066,8987
8707,2261,1033,7768,729,7952
8707,2261,1033,7324,8790,6658
8707,2261,1033,3794,6254,9487
8707,2261,1033,7020,4506,242
8707,2261,1033,2163,7445,8939
8707,2261,1033,1316,9838,2268
8707,2261,1033,4771,9295,4562
8707,2261,1033,7916,5214,6525
8707,2261,1033,198,8007,5366
8707,2261,1033,3437,6250,3931
8707,2261,1033,2507,8710,7668
8707,2261,1033,8686,1251,2676
8707,2261,1033,4675,1801,2114
8707,2261,1033,5721,2272,7706
8707,2261,1033,9051,4190,3624
8707,2261,1033,6321,3356,5272
8707,2261,1033,7772,1655,1439
8707,2261,1033,8932,6532,8297
8707,2261,1033,6490,946,5362
8707,2261,1033,8839,9949,5900
8707,2261,1033,5046,2684,3523
8707,2261,1033,825,8055,3966
8707,2261,1033,7854,9625,8861
8707,2261,1033,4593,6139,7049
8707,2261,1033,3094,6201,8472
8707,2261,1033,9600,8728,2870
8707,2261,1033,3645,2367,4503
8707,2261,1033,1847,1071,2824
8707,2261,1033,5440,6463,2818
8707,2261,1033,695,6576,9536
8707,2261,1033,67,6379,9220
8707,2261,1033,6524,2277,8381
8707,2261,1033,5517,1694,8641
8707,2261,1033,429,9119,7788
8707,2261,1033,6187,9643,8825
8707,2261,1033,1745,5131,9273
8707,2261,1033,7507,3938,9553
8707,2261,1033,5467,9078,3123
8707,2261,1033,6616,8848,2202
8707,2261,1033,1903,3313,2189
8707,2261,1033,9895,9641,7418
8707,2261,1033,5580,7852,4600
8707,2261,1033,1195,7212,2003
8707,2261,1033,2711,3949,907
8707,2261,1033,7743,2054,8768
8707,2261,1033,3555,7840,3266
8707,2261,1033,6276,5410,2017
8707,2261,1033,8115,4374,1962
8707,2261,1033,1416,8560,3673
8707,2261,1033,206,6578,5046
8707,2261,1033,1187,8410,9157
8707,2261,1033,7596,3098,5899
8707,2261,1033,6837,2816,6865
8707,2261,1033,4106,3247,2912
8707,2261,1033,3698,5928,4203
8707,2261,1033,8759,1497,8036
8707,2261,1033,8295,6051,9109
