6903,7119,5580,786,4385,5310
6903,7119,5580,5634,5830,4093
6903,7119,5580,804,5841,1031
6903,7119,5580,965,3548,4297
6903,7119,5580,3616,2381,2236
6903,7119,5580,3390,9820,2669
6903,7119,5580,5806,1806,5269
6903,7119,5580,990,8114,937
6903,7119,5580,4375,879,6031
6903,7119,5580,7125,4545,2183
6903,7119,5580,6733,9280,893
6903,7119,5580,7499,5831,293
6903,7119,5580,1977,9038,465
6903,7119,5580,1681,8250,6980
6903,7119,5580,2094,8645,5586
6903,7119,5580,546,4883,9690
6903,7119,5580,2679,9600,6476
6903,7119,5580,7923,121,6237
6903,7119,5580,6844,7873,2723
6903,7119,5580,5481,3898,691
6903,7119,5580,7705,5542,9719
6903,7119,5580,563,1810,2111
6903,7119,5580,883,9649,8203
6903,7119,5580,2190,8730,4767
6903,7119,5580,2716,9684,928
6903,7119,5580,6580,1037,5385
6903,7119,5580,627,5913,3613
6903,7119,5580,7354,2637,8916
6903,7119,5580,2148,1250,8046
6903,7119,5580,1540,2293,8147
6903,7119,5580,9630,7108,7572
6903,7119,5580,1472,7003,3367
6903,7119,5580,5566,5667,9938
6903,7119,5580,7156,8757,45
6903,7119,5580,8857,9930,3681
6903,7119,5580,9129,705,1691
6903,7119,5580,9601,4277,2249
6903,7119,5580,4876,4161,384
6903,7119,5580,2600,3982,8342
6903,7119,5580,567,5509,2257
6903,7119,5580,7457,1800,5278
6903,7119,5580,9509,6652,4541
6903,7119,5580,6292,1745,8186
6903,7119,5580,4241,5929,3117
6903,7119,5580,9108,9160,8977
6903,7119,5580,7796,2713,1417
6903,7119,5580,9494,6380,4335
6903,7119,5580,7646,3089,8048
6903,7119,5580,7088,1156,4619
6903,7119,5580,9207,1656,1060
6903,7119,5580,9637,7113,811
6903,7119,5580,956,2135,9664
6903,7119,5580,5516,7866,1706
6903,7119,5580,6071,8084,3156
6903,7119,5580,2472,4021,5223
6903,7119,5580,6403,3503,1841
6903,7119,5580,9751,6564,1451
6903,7119,5580,1051,7413,9375
6903,7119,5580,7316,6908,9730
6903,7119,5580,6491,5526,9716
6903,7119,5580,7727,9914,2725
6903,7119,5580,1817,455,9466
6903,7119,5580,5613,2441,6232
6903,7119,5580,5727,3776,7531
6903,7119,5580,381,9838,6987
6903,7119,5580,4257,1869,4363
6903,7119,5580,5077,1493,5180
6903,7119,5580,7989,9909,6482
6903,7119,5580,9280,9160,9194
6903,7119,5580,9484,6666,6613
6903,7119,5580,7894,655,8420
6903,7119,5580,975,7417,8783
6903,7119,5580,7230,4976,2815
6903,7119,5580,9285,1695,5329
6903,7119,5580,1070,979,4834
6903,7119,5580,7665,1744,7921
6903,7119,5580,7726,4808,8280
6903,7119,5580,2720,4805,6232
6903,7119,5580,9271,1635,1721
6903,7119,5580,4451,9364,2464
6903,7119,5580,292,5955,4517
6903,7119,5580,7655,3156,5525
6903,7119,5580,3064,5884,7234
6903,7119,5580,6211,6182,6839
6903,7119,5580,909,4037,6351
6903,7119,5580,345,9384,6665
6903,7119,5580,2693,4380,3847
6903,7119,5580,4871,3887,1139
6903,7119,5580,1631,9204,7786
6903,7119,5580,1702,1176,2966
6903,7119,5580,2571,1737,2882
6903,7119,5580,3141,6033,7963
6903,7119,5580,7087,5225,2027
6903,7119,5580,84,3810,5588
6903,7119,5580,5218,7035,6632
6903,7119,5580,1443,7878,9664
6903,7119,5580,847,8442,8661
6903,7119,5580,8229,8930,5596
6903,7119,5580,7045,3980,9748
6903,7119,5580,7451,2397,5622
6903,7119,5580,1346,9397,4556
6903,7119,5580,4980,848,857
6903,7119,5580,9087,9215,8115
6903,7119,5580,7038,646,7432
6903,7119,5580,5312,8192,2135
6903,7119,5580,4482,1719,2589
6903,7119,5580,4953,456,3400
6903,7119,5580,109,488,848
6903,7119,5580,3615,8107,3831
6903,7119,5580,1047,7187,3786
6903,7119,5580,8250,3819,9576
6903,7119,5580,8081,9320,5404
6903,7119,5580,796,6759,5199
6903,7119,5580,1031,4281,42
6903,7119,5580,7703,3595,9088
6903,7119,5580,683,5580,1794
6903,7119,5580,4008,1125,5390
6903,7119,5580,3394,654,9218
6903,7119,5580,5144,1756,8072
6903,7119,5580,4004,2811,6685
6903,7119,5580,7356,4706,4321
6903,7119,5580,2478,9012,5557
6903,7119,5580,3102,2671,3960
6903,7119,5580,7810,9386,2867
6903,7119,5580,7569,482,3231
6903,7119,5580,8333,6158,4915
6903,7119,5580,6125,3594,2354
6903,7119,5580,9608,437,6292
6903,7119,5580,1510,3368,7327
6903,7119,5580,2930,3213,6619
6903,7119,5580,8226,5354,1893
6903,7119,5580,8333,8025,988
6903,7119,5580,1289,4760,5793
6903,7119,5580,3864,1928,2409
6903,7119,5580,2713,9602,6989
6903,7119,5580,4605,3750,7258
6903,7119,5580,441,3135,5224
6903,7119,5580,7368,5516,799
6903,7119,5580,8698,3154,7165
6903,7119,5580,2692,360,9388
6903,7119,5580,7363,5712,1691
6903,7119,5580,2818,2086,9821
6903,7119,5580,3265,516,1759
6903,7119,5580,8823,5520,3014
6903,7119,5580,5857,7823,6772
6903,7119,5580,8469,3752,4617
6903,7119,5580,3239,5377,46
6903,7119,5580,2205,3787,7019
6903,7119,5580,36,7984,2602
6903,7119,5580,8476,8353,7309
6903,7119,5580,6241,4901,6547
6903,7119,5580,7342,7695,7118
6903,7119,5580,2518,6239,2303
6903,7119,5580,4683,642,6502
6903,7119,5580,7153,7154,6969
6903,7119,5580,8136,994,6190
6903,7119,5580,8979,9215,9731
6903,7119,5580,2247,952,5900
6903,7119,5580,5586,4950,3432
6903,7119,5580,2259,2794,6897
6903,7119,5580,8360,4405,8994
6903,7119,5580,1025,1312,1490
6903,7119,5580,839,3290,6008
6903,7119,5580,4892,4577,4603
6903,7119,5580,8879,5353,3186
6903,7119,5580,9840,6528,8013
6903,7119,5580,1902,4205,1332
6903,7119,5580,4476,1693,5668
6903,7119,5580,4622,2965,8608
6903,7119,5580,9772,1461,4227
6903,7119,5580,2131,293,7630
6903,7119,5580,6484,7193,8519
6903,7119,5580,5021,8387,3639
6903,7119,5580,4644,2644,2194
6903,7119,5580,1005,3861,9114
6903,7119,5580,3004,1782,2286
6903,7119,5580,3266,7560,4115
6903,7119,5580,1655,4734,2073
6903,7119,5580,311,8067,7510
6903,7119,5580,31,5075,385
6903,7119,5580,9930,9150,536
6903,7119,5580,5098,6022,5207
6903,7119,5580,9780,2369,823
6903,7119,5580,4751,9312,1800
6903,7119,5580,4432,8,3299
6903,7119,5580,23,14,5885
6903,7119,5580,3663,7658,3817
6903,7119,5580,5932,5443,1070
6903,7119,5580,1983,7555,1550
6903,7119,5580,1420,1762,4598
6903,7119,5580,9404,7069,4885
6903,7119,5580,3552,2998,795
6903,7119,5580,4495,3163,1341
6903,7119,5580,5976,4717,1969
6903,7119,5580,797,9656,7845
6903,7119,5580,4198,1478,2838
6903,7119,5580,6802,9868,6451
6903,7119,5580,8353,6300,2823
6903,7119,5580,512,8285,9247
6903,7119,5580,8395,1678,5954
6903,7119,5580,7811,9636,3168
6903,7119,5580,9722,3031,2836
6903,7119,5580,1653,9235,1205
6903,7119,5580,8510,8239,6486
6903,7119,5580,8063,3105,6939
6903,7119,5580,5643,4944,8195
6903,7119,5580,6416,8973,9717
6903,7119,5580,9156,3258,4299
6903,7119,5580,4443,1130,2780
6903,7119,5580,5349,7535,746
6903,7119,5580,3940,4132,5212
6903,7119,5580,5025,5344,951
6903,7119,5580,3771,6822,7788
6903,7119,5580,9430,8120,4572
6903,7119,5580,9587,9290,5410
6903,7119,5580,5373,5961,5626
6903,7119,5580,9162,9569,9209
6903,7119,5580,8839,8694,1696
6903,7119,5580,874,8849,9476
6903,7119,5580,1533,4011,1977
6903,7119,5580,9647,1640,6243
6903,7119,5580,9514,6171,6792
6903,7119,5580,9281,929,4699
6903,7119,5580,112,2225,3961
6903,7119,5580,9875,6934,6142
6903,7119,5580,8280,5013,6848
6903,7119,5580,2881,4322,6411
6903,7119,5580,3273,176,5635
6903,7119,5580,3536,4988,4659
6903,7119,5580,7542,5792,6391
6903,7119,5580,4587,7551,8713
6903,7119,5580,7743,2432,6287
6903,7119,5580,4070,3771,3573
6903,7119,5580,7087,1182,5495
6903,7119,5580,3487,4685,1782
6903,7119,5580,5986,4825,4183
6903,7119,5580,1124,5101,8528
6903,7119,5580,9334,580,3287
6903,7119,5580,3618,5403,3822
6903,7119,5580,9495,2736,4769
6903,7119,5580,1143,3087,3148
6903,7119,5580,1945,7304,3856
6903,7119,5580,6749,7196,1454
6903,7119,5580,7444,2400,6367
6903,7119,5580,5854,2452,2176
6903,7119,5580,7597,9304,7542
6903,7119,5580,8999,7289,7117
6903,7119,5580,6052,336,1581
6903,7119,5580,317,4956,3273
6903,7119,5580,374,7826,3539
6903,7119,5580,7188,4372,4930
6903,7119,5580,230,596,3676
6903,7119,5580,8440,2596,9422
6903,7119,5580,4308,2718,6765
6903,7119,5580,556,3692,8964
6903,7119,5580,4101,2053,2398
6903,7119,5580,2051,4303,4666
6903,7119,5580,3937,9008,2296
6903,7119,5580,4754,8262,6680
6903,7119,5580,6312,7848,5485
6903,7119,5580,9523,8239,7783
6903,7119,5580,3549,7767,5464
6903,7119,5580,4500,1970,6074
6903,7119,5580,5681,7890,4938
6903,7119,5580,6553,777,9025
6903,7119,5580,8666,8636,330
6903,7119,5580,4895,7976,8183
6903,7119,5580,1868,7533,9854
6903,7119,5580,8743,7046,9261
6903,7119,5580,1422,7468,8720
6903,7119,5580,9705,9277,1661
6903,7119,5580,404,2420,2065
6903,7119,5580,8087,3672,5713
6903,7119,5580,6450,2874,6972
6903,7119,5580,5930,9035,3085
6903,7119,5580,5122,8776,4961
6903,7119,5580,910,9650,8798
6903,7119,5580,9642,3332,9124
6903,7119,5580,591,2339,7873
6903,7119,5580,6755,7082,5240
6903,7119,5580,7021,2983,84
6903,7119,5580,9317,4763,8721
6903,7119,5580,4995,7700,5402
6903,7119,5580,2779,7548,3191
6903,7119,5580,9936,2228,7034
6903,7119,5580,2022,9413,5262
6903,7119,5580,493,2266,7249
6903,7119,5580,9101,4878,2785
6903,7119,5580,3159,2088,1786
6903,7119,5580,7448,7759,2595
6903,7119,5580,9065,5970,2708
6903,7119,5580,7512,3178,641
6903,7119,5580,6498,9244,4301
6903,7119,5580,1911,6291,730
6903,7119,5580,1480,7811,4567
6903,7119,5580,1697,5695,5580
6903,7119,5580,1199,2240,373
6903,7119,5580,4444,1018,8570
6903,7119,5580,2809,7496,6122
6903,7119,5580,9701,8375,2781
6903,7119,5580,8007,7092,8541
6903,7119,5580,5997,1485,1356
6903,7119,5580,1043,9805,3462
6903,7119,5580,666,2221,1446
6903,7119,5580,4885,2223,4618
6903,7119,5580,6586,2466,7553
6903,7119,5580,8,3868,6975
6903,7119,5580,1116,9698,5920
6903,7119,5580,6847,7773,1518
6903,7119,5580,6356,8796,4425
6903,7119,5580,2746,6841,5461
6903,7119,5580,6369,112,4869
6903,7119,5580,7166,8536,9826
6903,7119,5580,3304,4711,2425
6903,7119,5580,4614,7999,9316
6903,7119,5580,438,4493,3238
6903,7119,5580,7962,1713,7272
6903,7119,5580,6906,7433,8128
6903,7119,5580,3706,4011,3271
6903,7119,5580,6262,5191,2922
6903,7119,5580,6803,8038,6014
6903,7119,5580,8118,4171,6
6903,7119,5580,8691,1490,206
6903,7119,5580,3986,6525,9178
6903,7119,5580,3365,2281,2279
6903,7119,5580,1663,8059,6862
6903,7119,5580,215,8063,5411
6903,7119,5580,673,5503,7741
6903,7119,5580,8498,5417,6405
6903,7119,5580,4080,7467,5033
6903,7119,5580,5812,4747,1814
6903,7119,5580,6548,1983,2596
6903,7119,5580,3449,4055,4111
6903,7119,5580,6239,8508,3739
6903,7119,5580,1676,7581,6163
6903,7119,5580,8115,6770,1072
6903,7119,5580,3609,5317,8804
6903,7119,5580,5462,4850,5317
6903,7119,5580,4737,2744,3993
6903,7119,5580,962,8208,3860
6903,7119,5580,9742,9285,5318
6903,7119,5580,3549,2802,4903
6903,7119,5580,2135,5309,2319
6903,7119,5580,3826,5719,8848
6903,7119,5580,136,2716,1506
6903,7119,5580,9919,8134,2426
6903,7119,5580,8740,8980,6048
6903,7119,5580,562,4342,7557
6903,7119,5580,457,980,704
6903,7119,5580,1084,2883,7947
6903,7119,5580,2742,4151,6582
6903,7119,5580,8962,6454,4547
6903,7119,5580,6881,9753,9899
6903,7119,5580,9534,2332,2284
6903,7119,5580,2522,7300,881
6903,7119,5580,4288,9225,6975
6903,7119,5580,3069,2139,5448
6903,7119,5580,5026,6100,6784
6903,7119,5580,159,18,5418
6903,7119,5580,9263,5336,1943
6903,7119,5580,7472,189,8646
6903,7119,5580,9458,526,3977
6903,7119,5580,4,4005,1168
6903,7119,5580,8467,4866,4048
6903,7119,5580,10,4685,5770
6903,7119,5580,8158,8061,694
6903,7119,5580,403,3716,2053
6903,7119,5580,8942,7564,5327
6903,7119,5580,6717,8493,8445
6903,7119,5580,3983,5798,6557
6903,7119,5580,1236,9534,2939
6903,7119,5580,6155,7295,2056
6903,7119,5580,5055,9667,9638
6903,7119,5580,9189,2862,821
6903,7119,5580,1981,7536,1983
6903,7119,5580,7739,7884,5468
6903,7119,5580,1005,4439,9365
6903,7119,5580,1431,1316,7090
6903,7119,5580,2683,610,2278
6903,7119,5580,6716,9346,8813
6903,7119,5580,2474,7857,3565
6903,7119,5580,4781,1867,7149
6903,7119,5580,6601,5720,7389
6903,7119,5580,9868,4220,9768
6903,7119,5580,7108,6934,2536
6903,7119,5580,3707,3264,6394
6903,7119,5580,7341,8943,5159
6903,7119,5580,9171,3465,6854
6903,7119,5580,9527,6363,8429
6903,7119,5580,6272,7402,6508
6903,7119,5580,4280,5549,7466
6903,7119,5580,7284,1266,1865
6903,7119,5580,4996,8706,8581
6903,7119,5580,1786,5227,5912
6903,7119,5580,4209,5442,1993
6903,7119,5580,5424,9355,625
6903,7119,5580,3628,9164,8837
6903,7119,5580,2075,1192,474
6903,7119,5580,9182,2127,5185
6903,7119,5580,4337,9817,7753
6903,7119,5580,7686,9763,9804
6903,7119,5580,131,1559,9285
6903,7119,5580,2198,8684,7758
6903,7119,5580,4791,2707,5179
6903,7119,5580,312,2463,4723
6903,7119,5580,3357,7023,4877
6903,7119,5580,7014,9667,4962
6903,7119,5580,3524,467,2495
6903,7119,5580,4481,737,8251
6903,7119,5580,5786,6695,8711
6903,7119,5580,821,2730,1141
6903,7119,5580,3949,4,3780
6903,7119,5580,9570,3308,7892
6903,7119,5580,1389,5482,5189
6903,7119,5580,7923,2188,5938
6903,7119,5580,6524,8090,5271
6903,7119,5580,591,3074,9500
6903,7119,5580,5155,5641,8777
6903,7119,5580,518,4689,2064
6903,7119,5580,5800,4818,3793
6903,7119,5580,7439,8665,3432
6903,7119,5580,6968,468,3690
6903,7119,5580,7589,5594,6114
6903,7119,5580,1319,4071,9318
6903,7119,5580,8707,8162,7993
6903,7119,5580,5547,3438,3572
6903,7119,5580,4154,6960,6905
6903,7119,5580,4936,3183,1482
6903,7119,5580,5878,8981,187
6903,7119,5580,4970,6434,9507
6903,7119,5580,9123,9142,5389
6903,7119,5580,9502,1988,6977
6903,7119,5580,9561,5045,2127
6903,7119,5580,157,3328,7999
6903,7119,5580,5714,7520,8234
6903,7119,5580,605,5228,6375
6903,7119,5580,466,5801,54
6903,7119,5580,1393,3768,7437
6903,7119,5580,3416,9818,3332
6903,7119,5580,7667,8363,2051
6903,7119,5580,3564,1894,4336
6903,7119,5580,3965,8805,141
6903,7119,5580,8535,5844,6244
6903,7119,5580,9390,2377,4621
6903,7119,5580,6650,2115,9727
6903,7119,5580,9691,4893,1027
6903,7119,5580,5970,2339,404
6903,7119,5580,2870,2368,3368
6903,7119,5580,3355,9696,2422
6903,7119,5580,6910,5380,3700
6903,7119,5580,5577,9863,6407
6903,7119,5580,3131,8870,3443
6903,7119,5580,6761,2237,5329
6903,7119,5580,5291,6794,7545
6903,7119,5580,2830,289,3919
6903,7119,5580,8723,7848,9474
6903,7119,5580,5529,3844,2789
6903,7119,5580,4049,7097,7219
6903,7119,5580,6288,2224,1680
6903,7119,5580,8979,2963,741
6903,7119,5580,5960,4897,2953
6903,7119,5580,575,7523,6781
6903,7119,5580,6436,1926,1149
6903,7119,5580,5669,2179,890
6903,7119,5580,1585,8126,1880
6903,7119,5580,9084,4696,1453
6903,7119,5580,415,3547,6137
6903,7119,5580,9444,9808,6296
6903,7119,5580,1503,3754,2832
6903,7119,5580,1701,760,7548
6903,7119,5580,7622,5616,6918
6903,7119,5580,4370,916,3114
6903,7119,5580,5804,4202,3736
6903,7119,5580,8208,1069,8114
6903,7119,5580,4960,1659,7910
6903,7119,5580,5046,3141,9616
6903,7119,5580,2901,3180,4948
6903,7119,5580,7690,942,2322
6903,7119,5580,136,2138,8278
6903,7119,5580,1144,3102,6509
6903,7119,5580,8700,4057,8170
6903,7119,5580,283,6378,7366
6903,7119,5580,9365,6191,8817
6903,7119,5580,5048,4539,3500
6903,7119,5580,3579,9622,6800
6903,7119,5580,7116,4724,4643
6903,7119,5580,9467,3313,746
6903,7119,5580,8149,3444,3248
6903,7119,5580,8912,689,1040
6903,7119,5580,6150,7795,6139
6903,7119,5580,1649,9567,6770
6903,7119,5580,8243,6523,2266
6903,7119,5580,1033,4062,8396
6903,7119,5580,2500,8437,9969
6903,7119,5580,1664,6412,3321
6903,7119,5580,4498,737,7340
6903,7119,5580,9454,3326,9031
6903,7119,5580,9588,2756,1112
6903,7119,5580,9603,9833,2677
6903,7119,5580,2762,2295,501
6903,7119,5580,7809,6239,5801
6903,7119,5580,4881,893,5555
6903,7119,5580,4426,8738,7118
6903,7119,5580,6893,6473,6376
6903,7119,5580,1026,7260,2131
6903,7119,5580,7681,1446,4176
6903,7119,5580,4770,8648,9964
6903,7119,5580,5635,1964,6733
6903,7119,5580,1873,2530,8563
6903,7119,5580,8698,4905,5902
