9226,7279,1221,1104,6221,5209
9226,7279,1221,6778,182,7947
9226,7279,1221,1341,8501,2594
9226,7279,1221,1827,830,1066
9226,7279,1221,1,1517,5260
9226,7279,1221,1679,8418,1353
9226,7279,1221,5249,2946,6998
9226,7279,1221,532,5963,6227
9226,7279,1221,7966,708,3425
9226,7279,1221,7126,5237,8430
9226,7279,1221,5845,7058,5367
9226,7279,1221,3638,6438,7482
9226,7279,1221,8002,4961,1242
9226,7279,1221,9971,3293,3173
9226,7279,1221,4632,503,9087
9226,7279,1221,4681,6049,240
9226,7279,1221,5055,8898,1326
9226,7279,1221,6306,2511,5517
9226,7279,1221,3407,9298,5336
9226,7279,1221,4891,9613,2399
9226,7279,1221,5549,6391,2584
9226,7279,1221,6997,362,8709
9226,7279,1221,6817,3430,8170
9226,7279,1221,9077,9758,3480
9226,7279,1221,5681,2901,301
9226,7279,1221,7979,2091,5169
9226,7279,1221,5677,3090,531
9226,7279,1221,7325,7486,2435
9226,7279,1221,8147,1491,2673
9226,7279,1221,1499,6764,4082
9226,7279,1221,429,3245,256
9226,7279,1221,745,9422,4316
9226,7279,1221,3134,3700,8078
9226,7279,1221,1088,766,2305
9226,7279,1221,9783,2752,4674
9226,7279,1221,4118,4977,6807
9226,7279,1221,9782,1347,4505
9226,7279,1221,6791,8304,7890
9226,7279,1221,3128,8854,6997
9226,7279,1221,6211,8276,9432
9226,7279,1221,5970,8907,1567
9226,7279,1221,8699,6346,1610
9226,7279,1221,8654,9163,6359
9226,7279,1221,5633,3270,7710
9226,7279,1221,377,4826,1562
9226,7279,1221,8393,5443,3252
9226,7279,1221,3670,5814,7909
9226,7279,1221,6105,3445,4903
9226,7279,1221,9369,1629,7895
9226,7279,1221,1853,7127,3044
9226,7279,1221,9434,380,5730
9226,7279,1221,6284,7106,2229
9226,7279,1221,4230,832,7311
9226,7279,1221,7276,3350,7908
9226,7279,1221,5453,2255,62
9226,7279,1221,1721,8123,6742
9226,7279,1221,4197,4481,2228
9226,7279,1221,3822,1423,8208
9226,7279,1221,8890,5804,1472
9226,7279,1221,1970,6391,5016
9226,7279,1221,3148,4634,1860
9226,7279,1221,6747,7641,1887
9226,7279,1221,9100,2882,9241
9226,7279,1221,9382,1503,9990
9226,7279,1221,521,950,6337
9226,7279,1221,6107,5258,2687
9226,7279,1221,2178,1744,7062
9226,7279,1221,3154,3884,1752
9226,7279,1221,8473,6815,9543
9226,7279,1221,255,61,7706
9226,7279,1221,8709,9938,5812
9226,7279,1221,6686,7477,8574
9226,7279,1221,2400,5309,1439
9226,7279,1221,8031,5517,2209
9226,7279,1221,8232,5830,9622
9226,7279,1221,5531,5580,745
9226,7279,1221,206,5844,4959
9226,7279,1221,3494,4252,1598
9226,7279,1221,8688,27,8627
9226,7279,1221,2826,9817,8594
9226,7279,1221,5957,2049,2083
9226,7279,1221,278,2671,2085
9226,7279,1221,1892,2127,7413
9226,7279,1221,3743,3890,2681
9226,7279,1221,1940,2254,6183
9226,7279,1221,1906,6352,7557
9226,7279,1221,1113,8464,8936
9226,7279,1221,4525,7877,7635
9226,7279,1221,6934,5782,1131
9226,7279,1221,4373,98,9860
9226,7279,1221,4051,4142,7994
9226,7279,1221,394,3243,4502
9226,7279,1221,6764,5138,2263
9226,7279,1221,8728,8154,832
9226,7279,1221,8256,9592,1263
9226,7279,1221,2692,8311,5520
9226,7279,1221,1987,3091,3075
9226,7279,1221,5438,4153,3848
9226,7279,1221,429,9002,8022
9226,7279,1221,336,8491,2612
9226,7279,1221,2277,4223,1903
9226,7279,1221,3794,2384,4750
9226,7279,1221,1613,7911,2323
9226,7279,1221,3709,7230,6414
9226,7279,1221,2545,1294,8738
9226,7279,1221,5670,4516,3243
9226,7279,1221,9875,466,1682
9226,7279,1221,1606,423,2440
9226,7279,1221,5298,5362,4183
9226,7279,1221,6391,7824,5231
9226,7279,1221,9239,3375,8035
9226,7279,1221,5883,6418,802
9226,7279,1221,3823,8730,7519
9226,7279,1221,4159,6876,6362
9226,7279,1221,6944,765,1235
9226,7279,1221,6681,8237,3778
9226,7279,1221,266,5496,8553
9226,7279,1221,3265,4403,9461
9226,7279,1221,1952,3593,8824
9226,7279,1221,995,5433,3737
9226,7279,1221,8504,8641,9225
9226,7279,1221,3360,5165,4899
9226,7279,1221,9258,7679,7622
9226,7279,1221,3829,452,1750
9226,7279,1221,4158,6822,2234
9226,7279,1221,6117,8749,7997
9226,7279,1221,2883,1900,8583
9226,7279,1221,1227,2162,8688
9226,7279,1221,8462,2693,3219
9226,7279,1221,9239,5478,168
9226,7279,1221,1505,6742,7435
9226,7279,1221,2842,1160,5435
9226,7279,1221,9476,8860,5082
9226,7279,1221,6982,2502,8419
9226,7279,1221,9905,3245,8540
9226,7279,1221,1576,7086,2980
9226,7279,1221,3767,8087,1711
9226,7279,1221,8794,3366,4329
9226,7279,1221,6019,9529,4370
9226,7279,1221,5730,7090,1166
9226,7279,1221,8742,815,2493
9226,7279,1221,4814,9362,2482
9226,7279,1221,6190,965,6998
9226,7279,1221,2542,1713,351
9226,7279,1221,113,9103,1931
9226,7279,1221,8377,6241,9401
9226,7279,1221,4580,965,9201
9226,7279,1221,3330,9963,1610
9226,7279,1221,7239,1133,8194
9226,7279,1221,4597,842,5869
9226,7279,1221,7752,5767,3490
9226,7279,1221,1421,2316,1998
9226,7279,1221,4502,9689,7682
9226,7279,1221,9463,4901,1814
9226,7279,1221,1114,9171,1680
9226,7279,1221,2627,443,3398
9226,7279,1221,5593,8049,2913
9226,7279,1221,356,316,6173
9226,7279,1221,5370,5106,1559
9226,7279,1221,31,5471,950
9226,7279,1221,570,450,9411
9226,7279,1221,57,4744,2351
9226,7279,1221,3855,2929,2728
9226,7279,1221,189,1721,4904
9226,7279,1221,9887,6519,173
9226,7279,1221,4050,7046,2322
9226,7279,1221,8559,825,7355
9226,7279,1221,7472,4877,1633
9226,7279,1221,9417,6982,3472
9226,7279,1221,4478,7625,2717
9226,7279,1221,6932,1111,217
9226,7279,1221,1964,912,1588
9226,7279,1221,3406,6045,8007
9226,7279,1221,2369,7504,6277
9226,7279,1221,6290,4769,1235
9226,7279,1221,9764,9075,2405
9226,7279,1221,5181,6464,2796
9226,7279,1221,787,3258,4811
9226,7279,1221,6332,7676,8290
9226,7279,1221,3195,8355,3027
9226,7279,1221,848,4737,6370
9226,7279,1221,4528,5584,7205
9226,7279,1221,442,6917,3158
9226,7279,1221,29,7893,5463
9226,7279,1221,6681,7537,2827
9226,7279,1221,58,7825,5111
9226,7279,1221,8386,5952,9526
9226,7279,1221,572,283,913
9226,7279,1221,4335,9150,1385
9226,7279,1221,7434,8570,7017
9226,7279,1221,1337,9633,7483
9226,7279,1221,7656,946,4806
9226,7279,1221,6685,6232,7230
9226,7279,1221,5542,2979,9584
9226,7279,1221,3761,4520,4137
9226,7279,1221,575,9728,4012
9226,7279,1221,9798,3414,2659
9226,7279,1221,3048,9107,2231
9226,7279,1221,9103,2148,5315
9226,7279,1221,3440,7636,2295
9226,7279,1221,958,4721,2356
9226,7279,1221,4867,8349,6214
9226,7279,1221,2222,9317,4749
9226,7279,1221,2148,4402,4062
9226,7279,1221,7886,9982,584
9226,7279,1221,5726,5334,6533
9226,7279,1221,6052,3673,7714
9226,7279,1221,4312,588,6342
9226,7279,1221,975,1992,9192
9226,7279,1221,7410,4475,791
9226,7279,1221,8421,664,6665
9226,7279,1221,965,1239,4764
9226,7279,1221,2171,2500,4508
9226,7279,1221,4572,9920,4204
9226,7279,1221,219,4710,1754
9226,7279,1221,8685,2035,8066
9226,7279,1221,8807,5414,6095
9226,7279,1221,7988,7163,3049
9226,7279,1221,4626,8809,7620
9226,7279,1221,2978,3155,789
9226,7279,1221,2816,4699,8069
9226,7279,1221,641,5551,9334
9226,7279,1221,5408,495,1304
9226,7279,1221,2953,4203,9382
9226,7279,1221,1178,9275,3695
9226,7279,1221,4904,7287,5449
9226,7279,1221,694,516,2944
9226,7279,1221,1449,8493,4446
9226,7279,1221,2216,3842,9903
9226,7279,1221,475,8936,9320
9226,7279,1221,3308,6059,839
9226,7279,1221,1183,6604,9839
9226,7279,1221,1104,323,2087
9226,7279,1221,9513,2455,224
9226,7279,1221,3530,5922,6964
9226,7279,1221,6951,2616,102
9226,7279,1221,9150,1885,7574
9226,7279,1221,5270,9794,2046
9226,7279,1221,2939,7643,6496
9226,7279,1221,8841,1218,8147
9226,7279,1221,4579,8677,6191
9226,7279,1221,4936,2486,550
9226,7279,1221,6383,3287,9662
9226,7279,1221,7435,1829,6910
9226,7279,1221,1180,4341,1717
9226,7279,1221,1040,4481,1344
9226,7279,1221,5458,6877,8563
9226,7279,1221,4036,319,9224
9226,7279,1221,8460,7755,9287
9226,7279,1221,4231,5247,1483
9226,7279,1221,438,4446,2227
9226,7279,1221,7917,8993,3292
9226,7279,1221,3451,5394,3570
9226,7279,1221,5255,8619,706
9226,7279,1221,8123,3650,3530
9226,7279,1221,1171,7050,8714
9226,7279,1221,5399,8168,3249
9226,7279,1221,9003,5954,2246
9226,7279,1221,9661,6606,5816
9226,7279,1221,4466,735,7635
9226,7279,1221,1791,9483,7630
9226,7279,1221,7989,4865,5319
9226,7279,1221,4526,9269,9895
9226,7279,1221,8492,8315,222
9226,7279,1221,5956,5402,9693
9226,7279,1221,702,1460,5603
9226,7279,1221,9117,7045,9156
9226,7279,1221,9608,3963,3768
9226,7279,1221,2334,4345,6686
9226,7279,1221,1529,1924,2595
9226,7279,1221,5085,1301,9293
9226,7279,1221,8164,7997,1509
9226,7279,1221,9664,2407,5961
9226,7279,1221,9629,9071,4500
9226,7279,1221,838,4248,604
9226,7279,1221,5412,9169,5716
9226,7279,1221,2953,7690,7017
9226,7279,1221,6712,8050,2811
9226,7279,1221,6061,3749,9024
9226,7279,1221,6911,524,3547
9226,7279,1221,9813,7132,7916
9226,7279,1221,4969,4747,7760
9226,7279,1221,412,4352,2639
9226,7279,1221,1241,4415,4491
9226,7279,1221,946,5868,2995
9226,7279,1221,4709,889,6695
9226,7279,1221,626,4243,5116
9226,7279,1221,5674,9934,3669
9226,7279,1221,5616,5667,4574
9226,7279,1221,6353,412,6607
9226,7279,1221,3627,9895,8889
9226,7279,1221,2511,8156,9750
9226,7279,1221,2903,2139,4180
9226,7279,1221,6729,9231,4849
9226,7279,1221,5226,3537,8993
9226,7279,1221,2824,55,5816
9226,7279,1221,1671,2987,4875
9226,7279,1221,9183,5218,6302
9226,7279,1221,6394,54,3559
9226,7279,1221,9439,3887,8829
9226,7279,1221,1843,6358,4205
9226,7279,1221,7507,8886,513
9226,7279,1221,3412,5941,8861
9226,7279,1221,2558,8194,6685
9226,7279,1221,3886,3915,615
9226,7279,1221,1967,9809,831
9226,7279,1221,6884,1139,2791
9226,7279,1221,3715,9293,3692
9226,7279,1221,7946,1211,7771
9226,7279,1221,5039,7362,3794
9226,7279,1221,1976,1337,2675
9226,7279,1221,5932,9217,7112
9226,7279,1221,191,4064,3086
9226,7279,1221,7498,3848,1780
9226,7279,1221,7240,1284,9099
9226,7279,1221,7981,735,84
9226,7279,1221,3288,3192,3253
9226,7279,1221,3568,5131,7697
9226,7279,1221,8356,6637,7370
9226,7279,1221,2491,4780,1433
9226,7279,1221,6924,4668,1643
9226,7279,1221,9514,4478,4107
9226,7279,1221,8337,4937,98
9226,7279,1221,4353,9386,7073
9226,7279,1221,2128,5660,2072
9226,7279,1221,5105,2371,2889
9226,7279,1221,5713,1268,9172
9226,7279,1221,4348,3566,5226
9226,7279,1221,4749,4445,7937
9226,7279,1221,1797,9427,9996
9226,7279,1221,1756,7922,6462
9226,7279,1221,1275,2909,6456
9226,7279,1221,9011,7408,8175
9226,7279,1221,3258,8675,2483
9226,7279,1221,3663,6638,3230
9226,7279,1221,4509,6338,3737
9226,7279,1221,181,2466,5006
9226,7279,1221,3860,9827,793
9226,7279,1221,5708,3742,4632
9226,7279,1221,3705,1363,2560
9226,7279,1221,2652,9195,7442
9226,7279,1221,2737,5609,8907
9226,7279,1221,9177,9890,2117
9226,7279,1221,1507,7480,3962
9226,7279,1221,9482,7673,7146
9226,7279,1221,9755,4239,1446
9226,7279,1221,2955,7044,7724
9226,7279,1221,6727,9908,2512
9226,7279,1221,6958,9146,5381
9226,7279,1221,5239,6376,6617
9226,7279,1221,5726,6053,3746
9226,7279,1221,4807,9737,1591
9226,7279,1221,1950,7642,8859
9226,7279,1221,2792,9862,5964
9226,7279,1221,5042,6627,7742
9226,7279,1221,3518,4028,8057
9226,7279,1221,2804,6985,876
9226,7279,1221,6352,7009,4317
9226,7279,1221,7676,9933,1609
9226,7279,1221,9668,9577,4761
9226,7279,1221,6555,11,1310
9226,7279,1221,4129,9220,9578
9226,7279,1221,788,5975,4250
9226,7279,1221,6056,1066,7320
9226,7279,1221,9490,9462,445
9226,7279,1221,2857,2292,5418
9226,7279,1221,4347,9957,3731
9226,7279,1221,7081,6407,25
9226,7279,1221,2620,5804,9112
9226,7279,1221,1609,7804,4808
9226,7279,1221,5522,1258,8695
9226,7279,1221,965,8836,1351
9226,7279,1221,6200,205,6823
9226,7279,1221,7077,4087,550
9226,7279,1221,2166,5422,6951
9226,7279,1221,5931,7812,4058
9226,7279,1221,9293,3310,5707
9226,7279,1221,1918,606,2031
9226,7279,1221,6271,3266,427
9226,7279,1221,4431,3148,9863
9226,7279,1221,545,5334,4459
9226,7279,1221,8639,8270,1246
9226,7279,1221,6585,4141,3920
9226,7279,1221,6752,6160,8702
9226,7279,1221,5525,3991,3939
9226,7279,1221,6013,9258,115
9226,7279,1221,2395,1147,8641
9226,7279,1221,9396,2918,8701
9226,7279,1221,1012,7749,6609
9226,7279,1221,3846,719,4782
9226,7279,1221,7045,9503,3150
9226,7279,1221,3638,6284,8431
9226,7279,1221,1450,2017,3169
9226,7279,1221,1525,5444,8707
9226,7279,1221,6573,1493,7216
9226,7279,1221,5951,7505,2349
9226,7279,1221,4757,4288,8796
9226,7279,1221,8496,8907,5490
9226,7279,1221,1863,4308,290
9226,7279,1221,46,3140,5595
9226,7279,1221,2931,4004,1444
9226,7279,1221,7411,6790,3578
9226,7279,1221,2254,7152,1466
9226,7279,1221,5990,4511,587
9226,7279,1221,5470,9640,6233
9226,7279,1221,477,1470,3044
9226,7279,1221,1804,3506,5505
9226,7279,1221,5207,3394,6859
9226,7279,1221,9290,2910,9926
9226,7279,1221,3782,772,2376
9226,7279,1221,8912,1056,6150
9226,7279,1221,4474,9947,510
9226,7279,1221,1502,8841,6700
9226,7279,1221,5283,3829,3647
9226,7279,1221,1064,5378,8666
9226,7279,1221,3106,5074,9590
9226,7279,1221,9560,9792,9208
9226,7279,1221,9607,302,7916
9226,7279,1221,565,5932,3629
9226,7279,1221,9043,4461,4619
9226,7279,1221,6609,2259,2931
9226,7279,1221,4056,3381,9320
9226,7279,1221,1391,8723,6984
9226,7279,1221,788,5421,7707
9226,7279,1221,9471,2025,7887
9226,7279,1221,6204,2702,3915
9226,7279,1221,5424,597,2048
9226,7279,1221,4176,1072,3291
9226,7279,1221,5220,7611,661
9226,7279,1221,5606,8974,9396
9226,7279,1221,7526,3628,538
9226,7279,1221,5495,9616,9283
9226,7279,1221,6984,2020,5290
9226,7279,1221,4950,2977,1605
9226,7279,1221,3096,6836,1327
9226,7279,1221,5402,5234,8081
9226,7279,1221,2908,9273,9823
9226,7279,1221,9014,9462,204
9226,7279,1221,9360,1421,174
9226,7279,1221,6994,6671,8505
9226,7279,1221,4060,7705,1905
9226,7279,1221,9895,575,7971
9226,7279,1221,6177,7458,1397
9226,7279,1221,7306,8094,1413
9226,7279,1221,4823,7200,7374
9226,7279,1221,3973,3960,5597
9226,7279,1221,7401,6027,7593
9226,7279,1221,3415,4289,4406
9226,7279,1221,2008,8691,6032
9226,7279,1221,8996,7608,8746
9226,7279,1221,2360,934,9109
9226,7279,1221,3670,438,4556
9226,7279,1221,8918,4180,1616
9226,7279,1221,6167,9187,3680
9226,7279,1221,6641,9780,789
9226,7279,1221,8363,4423,5221
9226,7279,1221,7987,2524,4250
9226,7279,1221,5197,2250,4007
9226,7279,1221,8274,3085,8564
9226,7279,1221,2591,672,5167
9226,7279,1221,3691,2106,6644
9226,7279,1221,1588,9844,9840
9226,7279,1221,3907,2070,9414
9226,7279,1221,5500,2577,3022
9226,7279,1221,5462,2630,7338
9226,7279,1221,588,223,7368
9226,7279,1221,1965,8365,3221
9226,7279,1221,3568,1268,8955
9226,7279,1221,5809,3375,3014
9226,7279,1221,3326,4989,4096
9226,7279,1221,1566,395,5439
9226,7279,1221,7823,2162,4633
9226,7279,1221,5282,5030,6046
9226,7279,1221,6932,4009,8693
9226,7279,1221,7569,4786,4547
9226,7279,1221,1917,1143,5683
9226,7279,1221,5655,5270,7271
9226,7279,1221,7251,5277,9970
9226,7279,1221,3104,2848,3593
9226,7279,1221,9066,1173,2676
9226,7279,1221,6825,6265,5795
9226,7279,1221,8149,9779,4255
9226,7279,1221,6578,2427,528
9226,7279,1221,9064,5735,2458
9226,7279,1221,9122,3891,6961
9226,7279,1221,7173,7167,946
9226,7279,1221,8608,4254,8958
9226,7279,1221,4356,2659,4982
9226,7279,1221,3312,8220,2395
9226,7279,1221,6533,965,1695
9226,7279,1221,7040,4561,526
9226,7279,1221,3970,2009,4212
9226,7279,1221,971,3714,8863
9226,7279,1221,8298,7952,804
9226,7279,1221,8485,9053,9340
9226,7279,1221,641,7836,6575
9226,7279,1221,3409,3737,9925
9226,7279,1221,7568,660,218
9226,7279,1221,3504,4897,950
9226,7279,1221,6892,7759,9436
9226,7279,1221,3981,1032,3412
9226,7279,1221,1291,9079,2923
9226,7279,1221,1123,9463,4598
9226,7279,1221,8879,7510,1398
9226,7279,1221,126,9658,6462
9226,7279,1221,4534,9174,1561
9226,7279,1221,7060,3556,3773
9226,7279,1221,2611,9350,1637
9226,7279,1221,8440,5746,7558
9226,7279,1221,6550,6476,2500
