6224,2503,3256,9155,237,8715
6224,2503,3256,4615,3911,5455
6224,2503,3256,3861,5327,3717
6224,2503,3256,9175,2619,9093
6224,2503,3256,2898,9045,9001
6224,2503,3256,1342,3871,6992
6224,2503,3256,2373,8449,6526
6224,2503,3256,8129,8165,1408
6224,2503,3256,4225,5037,8068
6224,2503,3256,9058,4423,5067
6224,2503,3256,2883,3567,4484
6224,2503,3256,8141,7133,7346
6224,2503,3256,6737,9037,9181
6224,2503,3256,5458,6766,9802
6224,2503,3256,148,9089,5872
6224,2503,3256,21,5792,7906
6224,2503,3256,3913,8293,8302
6224,2503,3256,5704,3035,5377
6224,2503,3256,3719,9690,8426
6224,2503,3256,4998,451,2251
6224,2503,3256,3851,5885,5223
6224,2503,3256,7793,3023,9317
6224,2503,3256,5208,4626,4105
6224,2503,3256,506,1154,1961
6224,2503,3256,1697,9752,7907
6224,2503,3256,2579,1436,5730
6224,2503,3256,4,1047,2743
6224,2503,3256,4987,4803,6851
6224,2503,3256,2232,391,5330
6224,2503,3256,4901,9480,9841
6224,2503,3256,9057,1995,3322
6224,2503,3256,6416,7078,6244
6224,2503,3256,4783,807,3475
6224,2503,3256,3856,915,3454
6224,2503,3256,8628,3101,9471
6224,2503,3256,3100,3519,4991
6224,2503,3256,6479,3447,9711
6224,2503,3256,7187,6109,4523
6224,2503,3256,7937,8442,2025
6224,2503,3256,3102,5044,3942
6224,2503,3256,2180,8897,8529
6224,2503,3256,8071,675,3485
6224,2503,3256,7068,1657,9851
6224,2503,3256,4125,6467,7033
6224,2503,3256,3194,5163,7719
6224,2503,3256,776,6066,1922
6224,2503,3256,8536,8762,3437
6224,2503,3256,9674,1197,7352
6224,2503,3256,7945,5302,2011
6224,2503,3256,5147,6880,1553
6224,2503,3256,7799,3610,7953
6224,2503,3256,3312,6652,7263
6224,2503,3256,9631,3503,1700
6224,2503,3256,7487,9925,3321
6224,2503,3256,1318,7972,1366
6224,2503,3256,2544,1605,2900
6224,2503,3256,9192,2694,1588
6224,2503,3256,1653,7657,3644
6224,2503,3256,8104,4035,9764
6224,2503,3256,3876,7927,2866
6224,2503,3256,4207,2030,5881
6224,2503,3256,5779,8202,8630
6224,2503,3256,7556,1718,9636
6224,2503,3256,8291,5469,7113
6224,2503,3256,4830,3454,3829
6224,2503,3256,5602,675,770
6224,2503,3256,4890,1851,1655
6224,2503,3256,4461,1475,2990
6224,2503,3256,8209,5952,7707
6224,2503,3256,5675,3544,59
6224,2503,3256,808,6210,815
6224,2503,3256,1569,3917,6354
6224,2503,3256,5898,5775,7769
6224,2503,3256,8138,6416,2395
6224,2503,3256,1024,2207,9741
6224,2503,3256,3131,9073,9642
6224,2503,3256,7818,427,4155
6224,2503,3256,1483,8540,8028
6224,2503,3256,9554,4129,4481
6224,2503,3256,8050,8049,2125
6224,2503,3256,6663,8746,9421
6224,2503,3256,6673,1438,1315
6224,2503,3256,7194,321,6304
6224,2503,3256,1963,1247,9513
6224,2503,3256,1994,4762,4957
6224,2503,3256,3930,9532,8806
6224,2503,3256,8384,971,4445
6224,2503,3256,2461,8782,8030
6224,2503,3256,5648,9344,5589
6224,2503,3256,6845,7305,2277
6224,2503,3256,3308,987,4928
6224,2503,3256,8554,6739,3819
6224,2503,3256,4883,6573,2947
6224,2503,3256,7918,9174,6759
6224,2503,3256,8056,939,8930
6224,2503,3256,4349,8275,842
6224,2503,3256,8172,1788,6878
6224,2503,3256,5769,2270,5179
6224,2503,3256,6294,4182,9596
6224,2503,3256,7153,1547,7336
6224,2503,3256,8011,8433,6473
6224,2503,3256,1694,1974,8253
6224,2503,3256,2891,693,1180
6224,2503,3256,8000,1760,3364
6224,2503,3256,3334,9432,2015
6224,2503,3256,5818,6180,1180
6224,2503,3256,2202,1024,915
6224,2503,3256,2704,7837,2961
6224,2503,3256,5337,2570,8849
6224,2503,3256,7857,7814,5926
6224,2503,3256,5891,8924,2316
6224,2503,3256,9795,1921,9378
6224,2503,3256,2444,5418,8959
6224,2503,3256,7911,4193,2435
6224,2503,3256,7319,906,6258
6224,2503,3256,2257,5528,430
6224,2503,3256,2720,1048,1106
6224,2503,3256,3063,7223,2959
6224,2503,3256,6843,3290,3883
6224,2503,3256,5468,6892,6579
6224,2503,3256,469,4122,3371
6224,2503,3256,364,5080,5698
6224,2503,3256,3647,8645,9087
6224,2503,3256,707,6386,3850
6224,2503,3256,5225,1639,1954
6224,2503,3256,1842,3578,6184
6224,2503,3256,8769,2452,4648
6224,2503,3256,7028,4286,5557
6224,2503,3256,4043,5040,9538
6224,2503,3256,1983,1846,1871
6224,2503,3256,9660,4387,4471
6224,2503,3256,2348,8565,4242
6224,2503,3256,4501,7863,2308
6224,2503,3256,7139,400,5730
6224,2503,3256,2932,3821,2088
6224,2503,3256,9872,8105,3169
6224,2503,3256,4959,587,6045
6224,2503,3256,2143,332,2476
6224,2503,3256,3230,2256,885
6224,2503,3256,6293,4533,288
6224,2503,3256,4894,7955,9600
6224,2503,3256,7611,5857,1164
6224,2503,3256,7348,8510,8551
6224,2503,3256,1127,9588,3326
6224,2503,3256,6803,9489,5315
6224,2503,3256,5325,251,1255
6224,2503,3256,8003,162,8546
6224,2503,3256,8327,5458,8556
6224,2503,3256,9057,3792,5854
6224,2503,3256,3569,8794,5843
6224,2503,3256,4254,3370,5603
6224,2503,3256,9609,9321,3947
6224,2503,3256,7797,2012,7520
6224,2503,3256,1646,8112,2541
6224,2503,3256,1868,34,572
6224,2503,3256,9790,1924,2003
6224,2503,3256,9450,5979,6055
6224,2503,3256,9794,5286,4108
6224,2503,3256,3563,869,640
6224,2503,3256,4170,1910,4773
6224,2503,3256,6793,4212,144
6224,2503,3256,6771,7809,6235
6224,2503,3256,1108,6667,6981
6224,2503,3256,7016,4113,8514
6224,2503,3256,9404,2404,9065
6224,2503,3256,5175,1883,6444
6224,2503,3256,4086,9656,2370
6224,2503,3256,7649,1308,5916
6224,2503,3256,2916,6780,6569
6224,2503,3256,3375,4831,6520
6224,2503,3256,5076,8148,1646
6224,2503,3256,9315,128,4619
6224,2503,3256,551,3506,6788
6224,2503,3256,1558,1006,2683
6224,2503,3256,6025,6590,2035
6224,2503,3256,3680,4429,2526
6224,2503,3256,7817,1611,5242
6224,2503,3256,2811,7725,7037
6224,2503,3256,7213,2839,8459
6224,2503,3256,1695,5465,6665
6224,2503,3256,5404,1998,1897
6224,2503,3256,1025,5683,2694
6224,2503,3256,6900,8081,5498
6224,2503,3256,9167,6935,6828
6224,2503,3256,8768,7088,7326
6224,2503,3256,7511,9296,4711
6224,2503,3256,1092,9199,8538
6224,2503,3256,64,4665,1213
6224,2503,3256,6467,3738,6086
6224,2503,3256,8518,944,1611
6224,2503,3256,4444,595,4322
6224,2503,3256,5837,8500,9920
6224,2503,3256,4398,8912,8762
6224,2503,3256,1725,1812,7793
6224,2503,3256,2586,3876,1836
6224,2503,3256,5271,7732,850
6224,2503,3256,1114,8947,9872
6224,2503,3256,1505,8327,7086
6224,2503,3256,4184,6068,2411
6224,2503,3256,2068,7333,8578
6224,2503,3256,4240,606,9726
6224,2503,3256,3186,1979,6035
6224,2503,3256,1984,8123,3199
6224,2503,3256,1146,999,7984
6224,2503,3256,9893,2123,3059
6224,2503,3256,2899,4247,566
6224,2503,3256,9921,1355,3586
6224,2503,3256,4737,2720,7519
6224,2503,3256,9746,1189,7282
6224,2503,3256,229,1675,3498
6224,2503,3256,8225,2903,388
6224,2503,3256,2509,9524,4506
6224,2503,3256,7991,9653,1761
6224,2503,3256,752,7176,3681
6224,2503,3256,5784,3047,7161
6224,2503,3256,3062,3825,5045
6224,2503,3256,7870,625,4922
6224,2503,3256,557,3322,6452
6224,2503,3256,698,767,3737
6224,2503,3256,2318,7978,3838
6224,2503,3256,5147,2545,9506
6224,2503,3256,6583,8729,9890
6224,2503,3256,9015,3558,4342
6224,2503,3256,4112,8796,6504
6224,2503,3256,1368,4417,6633
6224,2503,3256,852,6252,8700
6224,2503,3256,4014,5876,7269
6224,2503,3256,7200,3279,2639
6224,2503,3256,5120,2716,4348
6224,2503,3256,7871,5811,6725
6224,2503,3256,6686,9577,5470
6224,2503,3256,5671,2470,181
6224,2503,3256,2013,8653,2922
6224,2503,3256,2025,8501,5035
6224,2503,3256,2926,2239,540
6224,2503,3256,6433,318,390
6224,2503,3256,3586,918,5063
6224,2503,3256,5963,3396,1705
6224,2503,3256,9678,655,8782
6224,2503,3256,2160,7201,5176
6224,2503,3256,7364,3020,8800
6224,2503,3256,6615,2733,2560
6224,2503,3256,8727,5458,6143
6224,2503,3256,5630,7716,5614
6224,2503,3256,254,7999,9967
6224,2503,3256,9190,538,6049
6224,2503,3256,391,8136,6325
6224,2503,3256,8580,62,6516
6224,2503,3256,2442,4548,5789
6224,2503,3256,3476,2785,8735
6224,2503,3256,5527,686,8781
6224,2503,3256,6275,1624,5256
6224,2503,3256,9000,8246,4661
6224,2503,3256,5793,7977,4729
6224,2503,3256,7890,3334,3123
6224,2503,3256,5457,7953,328
6224,2503,3256,9426,220,1097
6224,2503,3256,8124,8627,6135
6224,2503,3256,5333,1365,3520
6224,2503,3256,4831,1983,8477
6224,2503,3256,1402,1292,7400
6224,2503,3256,9314,612,5152
6224,2503,3256,800,7027,5844
6224,2503,3256,4081,2900,3146
6224,2503,3256,6760,9897,784
6224,2503,3256,5461,5672,3568
6224,2503,3256,1310,723,5322
6224,2503,3256,1225,8589,6079
6224,2503,3256,3839,6946,8379
6224,2503,3256,8583,9074,2460
6224,2503,3256,2939,7691,840
6224,2503,3256,9226,1509,6656
6224,2503,3256,60,3855,6938
6224,2503,3256,8716,9952,7711
6224,2503,3256,6608,4619,9317
6224,2503,3256,7420,5771,7279
6224,2503,3256,138,4966,1721
6224,2503,3256,432,2150,9896
6224,2503,3256,2539,6568,3834
6224,2503,3256,3608,232,314
6224,2503,3256,3320,7390,6433
6224,2503,3256,214,3435,8038
6224,2503,3256,994,5023,1227
6224,2503,3256,9561,957,1850
6224,2503,3256,352,2658,7260
6224,2503,3256,2808,6402,6134
6224,2503,3256,3855,1498,1761
6224,2503,3256,9281,2298,9802
6224,2503,3256,5315,6933,6125
6224,2503,3256,8818,5356,2488
6224,2503,3256,1736,2556,9888
6224,2503,3256,5871,6030,7276
6224,2503,3256,1938,2059,4576
6224,2503,3256,3672,7138,3295
6224,2503,3256,6117,724,5875
6224,2503,3256,6916,1718,1450
6224,2503,3256,6355,1563,7322
6224,2503,3256,9699,13,3132
6224,2503,3256,4438,2200,6376
6224,2503,3256,3050,2090,3406
6224,2503,3256,3808,9290,2330
6224,2503,3256,7446,7494,3555
6224,2503,3256,482,3559,7260
6224,2503,3256,9257,9455,4520
6224,2503,3256,7694,6295,1186
6224,2503,3256,5578,8051,9295
6224,2503,3256,9839,6222,990
6224,2503,3256,7970,6561,281
6224,2503,3256,2695,817,929
6224,2503,3256,1306,6572,4758
6224,2503,3256,3664,6240,9148
6224,2503,3256,2354,3866,4421
6224,2503,3256,499,6970,6734
6224,2503,3256,4432,1984,2100
6224,2503,3256,9369,9925,6448
6224,2503,3256,3335,8944,4621
6224,2503,3256,4738,9866,1092
6224,2503,3256,548,6331,5418
6224,2503,3256,4495,1137,5182
6224,2503,3256,448,7420,1240
6224,2503,3256,1497,3580,8316
6224,2503,3256,4777,8438,2679
6224,2503,3256,8797,8214,5062
6224,2503,3256,2922,9929,1874
6224,2503,3256,1949,5133,6574
6224,2503,3256,1316,7337,6941
6224,2503,3256,1503,2282,1649
6224,2503,3256,9541,1715,5486
6224,2503,3256,1569,9060,1707
6224,2503,3256,1769,4970,9411
6224,2503,3256,5826,6925,1391
6224,2503,3256,8754,964,6931
6224,2503,3256,3745,7856,2601
6224,2503,3256,7074,441,4908
6224,2503,3256,5652,4650,5464
6224,2503,3256,7232,3287,8837
6224,2503,3256,5922,8569,961
6224,2503,3256,7093,5955,507
6224,2503,3256,2245,9213,4731
6224,2503,3256,202,8091,1786
6224,2503,3256,5689,3120,1497
6224,2503,3256,9443,3663,9542
6224,2503,3256,2987,8987,1002
6224,2503,3256,2219,1662,2152
6224,2503,3256,4550,9901,544
6224,2503,3256,2368,6279,5176
6224,2503,3256,7350,1030,5187
6224,2503,3256,2029,119,3932
6224,2503,3256,8590,7663,2051
6224,2503,3256,596,1167,6356
6224,2503,3256,9523,5040,735
6224,2503,3256,9860,1245,9481
6224,2503,3256,6415,9456,3117
6224,2503,3256,9427,198,3875
6224,2503,3256,6456,1416,9254
6224,2503,3256,9982,5944,9970
6224,2503,3256,2319,4059,1670
6224,2503,3256,7410,5557,74
6224,2503,3256,3121,9133,5399
6224,2503,3256,1202,5344,3167
6224,2503,3256,1994,3062,6447
6224,2503,3256,2577,7743,8622
6224,2503,3256,6194,74,2343
6224,2503,3256,6566,4430,6380
6224,2503,3256,8108,7929,4517
6224,2503,3256,420,2074,6516
6224,2503,3256,177,8260,7599
6224,2503,3256,93,5441,8926
6224,2503,3256,6536,9197,6169
6224,2503,3256,2117,3743,2359
6224,2503,3256,4166,212,4278
6224,2503,3256,4419,1297,158
6224,2503,3256,5900,90,9036
6224,2503,3256,9887,3343,1895
6224,2503,3256,1572,9612,4007
6224,2503,3256,118,6553,5453
6224,2503,3256,9810,5636,2818
6224,2503,3256,1918,181,2706
6224,2503,3256,497,9141,6579
6224,2503,3256,826,4634,6660
6224,2503,3256,5497,2451,6392
6224,2503,3256,7827,2540,7831
6224,2503,3256,9706,7824,8427
6224,2503,3256,8179,3663,9035
6224,2503,3256,5490,1253,7594
6224,2503,3256,5348,3326,9896
6224,2503,3256,1545,4603,2063
6224,2503,3256,3033,3763,3273
6224,2503,3256,6853,9813,5136
6224,2503,3256,5473,8110,6138
6224,2503,3256,1318,5137,6887
6224,2503,3256,1858,5031,4773
6224,2503,3256,341,3139,4855
6224,2503,3256,2954,4670,6863
6224,2503,3256,5951,5146,8256
6224,2503,3256,3784,238,6430
6224,2503,3256,2915,3900,3343
6224,2503,3256,8770,2106,8196
6224,2503,3256,545,7071,8942
6224,2503,3256,6986,6030,6831
6224,2503,3256,5391,782,7083
6224,2503,3256,1628,98,2291
6224,2503,3256,9006,2460,7011
6224,2503,3256,3532,9444,8614
6224,2503,3256,3028,19,167
6224,2503,3256,6867,567,3660
6224,2503,3256,2940,7744,5910
6224,2503,3256,9970,6529,875
6224,2503,3256,880,5215,9889
6224,2503,3256,719,9752,6573
6224,2503,3256,1119,4539,6162
6224,2503,3256,7541,4504,7714
6224,2503,3256,657,5469,3364
6224,2503,3256,6040,8765,9752
6224,2503,3256,5890,6750,2127
6224,2503,3256,874,59,4078
6224,2503,3256,4636,7992,6649
6224,2503,3256,5911,7625,3694
6224,2503,3256,548,5019,5372
6224,2503,3256,5484,9938,1216
6224,2503,3256,1765,8259,6291
6224,2503,3256,8598,7204,7831
6224,2503,3256,3890,7113,3343
6224,2503,3256,9697,5293,2676
6224,2503,3256,2523,5004,7685
6224,2503,3256,2074,6365,8772
6224,2503,3256,8799,7708,5253
6224,2503,3256,542,8524,8277
6224,2503,3256,263,6879,7418
6224,2503,3256,6788,3090,4800
6224,2503,3256,3501,5684,9783
6224,2503,3256,6331,1660,1533
6224,2503,3256,734,5733,8008
6224,2503,3256,1169,334,7453
6224,2503,3256,4950,8198,96
6224,2503,3256,8857,8978,8359
6224,2503,3256,8619,6925,6842
6224,2503,3256,5180,385,6557
6224,2503,3256,3603,3496,9733
6224,2503,3256,2864,942,6242
6224,2503,3256,9835,7773,602
6224,2503,3256,4770,884,850
6224,2503,3256,3011,4352,7677
6224,2503,3256,9504,2414,6106
6224,2503,3256,2519,4909,8860
6224,2503,3256,9054,5846,8304
6224,2503,3256,8545,301,9186
6224,2503,3256,1800,4333,1148
6224,2503,3256,5082,3384,5793
6224,2503,3256,8692,5587,3463
6224,2503,3256,4110,685,617
6224,2503,3256,5829,8009,8569
6224,2503,3256,4634,8468,9315
6224,2503,3256,1452,8512,3451
6224,2503,3256,1256,8975,3010
6224,2503,3256,8426,2744,1573
6224,2503,3256,7963,9977,3371
6224,2503,3256,6433,3554,3482
6224,2503,3256,5744,8178,5306
6224,2503,3256,4097,4790,8202
6224,2503,3256,2295,6584,6918
6224,2503,3256,4429,2212,3026
6224,2503,3256,7495,3556,1990
6224,2503,3256,2825,4324,3823
6224,2503,3256,8852,4064,9752
6224,2503,3256,9989,1392,537
6224,2503,3256,2301,6241,5955
6224,2503,3256,4424,625,1924
6224,2503,3256,8270,9831,9336
6224,2503,3256,7021,7532,6103
6224,2503,3256,444,2714,9811
6224,2503,3256,5164,1011,8635
6224,2503,3256,9156,3895,7060
6224,2503,3256,1742,421,5975
6224,2503,3256,4254,2572,4766
6224,2503,3256,6498,3224,6776
6224,2503,3256,8309,3990,4502
6224,2503,3256,1720,9014,2036
6224,2503,3256,8474,7317,2106
6224,2503,3256,9466,2891,4981
6224,2503,3256,4738,1680,4132
6224,2503,3256,494,5760,6796
6224,2503,3256,3961,4615,3817
6224,2503,3256,4470,9794,5449
6224,2503,3256,9887,174,891
6224,2503,3256,7497,6335,5313
6224,2503,3256,3895,3945,6157
6224,2503,3256,956,5751,7128
6224,2503,3256,8431,5925,4196
6224,2503,3256,6580,2680,9905
6224,2503,3256,6713,2505,7370
6224,2503,3256,4297,9446,8213
6224,2503,3256,3699,7119,6829
6224,2503,3256,5063,7187,1543
6224,2503,3256,5417,1854,9340
6224,2503,3256,4225,3751,5709
6224,2503,3256,3915,2051,9910
6224,2503,3256,6722,7702,299
6224,2503,3256,7340,9754,6869
6224,2503,3256,9693,1938,9221
6224,2503,3256,9938,5032,6419
6224,2503,3256,4617,421,8218
6224,2503,3256,5866,7385,8380
6224,2503,3256,6835,1365,9819
6224,2503,3256,1866,2445,2984
6224,2503,3256,5613,5181,9895
6224,2503,3256,6582,1259,1845
6224,2503,3256,584,9680,8822
6224,2503,3256,8906,2173,8833
6224,2503,3256,6406,8951,1869
