4023,2246,7023,5931,8964,6424
4023,2246,7023,2769,4952,6661
4023,2246,7023,1132,7016,3512
4023,2246,7023,9334,2975,3682
4023,2246,7023,2512,7533,5232
4023,2246,7023,3819,4929,477
4023,2246,7023,56,7049,1713
4023,2246,7023,5473,9534,5594
4023,2246,7023,9847,2290,2579
4023,2246,7023,1172,7081,8917
4023,2246,7023,1472,235,8633
4023,2246,7023,1238,5108,9965
4023,2246,7023,4195,7399,7600
4023,2246,7023,2473,9347,5881
4023,2246,7023,3459,7150,269
4023,2246,7023,9429,9901,7349
4023,2246,7023,3344,1825,1384
4023,2246,7023,9173,9583,111
4023,2246,7023,1051,9973,582
4023,2246,7023,1901,962,5776
4023,2246,7023,4718,6398,3025
4023,2246,7023,2702,7359,9188
4023,2246,7023,2561,1373,3334
4023,2246,7023,5626,8304,359
4023,2246,7023,9895,6390,4453
4023,2246,7023,2343,3284,7038
4023,2246,7023,2008,5161,2070
4023,2246,7023,5101,2894,5432
4023,2246,7023,4173,1790,2402
4023,2246,7023,27,6633,659
4023,2246,7023,9994,8743,2045
4023,2246,7023,6236,3475,9507
4023,2246,7023,3883,3968,2732
4023,2246,7023,2050,9957,8859
4023,2246,7023,2351,8247,2607
4023,2246,7023,4369,7851,1528
4023,2246,7023,5606,5612,4504
4023,2246,7023,2907,8219,3764
4023,2246,7023,8911,6558,8218
4023,2246,7023,9979,9548,5506
4023,2246,7023,8438,3133,7413
4023,2246,7023,9755,6340,6682
4023,2246,7023,6164,5004,9233
4023,2246,7023,5275,875,9026
4023,2246,7023,964,4609,8208
4023,2246,7023,6910,3821,319
4023,2246,7023,4310,5860,3022
4023,2246,7023,2246,1676,12
4023,2246,7023,6120,9549,3067
4023,2246,7023,1657,4942,2778
4023,2246,7023,3988,78,2102
4023,2246,7023,7550,6006,7413
4023,2246,7023,3082,5237,6685
4023,2246,7023,286,6800,6390
4023,2246,7023,3183,8587,122
4023,2246,7023,7663,908,4253
4023,2246,7023,1966,6933,7762
4023,2246,7023,7759,5940,5183
4023,2246,7023,4301,9305,4033
4023,2246,7023,3400,9956,4164
4023,2246,7023,4440,7002,2002
4023,2246,7023,7765,50,1053
4023,2246,7023,1371,2429,7192
4023,2246,7023,7074,5622,5319
4023,2246,7023,320,9905,4017
4023,2246,7023,5201,2305,980
4023,2246,7023,2581,2850,89
4023,2246,7023,9789,3814,7855
4023,2246,7023,6657,7808,7348
4023,2246,7023,6743,6757,8636
4023,2246,7023,733,3708,6417
4023,2246,7023,962,9530,518
4023,2246,7023,8497,2572,8366
4023,2246,7023,5064,5874,9692
4023,2246,7023,9501,7609,7450
4023,2246,7023,4781,313,7890
4023,2246,7023,5369,6060,1823
4023,2246,7023,1863,7550,8559
4023,2246,7023,5173,4765,8702
4023,2246,7023,416,1285,884
4023,2246,7023,4030,4328,472
4023,2246,7023,7777,242,1796
4023,2246,7023,5871,6023,6722
4023,2246,7023,6386,728,2331
4023,2246,7023,7529,6099,2767
4023,2246,7023,498,8204,1149
4023,2246,7023,2214,7449,3618
4023,2246,7023,2298,8826,4742
4023,2246,7023,4840,3995,6371
4023,2246,7023,7562,2412,2355
4023,2246,7023,8390,9989,1308
4023,2246,7023,8469,2206,7417
4023,2246,7023,14,3636,7646
4023,2246,7023,2048,3468,4375
4023,2246,7023,8598,2194,612
4023,2246,7023,6394,438,9076
4023,2246,7023,8995,6134,3610
4023,2246,7023,4362,4300,6113
4023,2246,7023,441,6682,7578
4023,2246,7023,544,4712,9715
4023,2246,7023,2897,8413,5597
4023,2246,7023,6420,1996,5667
4023,2246,7023,2148,1663,3686
4023,2246,7023,1379,1265,9946
4023,2246,7023,8365,4666,7822
4023,2246,7023,471,6702,2475
4023,2246,7023,983,3833,456
4023,2246,7023,6348,6466,2952
4023,2246,7023,6763,9861,1786
4023,2246,7023,6006,9810,7464
4023,2246,7023,3470,4933,4220
4023,2246,7023,7738,5892,7896
4023,2246,7023,3152,9229,1881
4023,2246,7023,7869,3966,2880
4023,2246,7023,7041,7920,5866
4023,2246,7023,7583,5023,9331
4023,2246,7023,9187,4098,1459
4023,2246,7023,3814,3021,2790
4023,2246,7023,1522,8671,6015
4023,2246,7023,2945,2677,2562
4023,2246,7023,296,678,520
4023,2246,7023,6348,1362,1902
4023,2246,7023,7306,4668,6965
4023,2246,7023,7776,3888,3200
4023,2246,7023,9767,249,6123
4023,2246,7023,223,4521,6121
4023,2246,7023,1211,7435,8033
4023,2246,7023,9430,6688,1827
4023,2246,7023,3049,5348,6312
4023,2246,7023,3787,4053,1655
4023,2246,7023,9241,1708,2433
4023,2246,7023,5592,5698,39
4023,2246,7023,7341,1676,467
4023,2246,7023,3840,5974,2723
4023,2246,7023,9739,4505,4019
4023,2246,7023,1735,7989,2882
4023,2246,7023,6299,213,9777
4023,2246,7023,4894,8025,8318
4023,2246,7023,9615,6491,9944
4023,2246,7023,1074,7401,6220
4023,2246,7023,6956,4140,3581
4023,2246,7023,6095,389,633
4023,2246,7023,2502,5146,4851
4023,2246,7023,7557,8361,8241
4023,2246,7023,2712,578,4839
4023,2246,7023,5509,6355,1647
4023,2246,7023,1849,2897,8007
4023,2246,7023,1981,1170,5558
4023,2246,7023,5517,559,9731
4023,2246,7023,2231,3823,993
4023,2246,7023,5327,4308,5440
4023,2246,7023,3607,2454,5194
4023,2246,7023,4555,4990,4223
4023,2246,7023,7240,5239,4690
4023,2246,7023,5418,1362,933
4023,2246,7023,1496,3416,1598
4023,2246,7023,7846,9763,3204
4023,2246,7023,9662,616,760
4023,2246,7023,599,2754,827
4023,2246,7023,7172,2968,2094
4023,2246,7023,2022,8232,9450
4023,2246,7023,3945,5484,2847
4023,2246,7023,8809,1847,7534
4023,2246,7023,2765,880,7201
4023,2246,7023,909,9097,5598
4023,2246,7023,384,5848,3736
4023,2246,7023,7091,861,2757
4023,2246,7023,5263,791,9848
4023,2246,7023,7148,8815,1320
4023,2246,7023,8329,9925,2637
4023,2246,7023,7501,8510,1828
4023,2246,7023,1440,9822,9496
4023,2246,7023,8903,3748,741
4023,2246,7023,570,9440,6722
4023,2246,7023,7350,6595,5062
4023,2246,7023,1819,8997,4961
4023,2246,7023,7837,3294,8017
4023,2246,7023,5655,3448,2598
4023,2246,7023,3000,2368,6307
4023,2246,7023,7908,3397,2403
4023,2246,7023,5577,3883,4252
4023,2246,7023,7653,4997,4150
4023,2246,7023,8966,3252,3189
4023,2246,7023,568,9812,6704
4023,2246,7023,5111,1968,144
4023,2246,7023,2080,268,5458
4023,2246,7023,9315,3312,4369
4023,2246,7023,8360,3162,7778
4023,2246,7023,118,1875,8495
4023,2246,7023,3265,6046,6856
4023,2246,7023,3175,9174,6433
4023,2246,7023,534,5473,1261
4023,2246,7023,8791,4810,7723
4023,2246,7023,4651,9941,9010
4023,2246,7023,5395,266,1412
4023,2246,7023,7866,8619,7104
4023,2246,7023,4657,6171,8790
4023,2246,7023,4875,4320,6789
4023,2246,7023,2352,7900,6945
4023,2246,7023,892,7094,5281
4023,2246,7023,4750,9635,3099
4023,2246,7023,6361,8785,7870
4023,2246,7023,175,5789,6646
4023,2246,7023,1681,3668,2346
4023,2246,7023,2848,401,7607
4023,2246,7023,7410,6457,8010
4023,2246,7023,4832,1840,2337
4023,2246,7023,6200,1808,2686
4023,2246,7023,2370,5954,9637
4023,2246,7023,4577,4438,8749
4023,2246,7023,2405,9520,192
4023,2246,7023,1249,7643,7481
4023,2246,7023,9800,8019,6854
4023,2246,7023,3908,5065,1651
4023,2246,7023,8496,3885,2894
4023,2246,7023,4929,8418,4431
4023,2246,7023,2733,2458,5668
4023,2246,7023,5812,4669,8336
4023,2246,7023,602,3422,7159
4023,2246,7023,4822,1339,1833
4023,2246,7023,4358,8646,7463
4023,2246,7023,712,8552,1988
4023,2246,7023,4989,5890,6672
4023,2246,7023,6605,8458,8742
4023,2246,7023,427,7429,5804
4023,2246,7023,4712,5276,6446
4023,2246,7023,3503,8294,3728
4023,2246,7023,4009,7938,7672
4023,2246,7023,8216,4137,8255
4023,2246,7023,9324,8455,9199
4023,2246,7023,5873,4175,3598
4023,2246,7023,4427,743,4568
4023,2246,7023,4437,6996,5104
4023,2246,7023,7538,1847,2240
4023,2246,7023,6512,5049,5270
4023,2246,7023,818,7565,6142
4023,2246,7023,583,1218,5525
4023,2246,7023,4031,5826,6433
4023,2246,7023,4949,6593,19
4023,2246,7023,4396,1622,9928
4023,2246,7023,1307,7038,6416
4023,2246,7023,2327,8178,6605
4023,2246,7023,3820,8728,9622
4023,2246,7023,8046,2188,9622
4023,2246,7023,3874,7640,8073
4023,2246,7023,7460,8793,8688
4023,2246,7023,7767,5904,1741
4023,2246,7023,7982,8421,7584
4023,2246,7023,5072,7835,3315
4023,2246,7023,6212,7404,4126
4023,2246,7023,7265,9221,5984
4023,2246,7023,3980,1024,7482
4023,2246,7023,1600,2903,3215
4023,2246,7023,7967,3059,49
4023,2246,7023,7057,5480,8936
4023,2246,7023,8197,9393,5374
4023,2246,7023,3603,2863,9328
4023,2246,7023,6281,3326,9459
4023,2246,7023,6092,1186,2161
4023,2246,7023,5183,6129,2630
4023,2246,7023,9698,4411,520
4023,2246,7023,5830,3516,6215
4023,2246,7023,2397,8718,1447
4023,2246,7023,2899,7116,2998
4023,2246,7023,7448,68,9287
4023,2246,7023,500,4773,1394
4023,2246,7023,1033,2243,4523
4023,2246,7023,5164,3590,7562
4023,2246,7023,8517,9022,8065
4023,2246,7023,8518,5807,3677
4023,2246,7023,696,4965,8517
4023,2246,7023,6629,9747,1877
4023,2246,7023,7321,9245,9364
4023,2246,7023,4033,2208,5028
4023,2246,7023,1405,4895,7878
4023,2246,7023,4569,4977,2691
4023,2246,7023,1758,8769,8914
4023,2246,7023,5554,3642,8222
4023,2246,7023,5244,3110,9797
4023,2246,7023,7445,9254,2404
4023,2246,7023,5427,2962,8026
4023,2246,7023,745,1626,5675
4023,2246,7023,7235,6235,2592
4023,2246,7023,5361,6961,7292
4023,2246,7023,8795,3064,7605
4023,2246,7023,8214,552,6454
4023,2246,7023,5362,1814,3131
4023,2246,7023,2252,6803,899
4023,2246,7023,4978,7140,2269
4023,2246,7023,5431,9440,6952
4023,2246,7023,6712,1195,48
4023,2246,7023,4665,9323,2001
4023,2246,7023,460,7729,2841
4023,2246,7023,468,5005,3487
4023,2246,7023,4999,8486,4129
4023,2246,7023,3909,5814,6790
4023,2246,7023,346,5235,4261
4023,2246,7023,740,8056,4426
4023,2246,7023,3372,4094,2437
4023,2246,7023,9380,6711,4935
4023,2246,7023,4826,6733,5077
4023,2246,7023,5538,2999,3825
4023,2246,7023,1793,498,4754
4023,2246,7023,8102,3218,4088
4023,2246,7023,6105,2038,8438
4023,2246,7023,9919,7133,7288
4023,2246,7023,8200,4718,7070
4023,2246,7023,215,2077,8886
4023,2246,7023,2487,4729,6387
4023,2246,7023,323,2496,7343
4023,2246,7023,2627,4308,1392
4023,2246,7023,7616,9008,5988
4023,2246,7023,7427,4590,2824
4023,2246,7023,3676,8674,6072
4023,2246,7023,1882,1103,4777
4023,2246,7023,4457,8426,1385
4023,2246,7023,9394,777,8553
4023,2246,7023,5674,1953,3282
4023,2246,7023,786,7875,3928
4023,2246,7023,6933,1739,6735
4023,2246,7023,6143,5964,4082
4023,2246,7023,969,4719,9579
4023,2246,7023,2956,5330,3284
4023,2246,7023,5494,5630,810
4023,2246,7023,2693,4112,3235
4023,2246,7023,2659,9719,5305
4023,2246,7023,8671,9909,69
4023,2246,7023,1655,9164,3904
4023,2246,7023,7137,8238,4394
4023,2246,7023,2808,6731,3344
4023,2246,7023,7967,191,5263
4023,2246,7023,3274,3256,8365
4023,2246,7023,7015,8421,362
4023,2246,7023,4176,8100,4690
4023,2246,7023,2984,948,774
4023,2246,7023,9503,5553,4212
4023,2246,7023,5825,6877,6783
4023,2246,7023,3360,556,7005
4023,2246,7023,527,321,8625
4023,2246,7023,6512,1468,4103
4023,2246,7023,9641,5681,4819
4023,2246,7023,2788,3961,8928
4023,2246,7023,4291,4579,9512
4023,2246,7023,1739,3723,212
4023,2246,7023,8415,1230,2709
4023,2246,7023,4610,7042,1711
4023,2246,7023,72,9862,513
4023,2246,7023,8818,2035,1588
4023,2246,7023,7391,3103,1603
4023,2246,7023,2707,3612,5587
4023,2246,7023,2051,9829,638
4023,2246,7023,6488,3001,3604
4023,2246,7023,4331,9225,1849
4023,2246,7023,8397,5719,5439
4023,2246,7023,5660,3654,7164
4023,2246,7023,6594,9090,3718
4023,2246,7023,6180,7545,144
4023,2246,7023,433,9340,6604
4023,2246,7023,7020,355,2463
4023,2246,7023,9827,5066,6132
4023,2246,7023,9906,4387,8814
4023,2246,7023,6458,7557,1247
4023,2246,7023,7666,2532,9319
4023,2246,7023,1176,9732,2686
4023,2246,7023,595,4945,8194
4023,2246,7023,2322,6048,1686
4023,2246,7023,5755,3154,873
4023,2246,7023,7755,5394,590
4023,2246,7023,1855,5765,8159
4023,2246,7023,5223,9611,5121
4023,2246,7023,2019,3456,2171
4023,2246,7023,8933,2583,4145
4023,2246,7023,7068,2118,931
4023,2246,7023,1719,6793,1989
4023,2246,7023,7442,1999,4100
4023,2246,7023,1257,2745,6184
4023,2246,7023,6288,338,5861
4023,2246,7023,1606,9448,4652
4023,2246,7023,2416,7537,6461
4023,2246,7023,6048,8458,9043
4023,2246,7023,1745,184,6325
4023,2246,7023,6836,6738,3590
4023,2246,7023,3486,6386,5928
4023,2246,7023,6181,1674,1240
4023,2246,7023,6110,8663,2494
4023,2246,7023,4258,2828,8767
4023,2246,7023,3727,126,844
4023,2246,7023,3400,6972,2974
4023,2246,7023,6520,4413,4311
4023,2246,7023,3347,1181,7507
4023,2246,7023,7546,3205,2996
4023,2246,7023,8238,7019,675
4023,2246,7023,3241,7483,491
4023,2246,7023,7155,5192,2568
4023,2246,7023,818,7774,8332
4023,2246,7023,8416,7437,3126
4023,2246,7023,334,8699,8832
4023,2246,7023,7569,7186,6082
4023,2246,7023,5394,2750,2203
4023,2246,7023,2841,6158,4294
4023,2246,7023,2373,6030,5811
4023,2246,7023,2995,1680,8311
4023,2246,7023,2778,9906,5102
4023,2246,7023,5127,85,8397
4023,2246,7023,6683,9793,4982
4023,2246,7023,2116,7569,5184
4023,2246,7023,3394,6621,4461
4023,2246,7023,7554,3712,8000
4023,2246,7023,8566,498,5219
4023,2246,7023,4658,7050,7974
4023,2246,7023,9625,3797,9332
4023,2246,7023,517,138,2681
4023,2246,7023,5048,9111,7727
4023,2246,7023,787,877,3309
4023,2246,7023,6887,4710,5677
4023,2246,7023,1173,5904,2941
4023,2246,7023,4101,979,6471
4023,2246,7023,6717,9048,2842
4023,2246,7023,6584,8287,953
4023,2246,7023,6578,8187,7966
4023,2246,7023,4176,3710,8133
4023,2246,7023,5894,3319,4872
4023,2246,7023,2969,1475,3202
4023,2246,7023,9265,2525,1643
4023,2246,7023,1497,7873,4174
4023,2246,7023,8380,3678,5557
4023,2246,7023,1182,8312,5899
4023,2246,7023,6855,8221,567
4023,2246,7023,4789,3229,3197
4023,2246,7023,3606,2010,3339
4023,2246,7023,9038,8573,6060
4023,2246,7023,7321,1926,7728
4023,2246,7023,3866,3018,6188
4023,2246,7023,7566,8597,8714
4023,2246,7023,2483,6903,9161
4023,2246,7023,9982,2040,2975
4023,2246,7023,4171,8590,4315
4023,2246,7023,205,3575,7636
4023,2246,7023,5740,5960,3411
4023,2246,7023,9498,3608,2432
4023,2246,7023,313,3359,8459
4023,2246,7023,7246,666,5538
4023,2246,7023,9396,3640,1630
4023,2246,7023,7661,485,6835
4023,2246,7023,8249,8659,8793
4023,2246,7023,7054,6726,1216
4023,2246,7023,65,9163,4945
4023,2246,7023,360,658,2185
4023,2246,7023,6681,3819,7985
4023,2246,7023,8681,9615,5614
4023,2246,7023,7145,4091,8500
4023,2246,7023,5749,8277,4871
4023,2246,7023,4699,4246,8304
4023,2246,7023,6118,3941,8535
4023,2246,7023,3876,9656,8504
4023,2246,7023,3721,1105,9458
4023,2246,7023,4447,3827,7325
4023,2246,7023,2602,3388,1440
4023,2246,7023,2397,4685,6964
4023,2246,7023,7533,6322,8141
4023,2246,7023,1236,6003,9475
4023,2246,7023,662,8020,7986
4023,2246,7023,7483,8376,3727
4023,2246,7023,1922,18,507
4023,2246,7023,8273,5483,4894
4023,2246,7023,2078,9840,3741
4023,2246,7023,8629,1546,145
4023,2246,7023,8458,2604,842
4023,2246,7023,6485,8527,7281
4023,2246,7023,2077,4044,8890
4023,2246,7023,4241,4119,7970
4023,2246,7023,7526,6208,1161
4023,2246,7023,7823,8133,8346
4023,2246,7023,3671,521,6106
4023,2246,7023,7982,105,8093
4023,2246,7023,227,4655,9707
4023,2246,7023,4241,9158,5293
4023,2246,7023,7618,546,548
4023,2246,7023,6548,8754,1054
4023,2246,7023,9564,9886,8727
4023,2246,7023,4530,1802,4047
4023,2246,7023,9603,1533,7388
4023,2246,7023,5647,2516,6800
4023,2246,7023,6207,7677,4656
4023,2246,7023,9484,7938,9173
4023,2246,7023,411,9107,6998
4023,2246,7023,4972,3800,6639
4023,2246,7023,5736,705,5274
4023,2246,7023,7921,7445,4810
4023,2246,7023,805,7894,9837
4023,2246,7023,4207,4657,8452
4023,2246,7023,2639,3503,8788
4023,2246,7023,6063,2793,5923
4023,2246,7023,659,6631,2404
4023,2246,7023,621,3845,2209
4023,2246,7023,4905,6568,4839
4023,2246,7023,5719,6754,2877
4023,2246,7023,5462,273,9643
4023,2246,7023,863,7911,7886
4023,2246,7023,2028,2350,8657
4023,2246,7023,5088,8332,5537
4023,2246,7023,1003,8541,2656
4023,2246,7023,519,8214,450
4023,2246,7023,5164,7747,9213
4023,2246,7023,5453,6917,8244
4023,2246,7023,5537,1618,7554
4023,2246,7023,7847,7432,818
4023,2246,7023,6441,1208,8820
4023,2246,7023,6135,8625,4944
4023,2246,7023,2530,2812,4902
