9597,9857,9963,364,9590,6962
9597,9857,9963,7246,2010,3657
9597,9857,9963,5808,658,2724
9597,9857,9963,9716,9607,7
9597,9857,9963,7107,8342,4387
9597,9857,9963,3149,3615,6718
9597,9857,9963,1230,8683,5539
9597,9857,9963,8896,6796,5707
9597,9857,9963,9981,9390,4731
9597,9857,9963,4167,911,6384
9597,9857,9963,7631,3183,9940
9597,9857,9963,3481,68,7968
9597,9857,9963,5690,590,1148
9597,9857,9963,877,3328,1802
9597,9857,9963,9180,4208,317
9597,9857,9963,4043,9898,8451
9597,9857,9963,1020,4321,2994
9597,9857,9963,2413,5823,8689
9597,9857,9963,9300,2994,4755
9597,9857,9963,3184,3368,2465
9597,9857,9963,6911,3568,1173
9597,9857,9963,1080,4135,300
9597,9857,9963,9366,1658,7767
9597,9857,9963,2311,3556,4840
9597,9857,9963,2566,8793,1826
9597,9857,9963,481,3816,897
9597,9857,9963,3071,85,4990
9597,9857,9963,5334,6759,2390
9597,9857,9963,7083,9609,2317
9597,9857,9963,9275,9054,8597
9597,9857,9963,9993,1567,7764
9597,9857,9963,2258,3969,109
9597,9857,9963,2626,7175,2441
9597,9857,9963,5697,9449,60
9597,9857,9963,9925,8946,7650
9597,9857,9963,3134,6451,9453
9597,9857,9963,3847,1731,8916
9597,9857,9963,893,168,2483
9597,9857,9963,1226,1487,8342
9597,9857,9963,5799,3311,5377
9597,9857,9963,2287,2870,7572
9597,9857,9963,936,714,37
9597,9857,9963,2348,5537,715
9597,9857,9963,2795,8404,612
9597,9857,9963,4592,4935,5216
9597,9857,9963,8413,1938,3269
9597,9857,9963,847,9369,9959
9597,9857,9963,4901,9733,2068
9597,9857,9963,2783,5951,7078
9597,9857,9963,2524,7261,2827
9597,9857,9963,8038,5646,1032
9597,9857,9963,595,4007,2160
9597,9857,9963,6731,6924,9274
9597,9857,9963,1061,8577,7211
9597,9857,9963,1197,8164,1463
9597,9857,9963,7666,1474,6983
9597,9857,9963,1838,7582,1747
9597,9857,9963,1420,862,3815
9597,9857,9963,512,7483,1492
9597,9857,9963,2115,7275,4386
9597,9857,9963,2723,2908,9744
9597,9857,9963,3810,3959,5221
9597,9857,9963,6241,1077,9804
9597,9857,9963,3065,1328,6419
9597,9857,9963,4921,7828,3203
9597,9857,9963,5477,1679,1728
9597,9857,9963,9511,1603,6083
9597,9857,9963,7192,8496,3761
9597,9857,9963,7010,3575,8430
9597,9857,9963,1804,8596,4360
9597,9857,9963,7604,3577,8093
9597,9857,9963,3718,3681,6661
9597,9857,9963,1776,686,9036
9597,9857,9963,141,2147,508
9597,9857,9963,1632,5206,7161
9597,9857,9963,5811,7960,2357
9597,9857,9963,9196,3738,1465
9597,9857,9963,6451,1854,6687
9597,9857,9963,7566,3289,3361
9597,9857,9963,5403,2258,8813
9597,9857,9963,1657,2589,4361
9597,9857,9963,509,7653,6548
9597,9857,9963,3531,6547,8008
9597,9857,9963,5542,453,2548
9597,9857,9963,2428,1044,6677
9597,9857,9963,9565,315,1932
9597,9857,9963,3730,4362,1090
9597,9857,9963,7468,651,9771
9597,9857,9963,9772,1837,9925
9597,9857,9963,434,7513,6528
9597,9857,9963,8623,2430,5493
9597,9857,9963,9429,7965,9059
9597,9857,9963,3716,8032,6376
9597,9857,9963,4109,9390,1801
9597,9857,9963,7417,6596,6357
9597,9857,9963,4600,1539,2941
9597,9857,9963,7012,4974,5629
9597,9857,9963,7176,7022,4574
9597,9857,9963,2571,2500,6005
9597,9857,9963,3087,7858,9557
9597,9857,9963,6921,9221,4646
9597,9857,9963,5212,1621,2971
9597,9857,9963,189,3293,8285
9597,9857,9963,146,3906,4946
9597,9857,9963,6815,310,4721
9597,9857,9963,3671,5211,1843
9597,9857,9963,5490,2137,7315
9597,9857,9963,8505,5646,2150
9597,9857,9963,770,7365,757
9597,9857,9963,1582,4336,3585
9597,9857,9963,330,187,6101
9597,9857,9963,8533,8513,9058
9597,9857,9963,4263,2669,4083
9597,9857,9963,2595,9404,259
9597,9857,9963,9218,6813,4021
9597,9857,9963,4666,4134,4901
9597,9857,9963,6436,4888,5978
9597,9857,9963,8232,6121,4811
9597,9857,9963,9849,2063,9092
9597,9857,9963,147,8105,5355
9597,9857,9963,1818,5144,6738
9597,9857,9963,1438,4793,5945
9597,9857,9963,5345,930,6257
9597,9857,9963,7762,7506,7757
9597,9857,9963,5888,2963,2802
9597,9857,9963,3190,5466,276
9597,9857,9963,5869,9766,4318
9597,9857,9963,4360,6243,329
9597,9857,9963,7436,4755,1333
9597,9857,9963,196,1564,6929
9597,9857,9963,3323,3332,7908
9597,9857,9963,2556,5655,777
9597,9857,9963,9905,8481,4525
9597,9857,9963,6190,9355,3948
9597,9857,9963,9360,6256,4286
9597,9857,9963,3052,4118,6812
9597,9857,9963,6257,4131,3374
9597,9857,9963,6899,6282,7020
9597,9857,9963,522,7087,9166
9597,9857,9963,3711,2803,7484
9597,9857,9963,9129,3670,8269
9597,9857,9963,2964,1515,7426
9597,9857,9963,6583,5972,2463
9597,9857,9963,9912,5284,7224
9597,9857,9963,1995,431,8353
9597,9857,9963,7445,2856,9198
9597,9857,9963,491,3377,2928
9597,9857,9963,5401,7273,6856
9597,9857,9963,328,9461,9358
9597,9857,9963,7545,9389,4799
9597,9857,9963,6762,2969,2245
9597,9857,9963,8766,2552,6969
9597,9857,9963,1520,6316,2387
9597,9857,9963,3560,2944,5854
9597,9857,9963,6164,2645,669
9597,9857,9963,3354,5538,9346
9597,9857,9963,1591,3080,2386
9597,9857,9963,7381,3535,2427
9597,9857,9963,6919,5993,1330
9597,9857,9963,1555,1120,1112
9597,9857,9963,9914,2212,5620
9597,9857,9963,1261,7745,2682
9597,9857,9963,1483,90,5504
9597,9857,9963,8424,4433,2639
9597,9857,9963,7286,3906,9530
9597,9857,9963,8840,6305,1456
9597,9857,9963,2618,3998,7889
9597,9857,9963,7069,9529,1073
9597,9857,9963,7515,2414,6802
9597,9857,9963,3384,9556,2473
9597,9857,9963,4225,6560,8866
9597,9857,9963,9989,5892,4375
9597,9857,9963,987,6897,8836
9597,9857,9963,1036,9202,6202
9597,9857,9963,7339,882,9925
9597,9857,9963,9825,5347,2066
9597,9857,9963,726,7058,793
9597,9857,9963,9031,2588,8431
9597,9857,9963,2034,6120,5159
9597,9857,9963,6716,9481,1014
9597,9857,9963,494,7513,659
9597,9857,9963,2613,5165,1945
9597,9857,9963,7997,8122,5624
9597,9857,9963,4153,9710,8945
9597,9857,9963,2308,9024,5633
9597,9857,9963,8011,3190,4724
9597,9857,9963,8914,6955,9792
9597,9857,9963,1710,9985,3158
9597,9857,9963,9778,5619,2682
9597,9857,9963,5651,9003,4221
9597,9857,9963,3074,1612,3382
9597,9857,9963,4268,1288,7559
9597,9857,9963,8801,1078,5534
9597,9857,9963,7783,7309,3705
9597,9857,9963,384,8846,9613
9597,9857,9963,9810,1902,424
9597,9857,9963,1566,4500,37
9597,9857,9963,5831,7389,4716
9597,9857,9963,453,3599,7765
9597,9857,9963,7561,8501,3907
9597,9857,9963,5621,1416,187
9597,9857,9963,8392,2106,701
9597,9857,9963,8444,4764,1619
9597,9857,9963,9646,2617,4805
9597,9857,9963,7456,1112,1784
9597,9857,9963,9209,51,6840
9597,9857,9963,3610,4378,4479
9597,9857,9963,2718,5364,9049
9597,9857,9963,4744,7410,6179
9597,9857,9963,2027,576,9338
9597,9857,9963,5661,9224,9633
9597,9857,9963,2995,14,564
9597,9857,9963,9425,370,2153
9597,9857,9963,9367,1756,9484
9597,9857,9963,2840,3568,8790
9597,9857,9963,3026,5333,2796
9597,9857,9963,8448,702,3840
9597,9857,9963,8133,2853,2489
9597,9857,9963,493,6940,4405
9597,9857,9963,8425,626,8622
9597,9857,9963,5229,9004,5054
9597,9857,9963,291,3787,9924
9597,9857,9963,513,4788,4634
9597,9857,9963,3896,5824,2248
9597,9857,9963,3195,9485,7085
9597,9857,9963,5148,9577,4365
9597,9857,9963,7812,974,3793
9597,9857,9963,5622,4746,9150
9597,9857,9963,9606,9368,9073
9597,9857,9963,8455,6012,7678
9597,9857,9963,2907,622,8161
9597,9857,9963,7265,6273,8209
9597,9857,9963,5294,7278,3255
9597,9857,9963,9438,9945,5423
9597,9857,9963,448,5177,1113
9597,9857,9963,8219,3547,1152
9597,9857,9963,2083,1560,7828
9597,9857,9963,4562,4531,3197
9597,9857,9963,6295,3778,6352
9597,9857,9963,7842,7062,8184
9597,9857,9963,3209,7028,3379
9597,9857,9963,8989,2033,2616
9597,9857,9963,421,4749,8521
9597,9857,9963,8161,5615,8049
9597,9857,9963,4922,6391,4456
9597,9857,9963,496,5600,170
9597,9857,9963,1710,4263,7287
9597,9857,9963,352,1275,302
9597,9857,9963,6074,6494,2322
9597,9857,9963,6581,7279,6681
9597,9857,9963,7213,5459,8329
9597,9857,9963,9636,7193,355
9597,9857,9963,4941,7468,6999
9597,9857,9963,6720,1775,5227
9597,9857,9963,9156,7455,706
9597,9857,9963,8914,6688,405
9597,9857,9963,1156,5758,8530
9597,9857,9963,7772,5170,6421
9597,9857,9963,1355,1712,994
9597,9857,9963,8694,2665,513
9597,9857,9963,318,8676,5495
9597,9857,9963,8616,5471,1694
9597,9857,9963,1595,6296,2431
9597,9857,9963,4831,6887,1927
9597,9857,9963,8012,753,2117
9597,9857,9963,7827,3374,4020
9597,9857,9963,7467,7260,8108
9597,9857,9963,5264,3464,7792
9597,9857,9963,3427,1639,6807
9597,9857,9963,6627,3325,1822
9597,9857,9963,9376,9465,3325
9597,9857,9963,8438,8802,3471
9597,9857,9963,6253,8262,1465
9597,9857,9963,3281,3801,4137
9597,9857,9963,6457,5832,9617
9597,9857,9963,8326,8897,4969
9597,9857,9963,6005,6262,7903
9597,9857,9963,6405,6251,2221
9597,9857,9963,4062,2814,7150
9597,9857,9963,2086,5767,9127
9597,9857,9963,3672,8157,7926
9597,9857,9963,7051,9714,6746
9597,9857,9963,289,2658,8275
9597,9857,9963,5764,2926,1023
9597,9857,9963,2579,9760,5622
9597,9857,9963,7368,7415,128
9597,9857,9963,7440,986,2045
9597,9857,9963,1025,1094,8463
9597,9857,9963,1506,4745,678
9597,9857,9963,5146,3684,6001
9597,9857,9963,7844,3850,581
9597,9857,9963,2790,8190,2086
9597,9857,9963,4783,8365,5717
9597,9857,9963,6737,7032,4580
9597,9857,9963,8426,5044,2352
9597,9857,9963,2993,2121,5747
9597,9857,9963,1299,1251,887
9597,9857,9963,3177,909,3610
9597,9857,9963,3444,1406,4018
9597,9857,9963,6608,1751,766
9597,9857,9963,7402,1331,3983
9597,9857,9963,4389,5667,9672
9597,9857,9963,7960,2755,2292
9597,9857,9963,9919,6618,6432
9597,9857,9963,1136,8018,2343
9597,9857,9963,5176,2181,4581
9597,9857,9963,9242,6129,8326
9597,9857,9963,3908,6354,3169
9597,9857,9963,6735,4533,1395
9597,9857,9963,6691,4346,7338
9597,9857,9963,3604,4307,9623
9597,9857,9963,6761,8856,3284
9597,9857,9963,2347,8008,3001
9597,9857,9963,3932,5541,2316
9597,9857,9963,4184,2054,7162
9597,9857,9963,3511,6685,2898
9597,9857,9963,6569,1765,7039
9597,9857,9963,1964,2715,45
9597,9857,9963,4712,3208,8591
9597,9857,9963,1998,2599,7623
9597,9857,9963,2501,4216,2176
9597,9857,9963,9219,9545,951
9597,9857,9963,1327,2582,5597
9597,9857,9963,5382,7495,1047
9597,9857,9963,9481,802,9204
9597,9857,9963,525,2402,4833
9597,9857,9963,3003,5683,7964
9597,9857,9963,7271,8360,2966
9597,9857,9963,3034,8176,2617
9597,9857,9963,9734,7087,5194
9597,9857,9963,1421,6895,9654
9597,9857,9963,65,8980,9525
9597,9857,9963,9242,4187,8539
9597,9857,9963,8137,4224,4469
9597,9857,9963,6401,3865,1657
9597,9857,9963,7672,250,7708
9597,9857,9963,4024,7592,1164
9597,9857,9963,6644,5185,8981
9597,9857,9963,531,6229,2655
9597,9857,9963,8603,2599,4610
9597,9857,9963,2422,1227,9166
9597,9857,9963,4489,9960,1570
9597,9857,9963,366,3820,1825
9597,9857,9963,3924,7767,1542
9597,9857,9963,4460,8907,665
9597,9857,9963,1116,159,8010
9597,9857,9963,4404,501,9359
9597,9857,9963,5753,9731,8260
9597,9857,9963,6541,7529,1842
9597,9857,9963,6501,1699,2867
9597,9857,9963,4304,7463,2071
9597,9857,9963,9655,230,3655
9597,9857,9963,5643,431,8571
9597,9857,9963,3809,3680,5972
9597,9857,9963,6508,3062,3628
9597,9857,9963,335,2973,6133
9597,9857,9963,7935,5658,7888
9597,9857,9963,2878,1517,3604
9597,9857,9963,3193,5419,9951
9597,9857,9963,1057,9375,9316
9597,9857,9963,7666,4829,5678
9597,9857,9963,8905,6685,8492
9597,9857,9963,2460,9145,811
9597,9857,9963,456,2819,9677
9597,9857,9963,3379,9587,4943
9597,9857,9963,2478,5115,2419
9597,9857,9963,8800,7937,8447
9597,9857,9963,8166,1094,4128
9597,9857,9963,2618,7655,6502
9597,9857,9963,9590,4514,5729
9597,9857,9963,6742,6014,6748
9597,9857,9963,8411,7744,6735
9597,9857,9963,2384,2127,8842
9597,9857,9963,4874,418,6115
9597,9857,9963,5749,1098,6551
9597,9857,9963,3874,2027,2027
9597,9857,9963,194,4959,1238
9597,9857,9963,4405,3376,1686
9597,9857,9963,6775,1043,8308
9597,9857,9963,9679,6453,4181
9597,9857,9963,5568,5561,9434
9597,9857,9963,3202,9232,9137
9597,9857,9963,2850,3610,976
9597,9857,9963,4251,3105,613
9597,9857,9963,9886,5157,1755
9597,9857,9963,1836,5553,5658
9597,9857,9963,3954,7242,2228
9597,9857,9963,2838,3286,8448
9597,9857,9963,8421,1622,5054
9597,9857,9963,7711,1766,8307
9597,9857,9963,7917,5642,6874
9597,9857,9963,5862,7332,8999
9597,9857,9963,6664,2048,7308
9597,9857,9963,633,4702,2398
9597,9857,9963,3707,6735,4699
9597,9857,9963,4855,5262,2127
9597,9857,9963,8340,3271,7322
9597,9857,9963,6648,7720,7207
9597,9857,9963,9592,3317,3304
9597,9857,9963,4290,4857,2766
9597,9857,9963,9002,4226,452
9597,9857,9963,6035,8727,3833
9597,9857,9963,3751,3710,3093
9597,9857,9963,7225,9641,257
9597,9857,9963,9689,9940,8213
9597,9857,9963,3664,7431,9865
9597,9857,9963,6598,1145,5074
9597,9857,9963,720,368,2324
9597,9857,9963,1902,9058,8897
9597,9857,9963,3870,6359,3254
9597,9857,9963,9997,9654,1765
9597,9857,9963,9314,7612,5079
9597,9857,9963,477,2472,7341
9597,9857,9963,253,7012,4631
9597,9857,9963,8131,4027,5311
9597,9857,9963,8627,6045,6172
9597,9857,9963,5299,2920,3189
9597,9857,9963,3213,9123,2100
9597,9857,9963,4295,5275,7944
9597,9857,9963,2095,3786,491
9597,9857,9963,3599,4528,5985
9597,9857,9963,8951,6858,1819
9597,9857,9963,2015,1017,7098
9597,9857,9963,9785,5115,3897
9597,9857,9963,1970,5488,5846
9597,9857,9963,715,8721,6131
9597,9857,9963,7321,2057,1065
9597,9857,9963,5773,8369,5968
9597,9857,9963,6304,6379,6183
9597,9857,9963,593,2847,9067
9597,9857,9963,2198,4659,7766
9597,9857,9963,5076,6123,9094
9597,9857,9963,5505,5209,3119
9597,9857,9963,8509,153,4531
9597,9857,9963,1287,1453,7604
9597,9857,9963,8951,6039,4984
9597,9857,9963,3134,9814,8694
9597,9857,9963,3818,437,817
9597,9857,9963,4411,2272,5269
9597,9857,9963,266,4166,2549
9597,9857,9963,8038,343,7335
9597,9857,9963,9025,1871,1541
9597,9857,9963,1540,4855,3732
9597,9857,9963,7657,6447,1808
9597,9857,9963,4992,3754,764
9597,9857,9963,3322,8257,3644
9597,9857,9963,5315,2905,3733
9597,9857,9963,2262,7716,3340
9597,9857,9963,644,9716,1028
9597,9857,9963,1129,3189,3918
9597,9857,9963,3900,9747,181
9597,9857,9963,8407,7176,6208
9597,9857,9963,7309,1206,6987
9597,9857,9963,8530,5749,9789
9597,9857,9963,7660,6348,3404
9597,9857,9963,2524,9811,1463
9597,9857,9963,1220,197,7965
9597,9857,9963,5860,3507,7370
9597,9857,9963,4222,7411,6316
9597,9857,9963,4863,9180,8535
9597,9857,9963,9852,1966,22
9597,9857,9963,3741,4237,5946
9597,9857,9963,3455,3960,9408
9597,9857,9963,9651,9006,5647
9597,9857,9963,782,356,251
9597,9857,9963,6682,7899,73
9597,9857,9963,9715,5896,2289
9597,9857,9963,6763,9434,5898
9597,9857,9963,4845,8183,3461
9597,9857,9963,8709,2508,8950
9597,9857,9963,1408,9775,6263
9597,9857,9963,6609,2944,9588
9597,9857,9963,4588,668,2416
9597,9857,9963,9337,303,1715
9597,9857,9963,7900,2307,8615
9597,9857,9963,9660,4853,7148
9597,9857,9963,5278,7861,5756
9597,9857,9963,7131,2003,7395
9597,9857,9963,6347,7022,1059
9597,9857,9963,3130,6247,4875
9597,9857,9963,9051,6266,738
9597,9857,9963,6264,3816,1710
9597,9857,9963,4151,4455,8398
9597,9857,9963,5863,6397,317
9597,9857,9963,36,8379,4819
9597,9857,9963,1356,8266,1675
9597,9857,9963,1072,9975,4754
9597,9857,9963,7546,4862,1445
9597,9857,9963,2737,1276,5677
9597,9857,9963,4701,6906,4022
9597,9857,9963,866,5795,5575
9597,9857,9963,2103,696,4623
9597,9857,9963,3368,8665,5757
9597,9857,9963,8179,2734,7968
9597,9857,9963,1201,7221,6037
9597,9857,9963,8808,9412,4793
9597,9857,9963,7829,5032,7425
9597,9857,9963,6387,6459,895
9597,9857,9963,432,4539,9713
9597,9857,9963,1549,5070,1314
9597,9857,9963,9031,8910,8763
9597,9857,9963,6516,1387,4998
9597,9857,9963,9587,8141,4085
9597,9857,9963,7877,7207,5107
9597,9857,9963,8243,3135,1379
9597,9857,9963,789,5454,1848
9597,9857,9963,3085,3651,2858
9597,9857,9963,1597,554,3805
9597,9857,9963,6942,6077,455
9597,9857,9963,5583,3934,9312
