9597,9857,9963,6803,8038,6014
9597,9857,9963,8118,4171,6
9597,9857,9963,8691,1490,206
9597,9857,9963,3986,6525,9178
9597,9857,9963,3365,2281,2279
9597,9857,9963,1663,8059,6862
9597,9857,9963,215,8063,5411
9597,9857,9963,673,5503,7741
9597,9857,9963,8498,5417,6405
9597,9857,9963,4080,7467,5033
9597,9857,9963,5812,4747,1814
9597,9857,9963,6548,1983,2596
9597,9857,9963,3449,4055,4111
9597,9857,9963,6239,8508,3739
9597,9857,9963,1676,7581,6163
9597,9857,9963,8115,6770,1072
9597,9857,9963,3609,5317,8804
9597,9857,9963,5462,4850,5317
9597,9857,9963,4737,2744,3993
9597,9857,9963,962,8208,3860
9597,9857,9963,9742,9285,5318
9597,9857,9963,3549,2802,4903
9597,9857,9963,2135,5309,2319
9597,9857,9963,3826,5719,8848
9597,9857,9963,136,2716,1506
9597,9857,9963,9919,8134,2426
9597,9857,9963,8740,8980,6048
9597,9857,9963,562,4342,7557
9597,9857,9963,457,980,704
9597,9857,9963,1084,2883,7947
9597,9857,9963,2742,4151,6582
9597,9857,9963,8962,6454,4547
9597,9857,9963,6881,9753,9899
9597,9857,9963,9534,2332,2284
9597,9857,9963,2522,7300,881
9597,9857,9963,4288,9225,6975
9597,9857,9963,3069,2139,5448
9597,9857,9963,5026,6100,6784
9597,9857,9963,159,18,5418
9597,9857,9963,9263,5336,1943
9597,9857,9963,7472,189,8646
9597,9857,9963,9458,526,3977
9597,9857,9963,4,4005,1168
9597,9857,9963,8467,4866,4048
9597,9857,9963,10,4685,5770
9597,9857,9963,8158,8061,694
9597,9857,9963,403,3716,2053
9597,9857,9963,8942,7564,5327
9597,9857,9963,6717,8493,8445
9597,9857,9963,3983,5798,6557
9597,9857,9963,1236,9534,2939
9597,9857,9963,6155,7295,2056
9597,9857,9963,5055,9667,9638
9597,9857,9963,9189,2862,821
9597,9857,9963,1981,7536,1983
9597,9857,9963,7739,7884,5468
9597,9857,9963,1005,4439,9365
9597,9857,9963,1431,1316,7090
9597,9857,9963,2683,610,2278
9597,9857,9963,6716,9346,8813
9597,9857,9963,2474,7857,3565
9597,9857,9963,4781,1867,7149
9597,9857,9963,6601,5720,7389
9597,9857,9963,9868,4220,9768
9597,9857,9963,7108,6934,2536
9597,9857,9963,3707,3264,6394
9597,9857,9963,7341,8943,5159
9597,9857,9963,9171,3465,6854
9597,9857,9963,9527,6363,8429
9597,9857,9963,6272,7402,6508
9597,9857,9963,4280,5549,7466
9597,9857,9963,7284,1266,1865
9597,9857,9963,4996,8706,8581
9597,9857,9963,1786,5227,5912
9597,9857,9963,4209,5442,1993
9597,9857,9963,5424,9355,625
9597,9857,9963,3628,9164,8837
9597,9857,9963,2075,1192,474
9597,9857,9963,9182,2127,5185
9597,9857,9963,4337,9817,7753
9597,9857,9963,7686,9763,9804
9597,9857,9963,131,1559,9285
9597,9857,9963,2198,8684,7758
9597,9857,9963,4791,2707,5179
9597,9857,9963,312,2463,4723
9597,9857,9963,3357,7023,4877
9597,9857,9963,7014,9667,4962
9597,9857,9963,3524,467,2495
9597,9857,9963,4481,737,8251
9597,9857,9963,5786,6695,8711
9597,9857,9963,821,2730,1141
9597,9857,9963,3949,4,3780
9597,9857,9963,9570,3308,7892
9597,9857,9963,1389,5482,5189
9597,9857,9963,7923,2188,5938
9597,9857,9963,6524,8090,5271
9597,9857,9963,591,3074,9500
9597,9857,9963,5155,5641,8777
9597,9857,9963,518,4689,2064
9597,9857,9963,5800,4818,3793
9597,9857,9963,7439,8665,3432
9597,9857,9963,6968,468,3690
9597,9857,9963,7589,5594,6114
9597,9857,9963,1319,4071,9318
9597,9857,9963,8707,8162,7993
9597,9857,9963,5547,3438,3572
9597,9857,9963,4154,6960,6905
9597,9857,9963,4936,3183,1482
9597,9857,9963,5878,8981,187
9597,9857,9963,4970,6434,9507
9597,9857,9963,9123,9142,5389
9597,9857,9963,9502,1988,6977
9597,9857,9963,9561,5045,2127
9597,9857,9963,157,3328,7999
9597,9857,9963,5714,7520,8234
9597,9857,9963,605,5228,6375
9597,9857,9963,466,5801,54
9597,9857,9963,1393,3768,7437
9597,9857,9963,3416,9818,3332
9597,9857,9963,7667,8363,2051
9597,9857,9963,3564,1894,4336
9597,9857,9963,3965,8805,141
9597,9857,9963,8535,5844,6244
9597,9857,9963,9390,2377,4621
9597,9857,9963,6650,2115,9727
9597,9857,9963,9691,4893,1027
9597,9857,9963,5970,2339,404
9597,9857,9963,2870,2368,3368
9597,9857,9963,3355,9696,2422
9597,9857,9963,6910,5380,3700
9597,9857,9963,5577,9863,6407
9597,9857,9963,3131,8870,3443
9597,9857,9963,6761,2237,5329
9597,9857,9963,5291,6794,7545
9597,9857,9963,2830,289,3919
9597,9857,9963,8723,7848,9474
9597,9857,9963,5529,3844,2789
9597,9857,9963,4049,7097,7219
9597,9857,9963,6288,2224,1680
9597,9857,9963,8979,2963,741
9597,9857,9963,5960,4897,2953
9597,9857,9963,575,7523,6781
9597,9857,9963,6436,1926,1149
9597,9857,9963,5669,2179,890
9597,9857,9963,1585,8126,1880
9597,9857,9963,9084,4696,1453
9597,9857,9963,415,3547,6137
9597,9857,9963,9444,9808,6296
9597,9857,9963,1503,3754,2832
9597,9857,9963,1701,760,7548
9597,9857,9963,7622,5616,6918
9597,9857,9963,4370,916,3114
9597,9857,9963,5804,4202,3736
9597,9857,9963,8208,1069,8114
9597,9857,9963,4960,1659,7910
9597,9857,9963,5046,3141,9616
9597,9857,9963,2901,3180,4948
9597,9857,9963,7690,942,2322
9597,9857,9963,136,2138,8278
9597,9857,9963,1144,3102,6509
9597,9857,9963,8700,4057,8170
9597,9857,9963,283,6378,7366
9597,9857,9963,9365,6191,8817
9597,9857,9963,5048,4539,3500
9597,9857,9963,3579,9622,6800
9597,9857,9963,7116,4724,4643
9597,9857,9963,9467,3313,746
9597,9857,9963,8149,3444,3248
9597,9857,9963,8912,689,1040
9597,9857,9963,6150,7795,6139
9597,9857,9963,1649,9567,6770
9597,9857,9963,8243,6523,2266
9597,9857,9963,1033,4062,8396
9597,9857,9963,2500,8437,9969
9597,9857,9963,1664,6412,3321
9597,9857,9963,4498,737,7340
9597,9857,9963,9454,3326,9031
9597,9857,9963,9588,2756,1112
9597,9857,9963,9603,9833,2677
9597,9857,9963,2762,2295,501
9597,9857,9963,7809,6239,5801
9597,9857,9963,4881,893,5555
9597,9857,9963,4426,8738,7118
9597,9857,9963,6893,6473,6376
9597,9857,9963,1026,7260,2131
9597,9857,9963,7681,1446,4176
9597,9857,9963,4770,8648,9964
9597,9857,9963,5635,1964,6733
9597,9857,9963,1873,2530,8563
9597,9857,9963,8698,4905,5902
9597,9857,9963,7671,2663,570
9597,9857,9963,2166,8424,6478
9597,9857,9963,7169,7532,7953
9597,9857,9963,3325,699,2249
9597,9857,9963,3451,2590,624
9597,9857,9963,8196,6391,1607
9597,9857,9963,7518,1416,6193
9597,9857,9963,7648,2618,7427
9597,9857,9963,125,1076,9458
9597,9857,9963,786,1978,4514
9597,9857,9963,8436,6762,8810
9597,9857,9963,4572,8777,1628
9597,9857,9963,5850,4348,7203
9597,9857,9963,745,4257,8670
9597,9857,9963,7727,8573,7526
9597,9857,9963,2942,5583,5508
9597,9857,9963,4540,9419,3379
9597,9857,9963,9020,6189,4146
9597,9857,9963,5002,7311,3898
9597,9857,9963,5887,3852,1537
9597,9857,9963,7760,3215,4656
9597,9857,9963,3183,4108,9099
9597,9857,9963,9926,2381,5427
9597,9857,9963,474,9345,9334
9597,9857,9963,7466,3534,7713
9597,9857,9963,9907,5169,751
9597,9857,9963,8523,1342,9856
9597,9857,9963,3925,2442,7720
9597,9857,9963,5861,2741,3358
9597,9857,9963,3226,2420,6379
9597,9857,9963,4710,6239,833
9597,9857,9963,7154,3497,6038
9597,9857,9963,4594,2295,9804
9597,9857,9963,3852,5281,6764
9597,9857,9963,9228,9625,2501
9597,9857,9963,4609,9627,3686
9597,9857,9963,3621,4209,4040
9597,9857,9963,4047,2261,5032
9597,9857,9963,149,8289,1435
9597,9857,9963,7276,4409,1563
9597,9857,9963,831,3687,6469
9597,9857,9963,4578,8281,7714
9597,9857,9963,8416,9293,3727
9597,9857,9963,6475,1921,3744
9597,9857,9963,2630,1690,9169
9597,9857,9963,5914,4519,691
9597,9857,9963,1415,2906,7449
9597,9857,9963,3334,7290,9044
9597,9857,9963,7528,4100,2521
9597,9857,9963,7722,913,8878
9597,9857,9963,4623,4675,4984
9597,9857,9963,2481,6212,7144
9597,9857,9963,389,3848,8687
9597,9857,9963,9217,965,9071
9597,9857,9963,686,5649,8329
9597,9857,9963,1006,4708,5080
9597,9857,9963,5487,9403,364
9597,9857,9963,1436,1182,3328
9597,9857,9963,4924,9314,3676
9597,9857,9963,1603,6450,6902
9597,9857,9963,2041,6577,5730
9597,9857,9963,6914,5907,7269
9597,9857,9963,8235,4175,6879
9597,9857,9963,2398,7478,9378
9597,9857,9963,2190,7422,9456
9597,9857,9963,2426,5943,4218
9597,9857,9963,7850,3439,408
9597,9857,9963,6298,623,6970
9597,9857,9963,8185,8300,8273
9597,9857,9963,4583,9879,5800
9597,9857,9963,3472,7225,5264
9597,9857,9963,3656,4456,9831
9597,9857,9963,2522,1838,1124
9597,9857,9963,8070,9032,9234
9597,9857,9963,1830,3697,2040
9597,9857,9963,5619,2024,3047
9597,9857,9963,1370,228,2845
9597,9857,9963,2444,968,8364
9597,9857,9963,482,4953,982
9597,9857,9963,5998,5069,1486
9597,9857,9963,4997,6853,692
9597,9857,9963,4118,5550,3640
9597,9857,9963,8498,8067,8725
9597,9857,9963,334,5870,597
9597,9857,9963,527,2957,7349
9597,9857,9963,5290,940,2370
9597,9857,9963,7129,9516,3464
9597,9857,9963,3351,37,4455
9597,9857,9963,8832,1570,7894
9597,9857,9963,2298,285,3700
9597,9857,9963,3705,1842,1874
9597,9857,9963,8722,5465,9216
9597,9857,9963,270,6043,3483
9597,9857,9963,7939,9783,2551
9597,9857,9963,791,7410,8494
9597,9857,9963,8354,5870,9057
9597,9857,9963,6988,2001,1788
9597,9857,9963,4012,1178,5259
9597,9857,9963,7644,598,4995
9597,9857,9963,4689,1146,9933
9597,9857,9963,5470,4324,1713
9597,9857,9963,4658,963,838
9597,9857,9963,173,1090,1928
9597,9857,9963,4198,2641,4549
9597,9857,9963,8507,5467,7791
9597,9857,9963,485,7586,2406
9597,9857,9963,5693,7607,1744
9597,9857,9963,6785,5493,5042
9597,9857,9963,6815,8383,527
9597,9857,9963,5454,3680,9309
9597,9857,9963,9147,4050,6687
9597,9857,9963,162,1885,1629
9597,9857,9963,6758,3220,8912
9597,9857,9963,8670,4213,5005
9597,9857,9963,4231,2383,3183
9597,9857,9963,77,5140,7869
9597,9857,9963,2409,8979,2332
9597,9857,9963,3380,5200,2096
9597,9857,9963,1863,5677,8248
9597,9857,9963,7394,2295,5992
9597,9857,9963,9547,8864,3324
9597,9857,9963,504,9020,7922
9597,9857,9963,8592,1773,3569
9597,9857,9963,1370,7488,8886
9597,9857,9963,8572,761,6275
9597,9857,9963,5802,7433,5541
9597,9857,9963,7266,268,1598
9597,9857,9963,2820,2121,9497
9597,9857,9963,2490,6426,375
9597,9857,9963,1377,1850,5383
9597,9857,9963,4673,8421,7582
9597,9857,9963,9756,5917,3596
9597,9857,9963,3375,3835,3892
9597,9857,9963,9844,2446,1099
9597,9857,9963,8568,4866,1172
9597,9857,9963,1834,920,1939
9597,9857,9963,5070,787,3235
9597,9857,9963,1718,5639,6561
9597,9857,9963,663,7887,9775
9597,9857,9963,7471,4469,2846
9597,9857,9963,7347,8413,1294
9597,9857,9963,4962,622,9903
9597,9857,9963,2030,2324,1872
9597,9857,9963,6549,3567,4656
9597,9857,9963,1540,4489,150
9597,9857,9963,2656,7647,1408
9597,9857,9963,5326,9971,1499
9597,9857,9963,6966,6838,1404
9597,9857,9963,8003,8107,6283
9597,9857,9963,6434,508,8750
9597,9857,9963,1594,9560,6897
9597,9857,9963,2308,9549,2856
9597,9857,9963,8474,6935,6996
9597,9857,9963,3463,9950,9009
9597,9857,9963,2136,428,3799
9597,9857,9963,7944,3778,6338
9597,9857,9963,9580,5397,7561
9597,9857,9963,627,5496,7062
9597,9857,9963,9691,7111,9446
9597,9857,9963,6706,7244,4190
9597,9857,9963,2536,9855,2084
9597,9857,9963,9689,1781,7832
9597,9857,9963,8210,3294,4659
9597,9857,9963,296,3198,748
9597,9857,9963,2694,271,8892
9597,9857,9963,3409,7037,16
9597,9857,9963,9320,8438,7717
9597,9857,9963,6878,6870,9926
9597,9857,9963,9691,4485,9174
9597,9857,9963,7176,5912,494
9597,9857,9963,7505,2365,2831
9597,9857,9963,5076,9976,9321
9597,9857,9963,5483,546,2055
9597,9857,9963,8265,6927,46
9597,9857,9963,1902,9805,1707
9597,9857,9963,9845,460,5841
9597,9857,9963,5926,8366,3804
9597,9857,9963,4123,2305,1081
9597,9857,9963,1121,8824,6330
9597,9857,9963,8542,9681,8880
9597,9857,9963,7436,9190,7022
9597,9857,9963,154,7666,5942
9597,9857,9963,9409,9460,4086
9597,9857,9963,4150,2256,8403
9597,9857,9963,9998,9268,9155
9597,9857,9963,1625,210,1958
9597,9857,9963,6831,6583,1759
9597,9857,9963,1895,9274,8540
9597,9857,9963,5836,3825,7531
9597,9857,9963,3278,82,8876
9597,9857,9963,557,1317,367
9597,9857,9963,7475,6271,1732
9597,9857,9963,6123,1849,529
9597,9857,9963,2021,9034,176
9597,9857,9963,2393,6314,9615
9597,9857,9963,2104,219,7201
9597,9857,9963,58,6379,8231
9597,9857,9963,5540,8753,8485
9597,9857,9963,7925,6851,6155
9597,9857,9963,9426,6251,9732
9597,9857,9963,7494,2766,6581
9597,9857,9963,6862,3040,7839
9597,9857,9963,4539,2691,3340
9597,9857,9963,3,9901,4977
9597,9857,9963,4755,1949,3765
9597,9857,9963,9028,4521,8935
9597,9857,9963,9949,3923,1304
9597,9857,9963,1902,4381,435
9597,9857,9963,3502,4964,7350
9597,9857,9963,9574,4425,6373
9597,9857,9963,6959,3942,1318
9597,9857,9963,4051,2672,1426
9597,9857,9963,9368,9511,5083
9597,9857,9963,9805,7095,7263
9597,9857,9963,2851,1900,822
9597,9857,9963,9213,9861,6710
9597,9857,9963,7582,5798,6295
9597,9857,9963,7749,6920,2861
9597,9857,9963,8136,7391,5585
9597,9857,9963,6710,3062,8463
9597,9857,9963,6414,1685,9668
9597,9857,9963,6323,9065,7647
9597,9857,9963,5753,4687,2069
9597,9857,9963,373,4636,1312
9597,9857,9963,3055,3158,6812
9597,9857,9963,9565,7101,9761
9597,9857,9963,1980,4041,8068
9597,9857,9963,7720,7603,6066
9597,9857,9963,7113,1540,5514
9597,9857,9963,2480,5639,9759
9597,9857,9963,7888,8775,7823
9597,9857,9963,5982,1776,9842
9597,9857,9963,9938,7854,6235
9597,9857,9963,2052,3029,9287
9597,9857,9963,3028,9454,128
9597,9857,9963,4824,8754,7795
9597,9857,9963,8527,2237,9708
9597,9857,9963,3529,4170,902
9597,9857,9963,6275,2776,1743
9597,9857,9963,382,420,4141
9597,9857,9963,3501,9317,6193
9597,9857,9963,3150,2958,1839
9597,9857,9963,1498,4135,3837
9597,9857,9963,8724,5567,3640
9597,9857,9963,6818,4912,7935
9597,9857,9963,8915,6338,1230
9597,9857,9963,3893,7379,7495
9597,9857,9963,5152,9301,7680
9597,9857,9963,3436,7445,1904
9597,9857,9963,9787,3424,9010
9597,9857,9963,2512,5204,1668
9597,9857,9963,6977,949,7566
9597,9857,9963,6070,7469,9985
9597,9857,9963,5703,8465,4983
9597,9857,9963,1559,3643,9684
9597,9857,9963,9270,6791,2421
9597,9857,9963,6464,7673,370
9597,9857,9963,5610,9400,585
9597,9857,9963,1240,5836,4508
9597,9857,9963,3524,8337,2857
9597,9857,9963,2531,3202,8384
9597,9857,9963,1444,6373,9214
9597,9857,9963,2903,5376,635
9597,9857,9963,3387,9526,6200
9597,9857,9963,6331,6098,3490
9597,9857,9963,222,8763,6429
9597,9857,9963,1396,8426,2078
9597,9857,9963,6612,4412,5583
9597,9857,9963,2250,294,306
9597,9857,9963,9576,28,2274
9597,9857,9963,4797,6315,1241
9597,9857,9963,1929,2671,5159
9597,9857,9963,8867,6746,711
9597,9857,9963,9110,1317,96
9597,9857,9963,3977,8458,2600
9597,9857,9963,5491,4491,2259
9597,9857,9963,4599,6499,6440
9597,9857,9963,1629,8737,6613
9597,9857,9963,88,8809,523
9597,9857,9963,6808,3447,638
9597,9857,9963,4376,7967,951
9597,9857,9963,3988,3005,5544
9597,9857,9963,308,950,8356
9597,9857,9963,2740,2100,9278
9597,9857,9963,620,5522,8510
9597,9857,9963,2465,9820,465
9597,9857,9963,9119,3402,1440
9597,9857,9963,7717,3954,6967
9597,9857,9963,1542,1664,7405
9597,9857,9963,1289,6625,5827
9597,9857,9963,4775,3081,6874
9597,9857,9963,7042,6033,4692
9597,9857,9963,1342,2818,9786
9597,9857,9963,3296,4059,7552
9597,9857,9963,1099,7408,1467
9597,9857,9963,6685,8330,3412
9597,9857,9963,8373,799,1432
9597,9857,9963,819,1912,8135
9597,9857,9963,7376,9362,1096
9597,9857,9963,7808,6349,5351
9597,9857,9963,5207,5786,9726
9597,9857,9963,5520,916,1522
9597,9857,9963,5135,4227,2403
9597,9857,9963,4832,2948,2795
9597,9857,9963,8130,5847,7956
9597,9857,9963,4225,2022,70
9597,9857,9963,1056,3492,8426
9597,9857,9963,2357,8259,4475
9597,9857,9963,9770,2469,5848
9597,9857,9963,487,1854,7986
9597,9857,9963,4387,8190,7544
9597,9857,9963,8716,7928,3284
9597,9857,9963,4250,3886,4180
9597,9857,9963,8104,678,2018
9597,9857,9963,2859,5282,650
9597,9857,9963,1038,1592,9316
9597,9857,9963,4565,1610,4822
9597,9857,9963,3038,2707,2627
9597,9857,9963,2970,3271,5651
9597,9857,9963,7179,1658,8057
