4023,2246,7023,6743,8770,8216
4023,2246,7023,3719,7416,2602
4023,2246,7023,4579,4518,5773
4023,2246,7023,3995,3708,8081
4023,2246,7023,7471,5510,9595
4023,2246,7023,4737,1030,665
4023,2246,7023,9914,4480,9507
4023,2246,7023,3527,5134,4771
4023,2246,7023,44,286,2093
4023,2246,7023,7054,7148,4047
4023,2246,7023,2978,309,7156
4023,2246,7023,4948,9964,4997
4023,2246,7023,8241,4385,6740
4023,2246,7023,4440,5713,7932
4023,2246,7023,4914,2635,9988
4023,2246,7023,636,5580,9948
4023,2246,7023,1355,8867,1961
4023,2246,7023,3168,9263,5575
4023,2246,7023,4625,873,5233
4023,2246,7023,6835,1645,7792
4023,2246,7023,4824,6585,8224
4023,2246,7023,7578,470,4987
4023,2246,7023,9602,602,7766
4023,2246,7023,7285,5238,5160
4023,2246,7023,2382,3674,9318
4023,2246,7023,9001,5311,9305
4023,2246,7023,4057,3843,5913
4023,2246,7023,5364,8478,8982
4023,2246,7023,8757,5144,2557
4023,2246,7023,7395,3445,4379
4023,2246,7023,6898,7828,252
4023,2246,7023,7037,2321,952
4023,2246,7023,7746,3260,3574
4023,2246,7023,701,798,7747
4023,2246,7023,5550,3476,279
4023,2246,7023,1564,4280,2334
4023,2246,7023,1127,1021,2678
4023,2246,7023,515,1579,4483
4023,2246,7023,8178,5237,2487
4023,2246,7023,6106,544,582
4023,2246,7023,6221,7312,6306
4023,2246,7023,2134,8565,9192
4023,2246,7023,8813,8839,3592
4023,2246,7023,7934,7392,1037
4023,2246,7023,4553,1752,3225
4023,2246,7023,8951,4769,9236
4023,2246,7023,8325,2055,1070
4023,2246,7023,1000,9671,5044
4023,2246,7023,1596,3197,7245
4023,2246,7023,7002,8852,5231
4023,2246,7023,2773,3717,208
4023,2246,7023,2799,2786,826
4023,2246,7023,8696,5155,9824
4023,2246,7023,4978,56,5474
4023,2246,7023,2997,5920,4042
4023,2246,7023,791,73,4300
4023,2246,7023,4369,3074,2444
4023,2246,7023,9004,5593,1406
4023,2246,7023,2097,8068,6560
4023,2246,7023,8000,3972,4289
4023,2246,7023,8796,9449,8545
4023,2246,7023,6306,1179,137
4023,2246,7023,2751,2211,7039
4023,2246,7023,7708,8688,448
4023,2246,7023,7776,4470,4053
4023,2246,7023,1615,2750,96
4023,2246,7023,7502,4955,6616
4023,2246,7023,59,4559,7012
4023,2246,7023,3346,8357,236
4023,2246,7023,1960,3929,6445
4023,2246,7023,3161,2096,8072
4023,2246,7023,7475,8116,9674
4023,2246,7023,3170,2316,6617
4023,2246,7023,9628,1793,270
4023,2246,7023,2187,9104,6928
4023,2246,7023,1848,3315,1648
4023,2246,7023,1698,7384,7933
4023,2246,7023,1742,1116,609
4023,2246,7023,5610,9608,2655
4023,2246,7023,6393,5076,8175
4023,2246,7023,3774,2625,3072
4023,2246,7023,7137,1565,4004
4023,2246,7023,3064,5855,8012
4023,2246,7023,7983,8456,7415
4023,2246,7023,5718,484,1187
4023,2246,7023,4349,551,1923
4023,2246,7023,7921,5737,4280
4023,2246,7023,9541,1223,4608
4023,2246,7023,498,9647,3696
4023,2246,7023,3575,9986,5481
4023,2246,7023,9763,8041,5995
4023,2246,7023,8125,6447,3573
4023,2246,7023,3097,9652,5068
4023,2246,7023,7496,5889,4240
4023,2246,7023,9272,9599,7701
4023,2246,7023,8948,8725,9350
4023,2246,7023,5799,5982,2453
4023,2246,7023,3091,6252,8452
4023,2246,7023,2692,8385,9912
4023,2246,7023,827,8485,3827
4023,2246,7023,7412,96,1725
4023,2246,7023,2864,9748,6400
4023,2246,7023,1917,3276,4066
4023,2246,7023,5900,3808,6734
4023,2246,7023,1464,4456,6193
4023,2246,7023,9859,3814,496
4023,2246,7023,1090,8872,8642
4023,2246,7023,3040,3149,9341
4023,2246,7023,1794,2608,3689
4023,2246,7023,9885,908,5466
4023,2246,7023,4733,7873,7093
4023,2246,7023,2688,4719,3971
4023,2246,7023,8668,4496,1939
4023,2246,7023,5884,4321,8740
4023,2246,7023,6814,5883,3979
4023,2246,7023,3674,9598,4217
4023,2246,7023,3668,2007,2850
4023,2246,7023,739,810,7892
4023,2246,7023,9891,7535,6585
4023,2246,7023,8161,5942,9985
4023,2246,7023,3868,2753,6383
4023,2246,7023,1310,2580,6000
4023,2246,7023,965,8797,4765
4023,2246,7023,2526,830,9360
4023,2246,7023,800,9771,1378
4023,2246,7023,9541,768,6578
4023,2246,7023,6448,7164,6529
4023,2246,7023,1370,3778,5976
4023,2246,7023,3435,7391,1492
4023,2246,7023,1988,9396,839
4023,2246,7023,888,4095,4805
4023,2246,7023,3297,1634,6155
4023,2246,7023,9296,7907,9198
4023,2246,7023,6925,6248,7523
4023,2246,7023,2556,3582,7031
4023,2246,7023,9229,1942,6335
4023,2246,7023,1508,3063,4503
4023,2246,7023,2948,1372,8382
4023,2246,7023,5403,2872,1050
4023,2246,7023,8049,9067,515
4023,2246,7023,8539,8699,4944
4023,2246,7023,8405,3162,8574
4023,2246,7023,5636,5075,7526
4023,2246,7023,2363,1710,813
4023,2246,7023,3737,6926,280
4023,2246,7023,3067,9600,6471
4023,2246,7023,2000,3982,1277
4023,2246,7023,5574,6273,22
4023,2246,7023,3461,8472,4874
4023,2246,7023,7589,931,4309
4023,2246,7023,6711,2736,872
4023,2246,7023,4652,2990,197
4023,2246,7023,8021,8009,7112
4023,2246,7023,52,3213,2082
4023,2246,7023,5950,2429,8244
4023,2246,7023,2128,5096,5172
4023,2246,7023,8734,5921,1175
4023,2246,7023,6702,6792,5913
4023,2246,7023,7366,2022,550
4023,2246,7023,5605,6276,5159
4023,2246,7023,6034,1382,554
4023,2246,7023,7072,9463,4143
4023,2246,7023,3488,3943,1272
4023,2246,7023,1962,8284,5373
4023,2246,7023,4802,6245,2950
4023,2246,7023,9974,5378,6263
4023,2246,7023,8959,7431,6632
4023,2246,7023,8021,62,3210
4023,2246,7023,2249,1659,1849
4023,2246,7023,8362,3160,469
4023,2246,7023,8184,541,307
4023,2246,7023,907,4055,8915
4023,2246,7023,9199,8288,9356
4023,2246,7023,9296,6747,5888
4023,2246,7023,4416,7981,7864
4023,2246,7023,1809,6004,9148
4023,2246,7023,8095,1756,3561
4023,2246,7023,370,1563,6712
4023,2246,7023,7293,4133,6483
4023,2246,7023,3426,3665,1375
4023,2246,7023,2319,5678,9752
4023,2246,7023,7932,1652,387
4023,2246,7023,5687,3458,6470
4023,2246,7023,1865,9690,9199
4023,2246,7023,8470,2252,6656
4023,2246,7023,5402,7952,4747
4023,2246,7023,8319,479,6449
4023,2246,7023,6727,8814,7009
4023,2246,7023,9434,5468,6226
4023,2246,7023,3220,5104,3600
4023,2246,7023,1515,5522,7069
4023,2246,7023,3811,874,9818
4023,2246,7023,9693,562,9131
4023,2246,7023,9702,9230,8447
4023,2246,7023,2642,6645,5164
4023,2246,7023,6360,2046,3774
4023,2246,7023,146,4587,4159
4023,2246,7023,1979,5104,78
4023,2246,7023,5100,7048,9747
4023,2246,7023,9848,5242,9857
4023,2246,7023,439,6207,8454
4023,2246,7023,682,2665,7079
4023,2246,7023,7361,8910,9031
4023,2246,7023,7910,9591,9617
4023,2246,7023,7607,8702,4537
4023,2246,7023,4783,4673,9377
4023,2246,7023,2525,2864,7909
4023,2246,7023,5651,342,5702
4023,2246,7023,3241,7592,2989
4023,2246,7023,9909,9616,6141
4023,2246,7023,4130,3797,5667
4023,2246,7023,5807,4149,3204
4023,2246,7023,700,9823,3714
4023,2246,7023,5500,9192,9707
4023,2246,7023,9681,9360,9501
4023,2246,7023,9376,9354,2451
4023,2246,7023,9228,5533,6772
4023,2246,7023,394,7553,4833
4023,2246,7023,1994,1008,3303
4023,2246,7023,8865,9950,2162
4023,2246,7023,5107,2241,840
4023,2246,7023,4136,6746,5363
4023,2246,7023,5087,6439,4536
4023,2246,7023,4794,9834,922
4023,2246,7023,4938,389,9270
4023,2246,7023,1825,5649,1129
4023,2246,7023,3074,8729,8476
4023,2246,7023,5744,9679,4451
4023,2246,7023,939,9598,7604
4023,2246,7023,1435,6750,7702
4023,2246,7023,7764,3023,1725
4023,2246,7023,279,5412,6986
4023,2246,7023,4725,4511,4215
4023,2246,7023,3631,961,7960
4023,2246,7023,717,6165,9759
4023,2246,7023,5377,7839,6640
4023,2246,7023,9390,1363,4094
4023,2246,7023,185,1997,221
4023,2246,7023,6036,5185,7032
4023,2246,7023,4679,2130,430
4023,2246,7023,792,3068,3996
4023,2246,7023,9631,6832,9041
4023,2246,7023,4263,3356,4273
4023,2246,7023,1903,4994,297
4023,2246,7023,7166,4634,1178
4023,2246,7023,9312,6186,1583
4023,2246,7023,7860,8553,495
4023,2246,7023,4826,645,6652
4023,2246,7023,6625,9163,7237
4023,2246,7023,1079,8428,6552
4023,2246,7023,1003,984,5386
4023,2246,7023,250,8186,4994
4023,2246,7023,121,3828,5189
4023,2246,7023,7897,2289,8241
4023,2246,7023,9215,3271,1785
4023,2246,7023,897,7079,5690
4023,2246,7023,7436,7548,5001
4023,2246,7023,6506,767,285
4023,2246,7023,2128,8312,5121
4023,2246,7023,3510,3277,8036
4023,2246,7023,1080,1209,3542
4023,2246,7023,5204,3357,710
4023,2246,7023,9940,1123,9276
4023,2246,7023,3952,1053,804
4023,2246,7023,1378,3381,868
4023,2246,7023,4926,1254,9879
4023,2246,7023,494,5483,4496
4023,2246,7023,9191,1499,4330
4023,2246,7023,8501,3907,6376
4023,2246,7023,3473,5347,2415
4023,2246,7023,2372,8701,3593
4023,2246,7023,9998,9702,728
4023,2246,7023,5687,5886,948
4023,2246,7023,5905,9061,5218
4023,2246,7023,1540,8708,7214
4023,2246,7023,8459,3505,9462
4023,2246,7023,237,8711,2197
4023,2246,7023,21,2378,8692
4023,2246,7023,4220,6442,7461
4023,2246,7023,3009,541,9828
4023,2246,7023,6468,2150,8037
4023,2246,7023,5415,9702,4950
4023,2246,7023,9205,907,422
4023,2246,7023,8112,8632,9763
4023,2246,7023,508,5718,4384
4023,2246,7023,4406,1553,8832
4023,2246,7023,8743,5727,9519
4023,2246,7023,7901,9430,4164
4023,2246,7023,8598,9800,6952
4023,2246,7023,4379,4724,5737
4023,2246,7023,6042,4511,4290
4023,2246,7023,8192,7012,5841
4023,2246,7023,6812,7859,4280
4023,2246,7023,7218,1644,4109
4023,2246,7023,5851,386,796
4023,2246,7023,9086,2211,9617
4023,2246,7023,6995,9890,3449
4023,2246,7023,9668,132,8430
4023,2246,7023,2076,3050,5107
4023,2246,7023,3021,7385,2644
4023,2246,7023,5974,6504,4975
4023,2246,7023,7371,6069,3355
4023,2246,7023,3578,8686,3403
4023,2246,7023,6968,1261,2985
4023,2246,7023,8531,995,3623
4023,2246,7023,768,2419,7218
4023,2246,7023,2683,3333,900
4023,2246,7023,4477,8873,2230
4023,2246,7023,7407,3428,5213
4023,2246,7023,1414,1399,5371
4023,2246,7023,4022,788,4566
4023,2246,7023,9229,7851,6265
4023,2246,7023,7700,3420,404
4023,2246,7023,3477,2485,5762
4023,2246,7023,390,1801,6644
4023,2246,7023,835,6376,6093
4023,2246,7023,912,6444,5029
4023,2246,7023,7015,5093,229
4023,2246,7023,5984,3651,1231
4023,2246,7023,8364,41,8633
4023,2246,7023,7828,1587,5313
4023,2246,7023,8335,3434,7993
4023,2246,7023,8771,3699,8212
4023,2246,7023,8811,5772,3668
4023,2246,7023,692,4265,7734
4023,2246,7023,4008,8517,1738
4023,2246,7023,6964,8545,4804
4023,2246,7023,7482,8810,8039
4023,2246,7023,9612,1762,6594
4023,2246,7023,4280,9196,1781
4023,2246,7023,2289,8502,5469
4023,2246,7023,1558,6566,5923
4023,2246,7023,7244,1963,3005
4023,2246,7023,6291,6355,5130
4023,2246,7023,5976,2428,3134
4023,2246,7023,9977,8531,5426
4023,2246,7023,486,2103,3160
4023,2246,7023,3420,2256,6384
4023,2246,7023,6911,8113,1953
4023,2246,7023,8167,9021,5030
4023,2246,7023,3005,5350,3602
4023,2246,7023,3372,2992,5692
4023,2246,7023,1541,4708,1986
4023,2246,7023,6372,5246,6938
4023,2246,7023,6158,4853,861
4023,2246,7023,7734,3093,3494
4023,2246,7023,9704,3070,1285
4023,2246,7023,4931,1442,5019
4023,2246,7023,2088,5254,766
4023,2246,7023,9964,7138,4280
4023,2246,7023,2269,1121,1004
4023,2246,7023,1210,9024,1142
4023,2246,7023,8978,6500,437
4023,2246,7023,9817,7279,2658
4023,2246,7023,9187,9522,8595
4023,2246,7023,7087,1589,8777
4023,2246,7023,1804,4050,2150
4023,2246,7023,8800,6869,7167
4023,2246,7023,1478,7366,4730
4023,2246,7023,2575,8737,1127
4023,2246,7023,2179,8632,2314
4023,2246,7023,2219,7211,8939
4023,2246,7023,3157,5256,4477
4023,2246,7023,4585,4726,4496
4023,2246,7023,2278,7609,8853
4023,2246,7023,7679,4385,8494
4023,2246,7023,961,1675,8466
4023,2246,7023,7292,8167,3190
4023,2246,7023,4848,3696,5454
4023,2246,7023,9033,8637,5472
4023,2246,7023,3180,2790,3529
4023,2246,7023,5953,6603,5571
4023,2246,7023,9980,8138,261
4023,2246,7023,9989,6720,7915
4023,2246,7023,5435,200,1355
4023,2246,7023,5190,181,8284
4023,2246,7023,9953,4432,4098
4023,2246,7023,8954,626,4053
4023,2246,7023,1894,7337,4865
4023,2246,7023,2065,8101,8472
4023,2246,7023,1234,5114,981
4023,2246,7023,5440,6782,3121
4023,2246,7023,2325,141,4748
4023,2246,7023,8783,4102,6297
4023,2246,7023,8440,9804,9057
4023,2246,7023,3052,9865,7382
4023,2246,7023,2198,6532,998
4023,2246,7023,5580,1685,179
4023,2246,7023,8038,8135,3520
4023,2246,7023,4880,7793,6179
4023,2246,7023,6175,9138,5331
4023,2246,7023,6204,318,5533
4023,2246,7023,3667,4283,1527
4023,2246,7023,7281,2070,2878
4023,2246,7023,2815,8645,6204
4023,2246,7023,3121,8000,6521
4023,2246,7023,5349,8770,3826
4023,2246,7023,636,7856,459
4023,2246,7023,5437,9909,5521
4023,2246,7023,759,322,5493
4023,2246,7023,1947,1783,2943
4023,2246,7023,3456,8688,6085
4023,2246,7023,9808,9776,4815
4023,2246,7023,4801,5393,9941
4023,2246,7023,1908,8969,6765
4023,2246,7023,2390,8960,2724
4023,2246,7023,2183,986,9922
4023,2246,7023,3393,8145,9997
4023,2246,7023,6592,1286,5628
4023,2246,7023,1391,3107,5899
4023,2246,7023,4425,1534,9995
4023,2246,7023,3095,9972,3926
4023,2246,7023,425,4984,8499
4023,2246,7023,8252,6298,4370
4023,2246,7023,6738,4892,8898
4023,2246,7023,6107,6017,3227
4023,2246,7023,6371,5980,4096
4023,2246,7023,2261,4562,4261
4023,2246,7023,5805,6215,9742
4023,2246,7023,7879,1342,7292
4023,2246,7023,298,1501,7379
4023,2246,7023,8615,7768,1509
4023,2246,7023,7151,2781,9511
4023,2246,7023,6665,2553,8694
4023,2246,7023,4393,8976,9218
4023,2246,7023,8390,324,657
4023,2246,7023,9734,7181,6593
4023,2246,7023,3659,5787,3741
4023,2246,7023,4872,4333,3444
4023,2246,7023,3558,6806,9206
4023,2246,7023,9845,2932,2214
4023,2246,7023,4808,676,1771
4023,2246,7023,252,1916,5717
4023,2246,7023,8497,1946,8058
4023,2246,7023,8178,4998,3815
4023,2246,7023,7697,3963,8077
4023,2246,7023,8628,1199,3811
4023,2246,7023,5913,1379,1377
4023,2246,7023,8532,1270,6298
4023,2246,7023,5287,2341,9819
4023,2246,7023,5750,5444,1905
4023,2246,7023,3317,2299,6818
4023,2246,7023,2804,2819,2720
4023,2246,7023,4341,2735,4663
4023,2246,7023,4940,2827,7208
4023,2246,7023,4432,7713,3736
4023,2246,7023,3722,2357,7676
4023,2246,7023,7635,723,1775
4023,2246,7023,6317,2492,6594
4023,2246,7023,47,1110,3417
4023,2246,7023,9906,8781,1039
4023,2246,7023,1986,563,3764
4023,2246,7023,8784,5449,2217
4023,2246,7023,9290,3624,9954
4023,2246,7023,9662,1108,1639
4023,2246,7023,6859,2975,2907
4023,2246,7023,6820,7078,4429
4023,2246,7023,3069,5438,551
4023,2246,7023,3011,3281,8392
4023,2246,7023,161,7973,4251
4023,2246,7023,7790,5781,3857
4023,2246,7023,5243,9140,6123
4023,2246,7023,8285,9697,3398
4023,2246,7023,2,9310,7776
4023,2246,7023,2657,5927,4826
4023,2246,7023,3860,5295,3666
4023,2246,7023,1277,5412,4379
4023,2246,7023,1356,8084,4539
4023,2246,7023,9942,181,8977
4023,2246,7023,7382,9469,9005
4023,2246,7023,4930,4885,5699
4023,2246,7023,5339,7882,3018
4023,2246,7023,7317,8118,6201
4023,2246,7023,5743,2754,8635
4023,2246,7023,1855,5346,5968
4023,2246,7023,6536,9685,877
4023,2246,7023,3993,9265,541
4023,2246,7023,4216,7291,4518
4023,2246,7023,7887,9175,4554
4023,2246,7023,5908,7700,6477
4023,2246,7023,3372,3472,6893
4023,2246,7023,4155,10000,5551
4023,2246,7023,4279,5483,2069
4023,2246,7023,3586,4186,9674
4023,2246,7023,5505,1740,4051
4023,2246,7023,6727,4362,7708
4023,2246,7023,4691,6624,5599
4023,2246,7023,9120,6806,1464
4023,2246,7023,5192,4771,9579
4023,2246,7023,8075,7647,7240
4023,2246,7023,4901,857,1536
4023,2246,7023,6894,4518,8873
4023,2246,7023,786,8291,2981
4023,2246,7023,2053,7615,3797
4023,2246,7023,4087,2111,7285
4023,2246,7023,8351,5502,1710
4023,2246,7023,2207,2419,3542
4023,2246,7023,4572,328,2697
4023,2246,7023,1721,8444,3294
4023,2246,7023,3854,8559,3073
4023,2246,7023,5099,3459,6253
4023,2246,7023,8620,7936,8613
4023,2246,7023,9361,3897,2166
4023,2246,7023,4442,2682,4267
4023,2246,7023,4007,3754,7037
4023,2246,7023,3257,3869,590
4023,2246,7023,8419,2657,7955
4023,2246,7023,8178,1059,706
4023,2246,7023,4610,8435,4777
4023,2246,7023,4639,6702,9911
