4682,4426,6340,5470,4324,1713
4682,4426,6340,4658,963,838
4682,4426,6340,173,1090,1928
4682,4426,6340,4198,2641,4549
4682,4426,6340,8507,5467,7791
4682,4426,6340,485,7586,2406
4682,4426,6340,5693,7607,1744
4682,4426,6340,6785,5493,5042
4682,4426,6340,6815,8383,527
4682,4426,6340,5454,3680,9309
4682,4426,6340,9147,4050,6687
4682,4426,6340,162,1885,1629
4682,4426,6340,6758,3220,8912
4682,4426,6340,8670,4213,5005
4682,4426,6340,4231,2383,3183
4682,4426,6340,77,5140,7869
4682,4426,6340,2409,8979,2332
4682,4426,6340,3380,5200,2096
4682,4426,6340,1863,5677,8248
4682,4426,6340,7394,2295,5992
4682,4426,6340,9547,8864,3324
4682,4426,6340,504,9020,7922
4682,4426,6340,8592,1773,3569
4682,4426,6340,1370,7488,8886
4682,4426,6340,8572,761,6275
4682,4426,6340,5802,7433,5541
4682,4426,6340,7266,268,1598
4682,4426,6340,2820,2121,9497
4682,4426,6340,2490,6426,375
4682,4426,6340,1377,1850,5383
4682,4426,6340,4673,8421,7582
4682,4426,6340,9756,5917,3596
4682,4426,6340,3375,3835,3892
4682,4426,6340,9844,2446,1099
4682,4426,6340,8568,4866,1172
4682,4426,6340,1834,920,1939
4682,4426,6340,5070,787,3235
4682,4426,6340,1718,5639,6561
4682,4426,6340,663,7887,9775
4682,4426,6340,7471,4469,2846
4682,4426,6340,7347,8413,1294
4682,4426,6340,4962,622,9903
4682,4426,6340,2030,2324,1872
4682,4426,6340,6549,3567,4656
4682,4426,6340,1540,4489,150
4682,4426,6340,2656,7647,1408
4682,4426,6340,5326,9971,1499
4682,4426,6340,6966,6838,1404
4682,4426,6340,8003,8107,6283
4682,4426,6340,6434,508,8750
4682,4426,6340,1594,9560,6897
4682,4426,6340,2308,9549,2856
4682,4426,6340,8474,6935,6996
4682,4426,6340,3463,9950,9009
4682,4426,6340,2136,428,3799
4682,4426,6340,7944,3778,6338
4682,4426,6340,9580,5397,7561
4682,4426,6340,627,5496,7062
4682,4426,6340,9691,7111,9446
4682,4426,6340,6706,7244,4190
4682,4426,6340,2536,9855,2084
4682,4426,6340,9689,1781,7832
4682,4426,6340,8210,3294,4659
4682,4426,6340,296,3198,748
4682,4426,6340,2694,271,8892
4682,4426,6340,3409,7037,16
4682,4426,6340,9320,8438,7717
4682,4426,6340,6878,6870,9926
4682,4426,6340,9691,4485,9174
4682,4426,6340,7176,5912,494
4682,4426,6340,7505,2365,2831
4682,4426,6340,5076,9976,9321
4682,4426,6340,5483,546,2055
4682,4426,6340,8265,6927,46
4682,4426,6340,1902,9805,1707
4682,4426,6340,9845,460,5841
4682,4426,6340,5926,8366,3804
4682,4426,6340,4123,2305,1081
4682,4426,6340,1121,8824,6330
4682,4426,6340,8542,9681,8880
4682,4426,6340,7436,9190,7022
4682,4426,6340,154,7666,5942
4682,4426,6340,9409,9460,4086
4682,4426,6340,4150,2256,8403
4682,4426,6340,9998,9268,9155
4682,4426,6340,1625,210,1958
4682,4426,6340,6831,6583,1759
4682,4426,6340,1895,9274,8540
4682,4426,6340,5836,3825,7531
4682,4426,6340,3278,82,8876
4682,4426,6340,557,1317,367
4682,4426,6340,7475,6271,1732
4682,4426,6340,6123,1849,529
4682,4426,6340,2021,9034,176
4682,4426,6340,2393,6314,9615
4682,4426,6340,2104,219,7201
4682,4426,6340,58,6379,8231
4682,4426,6340,5540,8753,8485
4682,4426,6340,7925,6851,6155
4682,4426,6340,9426,6251,9732
4682,4426,6340,7494,2766,6581
4682,4426,6340,6862,3040,7839
4682,4426,6340,4539,2691,3340
4682,4426,6340,3,9901,4977
4682,4426,6340,4755,1949,3765
4682,4426,6340,9028,4521,8935
4682,4426,6340,9949,3923,1304
4682,4426,6340,1902,4381,435
4682,4426,6340,3502,4964,7350
4682,4426,6340,9574,4425,6373
4682,4426,6340,6959,3942,1318
4682,4426,6340,4051,2672,1426
4682,4426,6340,9368,9511,5083
4682,4426,6340,9805,7095,7263
4682,4426,6340,2851,1900,822
4682,4426,6340,9213,9861,6710
4682,4426,6340,7582,5798,6295
4682,4426,6340,7749,6920,2861
4682,4426,6340,8136,7391,5585
4682,4426,6340,6710,3062,8463
4682,4426,6340,6414,1685,9668
4682,4426,6340,6323,9065,7647
4682,4426,6340,5753,4687,2069
4682,4426,6340,373,4636,1312
4682,4426,6340,3055,3158,6812
4682,4426,6340,9565,7101,9761
4682,4426,6340,1980,4041,8068
4682,4426,6340,7720,7603,6066
4682,4426,6340,7113,1540,5514
4682,4426,6340,2480,5639,9759
4682,4426,6340,7888,8775,7823
4682,4426,6340,5982,1776,9842
4682,4426,6340,9938,7854,6235
4682,4426,6340,2052,3029,9287
4682,4426,6340,3028,9454,128
4682,4426,6340,4824,8754,7795
4682,4426,6340,8527,2237,9708
4682,4426,6340,3529,4170,902
4682,4426,6340,6275,2776,1743
4682,4426,6340,382,420,4141
4682,4426,6340,3501,9317,6193
4682,4426,6340,3150,2958,1839
4682,4426,6340,1498,4135,3837
4682,4426,6340,8724,5567,3640
4682,4426,6340,6818,4912,7935
4682,4426,6340,8915,6338,1230
4682,4426,6340,3893,7379,7495
4682,4426,6340,5152,9301,7680
4682,4426,6340,3436,7445,1904
4682,4426,6340,9787,3424,9010
4682,4426,6340,2512,5204,1668
4682,4426,6340,6977,949,7566
4682,4426,6340,6070,7469,9985
4682,4426,6340,5703,8465,4983
4682,4426,6340,1559,3643,9684
4682,4426,6340,9270,6791,2421
4682,4426,6340,6464,7673,370
4682,4426,6340,5610,9400,585
4682,4426,6340,1240,5836,4508
4682,4426,6340,3524,8337,2857
4682,4426,6340,2531,3202,8384
4682,4426,6340,1444,6373,9214
4682,4426,6340,2903,5376,635
4682,4426,6340,3387,9526,6200
4682,4426,6340,6331,6098,3490
4682,4426,6340,222,8763,6429
4682,4426,6340,1396,8426,2078
4682,4426,6340,6612,4412,5583
4682,4426,6340,2250,294,306
4682,4426,6340,9576,28,2274
4682,4426,6340,4797,6315,1241
4682,4426,6340,1929,2671,5159
4682,4426,6340,8867,6746,711
4682,4426,6340,9110,1317,96
4682,4426,6340,3977,8458,2600
4682,4426,6340,5491,4491,2259
4682,4426,6340,4599,6499,6440
4682,4426,6340,1629,8737,6613
4682,4426,6340,88,8809,523
4682,4426,6340,6808,3447,638
4682,4426,6340,4376,7967,951
4682,4426,6340,3988,3005,5544
4682,4426,6340,308,950,8356
4682,4426,6340,2740,2100,9278
4682,4426,6340,620,5522,8510
4682,4426,6340,2465,9820,465
4682,4426,6340,9119,3402,1440
4682,4426,6340,7717,3954,6967
4682,4426,6340,1542,1664,7405
4682,4426,6340,1289,6625,5827
4682,4426,6340,4775,3081,6874
4682,4426,6340,7042,6033,4692
4682,4426,6340,1342,2818,9786
4682,4426,6340,3296,4059,7552
4682,4426,6340,1099,7408,1467
4682,4426,6340,6685,8330,3412
4682,4426,6340,8373,799,1432
4682,4426,6340,819,1912,8135
4682,4426,6340,7376,9362,1096
4682,4426,6340,7808,6349,5351
4682,4426,6340,5207,5786,9726
4682,4426,6340,5520,916,1522
4682,4426,6340,5135,4227,2403
4682,4426,6340,4832,2948,2795
4682,4426,6340,8130,5847,7956
4682,4426,6340,4225,2022,70
4682,4426,6340,1056,3492,8426
4682,4426,6340,2357,8259,4475
4682,4426,6340,9770,2469,5848
4682,4426,6340,487,1854,7986
4682,4426,6340,4387,8190,7544
4682,4426,6340,8716,7928,3284
4682,4426,6340,4250,3886,4180
4682,4426,6340,8104,678,2018
4682,4426,6340,2859,5282,650
4682,4426,6340,1038,1592,9316
4682,4426,6340,4565,1610,4822
4682,4426,6340,3038,2707,2627
4682,4426,6340,2970,3271,5651
4682,4426,6340,7179,1658,8057
4682,4426,6340,364,9590,6962
4682,4426,6340,7246,2010,3657
4682,4426,6340,5808,658,2724
4682,4426,6340,9716,9607,7
4682,4426,6340,7107,8342,4387
4682,4426,6340,3149,3615,6718
4682,4426,6340,1230,8683,5539
4682,4426,6340,8896,6796,5707
4682,4426,6340,9981,9390,4731
4682,4426,6340,4167,911,6384
4682,4426,6340,7631,3183,9940
4682,4426,6340,3481,68,7968
4682,4426,6340,5690,590,1148
4682,4426,6340,877,3328,1802
4682,4426,6340,9180,4208,317
4682,4426,6340,4043,9898,8451
4682,4426,6340,1020,4321,2994
4682,4426,6340,2413,5823,8689
4682,4426,6340,9300,2994,4755
4682,4426,6340,3184,3368,2465
4682,4426,6340,6911,3568,1173
4682,4426,6340,1080,4135,300
4682,4426,6340,9366,1658,7767
4682,4426,6340,2311,3556,4840
4682,4426,6340,2566,8793,1826
4682,4426,6340,481,3816,897
4682,4426,6340,3071,85,4990
4682,4426,6340,5334,6759,2390
4682,4426,6340,7083,9609,2317
4682,4426,6340,9275,9054,8597
4682,4426,6340,9993,1567,7764
4682,4426,6340,2258,3969,109
4682,4426,6340,2626,7175,2441
4682,4426,6340,5697,9449,60
4682,4426,6340,9925,8946,7650
4682,4426,6340,3134,6451,9453
4682,4426,6340,3847,1731,8916
4682,4426,6340,893,168,2483
4682,4426,6340,1226,1487,8342
4682,4426,6340,5799,3311,5377
4682,4426,6340,2287,2870,7572
4682,4426,6340,936,714,37
4682,4426,6340,2348,5537,715
4682,4426,6340,2795,8404,612
4682,4426,6340,4592,4935,5216
4682,4426,6340,8413,1938,3269
4682,4426,6340,847,9369,9959
4682,4426,6340,4901,9733,2068
4682,4426,6340,2783,5951,7078
4682,4426,6340,2524,7261,2827
4682,4426,6340,8038,5646,1032
4682,4426,6340,595,4007,2160
4682,4426,6340,6731,6924,9274
4682,4426,6340,1061,8577,7211
4682,4426,6340,1197,8164,1463
4682,4426,6340,7666,1474,6983
4682,4426,6340,1838,7582,1747
4682,4426,6340,1420,862,3815
4682,4426,6340,512,7483,1492
4682,4426,6340,2115,7275,4386
4682,4426,6340,2723,2908,9744
4682,4426,6340,3810,3959,5221
4682,4426,6340,6241,1077,9804
4682,4426,6340,3065,1328,6419
4682,4426,6340,4921,7828,3203
4682,4426,6340,5477,1679,1728
4682,4426,6340,9511,1603,6083
4682,4426,6340,7192,8496,3761
4682,4426,6340,7010,3575,8430
4682,4426,6340,1804,8596,4360
4682,4426,6340,7604,3577,8093
4682,4426,6340,3718,3681,6661
4682,4426,6340,1776,686,9036
4682,4426,6340,141,2147,508
4682,4426,6340,1632,5206,7161
4682,4426,6340,5811,7960,2357
4682,4426,6340,9196,3738,1465
4682,4426,6340,6451,1854,6687
4682,4426,6340,7566,3289,3361
4682,4426,6340,5403,2258,8813
4682,4426,6340,1657,2589,4361
4682,4426,6340,509,7653,6548
4682,4426,6340,3531,6547,8008
4682,4426,6340,5542,453,2548
4682,4426,6340,2428,1044,6677
4682,4426,6340,9565,315,1932
4682,4426,6340,3730,4362,1090
4682,4426,6340,7468,651,9771
4682,4426,6340,9772,1837,9925
4682,4426,6340,434,7513,6528
4682,4426,6340,8623,2430,5493
4682,4426,6340,9429,7965,9059
4682,4426,6340,3716,8032,6376
4682,4426,6340,4109,9390,1801
4682,4426,6340,7417,6596,6357
4682,4426,6340,4600,1539,2941
4682,4426,6340,7012,4974,5629
4682,4426,6340,7176,7022,4574
4682,4426,6340,2571,2500,6005
4682,4426,6340,3087,7858,9557
4682,4426,6340,6921,9221,4646
4682,4426,6340,5212,1621,2971
4682,4426,6340,189,3293,8285
4682,4426,6340,146,3906,4946
4682,4426,6340,6815,310,4721
4682,4426,6340,3671,5211,1843
4682,4426,6340,5490,2137,7315
4682,4426,6340,8505,5646,2150
4682,4426,6340,770,7365,757
4682,4426,6340,1582,4336,3585
4682,4426,6340,330,187,6101
4682,4426,6340,8533,8513,9058
4682,4426,6340,4263,2669,4083
4682,4426,6340,2595,9404,259
4682,4426,6340,9218,6813,4021
4682,4426,6340,4666,4134,4901
4682,4426,6340,6436,4888,5978
4682,4426,6340,8232,6121,4811
4682,4426,6340,9849,2063,9092
4682,4426,6340,147,8105,5355
4682,4426,6340,1818,5144,6738
4682,4426,6340,1438,4793,5945
4682,4426,6340,5345,930,6257
4682,4426,6340,7762,7506,7757
4682,4426,6340,5888,2963,2802
4682,4426,6340,3190,5466,276
4682,4426,6340,5869,9766,4318
4682,4426,6340,4360,6243,329
4682,4426,6340,7436,4755,1333
4682,4426,6340,196,1564,6929
4682,4426,6340,3323,3332,7908
4682,4426,6340,2556,5655,777
4682,4426,6340,9905,8481,4525
4682,4426,6340,6190,9355,3948
4682,4426,6340,9360,6256,4286
4682,4426,6340,3052,4118,6812
4682,4426,6340,6257,4131,3374
4682,4426,6340,6899,6282,7020
4682,4426,6340,522,7087,9166
4682,4426,6340,3711,2803,7484
4682,4426,6340,9129,3670,8269
4682,4426,6340,2964,1515,7426
4682,4426,6340,6583,5972,2463
4682,4426,6340,9912,5284,7224
4682,4426,6340,1995,431,8353
4682,4426,6340,7445,2856,9198
4682,4426,6340,491,3377,2928
4682,4426,6340,5401,7273,6856
4682,4426,6340,328,9461,9358
4682,4426,6340,7545,9389,4799
4682,4426,6340,6762,2969,2245
4682,4426,6340,8766,2552,6969
4682,4426,6340,1520,6316,2387
4682,4426,6340,3560,2944,5854
4682,4426,6340,6164,2645,669
4682,4426,6340,3354,5538,9346
4682,4426,6340,1591,3080,2386
4682,4426,6340,7381,3535,2427
4682,4426,6340,6919,5993,1330
4682,4426,6340,1555,1120,1112
4682,4426,6340,9914,2212,5620
4682,4426,6340,1261,7745,2682
4682,4426,6340,1483,90,5504
4682,4426,6340,8424,4433,2639
4682,4426,6340,7286,3906,9530
4682,4426,6340,8840,6305,1456
4682,4426,6340,2618,3998,7889
4682,4426,6340,7069,9529,1073
4682,4426,6340,7515,2414,6802
4682,4426,6340,3384,9556,2473
4682,4426,6340,4225,6560,8866
4682,4426,6340,9989,5892,4375
4682,4426,6340,987,6897,8836
4682,4426,6340,1036,9202,6202
4682,4426,6340,7339,882,9925
4682,4426,6340,9825,5347,2066
4682,4426,6340,726,7058,793
4682,4426,6340,9031,2588,8431
4682,4426,6340,2034,6120,5159
4682,4426,6340,6716,9481,1014
4682,4426,6340,494,7513,659
4682,4426,6340,2613,5165,1945
4682,4426,6340,7997,8122,5624
4682,4426,6340,4153,9710,8945
4682,4426,6340,2308,9024,5633
4682,4426,6340,8011,3190,4724
4682,4426,6340,8914,6955,9792
4682,4426,6340,1710,9985,3158
4682,4426,6340,9778,5619,2682
4682,4426,6340,5651,9003,4221
4682,4426,6340,3074,1612,3382
4682,4426,6340,4268,1288,7559
4682,4426,6340,8801,1078,5534
4682,4426,6340,7783,7309,3705
4682,4426,6340,384,8846,9613
4682,4426,6340,9810,1902,424
4682,4426,6340,1566,4500,37
4682,4426,6340,5831,7389,4716
4682,4426,6340,453,3599,7765
4682,4426,6340,7561,8501,3907
4682,4426,6340,5621,1416,187
4682,4426,6340,8392,2106,701
4682,4426,6340,8444,4764,1619
4682,4426,6340,9646,2617,4805
4682,4426,6340,7456,1112,1784
4682,4426,6340,9209,51,6840
4682,4426,6340,3610,4378,4479
4682,4426,6340,2718,5364,9049
4682,4426,6340,4744,7410,6179
4682,4426,6340,2027,576,9338
4682,4426,6340,5661,9224,9633
4682,4426,6340,2995,14,564
4682,4426,6340,9425,370,2153
4682,4426,6340,9367,1756,9484
4682,4426,6340,2840,3568,8790
4682,4426,6340,3026,5333,2796
4682,4426,6340,8448,702,3840
4682,4426,6340,8133,2853,2489
4682,4426,6340,493,6940,4405
4682,4426,6340,8425,626,8622
4682,4426,6340,5229,9004,5054
4682,4426,6340,291,3787,9924
4682,4426,6340,513,4788,4634
4682,4426,6340,3896,5824,2248
4682,4426,6340,3195,9485,7085
4682,4426,6340,5148,9577,4365
4682,4426,6340,7812,974,3793
4682,4426,6340,5622,4746,9150
4682,4426,6340,9606,9368,9073
4682,4426,6340,8455,6012,7678
4682,4426,6340,2907,622,8161
4682,4426,6340,7265,6273,8209
4682,4426,6340,5294,7278,3255
4682,4426,6340,9438,9945,5423
4682,4426,6340,448,5177,1113
4682,4426,6340,8219,3547,1152
4682,4426,6340,2083,1560,7828
4682,4426,6340,4562,4531,3197
4682,4426,6340,6295,3778,6352
4682,4426,6340,7842,7062,8184
4682,4426,6340,3209,7028,3379
4682,4426,6340,8989,2033,2616
4682,4426,6340,421,4749,8521
4682,4426,6340,8161,5615,8049
4682,4426,6340,4922,6391,4456
4682,4426,6340,496,5600,170
4682,4426,6340,1710,4263,7287
4682,4426,6340,352,1275,302
4682,4426,6340,6074,6494,2322
4682,4426,6340,6581,7279,6681
4682,4426,6340,7213,5459,8329
4682,4426,6340,9636,7193,355
4682,4426,6340,4941,7468,6999
4682,4426,6340,6720,1775,5227
4682,4426,6340,9156,7455,706
4682,4426,6340,8914,6688,405
4682,4426,6340,1156,5758,8530
4682,4426,6340,7772,5170,6421
4682,4426,6340,1355,1712,994
4682,4426,6340,8694,2665,513
4682,4426,6340,318,8676,5495
4682,4426,6340,8616,5471,1694
4682,4426,6340,1595,6296,2431
4682,4426,6340,4831,6887,1927
4682,4426,6340,8012,753,2117
4682,4426,6340,7827,3374,4020
4682,4426,6340,7467,7260,8108
4682,4426,6340,5264,3464,7792
4682,4426,6340,3427,1639,6807
4682,4426,6340,6627,3325,1822
4682,4426,6340,9376,9465,3325
4682,4426,6340,8438,8802,3471
4682,4426,6340,6253,8262,1465
4682,4426,6340,3281,3801,4137
4682,4426,6340,6457,5832,9617
4682,4426,6340,8326,8897,4969
4682,4426,6340,6005,6262,7903
4682,4426,6340,6405,6251,2221
4682,4426,6340,4062,2814,7150
4682,4426,6340,2086,5767,9127
4682,4426,6340,3672,8157,7926
4682,4426,6340,7051,9714,6746
4682,4426,6340,289,2658,8275
4682,4426,6340,5764,2926,1023
4682,4426,6340,2579,9760,5622
4682,4426,6340,7368,7415,128
4682,4426,6340,7440,986,2045
4682,4426,6340,1025,1094,8463
4682,4426,6340,1506,4745,678
4682,4426,6340,5146,3684,6001
