8502,3318,3561,7970,1844,1852
8502,3318,3561,2398,6929,4278
8502,3318,3561,7302,1893,7114
8502,3318,3561,5203,7288,8689
8502,3318,3561,9045,1694,9551
8502,3318,3561,4883,2080,7446
8502,3318,3561,3819,1293,7371
8502,3318,3561,2857,3663,7166
8502,3318,3561,5337,7144,7183
8502,3318,3561,1886,1095,5062
8502,3318,3561,8321,77,5766
8502,3318,3561,2039,5559,2493
8502,3318,3561,6205,3935,1860
8502,3318,3561,4848,5210,24
8502,3318,3561,1438,949,2316
8502,3318,3561,5089,5759,4176
8502,3318,3561,9599,9293,6513
8502,3318,3561,9012,704,2305
8502,3318,3561,4534,7462,892
8502,3318,3561,1648,7049,5735
8502,3318,3561,8098,2426,3136
8502,3318,3561,3797,9075,4682
8502,3318,3561,615,3828,910
8502,3318,3561,22,8720,8053
8502,3318,3561,3391,9433,7173
8502,3318,3561,1188,6985,6692
8502,3318,3561,489,4674,6222
8502,3318,3561,1758,5447,18
8502,3318,3561,4796,7725,2136
8502,3318,3561,3622,4267,388
8502,3318,3561,550,482,5830
8502,3318,3561,6629,6533,2971
8502,3318,3561,7655,3423,1520
8502,3318,3561,7851,3519,1789
8502,3318,3561,3591,7876,6459
8502,3318,3561,2331,6924,7489
8502,3318,3561,4012,876,8081
8502,3318,3561,4114,2243,4927
8502,3318,3561,1046,9128,5448
8502,3318,3561,1966,6455,4921
8502,3318,3561,2569,540,9222
8502,3318,3561,225,3054,3431
8502,3318,3561,8320,1039,1832
8502,3318,3561,9581,6518,958
8502,3318,3561,5349,9781,1173
8502,3318,3561,2567,7347,9761
8502,3318,3561,7593,7148,6243
8502,3318,3561,4038,7326,1204
8502,3318,3561,1267,7247,1542
8502,3318,3561,3695,9728,4154
8502,3318,3561,8087,6427,4271
8502,3318,3561,7514,495,7190
8502,3318,3561,417,2355,5596
8502,3318,3561,9322,9159,9710
8502,3318,3561,123,770,7797
8502,3318,3561,8117,5271,4706
8502,3318,3561,2612,7391,9958
8502,3318,3561,7746,4663,8415
8502,3318,3561,2766,8235,8733
8502,3318,3561,3134,5853,9614
8502,3318,3561,3528,2140,9318
8502,3318,3561,7169,7684,1935
8502,3318,3561,666,4372,9817
8502,3318,3561,2403,8696,9369
8502,3318,3561,4650,5088,7582
8502,3318,3561,1251,1942,6524
8502,3318,3561,4978,6947,4031
8502,3318,3561,7198,9063,3222
8502,3318,3561,3941,7520,5915
8502,3318,3561,5313,981,2964
8502,3318,3561,530,1726,4928
8502,3318,3561,5972,8203,4229
8502,3318,3561,2268,3823,5493
8502,3318,3561,1803,4301,1214
8502,3318,3561,9975,3380,4990
8502,3318,3561,1122,2478,1924
8502,3318,3561,7171,9827,9737
8502,3318,3561,8466,5636,3339
8502,3318,3561,5155,3243,6537
8502,3318,3561,4122,7921,2052
8502,3318,3561,9324,4817,2492
8502,3318,3561,9670,6831,1725
8502,3318,3561,9039,8005,2030
8502,3318,3561,2816,235,6265
8502,3318,3561,1122,7241,2064
8502,3318,3561,2249,7692,4066
8502,3318,3561,1188,5140,9244
8502,3318,3561,1216,8292,5785
8502,3318,3561,6848,8280,2084
8502,3318,3561,812,9629,6307
8502,3318,3561,6483,3036,8949
8502,3318,3561,8317,4440,8421
8502,3318,3561,5700,9884,9356
8502,3318,3561,1526,4991,8027
8502,3318,3561,1642,16,5030
8502,3318,3561,2913,6512,2752
8502,3318,3561,5287,891,6949
8502,3318,3561,4204,6299,6511
8502,3318,3561,6808,1064,2136
8502,3318,3561,9611,849,6414
8502,3318,3561,3834,4205,2828
8502,3318,3561,2897,7452,9927
8502,3318,3561,954,167,3594
8502,3318,3561,269,4389,9864
8502,3318,3561,7190,3664,8296
8502,3318,3561,5438,3631,6510
8502,3318,3561,5422,203,5280
8502,3318,3561,6470,8318,5739
8502,3318,3561,10000,8661,5994
8502,3318,3561,5846,8136,5235
8502,3318,3561,4925,3926,7994
8502,3318,3561,8060,7554,853
8502,3318,3561,2513,6619,1312
8502,3318,3561,6074,3360,5330
8502,3318,3561,2388,5455,1389
8502,3318,3561,5650,9678,6521
8502,3318,3561,8978,8543,5928
8502,3318,3561,3493,12,5279
8502,3318,3561,5395,6726,8921
8502,3318,3561,5695,7680,6585
8502,3318,3561,5931,8964,6424
8502,3318,3561,2769,4952,6661
8502,3318,3561,1132,7016,3512
8502,3318,3561,9334,2975,3682
8502,3318,3561,2512,7533,5232
8502,3318,3561,3819,4929,477
8502,3318,3561,56,7049,1713
8502,3318,3561,5473,9534,5594
8502,3318,3561,9847,2290,2579
8502,3318,3561,1172,7081,8917
8502,3318,3561,1472,235,8633
8502,3318,3561,1238,5108,9965
8502,3318,3561,4195,7399,7600
8502,3318,3561,2473,9347,5881
8502,3318,3561,3459,7150,269
8502,3318,3561,9429,9901,7349
8502,3318,3561,3344,1825,1384
8502,3318,3561,9173,9583,111
8502,3318,3561,1051,9973,582
8502,3318,3561,1901,962,5776
8502,3318,3561,4718,6398,3025
8502,3318,3561,2702,7359,9188
8502,3318,3561,2561,1373,3334
8502,3318,3561,5626,8304,359
8502,3318,3561,9895,6390,4453
8502,3318,3561,2343,3284,7038
8502,3318,3561,2008,5161,2070
8502,3318,3561,5101,2894,5432
8502,3318,3561,4173,1790,2402
8502,3318,3561,27,6633,659
8502,3318,3561,9994,8743,2045
8502,3318,3561,6236,3475,9507
8502,3318,3561,3883,3968,2732
8502,3318,3561,2050,9957,8859
8502,3318,3561,2351,8247,2607
8502,3318,3561,4369,7851,1528
8502,3318,3561,5606,5612,4504
8502,3318,3561,2907,8219,3764
8502,3318,3561,8911,6558,8218
8502,3318,3561,9979,9548,5506
8502,3318,3561,8438,3133,7413
8502,3318,3561,9755,6340,6682
8502,3318,3561,6164,5004,9233
8502,3318,3561,5275,875,9026
8502,3318,3561,964,4609,8208
8502,3318,3561,6910,3821,319
8502,3318,3561,4310,5860,3022
8502,3318,3561,2246,1676,12
8502,3318,3561,6120,9549,3067
8502,3318,3561,1657,4942,2778
8502,3318,3561,3988,78,2102
8502,3318,3561,7550,6006,7413
8502,3318,3561,3082,5237,6685
8502,3318,3561,286,6800,6390
8502,3318,3561,3183,8587,122
8502,3318,3561,7663,908,4253
8502,3318,3561,1966,6933,7762
8502,3318,3561,7759,5940,5183
8502,3318,3561,4301,9305,4033
8502,3318,3561,3400,9956,4164
8502,3318,3561,4440,7002,2002
8502,3318,3561,7765,50,1053
8502,3318,3561,1371,2429,7192
8502,3318,3561,7074,5622,5319
8502,3318,3561,320,9905,4017
8502,3318,3561,5201,2305,980
8502,3318,3561,2581,2850,89
8502,3318,3561,9789,3814,7855
8502,3318,3561,6657,7808,7348
8502,3318,3561,6743,6757,8636
8502,3318,3561,733,3708,6417
8502,3318,3561,962,9530,518
8502,3318,3561,8497,2572,8366
8502,3318,3561,5064,5874,9692
8502,3318,3561,9501,7609,7450
8502,3318,3561,4781,313,7890
8502,3318,3561,5369,6060,1823
8502,3318,3561,1863,7550,8559
8502,3318,3561,5173,4765,8702
8502,3318,3561,416,1285,884
8502,3318,3561,4030,4328,472
8502,3318,3561,7777,242,1796
8502,3318,3561,5871,6023,6722
8502,3318,3561,6386,728,2331
8502,3318,3561,7529,6099,2767
8502,3318,3561,498,8204,1149
8502,3318,3561,2214,7449,3618
8502,3318,3561,2298,8826,4742
8502,3318,3561,4840,3995,6371
8502,3318,3561,7562,2412,2355
8502,3318,3561,8390,9989,1308
8502,3318,3561,8469,2206,7417
8502,3318,3561,14,3636,7646
8502,3318,3561,2048,3468,4375
8502,3318,3561,8598,2194,612
8502,3318,3561,6394,438,9076
8502,3318,3561,8995,6134,3610
8502,3318,3561,4362,4300,6113
8502,3318,3561,441,6682,7578
8502,3318,3561,544,4712,9715
8502,3318,3561,2897,8413,5597
8502,3318,3561,6420,1996,5667
8502,3318,3561,2148,1663,3686
8502,3318,3561,1379,1265,9946
8502,3318,3561,8365,4666,7822
8502,3318,3561,471,6702,2475
8502,3318,3561,983,3833,456
8502,3318,3561,6348,6466,2952
8502,3318,3561,6763,9861,1786
8502,3318,3561,6006,9810,7464
8502,3318,3561,3470,4933,4220
8502,3318,3561,7738,5892,7896
8502,3318,3561,3152,9229,1881
8502,3318,3561,7869,3966,2880
8502,3318,3561,7041,7920,5866
8502,3318,3561,7583,5023,9331
8502,3318,3561,9187,4098,1459
8502,3318,3561,3814,3021,2790
8502,3318,3561,1522,8671,6015
8502,3318,3561,2945,2677,2562
8502,3318,3561,296,678,520
8502,3318,3561,6348,1362,1902
8502,3318,3561,7306,4668,6965
8502,3318,3561,7776,3888,3200
8502,3318,3561,9767,249,6123
8502,3318,3561,223,4521,6121
8502,3318,3561,1211,7435,8033
8502,3318,3561,9430,6688,1827
8502,3318,3561,3049,5348,6312
8502,3318,3561,3787,4053,1655
8502,3318,3561,9241,1708,2433
8502,3318,3561,5592,5698,39
8502,3318,3561,7341,1676,467
8502,3318,3561,3840,5974,2723
8502,3318,3561,9739,4505,4019
8502,3318,3561,1735,7989,2882
8502,3318,3561,6299,213,9777
8502,3318,3561,4894,8025,8318
8502,3318,3561,9615,6491,9944
8502,3318,3561,1074,7401,6220
8502,3318,3561,6956,4140,3581
8502,3318,3561,6095,389,633
8502,3318,3561,2502,5146,4851
8502,3318,3561,7557,8361,8241
8502,3318,3561,2712,578,4839
8502,3318,3561,5509,6355,1647
8502,3318,3561,1849,2897,8007
8502,3318,3561,1981,1170,5558
8502,3318,3561,5517,559,9731
8502,3318,3561,2231,3823,993
8502,3318,3561,5327,4308,5440
8502,3318,3561,3607,2454,5194
8502,3318,3561,4555,4990,4223
8502,3318,3561,7240,5239,4690
8502,3318,3561,5418,1362,933
8502,3318,3561,1496,3416,1598
8502,3318,3561,7846,9763,3204
8502,3318,3561,9662,616,760
8502,3318,3561,599,2754,827
8502,3318,3561,7172,2968,2094
8502,3318,3561,2022,8232,9450
8502,3318,3561,3945,5484,2847
8502,3318,3561,8809,1847,7534
8502,3318,3561,2765,880,7201
8502,3318,3561,909,9097,5598
8502,3318,3561,384,5848,3736
8502,3318,3561,7091,861,2757
8502,3318,3561,5263,791,9848
8502,3318,3561,7148,8815,1320
8502,3318,3561,8329,9925,2637
8502,3318,3561,7501,8510,1828
8502,3318,3561,1440,9822,9496
8502,3318,3561,8903,3748,741
8502,3318,3561,570,9440,6722
8502,3318,3561,7350,6595,5062
8502,3318,3561,1819,8997,4961
8502,3318,3561,7837,3294,8017
8502,3318,3561,5655,3448,2598
8502,3318,3561,3000,2368,6307
8502,3318,3561,7908,3397,2403
8502,3318,3561,5577,3883,4252
8502,3318,3561,7653,4997,4150
8502,3318,3561,8966,3252,3189
8502,3318,3561,568,9812,6704
8502,3318,3561,5111,1968,144
8502,3318,3561,2080,268,5458
8502,3318,3561,9315,3312,4369
8502,3318,3561,8360,3162,7778
8502,3318,3561,118,1875,8495
8502,3318,3561,3265,6046,6856
8502,3318,3561,3175,9174,6433
8502,3318,3561,534,5473,1261
8502,3318,3561,8791,4810,7723
8502,3318,3561,4651,9941,9010
8502,3318,3561,5395,266,1412
8502,3318,3561,7866,8619,7104
8502,3318,3561,4657,6171,8790
8502,3318,3561,4875,4320,6789
8502,3318,3561,2352,7900,6945
8502,3318,3561,892,7094,5281
8502,3318,3561,4750,9635,3099
8502,3318,3561,6361,8785,7870
8502,3318,3561,175,5789,6646
8502,3318,3561,1681,3668,2346
8502,3318,3561,2848,401,7607
8502,3318,3561,7410,6457,8010
8502,3318,3561,4832,1840,2337
8502,3318,3561,6200,1808,2686
8502,3318,3561,2370,5954,9637
8502,3318,3561,4577,4438,8749
8502,3318,3561,2405,9520,192
8502,3318,3561,1249,7643,7481
8502,3318,3561,9800,8019,6854
8502,3318,3561,3908,5065,1651
8502,3318,3561,8496,3885,2894
8502,3318,3561,4929,8418,4431
8502,3318,3561,2733,2458,5668
8502,3318,3561,5812,4669,8336
8502,3318,3561,602,3422,7159
8502,3318,3561,4822,1339,1833
8502,3318,3561,4358,8646,7463
8502,3318,3561,712,8552,1988
8502,3318,3561,4989,5890,6672
8502,3318,3561,6605,8458,8742
8502,3318,3561,427,7429,5804
8502,3318,3561,4712,5276,6446
8502,3318,3561,3503,8294,3728
8502,3318,3561,4009,7938,7672
8502,3318,3561,8216,4137,8255
8502,3318,3561,9324,8455,9199
8502,3318,3561,5873,4175,3598
8502,3318,3561,4427,743,4568
8502,3318,3561,4437,6996,5104
8502,3318,3561,7538,1847,2240
8502,3318,3561,6512,5049,5270
8502,3318,3561,818,7565,6142
8502,3318,3561,583,1218,5525
8502,3318,3561,4031,5826,6433
8502,3318,3561,4949,6593,19
8502,3318,3561,4396,1622,9928
8502,3318,3561,1307,7038,6416
8502,3318,3561,2327,8178,6605
8502,3318,3561,3820,8728,9622
8502,3318,3561,8046,2188,9622
8502,3318,3561,3874,7640,8073
8502,3318,3561,7460,8793,8688
8502,3318,3561,7767,5904,1741
8502,3318,3561,7982,8421,7584
8502,3318,3561,5072,7835,3315
8502,3318,3561,6212,7404,4126
8502,3318,3561,7265,9221,5984
8502,3318,3561,3980,1024,7482
8502,3318,3561,1600,2903,3215
8502,3318,3561,7967,3059,49
8502,3318,3561,7057,5480,8936
8502,3318,3561,8197,9393,5374
8502,3318,3561,3603,2863,9328
8502,3318,3561,6281,3326,9459
8502,3318,3561,6092,1186,2161
8502,3318,3561,5183,6129,2630
8502,3318,3561,9698,4411,520
8502,3318,3561,5830,3516,6215
8502,3318,3561,2397,8718,1447
8502,3318,3561,2899,7116,2998
8502,3318,3561,7448,68,9287
8502,3318,3561,500,4773,1394
8502,3318,3561,1033,2243,4523
8502,3318,3561,5164,3590,7562
8502,3318,3561,8517,9022,8065
8502,3318,3561,8518,5807,3677
8502,3318,3561,696,4965,8517
8502,3318,3561,6629,9747,1877
8502,3318,3561,7321,9245,9364
8502,3318,3561,4033,2208,5028
8502,3318,3561,1405,4895,7878
8502,3318,3561,4569,4977,2691
8502,3318,3561,1758,8769,8914
8502,3318,3561,5554,3642,8222
8502,3318,3561,5244,3110,9797
8502,3318,3561,7445,9254,2404
8502,3318,3561,5427,2962,8026
8502,3318,3561,745,1626,5675
8502,3318,3561,7235,6235,2592
8502,3318,3561,5361,6961,7292
8502,3318,3561,8795,3064,7605
8502,3318,3561,8214,552,6454
8502,3318,3561,5362,1814,3131
8502,3318,3561,2252,6803,899
8502,3318,3561,4978,7140,2269
8502,3318,3561,5431,9440,6952
8502,3318,3561,6712,1195,48
8502,3318,3561,4665,9323,2001
8502,3318,3561,460,7729,2841
8502,3318,3561,468,5005,3487
8502,3318,3561,4999,8486,4129
8502,3318,3561,3909,5814,6790
8502,3318,3561,346,5235,4261
8502,3318,3561,740,8056,4426
8502,3318,3561,3372,4094,2437
8502,3318,3561,9380,6711,4935
8502,3318,3561,4826,6733,5077
8502,3318,3561,5538,2999,3825
8502,3318,3561,1793,498,4754
8502,3318,3561,8102,3218,4088
8502,3318,3561,6105,2038,8438
8502,3318,3561,9919,7133,7288
8502,3318,3561,8200,4718,7070
8502,3318,3561,215,2077,8886
8502,3318,3561,2487,4729,6387
8502,3318,3561,323,2496,7343
8502,3318,3561,2627,4308,1392
8502,3318,3561,7616,9008,5988
8502,3318,3561,7427,4590,2824
8502,3318,3561,3676,8674,6072
8502,3318,3561,1882,1103,4777
8502,3318,3561,4457,8426,1385
8502,3318,3561,9394,777,8553
8502,3318,3561,5674,1953,3282
8502,3318,3561,786,7875,3928
8502,3318,3561,6933,1739,6735
8502,3318,3561,6143,5964,4082
8502,3318,3561,969,4719,9579
8502,3318,3561,2956,5330,3284
8502,3318,3561,5494,5630,810
8502,3318,3561,2693,4112,3235
8502,3318,3561,2659,9719,5305
8502,3318,3561,8671,9909,69
8502,3318,3561,1655,9164,3904
8502,3318,3561,7137,8238,4394
8502,3318,3561,2808,6731,3344
8502,3318,3561,7967,191,5263
8502,3318,3561,3274,3256,8365
8502,3318,3561,7015,8421,362
8502,3318,3561,4176,8100,4690
8502,3318,3561,2984,948,774
8502,3318,3561,9503,5553,4212
8502,3318,3561,5825,6877,6783
8502,3318,3561,3360,556,7005
8502,3318,3561,527,321,8625
8502,3318,3561,6512,1468,4103
8502,3318,3561,9641,5681,4819
8502,3318,3561,2788,3961,8928
8502,3318,3561,4291,4579,9512
8502,3318,3561,1739,3723,212
8502,3318,3561,8415,1230,2709
8502,3318,3561,4610,7042,1711
8502,3318,3561,72,9862,513
8502,3318,3561,8818,2035,1588
8502,3318,3561,7391,3103,1603
8502,3318,3561,2707,3612,5587
8502,3318,3561,2051,9829,638
8502,3318,3561,6488,3001,3604
8502,3318,3561,4331,9225,1849
8502,3318,3561,8397,5719,5439
8502,3318,3561,5660,3654,7164
8502,3318,3561,6594,9090,3718
8502,3318,3561,6180,7545,144
8502,3318,3561,433,9340,6604
8502,3318,3561,7020,355,2463
8502,3318,3561,9827,5066,6132
8502,3318,3561,9906,4387,8814
8502,3318,3561,6458,7557,1247
8502,3318,3561,7666,2532,9319
8502,3318,3561,1176,9732,2686
8502,3318,3561,595,4945,8194
8502,3318,3561,2322,6048,1686
8502,3318,3561,5755,3154,873
8502,3318,3561,7755,5394,590
8502,3318,3561,1855,5765,8159
8502,3318,3561,5223,9611,5121
8502,3318,3561,2019,3456,2171
8502,3318,3561,8933,2583,4145
8502,3318,3561,7068,2118,931
8502,3318,3561,1719,6793,1989
8502,3318,3561,7442,1999,4100
8502,3318,3561,1257,2745,6184
8502,3318,3561,6288,338,5861
8502,3318,3561,1606,9448,4652
8502,3318,3561,2416,7537,6461
8502,3318,3561,6048,8458,9043
8502,3318,3561,1745,184,6325
8502,3318,3561,6836,6738,3590
8502,3318,3561,3486,6386,5928
8502,3318,3561,6181,1674,1240
8502,3318,3561,6110,8663,2494
8502,3318,3561,4258,2828,8767
8502,3318,3561,3727,126,844
8502,3318,3561,3400,6972,2974
8502,3318,3561,6520,4413,4311
8502,3318,3561,3347,1181,7507
