8457,2275,3613,9404,7069,4885
8457,2275,3613,3552,2998,795
8457,2275,3613,4495,3163,1341
8457,2275,3613,5976,4717,1969
8457,2275,3613,797,9656,7845
8457,2275,3613,4198,1478,2838
8457,2275,3613,6802,9868,6451
8457,2275,3613,8353,6300,2823
8457,2275,3613,512,8285,9247
8457,2275,3613,8395,1678,5954
8457,2275,3613,7811,9636,3168
8457,2275,3613,9722,3031,2836
8457,2275,3613,1653,9235,1205
8457,2275,3613,8510,8239,6486
8457,2275,3613,8063,3105,6939
8457,2275,3613,5643,4944,8195
8457,2275,3613,6416,8973,9717
8457,2275,3613,9156,3258,4299
8457,2275,3613,4443,1130,2780
8457,2275,3613,5349,7535,746
8457,2275,3613,3940,4132,5212
8457,2275,3613,5025,5344,951
8457,2275,3613,3771,6822,7788
8457,2275,3613,9430,8120,4572
8457,2275,3613,9587,9290,5410
8457,2275,3613,5373,5961,5626
8457,2275,3613,9162,9569,9209
8457,2275,3613,8839,8694,1696
8457,2275,3613,874,8849,9476
8457,2275,3613,1533,4011,1977
8457,2275,3613,9647,1640,6243
8457,2275,3613,9514,6171,6792
8457,2275,3613,9281,929,4699
8457,2275,3613,112,2225,3961
8457,2275,3613,9875,6934,6142
8457,2275,3613,8280,5013,6848
8457,2275,3613,2881,4322,6411
8457,2275,3613,3273,176,5635
8457,2275,3613,3536,4988,4659
8457,2275,3613,7542,5792,6391
8457,2275,3613,4587,7551,8713
8457,2275,3613,7743,2432,6287
8457,2275,3613,4070,3771,3573
8457,2275,3613,7087,1182,5495
8457,2275,3613,3487,4685,1782
8457,2275,3613,5986,4825,4183
8457,2275,3613,1124,5101,8528
8457,2275,3613,9334,580,3287
8457,2275,3613,3618,5403,3822
8457,2275,3613,9495,2736,4769
8457,2275,3613,1143,3087,3148
8457,2275,3613,1945,7304,3856
8457,2275,3613,6749,7196,1454
8457,2275,3613,7444,2400,6367
8457,2275,3613,5854,2452,2176
8457,2275,3613,7597,9304,7542
8457,2275,3613,8999,7289,7117
8457,2275,3613,6052,336,1581
8457,2275,3613,317,4956,3273
8457,2275,3613,374,7826,3539
8457,2275,3613,7188,4372,4930
8457,2275,3613,230,596,3676
8457,2275,3613,8440,2596,9422
8457,2275,3613,4308,2718,6765
8457,2275,3613,556,3692,8964
8457,2275,3613,4101,2053,2398
8457,2275,3613,2051,4303,4666
8457,2275,3613,3937,9008,2296
8457,2275,3613,4754,8262,6680
8457,2275,3613,6312,7848,5485
8457,2275,3613,9523,8239,7783
8457,2275,3613,3549,7767,5464
8457,2275,3613,4500,1970,6074
8457,2275,3613,5681,7890,4938
8457,2275,3613,6553,777,9025
8457,2275,3613,8666,8636,330
8457,2275,3613,4895,7976,8183
8457,2275,3613,1868,7533,9854
8457,2275,3613,8743,7046,9261
8457,2275,3613,1422,7468,8720
8457,2275,3613,9705,9277,1661
8457,2275,3613,404,2420,2065
8457,2275,3613,8087,3672,5713
8457,2275,3613,6450,2874,6972
8457,2275,3613,5930,9035,3085
8457,2275,3613,5122,8776,4961
8457,2275,3613,910,9650,8798
8457,2275,3613,9642,3332,9124
8457,2275,3613,591,2339,7873
8457,2275,3613,6755,7082,5240
8457,2275,3613,7021,2983,84
8457,2275,3613,9317,4763,8721
8457,2275,3613,4995,7700,5402
8457,2275,3613,2779,7548,3191
8457,2275,3613,9936,2228,7034
8457,2275,3613,2022,9413,5262
8457,2275,3613,493,2266,7249
8457,2275,3613,9101,4878,2785
8457,2275,3613,3159,2088,1786
8457,2275,3613,7448,7759,2595
8457,2275,3613,9065,5970,2708
8457,2275,3613,7512,3178,641
8457,2275,3613,6498,9244,4301
8457,2275,3613,1911,6291,730
8457,2275,3613,1480,7811,4567
8457,2275,3613,1697,5695,5580
8457,2275,3613,1199,2240,373
8457,2275,3613,4444,1018,8570
8457,2275,3613,2809,7496,6122
8457,2275,3613,9701,8375,2781
8457,2275,3613,8007,7092,8541
8457,2275,3613,5997,1485,1356
8457,2275,3613,1043,9805,3462
8457,2275,3613,666,2221,1446
8457,2275,3613,4885,2223,4618
8457,2275,3613,6586,2466,7553
8457,2275,3613,8,3868,6975
8457,2275,3613,1116,9698,5920
8457,2275,3613,6847,7773,1518
8457,2275,3613,6356,8796,4425
8457,2275,3613,2746,6841,5461
8457,2275,3613,6369,112,4869
8457,2275,3613,7166,8536,9826
8457,2275,3613,3304,4711,2425
8457,2275,3613,4614,7999,9316
8457,2275,3613,438,4493,3238
8457,2275,3613,7962,1713,7272
8457,2275,3613,6906,7433,8128
8457,2275,3613,3706,4011,3271
8457,2275,3613,6262,5191,2922
8457,2275,3613,6803,8038,6014
8457,2275,3613,8118,4171,6
8457,2275,3613,8691,1490,206
8457,2275,3613,3986,6525,9178
8457,2275,3613,3365,2281,2279
8457,2275,3613,1663,8059,6862
8457,2275,3613,215,8063,5411
8457,2275,3613,673,5503,7741
8457,2275,3613,8498,5417,6405
8457,2275,3613,4080,7467,5033
8457,2275,3613,5812,4747,1814
8457,2275,3613,6548,1983,2596
8457,2275,3613,3449,4055,4111
8457,2275,3613,6239,8508,3739
8457,2275,3613,1676,7581,6163
8457,2275,3613,8115,6770,1072
8457,2275,3613,3609,5317,8804
8457,2275,3613,5462,4850,5317
8457,2275,3613,4737,2744,3993
8457,2275,3613,962,8208,3860
8457,2275,3613,9742,9285,5318
8457,2275,3613,3549,2802,4903
8457,2275,3613,2135,5309,2319
8457,2275,3613,3826,5719,8848
8457,2275,3613,136,2716,1506
8457,2275,3613,9919,8134,2426
8457,2275,3613,8740,8980,6048
8457,2275,3613,562,4342,7557
8457,2275,3613,457,980,704
8457,2275,3613,1084,2883,7947
8457,2275,3613,2742,4151,6582
8457,2275,3613,8962,6454,4547
8457,2275,3613,6881,9753,9899
8457,2275,3613,9534,2332,2284
8457,2275,3613,2522,7300,881
8457,2275,3613,4288,9225,6975
8457,2275,3613,3069,2139,5448
8457,2275,3613,5026,6100,6784
8457,2275,3613,159,18,5418
8457,2275,3613,9263,5336,1943
8457,2275,3613,7472,189,8646
8457,2275,3613,9458,526,3977
8457,2275,3613,4,4005,1168
8457,2275,3613,8467,4866,4048
8457,2275,3613,10,4685,5770
8457,2275,3613,8158,8061,694
8457,2275,3613,403,3716,2053
8457,2275,3613,8942,7564,5327
8457,2275,3613,6717,8493,8445
8457,2275,3613,3983,5798,6557
8457,2275,3613,1236,9534,2939
8457,2275,3613,6155,7295,2056
8457,2275,3613,5055,9667,9638
8457,2275,3613,9189,2862,821
8457,2275,3613,1981,7536,1983
8457,2275,3613,7739,7884,5468
8457,2275,3613,1005,4439,9365
8457,2275,3613,1431,1316,7090
8457,2275,3613,2683,610,2278
8457,2275,3613,6716,9346,8813
8457,2275,3613,2474,7857,3565
8457,2275,3613,4781,1867,7149
8457,2275,3613,6601,5720,7389
8457,2275,3613,9868,4220,9768
8457,2275,3613,7108,6934,2536
8457,2275,3613,3707,3264,6394
8457,2275,3613,7341,8943,5159
8457,2275,3613,9171,3465,6854
8457,2275,3613,9527,6363,8429
8457,2275,3613,6272,7402,6508
8457,2275,3613,4280,5549,7466
8457,2275,3613,7284,1266,1865
8457,2275,3613,4996,8706,8581
8457,2275,3613,1786,5227,5912
8457,2275,3613,4209,5442,1993
8457,2275,3613,5424,9355,625
8457,2275,3613,3628,9164,8837
8457,2275,3613,2075,1192,474
8457,2275,3613,9182,2127,5185
8457,2275,3613,4337,9817,7753
8457,2275,3613,7686,9763,9804
8457,2275,3613,131,1559,9285
8457,2275,3613,2198,8684,7758
8457,2275,3613,4791,2707,5179
8457,2275,3613,312,2463,4723
8457,2275,3613,3357,7023,4877
8457,2275,3613,7014,9667,4962
8457,2275,3613,3524,467,2495
8457,2275,3613,4481,737,8251
8457,2275,3613,5786,6695,8711
8457,2275,3613,821,2730,1141
8457,2275,3613,3949,4,3780
8457,2275,3613,9570,3308,7892
8457,2275,3613,1389,5482,5189
8457,2275,3613,7923,2188,5938
8457,2275,3613,6524,8090,5271
8457,2275,3613,591,3074,9500
8457,2275,3613,5155,5641,8777
8457,2275,3613,518,4689,2064
8457,2275,3613,5800,4818,3793
8457,2275,3613,7439,8665,3432
8457,2275,3613,6968,468,3690
8457,2275,3613,7589,5594,6114
8457,2275,3613,1319,4071,9318
8457,2275,3613,8707,8162,7993
8457,2275,3613,5547,3438,3572
8457,2275,3613,4154,6960,6905
8457,2275,3613,4936,3183,1482
8457,2275,3613,5878,8981,187
8457,2275,3613,4970,6434,9507
8457,2275,3613,9123,9142,5389
8457,2275,3613,9502,1988,6977
8457,2275,3613,9561,5045,2127
8457,2275,3613,157,3328,7999
8457,2275,3613,5714,7520,8234
8457,2275,3613,605,5228,6375
8457,2275,3613,466,5801,54
8457,2275,3613,1393,3768,7437
8457,2275,3613,3416,9818,3332
8457,2275,3613,7667,8363,2051
8457,2275,3613,3564,1894,4336
8457,2275,3613,3965,8805,141
8457,2275,3613,8535,5844,6244
8457,2275,3613,9390,2377,4621
8457,2275,3613,6650,2115,9727
8457,2275,3613,9691,4893,1027
8457,2275,3613,5970,2339,404
8457,2275,3613,2870,2368,3368
8457,2275,3613,3355,9696,2422
8457,2275,3613,6910,5380,3700
8457,2275,3613,5577,9863,6407
8457,2275,3613,3131,8870,3443
8457,2275,3613,6761,2237,5329
8457,2275,3613,5291,6794,7545
8457,2275,3613,2830,289,3919
8457,2275,3613,8723,7848,9474
8457,2275,3613,5529,3844,2789
8457,2275,3613,4049,7097,7219
8457,2275,3613,6288,2224,1680
8457,2275,3613,8979,2963,741
8457,2275,3613,5960,4897,2953
8457,2275,3613,575,7523,6781
8457,2275,3613,6436,1926,1149
8457,2275,3613,5669,2179,890
8457,2275,3613,1585,8126,1880
8457,2275,3613,9084,4696,1453
8457,2275,3613,415,3547,6137
8457,2275,3613,9444,9808,6296
8457,2275,3613,1503,3754,2832
8457,2275,3613,1701,760,7548
8457,2275,3613,7622,5616,6918
8457,2275,3613,4370,916,3114
8457,2275,3613,5804,4202,3736
8457,2275,3613,8208,1069,8114
8457,2275,3613,4960,1659,7910
8457,2275,3613,5046,3141,9616
8457,2275,3613,2901,3180,4948
8457,2275,3613,7690,942,2322
8457,2275,3613,136,2138,8278
8457,2275,3613,1144,3102,6509
8457,2275,3613,8700,4057,8170
8457,2275,3613,283,6378,7366
8457,2275,3613,9365,6191,8817
8457,2275,3613,5048,4539,3500
8457,2275,3613,3579,9622,6800
8457,2275,3613,7116,4724,4643
8457,2275,3613,9467,3313,746
8457,2275,3613,8149,3444,3248
8457,2275,3613,8912,689,1040
8457,2275,3613,6150,7795,6139
8457,2275,3613,1649,9567,6770
8457,2275,3613,8243,6523,2266
8457,2275,3613,1033,4062,8396
8457,2275,3613,2500,8437,9969
8457,2275,3613,1664,6412,3321
8457,2275,3613,4498,737,7340
8457,2275,3613,9454,3326,9031
8457,2275,3613,9588,2756,1112
8457,2275,3613,9603,9833,2677
8457,2275,3613,2762,2295,501
8457,2275,3613,7809,6239,5801
8457,2275,3613,4881,893,5555
8457,2275,3613,4426,8738,7118
8457,2275,3613,6893,6473,6376
8457,2275,3613,1026,7260,2131
8457,2275,3613,7681,1446,4176
8457,2275,3613,4770,8648,9964
8457,2275,3613,5635,1964,6733
8457,2275,3613,1873,2530,8563
8457,2275,3613,8698,4905,5902
8457,2275,3613,7671,2663,570
8457,2275,3613,2166,8424,6478
8457,2275,3613,7169,7532,7953
8457,2275,3613,3325,699,2249
8457,2275,3613,3451,2590,624
8457,2275,3613,8196,6391,1607
8457,2275,3613,7518,1416,6193
8457,2275,3613,7648,2618,7427
8457,2275,3613,125,1076,9458
8457,2275,3613,786,1978,4514
8457,2275,3613,8436,6762,8810
8457,2275,3613,4572,8777,1628
8457,2275,3613,5850,4348,7203
8457,2275,3613,745,4257,8670
8457,2275,3613,7727,8573,7526
8457,2275,3613,2942,5583,5508
8457,2275,3613,4540,9419,3379
8457,2275,3613,9020,6189,4146
8457,2275,3613,5002,7311,3898
8457,2275,3613,5887,3852,1537
8457,2275,3613,7760,3215,4656
8457,2275,3613,3183,4108,9099
8457,2275,3613,9926,2381,5427
8457,2275,3613,474,9345,9334
8457,2275,3613,7466,3534,7713
8457,2275,3613,9907,5169,751
8457,2275,3613,8523,1342,9856
8457,2275,3613,3925,2442,7720
8457,2275,3613,5861,2741,3358
8457,2275,3613,3226,2420,6379
8457,2275,3613,4710,6239,833
8457,2275,3613,7154,3497,6038
8457,2275,3613,4594,2295,9804
8457,2275,3613,3852,5281,6764
8457,2275,3613,9228,9625,2501
8457,2275,3613,4609,9627,3686
8457,2275,3613,3621,4209,4040
8457,2275,3613,4047,2261,5032
8457,2275,3613,149,8289,1435
8457,2275,3613,7276,4409,1563
8457,2275,3613,831,3687,6469
8457,2275,3613,4578,8281,7714
8457,2275,3613,8416,9293,3727
8457,2275,3613,6475,1921,3744
8457,2275,3613,2630,1690,9169
8457,2275,3613,5914,4519,691
8457,2275,3613,1415,2906,7449
8457,2275,3613,3334,7290,9044
8457,2275,3613,7528,4100,2521
8457,2275,3613,7722,913,8878
8457,2275,3613,4623,4675,4984
8457,2275,3613,2481,6212,7144
8457,2275,3613,389,3848,8687
8457,2275,3613,9217,965,9071
8457,2275,3613,686,5649,8329
8457,2275,3613,1006,4708,5080
8457,2275,3613,5487,9403,364
8457,2275,3613,1436,1182,3328
8457,2275,3613,4924,9314,3676
8457,2275,3613,1603,6450,6902
8457,2275,3613,2041,6577,5730
8457,2275,3613,6914,5907,7269
8457,2275,3613,8235,4175,6879
8457,2275,3613,2398,7478,9378
8457,2275,3613,2190,7422,9456
8457,2275,3613,2426,5943,4218
8457,2275,3613,7850,3439,408
8457,2275,3613,6298,623,6970
8457,2275,3613,8185,8300,8273
8457,2275,3613,4583,9879,5800
8457,2275,3613,3472,7225,5264
8457,2275,3613,3656,4456,9831
8457,2275,3613,2522,1838,1124
8457,2275,3613,8070,9032,9234
8457,2275,3613,1830,3697,2040
8457,2275,3613,5619,2024,3047
8457,2275,3613,1370,228,2845
8457,2275,3613,2444,968,8364
8457,2275,3613,482,4953,982
8457,2275,3613,5998,5069,1486
8457,2275,3613,4997,6853,692
8457,2275,3613,4118,5550,3640
8457,2275,3613,8498,8067,8725
8457,2275,3613,334,5870,597
8457,2275,3613,527,2957,7349
8457,2275,3613,5290,940,2370
8457,2275,3613,7129,9516,3464
8457,2275,3613,3351,37,4455
8457,2275,3613,8832,1570,7894
8457,2275,3613,2298,285,3700
8457,2275,3613,3705,1842,1874
8457,2275,3613,8722,5465,9216
8457,2275,3613,270,6043,3483
8457,2275,3613,7939,9783,2551
8457,2275,3613,791,7410,8494
8457,2275,3613,8354,5870,9057
8457,2275,3613,6988,2001,1788
8457,2275,3613,4012,1178,5259
8457,2275,3613,7644,598,4995
8457,2275,3613,4689,1146,9933
8457,2275,3613,5470,4324,1713
8457,2275,3613,4658,963,838
8457,2275,3613,173,1090,1928
8457,2275,3613,4198,2641,4549
8457,2275,3613,8507,5467,7791
8457,2275,3613,485,7586,2406
8457,2275,3613,5693,7607,1744
8457,2275,3613,6785,5493,5042
8457,2275,3613,6815,8383,527
8457,2275,3613,5454,3680,9309
8457,2275,3613,9147,4050,6687
8457,2275,3613,162,1885,1629
8457,2275,3613,6758,3220,8912
8457,2275,3613,8670,4213,5005
8457,2275,3613,4231,2383,3183
8457,2275,3613,77,5140,7869
8457,2275,3613,2409,8979,2332
8457,2275,3613,3380,5200,2096
8457,2275,3613,1863,5677,8248
8457,2275,3613,7394,2295,5992
8457,2275,3613,9547,8864,3324
8457,2275,3613,504,9020,7922
8457,2275,3613,8592,1773,3569
8457,2275,3613,1370,7488,8886
8457,2275,3613,8572,761,6275
8457,2275,3613,5802,7433,5541
8457,2275,3613,7266,268,1598
8457,2275,3613,2820,2121,9497
8457,2275,3613,2490,6426,375
8457,2275,3613,1377,1850,5383
8457,2275,3613,4673,8421,7582
8457,2275,3613,9756,5917,3596
8457,2275,3613,3375,3835,3892
8457,2275,3613,9844,2446,1099
8457,2275,3613,8568,4866,1172
8457,2275,3613,1834,920,1939
8457,2275,3613,5070,787,3235
8457,2275,3613,1718,5639,6561
8457,2275,3613,663,7887,9775
8457,2275,3613,7471,4469,2846
8457,2275,3613,7347,8413,1294
8457,2275,3613,4962,622,9903
8457,2275,3613,2030,2324,1872
8457,2275,3613,6549,3567,4656
8457,2275,3613,1540,4489,150
8457,2275,3613,2656,7647,1408
8457,2275,3613,5326,9971,1499
8457,2275,3613,6966,6838,1404
8457,2275,3613,8003,8107,6283
8457,2275,3613,6434,508,8750
8457,2275,3613,1594,9560,6897
8457,2275,3613,2308,9549,2856
8457,2275,3613,8474,6935,6996
8457,2275,3613,3463,9950,9009
8457,2275,3613,2136,428,3799
8457,2275,3613,7944,3778,6338
8457,2275,3613,9580,5397,7561
8457,2275,3613,627,5496,7062
8457,2275,3613,9691,7111,9446
8457,2275,3613,6706,7244,4190
8457,2275,3613,2536,9855,2084
8457,2275,3613,9689,1781,7832
8457,2275,3613,8210,3294,4659
8457,2275,3613,296,3198,748
8457,2275,3613,2694,271,8892
8457,2275,3613,3409,7037,16
8457,2275,3613,9320,8438,7717
8457,2275,3613,6878,6870,9926
8457,2275,3613,9691,4485,9174
8457,2275,3613,7176,5912,494
8457,2275,3613,7505,2365,2831
8457,2275,3613,5076,9976,9321
8457,2275,3613,5483,546,2055
8457,2275,3613,8265,6927,46
8457,2275,3613,1902,9805,1707
8457,2275,3613,9845,460,5841
8457,2275,3613,5926,8366,3804
8457,2275,3613,4123,2305,1081
8457,2275,3613,1121,8824,6330
8457,2275,3613,8542,9681,8880
8457,2275,3613,7436,9190,7022
8457,2275,3613,154,7666,5942
8457,2275,3613,9409,9460,4086
8457,2275,3613,4150,2256,8403
8457,2275,3613,9998,9268,9155
8457,2275,3613,1625,210,1958
8457,2275,3613,6831,6583,1759
8457,2275,3613,1895,9274,8540
8457,2275,3613,5836,3825,7531
8457,2275,3613,3278,82,8876
