8457,2275,3613,8311,6458,8700
8457,2275,3613,8062,1464,6583
8457,2275,3613,4571,1705,9620
8457,2275,3613,3632,8188,4292
8457,2275,3613,6689,4564,4034
8457,2275,3613,4312,9591,2057
8457,2275,3613,9542,6919,5905
8457,2275,3613,2097,9992,8740
8457,2275,3613,3311,2103,9996
8457,2275,3613,3498,8747,5767
8457,2275,3613,5949,5019,9834
8457,2275,3613,7404,5943,6784
8457,2275,3613,2920,8533,8297
8457,2275,3613,8561,2506,3433
8457,2275,3613,1615,6207,3946
8457,2275,3613,1618,1443,9181
8457,2275,3613,5233,4425,3091
8457,2275,3613,6971,9868,6353
8457,2275,3613,6554,4892,2741
8457,2275,3613,2318,5159,7395
8457,2275,3613,9266,4853,9508
8457,2275,3613,3168,6720,411
8457,2275,3613,2449,7423,1800
8457,2275,3613,9810,1204,3246
8457,2275,3613,1469,725,9037
8457,2275,3613,3090,9996,8979
8457,2275,3613,8163,3788,2689
8457,2275,3613,4087,4560,2951
8457,2275,3613,2721,7106,4891
8457,2275,3613,6771,8738,4272
8457,2275,3613,4338,7223,2535
8457,2275,3613,5694,9125,4663
8457,2275,3613,970,9572,644
8457,2275,3613,82,8926,2017
8457,2275,3613,9691,7370,3914
8457,2275,3613,5472,348,2379
8457,2275,3613,9931,9028,486
8457,2275,3613,1922,2543,5070
8457,2275,3613,7209,9263,3463
8457,2275,3613,5636,7611,2441
8457,2275,3613,9755,5580,4815
8457,2275,3613,1879,3333,1329
8457,2275,3613,825,5431,3459
8457,2275,3613,7286,1292,3329
8457,2275,3613,991,9721,2904
8457,2275,3613,2129,2531,4533
8457,2275,3613,3488,7173,1438
8457,2275,3613,1217,7486,217
8457,2275,3613,4953,1969,6869
8457,2275,3613,4579,1893,6177
8457,2275,3613,5319,8363,6118
8457,2275,3613,7639,8725,4569
8457,2275,3613,1225,5242,1234
8457,2275,3613,72,6976,5254
8457,2275,3613,200,4434,3423
8457,2275,3613,2138,870,6398
8457,2275,3613,3508,3448,2609
8457,2275,3613,2794,6518,4090
8457,2275,3613,5062,9204,1182
8457,2275,3613,8825,5590,3360
8457,2275,3613,7489,3338,3706
8457,2275,3613,2454,5680,6522
8457,2275,3613,7266,4667,781
8457,2275,3613,8672,5379,4643
8457,2275,3613,7166,7407,527
8457,2275,3613,2944,6691,4920
8457,2275,3613,4705,1232,3282
8457,2275,3613,3684,3561,8836
8457,2275,3613,5425,4917,9494
8457,2275,3613,6437,5376,6393
8457,2275,3613,5388,6069,1923
8457,2275,3613,6540,4572,3548
8457,2275,3613,6898,6266,1604
8457,2275,3613,8552,7721,1973
8457,2275,3613,7182,9038,2820
8457,2275,3613,118,1321,9390
8457,2275,3613,6237,6149,5042
8457,2275,3613,436,431,5190
8457,2275,3613,848,41,3781
8457,2275,3613,3269,9028,9700
8457,2275,3613,9164,9018,1427
8457,2275,3613,3614,2721,9747
8457,2275,3613,129,8153,9392
8457,2275,3613,6077,9249,1613
8457,2275,3613,8979,2836,2495
8457,2275,3613,6090,9743,1133
8457,2275,3613,9222,839,3719
8457,2275,3613,275,7162,1349
8457,2275,3613,1511,1175,1094
8457,2275,3613,2967,1905,6803
8457,2275,3613,4965,3355,1901
8457,2275,3613,7747,4225,9400
8457,2275,3613,4077,7120,8798
8457,2275,3613,8204,4583,6697
8457,2275,3613,6033,3558,3305
8457,2275,3613,1200,5124,1647
8457,2275,3613,7488,873,9918
8457,2275,3613,1305,2941,1962
8457,2275,3613,2972,1119,5256
8457,2275,3613,7132,4467,6084
8457,2275,3613,4076,980,7269
8457,2275,3613,6937,9428,5213
8457,2275,3613,5605,4247,3135
8457,2275,3613,8002,752,5835
8457,2275,3613,5482,674,4938
8457,2275,3613,6256,1183,235
8457,2275,3613,7253,1361,8315
8457,2275,3613,6266,7079,8999
8457,2275,3613,3858,1095,5362
8457,2275,3613,5651,7489,1768
8457,2275,3613,4768,2910,5707
8457,2275,3613,6405,1314,5808
8457,2275,3613,2761,5665,5830
8457,2275,3613,4896,8032,1632
8457,2275,3613,3089,2673,5464
8457,2275,3613,6131,9165,6741
8457,2275,3613,2043,4326,8547
8457,2275,3613,8155,6847,5603
8457,2275,3613,1047,3034,5584
8457,2275,3613,8786,6170,790
8457,2275,3613,7934,9253,6681
8457,2275,3613,4580,9069,6844
8457,2275,3613,3199,9451,4250
8457,2275,3613,6776,4786,1842
8457,2275,3613,2475,5514,6910
8457,2275,3613,2902,6991,9027
8457,2275,3613,9877,4140,790
8457,2275,3613,3603,6425,9151
8457,2275,3613,4404,5906,9611
8457,2275,3613,6995,5326,2379
8457,2275,3613,5171,5116,2830
8457,2275,3613,4164,7885,2185
8457,2275,3613,5856,8399,2662
8457,2275,3613,2120,7183,5519
8457,2275,3613,9720,472,8573
8457,2275,3613,1062,3727,7334
8457,2275,3613,7160,8915,4957
8457,2275,3613,665,5950,2541
8457,2275,3613,6076,9462,4823
8457,2275,3613,7012,5004,567
8457,2275,3613,5232,8222,7275
8457,2275,3613,1438,5429,8025
8457,2275,3613,5371,6906,748
8457,2275,3613,2315,8380,3280
8457,2275,3613,3636,6896,3513
8457,2275,3613,5354,1867,7505
8457,2275,3613,7321,1248,3489
8457,2275,3613,1839,1074,849
8457,2275,3613,2809,1864,2735
8457,2275,3613,6805,1711,2480
8457,2275,3613,2996,6171,563
8457,2275,3613,4219,6421,4217
8457,2275,3613,5522,6104,935
8457,2275,3613,2652,7211,9222
8457,2275,3613,3033,3353,2554
8457,2275,3613,5662,5490,3206
8457,2275,3613,2471,9843,7363
8457,2275,3613,8918,8406,2696
8457,2275,3613,3809,8087,9252
8457,2275,3613,7464,8015,6214
8457,2275,3613,726,5059,2808
8457,2275,3613,9061,8231,6129
8457,2275,3613,5248,6267,8732
8457,2275,3613,7963,1966,7565
8457,2275,3613,8599,243,5849
8457,2275,3613,907,8505,3053
8457,2275,3613,6768,6588,8405
8457,2275,3613,6121,2510,831
8457,2275,3613,717,907,1880
8457,2275,3613,783,2276,1836
8457,2275,3613,942,5581,1910
8457,2275,3613,63,192,6726
8457,2275,3613,8802,6590,1454
8457,2275,3613,7573,2168,2080
8457,2275,3613,6000,3143,1793
8457,2275,3613,2792,893,2718
8457,2275,3613,6071,8672,608
8457,2275,3613,875,7192,8483
8457,2275,3613,7726,6223,6089
8457,2275,3613,9383,4038,7975
8457,2275,3613,9083,7929,6296
8457,2275,3613,4823,1654,58
8457,2275,3613,5674,6380,5365
8457,2275,3613,8180,227,7697
8457,2275,3613,1424,5802,5681
8457,2275,3613,7119,1545,278
8457,2275,3613,4993,652,1386
8457,2275,3613,7667,2991,4387
8457,2275,3613,6138,590,7823
8457,2275,3613,761,683,8673
8457,2275,3613,3297,3176,8039
8457,2275,3613,108,9795,6659
8457,2275,3613,7966,3942,8089
8457,2275,3613,9585,8301,2444
8457,2275,3613,7382,1962,3157
8457,2275,3613,7501,3765,3958
8457,2275,3613,573,5913,4647
8457,2275,3613,6040,9595,1692
8457,2275,3613,44,5843,6832
8457,2275,3613,3131,3871,7371
8457,2275,3613,1941,1153,2747
8457,2275,3613,6915,3139,4009
8457,2275,3613,6274,7782,5355
8457,2275,3613,8696,9274,3589
8457,2275,3613,5822,8345,7781
8457,2275,3613,2019,78,1903
8457,2275,3613,7928,3139,667
8457,2275,3613,7496,9333,7627
8457,2275,3613,9460,8416,1400
8457,2275,3613,6329,5886,4330
8457,2275,3613,432,1935,5757
8457,2275,3613,1785,3319,2892
8457,2275,3613,9150,279,7965
8457,2275,3613,4090,7631,5242
8457,2275,3613,9157,108,9068
8457,2275,3613,4812,6634,5571
8457,2275,3613,5848,5181,1312
8457,2275,3613,8872,2493,8447
8457,2275,3613,8110,4562,366
8457,2275,3613,7525,682,7524
8457,2275,3613,5295,209,6739
8457,2275,3613,6737,2953,476
8457,2275,3613,6076,670,3753
8457,2275,3613,6110,3583,625
8457,2275,3613,4640,9427,7675
8457,2275,3613,8353,6493,6751
8457,2275,3613,1458,9708,9436
8457,2275,3613,7811,4255,5146
8457,2275,3613,2372,9820,8307
8457,2275,3613,7591,5399,6872
8457,2275,3613,4869,3057,8245
8457,2275,3613,8190,6534,2296
8457,2275,3613,9998,4045,9183
8457,2275,3613,3060,4986,3909
8457,2275,3613,762,2041,7986
8457,2275,3613,8181,8467,3348
8457,2275,3613,2798,4352,448
8457,2275,3613,9861,957,8281
8457,2275,3613,4681,5459,8556
8457,2275,3613,7488,751,7419
8457,2275,3613,2486,6484,4326
8457,2275,3613,4257,2087,3966
8457,2275,3613,4024,6670,7932
8457,2275,3613,8137,4525,1119
8457,2275,3613,2161,3446,9309
8457,2275,3613,3468,3926,6198
8457,2275,3613,5579,957,1476
8457,2275,3613,9097,5823,9137
8457,2275,3613,1875,8881,7828
8457,2275,3613,2473,4478,8942
8457,2275,3613,4912,210,4868
8457,2275,3613,1914,4933,1993
8457,2275,3613,2456,2017,651
8457,2275,3613,5298,8786,4415
8457,2275,3613,4682,2774,8550
8457,2275,3613,5449,9158,5436
8457,2275,3613,3393,1323,9002
8457,2275,3613,2211,3280,4146
8457,2275,3613,6039,5429,4521
8457,2275,3613,4785,4341,2358
8457,2275,3613,8547,3378,9505
8457,2275,3613,1346,5318,581
8457,2275,3613,6577,7788,7785
8457,2275,3613,6652,5804,4284
8457,2275,3613,204,4476,8753
8457,2275,3613,9047,282,8678
8457,2275,3613,8863,3504,5656
8457,2275,3613,2619,6440,5709
8457,2275,3613,157,2503,8070
8457,2275,3613,1062,3528,615
8457,2275,3613,140,9061,8176
8457,2275,3613,6816,5181,8457
8457,2275,3613,7224,5270,4817
8457,2275,3613,5051,7116,4818
8457,2275,3613,6209,5020,2
8457,2275,3613,4429,7966,1746
8457,2275,3613,2121,1971,9870
8457,2275,3613,1659,7740,6055
8457,2275,3613,3929,9335,7565
8457,2275,3613,9560,3458,9427
8457,2275,3613,6588,8139,65
8457,2275,3613,9734,9581,3729
8457,2275,3613,6991,3015,7278
8457,2275,3613,2003,6463,5279
8457,2275,3613,5375,4847,9255
8457,2275,3613,2236,802,8648
8457,2275,3613,5040,931,4049
8457,2275,3613,5169,533,4242
8457,2275,3613,3459,1509,7001
8457,2275,3613,6806,9010,4781
8457,2275,3613,9829,330,7122
8457,2275,3613,5755,40,3618
8457,2275,3613,1804,5068,8130
8457,2275,3613,6314,5313,1547
8457,2275,3613,5380,5731,1348
8457,2275,3613,9407,1463,167
8457,2275,3613,3812,3904,7634
8457,2275,3613,8149,1501,9325
8457,2275,3613,4547,3504,6848
8457,2275,3613,3372,5293,7555
8457,2275,3613,835,728,9396
8457,2275,3613,1557,6559,9421
8457,2275,3613,1947,1003,5131
8457,2275,3613,9290,9945,2119
8457,2275,3613,9777,6360,843
8457,2275,3613,8261,186,4098
8457,2275,3613,7665,3216,2392
8457,2275,3613,4028,9865,2965
8457,2275,3613,5041,3919,2350
8457,2275,3613,8148,8720,8
8457,2275,3613,7713,7430,5219
8457,2275,3613,4742,6484,9132
8457,2275,3613,1481,5066,5657
8457,2275,3613,9964,1876,1917
8457,2275,3613,7536,6961,1712
8457,2275,3613,5786,7200,3446
8457,2275,3613,6447,7028,6689
8457,2275,3613,416,8298,4963
8457,2275,3613,7140,3122,726
8457,2275,3613,5240,4015,1805
8457,2275,3613,6258,59,6432
8457,2275,3613,1636,4190,4724
8457,2275,3613,8493,268,2817
8457,2275,3613,286,9725,3160
8457,2275,3613,191,3803,4064
8457,2275,3613,9250,6544,2089
8457,2275,3613,8510,4493,4609
8457,2275,3613,7548,9620,6269
8457,2275,3613,3385,2214,3064
8457,2275,3613,5536,6116,3125
8457,2275,3613,4803,4660,1429
8457,2275,3613,7897,3896,2534
8457,2275,3613,9708,9455,4807
8457,2275,3613,5325,3148,1058
8457,2275,3613,1125,5959,1319
8457,2275,3613,4679,1738,3866
8457,2275,3613,8676,404,985
8457,2275,3613,766,7191,8919
8457,2275,3613,3493,265,8021
8457,2275,3613,5735,8883,9844
8457,2275,3613,2929,4270,4369
8457,2275,3613,7459,7023,5622
8457,2275,3613,7290,8884,6129
8457,2275,3613,5738,2681,3218
8457,2275,3613,6055,8523,416
8457,2275,3613,4320,8001,1885
8457,2275,3613,4734,4519,2037
8457,2275,3613,4937,3651,8141
8457,2275,3613,6800,7191,5699
8457,2275,3613,3580,4173,9375
8457,2275,3613,1472,628,9668
8457,2275,3613,2815,6,6213
8457,2275,3613,9065,5300,615
8457,2275,3613,1022,2767,1959
8457,2275,3613,6449,3687,6026
8457,2275,3613,1074,7299,757
8457,2275,3613,352,2231,8803
8457,2275,3613,9106,8542,2602
8457,2275,3613,2754,9762,5793
8457,2275,3613,8332,1068,4444
8457,2275,3613,4119,4234,7389
8457,2275,3613,3569,8437,4269
8457,2275,3613,7845,1745,7947
8457,2275,3613,475,7765,7493
8457,2275,3613,6960,9546,5882
8457,2275,3613,9001,6597,840
8457,2275,3613,9957,9298,7512
8457,2275,3613,1184,8496,8824
8457,2275,3613,8460,3982,5203
8457,2275,3613,8251,6628,6961
8457,2275,3613,7813,8819,1387
8457,2275,3613,9028,1943,9688
8457,2275,3613,8792,1022,3492
8457,2275,3613,2866,8371,8417
8457,2275,3613,461,839,470
8457,2275,3613,5438,5708,3008
8457,2275,3613,1776,7620,6451
8457,2275,3613,5754,1348,8734
8457,2275,3613,6466,3236,1665
8457,2275,3613,1449,1144,1541
8457,2275,3613,4148,7933,3990
8457,2275,3613,3783,5165,9754
8457,2275,3613,1093,9486,5486
8457,2275,3613,6877,7681,4974
8457,2275,3613,9083,3021,2091
8457,2275,3613,3779,5034,315
8457,2275,3613,9963,2076,5427
8457,2275,3613,738,9602,8381
8457,2275,3613,4574,4720,8231
8457,2275,3613,8004,4314,569
8457,2275,3613,1542,1235,4236
8457,2275,3613,9532,4680,825
8457,2275,3613,8303,4210,7287
8457,2275,3613,3032,8927,727
8457,2275,3613,5382,636,2222
8457,2275,3613,8444,1803,2374
8457,2275,3613,9367,4308,9652
8457,2275,3613,9351,2843,4841
8457,2275,3613,1765,9525,7693
8457,2275,3613,1640,3622,3469
8457,2275,3613,5608,4070,1374
8457,2275,3613,5978,4399,9519
8457,2275,3613,3224,9686,2808
8457,2275,3613,3658,4590,9654
8457,2275,3613,1701,9540,1292
8457,2275,3613,6952,9507,1223
8457,2275,3613,5568,1750,6398
8457,2275,3613,9531,2815,4638
8457,2275,3613,4895,2517,9865
8457,2275,3613,4126,6023,9660
8457,2275,3613,1246,8562,6961
8457,2275,3613,7720,9977,7044
8457,2275,3613,6128,4940,6696
8457,2275,3613,6418,8159,7964
8457,2275,3613,4830,3554,4560
8457,2275,3613,3726,6638,3821
8457,2275,3613,190,8533,3195
8457,2275,3613,5566,2748,400
8457,2275,3613,340,5744,6236
8457,2275,3613,6550,4343,1376
8457,2275,3613,3113,954,2866
8457,2275,3613,453,5368,426
8457,2275,3613,5938,7874,7016
8457,2275,3613,5872,6226,6616
8457,2275,3613,9250,2787,9193
8457,2275,3613,6114,3878,8289
8457,2275,3613,7442,4395,6646
8457,2275,3613,614,9871,1273
8457,2275,3613,6574,8334,2013
8457,2275,3613,7876,2046,1155
8457,2275,3613,2469,7833,3160
8457,2275,3613,3039,7847,609
8457,2275,3613,1028,6760,217
8457,2275,3613,8264,9271,8609
8457,2275,3613,1556,8251,6873
8457,2275,3613,5354,8976,4900
8457,2275,3613,3169,8797,2544
8457,2275,3613,6712,9861,1489
8457,2275,3613,5006,2368,1967
8457,2275,3613,4209,486,6374
8457,2275,3613,5325,7163,390
8457,2275,3613,1533,6864,8176
8457,2275,3613,2918,4148,7029
8457,2275,3613,7491,4100,61
8457,2275,3613,3370,6025,6430
8457,2275,3613,5348,8421,3630
8457,2275,3613,2879,3662,394
8457,2275,3613,4227,9264,5866
8457,2275,3613,3619,6015,1008
8457,2275,3613,6710,6039,1994
8457,2275,3613,5191,7510,5943
8457,2275,3613,9706,898,4034
8457,2275,3613,5705,8244,2796
8457,2275,3613,5881,4349,1194
8457,2275,3613,484,6439,5959
8457,2275,3613,3066,64,5603
8457,2275,3613,9451,6257,988
8457,2275,3613,3947,3941,28
8457,2275,3613,4493,2537,2935
8457,2275,3613,2266,8289,9397
8457,2275,3613,2842,4442,2301
8457,2275,3613,5054,8089,2024
8457,2275,3613,8079,1301,7802
8457,2275,3613,9228,9931,8295
8457,2275,3613,8929,2801,290
8457,2275,3613,7267,8282,5886
8457,2275,3613,4869,5596,6845
8457,2275,3613,8033,8839,1722
8457,2275,3613,7616,9405,5893
8457,2275,3613,3645,4391,4005
8457,2275,3613,1257,1703,2936
8457,2275,3613,3474,319,5991
8457,2275,3613,9771,7159,332
8457,2275,3613,354,5415,9786
8457,2275,3613,2663,1900,7596
8457,2275,3613,8878,4366,7786
8457,2275,3613,9145,2874,5134
8457,2275,3613,8864,3919,765
8457,2275,3613,321,9137,9707
8457,2275,3613,9157,6850,7480
8457,2275,3613,2097,7971,4103
8457,2275,3613,253,6835,9124
8457,2275,3613,58,8482,7971
8457,2275,3613,6050,6247,6932
8457,2275,3613,5116,6493,4674
8457,2275,3613,6440,59,5259
8457,2275,3613,1587,2590,3813
8457,2275,3613,9334,9516,5886
8457,2275,3613,9274,6145,6354
8457,2275,3613,8061,1364,9126
8457,2275,3613,7800,5284,5575
8457,2275,3613,4496,9411,5508
8457,2275,3613,7335,8830,9466
8457,2275,3613,3574,8306,8
8457,2275,3613,5611,9985,9894
8457,2275,3613,1798,9598,8781
8457,2275,3613,7916,7100,300
8457,2275,3613,9373,1751,2968
8457,2275,3613,8816,3696,45
8457,2275,3613,8591,8870,9560
8457,2275,3613,3349,8647,7511
8457,2275,3613,6234,6180,4814
8457,2275,3613,6852,8313,8679
8457,2275,3613,8537,6352,1324
8457,2275,3613,7382,7427,8669
8457,2275,3613,5032,2260,5128
8457,2275,3613,8012,6268,7558
8457,2275,3613,8826,277,5832
8457,2275,3613,2747,1936,6756
8457,2275,3613,9566,4009,4437
