7215,8070,1660,4241,4119,7970
7215,8070,1660,7526,6208,1161
7215,8070,1660,7823,8133,8346
7215,8070,1660,3671,521,6106
7215,8070,1660,7982,105,8093
7215,8070,1660,227,4655,9707
7215,8070,1660,4241,9158,5293
7215,8070,1660,7618,546,548
7215,8070,1660,6548,8754,1054
7215,8070,1660,9564,9886,8727
7215,8070,1660,4530,1802,4047
7215,8070,1660,9603,1533,7388
7215,8070,1660,5647,2516,6800
7215,8070,1660,6207,7677,4656
7215,8070,1660,9484,7938,9173
7215,8070,1660,411,9107,6998
7215,8070,1660,4972,3800,6639
7215,8070,1660,5736,705,5274
7215,8070,1660,7921,7445,4810
7215,8070,1660,805,7894,9837
7215,8070,1660,4207,4657,8452
7215,8070,1660,2639,3503,8788
7215,8070,1660,6063,2793,5923
7215,8070,1660,659,6631,2404
7215,8070,1660,621,3845,2209
7215,8070,1660,4905,6568,4839
7215,8070,1660,5719,6754,2877
7215,8070,1660,5462,273,9643
7215,8070,1660,863,7911,7886
7215,8070,1660,2028,2350,8657
7215,8070,1660,5088,8332,5537
7215,8070,1660,1003,8541,2656
7215,8070,1660,519,8214,450
7215,8070,1660,5164,7747,9213
7215,8070,1660,5453,6917,8244
7215,8070,1660,5537,1618,7554
7215,8070,1660,7847,7432,818
7215,8070,1660,6441,1208,8820
7215,8070,1660,6135,8625,4944
7215,8070,1660,2530,2812,4902
7215,8070,1660,7356,3126,2777
7215,8070,1660,7228,2589,1839
7215,8070,1660,9576,2191,8102
7215,8070,1660,1984,5512,426
7215,8070,1660,4786,4258,7318
7215,8070,1660,7400,9001,7656
7215,8070,1660,9361,3622,3999
7215,8070,1660,9192,5015,2133
7215,8070,1660,8045,132,4168
7215,8070,1660,1098,4787,2240
7215,8070,1660,1770,2799,921
7215,8070,1660,1777,613,8992
7215,8070,1660,1075,7154,282
7215,8070,1660,9714,281,6312
7215,8070,1660,2304,7664,9945
7215,8070,1660,5042,8944,6168
7215,8070,1660,4799,3399,7474
7215,8070,1660,732,947,1701
7215,8070,1660,7028,736,7601
7215,8070,1660,206,7186,1627
7215,8070,1660,6152,2993,4727
7215,8070,1660,1525,7432,8435
7215,8070,1660,8837,6824,7519
7215,8070,1660,7599,4223,8320
7215,8070,1660,6435,9796,6073
7215,8070,1660,7882,5746,264
7215,8070,1660,4713,1506,9080
7215,8070,1660,1845,3038,6234
7215,8070,1660,7555,1627,3236
7215,8070,1660,3919,2133,1649
7215,8070,1660,8992,778,8352
7215,8070,1660,7458,7090,6991
7215,8070,1660,3938,6147,5278
7215,8070,1660,4362,1290,7942
7215,8070,1660,2154,2479,5222
7215,8070,1660,7348,4581,7889
7215,8070,1660,9532,16,1114
7215,8070,1660,5189,2709,2971
7215,8070,1660,9516,4511,1233
7215,8070,1660,8486,838,8732
7215,8070,1660,980,6216,4130
7215,8070,1660,3530,6737,5299
7215,8070,1660,7133,6461,3764
7215,8070,1660,7781,1661,5494
7215,8070,1660,116,3659,1221
7215,8070,1660,3306,3678,2801
7215,8070,1660,6961,3216,7378
7215,8070,1660,3009,7271,3611
7215,8070,1660,3779,5660,3257
7215,8070,1660,2812,2111,5451
7215,8070,1660,3401,6148,9545
7215,8070,1660,1290,8330,3431
7215,8070,1660,2182,2444,2409
7215,8070,1660,3581,7737,840
7215,8070,1660,3679,7167,7044
7215,8070,1660,1909,3465,3290
7215,8070,1660,2681,7892,9898
7215,8070,1660,7232,5769,7877
7215,8070,1660,316,8866,7944
7215,8070,1660,9331,2370,1030
7215,8070,1660,4798,2055,8939
7215,8070,1660,5998,797,5386
7215,8070,1660,8405,1780,3722
7215,8070,1660,584,6380,2251
7215,8070,1660,2098,8046,5755
7215,8070,1660,8866,2250,6449
7215,8070,1660,7341,3581,811
7215,8070,1660,8567,2172,2814
7215,8070,1660,9044,7029,4694
7215,8070,1660,3723,1297,2868
7215,8070,1660,8311,6458,8700
7215,8070,1660,8062,1464,6583
7215,8070,1660,4571,1705,9620
7215,8070,1660,3632,8188,4292
7215,8070,1660,6689,4564,4034
7215,8070,1660,4312,9591,2057
7215,8070,1660,9542,6919,5905
7215,8070,1660,2097,9992,8740
7215,8070,1660,3311,2103,9996
7215,8070,1660,3498,8747,5767
7215,8070,1660,5949,5019,9834
7215,8070,1660,7404,5943,6784
7215,8070,1660,2920,8533,8297
7215,8070,1660,8561,2506,3433
7215,8070,1660,1615,6207,3946
7215,8070,1660,1618,1443,9181
7215,8070,1660,5233,4425,3091
7215,8070,1660,6971,9868,6353
7215,8070,1660,6554,4892,2741
7215,8070,1660,2318,5159,7395
7215,8070,1660,9266,4853,9508
7215,8070,1660,3168,6720,411
7215,8070,1660,2449,7423,1800
7215,8070,1660,9810,1204,3246
7215,8070,1660,1469,725,9037
7215,8070,1660,3090,9996,8979
7215,8070,1660,8163,3788,2689
7215,8070,1660,4087,4560,2951
7215,8070,1660,2721,7106,4891
7215,8070,1660,6771,8738,4272
7215,8070,1660,4338,7223,2535
7215,8070,1660,5694,9125,4663
7215,8070,1660,970,9572,644
7215,8070,1660,82,8926,2017
7215,8070,1660,9691,7370,3914
7215,8070,1660,5472,348,2379
7215,8070,1660,9931,9028,486
7215,8070,1660,1922,2543,5070
7215,8070,1660,7209,9263,3463
7215,8070,1660,5636,7611,2441
7215,8070,1660,9755,5580,4815
7215,8070,1660,1879,3333,1329
7215,8070,1660,825,5431,3459
7215,8070,1660,7286,1292,3329
7215,8070,1660,991,9721,2904
7215,8070,1660,2129,2531,4533
7215,8070,1660,3488,7173,1438
7215,8070,1660,1217,7486,217
7215,8070,1660,4953,1969,6869
7215,8070,1660,4579,1893,6177
7215,8070,1660,5319,8363,6118
7215,8070,1660,7639,8725,4569
7215,8070,1660,1225,5242,1234
7215,8070,1660,72,6976,5254
7215,8070,1660,200,4434,3423
7215,8070,1660,2138,870,6398
7215,8070,1660,3508,3448,2609
7215,8070,1660,2794,6518,4090
7215,8070,1660,5062,9204,1182
7215,8070,1660,8825,5590,3360
7215,8070,1660,7489,3338,3706
7215,8070,1660,2454,5680,6522
7215,8070,1660,7266,4667,781
7215,8070,1660,8672,5379,4643
7215,8070,1660,7166,7407,527
7215,8070,1660,2944,6691,4920
7215,8070,1660,4705,1232,3282
7215,8070,1660,3684,3561,8836
7215,8070,1660,5425,4917,9494
7215,8070,1660,6437,5376,6393
7215,8070,1660,5388,6069,1923
7215,8070,1660,6540,4572,3548
7215,8070,1660,6898,6266,1604
7215,8070,1660,8552,7721,1973
7215,8070,1660,7182,9038,2820
7215,8070,1660,118,1321,9390
7215,8070,1660,6237,6149,5042
7215,8070,1660,436,431,5190
7215,8070,1660,848,41,3781
7215,8070,1660,3269,9028,9700
7215,8070,1660,9164,9018,1427
7215,8070,1660,3614,2721,9747
7215,8070,1660,129,8153,9392
7215,8070,1660,6077,9249,1613
7215,8070,1660,8979,2836,2495
7215,8070,1660,6090,9743,1133
7215,8070,1660,9222,839,3719
7215,8070,1660,275,7162,1349
7215,8070,1660,1511,1175,1094
7215,8070,1660,2967,1905,6803
7215,8070,1660,4965,3355,1901
7215,8070,1660,7747,4225,9400
7215,8070,1660,4077,7120,8798
7215,8070,1660,8204,4583,6697
7215,8070,1660,6033,3558,3305
7215,8070,1660,1200,5124,1647
7215,8070,1660,7488,873,9918
7215,8070,1660,1305,2941,1962
7215,8070,1660,2972,1119,5256
7215,8070,1660,7132,4467,6084
7215,8070,1660,4076,980,7269
7215,8070,1660,6937,9428,5213
7215,8070,1660,5605,4247,3135
7215,8070,1660,8002,752,5835
7215,8070,1660,5482,674,4938
7215,8070,1660,6256,1183,235
7215,8070,1660,7253,1361,8315
7215,8070,1660,6266,7079,8999
7215,8070,1660,3858,1095,5362
7215,8070,1660,5651,7489,1768
7215,8070,1660,4768,2910,5707
7215,8070,1660,6405,1314,5808
7215,8070,1660,2761,5665,5830
7215,8070,1660,4896,8032,1632
7215,8070,1660,3089,2673,5464
7215,8070,1660,6131,9165,6741
7215,8070,1660,2043,4326,8547
7215,8070,1660,8155,6847,5603
7215,8070,1660,1047,3034,5584
7215,8070,1660,8786,6170,790
7215,8070,1660,7934,9253,6681
7215,8070,1660,4580,9069,6844
7215,8070,1660,3199,9451,4250
7215,8070,1660,6776,4786,1842
7215,8070,1660,2475,5514,6910
7215,8070,1660,2902,6991,9027
7215,8070,1660,9877,4140,790
7215,8070,1660,3603,6425,9151
7215,8070,1660,4404,5906,9611
7215,8070,1660,6995,5326,2379
7215,8070,1660,5171,5116,2830
7215,8070,1660,4164,7885,2185
7215,8070,1660,5856,8399,2662
7215,8070,1660,2120,7183,5519
7215,8070,1660,9720,472,8573
7215,8070,1660,1062,3727,7334
7215,8070,1660,7160,8915,4957
7215,8070,1660,665,5950,2541
7215,8070,1660,6076,9462,4823
7215,8070,1660,7012,5004,567
7215,8070,1660,5232,8222,7275
7215,8070,1660,1438,5429,8025
7215,8070,1660,5371,6906,748
7215,8070,1660,2315,8380,3280
7215,8070,1660,3636,6896,3513
7215,8070,1660,5354,1867,7505
7215,8070,1660,7321,1248,3489
7215,8070,1660,1839,1074,849
7215,8070,1660,2809,1864,2735
7215,8070,1660,6805,1711,2480
7215,8070,1660,2996,6171,563
7215,8070,1660,4219,6421,4217
7215,8070,1660,5522,6104,935
7215,8070,1660,2652,7211,9222
7215,8070,1660,3033,3353,2554
7215,8070,1660,5662,5490,3206
7215,8070,1660,2471,9843,7363
7215,8070,1660,8918,8406,2696
7215,8070,1660,3809,8087,9252
7215,8070,1660,7464,8015,6214
7215,8070,1660,726,5059,2808
7215,8070,1660,9061,8231,6129
7215,8070,1660,5248,6267,8732
7215,8070,1660,7963,1966,7565
7215,8070,1660,8599,243,5849
7215,8070,1660,907,8505,3053
7215,8070,1660,6768,6588,8405
7215,8070,1660,6121,2510,831
7215,8070,1660,717,907,1880
7215,8070,1660,783,2276,1836
7215,8070,1660,942,5581,1910
7215,8070,1660,63,192,6726
7215,8070,1660,8802,6590,1454
7215,8070,1660,7573,2168,2080
7215,8070,1660,6000,3143,1793
7215,8070,1660,2792,893,2718
7215,8070,1660,6071,8672,608
7215,8070,1660,875,7192,8483
7215,8070,1660,7726,6223,6089
7215,8070,1660,9383,4038,7975
7215,8070,1660,9083,7929,6296
7215,8070,1660,4823,1654,58
7215,8070,1660,5674,6380,5365
7215,8070,1660,8180,227,7697
7215,8070,1660,1424,5802,5681
7215,8070,1660,7119,1545,278
7215,8070,1660,4993,652,1386
7215,8070,1660,7667,2991,4387
7215,8070,1660,6138,590,7823
7215,8070,1660,761,683,8673
7215,8070,1660,3297,3176,8039
7215,8070,1660,108,9795,6659
7215,8070,1660,7966,3942,8089
7215,8070,1660,9585,8301,2444
7215,8070,1660,7382,1962,3157
7215,8070,1660,7501,3765,3958
7215,8070,1660,573,5913,4647
7215,8070,1660,6040,9595,1692
7215,8070,1660,44,5843,6832
7215,8070,1660,3131,3871,7371
7215,8070,1660,1941,1153,2747
7215,8070,1660,6915,3139,4009
7215,8070,1660,6274,7782,5355
7215,8070,1660,8696,9274,3589
7215,8070,1660,5822,8345,7781
7215,8070,1660,2019,78,1903
7215,8070,1660,7928,3139,667
7215,8070,1660,7496,9333,7627
7215,8070,1660,9460,8416,1400
7215,8070,1660,6329,5886,4330
7215,8070,1660,432,1935,5757
7215,8070,1660,1785,3319,2892
7215,8070,1660,9150,279,7965
7215,8070,1660,4090,7631,5242
7215,8070,1660,9157,108,9068
7215,8070,1660,4812,6634,5571
7215,8070,1660,5848,5181,1312
7215,8070,1660,8872,2493,8447
7215,8070,1660,8110,4562,366
7215,8070,1660,7525,682,7524
7215,8070,1660,5295,209,6739
7215,8070,1660,6737,2953,476
7215,8070,1660,6076,670,3753
7215,8070,1660,6110,3583,625
7215,8070,1660,4640,9427,7675
7215,8070,1660,8353,6493,6751
7215,8070,1660,1458,9708,9436
7215,8070,1660,7811,4255,5146
7215,8070,1660,2372,9820,8307
7215,8070,1660,7591,5399,6872
7215,8070,1660,4869,3057,8245
7215,8070,1660,8190,6534,2296
7215,8070,1660,9998,4045,9183
7215,8070,1660,3060,4986,3909
7215,8070,1660,762,2041,7986
7215,8070,1660,8181,8467,3348
7215,8070,1660,2798,4352,448
7215,8070,1660,9861,957,8281
7215,8070,1660,4681,5459,8556
7215,8070,1660,7488,751,7419
7215,8070,1660,2486,6484,4326
7215,8070,1660,4257,2087,3966
7215,8070,1660,4024,6670,7932
7215,8070,1660,8137,4525,1119
7215,8070,1660,2161,3446,9309
7215,8070,1660,3468,3926,6198
7215,8070,1660,5579,957,1476
7215,8070,1660,9097,5823,9137
7215,8070,1660,1875,8881,7828
7215,8070,1660,2473,4478,8942
7215,8070,1660,4912,210,4868
7215,8070,1660,1914,4933,1993
7215,8070,1660,2456,2017,651
7215,8070,1660,5298,8786,4415
7215,8070,1660,4682,2774,8550
7215,8070,1660,5449,9158,5436
7215,8070,1660,3393,1323,9002
7215,8070,1660,2211,3280,4146
7215,8070,1660,6039,5429,4521
7215,8070,1660,4785,4341,2358
7215,8070,1660,8547,3378,9505
7215,8070,1660,1346,5318,581
7215,8070,1660,6577,7788,7785
7215,8070,1660,6652,5804,4284
7215,8070,1660,204,4476,8753
7215,8070,1660,9047,282,8678
7215,8070,1660,8863,3504,5656
7215,8070,1660,2619,6440,5709
7215,8070,1660,157,2503,8070
7215,8070,1660,1062,3528,615
7215,8070,1660,140,9061,8176
7215,8070,1660,6816,5181,8457
7215,8070,1660,7224,5270,4817
7215,8070,1660,5051,7116,4818
7215,8070,1660,6209,5020,2
7215,8070,1660,4429,7966,1746
7215,8070,1660,2121,1971,9870
7215,8070,1660,1659,7740,6055
7215,8070,1660,3929,9335,7565
7215,8070,1660,9560,3458,9427
7215,8070,1660,6588,8139,65
7215,8070,1660,9734,9581,3729
7215,8070,1660,6991,3015,7278
7215,8070,1660,2003,6463,5279
7215,8070,1660,5375,4847,9255
7215,8070,1660,2236,802,8648
7215,8070,1660,5040,931,4049
7215,8070,1660,5169,533,4242
7215,8070,1660,3459,1509,7001
7215,8070,1660,6806,9010,4781
7215,8070,1660,9829,330,7122
7215,8070,1660,5755,40,3618
7215,8070,1660,1804,5068,8130
7215,8070,1660,6314,5313,1547
7215,8070,1660,5380,5731,1348
7215,8070,1660,9407,1463,167
7215,8070,1660,3812,3904,7634
7215,8070,1660,8149,1501,9325
7215,8070,1660,4547,3504,6848
7215,8070,1660,3372,5293,7555
7215,8070,1660,835,728,9396
7215,8070,1660,1557,6559,9421
7215,8070,1660,1947,1003,5131
7215,8070,1660,9290,9945,2119
7215,8070,1660,9777,6360,843
7215,8070,1660,8261,186,4098
7215,8070,1660,7665,3216,2392
7215,8070,1660,4028,9865,2965
7215,8070,1660,5041,3919,2350
7215,8070,1660,8148,8720,8
7215,8070,1660,7713,7430,5219
7215,8070,1660,4742,6484,9132
7215,8070,1660,1481,5066,5657
7215,8070,1660,9964,1876,1917
7215,8070,1660,7536,6961,1712
7215,8070,1660,5786,7200,3446
7215,8070,1660,6447,7028,6689
7215,8070,1660,416,8298,4963
7215,8070,1660,7140,3122,726
7215,8070,1660,5240,4015,1805
7215,8070,1660,6258,59,6432
7215,8070,1660,1636,4190,4724
7215,8070,1660,8493,268,2817
7215,8070,1660,286,9725,3160
7215,8070,1660,191,3803,4064
7215,8070,1660,9250,6544,2089
7215,8070,1660,8510,4493,4609
7215,8070,1660,7548,9620,6269
7215,8070,1660,3385,2214,3064
7215,8070,1660,5536,6116,3125
7215,8070,1660,4803,4660,1429
7215,8070,1660,7897,3896,2534
7215,8070,1660,9708,9455,4807
7215,8070,1660,5325,3148,1058
7215,8070,1660,1125,5959,1319
7215,8070,1660,4679,1738,3866
7215,8070,1660,8676,404,985
7215,8070,1660,766,7191,8919
7215,8070,1660,3493,265,8021
7215,8070,1660,5735,8883,9844
7215,8070,1660,2929,4270,4369
7215,8070,1660,7459,7023,5622
7215,8070,1660,7290,8884,6129
7215,8070,1660,5738,2681,3218
7215,8070,1660,6055,8523,416
7215,8070,1660,4320,8001,1885
7215,8070,1660,4734,4519,2037
7215,8070,1660,4937,3651,8141
7215,8070,1660,6800,7191,5699
7215,8070,1660,3580,4173,9375
7215,8070,1660,1472,628,9668
7215,8070,1660,2815,6,6213
7215,8070,1660,9065,5300,615
7215,8070,1660,1022,2767,1959
7215,8070,1660,6449,3687,6026
7215,8070,1660,1074,7299,757
7215,8070,1660,352,2231,8803
7215,8070,1660,9106,8542,2602
7215,8070,1660,2754,9762,5793
7215,8070,1660,8332,1068,4444
7215,8070,1660,4119,4234,7389
7215,8070,1660,3569,8437,4269
7215,8070,1660,7845,1745,7947
7215,8070,1660,475,7765,7493
7215,8070,1660,6960,9546,5882
7215,8070,1660,9001,6597,840
7215,8070,1660,9957,9298,7512
7215,8070,1660,1184,8496,8824
7215,8070,1660,8460,3982,5203
7215,8070,1660,8251,6628,6961
7215,8070,1660,7813,8819,1387
7215,8070,1660,9028,1943,9688
7215,8070,1660,8792,1022,3492
7215,8070,1660,2866,8371,8417
7215,8070,1660,461,839,470
7215,8070,1660,5438,5708,3008
7215,8070,1660,1776,7620,6451
7215,8070,1660,5754,1348,8734
7215,8070,1660,6466,3236,1665
7215,8070,1660,1449,1144,1541
7215,8070,1660,4148,7933,3990
7215,8070,1660,3783,5165,9754
7215,8070,1660,1093,9486,5486
7215,8070,1660,6877,7681,4974
7215,8070,1660,9083,3021,2091
7215,8070,1660,3779,5034,315
7215,8070,1660,9963,2076,5427
7215,8070,1660,738,9602,8381
7215,8070,1660,4574,4720,8231
7215,8070,1660,8004,4314,569
7215,8070,1660,1542,1235,4236
7215,8070,1660,9532,4680,825
7215,8070,1660,8303,4210,7287
7215,8070,1660,3032,8927,727
7215,8070,1660,5382,636,2222
7215,8070,1660,8444,1803,2374
7215,8070,1660,9367,4308,9652
7215,8070,1660,9351,2843,4841
7215,8070,1660,1765,9525,7693
7215,8070,1660,1640,3622,3469
