5400,8951,1903,4211,3219,5508
5400,8951,1903,137,5942,5807
5400,8951,1903,5237,5061,2902
5400,8951,1903,2715,2704,3049
5400,8951,1903,5340,5753,3108
5400,8951,1903,5907,5003,5249
5400,8951,1903,1587,4123,2882
5400,8951,1903,1015,6696,2572
5400,8951,1903,7527,1022,5920
5400,8951,1903,8721,9551,4533
5400,8951,1903,6396,9746,280
5400,8951,1903,3312,1702,9897
5400,8951,1903,8315,5431,9829
5400,8951,1903,6989,2649,2141
5400,8951,1903,5520,1093,4035
5400,8951,1903,3159,7400,1573
5400,8951,1903,2249,9614,9367
5400,8951,1903,5349,1744,5410
5400,8951,1903,4829,7510,564
5400,8951,1903,6621,7011,9386
5400,8951,1903,8014,8149,7317
5400,8951,1903,529,8610,6313
5400,8951,1903,4135,3972,5387
5400,8951,1903,3445,7026,2563
5400,8951,1903,6720,4834,3563
5400,8951,1903,6953,2084,3652
5400,8951,1903,7208,3101,459
5400,8951,1903,2144,9973,4221
5400,8951,1903,7874,718,2387
5400,8951,1903,7532,9386,3906
5400,8951,1903,5140,1079,4357
5400,8951,1903,2915,3176,4443
5400,8951,1903,8124,4108,7091
5400,8951,1903,3131,5538,5651
5400,8951,1903,3215,2279,6962
5400,8951,1903,4172,4527,9508
5400,8951,1903,960,3463,4358
5400,8951,1903,5985,9913,3954
5400,8951,1903,9342,1927,5320
5400,8951,1903,6353,2250,8870
5400,8951,1903,4747,7544,7871
5400,8951,1903,9477,6087,2837
5400,8951,1903,6321,801,6044
5400,8951,1903,9854,3238,4517
5400,8951,1903,4493,8595,5743
5400,8951,1903,6617,4110,9450
5400,8951,1903,6438,4736,9616
5400,8951,1903,4514,4366,5441
5400,8951,1903,7176,6278,8379
5400,8951,1903,3511,1382,2452
5400,8951,1903,8483,1775,3565
5400,8951,1903,663,5190,1378
5400,8951,1903,8441,2065,5447
5400,8951,1903,5205,6419,9990
5400,8951,1903,2277,8337,1836
5400,8951,1903,1545,5002,8276
5400,8951,1903,9657,7623,5792
5400,8951,1903,7796,2925,3496
5400,8951,1903,8469,953,5508
5400,8951,1903,4994,575,6135
9275,7238,5451,2230,2822,9220
9275,7238,5451,6967,6016,3899
9275,7238,5451,9498,7394,5544
9275,7238,5451,4002,1811,7105
9275,7238,5451,1661,9835,8955
9275,7238,5451,2407,7540,6915
9275,7238,5451,9814,5542,4716
9275,7238,5451,4146,6939,2077
9275,7238,5451,8513,2105,3707
9275,7238,5451,2381,4316,3196
9275,7238,5451,4836,9414,2252
9275,7238,5451,248,9589,2800
9275,7238,5451,2080,4006,2166
9275,7238,5451,4533,7227,3731
9275,7238,5451,3210,5286,2212
9275,7238,5451,3671,2496,4194
9275,7238,5451,5940,7967,2878
9275,7238,5451,1468,6979,9208
9275,7238,5451,7350,8841,1469
9275,7238,5451,2245,6459,1408
9275,7238,5451,5893,2175,9193
9275,7238,5451,8036,1955,7253
9275,7238,5451,9589,3492,1555
9275,7238,5451,1911,7493,8890
9275,7238,5451,5241,2510,7325
9275,7238,5451,3443,6824,8545
9275,7238,5451,5726,85,5922
9275,7238,5451,9661,1717,9761
9275,7238,5451,9855,6316,8123
9275,7238,5451,8925,3242,8585
9275,7238,5451,6224,2503,3256
9275,7238,5451,8502,3318,3561
9275,7238,5451,5522,6339,8391
9275,7238,5451,4703,5784,8412
9275,7238,5451,4042,5445,8952
9275,7238,5451,5889,4384,2177
9275,7238,5451,4703,3753,5877
9275,7238,5451,1832,7736,8400
9275,7238,5451,5764,6446,4359
9275,7238,5451,5201,8133,1167
9275,7238,5451,1599,7009,7027
9275,7238,5451,5130,6506,9733
9275,7238,5451,1584,5345,127
9275,7238,5451,8335,1280,5560
9275,7238,5451,2142,8064,8759
9275,7238,5451,1099,6311,3225
9275,7238,5451,8318,8293,403
9275,7238,5451,5086,8967,3951
9275,7238,5451,9756,2428,9872
9275,7238,5451,2736,6652,2219
9275,7238,5451,7354,2364,1905
9275,7238,5451,5811,4629,6291
9275,7238,5451,2409,9412,1521
9275,7238,5451,3316,6438,6980
9275,7238,5451,8977,2583,4822
9275,7238,5451,7395,6489,6609
9275,7238,5451,1841,3830,6170
9275,7238,5451,4711,8400,6753
9275,7238,5451,4341,121,8403
9275,7238,5451,295,4437,3452
9275,7238,5451,3179,3367,9332
9275,7238,5451,1074,3467,4483
9275,7238,5451,7691,2189,6392
9275,7238,5451,1486,7167,4570
9275,7238,5451,3980,9883,3497
9275,7238,5451,7978,6627,255
9275,7238,5451,1736,9499,390
9275,7238,5451,7022,7899,2504
9275,7238,5451,8517,3674,4511
9275,7238,5451,758,9085,1549
9275,7238,5451,8695,3505,4644
9275,7238,5451,3830,4212,6887
9275,7238,5451,2710,9827,1444
9275,7238,5451,5507,1238,6645
9275,7238,5451,3878,1898,8871
9275,7238,5451,2957,9015,1852
9275,7238,5451,6526,2342,1414
9275,7238,5451,8603,1433,9970
9275,7238,5451,9951,8499,8033
9275,7238,5451,8031,1244,4632
9275,7238,5451,6732,2753,67
9275,7238,5451,4476,8067,689
9275,7238,5451,2150,2079,2753
9275,7238,5451,5504,9923,4608
9275,7238,5451,2156,6899,6607
9275,7238,5451,6828,3167,9083
9275,7238,5451,9249,8529,5275
9275,7238,5451,1783,9056,74
9275,7238,5451,7290,3749,5983
9275,7238,5451,4994,5720,2939
9275,7238,5451,4797,4899,5972
9275,7238,5451,1701,8060,6018
9275,7238,5451,3065,4327,3249
9275,7238,5451,4421,2265,5384
9275,7238,5451,411,6205,1781
9275,7238,5451,7761,8852,5390
9275,7238,5451,4924,9447,6332
9275,7238,5451,9217,2987,7810
9275,7238,5451,8650,6681,2953
9275,7238,5451,9637,2434,2606
9275,7238,5451,3347,381,1838
9275,7238,5451,264,3348,9913
9275,7238,5451,2547,6276,2999
9275,7238,5451,1900,4357,989
9275,7238,5451,3663,6787,4296
9275,7238,5451,8867,6944,9752
9275,7238,5451,5872,1636,8306
9275,7238,5451,5291,2971,8774
9275,7238,5451,2604,7663,8850
9275,7238,5451,734,5244,2251
9275,7238,5451,167,7677,7249
9275,7238,5451,3032,5446,555
9275,7238,5451,5664,6845,4746
9275,7238,5451,8996,323,1966
9275,7238,5451,6701,198,3048
9275,7238,5451,4590,6894,1068
9275,7238,5451,5667,6422,5325
9275,7238,5451,5535,7338,4795
9275,7238,5451,6083,2087,6686
9275,7238,5451,5094,2501,6480
9275,7238,5451,327,9697,5280
9275,7238,5451,2806,8440,8967
9275,7238,5451,9974,8500,8190
9275,7238,5451,6990,3654,6702
9275,7238,5451,1415,4128,2835
9275,7238,5451,7774,8396,6019
9275,7238,5451,3680,6851,237
9275,7238,5451,2783,19,4805
9275,7238,5451,5397,7126,9407
9275,7238,5451,2364,5504,3584
9275,7238,5451,1930,4550,7320
9275,7238,5451,6236,9510,6262
9275,7238,5451,348,5946,1804
9275,7238,5451,6206,2541,9481
9275,7238,5451,7324,1649,8559
9275,7238,5451,9027,9818,1238
9275,7238,5451,272,6293,1975
9275,7238,5451,2494,2671,252
9275,7238,5451,249,7896,8351
9275,7238,5451,2703,5151,4443
9275,7238,5451,5209,84,4159
9275,7238,5451,4507,7820,6277
9275,7238,5451,4122,3439,5382
9275,7238,5451,8883,2825,2959
9275,7238,5451,8447,7348,9616
9275,7238,5451,6865,608,5532
9275,7238,5451,4146,1581,3554
9275,7238,5451,6335,402,6479
9275,7238,5451,4092,3085,1762
9275,7238,5451,894,9905,9254
9275,7238,5451,5687,8150,5932
9275,7238,5451,2380,6196,1311
9275,7238,5451,5045,1979,5553
9275,7238,5451,3959,979,9531
9275,7238,5451,275,9082,8982
9275,7238,5451,7123,703,3388
9275,7238,5451,1896,5819,5876
9275,7238,5451,7749,3528,8884
9275,7238,5451,4867,9389,5428
9275,7238,5451,243,9501,9114
9275,7238,5451,6570,6544,8099
9275,7238,5451,8540,257,8066
9275,7238,5451,7022,7234,9980
9275,7238,5451,8929,6978,4053
9275,7238,5451,3709,7787,7748
9275,7238,5451,1112,1585,540
9275,7238,5451,3053,1625,3052
9275,7238,5451,6853,2620,9686
9275,7238,5451,5160,1270,4189
9275,7238,5451,9264,5247,3358
9275,7238,5451,7553,1243,6712
9275,7238,5451,9338,2513,5109
9275,7238,5451,5940,671,2877
9275,7238,5451,3864,2513,5430
9275,7238,5451,8116,2425,2850
9275,7238,5451,7372,1190,4128
9275,7238,5451,372,6014,82
9275,7238,5451,4295,2225,7326
9275,7238,5451,5976,2836,7031
9275,7238,5451,5234,6074,7957
9275,7238,5451,3530,5230,6747
9275,7238,5451,4927,290,9537
9275,7238,5451,6026,3861,8990
9275,7238,5451,9263,8177,8494
9275,7238,5451,7736,4187,6641
9275,7238,5451,7880,4973,2532
9275,7238,5451,7141,5382,7753
9275,7238,5451,4932,5684,5150
9275,7238,5451,1738,6668,3224
9275,7238,5451,6881,1679,2616
9275,7238,5451,9194,9722,131
9275,7238,5451,5005,8452,605
9275,7238,5451,1903,9281,408
9275,7238,5451,8841,6696,8721
9275,7238,5451,6482,3041,1238
9275,7238,5451,5449,5379,5322
9275,7238,5451,9655,7563,7044
9275,7238,5451,6166,4909,4222
9275,7238,5451,1036,81,5155
9275,7238,5451,3839,2824,4841
9275,7238,5451,9247,4560,3184
9275,7238,5451,794,3776,8995
9275,7238,5451,7395,8648,2064
9275,7238,5451,5391,1587,3586
9275,7238,5451,8564,8101,2497
9275,7238,5451,3822,5255,6059
9275,7238,5451,1402,778,3455
9275,7238,5451,3808,9476,4993
9275,7238,5451,7253,5879,121
9275,7238,5451,8305,1643,2797
9275,7238,5451,1660,5358,4573
9275,7238,5451,7672,9625,9840
9275,7238,5451,2514,2770,9310
9275,7238,5451,6401,2863,2324
9275,7238,5451,5652,4194,6108
9275,7238,5451,461,9814,6309
9275,7238,5451,3031,9687,5225
9275,7238,5451,9405,2092,5965
9275,7238,5451,6305,7915,910
9275,7238,5451,1970,79,2705
9275,7238,5451,4565,9900,1756
9275,7238,5451,6114,4076,8291
9275,7238,5451,3892,5372,5496
9275,7238,5451,1359,5451,6877
9275,7238,5451,6476,4312,943
9275,7238,5451,3390,860,3218
9275,7238,5451,9664,6922,8049
9275,7238,5451,9725,6217,1721
9275,7238,5451,8419,8310,5386
9275,7238,5451,8010,5256,6043
9275,7238,5451,5960,8384,3839
9275,7238,5451,5542,4148,5331
9275,7238,5451,9316,8039,3685
9275,7238,5451,497,7581,9053
9275,7238,5451,8699,8727,4519
9275,7238,5451,7381,4226,6212
9275,7238,5451,8777,3205,2988
9275,7238,5451,9314,6084,131
9275,7238,5451,8405,6862,4282
9275,7238,5451,1305,1795,5243
9275,7238,5451,2159,3802,301
9275,7238,5451,8713,1156,2624
9275,7238,5451,8982,1965,4946
9275,7238,5451,5319,5171,3280
9275,7238,5451,7417,2203,1923
9275,7238,5451,3527,4862,9183
9275,7238,5451,4313,6689,1492
9275,7238,5451,103,1642,8464
9275,7238,5451,4288,3255,38
9275,7238,5451,8652,9278,1371
9275,7238,5451,9915,6572,2368
9275,7238,5451,201,4958,959
9275,7238,5451,8190,8952,8455
9275,7238,5451,7211,2274,9174
9275,7238,5451,135,9318,9434
9275,7238,5451,1642,2551,4074
9275,7238,5451,1449,4116,9765
9275,7238,5451,5069,3475,6736
9275,7238,5451,8305,5749,4462
9275,7238,5451,2365,2474,9783
9275,7238,5451,9846,2110,1115
9275,7238,5451,4264,2912,6604
9275,7238,5451,4227,2944,5488
9275,7238,5451,9718,2457,8225
9275,7238,5451,1524,8012,748
9275,7238,5451,7488,2840,3485
9275,7238,5451,1539,5676,7256
9275,7238,5451,4661,2681,9270
9275,7238,5451,1140,8806,2006
9275,7238,5451,3482,5220,3325
9275,7238,5451,4980,4505,1236
9275,7238,5451,68,7386,2309
9275,7238,5451,8408,7861,3742
9275,7238,5451,5447,5155,8520
9275,7238,5451,5976,5325,786
9275,7238,5451,8249,1010,1149
9275,7238,5451,9633,6018,2874
9275,7238,5451,4120,3199,4985
9275,7238,5451,1171,3638,7853
9275,7238,5451,3951,2643,921
9275,7238,5451,1883,9889,8060
9275,7238,5451,5879,4935,579
9275,7238,5451,567,3201,2306
9275,7238,5451,552,6072,1628
9275,7238,5451,7748,1974,9202
9275,7238,5451,1410,7195,554
9275,7238,5451,6903,7119,5580
9275,7238,5451,9877,5609,4211
9275,7238,5451,5090,268,3597
9275,7238,5451,8707,2261,1033
9275,7238,5451,3275,1406,5254
9275,7238,5451,7071,3500,6157
9275,7238,5451,7075,7071,2425
9275,7238,5451,8198,5278,4676
9275,7238,5451,4526,3279,2950
9275,7238,5451,4751,6155,8080
9275,7238,5451,188,8955,2929
9275,7238,5451,9017,230,777
9275,7238,5451,2608,1739,1923
9275,7238,5451,8008,3657,7962
9275,7238,5451,7924,2261,6798
9275,7238,5451,3916,2439,3521
9275,7238,5451,6167,2804,942
9275,7238,5451,7213,1117,7178
9275,7238,5451,9226,7279,1221
9275,7238,5451,4863,7704,9270
9275,7238,5451,4945,9668,8080
9275,7238,5451,4023,2246,7023
9275,7238,5451,9597,9857,9963
9275,7238,5451,619,7608,5032
9275,7238,5451,8028,9134,8413
9275,7238,5451,3401,2849,4676
9275,7238,5451,4682,4426,6340
9275,7238,5451,6279,5087,1447
9275,7238,5451,1738,7356,2750
9275,7238,5451,8457,2275,3613
9275,7238,5451,1648,9640,7335
9275,7238,5451,7215,8070,1660
9275,7238,5451,748,9060,4622
9275,7238,5451,5481,2036,5337
9275,7238,5451,5400,8951,1903
9275,7238,5451,9275,7238,5451
9275,7238,5451,4490,2388,8831
9275,7238,5451,6659,7829,5106
9275,7238,5451,8748,4836,7859
9275,7238,5451,8075,9007,8514
9275,7238,5451,785,8487,9722
9275,7238,5451,7524,8063,3878
9275,7238,5451,1445,1353,9053
9275,7238,5451,245,5866,6196
9275,7238,5451,2280,6691,4417
9275,7238,5451,8266,3854,4046
9275,7238,5451,811,6837,6182
9275,7238,5451,7545,5306,5522
9275,7238,5451,4461,1058,727
9275,7238,5451,6977,2832,2594
9275,7238,5451,9329,5043,6652
9275,7238,5451,2735,2358,3613
9275,7238,5451,4560,7827,1434
9275,7238,5451,2972,7649,9467
9275,7238,5451,7194,7302,267
9275,7238,5451,401,6978,2880
9275,7238,5451,6925,2183,8669
9275,7238,5451,6013,4006,3501
9275,7238,5451,2945,4824,9118
9275,7238,5451,3000,3437,3079
9275,7238,5451,3962,2413,4929
9275,7238,5451,7634,5544,8859
9275,7238,5451,5015,9948,5051
9275,7238,5451,7661,5946,9027
9275,7238,5451,9661,977,2165
9275,7238,5451,9356,3119,6852
9275,7238,5451,3126,829,3946
9275,7238,5451,4163,2125,5364
9275,7238,5451,4722,3482,4377
9275,7238,5451,5317,1150,9754
9275,7238,5451,5771,7414,5647
9275,7238,5451,7522,49,6321
9275,7238,5451,1193,3934,7154
9275,7238,5451,4316,3812,6687
9275,7238,5451,6501,5456,3534
9275,7238,5451,6356,792,3041
9275,7238,5451,9629,9378,4125
9275,7238,5451,6485,3402,4673
9275,7238,5451,9121,1476,5988
9275,7238,5451,5342,5318,5380
9275,7238,5451,5250,5944,2230
9275,7238,5451,4701,8622,2428
9275,7238,5451,9378,3843,353
9275,7238,5451,5960,1130,2276
9275,7238,5451,2947,5101,7732
9275,7238,5451,4343,2263,2570
9275,7238,5451,5477,5669,147
9275,7238,5451,3410,8518,6061
9275,7238,5451,8437,3898,7488
9275,7238,5451,3204,6790,1956
9275,7238,5451,3321,8700,5183
9275,7238,5451,2558,4416,339
9275,7238,5451,1419,2709,721
9275,7238,5451,855,6479,1657
9275,7238,5451,261,168,7504
9275,7238,5451,1037,9251,5180
9275,7238,5451,374,8243,8679
9275,7238,5451,8369,8083,4445
9275,7238,5451,3922,1647,3168
9275,7238,5451,8292,99,5799
9275,7238,5451,5216,5843,9087
9275,7238,5451,1249,6820,5871
9275,7238,5451,5522,5617,3603
9275,7238,5451,7338,1952,343
9275,7238,5451,8235,1262,3260
9275,7238,5451,3587,1715,602
9275,7238,5451,1913,4806,2852
9275,7238,5451,3863,9473,4118
9275,7238,5451,4717,3346,5719
9275,7238,5451,8728,6179,3397
9275,7238,5451,3830,183,2424
9275,7238,5451,6767,2899,2817
9275,7238,5451,7393,5693,147
9275,7238,5451,4727,6622,174
9275,7238,5451,1555,2836,4848
9275,7238,5451,3398,298,88
9275,7238,5451,3181,3534,3995
9275,7238,5451,3746,745,9910
9275,7238,5451,8611,2934,240
9275,7238,5451,7239,8226,8988
9275,7238,5451,7287,469,2560
9275,7238,5451,7709,6094,5132
9275,7238,5451,1470,2148,2685
9275,7238,5451,6300,3876,4597
9275,7238,5451,9964,4277,2934
9275,7238,5451,815,9246,7735
9275,7238,5451,8974,595,7892
9275,7238,5451,5689,6368,5536
9275,7238,5451,4390,4898,8142
9275,7238,5451,8983,8108,3413
9275,7238,5451,2764,3658,9325
9275,7238,5451,6231,4279,5739
9275,7238,5451,1952,1903,4232
9275,7238,5451,162,446,209
9275,7238,5451,6301,4653,5998
9275,7238,5451,6171,9892,6090
9275,7238,5451,4792,8309,3759
9275,7238,5451,1798,1318,7947
9275,7238,5451,7308,5684,5475
9275,7238,5451,1044,7103,6224
9275,7238,5451,7762,3935,382
9275,7238,5451,1577,9396,238
9275,7238,5451,4097,4405,4287
9275,7238,5451,1073,5710,2471
9275,7238,5451,1738,2195,4609
9275,7238,5451,8831,4451,8622
9275,7238,5451,6931,3125,3341
9275,7238,5451,5415,8602,1854
9275,7238,5451,2217,3313,7665
9275,7238,5451,2832,3206,7703
9275,7238,5451,2048,9995,2847
9275,7238,5451,7075,9301,3756
9275,7238,5451,8948,3732,6261
9275,7238,5451,5261,702,9731
9275,7238,5451,585,8601,9876
9275,7238,5451,5066,8457,241
9275,7238,5451,4480,128,1818
9275,7238,5451,9650,5524,9238
9275,7238,5451,1424,3560,2792
9275,7238,5451,7194,7820,6022
9275,7238,5451,5276,1331,4444
9275,7238,5451,8498,1306,516
9275,7238,5451,9176,3738,9799
9275,7238,5451,3931,9332,3274
