7215,8070,1660,5931,8999,2006
7215,8070,1660,2036,1644,7579
7215,8070,1660,8869,6353,8347
7215,8070,1660,2451,3993,5911
7215,8070,1660,4603,4440,5903
7215,8070,1660,9898,7660,9779
7215,8070,1660,6848,5865,3788
7215,8070,1660,5321,8547,3131
7215,8070,1660,8828,5354,9495
7215,8070,1660,9824,6817,1663
7215,8070,1660,3306,7103,2903
7215,8070,1660,8410,7980,6414
7215,8070,1660,1037,2721,5203
7215,8070,1660,9497,5249,1304
7215,8070,1660,4851,4489,1246
7215,8070,1660,1078,2172,2604
7215,8070,1660,404,9183,7813
7215,8070,1660,6182,2042,94
7215,8070,1660,2967,6467,1933
7215,8070,1660,4695,9411,9781
7215,8070,1660,35,953,7756
7215,8070,1660,5284,8010,2658
7215,8070,1660,9371,4797,8351
7215,8070,1660,1251,4520,2423
7215,8070,1660,938,5513,5153
7215,8070,1660,5637,3402,2488
7215,8070,1660,3499,4607,7115
7215,8070,1660,1616,8278,9881
7215,8070,1660,1853,5857,7789
7215,8070,1660,3246,7209,5712
7215,8070,1660,5926,2514,5605
7215,8070,1660,8199,836,8054
7215,8070,1660,6778,7215,3447
7215,8070,1660,630,6144,6305
7215,8070,1660,8654,2729,9002
7215,8070,1660,6580,2766,1517
7215,8070,1660,3209,3792,9381
7215,8070,1660,4242,4693,8378
7215,8070,1660,4569,3145,8079
7215,8070,1660,5539,5617,8903
7215,8070,1660,9488,1696,993
7215,8070,1660,9087,7703,7025
7215,8070,1660,8474,4008,7534
7215,8070,1660,4645,6102,6933
7215,8070,1660,3863,2046,7573
7215,8070,1660,2026,556,2450
7215,8070,1660,4619,9505,1780
7215,8070,1660,1300,9104,9335
7215,8070,1660,3366,1912,837
7215,8070,1660,2545,6860,5157
7215,8070,1660,8594,6503,8094
7215,8070,1660,8981,9305,8592
7215,8070,1660,9543,8239,8903
7215,8070,1660,3319,7158,8121
7215,8070,1660,2315,5632,1338
7215,8070,1660,3199,435,1826
7215,8070,1660,1485,5818,3553
7215,8070,1660,7377,8186,5447
7215,8070,1660,8569,3083,9559
7215,8070,1660,2282,9075,724
7215,8070,1660,8693,6915,7626
7215,8070,1660,3303,5190,8976
7215,8070,1660,125,6325,238
7215,8070,1660,6030,8767,5224
7215,8070,1660,623,3770,1468
7215,8070,1660,9603,7755,3861
7215,8070,1660,3316,3201,6842
7215,8070,1660,8800,1730,8468
7215,8070,1660,511,7010,8445
7215,8070,1660,6071,377,6178
7215,8070,1660,3082,9087,3438
7215,8070,1660,8226,4643,2128
7215,8070,1660,9605,9501,3197
7215,8070,1660,2948,4519,5772
7215,8070,1660,8852,4041,1059
7215,8070,1660,7424,7638,5394
7215,8070,1660,6843,6722,4259
7215,8070,1660,3601,5014,2772
7215,8070,1660,5344,6697,3771
7215,8070,1660,5891,9766,9234
7215,8070,1660,361,2155,41
7215,8070,1660,3790,9552,6805
7215,8070,1660,6742,6848,9803
7215,8070,1660,2821,4246,5585
7215,8070,1660,523,2676,9093
7215,8070,1660,9285,6831,6664
7215,8070,1660,1217,6797,3227
7215,8070,1660,8819,94,9892
7215,8070,1660,2579,7833,2639
7215,8070,1660,5875,6651,718
7215,8070,1660,4380,8,1487
7215,8070,1660,2733,2019,6291
7215,8070,1660,8474,1387,5820
7215,8070,1660,8070,6943,2979
7215,8070,1660,5358,7757,5351
7215,8070,1660,681,5384,6753
7215,8070,1660,9135,7554,3069
7215,8070,1660,4498,3625,1816
7215,8070,1660,5479,7478,4320
7215,8070,1660,7402,4608,1046
7215,8070,1660,1580,9940,3636
7215,8070,1660,4545,6519,6238
7215,8070,1660,8303,4247,5708
7215,8070,1660,3122,6270,1064
7215,8070,1660,5995,8747,7409
7215,8070,1660,5861,560,3565
7215,8070,1660,6450,8025,5545
7215,8070,1660,6401,1669,9809
7215,8070,1660,9499,4993,2333
7215,8070,1660,2117,6084,2745
7215,8070,1660,4101,9787,8249
7215,8070,1660,4813,8682,8780
7215,8070,1660,3968,9823,1985
7215,8070,1660,7762,286,6911
7215,8070,1660,5222,2242,5876
7215,8070,1660,4503,5202,7718
7215,8070,1660,4335,3833,3099
7215,8070,1660,7709,6226,8628
7215,8070,1660,1115,153,3182
7215,8070,1660,1681,7188,5658
7215,8070,1660,7411,4516,3298
7215,8070,1660,3097,435,4179
7215,8070,1660,7127,8021,2654
7215,8070,1660,1160,8761,1672
7215,8070,1660,5233,2344,6240
7215,8070,1660,9530,7349,8111
7215,8070,1660,8684,6294,660
7215,8070,1660,7372,1561,3396
7215,8070,1660,1779,3761,5656
7215,8070,1660,6497,7914,5178
7215,8070,1660,3242,1230,7005
7215,8070,1660,4200,6650,3305
7215,8070,1660,8455,2996,8596
7215,8070,1660,1872,2975,1313
7215,8070,1660,8589,1015,2107
7215,8070,1660,260,8799,4240
7215,8070,1660,4832,5634,7448
7215,8070,1660,8233,2425,9106
7215,8070,1660,8132,9061,8075
7215,8070,1660,6166,6459,6829
7215,8070,1660,3492,7026,9244
7215,8070,1660,4529,2288,6409
7215,8070,1660,1587,5581,5988
7215,8070,1660,1580,1235,4136
7215,8070,1660,5628,9502,3096
7215,8070,1660,7942,4389,7539
7215,8070,1660,9353,362,7848
7215,8070,1660,2757,3187,507
7215,8070,1660,5063,3334,1424
7215,8070,1660,3328,3798,5707
7215,8070,1660,2154,4830,5562
7215,8070,1660,8001,3383,6702
7215,8070,1660,7489,3732,8534
7215,8070,1660,5675,9295,2139
7215,8070,1660,6326,798,9485
7215,8070,1660,7190,2333,8565
7215,8070,1660,2487,7810,3290
7215,8070,1660,4282,6375,4430
7215,8070,1660,8668,1881,5485
7215,8070,1660,4014,2404,2255
7215,8070,1660,657,8187,7597
7215,8070,1660,5967,4333,396
7215,8070,1660,5584,5766,1193
7215,8070,1660,8408,2709,9910
7215,8070,1660,5127,5999,1119
7215,8070,1660,8097,7706,1336
7215,8070,1660,4017,3413,8962
7215,8070,1660,4699,7685,540
7215,8070,1660,1821,9044,2784
7215,8070,1660,1701,3421,7255
7215,8070,1660,7716,4829,2001
7215,8070,1660,3548,5318,9843
7215,8070,1660,2317,857,9989
7215,8070,1660,2597,5973,5472
7215,8070,1660,5510,3832,3469
7215,8070,1660,7850,5740,3266
7215,8070,1660,5463,8324,3501
7215,8070,1660,9191,8616,4243
7215,8070,1660,9252,7232,1311
7215,8070,1660,2698,1851,7525
7215,8070,1660,1294,1891,4026
7215,8070,1660,4058,9194,5226
7215,8070,1660,2466,768,4456
7215,8070,1660,6657,3105,3569
7215,8070,1660,704,1363,3388
7215,8070,1660,6357,6538,8803
7215,8070,1660,6959,6463,6967
7215,8070,1660,577,4582,7090
7215,8070,1660,8499,7671,4180
7215,8070,1660,2850,2497,8306
7215,8070,1660,496,7133,2756
7215,8070,1660,9842,2430,7540
7215,8070,1660,5613,9127,1015
7215,8070,1660,3797,9998,4695
7215,8070,1660,5675,9914,9280
7215,8070,1660,7534,2474,9045
7215,8070,1660,2597,1869,9546
7215,8070,1660,2121,7351,4661
7215,8070,1660,8075,247,1201
7215,8070,1660,7963,4536,3838
7215,8070,1660,312,3699,6344
7215,8070,1660,166,6738,3442
7215,8070,1660,3860,3337,4097
7215,8070,1660,2973,1013,6833
7215,8070,1660,7844,9619,1285
7215,8070,1660,2381,7991,3819
7215,8070,1660,9914,5772,7414
7215,8070,1660,4882,973,6874
7215,8070,1660,3856,980,1231
7215,8070,1660,496,7494,3260
7215,8070,1660,2733,2512,4250
7215,8070,1660,3195,6750,7671
7215,8070,1660,1532,9338,4279
7215,8070,1660,2376,3870,3907
7215,8070,1660,1406,1129,3072
7215,8070,1660,6812,8697,743
7215,8070,1660,8713,354,7717
7215,8070,1660,7240,1313,3177
7215,8070,1660,463,449,3241
7215,8070,1660,3087,8160,155
7215,8070,1660,7932,2952,7456
7215,8070,1660,4612,6794,1708
7215,8070,1660,3638,3433,3589
7215,8070,1660,7987,2535,3710
7215,8070,1660,5530,9981,4205
7215,8070,1660,8173,3182,4529
7215,8070,1660,7678,5065,7826
7215,8070,1660,5720,863,4507
7215,8070,1660,7397,3454,5985
7215,8070,1660,6362,364,5864
7215,8070,1660,4331,9077,6250
7215,8070,1660,9553,5217,5062
7215,8070,1660,5320,2312,9319
7215,8070,1660,9976,1463,8926
7215,8070,1660,2021,6308,9041
7215,8070,1660,4225,9175,2781
7215,8070,1660,5235,6565,5037
7215,8070,1660,1833,9851,3627
7215,8070,1660,6855,7943,5367
7215,8070,1660,7692,703,5278
7215,8070,1660,5430,1438,5606
7215,8070,1660,7040,7127,5408
7215,8070,1660,1201,6608,841
7215,8070,1660,7424,8239,3902
7215,8070,1660,3678,4881,6077
7215,8070,1660,1544,573,1527
7215,8070,1660,7823,1232,266
7215,8070,1660,5933,8760,761
7215,8070,1660,5455,9364,6273
7215,8070,1660,7071,1904,688
7215,8070,1660,123,5538,6732
7215,8070,1660,2897,4586,7285
7215,8070,1660,46,6557,1427
7215,8070,1660,2041,8055,6685
7215,8070,1660,5114,9432,9290
7215,8070,1660,283,6403,4377
7215,8070,1660,9122,4848,7640
7215,8070,1660,1287,3489,3997
7215,8070,1660,8813,6455,8784
7215,8070,1660,9097,4789,6913
7215,8070,1660,9103,3834,5147
7215,8070,1660,5762,9899,833
7215,8070,1660,2571,2733,8902
7215,8070,1660,5454,8228,7446
7215,8070,1660,5475,3058,3601
7215,8070,1660,196,9142,2444
7215,8070,1660,3859,4144,7639
7215,8070,1660,2874,1321,2916
7215,8070,1660,2560,1380,4198
7215,8070,1660,8605,228,3252
7215,8070,1660,9425,9829,2689
7215,8070,1660,9574,4461,292
7215,8070,1660,7243,6119,4519
7215,8070,1660,3072,934,2213
7215,8070,1660,3015,5499,9322
7215,8070,1660,7789,4585,7868
7215,8070,1660,7652,2222,7950
7215,8070,1660,8656,5034,4075
7215,8070,1660,8383,8493,1629
7215,8070,1660,1094,7454,1341
7215,8070,1660,8532,5192,5172
7215,8070,1660,6013,4779,3165
7215,8070,1660,974,264,8716
7215,8070,1660,616,5003,3429
7215,8070,1660,7883,397,1292
7215,8070,1660,871,1509,6815
7215,8070,1660,694,5011,8529
7215,8070,1660,4136,1928,7612
7215,8070,1660,7016,1895,3931
7215,8070,1660,1516,6989,1298
7215,8070,1660,3244,2203,7246
7215,8070,1660,3974,2636,9487
7215,8070,1660,3470,7010,8657
7215,8070,1660,8281,6782,1950
7215,8070,1660,2867,8529,1369
7215,8070,1660,2114,1129,2455
7215,8070,1660,7369,1720,7974
7215,8070,1660,2035,8873,3014
7215,8070,1660,4443,8244,5621
7215,8070,1660,7436,7963,494
7215,8070,1660,8499,3501,2250
7215,8070,1660,7328,8369,9964
7215,8070,1660,1431,4909,8832
7215,8070,1660,6091,3147,5777
7215,8070,1660,7219,2988,3344
7215,8070,1660,303,990,3348
7215,8070,1660,5541,3072,2875
7215,8070,1660,1071,7323,3274
7215,8070,1660,1504,9502,6787
7215,8070,1660,6251,6514,4637
7215,8070,1660,7983,3513,4483
7215,8070,1660,6087,9140,5659
7215,8070,1660,8972,206,1356
7215,8070,1660,7723,7112,3527
7215,8070,1660,1963,2633,2464
7215,8070,1660,3223,7001,194
7215,8070,1660,7227,5363,9126
7215,8070,1660,8470,9147,1679
7215,8070,1660,4173,4702,5981
7215,8070,1660,251,9938,534
7215,8070,1660,6063,9418,5694
7215,8070,1660,4428,532,9757
7215,8070,1660,6920,6442,676
7215,8070,1660,3418,8253,1879
7215,8070,1660,6728,5882,3887
7215,8070,1660,1614,4409,1336
7215,8070,1660,5867,9230,7849
7215,8070,1660,7410,7525,7023
7215,8070,1660,1345,7007,2229
7215,8070,1660,1867,1865,6959
7215,8070,1660,725,7053,4020
7215,8070,1660,254,2694,1127
7215,8070,1660,1782,6131,5367
7215,8070,1660,6816,3505,132
7215,8070,1660,877,4137,4634
7215,8070,1660,6997,9020,8593
7215,8070,1660,3279,8581,7462
7215,8070,1660,628,9134,8752
7215,8070,1660,4666,1966,3493
7215,8070,1660,6598,6834,829
7215,8070,1660,959,6562,3176
7215,8070,1660,6464,5974,3779
7215,8070,1660,222,5414,6640
7215,8070,1660,717,6926,8080
7215,8070,1660,4441,7072,8138
7215,8070,1660,4576,3687,3161
7215,8070,1660,2624,7604,5664
7215,8070,1660,5797,608,2340
7215,8070,1660,4113,1992,9304
7215,8070,1660,1100,917,8317
7215,8070,1660,1027,2253,7494
7215,8070,1660,4891,8995,8162
7215,8070,1660,2202,6426,9806
7215,8070,1660,340,7524,8753
7215,8070,1660,4518,5588,6048
7215,8070,1660,4222,581,5339
7215,8070,1660,9012,9259,3954
7215,8070,1660,4917,1866,7725
7215,8070,1660,9156,4269,2102
7215,8070,1660,8166,421,9018
7215,8070,1660,5370,9169,140
7215,8070,1660,9892,3454,1476
7215,8070,1660,7825,6518,7958
7215,8070,1660,7578,4992,2414
7215,8070,1660,8442,3251,3586
7215,8070,1660,3791,9801,9664
7215,8070,1660,8723,8533,9688
7215,8070,1660,7613,9938,92
7215,8070,1660,7304,6336,7477
7215,8070,1660,42,942,2839
7215,8070,1660,6535,6809,2392
7215,8070,1660,3539,3696,47
7215,8070,1660,4598,2131,7437
7215,8070,1660,5375,8775,7673
7215,8070,1660,3988,7224,3107
7215,8070,1660,1606,6843,591
7215,8070,1660,7315,3869,8356
7215,8070,1660,1280,9723,762
7215,8070,1660,7393,2820,1857
7215,8070,1660,8516,355,3459
7215,8070,1660,8083,1824,6022
7215,8070,1660,5368,7821,8932
7215,8070,1660,5843,829,3489
7215,8070,1660,7292,7506,4764
7215,8070,1660,5850,1343,8495
7215,8070,1660,1803,6373,879
7215,8070,1660,3537,7922,7373
7215,8070,1660,7938,3503,6703
7215,8070,1660,2194,457,8719
7215,8070,1660,2435,1903,324
7215,8070,1660,332,7037,9263
7215,8070,1660,1428,3502,6176
7215,8070,1660,4381,7759,3889
7215,8070,1660,5631,7814,3521
7215,8070,1660,8431,8307,5652
7215,8070,1660,4148,2932,8263
7215,8070,1660,9720,5166,4663
7215,8070,1660,8403,9469,1875
7215,8070,1660,6054,2041,7773
7215,8070,1660,583,714,1837
7215,8070,1660,5188,7760,5119
7215,8070,1660,8765,3299,3698
7215,8070,1660,772,5683,664
7215,8070,1660,5838,4574,7754
7215,8070,1660,4641,6474,499
7215,8070,1660,2557,8525,1089
7215,8070,1660,6066,913,6545
7215,8070,1660,1647,1614,5776
7215,8070,1660,5896,5446,3615
7215,8070,1660,5951,4549,628
7215,8070,1660,7973,9776,4863
7215,8070,1660,4393,6793,9878
7215,8070,1660,3695,8378,3509
7215,8070,1660,2856,5867,182
7215,8070,1660,5203,345,5370
7215,8070,1660,7006,5147,555
7215,8070,1660,4757,6580,3297
7215,8070,1660,64,9346,9508
7215,8070,1660,9695,8179,3303
7215,8070,1660,2307,1611,8620
7215,8070,1660,1175,5521,7230
7215,8070,1660,7537,9591,607
7215,8070,1660,3218,6229,6339
7215,8070,1660,2290,7119,30
7215,8070,1660,4763,7807,9791
7215,8070,1660,7193,2285,3065
7215,8070,1660,7073,2713,7199
7215,8070,1660,6186,3518,1752
7215,8070,1660,1304,5672,4783
7215,8070,1660,879,2781,1317
7215,8070,1660,5464,5373,7766
7215,8070,1660,1409,8449,2920
7215,8070,1660,6345,6763,8007
7215,8070,1660,7449,5893,4076
7215,8070,1660,5133,5065,5990
7215,8070,1660,2754,3874,8038
7215,8070,1660,4735,418,4402
7215,8070,1660,1123,1636,7367
7215,8070,1660,4185,1696,9486
7215,8070,1660,3412,9761,771
7215,8070,1660,9719,7600,4362
7215,8070,1660,947,9043,8887
7215,8070,1660,4416,773,6836
7215,8070,1660,124,2706,9702
7215,8070,1660,8868,959,4293
7215,8070,1660,7588,8408,9821
7215,8070,1660,6500,4739,153
7215,8070,1660,2387,4041,1991
7215,8070,1660,2626,1221,8004
7215,8070,1660,6562,3794,8553
7215,8070,1660,9476,6520,5131
7215,8070,1660,6758,4524,6166
7215,8070,1660,2007,5683,887
7215,8070,1660,814,7990,1109
7215,8070,1660,7531,5144,9400
7215,8070,1660,861,5711,8989
7215,8070,1660,4302,5420,7346
7215,8070,1660,6001,7933,5195
7215,8070,1660,2918,3647,4651
7215,8070,1660,7527,8628,1307
7215,8070,1660,1869,6685,6265
7215,8070,1660,8884,5971,6111
7215,8070,1660,826,8528,5847
7215,8070,1660,7597,3878,9859
7215,8070,1660,1450,1142,6472
7215,8070,1660,9314,4948,9794
7215,8070,1660,2719,8668,7128
7215,8070,1660,5940,1027,4596
7215,8070,1660,6282,3383,5480
7215,8070,1660,9729,3333,2948
7215,8070,1660,1495,6292,9737
7215,8070,1660,7692,2142,7476
7215,8070,1660,147,439,662
7215,8070,1660,8722,9612,5947
7215,8070,1660,2887,4563,1463
7215,8070,1660,3351,9878,882
7215,8070,1660,9600,8113,4504
7215,8070,1660,9417,3940,2444
7215,8070,1660,6822,699,3798
7215,8070,1660,1935,3565,5511
7215,8070,1660,6287,4703,4754
7215,8070,1660,7235,7315,2645
7215,8070,1660,5072,3097,5920
7215,8070,1660,3682,3122,2918
7215,8070,1660,9966,811,5887
7215,8070,1660,3191,6657,7823
7215,8070,1660,1412,429,5922
7215,8070,1660,6084,4564,6119
7215,8070,1660,4534,2869,5284
7215,8070,1660,6367,789,8466
7215,8070,1660,660,2626,796
7215,8070,1660,8760,3957,1400
7215,8070,1660,7531,1250,5651
7215,8070,1660,1409,7376,6221
7215,8070,1660,9922,5884,9947
7215,8070,1660,6182,7003,6520
7215,8070,1660,9640,7827,6007
7215,8070,1660,1588,7655,8890
7215,8070,1660,6031,8684,2022
7215,8070,1660,3510,8133,9927
7215,8070,1660,2072,3186,5003
7215,8070,1660,3702,5728,7811
7215,8070,1660,665,3403,6747
7215,8070,1660,5982,6284,8355
7215,8070,1660,1824,1344,283
7215,8070,1660,667,1324,3647
7215,8070,1660,5956,9132,5391
7215,8070,1660,3837,7297,3347
7215,8070,1660,8796,4967,3679
7215,8070,1660,8578,3357,744
