8748,4836,7859,9641,5681,4819
8748,4836,7859,2788,3961,8928
8748,4836,7859,4291,4579,9512
8748,4836,7859,1739,3723,212
8748,4836,7859,8415,1230,2709
8748,4836,7859,4610,7042,1711
8748,4836,7859,72,9862,513
8748,4836,7859,8818,2035,1588
8748,4836,7859,7391,3103,1603
8748,4836,7859,2707,3612,5587
8748,4836,7859,2051,9829,638
8748,4836,7859,6488,3001,3604
8748,4836,7859,4331,9225,1849
8748,4836,7859,8397,5719,5439
8748,4836,7859,5660,3654,7164
8748,4836,7859,6594,9090,3718
8748,4836,7859,6180,7545,144
8748,4836,7859,433,9340,6604
8748,4836,7859,7020,355,2463
8748,4836,7859,9827,5066,6132
8748,4836,7859,9906,4387,8814
8748,4836,7859,6458,7557,1247
8748,4836,7859,7666,2532,9319
8748,4836,7859,1176,9732,2686
8748,4836,7859,595,4945,8194
8748,4836,7859,2322,6048,1686
8748,4836,7859,5755,3154,873
8748,4836,7859,7755,5394,590
8748,4836,7859,1855,5765,8159
8748,4836,7859,5223,9611,5121
8748,4836,7859,2019,3456,2171
8748,4836,7859,8933,2583,4145
8748,4836,7859,7068,2118,931
8748,4836,7859,1719,6793,1989
8748,4836,7859,7442,1999,4100
8748,4836,7859,1257,2745,6184
8748,4836,7859,6288,338,5861
8748,4836,7859,1606,9448,4652
8748,4836,7859,2416,7537,6461
8748,4836,7859,6048,8458,9043
8748,4836,7859,1745,184,6325
8748,4836,7859,6836,6738,3590
8748,4836,7859,3486,6386,5928
8748,4836,7859,6181,1674,1240
8748,4836,7859,6110,8663,2494
8748,4836,7859,4258,2828,8767
8748,4836,7859,3727,126,844
8748,4836,7859,3400,6972,2974
8748,4836,7859,6520,4413,4311
8748,4836,7859,3347,1181,7507
8748,4836,7859,7546,3205,2996
8748,4836,7859,8238,7019,675
8748,4836,7859,3241,7483,491
8748,4836,7859,7155,5192,2568
8748,4836,7859,818,7774,8332
8748,4836,7859,8416,7437,3126
8748,4836,7859,334,8699,8832
8748,4836,7859,7569,7186,6082
8748,4836,7859,5394,2750,2203
8748,4836,7859,2841,6158,4294
8748,4836,7859,2373,6030,5811
8748,4836,7859,2995,1680,8311
8748,4836,7859,2778,9906,5102
8748,4836,7859,5127,85,8397
8748,4836,7859,6683,9793,4982
8748,4836,7859,2116,7569,5184
8748,4836,7859,3394,6621,4461
8748,4836,7859,7554,3712,8000
8748,4836,7859,8566,498,5219
8748,4836,7859,4658,7050,7974
8748,4836,7859,9625,3797,9332
8748,4836,7859,517,138,2681
8748,4836,7859,5048,9111,7727
8748,4836,7859,787,877,3309
8748,4836,7859,6887,4710,5677
8748,4836,7859,1173,5904,2941
8748,4836,7859,4101,979,6471
8748,4836,7859,6717,9048,2842
8748,4836,7859,6584,8287,953
8748,4836,7859,6578,8187,7966
8748,4836,7859,4176,3710,8133
8748,4836,7859,5894,3319,4872
8748,4836,7859,2969,1475,3202
8748,4836,7859,9265,2525,1643
8748,4836,7859,1497,7873,4174
8748,4836,7859,8380,3678,5557
8748,4836,7859,1182,8312,5899
8748,4836,7859,6855,8221,567
8748,4836,7859,4789,3229,3197
8748,4836,7859,3606,2010,3339
8748,4836,7859,9038,8573,6060
8748,4836,7859,7321,1926,7728
8748,4836,7859,3866,3018,6188
8748,4836,7859,7566,8597,8714
8748,4836,7859,2483,6903,9161
8748,4836,7859,9982,2040,2975
8748,4836,7859,4171,8590,4315
8748,4836,7859,205,3575,7636
8748,4836,7859,5740,5960,3411
8748,4836,7859,9498,3608,2432
8748,4836,7859,313,3359,8459
8748,4836,7859,7246,666,5538
8748,4836,7859,9396,3640,1630
8748,4836,7859,7661,485,6835
8748,4836,7859,8249,8659,8793
8748,4836,7859,7054,6726,1216
8748,4836,7859,65,9163,4945
8748,4836,7859,360,658,2185
8748,4836,7859,6681,3819,7985
8748,4836,7859,8681,9615,5614
8748,4836,7859,7145,4091,8500
8748,4836,7859,5749,8277,4871
8748,4836,7859,4699,4246,8304
8748,4836,7859,6118,3941,8535
8748,4836,7859,3876,9656,8504
8748,4836,7859,3721,1105,9458
8748,4836,7859,4447,3827,7325
8748,4836,7859,2602,3388,1440
8748,4836,7859,2397,4685,6964
8748,4836,7859,7533,6322,8141
8748,4836,7859,1236,6003,9475
8748,4836,7859,662,8020,7986
8748,4836,7859,7483,8376,3727
8748,4836,7859,1922,18,507
8748,4836,7859,8273,5483,4894
8748,4836,7859,2078,9840,3741
8748,4836,7859,8629,1546,145
8748,4836,7859,8458,2604,842
8748,4836,7859,6485,8527,7281
8748,4836,7859,2077,4044,8890
8748,4836,7859,4241,4119,7970
8748,4836,7859,7526,6208,1161
8748,4836,7859,7823,8133,8346
8748,4836,7859,3671,521,6106
8748,4836,7859,7982,105,8093
8748,4836,7859,227,4655,9707
8748,4836,7859,4241,9158,5293
8748,4836,7859,7618,546,548
8748,4836,7859,6548,8754,1054
8748,4836,7859,9564,9886,8727
8748,4836,7859,4530,1802,4047
8748,4836,7859,9603,1533,7388
8748,4836,7859,5647,2516,6800
8748,4836,7859,6207,7677,4656
8748,4836,7859,9484,7938,9173
8748,4836,7859,411,9107,6998
8748,4836,7859,4972,3800,6639
8748,4836,7859,5736,705,5274
8748,4836,7859,7921,7445,4810
8748,4836,7859,805,7894,9837
8748,4836,7859,4207,4657,8452
8748,4836,7859,2639,3503,8788
8748,4836,7859,6063,2793,5923
8748,4836,7859,659,6631,2404
8748,4836,7859,621,3845,2209
8748,4836,7859,4905,6568,4839
8748,4836,7859,5719,6754,2877
8748,4836,7859,5462,273,9643
8748,4836,7859,863,7911,7886
8748,4836,7859,2028,2350,8657
8748,4836,7859,5088,8332,5537
8748,4836,7859,1003,8541,2656
8748,4836,7859,519,8214,450
8748,4836,7859,5164,7747,9213
8748,4836,7859,5453,6917,8244
8748,4836,7859,5537,1618,7554
8748,4836,7859,7847,7432,818
8748,4836,7859,6441,1208,8820
8748,4836,7859,6135,8625,4944
8748,4836,7859,2530,2812,4902
8748,4836,7859,7356,3126,2777
8748,4836,7859,7228,2589,1839
8748,4836,7859,9576,2191,8102
8748,4836,7859,1984,5512,426
8748,4836,7859,4786,4258,7318
8748,4836,7859,7400,9001,7656
8748,4836,7859,9361,3622,3999
8748,4836,7859,9192,5015,2133
8748,4836,7859,8045,132,4168
8748,4836,7859,1098,4787,2240
8748,4836,7859,1770,2799,921
8748,4836,7859,1777,613,8992
8748,4836,7859,1075,7154,282
8748,4836,7859,9714,281,6312
8748,4836,7859,2304,7664,9945
8748,4836,7859,5042,8944,6168
8748,4836,7859,4799,3399,7474
8748,4836,7859,732,947,1701
8748,4836,7859,7028,736,7601
8748,4836,7859,206,7186,1627
8748,4836,7859,6152,2993,4727
8748,4836,7859,1525,7432,8435
8748,4836,7859,8837,6824,7519
8748,4836,7859,7599,4223,8320
8748,4836,7859,6435,9796,6073
8748,4836,7859,7882,5746,264
8748,4836,7859,4713,1506,9080
8748,4836,7859,1845,3038,6234
8748,4836,7859,7555,1627,3236
8748,4836,7859,3919,2133,1649
8748,4836,7859,8992,778,8352
8748,4836,7859,7458,7090,6991
8748,4836,7859,3938,6147,5278
8748,4836,7859,4362,1290,7942
8748,4836,7859,2154,2479,5222
8748,4836,7859,7348,4581,7889
8748,4836,7859,9532,16,1114
8748,4836,7859,5189,2709,2971
8748,4836,7859,9516,4511,1233
8748,4836,7859,8486,838,8732
8748,4836,7859,980,6216,4130
8748,4836,7859,3530,6737,5299
8748,4836,7859,7133,6461,3764
8748,4836,7859,7781,1661,5494
8748,4836,7859,116,3659,1221
8748,4836,7859,3306,3678,2801
8748,4836,7859,6961,3216,7378
8748,4836,7859,3009,7271,3611
8748,4836,7859,3779,5660,3257
8748,4836,7859,2812,2111,5451
8748,4836,7859,3401,6148,9545
8748,4836,7859,1290,8330,3431
8748,4836,7859,2182,2444,2409
8748,4836,7859,3581,7737,840
8748,4836,7859,3679,7167,7044
8748,4836,7859,1909,3465,3290
8748,4836,7859,2681,7892,9898
8748,4836,7859,7232,5769,7877
8748,4836,7859,316,8866,7944
8748,4836,7859,9331,2370,1030
8748,4836,7859,4798,2055,8939
8748,4836,7859,5998,797,5386
8748,4836,7859,8405,1780,3722
8748,4836,7859,584,6380,2251
8748,4836,7859,2098,8046,5755
8748,4836,7859,8866,2250,6449
8748,4836,7859,7341,3581,811
8748,4836,7859,8567,2172,2814
8748,4836,7859,9044,7029,4694
8748,4836,7859,3723,1297,2868
8748,4836,7859,8311,6458,8700
8748,4836,7859,8062,1464,6583
8748,4836,7859,4571,1705,9620
8748,4836,7859,3632,8188,4292
8748,4836,7859,6689,4564,4034
8748,4836,7859,4312,9591,2057
8748,4836,7859,9542,6919,5905
8748,4836,7859,2097,9992,8740
8748,4836,7859,3311,2103,9996
8748,4836,7859,3498,8747,5767
8748,4836,7859,5949,5019,9834
8748,4836,7859,7404,5943,6784
8748,4836,7859,2920,8533,8297
8748,4836,7859,8561,2506,3433
8748,4836,7859,1615,6207,3946
8748,4836,7859,1618,1443,9181
8748,4836,7859,5233,4425,3091
8748,4836,7859,6971,9868,6353
8748,4836,7859,6554,4892,2741
8748,4836,7859,2318,5159,7395
8748,4836,7859,9266,4853,9508
8748,4836,7859,3168,6720,411
8748,4836,7859,2449,7423,1800
8748,4836,7859,9810,1204,3246
8748,4836,7859,1469,725,9037
8748,4836,7859,3090,9996,8979
8748,4836,7859,8163,3788,2689
8748,4836,7859,4087,4560,2951
8748,4836,7859,2721,7106,4891
8748,4836,7859,6771,8738,4272
8748,4836,7859,4338,7223,2535
8748,4836,7859,5694,9125,4663
8748,4836,7859,970,9572,644
8748,4836,7859,82,8926,2017
8748,4836,7859,9691,7370,3914
8748,4836,7859,5472,348,2379
8748,4836,7859,9931,9028,486
8748,4836,7859,1922,2543,5070
8748,4836,7859,7209,9263,3463
8748,4836,7859,5636,7611,2441
8748,4836,7859,9755,5580,4815
8748,4836,7859,1879,3333,1329
8748,4836,7859,825,5431,3459
8748,4836,7859,7286,1292,3329
8748,4836,7859,991,9721,2904
8748,4836,7859,2129,2531,4533
8748,4836,7859,3488,7173,1438
8748,4836,7859,1217,7486,217
8748,4836,7859,4953,1969,6869
8748,4836,7859,4579,1893,6177
8748,4836,7859,5319,8363,6118
8748,4836,7859,7639,8725,4569
8748,4836,7859,1225,5242,1234
8748,4836,7859,72,6976,5254
8748,4836,7859,200,4434,3423
8748,4836,7859,2138,870,6398
8748,4836,7859,3508,3448,2609
8748,4836,7859,2794,6518,4090
8748,4836,7859,5062,9204,1182
8748,4836,7859,8825,5590,3360
8748,4836,7859,7489,3338,3706
8748,4836,7859,2454,5680,6522
8748,4836,7859,7266,4667,781
8748,4836,7859,8672,5379,4643
8748,4836,7859,7166,7407,527
8748,4836,7859,2944,6691,4920
8748,4836,7859,4705,1232,3282
8748,4836,7859,3684,3561,8836
8748,4836,7859,5425,4917,9494
8748,4836,7859,6437,5376,6393
8748,4836,7859,5388,6069,1923
8748,4836,7859,6540,4572,3548
8748,4836,7859,6898,6266,1604
8748,4836,7859,8552,7721,1973
8748,4836,7859,7182,9038,2820
8748,4836,7859,118,1321,9390
8748,4836,7859,6237,6149,5042
8748,4836,7859,436,431,5190
8748,4836,7859,848,41,3781
8748,4836,7859,3269,9028,9700
8748,4836,7859,9164,9018,1427
8748,4836,7859,3614,2721,9747
8748,4836,7859,129,8153,9392
8748,4836,7859,6077,9249,1613
8748,4836,7859,8979,2836,2495
8748,4836,7859,6090,9743,1133
8748,4836,7859,9222,839,3719
8748,4836,7859,275,7162,1349
8748,4836,7859,1511,1175,1094
8748,4836,7859,2967,1905,6803
8748,4836,7859,4965,3355,1901
8748,4836,7859,7747,4225,9400
8748,4836,7859,4077,7120,8798
8748,4836,7859,8204,4583,6697
8748,4836,7859,6033,3558,3305
8748,4836,7859,1200,5124,1647
8748,4836,7859,7488,873,9918
8748,4836,7859,1305,2941,1962
8748,4836,7859,2972,1119,5256
8748,4836,7859,7132,4467,6084
8748,4836,7859,4076,980,7269
8748,4836,7859,6937,9428,5213
8748,4836,7859,5605,4247,3135
8748,4836,7859,8002,752,5835
8748,4836,7859,5482,674,4938
8748,4836,7859,6256,1183,235
8748,4836,7859,7253,1361,8315
8748,4836,7859,6266,7079,8999
8748,4836,7859,3858,1095,5362
8748,4836,7859,5651,7489,1768
8748,4836,7859,4768,2910,5707
8748,4836,7859,6405,1314,5808
8748,4836,7859,2761,5665,5830
8748,4836,7859,4896,8032,1632
8748,4836,7859,3089,2673,5464
8748,4836,7859,6131,9165,6741
8748,4836,7859,2043,4326,8547
8748,4836,7859,8155,6847,5603
8748,4836,7859,1047,3034,5584
8748,4836,7859,8786,6170,790
8748,4836,7859,7934,9253,6681
8748,4836,7859,4580,9069,6844
8748,4836,7859,3199,9451,4250
8748,4836,7859,6776,4786,1842
8748,4836,7859,2475,5514,6910
8748,4836,7859,2902,6991,9027
8748,4836,7859,9877,4140,790
8748,4836,7859,3603,6425,9151
8748,4836,7859,4404,5906,9611
8748,4836,7859,6995,5326,2379
8748,4836,7859,5171,5116,2830
8748,4836,7859,4164,7885,2185
8748,4836,7859,5856,8399,2662
8748,4836,7859,2120,7183,5519
8748,4836,7859,9720,472,8573
8748,4836,7859,1062,3727,7334
8748,4836,7859,7160,8915,4957
8748,4836,7859,665,5950,2541
8748,4836,7859,6076,9462,4823
8748,4836,7859,7012,5004,567
8748,4836,7859,5232,8222,7275
8748,4836,7859,1438,5429,8025
8748,4836,7859,5371,6906,748
8748,4836,7859,2315,8380,3280
8748,4836,7859,3636,6896,3513
8748,4836,7859,5354,1867,7505
8748,4836,7859,7321,1248,3489
8748,4836,7859,1839,1074,849
8748,4836,7859,2809,1864,2735
8748,4836,7859,6805,1711,2480
8748,4836,7859,2996,6171,563
8748,4836,7859,4219,6421,4217
8748,4836,7859,5522,6104,935
8748,4836,7859,2652,7211,9222
8748,4836,7859,3033,3353,2554
8748,4836,7859,5662,5490,3206
8748,4836,7859,2471,9843,7363
8748,4836,7859,8918,8406,2696
8748,4836,7859,3809,8087,9252
8748,4836,7859,7464,8015,6214
8748,4836,7859,726,5059,2808
8748,4836,7859,9061,8231,6129
8748,4836,7859,5248,6267,8732
8748,4836,7859,7963,1966,7565
8748,4836,7859,8599,243,5849
8748,4836,7859,907,8505,3053
8748,4836,7859,6768,6588,8405
8748,4836,7859,6121,2510,831
8748,4836,7859,717,907,1880
8748,4836,7859,783,2276,1836
8748,4836,7859,942,5581,1910
8748,4836,7859,63,192,6726
8748,4836,7859,8802,6590,1454
8748,4836,7859,7573,2168,2080
8748,4836,7859,6000,3143,1793
8748,4836,7859,2792,893,2718
8748,4836,7859,6071,8672,608
8748,4836,7859,875,7192,8483
8748,4836,7859,7726,6223,6089
8748,4836,7859,9383,4038,7975
8748,4836,7859,9083,7929,6296
8748,4836,7859,4823,1654,58
8748,4836,7859,5674,6380,5365
8748,4836,7859,8180,227,7697
8748,4836,7859,1424,5802,5681
8748,4836,7859,7119,1545,278
8748,4836,7859,4993,652,1386
8748,4836,7859,7667,2991,4387
8748,4836,7859,6138,590,7823
8748,4836,7859,761,683,8673
8748,4836,7859,3297,3176,8039
8748,4836,7859,108,9795,6659
8748,4836,7859,7966,3942,8089
8748,4836,7859,9585,8301,2444
8748,4836,7859,7382,1962,3157
8748,4836,7859,7501,3765,3958
8748,4836,7859,573,5913,4647
8748,4836,7859,6040,9595,1692
8748,4836,7859,44,5843,6832
8748,4836,7859,3131,3871,7371
8748,4836,7859,1941,1153,2747
8748,4836,7859,6915,3139,4009
8748,4836,7859,6274,7782,5355
8748,4836,7859,8696,9274,3589
8748,4836,7859,5822,8345,7781
8748,4836,7859,2019,78,1903
8748,4836,7859,7928,3139,667
8748,4836,7859,7496,9333,7627
8748,4836,7859,9460,8416,1400
8748,4836,7859,6329,5886,4330
8748,4836,7859,432,1935,5757
8748,4836,7859,1785,3319,2892
8748,4836,7859,9150,279,7965
8748,4836,7859,4090,7631,5242
8748,4836,7859,9157,108,9068
8748,4836,7859,4812,6634,5571
8748,4836,7859,5848,5181,1312
8748,4836,7859,8872,2493,8447
8748,4836,7859,8110,4562,366
8748,4836,7859,7525,682,7524
8748,4836,7859,5295,209,6739
8748,4836,7859,6737,2953,476
8748,4836,7859,6076,670,3753
8748,4836,7859,6110,3583,625
8748,4836,7859,4640,9427,7675
8748,4836,7859,8353,6493,6751
8748,4836,7859,1458,9708,9436
8748,4836,7859,7811,4255,5146
8748,4836,7859,2372,9820,8307
8748,4836,7859,7591,5399,6872
8748,4836,7859,4869,3057,8245
8748,4836,7859,8190,6534,2296
8748,4836,7859,9998,4045,9183
8748,4836,7859,3060,4986,3909
8748,4836,7859,762,2041,7986
8748,4836,7859,8181,8467,3348
8748,4836,7859,2798,4352,448
8748,4836,7859,9861,957,8281
8748,4836,7859,4681,5459,8556
8748,4836,7859,7488,751,7419
8748,4836,7859,2486,6484,4326
8748,4836,7859,4257,2087,3966
8748,4836,7859,4024,6670,7932
8748,4836,7859,8137,4525,1119
8748,4836,7859,2161,3446,9309
8748,4836,7859,3468,3926,6198
8748,4836,7859,5579,957,1476
8748,4836,7859,9097,5823,9137
8748,4836,7859,1875,8881,7828
8748,4836,7859,2473,4478,8942
8748,4836,7859,4912,210,4868
8748,4836,7859,1914,4933,1993
8748,4836,7859,2456,2017,651
8748,4836,7859,5298,8786,4415
8748,4836,7859,4682,2774,8550
8748,4836,7859,5449,9158,5436
8748,4836,7859,3393,1323,9002
8748,4836,7859,2211,3280,4146
8748,4836,7859,6039,5429,4521
8748,4836,7859,4785,4341,2358
8748,4836,7859,8547,3378,9505
8748,4836,7859,1346,5318,581
8748,4836,7859,6577,7788,7785
8748,4836,7859,6652,5804,4284
8748,4836,7859,204,4476,8753
8748,4836,7859,9047,282,8678
8748,4836,7859,8863,3504,5656
8748,4836,7859,2619,6440,5709
8748,4836,7859,157,2503,8070
8748,4836,7859,1062,3528,615
