8075,9007,8514,1594,9560,6897
8075,9007,8514,2308,9549,2856
8075,9007,8514,8474,6935,6996
8075,9007,8514,3463,9950,9009
8075,9007,8514,2136,428,3799
8075,9007,8514,7944,3778,6338
8075,9007,8514,9580,5397,7561
8075,9007,8514,627,5496,7062
8075,9007,8514,9691,7111,9446
8075,9007,8514,6706,7244,4190
8075,9007,8514,2536,9855,2084
8075,9007,8514,9689,1781,7832
8075,9007,8514,8210,3294,4659
8075,9007,8514,296,3198,748
8075,9007,8514,2694,271,8892
8075,9007,8514,3409,7037,16
8075,9007,8514,9320,8438,7717
8075,9007,8514,6878,6870,9926
8075,9007,8514,9691,4485,9174
8075,9007,8514,7176,5912,494
8075,9007,8514,7505,2365,2831
8075,9007,8514,5076,9976,9321
8075,9007,8514,5483,546,2055
8075,9007,8514,8265,6927,46
8075,9007,8514,1902,9805,1707
8075,9007,8514,9845,460,5841
8075,9007,8514,5926,8366,3804
8075,9007,8514,4123,2305,1081
8075,9007,8514,1121,8824,6330
8075,9007,8514,8542,9681,8880
8075,9007,8514,7436,9190,7022
8075,9007,8514,154,7666,5942
8075,9007,8514,9409,9460,4086
8075,9007,8514,4150,2256,8403
8075,9007,8514,9998,9268,9155
8075,9007,8514,1625,210,1958
8075,9007,8514,6831,6583,1759
8075,9007,8514,1895,9274,8540
8075,9007,8514,5836,3825,7531
8075,9007,8514,3278,82,8876
8075,9007,8514,557,1317,367
8075,9007,8514,7475,6271,1732
8075,9007,8514,6123,1849,529
8075,9007,8514,2021,9034,176
8075,9007,8514,2393,6314,9615
8075,9007,8514,2104,219,7201
8075,9007,8514,58,6379,8231
8075,9007,8514,5540,8753,8485
8075,9007,8514,7925,6851,6155
8075,9007,8514,9426,6251,9732
8075,9007,8514,7494,2766,6581
8075,9007,8514,6862,3040,7839
8075,9007,8514,4539,2691,3340
8075,9007,8514,3,9901,4977
8075,9007,8514,4755,1949,3765
8075,9007,8514,9028,4521,8935
8075,9007,8514,9949,3923,1304
8075,9007,8514,1902,4381,435
8075,9007,8514,3502,4964,7350
8075,9007,8514,9574,4425,6373
8075,9007,8514,6959,3942,1318
8075,9007,8514,4051,2672,1426
8075,9007,8514,9368,9511,5083
8075,9007,8514,9805,7095,7263
8075,9007,8514,2851,1900,822
8075,9007,8514,9213,9861,6710
8075,9007,8514,7582,5798,6295
8075,9007,8514,7749,6920,2861
8075,9007,8514,8136,7391,5585
8075,9007,8514,6710,3062,8463
8075,9007,8514,6414,1685,9668
8075,9007,8514,6323,9065,7647
8075,9007,8514,5753,4687,2069
8075,9007,8514,373,4636,1312
8075,9007,8514,3055,3158,6812
8075,9007,8514,9565,7101,9761
8075,9007,8514,1980,4041,8068
8075,9007,8514,7720,7603,6066
8075,9007,8514,7113,1540,5514
8075,9007,8514,2480,5639,9759
8075,9007,8514,7888,8775,7823
8075,9007,8514,5982,1776,9842
8075,9007,8514,9938,7854,6235
8075,9007,8514,2052,3029,9287
8075,9007,8514,3028,9454,128
8075,9007,8514,4824,8754,7795
8075,9007,8514,8527,2237,9708
8075,9007,8514,3529,4170,902
8075,9007,8514,6275,2776,1743
8075,9007,8514,382,420,4141
8075,9007,8514,3501,9317,6193
8075,9007,8514,3150,2958,1839
8075,9007,8514,1498,4135,3837
8075,9007,8514,8724,5567,3640
8075,9007,8514,6818,4912,7935
8075,9007,8514,8915,6338,1230
8075,9007,8514,3893,7379,7495
8075,9007,8514,5152,9301,7680
8075,9007,8514,3436,7445,1904
8075,9007,8514,9787,3424,9010
8075,9007,8514,2512,5204,1668
8075,9007,8514,6977,949,7566
8075,9007,8514,6070,7469,9985
8075,9007,8514,5703,8465,4983
8075,9007,8514,1559,3643,9684
8075,9007,8514,9270,6791,2421
8075,9007,8514,6464,7673,370
8075,9007,8514,5610,9400,585
8075,9007,8514,1240,5836,4508
8075,9007,8514,3524,8337,2857
8075,9007,8514,2531,3202,8384
8075,9007,8514,1444,6373,9214
8075,9007,8514,2903,5376,635
8075,9007,8514,3387,9526,6200
8075,9007,8514,6331,6098,3490
8075,9007,8514,222,8763,6429
8075,9007,8514,1396,8426,2078
8075,9007,8514,6612,4412,5583
8075,9007,8514,2250,294,306
8075,9007,8514,9576,28,2274
8075,9007,8514,4797,6315,1241
8075,9007,8514,1929,2671,5159
8075,9007,8514,8867,6746,711
8075,9007,8514,9110,1317,96
8075,9007,8514,3977,8458,2600
8075,9007,8514,5491,4491,2259
8075,9007,8514,4599,6499,6440
8075,9007,8514,1629,8737,6613
8075,9007,8514,88,8809,523
8075,9007,8514,6808,3447,638
8075,9007,8514,4376,7967,951
8075,9007,8514,3988,3005,5544
8075,9007,8514,308,950,8356
8075,9007,8514,2740,2100,9278
8075,9007,8514,620,5522,8510
8075,9007,8514,2465,9820,465
8075,9007,8514,9119,3402,1440
8075,9007,8514,7717,3954,6967
8075,9007,8514,1542,1664,7405
8075,9007,8514,1289,6625,5827
8075,9007,8514,4775,3081,6874
8075,9007,8514,7042,6033,4692
8075,9007,8514,1342,2818,9786
8075,9007,8514,3296,4059,7552
8075,9007,8514,1099,7408,1467
8075,9007,8514,6685,8330,3412
8075,9007,8514,8373,799,1432
8075,9007,8514,819,1912,8135
8075,9007,8514,7376,9362,1096
8075,9007,8514,7808,6349,5351
8075,9007,8514,5207,5786,9726
8075,9007,8514,5520,916,1522
8075,9007,8514,5135,4227,2403
8075,9007,8514,4832,2948,2795
8075,9007,8514,8130,5847,7956
8075,9007,8514,4225,2022,70
8075,9007,8514,1056,3492,8426
8075,9007,8514,2357,8259,4475
8075,9007,8514,9770,2469,5848
8075,9007,8514,487,1854,7986
8075,9007,8514,4387,8190,7544
8075,9007,8514,8716,7928,3284
8075,9007,8514,4250,3886,4180
8075,9007,8514,8104,678,2018
8075,9007,8514,2859,5282,650
8075,9007,8514,1038,1592,9316
8075,9007,8514,4565,1610,4822
8075,9007,8514,3038,2707,2627
8075,9007,8514,2970,3271,5651
8075,9007,8514,7179,1658,8057
8075,9007,8514,364,9590,6962
8075,9007,8514,7246,2010,3657
8075,9007,8514,5808,658,2724
8075,9007,8514,9716,9607,7
8075,9007,8514,7107,8342,4387
8075,9007,8514,3149,3615,6718
8075,9007,8514,1230,8683,5539
8075,9007,8514,8896,6796,5707
8075,9007,8514,9981,9390,4731
8075,9007,8514,4167,911,6384
8075,9007,8514,7631,3183,9940
8075,9007,8514,3481,68,7968
8075,9007,8514,5690,590,1148
8075,9007,8514,877,3328,1802
8075,9007,8514,9180,4208,317
8075,9007,8514,4043,9898,8451
8075,9007,8514,1020,4321,2994
8075,9007,8514,2413,5823,8689
8075,9007,8514,9300,2994,4755
8075,9007,8514,3184,3368,2465
8075,9007,8514,6911,3568,1173
8075,9007,8514,1080,4135,300
8075,9007,8514,9366,1658,7767
8075,9007,8514,2311,3556,4840
8075,9007,8514,2566,8793,1826
8075,9007,8514,481,3816,897
8075,9007,8514,3071,85,4990
8075,9007,8514,5334,6759,2390
8075,9007,8514,7083,9609,2317
8075,9007,8514,9275,9054,8597
8075,9007,8514,9993,1567,7764
8075,9007,8514,2258,3969,109
8075,9007,8514,2626,7175,2441
8075,9007,8514,5697,9449,60
8075,9007,8514,9925,8946,7650
8075,9007,8514,3134,6451,9453
8075,9007,8514,3847,1731,8916
8075,9007,8514,893,168,2483
8075,9007,8514,1226,1487,8342
8075,9007,8514,5799,3311,5377
8075,9007,8514,2287,2870,7572
8075,9007,8514,936,714,37
8075,9007,8514,2348,5537,715
8075,9007,8514,2795,8404,612
8075,9007,8514,4592,4935,5216
8075,9007,8514,8413,1938,3269
8075,9007,8514,847,9369,9959
8075,9007,8514,4901,9733,2068
8075,9007,8514,2783,5951,7078
8075,9007,8514,2524,7261,2827
8075,9007,8514,8038,5646,1032
8075,9007,8514,595,4007,2160
8075,9007,8514,6731,6924,9274
8075,9007,8514,1061,8577,7211
8075,9007,8514,1197,8164,1463
8075,9007,8514,7666,1474,6983
8075,9007,8514,1838,7582,1747
8075,9007,8514,1420,862,3815
8075,9007,8514,512,7483,1492
8075,9007,8514,2115,7275,4386
8075,9007,8514,2723,2908,9744
8075,9007,8514,3810,3959,5221
8075,9007,8514,6241,1077,9804
8075,9007,8514,3065,1328,6419
8075,9007,8514,4921,7828,3203
8075,9007,8514,5477,1679,1728
8075,9007,8514,9511,1603,6083
8075,9007,8514,7192,8496,3761
8075,9007,8514,7010,3575,8430
8075,9007,8514,1804,8596,4360
8075,9007,8514,7604,3577,8093
8075,9007,8514,3718,3681,6661
8075,9007,8514,1776,686,9036
8075,9007,8514,141,2147,508
8075,9007,8514,1632,5206,7161
8075,9007,8514,5811,7960,2357
8075,9007,8514,9196,3738,1465
8075,9007,8514,6451,1854,6687
8075,9007,8514,7566,3289,3361
8075,9007,8514,5403,2258,8813
8075,9007,8514,1657,2589,4361
8075,9007,8514,509,7653,6548
8075,9007,8514,3531,6547,8008
8075,9007,8514,5542,453,2548
8075,9007,8514,2428,1044,6677
8075,9007,8514,9565,315,1932
8075,9007,8514,3730,4362,1090
8075,9007,8514,7468,651,9771
8075,9007,8514,9772,1837,9925
8075,9007,8514,434,7513,6528
8075,9007,8514,8623,2430,5493
8075,9007,8514,9429,7965,9059
8075,9007,8514,3716,8032,6376
8075,9007,8514,4109,9390,1801
8075,9007,8514,7417,6596,6357
8075,9007,8514,4600,1539,2941
8075,9007,8514,7012,4974,5629
8075,9007,8514,7176,7022,4574
8075,9007,8514,2571,2500,6005
8075,9007,8514,3087,7858,9557
8075,9007,8514,6921,9221,4646
8075,9007,8514,5212,1621,2971
8075,9007,8514,189,3293,8285
8075,9007,8514,146,3906,4946
8075,9007,8514,6815,310,4721
8075,9007,8514,3671,5211,1843
8075,9007,8514,5490,2137,7315
8075,9007,8514,8505,5646,2150
8075,9007,8514,770,7365,757
8075,9007,8514,1582,4336,3585
8075,9007,8514,330,187,6101
8075,9007,8514,8533,8513,9058
8075,9007,8514,4263,2669,4083
8075,9007,8514,2595,9404,259
8075,9007,8514,9218,6813,4021
8075,9007,8514,4666,4134,4901
8075,9007,8514,6436,4888,5978
8075,9007,8514,8232,6121,4811
8075,9007,8514,9849,2063,9092
8075,9007,8514,147,8105,5355
8075,9007,8514,1818,5144,6738
8075,9007,8514,1438,4793,5945
8075,9007,8514,5345,930,6257
8075,9007,8514,7762,7506,7757
8075,9007,8514,5888,2963,2802
8075,9007,8514,3190,5466,276
8075,9007,8514,5869,9766,4318
8075,9007,8514,4360,6243,329
8075,9007,8514,7436,4755,1333
8075,9007,8514,196,1564,6929
8075,9007,8514,3323,3332,7908
8075,9007,8514,2556,5655,777
8075,9007,8514,9905,8481,4525
8075,9007,8514,6190,9355,3948
8075,9007,8514,9360,6256,4286
8075,9007,8514,3052,4118,6812
8075,9007,8514,6257,4131,3374
8075,9007,8514,6899,6282,7020
8075,9007,8514,522,7087,9166
8075,9007,8514,3711,2803,7484
8075,9007,8514,9129,3670,8269
8075,9007,8514,2964,1515,7426
8075,9007,8514,6583,5972,2463
8075,9007,8514,9912,5284,7224
8075,9007,8514,1995,431,8353
8075,9007,8514,7445,2856,9198
8075,9007,8514,491,3377,2928
8075,9007,8514,5401,7273,6856
8075,9007,8514,328,9461,9358
8075,9007,8514,7545,9389,4799
8075,9007,8514,6762,2969,2245
8075,9007,8514,8766,2552,6969
8075,9007,8514,1520,6316,2387
8075,9007,8514,3560,2944,5854
8075,9007,8514,6164,2645,669
8075,9007,8514,3354,5538,9346
8075,9007,8514,1591,3080,2386
8075,9007,8514,7381,3535,2427
8075,9007,8514,6919,5993,1330
8075,9007,8514,1555,1120,1112
8075,9007,8514,9914,2212,5620
8075,9007,8514,1261,7745,2682
8075,9007,8514,1483,90,5504
8075,9007,8514,8424,4433,2639
8075,9007,8514,7286,3906,9530
8075,9007,8514,8840,6305,1456
8075,9007,8514,2618,3998,7889
8075,9007,8514,7069,9529,1073
8075,9007,8514,7515,2414,6802
8075,9007,8514,3384,9556,2473
8075,9007,8514,4225,6560,8866
8075,9007,8514,9989,5892,4375
8075,9007,8514,987,6897,8836
8075,9007,8514,1036,9202,6202
8075,9007,8514,7339,882,9925
8075,9007,8514,9825,5347,2066
8075,9007,8514,726,7058,793
8075,9007,8514,9031,2588,8431
8075,9007,8514,2034,6120,5159
8075,9007,8514,6716,9481,1014
8075,9007,8514,494,7513,659
8075,9007,8514,2613,5165,1945
8075,9007,8514,7997,8122,5624
8075,9007,8514,4153,9710,8945
8075,9007,8514,2308,9024,5633
8075,9007,8514,8011,3190,4724
8075,9007,8514,8914,6955,9792
8075,9007,8514,1710,9985,3158
8075,9007,8514,9778,5619,2682
8075,9007,8514,5651,9003,4221
8075,9007,8514,3074,1612,3382
8075,9007,8514,4268,1288,7559
8075,9007,8514,8801,1078,5534
8075,9007,8514,7783,7309,3705
8075,9007,8514,384,8846,9613
8075,9007,8514,9810,1902,424
8075,9007,8514,1566,4500,37
8075,9007,8514,5831,7389,4716
8075,9007,8514,453,3599,7765
8075,9007,8514,7561,8501,3907
8075,9007,8514,5621,1416,187
8075,9007,8514,8392,2106,701
8075,9007,8514,8444,4764,1619
8075,9007,8514,9646,2617,4805
8075,9007,8514,7456,1112,1784
8075,9007,8514,9209,51,6840
8075,9007,8514,3610,4378,4479
8075,9007,8514,2718,5364,9049
8075,9007,8514,4744,7410,6179
8075,9007,8514,2027,576,9338
8075,9007,8514,5661,9224,9633
8075,9007,8514,2995,14,564
8075,9007,8514,9425,370,2153
8075,9007,8514,9367,1756,9484
8075,9007,8514,2840,3568,8790
8075,9007,8514,3026,5333,2796
8075,9007,8514,8448,702,3840
8075,9007,8514,8133,2853,2489
8075,9007,8514,493,6940,4405
8075,9007,8514,8425,626,8622
8075,9007,8514,5229,9004,5054
8075,9007,8514,291,3787,9924
8075,9007,8514,513,4788,4634
8075,9007,8514,3896,5824,2248
8075,9007,8514,3195,9485,7085
8075,9007,8514,5148,9577,4365
8075,9007,8514,7812,974,3793
8075,9007,8514,5622,4746,9150
8075,9007,8514,9606,9368,9073
8075,9007,8514,8455,6012,7678
8075,9007,8514,2907,622,8161
8075,9007,8514,7265,6273,8209
8075,9007,8514,5294,7278,3255
8075,9007,8514,9438,9945,5423
8075,9007,8514,448,5177,1113
8075,9007,8514,8219,3547,1152
8075,9007,8514,2083,1560,7828
8075,9007,8514,4562,4531,3197
8075,9007,8514,6295,3778,6352
8075,9007,8514,7842,7062,8184
8075,9007,8514,3209,7028,3379
8075,9007,8514,8989,2033,2616
8075,9007,8514,421,4749,8521
8075,9007,8514,8161,5615,8049
8075,9007,8514,4922,6391,4456
8075,9007,8514,496,5600,170
8075,9007,8514,1710,4263,7287
8075,9007,8514,352,1275,302
8075,9007,8514,6074,6494,2322
8075,9007,8514,6581,7279,6681
8075,9007,8514,7213,5459,8329
8075,9007,8514,9636,7193,355
8075,9007,8514,4941,7468,6999
8075,9007,8514,6720,1775,5227
8075,9007,8514,9156,7455,706
8075,9007,8514,8914,6688,405
8075,9007,8514,1156,5758,8530
8075,9007,8514,7772,5170,6421
8075,9007,8514,1355,1712,994
8075,9007,8514,8694,2665,513
8075,9007,8514,318,8676,5495
8075,9007,8514,8616,5471,1694
8075,9007,8514,1595,6296,2431
8075,9007,8514,4831,6887,1927
8075,9007,8514,8012,753,2117
8075,9007,8514,7827,3374,4020
8075,9007,8514,7467,7260,8108
8075,9007,8514,5264,3464,7792
8075,9007,8514,3427,1639,6807
8075,9007,8514,6627,3325,1822
8075,9007,8514,9376,9465,3325
8075,9007,8514,8438,8802,3471
8075,9007,8514,6253,8262,1465
8075,9007,8514,3281,3801,4137
8075,9007,8514,6457,5832,9617
8075,9007,8514,8326,8897,4969
8075,9007,8514,6005,6262,7903
8075,9007,8514,6405,6251,2221
8075,9007,8514,4062,2814,7150
8075,9007,8514,2086,5767,9127
8075,9007,8514,3672,8157,7926
8075,9007,8514,7051,9714,6746
8075,9007,8514,289,2658,8275
8075,9007,8514,5764,2926,1023
8075,9007,8514,2579,9760,5622
8075,9007,8514,7368,7415,128
8075,9007,8514,7440,986,2045
8075,9007,8514,1025,1094,8463
8075,9007,8514,1506,4745,678
8075,9007,8514,5146,3684,6001
8075,9007,8514,7844,3850,581
8075,9007,8514,2790,8190,2086
8075,9007,8514,4783,8365,5717
8075,9007,8514,6737,7032,4580
8075,9007,8514,8426,5044,2352
8075,9007,8514,2993,2121,5747
8075,9007,8514,1299,1251,887
8075,9007,8514,3177,909,3610
8075,9007,8514,3444,1406,4018
8075,9007,8514,6608,1751,766
8075,9007,8514,7402,1331,3983
8075,9007,8514,4389,5667,9672
8075,9007,8514,7960,2755,2292
8075,9007,8514,9919,6618,6432
8075,9007,8514,1136,8018,2343
8075,9007,8514,5176,2181,4581
8075,9007,8514,9242,6129,8326
8075,9007,8514,3908,6354,3169
8075,9007,8514,6735,4533,1395
8075,9007,8514,6691,4346,7338
8075,9007,8514,3604,4307,9623
8075,9007,8514,6761,8856,3284
8075,9007,8514,2347,8008,3001
8075,9007,8514,3932,5541,2316
8075,9007,8514,4184,2054,7162
8075,9007,8514,3511,6685,2898
8075,9007,8514,6569,1765,7039
8075,9007,8514,1964,2715,45
8075,9007,8514,4712,3208,8591
8075,9007,8514,1998,2599,7623
8075,9007,8514,2501,4216,2176
8075,9007,8514,9219,9545,951
8075,9007,8514,1327,2582,5597
8075,9007,8514,5382,7495,1047
8075,9007,8514,9481,802,9204
8075,9007,8514,525,2402,4833
8075,9007,8514,3003,5683,7964
8075,9007,8514,7271,8360,2966
8075,9007,8514,3034,8176,2617
8075,9007,8514,9734,7087,5194
8075,9007,8514,1421,6895,9654
8075,9007,8514,65,8980,9525
8075,9007,8514,9242,4187,8539
8075,9007,8514,8137,4224,4469
8075,9007,8514,6401,3865,1657
8075,9007,8514,7672,250,7708
8075,9007,8514,4024,7592,1164
8075,9007,8514,6644,5185,8981
8075,9007,8514,531,6229,2655
8075,9007,8514,8603,2599,4610
