5522,6339,8391,4030,4328,472
5522,6339,8391,7777,242,1796
5522,6339,8391,5871,6023,6722
5522,6339,8391,6386,728,2331
5522,6339,8391,7529,6099,2767
5522,6339,8391,498,8204,1149
5522,6339,8391,2214,7449,3618
5522,6339,8391,2298,8826,4742
5522,6339,8391,4840,3995,6371
5522,6339,8391,7562,2412,2355
5522,6339,8391,8390,9989,1308
5522,6339,8391,8469,2206,7417
5522,6339,8391,14,3636,7646
5522,6339,8391,2048,3468,4375
5522,6339,8391,8598,2194,612
5522,6339,8391,6394,438,9076
5522,6339,8391,8995,6134,3610
5522,6339,8391,4362,4300,6113
5522,6339,8391,441,6682,7578
5522,6339,8391,544,4712,9715
5522,6339,8391,2897,8413,5597
5522,6339,8391,6420,1996,5667
5522,6339,8391,2148,1663,3686
5522,6339,8391,1379,1265,9946
5522,6339,8391,8365,4666,7822
5522,6339,8391,471,6702,2475
5522,6339,8391,983,3833,456
5522,6339,8391,6348,6466,2952
5522,6339,8391,6763,9861,1786
5522,6339,8391,6006,9810,7464
5522,6339,8391,3470,4933,4220
5522,6339,8391,7738,5892,7896
5522,6339,8391,3152,9229,1881
5522,6339,8391,7869,3966,2880
5522,6339,8391,7041,7920,5866
5522,6339,8391,7583,5023,9331
5522,6339,8391,9187,4098,1459
5522,6339,8391,3814,3021,2790
5522,6339,8391,1522,8671,6015
5522,6339,8391,2945,2677,2562
5522,6339,8391,296,678,520
5522,6339,8391,6348,1362,1902
5522,6339,8391,7306,4668,6965
5522,6339,8391,7776,3888,3200
5522,6339,8391,9767,249,6123
5522,6339,8391,223,4521,6121
5522,6339,8391,1211,7435,8033
5522,6339,8391,9430,6688,1827
5522,6339,8391,3049,5348,6312
5522,6339,8391,3787,4053,1655
5522,6339,8391,9241,1708,2433
5522,6339,8391,5592,5698,39
5522,6339,8391,7341,1676,467
5522,6339,8391,3840,5974,2723
5522,6339,8391,9739,4505,4019
5522,6339,8391,1735,7989,2882
5522,6339,8391,6299,213,9777
5522,6339,8391,4894,8025,8318
5522,6339,8391,9615,6491,9944
5522,6339,8391,1074,7401,6220
5522,6339,8391,6956,4140,3581
5522,6339,8391,6095,389,633
5522,6339,8391,2502,5146,4851
5522,6339,8391,7557,8361,8241
5522,6339,8391,2712,578,4839
5522,6339,8391,5509,6355,1647
5522,6339,8391,1849,2897,8007
5522,6339,8391,1981,1170,5558
5522,6339,8391,5517,559,9731
5522,6339,8391,2231,3823,993
5522,6339,8391,5327,4308,5440
5522,6339,8391,3607,2454,5194
5522,6339,8391,4555,4990,4223
5522,6339,8391,7240,5239,4690
5522,6339,8391,5418,1362,933
5522,6339,8391,1496,3416,1598
5522,6339,8391,7846,9763,3204
5522,6339,8391,9662,616,760
5522,6339,8391,599,2754,827
5522,6339,8391,7172,2968,2094
5522,6339,8391,2022,8232,9450
5522,6339,8391,3945,5484,2847
5522,6339,8391,8809,1847,7534
5522,6339,8391,2765,880,7201
5522,6339,8391,909,9097,5598
5522,6339,8391,384,5848,3736
5522,6339,8391,7091,861,2757
5522,6339,8391,5263,791,9848
5522,6339,8391,7148,8815,1320
5522,6339,8391,8329,9925,2637
5522,6339,8391,7501,8510,1828
5522,6339,8391,1440,9822,9496
5522,6339,8391,8903,3748,741
5522,6339,8391,570,9440,6722
5522,6339,8391,7350,6595,5062
5522,6339,8391,1819,8997,4961
5522,6339,8391,7837,3294,8017
5522,6339,8391,5655,3448,2598
5522,6339,8391,3000,2368,6307
5522,6339,8391,7908,3397,2403
5522,6339,8391,5577,3883,4252
5522,6339,8391,7653,4997,4150
5522,6339,8391,8966,3252,3189
5522,6339,8391,568,9812,6704
5522,6339,8391,5111,1968,144
5522,6339,8391,2080,268,5458
5522,6339,8391,9315,3312,4369
5522,6339,8391,8360,3162,7778
5522,6339,8391,118,1875,8495
5522,6339,8391,3265,6046,6856
5522,6339,8391,3175,9174,6433
5522,6339,8391,534,5473,1261
5522,6339,8391,8791,4810,7723
5522,6339,8391,4651,9941,9010
5522,6339,8391,5395,266,1412
5522,6339,8391,7866,8619,7104
5522,6339,8391,4657,6171,8790
5522,6339,8391,4875,4320,6789
5522,6339,8391,2352,7900,6945
5522,6339,8391,892,7094,5281
5522,6339,8391,4750,9635,3099
5522,6339,8391,6361,8785,7870
5522,6339,8391,175,5789,6646
5522,6339,8391,1681,3668,2346
5522,6339,8391,2848,401,7607
5522,6339,8391,7410,6457,8010
5522,6339,8391,4832,1840,2337
5522,6339,8391,6200,1808,2686
5522,6339,8391,2370,5954,9637
5522,6339,8391,4577,4438,8749
5522,6339,8391,2405,9520,192
5522,6339,8391,1249,7643,7481
5522,6339,8391,9800,8019,6854
5522,6339,8391,3908,5065,1651
5522,6339,8391,8496,3885,2894
5522,6339,8391,4929,8418,4431
5522,6339,8391,2733,2458,5668
5522,6339,8391,5812,4669,8336
5522,6339,8391,602,3422,7159
5522,6339,8391,4822,1339,1833
5522,6339,8391,4358,8646,7463
5522,6339,8391,712,8552,1988
5522,6339,8391,4989,5890,6672
5522,6339,8391,6605,8458,8742
5522,6339,8391,427,7429,5804
5522,6339,8391,4712,5276,6446
5522,6339,8391,3503,8294,3728
5522,6339,8391,4009,7938,7672
5522,6339,8391,8216,4137,8255
5522,6339,8391,9324,8455,9199
5522,6339,8391,5873,4175,3598
5522,6339,8391,4427,743,4568
5522,6339,8391,4437,6996,5104
5522,6339,8391,7538,1847,2240
5522,6339,8391,6512,5049,5270
5522,6339,8391,818,7565,6142
5522,6339,8391,583,1218,5525
5522,6339,8391,4031,5826,6433
5522,6339,8391,4949,6593,19
5522,6339,8391,4396,1622,9928
5522,6339,8391,1307,7038,6416
5522,6339,8391,2327,8178,6605
5522,6339,8391,3820,8728,9622
5522,6339,8391,8046,2188,9622
5522,6339,8391,3874,7640,8073
5522,6339,8391,7460,8793,8688
5522,6339,8391,7767,5904,1741
5522,6339,8391,7982,8421,7584
5522,6339,8391,5072,7835,3315
5522,6339,8391,6212,7404,4126
5522,6339,8391,7265,9221,5984
5522,6339,8391,3980,1024,7482
5522,6339,8391,1600,2903,3215
5522,6339,8391,7967,3059,49
5522,6339,8391,7057,5480,8936
5522,6339,8391,8197,9393,5374
5522,6339,8391,3603,2863,9328
5522,6339,8391,6281,3326,9459
5522,6339,8391,6092,1186,2161
5522,6339,8391,5183,6129,2630
5522,6339,8391,9698,4411,520
5522,6339,8391,5830,3516,6215
5522,6339,8391,2397,8718,1447
5522,6339,8391,2899,7116,2998
5522,6339,8391,7448,68,9287
5522,6339,8391,500,4773,1394
5522,6339,8391,1033,2243,4523
5522,6339,8391,5164,3590,7562
5522,6339,8391,8517,9022,8065
5522,6339,8391,8518,5807,3677
5522,6339,8391,696,4965,8517
5522,6339,8391,6629,9747,1877
5522,6339,8391,7321,9245,9364
5522,6339,8391,4033,2208,5028
5522,6339,8391,1405,4895,7878
5522,6339,8391,4569,4977,2691
5522,6339,8391,1758,8769,8914
5522,6339,8391,5554,3642,8222
5522,6339,8391,5244,3110,9797
5522,6339,8391,7445,9254,2404
5522,6339,8391,5427,2962,8026
5522,6339,8391,745,1626,5675
5522,6339,8391,7235,6235,2592
5522,6339,8391,5361,6961,7292
5522,6339,8391,8795,3064,7605
5522,6339,8391,8214,552,6454
5522,6339,8391,5362,1814,3131
5522,6339,8391,2252,6803,899
5522,6339,8391,4978,7140,2269
5522,6339,8391,5431,9440,6952
5522,6339,8391,6712,1195,48
5522,6339,8391,4665,9323,2001
5522,6339,8391,460,7729,2841
5522,6339,8391,468,5005,3487
5522,6339,8391,4999,8486,4129
5522,6339,8391,3909,5814,6790
5522,6339,8391,346,5235,4261
5522,6339,8391,740,8056,4426
5522,6339,8391,3372,4094,2437
5522,6339,8391,9380,6711,4935
5522,6339,8391,4826,6733,5077
5522,6339,8391,5538,2999,3825
5522,6339,8391,1793,498,4754
5522,6339,8391,8102,3218,4088
5522,6339,8391,6105,2038,8438
5522,6339,8391,9919,7133,7288
5522,6339,8391,8200,4718,7070
5522,6339,8391,215,2077,8886
5522,6339,8391,2487,4729,6387
5522,6339,8391,323,2496,7343
5522,6339,8391,2627,4308,1392
5522,6339,8391,7616,9008,5988
5522,6339,8391,7427,4590,2824
5522,6339,8391,3676,8674,6072
5522,6339,8391,1882,1103,4777
5522,6339,8391,4457,8426,1385
5522,6339,8391,9394,777,8553
5522,6339,8391,5674,1953,3282
5522,6339,8391,786,7875,3928
5522,6339,8391,6933,1739,6735
5522,6339,8391,6143,5964,4082
5522,6339,8391,969,4719,9579
5522,6339,8391,2956,5330,3284
5522,6339,8391,5494,5630,810
5522,6339,8391,2693,4112,3235
5522,6339,8391,2659,9719,5305
5522,6339,8391,8671,9909,69
5522,6339,8391,1655,9164,3904
5522,6339,8391,7137,8238,4394
5522,6339,8391,2808,6731,3344
5522,6339,8391,7967,191,5263
5522,6339,8391,3274,3256,8365
5522,6339,8391,7015,8421,362
5522,6339,8391,4176,8100,4690
5522,6339,8391,2984,948,774
5522,6339,8391,9503,5553,4212
5522,6339,8391,5825,6877,6783
5522,6339,8391,3360,556,7005
5522,6339,8391,527,321,8625
5522,6339,8391,6512,1468,4103
5522,6339,8391,9641,5681,4819
5522,6339,8391,2788,3961,8928
5522,6339,8391,4291,4579,9512
5522,6339,8391,1739,3723,212
5522,6339,8391,8415,1230,2709
5522,6339,8391,4610,7042,1711
5522,6339,8391,72,9862,513
5522,6339,8391,8818,2035,1588
5522,6339,8391,7391,3103,1603
5522,6339,8391,2707,3612,5587
5522,6339,8391,2051,9829,638
5522,6339,8391,6488,3001,3604
5522,6339,8391,4331,9225,1849
5522,6339,8391,8397,5719,5439
5522,6339,8391,5660,3654,7164
5522,6339,8391,6594,9090,3718
5522,6339,8391,6180,7545,144
5522,6339,8391,433,9340,6604
5522,6339,8391,7020,355,2463
5522,6339,8391,9827,5066,6132
5522,6339,8391,9906,4387,8814
5522,6339,8391,6458,7557,1247
5522,6339,8391,7666,2532,9319
5522,6339,8391,1176,9732,2686
5522,6339,8391,595,4945,8194
5522,6339,8391,2322,6048,1686
5522,6339,8391,5755,3154,873
5522,6339,8391,7755,5394,590
5522,6339,8391,1855,5765,8159
5522,6339,8391,5223,9611,5121
5522,6339,8391,2019,3456,2171
5522,6339,8391,8933,2583,4145
5522,6339,8391,7068,2118,931
5522,6339,8391,1719,6793,1989
5522,6339,8391,7442,1999,4100
5522,6339,8391,1257,2745,6184
5522,6339,8391,6288,338,5861
5522,6339,8391,1606,9448,4652
5522,6339,8391,2416,7537,6461
5522,6339,8391,6048,8458,9043
5522,6339,8391,1745,184,6325
5522,6339,8391,6836,6738,3590
5522,6339,8391,3486,6386,5928
5522,6339,8391,6181,1674,1240
5522,6339,8391,6110,8663,2494
5522,6339,8391,4258,2828,8767
5522,6339,8391,3727,126,844
5522,6339,8391,3400,6972,2974
5522,6339,8391,6520,4413,4311
5522,6339,8391,3347,1181,7507
5522,6339,8391,7546,3205,2996
5522,6339,8391,8238,7019,675
5522,6339,8391,3241,7483,491
5522,6339,8391,7155,5192,2568
5522,6339,8391,818,7774,8332
5522,6339,8391,8416,7437,3126
5522,6339,8391,334,8699,8832
5522,6339,8391,7569,7186,6082
5522,6339,8391,5394,2750,2203
5522,6339,8391,2841,6158,4294
5522,6339,8391,2373,6030,5811
5522,6339,8391,2995,1680,8311
5522,6339,8391,2778,9906,5102
5522,6339,8391,5127,85,8397
5522,6339,8391,6683,9793,4982
5522,6339,8391,2116,7569,5184
5522,6339,8391,3394,6621,4461
5522,6339,8391,7554,3712,8000
5522,6339,8391,8566,498,5219
5522,6339,8391,4658,7050,7974
5522,6339,8391,9625,3797,9332
5522,6339,8391,517,138,2681
5522,6339,8391,5048,9111,7727
5522,6339,8391,787,877,3309
5522,6339,8391,6887,4710,5677
5522,6339,8391,1173,5904,2941
5522,6339,8391,4101,979,6471
5522,6339,8391,6717,9048,2842
5522,6339,8391,6584,8287,953
5522,6339,8391,6578,8187,7966
5522,6339,8391,4176,3710,8133
5522,6339,8391,5894,3319,4872
5522,6339,8391,2969,1475,3202
5522,6339,8391,9265,2525,1643
5522,6339,8391,1497,7873,4174
5522,6339,8391,8380,3678,5557
5522,6339,8391,1182,8312,5899
5522,6339,8391,6855,8221,567
5522,6339,8391,4789,3229,3197
5522,6339,8391,3606,2010,3339
5522,6339,8391,9038,8573,6060
5522,6339,8391,7321,1926,7728
5522,6339,8391,3866,3018,6188
5522,6339,8391,7566,8597,8714
5522,6339,8391,2483,6903,9161
5522,6339,8391,9982,2040,2975
5522,6339,8391,4171,8590,4315
5522,6339,8391,205,3575,7636
5522,6339,8391,5740,5960,3411
5522,6339,8391,9498,3608,2432
5522,6339,8391,313,3359,8459
5522,6339,8391,7246,666,5538
5522,6339,8391,9396,3640,1630
5522,6339,8391,7661,485,6835
5522,6339,8391,8249,8659,8793
5522,6339,8391,7054,6726,1216
5522,6339,8391,65,9163,4945
5522,6339,8391,360,658,2185
5522,6339,8391,6681,3819,7985
5522,6339,8391,8681,9615,5614
5522,6339,8391,7145,4091,8500
5522,6339,8391,5749,8277,4871
5522,6339,8391,4699,4246,8304
5522,6339,8391,6118,3941,8535
5522,6339,8391,3876,9656,8504
5522,6339,8391,3721,1105,9458
5522,6339,8391,4447,3827,7325
5522,6339,8391,2602,3388,1440
5522,6339,8391,2397,4685,6964
5522,6339,8391,7533,6322,8141
5522,6339,8391,1236,6003,9475
5522,6339,8391,662,8020,7986
5522,6339,8391,7483,8376,3727
5522,6339,8391,1922,18,507
5522,6339,8391,8273,5483,4894
5522,6339,8391,2078,9840,3741
5522,6339,8391,8629,1546,145
5522,6339,8391,8458,2604,842
5522,6339,8391,6485,8527,7281
5522,6339,8391,2077,4044,8890
5522,6339,8391,4241,4119,7970
5522,6339,8391,7526,6208,1161
5522,6339,8391,7823,8133,8346
5522,6339,8391,3671,521,6106
5522,6339,8391,7982,105,8093
5522,6339,8391,227,4655,9707
5522,6339,8391,4241,9158,5293
5522,6339,8391,7618,546,548
5522,6339,8391,6548,8754,1054
5522,6339,8391,9564,9886,8727
5522,6339,8391,4530,1802,4047
5522,6339,8391,9603,1533,7388
5522,6339,8391,5647,2516,6800
5522,6339,8391,6207,7677,4656
5522,6339,8391,9484,7938,9173
5522,6339,8391,411,9107,6998
5522,6339,8391,4972,3800,6639
5522,6339,8391,5736,705,5274
5522,6339,8391,7921,7445,4810
5522,6339,8391,805,7894,9837
5522,6339,8391,4207,4657,8452
5522,6339,8391,2639,3503,8788
5522,6339,8391,6063,2793,5923
5522,6339,8391,659,6631,2404
5522,6339,8391,621,3845,2209
5522,6339,8391,4905,6568,4839
5522,6339,8391,5719,6754,2877
5522,6339,8391,5462,273,9643
5522,6339,8391,863,7911,7886
5522,6339,8391,2028,2350,8657
5522,6339,8391,5088,8332,5537
5522,6339,8391,1003,8541,2656
5522,6339,8391,519,8214,450
5522,6339,8391,5164,7747,9213
5522,6339,8391,5453,6917,8244
5522,6339,8391,5537,1618,7554
5522,6339,8391,7847,7432,818
5522,6339,8391,6441,1208,8820
5522,6339,8391,6135,8625,4944
5522,6339,8391,2530,2812,4902
5522,6339,8391,7356,3126,2777
5522,6339,8391,7228,2589,1839
5522,6339,8391,9576,2191,8102
5522,6339,8391,1984,5512,426
5522,6339,8391,4786,4258,7318
5522,6339,8391,7400,9001,7656
5522,6339,8391,9361,3622,3999
5522,6339,8391,9192,5015,2133
5522,6339,8391,8045,132,4168
5522,6339,8391,1098,4787,2240
5522,6339,8391,1770,2799,921
5522,6339,8391,1777,613,8992
5522,6339,8391,1075,7154,282
5522,6339,8391,9714,281,6312
5522,6339,8391,2304,7664,9945
5522,6339,8391,5042,8944,6168
5522,6339,8391,4799,3399,7474
5522,6339,8391,732,947,1701
5522,6339,8391,7028,736,7601
5522,6339,8391,206,7186,1627
5522,6339,8391,6152,2993,4727
5522,6339,8391,1525,7432,8435
5522,6339,8391,8837,6824,7519
5522,6339,8391,7599,4223,8320
5522,6339,8391,6435,9796,6073
5522,6339,8391,7882,5746,264
5522,6339,8391,4713,1506,9080
5522,6339,8391,1845,3038,6234
5522,6339,8391,7555,1627,3236
5522,6339,8391,3919,2133,1649
5522,6339,8391,8992,778,8352
5522,6339,8391,7458,7090,6991
5522,6339,8391,3938,6147,5278
5522,6339,8391,4362,1290,7942
5522,6339,8391,2154,2479,5222
5522,6339,8391,7348,4581,7889
5522,6339,8391,9532,16,1114
5522,6339,8391,5189,2709,2971
5522,6339,8391,9516,4511,1233
5522,6339,8391,8486,838,8732
5522,6339,8391,980,6216,4130
5522,6339,8391,3530,6737,5299
5522,6339,8391,7133,6461,3764
5522,6339,8391,7781,1661,5494
5522,6339,8391,116,3659,1221
5522,6339,8391,3306,3678,2801
5522,6339,8391,6961,3216,7378
5522,6339,8391,3009,7271,3611
5522,6339,8391,3779,5660,3257
5522,6339,8391,2812,2111,5451
5522,6339,8391,3401,6148,9545
5522,6339,8391,1290,8330,3431
5522,6339,8391,2182,2444,2409
5522,6339,8391,3581,7737,840
5522,6339,8391,3679,7167,7044
5522,6339,8391,1909,3465,3290
5522,6339,8391,2681,7892,9898
5522,6339,8391,7232,5769,7877
5522,6339,8391,316,8866,7944
5522,6339,8391,9331,2370,1030
5522,6339,8391,4798,2055,8939
5522,6339,8391,5998,797,5386
5522,6339,8391,8405,1780,3722
5522,6339,8391,584,6380,2251
5522,6339,8391,2098,8046,5755
5522,6339,8391,8866,2250,6449
5522,6339,8391,7341,3581,811
5522,6339,8391,8567,2172,2814
5522,6339,8391,9044,7029,4694
5522,6339,8391,3723,1297,2868
5522,6339,8391,8311,6458,8700
5522,6339,8391,8062,1464,6583
5522,6339,8391,4571,1705,9620
5522,6339,8391,3632,8188,4292
5522,6339,8391,6689,4564,4034
5522,6339,8391,4312,9591,2057
5522,6339,8391,9542,6919,5905
5522,6339,8391,2097,9992,8740
5522,6339,8391,3311,2103,9996
5522,6339,8391,3498,8747,5767
