1445,1353,9053,2771,8706,7428
1445,1353,9053,53,3450,4338
1445,1353,9053,6473,2315,9288
1445,1353,9053,3718,9494,7314
1445,1353,9053,6519,8962,5097
1445,1353,9053,8887,6153,1768
1445,1353,9053,3904,6696,4880
1445,1353,9053,8774,4971,7549
1445,1353,9053,7535,6731,581
1445,1353,9053,5626,3654,6376
1445,1353,9053,509,1233,8652
1445,1353,9053,4632,113,3712
1445,1353,9053,30,180,2104
1445,1353,9053,380,8666,6577
1445,1353,9053,5473,6806,9998
1445,1353,9053,2827,9326,322
1445,1353,9053,5822,9593,6022
1445,1353,9053,4076,4897,5911
1445,1353,9053,6491,5675,7715
1445,1353,9053,1903,554,6984
1445,1353,9053,6893,7566,6574
1445,1353,9053,5535,6944,3841
1445,1353,9053,7468,4,9185
1445,1353,9053,3307,5057,7245
1445,1353,9053,6780,3688,1162
1445,1353,9053,7462,7346,5355
1445,1353,9053,7548,848,970
1445,1353,9053,5109,4012,7084
1445,1353,9053,7021,8875,2205
1445,1353,9053,664,2198,9349
1445,1353,9053,2455,8398,2859
1445,1353,9053,6368,9284,4920
1445,1353,9053,2419,1027,7362
1445,1353,9053,1092,2297,6132
1445,1353,9053,284,9890,3676
1445,1353,9053,9081,9521,5271
1445,1353,9053,4443,3243,8129
1445,1353,9053,4739,2597,5539
1445,1353,9053,503,4718,3450
1445,1353,9053,6542,9463,3459
1445,1353,9053,2185,2519,1289
1445,1353,9053,2145,2651,190
1445,1353,9053,5076,9160,117
1445,1353,9053,9066,4801,5734
1445,1353,9053,8248,4020,1520
1445,1353,9053,6202,5810,8419
1445,1353,9053,468,1251,2747
1445,1353,9053,3282,282,3862
1445,1353,9053,4011,1859,2392
1445,1353,9053,744,797,5636
1445,1353,9053,7190,9123,222
1445,1353,9053,8328,3422,4151
1445,1353,9053,276,8299,4863
1445,1353,9053,9285,9512,8499
1445,1353,9053,3657,4561,402
1445,1353,9053,5407,5734,4337
1445,1353,9053,4474,8679,696
1445,1353,9053,1189,9757,9454
1445,1353,9053,4953,2726,3188
1445,1353,9053,343,7820,3756
1445,1353,9053,5718,125,4072
1445,1353,9053,7592,7276,2405
1445,1353,9053,7653,2395,7322
1445,1353,9053,4159,1689,1140
1445,1353,9053,307,5431,1691
1445,1353,9053,5703,5830,2619
1445,1353,9053,5670,9964,3518
1445,1353,9053,7899,2027,6213
1445,1353,9053,5557,1582,9584
1445,1353,9053,4846,3995,5722
1445,1353,9053,8013,7468,1868
1445,1353,9053,5615,677,1145
1445,1353,9053,654,8421,3927
1445,1353,9053,3367,3380,3849
1445,1353,9053,5118,9942,5392
1445,1353,9053,3178,4725,818
1445,1353,9053,3073,614,1687
1445,1353,9053,386,7022,4542
1445,1353,9053,9529,2390,2083
1445,1353,9053,1814,374,7328
1445,1353,9053,6396,9641,3038
1445,1353,9053,9240,8329,9967
1445,1353,9053,567,1929,4794
1445,1353,9053,6110,3647,8311
1445,1353,9053,8586,8708,5800
1445,1353,9053,9204,4616,3697
1445,1353,9053,1374,5505,2139
1445,1353,9053,1033,5998,1958
1445,1353,9053,7637,4482,1412
1445,1353,9053,7912,2567,202
1445,1353,9053,5991,9241,9830
1445,1353,9053,2892,1333,5293
1445,1353,9053,6397,9398,5635
1445,1353,9053,8652,7782,9059
1445,1353,9053,3597,9687,4633
1445,1353,9053,8661,4627,2539
1445,1353,9053,1131,7077,1528
1445,1353,9053,1477,5495,6322
1445,1353,9053,3266,1126,7318
1445,1353,9053,6522,3011,1758
1445,1353,9053,961,561,117
1445,1353,9053,351,9109,6183
1445,1353,9053,4228,6320,7857
1445,1353,9053,5715,5532,8729
1445,1353,9053,9373,3643,7655
1445,1353,9053,9565,8705,4113
1445,1353,9053,1774,4731,715
1445,1353,9053,3277,1076,4202
1445,1353,9053,2362,8092,6547
1445,1353,9053,7679,4906,7988
1445,1353,9053,5264,5053,9398
1445,1353,9053,9752,9785,2567
1445,1353,9053,2404,4676,2094
1445,1353,9053,1151,7008,2551
1445,1353,9053,7018,2048,1220
1445,1353,9053,3903,8869,6090
1445,1353,9053,192,8502,611
1445,1353,9053,6461,9335,5937
1445,1353,9053,382,2315,1564
1445,1353,9053,5546,6347,9488
1445,1353,9053,7483,4252,4555
1445,1353,9053,6632,9429,3988
1445,1353,9053,3615,7149,2542
1445,1353,9053,2145,6558,5136
1445,1353,9053,4459,6464,7679
1445,1353,9053,9896,9185,1099
1445,1353,9053,8542,8638,6302
1445,1353,9053,1871,139,6156
1445,1353,9053,1247,5482,5487
1445,1353,9053,3561,3359,9229
1445,1353,9053,3166,8073,1014
1445,1353,9053,1557,9212,6417
1445,1353,9053,9360,6138,2611
1445,1353,9053,8139,1753,3516
1445,1353,9053,4337,6578,872
1445,1353,9053,6551,7120,9016
1445,1353,9053,6183,7340,9706
1445,1353,9053,2905,1244,8059
1445,1353,9053,423,9008,1325
1445,1353,9053,794,1962,5751
1445,1353,9053,5517,4833,4732
1445,1353,9053,8102,9869,7311
1445,1353,9053,5776,6517,2715
1445,1353,9053,7089,3023,497
1445,1353,9053,6503,8090,9311
1445,1353,9053,2194,6277,3235
1445,1353,9053,9011,9776,8499
1445,1353,9053,8996,8971,1756
1445,1353,9053,4302,9949,2743
1445,1353,9053,2836,1929,8006
1445,1353,9053,9639,6698,5925
1445,1353,9053,1261,8371,8808
1445,1353,9053,5920,1217,4602
1445,1353,9053,429,6020,8902
1445,1353,9053,1744,3079,4396
1445,1353,9053,8708,807,7412
1445,1353,9053,3658,3119,8727
1445,1353,9053,4839,5866,2018
1445,1353,9053,4920,5992,5018
1445,1353,9053,5889,863,2482
1445,1353,9053,9698,6776,9402
1445,1353,9053,3483,2962,3054
1445,1353,9053,4555,9329,837
1445,1353,9053,947,5507,4790
1445,1353,9053,1739,8794,562
1445,1353,9053,9839,7935,1893
1445,1353,9053,5527,4873,3218
1445,1353,9053,5460,6160,8713
1445,1353,9053,1772,1666,8120
1445,1353,9053,4908,1568,948
1445,1353,9053,4864,1838,411
1445,1353,9053,8022,4679,5016
1445,1353,9053,4573,7355,975
1445,1353,9053,8129,1493,1588
1445,1353,9053,594,3319,4365
1445,1353,9053,4909,7251,4807
1445,1353,9053,7114,9330,3517
1445,1353,9053,9371,702,2552
1445,1353,9053,8450,6730,781
1445,1353,9053,3044,120,5982
1445,1353,9053,8420,5800,2282
1445,1353,9053,7145,4562,2644
1445,1353,9053,1467,2051,1574
1445,1353,9053,1736,5918,5261
1445,1353,9053,6097,700,364
1445,1353,9053,6268,8124,3996
1445,1353,9053,5516,6375,4250
1445,1353,9053,3540,4556,3732
1445,1353,9053,5527,3605,1400
1445,1353,9053,8139,6063,3599
1445,1353,9053,2703,8956,9615
1445,1353,9053,2899,9150,6267
1445,1353,9053,3446,2503,6287
1445,1353,9053,3457,8869,3018
1445,1353,9053,1885,3027,3454
1445,1353,9053,9909,1320,4223
1445,1353,9053,7831,4392,7471
1445,1353,9053,5048,5512,1970
1445,1353,9053,8293,3286,8947
1445,1353,9053,1732,5135,6466
1445,1353,9053,7479,3212,726
1445,1353,9053,1999,9979,8128
1445,1353,9053,5602,1684,9191
1445,1353,9053,7287,1889,3463
1445,1353,9053,1978,1845,8517
1445,1353,9053,4375,3251,1507
1445,1353,9053,8222,5534,2442
1445,1353,9053,2801,8191,2173
1445,1353,9053,8198,9296,2923
1445,1353,9053,8538,9871,4436
1445,1353,9053,6287,2909,8504
1445,1353,9053,834,6295,5790
1445,1353,9053,5472,9440,1394
1445,1353,9053,825,1000,3328
1445,1353,9053,4914,832,5511
1445,1353,9053,1212,8197,191
1445,1353,9053,239,4052,1071
1445,1353,9053,2129,2844,4494
1445,1353,9053,3888,5091,7658
1445,1353,9053,3810,4109,5140
1445,1353,9053,3655,6920,2259
1445,1353,9053,2406,1544,6270
1445,1353,9053,5453,7517,4710
1445,1353,9053,3425,8717,7391
1445,1353,9053,9646,3726,3755
1445,1353,9053,1979,9676,6422
1445,1353,9053,5289,1387,5129
1445,1353,9053,4336,2153,9251
1445,1353,9053,5857,3778,7850
1445,1353,9053,6483,263,7728
1445,1353,9053,4579,7976,212
1445,1353,9053,7022,2818,3012
1445,1353,9053,1013,4206,504
1445,1353,9053,1432,701,7510
1445,1353,9053,6497,8134,1409
1445,1353,9053,4220,2968,7371
1445,1353,9053,8444,3602,206
1445,1353,9053,8795,2633,7769
1445,1353,9053,9158,1120,4631
1445,1353,9053,1135,3224,732
1445,1353,9053,4941,5882,6421
1445,1353,9053,366,200,3771
1445,1353,9053,800,6590,7255
1445,1353,9053,9846,1634,6384
1445,1353,9053,1597,4961,7976
1445,1353,9053,645,564,3310
1445,1353,9053,8692,2154,2534
1445,1353,9053,448,7112,9732
1445,1353,9053,4345,41,3766
1445,1353,9053,9738,6057,8750
1445,1353,9053,3578,373,2611
1445,1353,9053,6182,8382,9056
1445,1353,9053,7283,5692,164
1445,1353,9053,3887,4397,3843
1445,1353,9053,915,9600,6270
1445,1353,9053,7394,1930,1986
1445,1353,9053,9947,3836,6282
1445,1353,9053,2745,793,4725
1445,1353,9053,2133,8350,6023
1445,1353,9053,3952,4157,7168
1445,1353,9053,8377,3499,1375
1445,1353,9053,1209,173,1694
1445,1353,9053,1243,3739,3086
1445,1353,9053,1361,7174,1216
1445,1353,9053,7201,7484,3165
1445,1353,9053,7457,2916,3339
1445,1353,9053,7963,7239,4651
1445,1353,9053,2018,6806,1442
1445,1353,9053,8266,2556,5221
1445,1353,9053,4513,1084,4779
1445,1353,9053,7290,7430,3362
1445,1353,9053,8340,997,757
1445,1353,9053,6720,3416,9576
1445,1353,9053,5896,9302,6193
1445,1353,9053,7055,7995,749
1445,1353,9053,2552,4877,4948
1445,1353,9053,634,7030,6004
1445,1353,9053,4601,4917,1490
1445,1353,9053,5756,9167,805
1445,1353,9053,4470,6825,3516
1445,1353,9053,9880,8952,7557
1445,1353,9053,6767,3016,1432
1445,1353,9053,7521,2916,2911
1445,1353,9053,8191,1572,5693
1445,1353,9053,1114,9896,4876
1445,1353,9053,201,9924,1729
1445,1353,9053,7838,768,7257
1445,1353,9053,5912,4997,1471
1445,1353,9053,9681,6956,6007
1445,1353,9053,2701,6371,1515
1445,1353,9053,8213,7286,5662
1445,1353,9053,5871,8448,9997
1445,1353,9053,1120,4465,8668
1445,1353,9053,8406,9638,5941
1445,1353,9053,3888,7900,6990
1445,1353,9053,8496,1887,2829
1445,1353,9053,9856,5851,1908
1445,1353,9053,5702,2312,35
1445,1353,9053,2558,4629,5290
1445,1353,9053,3619,7606,6024
1445,1353,9053,2564,2097,4462
1445,1353,9053,2097,8003,7057
1445,1353,9053,8144,3873,99
1445,1353,9053,2236,359,1430
1445,1353,9053,6326,7750,7011
1445,1353,9053,2641,3023,4877
1445,1353,9053,3646,1198,2631
1445,1353,9053,1689,1113,9861
1445,1353,9053,7621,5566,3818
1445,1353,9053,4938,5685,6832
1445,1353,9053,724,7733,2232
1445,1353,9053,3473,7845,2385
1445,1353,9053,464,3046,6241
1445,1353,9053,4656,3031,2506
1445,1353,9053,1417,6432,1760
1445,1353,9053,8633,6708,3002
1445,1353,9053,1202,6335,4968
1445,1353,9053,477,4982,3057
1445,1353,9053,5947,9996,2426
1445,1353,9053,7723,6920,8580
1445,1353,9053,5569,439,4073
1445,1353,9053,3125,7466,7499
1445,1353,9053,364,7541,5699
1445,1353,9053,8986,7656,1621
1445,1353,9053,6353,2524,2365
1445,1353,9053,1059,4836,374
1445,1353,9053,9251,6392,9279
1445,1353,9053,9281,5576,2693
1445,1353,9053,8982,4899,2232
1445,1353,9053,6731,2436,9203
1445,1353,9053,9860,90,9662
1445,1353,9053,4284,5692,8854
1445,1353,9053,8133,1828,1288
1445,1353,9053,487,1582,931
1445,1353,9053,4123,958,6641
1445,1353,9053,6094,6897,2765
1445,1353,9053,780,6615,8401
1445,1353,9053,1386,2111,3399
1445,1353,9053,5535,6561,5892
1445,1353,9053,9622,6979,1878
1445,1353,9053,9579,8049,457
1445,1353,9053,46,4649,9324
1445,1353,9053,5677,9795,1553
1445,1353,9053,2123,7073,3560
1445,1353,9053,5562,3278,6403
1445,1353,9053,9417,8085,2715
1445,1353,9053,1274,244,4357
1445,1353,9053,4465,9399,4315
1445,1353,9053,8933,2966,5197
1445,1353,9053,1562,5176,3955
1445,1353,9053,7846,2144,2428
1445,1353,9053,4222,4720,6716
1445,1353,9053,9663,1898,200
1445,1353,9053,3372,9356,2167
1445,1353,9053,7362,4004,9533
1445,1353,9053,9063,7325,9434
1445,1353,9053,808,2663,3365
1445,1353,9053,4180,6089,43
1445,1353,9053,7955,3187,217
1445,1353,9053,564,9243,9946
1445,1353,9053,2334,3753,8533
1445,1353,9053,8883,6563,7782
1445,1353,9053,2363,2357,9460
1445,1353,9053,229,4233,131
1445,1353,9053,377,6852,9060
1445,1353,9053,5698,1275,2474
1445,1353,9053,1216,6952,8499
1445,1353,9053,4428,1249,7442
1445,1353,9053,7627,5627,2230
1445,1353,9053,2437,9110,687
1445,1353,9053,342,4634,839
1445,1353,9053,9308,2873,7205
1445,1353,9053,6091,9303,2096
1445,1353,9053,5645,438,7617
1445,1353,9053,4191,4216,9667
1445,1353,9053,6600,1874,1576
1445,1353,9053,2106,8838,9569
1445,1353,9053,6682,420,9176
1445,1353,9053,410,5384,417
1445,1353,9053,8582,7070,9911
1445,1353,9053,4601,3309,4253
1445,1353,9053,2615,9363,3218
1445,1353,9053,5145,5727,7837
1445,1353,9053,1598,6219,9819
1445,1353,9053,7209,5701,6334
1445,1353,9053,2249,7552,6024
1445,1353,9053,2225,9040,6772
1445,1353,9053,3289,2005,5467
1445,1353,9053,8424,6196,7745
1445,1353,9053,1273,10000,9748
1445,1353,9053,3667,8698,7410
1445,1353,9053,3805,5332,8546
1445,1353,9053,940,4961,9382
1445,1353,9053,3522,2103,8588
1445,1353,9053,667,7244,1989
1445,1353,9053,6592,6965,3195
1445,1353,9053,8634,7764,1563
1445,1353,9053,5773,632,4753
1445,1353,9053,7014,4159,5880
1445,1353,9053,6740,3655,6426
1445,1353,9053,8994,7121,7181
1445,1353,9053,121,2710,9888
1445,1353,9053,9946,9524,3123
1445,1353,9053,9660,4311,6340
1445,1353,9053,8244,8412,5164
1445,1353,9053,1581,4562,6435
1445,1353,9053,5136,153,547
1445,1353,9053,55,5513,7765
1445,1353,9053,2335,779,9852
1445,1353,9053,7602,3778,5327
1445,1353,9053,1763,3024,7076
1445,1353,9053,3025,9488,8341
1445,1353,9053,3694,2463,7365
1445,1353,9053,9000,4369,2200
1445,1353,9053,6514,6005,2495
1445,1353,9053,5844,1256,3110
1445,1353,9053,743,6455,7447
1445,1353,9053,5007,496,8402
1445,1353,9053,6339,966,2685
1445,1353,9053,7971,8346,2045
1445,1353,9053,1193,2954,9928
1445,1353,9053,8409,6428,6866
1445,1353,9053,9093,715,6305
1445,1353,9053,5645,6096,1854
1445,1353,9053,9272,6620,8123
1445,1353,9053,3110,6022,2777
1445,1353,9053,2919,7354,4348
1445,1353,9053,3300,9382,6363
1445,1353,9053,474,6081,3787
1445,1353,9053,9476,3621,7292
1445,1353,9053,1259,7427,1836
1445,1353,9053,6707,7026,8812
1445,1353,9053,6028,297,4813
1445,1353,9053,564,9108,7453
1445,1353,9053,6619,6166,7871
1445,1353,9053,7601,3825,6410
1445,1353,9053,3051,4185,6615
1445,1353,9053,1179,1496,4701
1445,1353,9053,5490,7115,3495
1445,1353,9053,3358,6313,882
1445,1353,9053,5253,6337,9949
1445,1353,9053,3570,4686,4217
1445,1353,9053,1824,2117,7099
1445,1353,9053,3365,2302,1388
1445,1353,9053,3554,5363,2812
1445,1353,9053,2119,4587,1559
1445,1353,9053,8887,3363,3835
1445,1353,9053,2446,3417,7881
1445,1353,9053,7041,8736,8569
1445,1353,9053,7166,7727,3672
1445,1353,9053,2541,4609,1136
1445,1353,9053,4327,717,7996
1445,1353,9053,5308,1568,4374
1445,1353,9053,5750,932,900
1445,1353,9053,7581,8076,2325
1445,1353,9053,7928,8974,9474
1445,1353,9053,7213,127,9989
1445,1353,9053,3833,5253,5775
1445,1353,9053,5994,6203,9811
1445,1353,9053,4105,1991,6062
1445,1353,9053,8886,2543,3115
1445,1353,9053,7706,1613,4854
1445,1353,9053,8014,3343,6945
1445,1353,9053,9299,6265,1429
1445,1353,9053,3260,2057,174
1445,1353,9053,3891,8359,5567
1445,1353,9053,4176,12,3083
1445,1353,9053,7258,4939,6314
1445,1353,9053,6239,6387,6282
1445,1353,9053,6197,553,4010
1445,1353,9053,6434,5103,835
1445,1353,9053,2386,917,8750
1445,1353,9053,484,556,8326
1445,1353,9053,8281,7677,2912
1445,1353,9053,7714,7213,6400
1445,1353,9053,3617,1107,3091
1445,1353,9053,5190,7722,9773
1445,1353,9053,3160,5295,6844
1445,1353,9053,9514,4874,4377
1445,1353,9053,4929,5075,9312
1445,1353,9053,8122,2120,1131
1445,1353,9053,5044,6888,8171
1445,1353,9053,2459,5166,3574
1445,1353,9053,946,4924,5063
1445,1353,9053,600,428,278
1445,1353,9053,9641,1755,2916
1445,1353,9053,9120,4199,142
1445,1353,9053,3486,5877,6284
1445,1353,9053,720,451,7485
1445,1353,9053,8611,9485,35
1445,1353,9053,3084,9332,8636
1445,1353,9053,8614,3822,7598
1445,1353,9053,6572,3016,8723
1445,1353,9053,1893,2780,5694
1445,1353,9053,56,3822,368
1445,1353,9053,896,1800,5617
1445,1353,9053,7365,3462,2033
1445,1353,9053,3231,4504,7531
1445,1353,9053,9643,1993,7774
1445,1353,9053,3398,6988,4277
1445,1353,9053,3746,6595,8529
1445,1353,9053,7558,7211,6440
1445,1353,9053,6321,3602,157
1445,1353,9053,9238,6389,1022
1445,1353,9053,648,1846,6912
1445,1353,9053,5379,9207,8089
1445,1353,9053,494,1942,2560
1445,1353,9053,4775,3910,6223
1445,1353,9053,7641,5977,8991
1445,1353,9053,9529,5184,9860
