811,6837,6182,7633,6011,1232
811,6837,6182,3716,4521,8976
811,6837,6182,6665,3507,2000
811,6837,6182,6992,6123,4859
811,6837,6182,8658,5829,8682
811,6837,6182,5329,1117,3034
811,6837,6182,8943,8620,9756
811,6837,6182,8011,4320,7594
811,6837,6182,265,687,7112
811,6837,6182,2386,7069,2178
811,6837,6182,1104,6221,5209
811,6837,6182,6778,182,7947
811,6837,6182,1341,8501,2594
811,6837,6182,1827,830,1066
811,6837,6182,1,1517,5260
811,6837,6182,1679,8418,1353
811,6837,6182,5249,2946,6998
811,6837,6182,532,5963,6227
811,6837,6182,7966,708,3425
811,6837,6182,7126,5237,8430
811,6837,6182,5845,7058,5367
811,6837,6182,3638,6438,7482
811,6837,6182,8002,4961,1242
811,6837,6182,9971,3293,3173
811,6837,6182,4632,503,9087
811,6837,6182,4681,6049,240
811,6837,6182,5055,8898,1326
811,6837,6182,6306,2511,5517
811,6837,6182,3407,9298,5336
811,6837,6182,4891,9613,2399
811,6837,6182,5549,6391,2584
811,6837,6182,6997,362,8709
811,6837,6182,6817,3430,8170
811,6837,6182,9077,9758,3480
811,6837,6182,5681,2901,301
811,6837,6182,7979,2091,5169
811,6837,6182,5677,3090,531
811,6837,6182,7325,7486,2435
811,6837,6182,8147,1491,2673
811,6837,6182,1499,6764,4082
811,6837,6182,429,3245,256
811,6837,6182,745,9422,4316
811,6837,6182,3134,3700,8078
811,6837,6182,1088,766,2305
811,6837,6182,9783,2752,4674
811,6837,6182,4118,4977,6807
811,6837,6182,9782,1347,4505
811,6837,6182,6791,8304,7890
811,6837,6182,3128,8854,6997
811,6837,6182,6211,8276,9432
811,6837,6182,5970,8907,1567
811,6837,6182,8699,6346,1610
811,6837,6182,8654,9163,6359
811,6837,6182,5633,3270,7710
811,6837,6182,377,4826,1562
811,6837,6182,8393,5443,3252
811,6837,6182,3670,5814,7909
811,6837,6182,6105,3445,4903
811,6837,6182,9369,1629,7895
811,6837,6182,1853,7127,3044
811,6837,6182,9434,380,5730
811,6837,6182,6284,7106,2229
811,6837,6182,4230,832,7311
811,6837,6182,7276,3350,7908
811,6837,6182,5453,2255,62
811,6837,6182,1721,8123,6742
811,6837,6182,4197,4481,2228
811,6837,6182,3822,1423,8208
811,6837,6182,8890,5804,1472
811,6837,6182,1970,6391,5016
811,6837,6182,3148,4634,1860
811,6837,6182,6747,7641,1887
811,6837,6182,9100,2882,9241
811,6837,6182,9382,1503,9990
811,6837,6182,521,950,6337
811,6837,6182,6107,5258,2687
811,6837,6182,2178,1744,7062
811,6837,6182,3154,3884,1752
811,6837,6182,8473,6815,9543
811,6837,6182,255,61,7706
811,6837,6182,8709,9938,5812
811,6837,6182,6686,7477,8574
811,6837,6182,2400,5309,1439
811,6837,6182,8031,5517,2209
811,6837,6182,8232,5830,9622
811,6837,6182,5531,5580,745
811,6837,6182,206,5844,4959
811,6837,6182,3494,4252,1598
811,6837,6182,8688,27,8627
811,6837,6182,2826,9817,8594
811,6837,6182,5957,2049,2083
811,6837,6182,278,2671,2085
811,6837,6182,1892,2127,7413
811,6837,6182,3743,3890,2681
811,6837,6182,1940,2254,6183
811,6837,6182,1906,6352,7557
811,6837,6182,1113,8464,8936
811,6837,6182,4525,7877,7635
811,6837,6182,6934,5782,1131
811,6837,6182,4373,98,9860
811,6837,6182,4051,4142,7994
811,6837,6182,394,3243,4502
811,6837,6182,6764,5138,2263
811,6837,6182,8728,8154,832
811,6837,6182,8256,9592,1263
811,6837,6182,2692,8311,5520
811,6837,6182,1987,3091,3075
811,6837,6182,5438,4153,3848
811,6837,6182,429,9002,8022
811,6837,6182,336,8491,2612
811,6837,6182,2277,4223,1903
811,6837,6182,3794,2384,4750
811,6837,6182,1613,7911,2323
811,6837,6182,3709,7230,6414
811,6837,6182,2545,1294,8738
811,6837,6182,5670,4516,3243
811,6837,6182,9875,466,1682
811,6837,6182,1606,423,2440
811,6837,6182,5298,5362,4183
811,6837,6182,6391,7824,5231
811,6837,6182,9239,3375,8035
811,6837,6182,5883,6418,802
811,6837,6182,3823,8730,7519
811,6837,6182,4159,6876,6362
811,6837,6182,6944,765,1235
811,6837,6182,6681,8237,3778
811,6837,6182,266,5496,8553
811,6837,6182,3265,4403,9461
811,6837,6182,1952,3593,8824
811,6837,6182,995,5433,3737
811,6837,6182,8504,8641,9225
811,6837,6182,3360,5165,4899
811,6837,6182,9258,7679,7622
811,6837,6182,3829,452,1750
811,6837,6182,4158,6822,2234
811,6837,6182,6117,8749,7997
811,6837,6182,2883,1900,8583
811,6837,6182,1227,2162,8688
811,6837,6182,8462,2693,3219
811,6837,6182,9239,5478,168
811,6837,6182,1505,6742,7435
811,6837,6182,2842,1160,5435
811,6837,6182,9476,8860,5082
811,6837,6182,6982,2502,8419
811,6837,6182,9905,3245,8540
811,6837,6182,1576,7086,2980
811,6837,6182,3767,8087,1711
811,6837,6182,8794,3366,4329
811,6837,6182,6019,9529,4370
811,6837,6182,5730,7090,1166
811,6837,6182,8742,815,2493
811,6837,6182,4814,9362,2482
811,6837,6182,6190,965,6998
811,6837,6182,2542,1713,351
811,6837,6182,113,9103,1931
811,6837,6182,8377,6241,9401
811,6837,6182,4580,965,9201
811,6837,6182,3330,9963,1610
811,6837,6182,7239,1133,8194
811,6837,6182,4597,842,5869
811,6837,6182,7752,5767,3490
811,6837,6182,1421,2316,1998
811,6837,6182,4502,9689,7682
811,6837,6182,9463,4901,1814
811,6837,6182,1114,9171,1680
811,6837,6182,2627,443,3398
811,6837,6182,5593,8049,2913
811,6837,6182,356,316,6173
811,6837,6182,5370,5106,1559
811,6837,6182,31,5471,950
811,6837,6182,570,450,9411
811,6837,6182,57,4744,2351
811,6837,6182,3855,2929,2728
811,6837,6182,189,1721,4904
811,6837,6182,9887,6519,173
811,6837,6182,4050,7046,2322
811,6837,6182,8559,825,7355
811,6837,6182,7472,4877,1633
811,6837,6182,9417,6982,3472
811,6837,6182,4478,7625,2717
811,6837,6182,6932,1111,217
811,6837,6182,1964,912,1588
811,6837,6182,3406,6045,8007
811,6837,6182,2369,7504,6277
811,6837,6182,6290,4769,1235
811,6837,6182,9764,9075,2405
811,6837,6182,5181,6464,2796
811,6837,6182,787,3258,4811
811,6837,6182,6332,7676,8290
811,6837,6182,3195,8355,3027
811,6837,6182,848,4737,6370
811,6837,6182,4528,5584,7205
811,6837,6182,442,6917,3158
811,6837,6182,29,7893,5463
811,6837,6182,6681,7537,2827
811,6837,6182,58,7825,5111
811,6837,6182,8386,5952,9526
811,6837,6182,572,283,913
811,6837,6182,4335,9150,1385
811,6837,6182,7434,8570,7017
811,6837,6182,1337,9633,7483
811,6837,6182,7656,946,4806
811,6837,6182,6685,6232,7230
811,6837,6182,5542,2979,9584
811,6837,6182,3761,4520,4137
811,6837,6182,575,9728,4012
811,6837,6182,9798,3414,2659
811,6837,6182,3048,9107,2231
811,6837,6182,9103,2148,5315
811,6837,6182,3440,7636,2295
811,6837,6182,958,4721,2356
811,6837,6182,4867,8349,6214
811,6837,6182,2222,9317,4749
811,6837,6182,2148,4402,4062
811,6837,6182,7886,9982,584
811,6837,6182,5726,5334,6533
811,6837,6182,6052,3673,7714
811,6837,6182,4312,588,6342
811,6837,6182,975,1992,9192
811,6837,6182,7410,4475,791
811,6837,6182,8421,664,6665
811,6837,6182,965,1239,4764
811,6837,6182,2171,2500,4508
811,6837,6182,4572,9920,4204
811,6837,6182,219,4710,1754
811,6837,6182,8685,2035,8066
811,6837,6182,8807,5414,6095
811,6837,6182,7988,7163,3049
811,6837,6182,4626,8809,7620
811,6837,6182,2978,3155,789
811,6837,6182,2816,4699,8069
811,6837,6182,641,5551,9334
811,6837,6182,5408,495,1304
811,6837,6182,2953,4203,9382
811,6837,6182,1178,9275,3695
811,6837,6182,4904,7287,5449
811,6837,6182,694,516,2944
811,6837,6182,1449,8493,4446
811,6837,6182,2216,3842,9903
811,6837,6182,475,8936,9320
811,6837,6182,3308,6059,839
811,6837,6182,1183,6604,9839
811,6837,6182,1104,323,2087
811,6837,6182,9513,2455,224
811,6837,6182,3530,5922,6964
811,6837,6182,6951,2616,102
811,6837,6182,9150,1885,7574
811,6837,6182,5270,9794,2046
811,6837,6182,2939,7643,6496
811,6837,6182,8841,1218,8147
811,6837,6182,4579,8677,6191
811,6837,6182,4936,2486,550
811,6837,6182,6383,3287,9662
811,6837,6182,7435,1829,6910
811,6837,6182,1180,4341,1717
811,6837,6182,1040,4481,1344
811,6837,6182,5458,6877,8563
811,6837,6182,4036,319,9224
811,6837,6182,8460,7755,9287
811,6837,6182,4231,5247,1483
811,6837,6182,438,4446,2227
811,6837,6182,7917,8993,3292
811,6837,6182,3451,5394,3570
811,6837,6182,5255,8619,706
811,6837,6182,8123,3650,3530
811,6837,6182,1171,7050,8714
811,6837,6182,5399,8168,3249
811,6837,6182,9003,5954,2246
811,6837,6182,9661,6606,5816
811,6837,6182,4466,735,7635
811,6837,6182,1791,9483,7630
811,6837,6182,7989,4865,5319
811,6837,6182,4526,9269,9895
811,6837,6182,8492,8315,222
811,6837,6182,5956,5402,9693
811,6837,6182,702,1460,5603
811,6837,6182,9117,7045,9156
811,6837,6182,9608,3963,3768
811,6837,6182,2334,4345,6686
811,6837,6182,1529,1924,2595
811,6837,6182,5085,1301,9293
811,6837,6182,8164,7997,1509
811,6837,6182,9664,2407,5961
811,6837,6182,9629,9071,4500
811,6837,6182,838,4248,604
811,6837,6182,5412,9169,5716
811,6837,6182,2953,7690,7017
811,6837,6182,6712,8050,2811
811,6837,6182,6061,3749,9024
811,6837,6182,6911,524,3547
811,6837,6182,9813,7132,7916
811,6837,6182,4969,4747,7760
811,6837,6182,412,4352,2639
811,6837,6182,1241,4415,4491
811,6837,6182,946,5868,2995
811,6837,6182,4709,889,6695
811,6837,6182,626,4243,5116
811,6837,6182,5674,9934,3669
811,6837,6182,5616,5667,4574
811,6837,6182,6353,412,6607
811,6837,6182,3627,9895,8889
811,6837,6182,2511,8156,9750
811,6837,6182,2903,2139,4180
811,6837,6182,6729,9231,4849
811,6837,6182,5226,3537,8993
811,6837,6182,2824,55,5816
811,6837,6182,1671,2987,4875
811,6837,6182,9183,5218,6302
811,6837,6182,6394,54,3559
811,6837,6182,9439,3887,8829
811,6837,6182,1843,6358,4205
811,6837,6182,7507,8886,513
811,6837,6182,3412,5941,8861
811,6837,6182,2558,8194,6685
811,6837,6182,3886,3915,615
811,6837,6182,1967,9809,831
811,6837,6182,6884,1139,2791
811,6837,6182,3715,9293,3692
811,6837,6182,7946,1211,7771
811,6837,6182,5039,7362,3794
811,6837,6182,1976,1337,2675
811,6837,6182,5932,9217,7112
811,6837,6182,191,4064,3086
811,6837,6182,7498,3848,1780
811,6837,6182,7240,1284,9099
811,6837,6182,7981,735,84
811,6837,6182,3288,3192,3253
811,6837,6182,3568,5131,7697
811,6837,6182,8356,6637,7370
811,6837,6182,2491,4780,1433
811,6837,6182,6924,4668,1643
811,6837,6182,9514,4478,4107
811,6837,6182,8337,4937,98
811,6837,6182,4353,9386,7073
811,6837,6182,2128,5660,2072
811,6837,6182,5105,2371,2889
811,6837,6182,5713,1268,9172
811,6837,6182,4348,3566,5226
811,6837,6182,4749,4445,7937
811,6837,6182,1797,9427,9996
811,6837,6182,1756,7922,6462
811,6837,6182,1275,2909,6456
811,6837,6182,9011,7408,8175
811,6837,6182,3258,8675,2483
811,6837,6182,3663,6638,3230
811,6837,6182,4509,6338,3737
811,6837,6182,181,2466,5006
811,6837,6182,3860,9827,793
811,6837,6182,5708,3742,4632
811,6837,6182,3705,1363,2560
811,6837,6182,2652,9195,7442
811,6837,6182,2737,5609,8907
811,6837,6182,9177,9890,2117
811,6837,6182,1507,7480,3962
811,6837,6182,9482,7673,7146
811,6837,6182,9755,4239,1446
811,6837,6182,2955,7044,7724
811,6837,6182,6727,9908,2512
811,6837,6182,6958,9146,5381
811,6837,6182,5239,6376,6617
811,6837,6182,5726,6053,3746
811,6837,6182,4807,9737,1591
811,6837,6182,1950,7642,8859
811,6837,6182,2792,9862,5964
811,6837,6182,5042,6627,7742
811,6837,6182,3518,4028,8057
811,6837,6182,2804,6985,876
811,6837,6182,6352,7009,4317
811,6837,6182,7676,9933,1609
811,6837,6182,9668,9577,4761
811,6837,6182,6555,11,1310
811,6837,6182,4129,9220,9578
811,6837,6182,788,5975,4250
811,6837,6182,6056,1066,7320
811,6837,6182,9490,9462,445
811,6837,6182,2857,2292,5418
811,6837,6182,4347,9957,3731
811,6837,6182,7081,6407,25
811,6837,6182,2620,5804,9112
811,6837,6182,1609,7804,4808
811,6837,6182,5522,1258,8695
811,6837,6182,965,8836,1351
811,6837,6182,6200,205,6823
811,6837,6182,7077,4087,550
811,6837,6182,2166,5422,6951
811,6837,6182,5931,7812,4058
811,6837,6182,9293,3310,5707
811,6837,6182,1918,606,2031
811,6837,6182,6271,3266,427
811,6837,6182,4431,3148,9863
811,6837,6182,545,5334,4459
811,6837,6182,8639,8270,1246
811,6837,6182,6585,4141,3920
811,6837,6182,6752,6160,8702
811,6837,6182,5525,3991,3939
811,6837,6182,6013,9258,115
811,6837,6182,2395,1147,8641
811,6837,6182,9396,2918,8701
811,6837,6182,1012,7749,6609
811,6837,6182,3846,719,4782
811,6837,6182,7045,9503,3150
811,6837,6182,3638,6284,8431
811,6837,6182,1450,2017,3169
811,6837,6182,1525,5444,8707
811,6837,6182,6573,1493,7216
811,6837,6182,5951,7505,2349
811,6837,6182,4757,4288,8796
811,6837,6182,8496,8907,5490
811,6837,6182,1863,4308,290
811,6837,6182,46,3140,5595
811,6837,6182,2931,4004,1444
811,6837,6182,7411,6790,3578
811,6837,6182,2254,7152,1466
811,6837,6182,5990,4511,587
811,6837,6182,5470,9640,6233
811,6837,6182,477,1470,3044
811,6837,6182,1804,3506,5505
811,6837,6182,5207,3394,6859
811,6837,6182,9290,2910,9926
811,6837,6182,3782,772,2376
811,6837,6182,8912,1056,6150
811,6837,6182,4474,9947,510
811,6837,6182,1502,8841,6700
811,6837,6182,5283,3829,3647
811,6837,6182,1064,5378,8666
811,6837,6182,3106,5074,9590
811,6837,6182,9560,9792,9208
811,6837,6182,9607,302,7916
811,6837,6182,565,5932,3629
811,6837,6182,9043,4461,4619
811,6837,6182,6609,2259,2931
811,6837,6182,4056,3381,9320
811,6837,6182,1391,8723,6984
811,6837,6182,788,5421,7707
811,6837,6182,9471,2025,7887
811,6837,6182,6204,2702,3915
811,6837,6182,5424,597,2048
811,6837,6182,4176,1072,3291
811,6837,6182,5220,7611,661
811,6837,6182,5606,8974,9396
811,6837,6182,7526,3628,538
811,6837,6182,5495,9616,9283
811,6837,6182,6984,2020,5290
811,6837,6182,4950,2977,1605
811,6837,6182,3096,6836,1327
811,6837,6182,5402,5234,8081
811,6837,6182,2908,9273,9823
811,6837,6182,9014,9462,204
811,6837,6182,9360,1421,174
811,6837,6182,6994,6671,8505
811,6837,6182,4060,7705,1905
811,6837,6182,9895,575,7971
811,6837,6182,6177,7458,1397
811,6837,6182,7306,8094,1413
811,6837,6182,4823,7200,7374
811,6837,6182,3973,3960,5597
811,6837,6182,7401,6027,7593
811,6837,6182,3415,4289,4406
811,6837,6182,2008,8691,6032
811,6837,6182,8996,7608,8746
811,6837,6182,2360,934,9109
811,6837,6182,3670,438,4556
811,6837,6182,8918,4180,1616
811,6837,6182,6167,9187,3680
811,6837,6182,6641,9780,789
811,6837,6182,8363,4423,5221
811,6837,6182,7987,2524,4250
811,6837,6182,5197,2250,4007
811,6837,6182,8274,3085,8564
811,6837,6182,2591,672,5167
811,6837,6182,3691,2106,6644
811,6837,6182,1588,9844,9840
811,6837,6182,3907,2070,9414
811,6837,6182,5500,2577,3022
811,6837,6182,5462,2630,7338
811,6837,6182,588,223,7368
811,6837,6182,1965,8365,3221
811,6837,6182,3568,1268,8955
811,6837,6182,5809,3375,3014
811,6837,6182,3326,4989,4096
811,6837,6182,1566,395,5439
811,6837,6182,7823,2162,4633
811,6837,6182,5282,5030,6046
811,6837,6182,6932,4009,8693
811,6837,6182,7569,4786,4547
811,6837,6182,1917,1143,5683
811,6837,6182,5655,5270,7271
811,6837,6182,7251,5277,9970
811,6837,6182,3104,2848,3593
811,6837,6182,9066,1173,2676
811,6837,6182,6825,6265,5795
811,6837,6182,8149,9779,4255
811,6837,6182,6578,2427,528
811,6837,6182,9064,5735,2458
811,6837,6182,9122,3891,6961
811,6837,6182,7173,7167,946
811,6837,6182,8608,4254,8958
811,6837,6182,4356,2659,4982
811,6837,6182,3312,8220,2395
811,6837,6182,6533,965,1695
811,6837,6182,7040,4561,526
811,6837,6182,3970,2009,4212
811,6837,6182,971,3714,8863
811,6837,6182,8298,7952,804
811,6837,6182,8485,9053,9340
811,6837,6182,641,7836,6575
811,6837,6182,3409,3737,9925
811,6837,6182,7568,660,218
811,6837,6182,3504,4897,950
811,6837,6182,6892,7759,9436
