8266,3854,4046,4593,372,5083
8266,3854,4046,1571,8961,3082
8266,3854,4046,3157,4317,5008
8266,3854,4046,4580,4700,6242
8266,3854,4046,4915,9212,6566
8266,3854,4046,2637,2348,6595
8266,3854,4046,352,1343,7440
8266,3854,4046,7775,285,2165
8266,3854,4046,2135,9176,6138
8266,3854,4046,277,6176,9169
8266,3854,4046,5589,4102,2698
8266,3854,4046,9109,4658,7847
8266,3854,4046,4175,8439,2407
8266,3854,4046,4554,6951,9642
8266,3854,4046,2094,2118,6030
8266,3854,4046,2913,9168,4449
8266,3854,4046,4885,2497,2043
8266,3854,4046,8244,5851,4507
8266,3854,4046,5839,2841,9384
8266,3854,4046,6827,7678,8984
8266,3854,4046,2535,4104,3368
8266,3854,4046,5503,5492,9287
8266,3854,4046,252,2017,1428
8266,3854,4046,9981,6635,2143
8266,3854,4046,3305,6263,393
8266,3854,4046,1698,4143,8636
8266,3854,4046,4452,7457,8409
8266,3854,4046,8364,7673,7365
8266,3854,4046,3707,218,3175
8266,3854,4046,1547,9074,8844
8266,3854,4046,7318,2722,8211
8266,3854,4046,2452,7638,2322
8266,3854,4046,7765,6857,8663
8266,3854,4046,6092,7826,4370
8266,3854,4046,3374,4845,2336
8266,3854,4046,6998,3278,9641
8266,3854,4046,6017,4909,3303
8266,3854,4046,2426,4677,4620
8266,3854,4046,9004,5574,6561
8266,3854,4046,4899,866,6337
8266,3854,4046,7901,8145,7514
8266,3854,4046,980,9868,3723
8266,3854,4046,5894,4321,8038
8266,3854,4046,9896,4483,6597
8266,3854,4046,2113,8283,6297
8266,3854,4046,9322,2764,7787
8266,3854,4046,3821,728,2696
8266,3854,4046,3902,8264,3398
8266,3854,4046,352,7879,4990
8266,3854,4046,879,4684,4664
8266,3854,4046,9573,9032,9160
8266,3854,4046,2812,2085,2081
8266,3854,4046,8056,5199,3053
8266,3854,4046,5637,7618,9226
8266,3854,4046,4828,1855,1699
8266,3854,4046,2046,3670,7190
8266,3854,4046,1835,5833,6066
8266,3854,4046,6076,5861,2783
8266,3854,4046,5622,7287,5475
8266,3854,4046,6389,2067,211
8266,3854,4046,3514,4826,2984
8266,3854,4046,3614,2712,3242
8266,3854,4046,5977,9892,8968
8266,3854,4046,408,8354,8587
8266,3854,4046,3727,9744,2586
8266,3854,4046,555,7454,5350
8266,3854,4046,6727,6527,8105
8266,3854,4046,6795,9294,5425
8266,3854,4046,3953,4680,9119
8266,3854,4046,1578,9719,8313
8266,3854,4046,6679,4959,1267
8266,3854,4046,5487,5338,4078
8266,3854,4046,3932,5057,8973
8266,3854,4046,6309,2605,2268
8266,3854,4046,4638,141,7642
8266,3854,4046,3970,1284,5802
8266,3854,4046,6125,8903,7819
8266,3854,4046,3311,5032,1744
8266,3854,4046,2378,1965,1445
8266,3854,4046,6658,5723,2233
8266,3854,4046,1166,3478,2326
8266,3854,4046,274,605,9532
8266,3854,4046,2200,216,3372
8266,3854,4046,4108,8374,2118
8266,3854,4046,1334,187,1242
8266,3854,4046,8208,9053,917
8266,3854,4046,651,6146,9737
8266,3854,4046,3051,6330,3997
8266,3854,4046,7612,6967,8667
8266,3854,4046,6472,820,6214
8266,3854,4046,7350,7525,8260
8266,3854,4046,7968,2102,6150
8266,3854,4046,8258,9920,1346
8266,3854,4046,5321,788,2935
8266,3854,4046,4551,2254,4340
8266,3854,4046,8898,6828,9492
8266,3854,4046,7884,9329,7024
8266,3854,4046,4237,9865,3437
8266,3854,4046,5442,7729,9046
8266,3854,4046,7843,5268,1522
8266,3854,4046,1224,478,320
8266,3854,4046,6112,5349,1397
8266,3854,4046,5748,3354,1145
8266,3854,4046,438,9573,4262
8266,3854,4046,2336,7438,4097
8266,3854,4046,4042,5416,6631
8266,3854,4046,1502,981,973
8266,3854,4046,1923,135,2184
8266,3854,4046,4877,4396,4512
8266,3854,4046,1075,3685,5571
8266,3854,4046,991,2082,1983
8266,3854,4046,1489,7538,1335
8266,3854,4046,6025,5369,8942
8266,3854,4046,7106,6925,7924
8266,3854,4046,6947,7511,763
8266,3854,4046,3354,447,9841
8266,3854,4046,4506,8265,3483
8266,3854,4046,6769,8361,4805
8266,3854,4046,7991,8345,6361
8266,3854,4046,760,139,4545
8266,3854,4046,3240,131,1644
8266,3854,4046,1268,7409,2006
8266,3854,4046,9189,1899,3283
8266,3854,4046,583,4974,7476
8266,3854,4046,5652,3627,6694
8266,3854,4046,1221,3366,7555
8266,3854,4046,2112,5900,2861
8266,3854,4046,5951,9079,4442
8266,3854,4046,409,7079,8112
8266,3854,4046,1610,2827,6331
8266,3854,4046,6083,3782,1715
8266,3854,4046,6090,9672,8473
8266,3854,4046,1852,7404,2136
8266,3854,4046,4479,4236,7289
8266,3854,4046,512,7531,8019
8266,3854,4046,9280,5765,5698
8266,3854,4046,7563,7265,6215
8266,3854,4046,2389,9211,3043
8266,3854,4046,6432,3588,4257
8266,3854,4046,7804,3642,3897
8266,3854,4046,6139,8307,6182
8266,3854,4046,9316,3321,6010
8266,3854,4046,4669,2356,8207
8266,3854,4046,1629,2944,1327
8266,3854,4046,1368,4104,8643
8266,3854,4046,7413,6865,3391
8266,3854,4046,1327,5335,6088
8266,3854,4046,7067,8272,1796
8266,3854,4046,6610,409,407
8266,3854,4046,5738,3249,1768
8266,3854,4046,136,4426,7365
8266,3854,4046,829,8576,3135
8266,3854,4046,7247,3182,2264
8266,3854,4046,1893,8034,6793
8266,3854,4046,7726,6575,3230
8266,3854,4046,7223,5718,2347
8266,3854,4046,8792,7920,4413
8266,3854,4046,159,5489,2739
8266,3854,4046,805,5256,8138
8266,3854,4046,4969,963,8868
8266,3854,4046,2462,6426,1811
8266,3854,4046,3595,8599,6634
8266,3854,4046,4010,4907,8350
8266,3854,4046,8430,7701,135
8266,3854,4046,6998,1136,5616
8266,3854,4046,1064,3553,1233
8266,3854,4046,5486,2557,1998
8266,3854,4046,8419,2723,6695
8266,3854,4046,7779,8565,2810
8266,3854,4046,3725,8374,6790
8266,3854,4046,8351,3340,5064
8266,3854,4046,2766,7113,796
8266,3854,4046,9884,1067,6511
8266,3854,4046,3938,7154,4370
8266,3854,4046,8569,2486,7901
8266,3854,4046,3373,3105,3418
8266,3854,4046,6552,7871,5147
8266,3854,4046,1421,3717,4558
8266,3854,4046,3039,7198,4011
8266,3854,4046,9316,8829,617
8266,3854,4046,786,4385,5310
8266,3854,4046,5634,5830,4093
8266,3854,4046,804,5841,1031
8266,3854,4046,965,3548,4297
8266,3854,4046,3616,2381,2236
8266,3854,4046,3390,9820,2669
8266,3854,4046,5806,1806,5269
8266,3854,4046,990,8114,937
8266,3854,4046,4375,879,6031
8266,3854,4046,7125,4545,2183
8266,3854,4046,6733,9280,893
8266,3854,4046,7499,5831,293
8266,3854,4046,1977,9038,465
8266,3854,4046,1681,8250,6980
8266,3854,4046,2094,8645,5586
8266,3854,4046,546,4883,9690
8266,3854,4046,2679,9600,6476
8266,3854,4046,7923,121,6237
8266,3854,4046,6844,7873,2723
8266,3854,4046,5481,3898,691
8266,3854,4046,7705,5542,9719
8266,3854,4046,563,1810,2111
8266,3854,4046,883,9649,8203
8266,3854,4046,2190,8730,4767
8266,3854,4046,2716,9684,928
8266,3854,4046,6580,1037,5385
8266,3854,4046,627,5913,3613
8266,3854,4046,7354,2637,8916
8266,3854,4046,2148,1250,8046
8266,3854,4046,1540,2293,8147
8266,3854,4046,9630,7108,7572
8266,3854,4046,1472,7003,3367
8266,3854,4046,5566,5667,9938
8266,3854,4046,7156,8757,45
8266,3854,4046,8857,9930,3681
8266,3854,4046,9129,705,1691
8266,3854,4046,9601,4277,2249
8266,3854,4046,4876,4161,384
8266,3854,4046,2600,3982,8342
8266,3854,4046,567,5509,2257
8266,3854,4046,7457,1800,5278
8266,3854,4046,9509,6652,4541
8266,3854,4046,6292,1745,8186
8266,3854,4046,4241,5929,3117
8266,3854,4046,9108,9160,8977
8266,3854,4046,7796,2713,1417
8266,3854,4046,9494,6380,4335
8266,3854,4046,7646,3089,8048
8266,3854,4046,7088,1156,4619
8266,3854,4046,9207,1656,1060
8266,3854,4046,9637,7113,811
8266,3854,4046,956,2135,9664
8266,3854,4046,5516,7866,1706
8266,3854,4046,6071,8084,3156
8266,3854,4046,2472,4021,5223
8266,3854,4046,6403,3503,1841
8266,3854,4046,9751,6564,1451
8266,3854,4046,1051,7413,9375
8266,3854,4046,7316,6908,9730
8266,3854,4046,6491,5526,9716
8266,3854,4046,7727,9914,2725
8266,3854,4046,1817,455,9466
8266,3854,4046,5613,2441,6232
8266,3854,4046,5727,3776,7531
8266,3854,4046,381,9838,6987
8266,3854,4046,4257,1869,4363
8266,3854,4046,5077,1493,5180
8266,3854,4046,7989,9909,6482
8266,3854,4046,9280,9160,9194
8266,3854,4046,9484,6666,6613
8266,3854,4046,7894,655,8420
8266,3854,4046,975,7417,8783
8266,3854,4046,7230,4976,2815
8266,3854,4046,9285,1695,5329
8266,3854,4046,1070,979,4834
8266,3854,4046,7665,1744,7921
8266,3854,4046,7726,4808,8280
8266,3854,4046,2720,4805,6232
8266,3854,4046,9271,1635,1721
8266,3854,4046,4451,9364,2464
8266,3854,4046,292,5955,4517
8266,3854,4046,7655,3156,5525
8266,3854,4046,3064,5884,7234
8266,3854,4046,6211,6182,6839
8266,3854,4046,909,4037,6351
8266,3854,4046,345,9384,6665
8266,3854,4046,2693,4380,3847
8266,3854,4046,4871,3887,1139
8266,3854,4046,1631,9204,7786
8266,3854,4046,1702,1176,2966
8266,3854,4046,2571,1737,2882
8266,3854,4046,3141,6033,7963
8266,3854,4046,7087,5225,2027
8266,3854,4046,84,3810,5588
8266,3854,4046,5218,7035,6632
8266,3854,4046,1443,7878,9664
8266,3854,4046,847,8442,8661
8266,3854,4046,8229,8930,5596
8266,3854,4046,7045,3980,9748
8266,3854,4046,7451,2397,5622
8266,3854,4046,1346,9397,4556
8266,3854,4046,4980,848,857
8266,3854,4046,9087,9215,8115
8266,3854,4046,7038,646,7432
8266,3854,4046,5312,8192,2135
8266,3854,4046,4482,1719,2589
8266,3854,4046,4953,456,3400
8266,3854,4046,109,488,848
8266,3854,4046,3615,8107,3831
8266,3854,4046,1047,7187,3786
8266,3854,4046,8250,3819,9576
8266,3854,4046,8081,9320,5404
8266,3854,4046,796,6759,5199
8266,3854,4046,1031,4281,42
8266,3854,4046,7703,3595,9088
8266,3854,4046,683,5580,1794
8266,3854,4046,4008,1125,5390
8266,3854,4046,3394,654,9218
8266,3854,4046,5144,1756,8072
8266,3854,4046,4004,2811,6685
8266,3854,4046,7356,4706,4321
8266,3854,4046,2478,9012,5557
8266,3854,4046,3102,2671,3960
8266,3854,4046,7810,9386,2867
8266,3854,4046,7569,482,3231
8266,3854,4046,8333,6158,4915
8266,3854,4046,6125,3594,2354
8266,3854,4046,9608,437,6292
8266,3854,4046,1510,3368,7327
8266,3854,4046,2930,3213,6619
8266,3854,4046,8226,5354,1893
8266,3854,4046,8333,8025,988
8266,3854,4046,1289,4760,5793
8266,3854,4046,3864,1928,2409
8266,3854,4046,2713,9602,6989
8266,3854,4046,4605,3750,7258
8266,3854,4046,441,3135,5224
8266,3854,4046,7368,5516,799
8266,3854,4046,8698,3154,7165
8266,3854,4046,2692,360,9388
8266,3854,4046,7363,5712,1691
8266,3854,4046,2818,2086,9821
8266,3854,4046,3265,516,1759
8266,3854,4046,8823,5520,3014
8266,3854,4046,5857,7823,6772
8266,3854,4046,8469,3752,4617
8266,3854,4046,3239,5377,46
8266,3854,4046,2205,3787,7019
8266,3854,4046,36,7984,2602
8266,3854,4046,8476,8353,7309
8266,3854,4046,6241,4901,6547
8266,3854,4046,7342,7695,7118
8266,3854,4046,2518,6239,2303
8266,3854,4046,4683,642,6502
8266,3854,4046,7153,7154,6969
8266,3854,4046,8136,994,6190
8266,3854,4046,8979,9215,9731
8266,3854,4046,2247,952,5900
8266,3854,4046,5586,4950,3432
8266,3854,4046,2259,2794,6897
8266,3854,4046,8360,4405,8994
8266,3854,4046,1025,1312,1490
8266,3854,4046,839,3290,6008
8266,3854,4046,4892,4577,4603
8266,3854,4046,8879,5353,3186
8266,3854,4046,9840,6528,8013
8266,3854,4046,1902,4205,1332
8266,3854,4046,4476,1693,5668
8266,3854,4046,4622,2965,8608
8266,3854,4046,9772,1461,4227
8266,3854,4046,2131,293,7630
8266,3854,4046,6484,7193,8519
8266,3854,4046,5021,8387,3639
8266,3854,4046,4644,2644,2194
8266,3854,4046,1005,3861,9114
8266,3854,4046,3004,1782,2286
8266,3854,4046,3266,7560,4115
8266,3854,4046,1655,4734,2073
8266,3854,4046,311,8067,7510
8266,3854,4046,31,5075,385
8266,3854,4046,9930,9150,536
8266,3854,4046,5098,6022,5207
8266,3854,4046,9780,2369,823
8266,3854,4046,4751,9312,1800
8266,3854,4046,4432,8,3299
8266,3854,4046,23,14,5885
8266,3854,4046,3663,7658,3817
8266,3854,4046,5932,5443,1070
8266,3854,4046,1983,7555,1550
8266,3854,4046,1420,1762,4598
8266,3854,4046,9404,7069,4885
8266,3854,4046,3552,2998,795
8266,3854,4046,4495,3163,1341
8266,3854,4046,5976,4717,1969
8266,3854,4046,797,9656,7845
8266,3854,4046,4198,1478,2838
8266,3854,4046,6802,9868,6451
8266,3854,4046,8353,6300,2823
8266,3854,4046,512,8285,9247
8266,3854,4046,8395,1678,5954
8266,3854,4046,7811,9636,3168
8266,3854,4046,9722,3031,2836
8266,3854,4046,1653,9235,1205
8266,3854,4046,8510,8239,6486
8266,3854,4046,8063,3105,6939
8266,3854,4046,5643,4944,8195
8266,3854,4046,6416,8973,9717
8266,3854,4046,9156,3258,4299
8266,3854,4046,4443,1130,2780
8266,3854,4046,5349,7535,746
8266,3854,4046,3940,4132,5212
8266,3854,4046,5025,5344,951
8266,3854,4046,3771,6822,7788
8266,3854,4046,9430,8120,4572
8266,3854,4046,9587,9290,5410
8266,3854,4046,5373,5961,5626
8266,3854,4046,9162,9569,9209
8266,3854,4046,8839,8694,1696
8266,3854,4046,874,8849,9476
8266,3854,4046,1533,4011,1977
8266,3854,4046,9647,1640,6243
8266,3854,4046,9514,6171,6792
8266,3854,4046,9281,929,4699
8266,3854,4046,112,2225,3961
8266,3854,4046,9875,6934,6142
8266,3854,4046,8280,5013,6848
8266,3854,4046,2881,4322,6411
8266,3854,4046,3273,176,5635
8266,3854,4046,3536,4988,4659
8266,3854,4046,7542,5792,6391
8266,3854,4046,4587,7551,8713
8266,3854,4046,7743,2432,6287
8266,3854,4046,4070,3771,3573
8266,3854,4046,7087,1182,5495
8266,3854,4046,3487,4685,1782
8266,3854,4046,5986,4825,4183
8266,3854,4046,1124,5101,8528
8266,3854,4046,9334,580,3287
8266,3854,4046,3618,5403,3822
8266,3854,4046,9495,2736,4769
8266,3854,4046,1143,3087,3148
8266,3854,4046,1945,7304,3856
8266,3854,4046,6749,7196,1454
8266,3854,4046,7444,2400,6367
8266,3854,4046,5854,2452,2176
8266,3854,4046,7597,9304,7542
8266,3854,4046,8999,7289,7117
8266,3854,4046,6052,336,1581
8266,3854,4046,317,4956,3273
8266,3854,4046,374,7826,3539
8266,3854,4046,7188,4372,4930
8266,3854,4046,230,596,3676
8266,3854,4046,8440,2596,9422
8266,3854,4046,4308,2718,6765
8266,3854,4046,556,3692,8964
8266,3854,4046,4101,2053,2398
8266,3854,4046,2051,4303,4666
8266,3854,4046,3937,9008,2296
8266,3854,4046,4754,8262,6680
8266,3854,4046,6312,7848,5485
8266,3854,4046,9523,8239,7783
8266,3854,4046,3549,7767,5464
8266,3854,4046,4500,1970,6074
8266,3854,4046,5681,7890,4938
8266,3854,4046,6553,777,9025
8266,3854,4046,8666,8636,330
8266,3854,4046,4895,7976,8183
8266,3854,4046,1868,7533,9854
8266,3854,4046,8743,7046,9261
8266,3854,4046,1422,7468,8720
8266,3854,4046,9705,9277,1661
8266,3854,4046,404,2420,2065
8266,3854,4046,8087,3672,5713
8266,3854,4046,6450,2874,6972
8266,3854,4046,5930,9035,3085
8266,3854,4046,5122,8776,4961
8266,3854,4046,910,9650,8798
8266,3854,4046,9642,3332,9124
8266,3854,4046,591,2339,7873
8266,3854,4046,6755,7082,5240
8266,3854,4046,7021,2983,84
8266,3854,4046,9317,4763,8721
8266,3854,4046,4995,7700,5402
8266,3854,4046,2779,7548,3191
8266,3854,4046,9936,2228,7034
8266,3854,4046,2022,9413,5262
8266,3854,4046,493,2266,7249
8266,3854,4046,9101,4878,2785
8266,3854,4046,3159,2088,1786
8266,3854,4046,7448,7759,2595
8266,3854,4046,9065,5970,2708
8266,3854,4046,7512,3178,641
8266,3854,4046,6498,9244,4301
8266,3854,4046,1911,6291,730
8266,3854,4046,1480,7811,4567
8266,3854,4046,1697,5695,5580
8266,3854,4046,1199,2240,373
8266,3854,4046,4444,1018,8570
8266,3854,4046,2809,7496,6122
8266,3854,4046,9701,8375,2781
8266,3854,4046,8007,7092,8541
8266,3854,4046,5997,1485,1356
8266,3854,4046,1043,9805,3462
8266,3854,4046,666,2221,1446
8266,3854,4046,4885,2223,4618
8266,3854,4046,6586,2466,7553
8266,3854,4046,8,3868,6975
8266,3854,4046,1116,9698,5920
8266,3854,4046,6847,7773,1518
8266,3854,4046,6356,8796,4425
8266,3854,4046,2746,6841,5461
8266,3854,4046,6369,112,4869
8266,3854,4046,7166,8536,9826
8266,3854,4046,3304,4711,2425
8266,3854,4046,4614,7999,9316
8266,3854,4046,438,4493,3238
8266,3854,4046,7962,1713,7272
8266,3854,4046,6906,7433,8128
8266,3854,4046,3706,4011,3271
8266,3854,4046,6262,5191,2922
8266,3854,4046,6803,8038,6014
8266,3854,4046,8118,4171,6
8266,3854,4046,8691,1490,206
8266,3854,4046,3986,6525,9178
8266,3854,4046,3365,2281,2279
8266,3854,4046,1663,8059,6862
8266,3854,4046,215,8063,5411
8266,3854,4046,673,5503,7741
8266,3854,4046,8498,5417,6405
8266,3854,4046,4080,7467,5033
