6977,2832,2594,5099,3459,6253
6977,2832,2594,8620,7936,8613
6977,2832,2594,9361,3897,2166
6977,2832,2594,4442,2682,4267
6977,2832,2594,4007,3754,7037
6977,2832,2594,3257,3869,590
6977,2832,2594,8419,2657,7955
6977,2832,2594,8178,1059,706
6977,2832,2594,4610,8435,4777
6977,2832,2594,4639,6702,9911
6977,2832,2594,465,3501,1498
6977,2832,2594,9057,168,6121
6977,2832,2594,9643,7183,4409
6977,2832,2594,3533,8003,4588
6977,2832,2594,9698,4266,5029
6977,2832,2594,9567,8233,5662
6977,2832,2594,4560,1154,2591
6977,2832,2594,2210,4265,9953
6977,2832,2594,5428,7402,1200
6977,2832,2594,1205,9126,5630
6977,2832,2594,7396,3074,8914
6977,2832,2594,3313,4197,6469
6977,2832,2594,6966,507,691
6977,2832,2594,7053,7288,3758
6977,2832,2594,2219,212,7852
6977,2832,2594,6402,7363,8985
6977,2832,2594,2852,485,1353
6977,2832,2594,1000,8294,324
6977,2832,2594,2224,8429,5147
6977,2832,2594,5852,594,4510
6977,2832,2594,6751,4288,5935
6977,2832,2594,8795,4534,7537
6977,2832,2594,9567,1658,5342
6977,2832,2594,8474,7249,6996
6977,2832,2594,5400,7300,865
6977,2832,2594,394,6893,8808
6977,2832,2594,6804,5559,5906
6977,2832,2594,5215,1559,2509
6977,2832,2594,5092,2296,2700
6977,2832,2594,2632,6520,7800
6977,2832,2594,3585,8418,9674
6977,2832,2594,1904,2596,342
6977,2832,2594,2241,6634,2916
6977,2832,2594,231,7385,5719
6977,2832,2594,5021,2314,2368
6977,2832,2594,1408,3635,3626
6977,2832,2594,7910,8085,7122
6977,2832,2594,3002,1863,8669
6977,2832,2594,2968,8256,7215
6977,2832,2594,415,3948,7873
6977,2832,2594,5362,423,8059
6977,2832,2594,8981,1574,6933
6977,2832,2594,2928,8773,3050
6977,2832,2594,5870,4137,3951
6977,2832,2594,7667,6163,4722
6977,2832,2594,3902,4264,2005
6977,2832,2594,9026,6193,5899
6977,2832,2594,4240,5960,8286
6977,2832,2594,3102,4725,8163
6977,2832,2594,640,3753,9369
6977,2832,2594,3420,2672,4634
6977,2832,2594,8068,186,4484
6977,2832,2594,8701,2575,889
6977,2832,2594,7249,5194,4757
6977,2832,2594,1596,8078,4100
6977,2832,2594,2941,7333,3515
6977,2832,2594,7414,3767,308
6977,2832,2594,3234,8260,9547
6977,2832,2594,939,6306,8
6977,2832,2594,4715,5681,4187
6977,2832,2594,8940,8196,1992
6977,2832,2594,1795,1401,7430
6977,2832,2594,133,8859,3633
6977,2832,2594,4444,4232,7636
6977,2832,2594,1161,2874,9043
6977,2832,2594,5578,9638,2396
6977,2832,2594,5266,9150,5714
6977,2832,2594,6587,6220,4498
6977,2832,2594,9370,3319,8777
6977,2832,2594,49,184,6374
6977,2832,2594,8175,8411,5898
6977,2832,2594,9252,1621,9631
6977,2832,2594,7071,1457,3242
6977,2832,2594,4860,9126,7846
6977,2832,2594,6896,1747,1587
6977,2832,2594,1935,248,4321
6977,2832,2594,1141,3371,5770
6977,2832,2594,2313,9519,2567
6977,2832,2594,2182,328,1069
6977,2832,2594,7384,8626,2039
6977,2832,2594,9018,81,1727
6977,2832,2594,2267,7230,8601
6977,2832,2594,6487,2913,966
6977,2832,2594,1303,3294,8243
6977,2832,2594,5099,822,3147
6977,2832,2594,9473,6141,5617
6977,2832,2594,9613,4954,2616
6977,2832,2594,9209,9949,5391
6977,2832,2594,6483,8032,51
6977,2832,2594,188,6006,2860
6977,2832,2594,1965,4799,7205
6977,2832,2594,9815,1098,3790
6977,2832,2594,2599,6373,2964
6977,2832,2594,5963,8262,9440
6977,2832,2594,4765,8174,8936
6977,2832,2594,2517,6278,1258
6977,2832,2594,3719,5914,8345
6977,2832,2594,4430,1000,7506
6977,2832,2594,1852,8469,5852
6977,2832,2594,671,1348,2495
6977,2832,2594,6593,9791,4548
6977,2832,2594,3693,5602,6473
6977,2832,2594,7488,9933,3948
6977,2832,2594,9633,8761,7701
6977,2832,2594,9396,3779,4999
6977,2832,2594,7258,3252,6989
6977,2832,2594,132,8845,8260
6977,2832,2594,1281,3373,8344
6977,2832,2594,3093,9333,5647
6977,2832,2594,7616,7434,1706
6977,2832,2594,7932,3755,7111
6977,2832,2594,7298,2455,9845
6977,2832,2594,9696,813,3015
6977,2832,2594,2962,3383,93
6977,2832,2594,4129,896,5704
6977,2832,2594,3243,6175,1633
6977,2832,2594,3736,9409,7353
6977,2832,2594,8986,6316,1309
6977,2832,2594,3994,1362,6115
6977,2832,2594,8079,2563,6937
6977,2832,2594,2368,3182,6450
6977,2832,2594,3321,356,4137
6977,2832,2594,1574,4363,605
6977,2832,2594,6329,6650,3540
6977,2832,2594,5468,9466,2526
6977,2832,2594,5642,4373,4051
6977,2832,2594,7473,2542,7980
6977,2832,2594,8501,6131,1108
6977,2832,2594,6725,5627,153
6977,2832,2594,6968,8324,9128
6977,2832,2594,3749,2096,1023
6977,2832,2594,4601,9949,9618
6977,2832,2594,9294,1935,5498
6977,2832,2594,3726,6000,7109
6977,2832,2594,8215,1723,2181
6977,2832,2594,9638,8453,8292
6977,2832,2594,3143,4503,2716
6977,2832,2594,5809,4092,9202
6977,2832,2594,8289,2563,7709
6977,2832,2594,8266,4959,6957
6977,2832,2594,2191,1317,7527
6977,2832,2594,2199,6215,373
6977,2832,2594,1086,113,2465
6977,2832,2594,4511,7933,4308
6977,2832,2594,4809,8389,314
6977,2832,2594,8675,912,6467
6977,2832,2594,6115,5708,7571
6977,2832,2594,8039,6566,9566
6977,2832,2594,7077,8331,2049
6977,2832,2594,7521,5009,3795
6977,2832,2594,2636,4564,7336
6977,2832,2594,8155,9025,3944
6977,2832,2594,2183,4436,8196
6977,2832,2594,2470,9802,9884
6977,2832,2594,3520,9150,3209
6977,2832,2594,2589,3742,7656
6977,2832,2594,6491,278,2024
6977,2832,2594,3894,4506,3423
6977,2832,2594,1074,3118,8219
6977,2832,2594,1554,4262,8067
6977,2832,2594,4996,5689,2288
6977,2832,2594,3808,918,9732
6977,2832,2594,8803,5504,7821
6977,2832,2594,21,515,4836
6977,2832,2594,4641,1594,7779
6977,2832,2594,9267,1179,5083
6977,2832,2594,10,4957,6258
6977,2832,2594,3202,5970,5460
6977,2832,2594,581,9474,9715
6977,2832,2594,9740,9290,4439
6977,2832,2594,3014,22,9098
6977,2832,2594,6468,9843,9242
6977,2832,2594,6424,873,8186
6977,2832,2594,1591,2408,894
6977,2832,2594,862,55,6927
6977,2832,2594,6245,846,6400
6977,2832,2594,8955,7619,7363
6977,2832,2594,5989,6715,9199
6977,2832,2594,2700,6579,5846
6977,2832,2594,3881,408,6001
6977,2832,2594,4868,2650,4791
6977,2832,2594,8806,763,7897
6977,2832,2594,1189,5436,983
6977,2832,2594,1353,352,7973
6977,2832,2594,6692,6961,3155
6977,2832,2594,4129,7232,60
6977,2832,2594,2512,6796,5420
6977,2832,2594,5789,6864,9739
6977,2832,2594,2433,8472,891
6977,2832,2594,8752,9944,7154
6977,2832,2594,3863,2878,7320
6977,2832,2594,3778,156,3252
6977,2832,2594,8354,4056,9992
6977,2832,2594,5508,8929,2052
6977,2832,2594,3514,3124,9701
6977,2832,2594,5658,9257,6419
6977,2832,2594,6559,4119,1329
6977,2832,2594,734,2880,8751
6977,2832,2594,2250,4860,5174
6977,2832,2594,4274,2824,4378
6977,2832,2594,6979,8212,8750
6977,2832,2594,4467,8030,5373
6977,2832,2594,5065,4875,5950
6977,2832,2594,7700,5887,9380
6977,2832,2594,8484,233,1227
6977,2832,2594,3383,2272,3108
6977,2832,2594,4191,3334,2075
6977,2832,2594,7519,4728,1211
6977,2832,2594,3760,4082,5552
6977,2832,2594,6288,5254,5777
6977,2832,2594,4593,372,5083
6977,2832,2594,1571,8961,3082
6977,2832,2594,3157,4317,5008
6977,2832,2594,4580,4700,6242
6977,2832,2594,4915,9212,6566
6977,2832,2594,2637,2348,6595
6977,2832,2594,352,1343,7440
6977,2832,2594,7775,285,2165
6977,2832,2594,2135,9176,6138
6977,2832,2594,277,6176,9169
6977,2832,2594,5589,4102,2698
6977,2832,2594,9109,4658,7847
6977,2832,2594,4175,8439,2407
6977,2832,2594,4554,6951,9642
6977,2832,2594,2094,2118,6030
6977,2832,2594,2913,9168,4449
6977,2832,2594,4885,2497,2043
6977,2832,2594,8244,5851,4507
6977,2832,2594,5839,2841,9384
6977,2832,2594,6827,7678,8984
6977,2832,2594,2535,4104,3368
6977,2832,2594,5503,5492,9287
6977,2832,2594,252,2017,1428
6977,2832,2594,9981,6635,2143
6977,2832,2594,3305,6263,393
6977,2832,2594,1698,4143,8636
6977,2832,2594,4452,7457,8409
6977,2832,2594,8364,7673,7365
6977,2832,2594,3707,218,3175
6977,2832,2594,1547,9074,8844
6977,2832,2594,7318,2722,8211
6977,2832,2594,2452,7638,2322
6977,2832,2594,7765,6857,8663
6977,2832,2594,6092,7826,4370
6977,2832,2594,3374,4845,2336
6977,2832,2594,6998,3278,9641
6977,2832,2594,6017,4909,3303
6977,2832,2594,2426,4677,4620
6977,2832,2594,9004,5574,6561
6977,2832,2594,4899,866,6337
6977,2832,2594,7901,8145,7514
6977,2832,2594,980,9868,3723
6977,2832,2594,5894,4321,8038
6977,2832,2594,9896,4483,6597
6977,2832,2594,2113,8283,6297
6977,2832,2594,9322,2764,7787
6977,2832,2594,3821,728,2696
6977,2832,2594,3902,8264,3398
6977,2832,2594,352,7879,4990
6977,2832,2594,879,4684,4664
6977,2832,2594,9573,9032,9160
6977,2832,2594,2812,2085,2081
6977,2832,2594,8056,5199,3053
6977,2832,2594,5637,7618,9226
6977,2832,2594,4828,1855,1699
6977,2832,2594,2046,3670,7190
6977,2832,2594,1835,5833,6066
6977,2832,2594,6076,5861,2783
6977,2832,2594,5622,7287,5475
6977,2832,2594,6389,2067,211
6977,2832,2594,3514,4826,2984
6977,2832,2594,3614,2712,3242
6977,2832,2594,5977,9892,8968
6977,2832,2594,408,8354,8587
6977,2832,2594,3727,9744,2586
6977,2832,2594,555,7454,5350
6977,2832,2594,6727,6527,8105
6977,2832,2594,6795,9294,5425
6977,2832,2594,3953,4680,9119
6977,2832,2594,1578,9719,8313
6977,2832,2594,6679,4959,1267
6977,2832,2594,5487,5338,4078
6977,2832,2594,3932,5057,8973
6977,2832,2594,6309,2605,2268
6977,2832,2594,4638,141,7642
6977,2832,2594,3970,1284,5802
6977,2832,2594,6125,8903,7819
6977,2832,2594,3311,5032,1744
6977,2832,2594,2378,1965,1445
6977,2832,2594,6658,5723,2233
6977,2832,2594,1166,3478,2326
6977,2832,2594,274,605,9532
6977,2832,2594,2200,216,3372
6977,2832,2594,4108,8374,2118
6977,2832,2594,1334,187,1242
6977,2832,2594,8208,9053,917
6977,2832,2594,651,6146,9737
6977,2832,2594,3051,6330,3997
6977,2832,2594,7612,6967,8667
6977,2832,2594,6472,820,6214
6977,2832,2594,7350,7525,8260
6977,2832,2594,7968,2102,6150
6977,2832,2594,8258,9920,1346
6977,2832,2594,5321,788,2935
6977,2832,2594,4551,2254,4340
6977,2832,2594,8898,6828,9492
6977,2832,2594,7884,9329,7024
6977,2832,2594,4237,9865,3437
6977,2832,2594,5442,7729,9046
6977,2832,2594,7843,5268,1522
6977,2832,2594,1224,478,320
6977,2832,2594,6112,5349,1397
6977,2832,2594,5748,3354,1145
6977,2832,2594,438,9573,4262
6977,2832,2594,2336,7438,4097
6977,2832,2594,4042,5416,6631
6977,2832,2594,1502,981,973
6977,2832,2594,1923,135,2184
6977,2832,2594,4877,4396,4512
6977,2832,2594,1075,3685,5571
6977,2832,2594,991,2082,1983
6977,2832,2594,1489,7538,1335
6977,2832,2594,6025,5369,8942
6977,2832,2594,7106,6925,7924
6977,2832,2594,6947,7511,763
6977,2832,2594,3354,447,9841
6977,2832,2594,4506,8265,3483
6977,2832,2594,6769,8361,4805
6977,2832,2594,7991,8345,6361
6977,2832,2594,760,139,4545
6977,2832,2594,3240,131,1644
6977,2832,2594,1268,7409,2006
6977,2832,2594,9189,1899,3283
6977,2832,2594,583,4974,7476
6977,2832,2594,5652,3627,6694
6977,2832,2594,1221,3366,7555
6977,2832,2594,2112,5900,2861
6977,2832,2594,5951,9079,4442
6977,2832,2594,409,7079,8112
6977,2832,2594,1610,2827,6331
6977,2832,2594,6083,3782,1715
6977,2832,2594,6090,9672,8473
6977,2832,2594,1852,7404,2136
6977,2832,2594,4479,4236,7289
6977,2832,2594,512,7531,8019
6977,2832,2594,9280,5765,5698
6977,2832,2594,7563,7265,6215
6977,2832,2594,2389,9211,3043
6977,2832,2594,6432,3588,4257
6977,2832,2594,7804,3642,3897
6977,2832,2594,6139,8307,6182
6977,2832,2594,9316,3321,6010
6977,2832,2594,4669,2356,8207
6977,2832,2594,1629,2944,1327
6977,2832,2594,1368,4104,8643
6977,2832,2594,7413,6865,3391
6977,2832,2594,1327,5335,6088
6977,2832,2594,7067,8272,1796
6977,2832,2594,6610,409,407
6977,2832,2594,5738,3249,1768
6977,2832,2594,136,4426,7365
6977,2832,2594,829,8576,3135
6977,2832,2594,7247,3182,2264
6977,2832,2594,1893,8034,6793
6977,2832,2594,7726,6575,3230
6977,2832,2594,7223,5718,2347
6977,2832,2594,8792,7920,4413
6977,2832,2594,159,5489,2739
6977,2832,2594,805,5256,8138
6977,2832,2594,4969,963,8868
6977,2832,2594,2462,6426,1811
6977,2832,2594,3595,8599,6634
6977,2832,2594,4010,4907,8350
6977,2832,2594,8430,7701,135
6977,2832,2594,6998,1136,5616
6977,2832,2594,1064,3553,1233
6977,2832,2594,5486,2557,1998
6977,2832,2594,8419,2723,6695
6977,2832,2594,7779,8565,2810
6977,2832,2594,3725,8374,6790
6977,2832,2594,8351,3340,5064
6977,2832,2594,2766,7113,796
6977,2832,2594,9884,1067,6511
6977,2832,2594,3938,7154,4370
6977,2832,2594,8569,2486,7901
6977,2832,2594,3373,3105,3418
6977,2832,2594,6552,7871,5147
6977,2832,2594,1421,3717,4558
6977,2832,2594,3039,7198,4011
6977,2832,2594,9316,8829,617
6977,2832,2594,786,4385,5310
6977,2832,2594,5634,5830,4093
6977,2832,2594,804,5841,1031
6977,2832,2594,965,3548,4297
6977,2832,2594,3616,2381,2236
6977,2832,2594,3390,9820,2669
6977,2832,2594,5806,1806,5269
6977,2832,2594,990,8114,937
6977,2832,2594,4375,879,6031
6977,2832,2594,7125,4545,2183
6977,2832,2594,6733,9280,893
6977,2832,2594,7499,5831,293
6977,2832,2594,1977,9038,465
6977,2832,2594,1681,8250,6980
6977,2832,2594,2094,8645,5586
6977,2832,2594,546,4883,9690
6977,2832,2594,2679,9600,6476
6977,2832,2594,7923,121,6237
6977,2832,2594,6844,7873,2723
6977,2832,2594,5481,3898,691
6977,2832,2594,7705,5542,9719
6977,2832,2594,563,1810,2111
6977,2832,2594,883,9649,8203
6977,2832,2594,2190,8730,4767
6977,2832,2594,2716,9684,928
6977,2832,2594,6580,1037,5385
6977,2832,2594,627,5913,3613
6977,2832,2594,7354,2637,8916
6977,2832,2594,2148,1250,8046
6977,2832,2594,1540,2293,8147
6977,2832,2594,9630,7108,7572
6977,2832,2594,1472,7003,3367
6977,2832,2594,5566,5667,9938
6977,2832,2594,7156,8757,45
6977,2832,2594,8857,9930,3681
6977,2832,2594,9129,705,1691
6977,2832,2594,9601,4277,2249
6977,2832,2594,4876,4161,384
6977,2832,2594,2600,3982,8342
6977,2832,2594,567,5509,2257
6977,2832,2594,7457,1800,5278
6977,2832,2594,9509,6652,4541
6977,2832,2594,6292,1745,8186
6977,2832,2594,4241,5929,3117
6977,2832,2594,9108,9160,8977
6977,2832,2594,7796,2713,1417
6977,2832,2594,9494,6380,4335
6977,2832,2594,7646,3089,8048
6977,2832,2594,7088,1156,4619
6977,2832,2594,9207,1656,1060
6977,2832,2594,9637,7113,811
6977,2832,2594,956,2135,9664
6977,2832,2594,5516,7866,1706
6977,2832,2594,6071,8084,3156
6977,2832,2594,2472,4021,5223
6977,2832,2594,6403,3503,1841
6977,2832,2594,9751,6564,1451
6977,2832,2594,1051,7413,9375
6977,2832,2594,7316,6908,9730
6977,2832,2594,6491,5526,9716
6977,2832,2594,7727,9914,2725
6977,2832,2594,1817,455,9466
6977,2832,2594,5613,2441,6232
6977,2832,2594,5727,3776,7531
6977,2832,2594,381,9838,6987
6977,2832,2594,4257,1869,4363
6977,2832,2594,5077,1493,5180
6977,2832,2594,7989,9909,6482
6977,2832,2594,9280,9160,9194
6977,2832,2594,9484,6666,6613
6977,2832,2594,7894,655,8420
6977,2832,2594,975,7417,8783
6977,2832,2594,7230,4976,2815
6977,2832,2594,9285,1695,5329
6977,2832,2594,1070,979,4834
6977,2832,2594,7665,1744,7921
6977,2832,2594,7726,4808,8280
6977,2832,2594,2720,4805,6232
6977,2832,2594,9271,1635,1721
6977,2832,2594,4451,9364,2464
6977,2832,2594,292,5955,4517
6977,2832,2594,7655,3156,5525
6977,2832,2594,3064,5884,7234
6977,2832,2594,6211,6182,6839
6977,2832,2594,909,4037,6351
6977,2832,2594,345,9384,6665
6977,2832,2594,2693,4380,3847
6977,2832,2594,4871,3887,1139
6977,2832,2594,1631,9204,7786
6977,2832,2594,1702,1176,2966
6977,2832,2594,2571,1737,2882
6977,2832,2594,3141,6033,7963
6977,2832,2594,7087,5225,2027
6977,2832,2594,84,3810,5588
6977,2832,2594,5218,7035,6632
6977,2832,2594,1443,7878,9664
6977,2832,2594,847,8442,8661
6977,2832,2594,8229,8930,5596
6977,2832,2594,7045,3980,9748
6977,2832,2594,7451,2397,5622
6977,2832,2594,1346,9397,4556
6977,2832,2594,4980,848,857
6977,2832,2594,9087,9215,8115
6977,2832,2594,7038,646,7432
6977,2832,2594,5312,8192,2135
6977,2832,2594,4482,1719,2589
6977,2832,2594,4953,456,3400
6977,2832,2594,109,488,848
6977,2832,2594,3615,8107,3831
6977,2832,2594,1047,7187,3786
