2735,2358,3613,5464,5373,7766
2735,2358,3613,1409,8449,2920
2735,2358,3613,6345,6763,8007
2735,2358,3613,7449,5893,4076
2735,2358,3613,5133,5065,5990
2735,2358,3613,2754,3874,8038
2735,2358,3613,4735,418,4402
2735,2358,3613,1123,1636,7367
2735,2358,3613,4185,1696,9486
2735,2358,3613,3412,9761,771
2735,2358,3613,9719,7600,4362
2735,2358,3613,947,9043,8887
2735,2358,3613,4416,773,6836
2735,2358,3613,124,2706,9702
2735,2358,3613,8868,959,4293
2735,2358,3613,7588,8408,9821
2735,2358,3613,6500,4739,153
2735,2358,3613,2387,4041,1991
2735,2358,3613,2626,1221,8004
2735,2358,3613,6562,3794,8553
2735,2358,3613,9476,6520,5131
2735,2358,3613,6758,4524,6166
2735,2358,3613,2007,5683,887
2735,2358,3613,814,7990,1109
2735,2358,3613,7531,5144,9400
2735,2358,3613,861,5711,8989
2735,2358,3613,4302,5420,7346
2735,2358,3613,6001,7933,5195
2735,2358,3613,2918,3647,4651
2735,2358,3613,7527,8628,1307
2735,2358,3613,1869,6685,6265
2735,2358,3613,8884,5971,6111
2735,2358,3613,826,8528,5847
2735,2358,3613,7597,3878,9859
2735,2358,3613,1450,1142,6472
2735,2358,3613,9314,4948,9794
2735,2358,3613,2719,8668,7128
2735,2358,3613,5940,1027,4596
2735,2358,3613,6282,3383,5480
2735,2358,3613,9729,3333,2948
2735,2358,3613,1495,6292,9737
2735,2358,3613,7692,2142,7476
2735,2358,3613,147,439,662
2735,2358,3613,8722,9612,5947
2735,2358,3613,2887,4563,1463
2735,2358,3613,3351,9878,882
2735,2358,3613,9600,8113,4504
2735,2358,3613,9417,3940,2444
2735,2358,3613,6822,699,3798
2735,2358,3613,1935,3565,5511
2735,2358,3613,6287,4703,4754
2735,2358,3613,7235,7315,2645
2735,2358,3613,5072,3097,5920
2735,2358,3613,3682,3122,2918
2735,2358,3613,9966,811,5887
2735,2358,3613,3191,6657,7823
2735,2358,3613,1412,429,5922
2735,2358,3613,6084,4564,6119
2735,2358,3613,4534,2869,5284
2735,2358,3613,6367,789,8466
2735,2358,3613,660,2626,796
2735,2358,3613,8760,3957,1400
2735,2358,3613,7531,1250,5651
2735,2358,3613,1409,7376,6221
2735,2358,3613,9922,5884,9947
2735,2358,3613,6182,7003,6520
2735,2358,3613,9640,7827,6007
2735,2358,3613,1588,7655,8890
2735,2358,3613,6031,8684,2022
2735,2358,3613,3510,8133,9927
2735,2358,3613,2072,3186,5003
2735,2358,3613,3702,5728,7811
2735,2358,3613,665,3403,6747
2735,2358,3613,5982,6284,8355
2735,2358,3613,1824,1344,283
2735,2358,3613,667,1324,3647
2735,2358,3613,5956,9132,5391
2735,2358,3613,3837,7297,3347
2735,2358,3613,8796,4967,3679
2735,2358,3613,8578,3357,744
2735,2358,3613,7468,4462,1678
2735,2358,3613,2474,9227,1077
2735,2358,3613,7540,8092,4527
2735,2358,3613,474,5577,3532
2735,2358,3613,4014,1815,6812
2735,2358,3613,7314,5393,9105
2735,2358,3613,1209,7408,2068
2735,2358,3613,3091,3927,1767
2735,2358,3613,3104,3669,8138
2735,2358,3613,9482,8776,689
2735,2358,3613,4831,8514,6598
2735,2358,3613,1907,6883,7771
2735,2358,3613,5618,2986,8944
2735,2358,3613,2741,6823,6265
2735,2358,3613,2380,8626,2029
2735,2358,3613,7972,1204,6730
2735,2358,3613,5743,2417,6566
2735,2358,3613,7036,7078,3089
2735,2358,3613,2862,6832,1483
2735,2358,3613,9940,4505,3281
2735,2358,3613,6013,5250,7222
2735,2358,3613,4678,5394,4740
2735,2358,3613,3842,8070,6833
2735,2358,3613,8420,6769,9687
2735,2358,3613,9141,5492,1155
2735,2358,3613,2712,9,647
2735,2358,3613,2366,4154,7763
2735,2358,3613,4793,8670,9403
2735,2358,3613,4684,5046,6669
2735,2358,3613,3783,3449,7198
2735,2358,3613,8519,1592,7593
2735,2358,3613,5381,9440,4494
2735,2358,3613,7744,6243,7459
2735,2358,3613,8037,5469,2697
2735,2358,3613,9246,8235,8621
2735,2358,3613,1130,5653,8539
2735,2358,3613,1487,6743,7701
2735,2358,3613,7315,1747,1379
2735,2358,3613,1150,5904,3210
2735,2358,3613,1857,9875,4153
2735,2358,3613,5472,1057,5073
2735,2358,3613,1437,2931,93
2735,2358,3613,2905,7570,4900
2735,2358,3613,820,402,4828
2735,2358,3613,5853,641,6008
2735,2358,3613,2052,4018,8141
2735,2358,3613,7888,5003,7891
2735,2358,3613,3272,6592,573
2735,2358,3613,656,3855,7688
2735,2358,3613,9937,4996,4777
2735,2358,3613,2931,4959,7287
2735,2358,3613,3001,176,5268
2735,2358,3613,5499,6151,4430
2735,2358,3613,4895,7703,6392
2735,2358,3613,2832,7573,7921
2735,2358,3613,7217,6157,1431
2735,2358,3613,783,6803,708
2735,2358,3613,3571,980,489
2735,2358,3613,7798,903,4819
2735,2358,3613,4737,60,7804
2735,2358,3613,5679,5163,7402
2735,2358,3613,9325,3005,1159
2735,2358,3613,6341,364,1771
2735,2358,3613,8910,8740,3950
2735,2358,3613,6553,3033,9412
2735,2358,3613,8813,2243,3329
2735,2358,3613,6881,9500,986
2735,2358,3613,4148,7999,8209
2735,2358,3613,7347,4474,5082
2735,2358,3613,737,6720,8184
2735,2358,3613,5051,8500,4803
2735,2358,3613,5393,1680,6109
2735,2358,3613,763,6989,6659
2735,2358,3613,933,5146,3097
2735,2358,3613,7061,7421,4082
2735,2358,3613,1830,2409,5067
2735,2358,3613,3894,457,3662
2735,2358,3613,657,3617,2059
2735,2358,3613,4338,6875,1306
2735,2358,3613,2548,7218,8722
2735,2358,3613,4634,1982,2211
2735,2358,3613,2317,4657,6616
2735,2358,3613,7887,3604,8925
2735,2358,3613,9883,9583,1364
2735,2358,3613,2260,6899,1322
2735,2358,3613,2933,673,9978
2735,2358,3613,5340,9652,2871
2735,2358,3613,5840,7520,308
2735,2358,3613,5428,5921,3954
2735,2358,3613,62,5266,4643
2735,2358,3613,3787,1941,2027
2735,2358,3613,58,1059,5393
2735,2358,3613,9951,278,9876
2735,2358,3613,5782,3255,3864
2735,2358,3613,4844,3550,7232
2735,2358,3613,2725,7367,4528
2735,2358,3613,2977,1477,5132
2735,2358,3613,5407,9035,6493
2735,2358,3613,9223,2994,5100
2735,2358,3613,2585,9620,9533
2735,2358,3613,5521,1017,7791
2735,2358,3613,2520,2576,6459
2735,2358,3613,9927,8465,5420
2735,2358,3613,9725,3208,9072
2735,2358,3613,4970,3581,5462
2735,2358,3613,8603,5052,2377
2735,2358,3613,7302,7316,9585
2735,2358,3613,853,4551,6729
2735,2358,3613,7919,547,1128
2735,2358,3613,9671,7144,551
2735,2358,3613,5465,847,4162
2735,2358,3613,3474,9748,9238
2735,2358,3613,4181,2015,3160
2735,2358,3613,9124,7510,5569
2735,2358,3613,4871,7372,844
2735,2358,3613,8069,894,5873
2735,2358,3613,8593,5664,4099
2735,2358,3613,4660,6460,1390
2735,2358,3613,3432,1236,4588
2735,2358,3613,1734,8646,3674
2735,2358,3613,9143,544,5701
2735,2358,3613,7193,7495,6465
2735,2358,3613,3704,8894,8604
2735,2358,3613,319,6732,7486
2735,2358,3613,4282,66,3383
2735,2358,3613,4361,3097,3517
2735,2358,3613,9814,8816,4765
2735,2358,3613,7715,8865,3434
2735,2358,3613,4934,1772,3408
2735,2358,3613,1802,4831,4714
2735,2358,3613,6375,8782,597
2735,2358,3613,9081,8829,9432
2735,2358,3613,561,2765,9630
2735,2358,3613,8384,97,1782
2735,2358,3613,2210,7515,9102
2735,2358,3613,7408,2672,2668
2735,2358,3613,1351,3030,5881
2735,2358,3613,5700,2919,1913
2735,2358,3613,55,1515,4053
2735,2358,3613,5096,6850,8517
2735,2358,3613,100,1102,3872
2735,2358,3613,9482,6755,2743
2735,2358,3613,2669,8245,8478
2735,2358,3613,9036,671,839
2735,2358,3613,7502,3762,2371
2735,2358,3613,1478,5003,4393
2735,2358,3613,3887,347,8971
2735,2358,3613,8329,3435,5021
2735,2358,3613,533,1819,7827
2735,2358,3613,7963,7646,4413
2735,2358,3613,2816,9652,3015
2735,2358,3613,3114,2570,1175
2735,2358,3613,2401,8667,5947
2735,2358,3613,345,6803,1350
2735,2358,3613,2763,8163,6411
2735,2358,3613,5537,5173,2795
2735,2358,3613,9301,9962,1566
2735,2358,3613,3419,2263,5494
2735,2358,3613,6193,2511,7617
2735,2358,3613,5176,3556,9744
2735,2358,3613,5755,1146,453
2735,2358,3613,9310,5524,4660
2735,2358,3613,6918,9084,8758
2735,2358,3613,4657,2563,8146
2735,2358,3613,2266,7381,8807
2735,2358,3613,860,8045,9060
2735,2358,3613,3979,8190,5654
2735,2358,3613,9714,7454,8958
2735,2358,3613,6506,9135,5563
2735,2358,3613,2853,1633,1226
2735,2358,3613,4499,2227,8622
2735,2358,3613,1404,5101,7320
2735,2358,3613,2254,6531,9922
2735,2358,3613,588,341,7679
2735,2358,3613,8410,2126,359
2735,2358,3613,6670,7372,9951
2735,2358,3613,3874,535,3685
2735,2358,3613,9615,8815,6056
2735,2358,3613,7293,7186,6991
2735,2358,3613,4912,7945,2707
2735,2358,3613,4671,2561,389
2735,2358,3613,7592,3664,4380
2735,2358,3613,8311,6107,535
2735,2358,3613,1487,6434,6287
2735,2358,3613,4649,1977,7326
2735,2358,3613,8822,840,222
2735,2358,3613,6250,3740,8030
2735,2358,3613,726,6637,8718
2735,2358,3613,6249,2251,9089
2735,2358,3613,2249,4745,1855
2735,2358,3613,1358,6568,2210
2735,2358,3613,1359,555,3470
2735,2358,3613,3150,1595,6254
2735,2358,3613,4903,6187,8836
2735,2358,3613,2698,5278,1001
2735,2358,3613,3411,8531,7484
2735,2358,3613,394,2003,8076
2735,2358,3613,2340,4387,1752
2735,2358,3613,8763,8915,3031
2735,2358,3613,9653,4068,6608
2735,2358,3613,500,4104,5369
2735,2358,3613,7178,5211,2309
2735,2358,3613,8675,5988,9172
2735,2358,3613,8230,3129,157
2735,2358,3613,4332,3220,5027
2735,2358,3613,5121,7620,2335
2735,2358,3613,3199,8535,6150
2735,2358,3613,4065,6500,9506
2735,2358,3613,5746,4005,1169
2735,2358,3613,5,2230,9911
2735,2358,3613,6937,284,4414
2735,2358,3613,6774,928,1997
2735,2358,3613,9205,2081,1280
2735,2358,3613,6857,1469,979
2735,2358,3613,794,7885,3016
2735,2358,3613,9947,1490,3590
2735,2358,3613,1091,5945,6818
2735,2358,3613,5313,1250,1427
2735,2358,3613,9817,6245,7696
2735,2358,3613,6814,9519,4717
2735,2358,3613,9659,4188,9913
2735,2358,3613,1869,4339,5556
2735,2358,3613,4000,2081,6985
2735,2358,3613,100,7427,8882
2735,2358,3613,3649,4760,957
2735,2358,3613,4868,8338,2092
2735,2358,3613,1365,4021,3276
2735,2358,3613,2389,8828,1134
2735,2358,3613,6677,7059,8664
2735,2358,3613,5270,1619,5188
2735,2358,3613,9155,237,8715
2735,2358,3613,4615,3911,5455
2735,2358,3613,3861,5327,3717
2735,2358,3613,9175,2619,9093
2735,2358,3613,2898,9045,9001
2735,2358,3613,1342,3871,6992
2735,2358,3613,2373,8449,6526
2735,2358,3613,8129,8165,1408
2735,2358,3613,4225,5037,8068
2735,2358,3613,9058,4423,5067
2735,2358,3613,2883,3567,4484
2735,2358,3613,8141,7133,7346
2735,2358,3613,6737,9037,9181
2735,2358,3613,5458,6766,9802
2735,2358,3613,148,9089,5872
2735,2358,3613,21,5792,7906
2735,2358,3613,3913,8293,8302
2735,2358,3613,5704,3035,5377
2735,2358,3613,3719,9690,8426
2735,2358,3613,4998,451,2251
2735,2358,3613,3851,5885,5223
2735,2358,3613,7793,3023,9317
2735,2358,3613,5208,4626,4105
2735,2358,3613,506,1154,1961
2735,2358,3613,1697,9752,7907
2735,2358,3613,2579,1436,5730
2735,2358,3613,4,1047,2743
2735,2358,3613,4987,4803,6851
2735,2358,3613,2232,391,5330
2735,2358,3613,4901,9480,9841
2735,2358,3613,9057,1995,3322
2735,2358,3613,6416,7078,6244
2735,2358,3613,4783,807,3475
2735,2358,3613,3856,915,3454
2735,2358,3613,8628,3101,9471
2735,2358,3613,3100,3519,4991
2735,2358,3613,6479,3447,9711
2735,2358,3613,7187,6109,4523
2735,2358,3613,7937,8442,2025
2735,2358,3613,3102,5044,3942
2735,2358,3613,2180,8897,8529
2735,2358,3613,8071,675,3485
2735,2358,3613,7068,1657,9851
2735,2358,3613,4125,6467,7033
2735,2358,3613,3194,5163,7719
2735,2358,3613,776,6066,1922
2735,2358,3613,8536,8762,3437
2735,2358,3613,9674,1197,7352
2735,2358,3613,7945,5302,2011
2735,2358,3613,5147,6880,1553
2735,2358,3613,7799,3610,7953
2735,2358,3613,3312,6652,7263
2735,2358,3613,9631,3503,1700
2735,2358,3613,7487,9925,3321
2735,2358,3613,1318,7972,1366
2735,2358,3613,2544,1605,2900
2735,2358,3613,9192,2694,1588
2735,2358,3613,1653,7657,3644
2735,2358,3613,8104,4035,9764
2735,2358,3613,3876,7927,2866
2735,2358,3613,4207,2030,5881
2735,2358,3613,5779,8202,8630
2735,2358,3613,7556,1718,9636
2735,2358,3613,8291,5469,7113
2735,2358,3613,4830,3454,3829
2735,2358,3613,5602,675,770
2735,2358,3613,4890,1851,1655
2735,2358,3613,4461,1475,2990
2735,2358,3613,8209,5952,7707
2735,2358,3613,5675,3544,59
2735,2358,3613,808,6210,815
2735,2358,3613,1569,3917,6354
2735,2358,3613,5898,5775,7769
2735,2358,3613,8138,6416,2395
2735,2358,3613,1024,2207,9741
2735,2358,3613,3131,9073,9642
2735,2358,3613,7818,427,4155
2735,2358,3613,1483,8540,8028
2735,2358,3613,9554,4129,4481
2735,2358,3613,8050,8049,2125
2735,2358,3613,6663,8746,9421
2735,2358,3613,6673,1438,1315
2735,2358,3613,7194,321,6304
2735,2358,3613,1963,1247,9513
2735,2358,3613,1994,4762,4957
2735,2358,3613,3930,9532,8806
2735,2358,3613,8384,971,4445
2735,2358,3613,2461,8782,8030
2735,2358,3613,5648,9344,5589
2735,2358,3613,6845,7305,2277
2735,2358,3613,3308,987,4928
2735,2358,3613,8554,6739,3819
2735,2358,3613,4883,6573,2947
2735,2358,3613,7918,9174,6759
2735,2358,3613,8056,939,8930
2735,2358,3613,4349,8275,842
2735,2358,3613,8172,1788,6878
2735,2358,3613,5769,2270,5179
2735,2358,3613,6294,4182,9596
2735,2358,3613,7153,1547,7336
2735,2358,3613,8011,8433,6473
2735,2358,3613,1694,1974,8253
2735,2358,3613,2891,693,1180
2735,2358,3613,8000,1760,3364
2735,2358,3613,3334,9432,2015
2735,2358,3613,5818,6180,1180
2735,2358,3613,2202,1024,915
2735,2358,3613,2704,7837,2961
2735,2358,3613,5337,2570,8849
2735,2358,3613,7857,7814,5926
2735,2358,3613,5891,8924,2316
2735,2358,3613,9795,1921,9378
2735,2358,3613,2444,5418,8959
2735,2358,3613,7911,4193,2435
2735,2358,3613,7319,906,6258
2735,2358,3613,2257,5528,430
2735,2358,3613,2720,1048,1106
2735,2358,3613,3063,7223,2959
2735,2358,3613,6843,3290,3883
2735,2358,3613,5468,6892,6579
2735,2358,3613,469,4122,3371
2735,2358,3613,364,5080,5698
2735,2358,3613,3647,8645,9087
2735,2358,3613,707,6386,3850
2735,2358,3613,5225,1639,1954
2735,2358,3613,1842,3578,6184
2735,2358,3613,8769,2452,4648
2735,2358,3613,7028,4286,5557
2735,2358,3613,4043,5040,9538
2735,2358,3613,1983,1846,1871
2735,2358,3613,9660,4387,4471
2735,2358,3613,2348,8565,4242
2735,2358,3613,4501,7863,2308
2735,2358,3613,7139,400,5730
2735,2358,3613,2932,3821,2088
2735,2358,3613,9872,8105,3169
2735,2358,3613,4959,587,6045
2735,2358,3613,2143,332,2476
2735,2358,3613,3230,2256,885
2735,2358,3613,6293,4533,288
2735,2358,3613,4894,7955,9600
2735,2358,3613,7611,5857,1164
2735,2358,3613,7348,8510,8551
2735,2358,3613,1127,9588,3326
2735,2358,3613,6803,9489,5315
2735,2358,3613,5325,251,1255
2735,2358,3613,8003,162,8546
2735,2358,3613,8327,5458,8556
2735,2358,3613,9057,3792,5854
2735,2358,3613,3569,8794,5843
2735,2358,3613,4254,3370,5603
2735,2358,3613,9609,9321,3947
2735,2358,3613,7797,2012,7520
2735,2358,3613,1646,8112,2541
2735,2358,3613,1868,34,572
2735,2358,3613,9790,1924,2003
2735,2358,3613,9450,5979,6055
2735,2358,3613,9794,5286,4108
2735,2358,3613,3563,869,640
2735,2358,3613,4170,1910,4773
2735,2358,3613,6793,4212,144
2735,2358,3613,6771,7809,6235
2735,2358,3613,1108,6667,6981
2735,2358,3613,7016,4113,8514
2735,2358,3613,9404,2404,9065
2735,2358,3613,5175,1883,6444
2735,2358,3613,4086,9656,2370
2735,2358,3613,7649,1308,5916
2735,2358,3613,2916,6780,6569
2735,2358,3613,3375,4831,6520
2735,2358,3613,5076,8148,1646
2735,2358,3613,9315,128,4619
2735,2358,3613,551,3506,6788
2735,2358,3613,1558,1006,2683
2735,2358,3613,6025,6590,2035
2735,2358,3613,3680,4429,2526
2735,2358,3613,7817,1611,5242
2735,2358,3613,2811,7725,7037
2735,2358,3613,7213,2839,8459
2735,2358,3613,1695,5465,6665
2735,2358,3613,5404,1998,1897
2735,2358,3613,1025,5683,2694
2735,2358,3613,6900,8081,5498
2735,2358,3613,9167,6935,6828
2735,2358,3613,8768,7088,7326
2735,2358,3613,7511,9296,4711
2735,2358,3613,1092,9199,8538
2735,2358,3613,64,4665,1213
2735,2358,3613,6467,3738,6086
2735,2358,3613,8518,944,1611
2735,2358,3613,4444,595,4322
2735,2358,3613,5837,8500,9920
2735,2358,3613,4398,8912,8762
2735,2358,3613,1725,1812,7793
2735,2358,3613,2586,3876,1836
2735,2358,3613,5271,7732,850
2735,2358,3613,1114,8947,9872
2735,2358,3613,1505,8327,7086
2735,2358,3613,4184,6068,2411
2735,2358,3613,2068,7333,8578
