2735,2358,3613,7970,1844,1852
2735,2358,3613,2398,6929,4278
2735,2358,3613,7302,1893,7114
2735,2358,3613,5203,7288,8689
2735,2358,3613,9045,1694,9551
2735,2358,3613,4883,2080,7446
2735,2358,3613,3819,1293,7371
2735,2358,3613,2857,3663,7166
2735,2358,3613,5337,7144,7183
2735,2358,3613,1886,1095,5062
2735,2358,3613,8321,77,5766
2735,2358,3613,2039,5559,2493
2735,2358,3613,6205,3935,1860
2735,2358,3613,4848,5210,24
2735,2358,3613,1438,949,2316
2735,2358,3613,5089,5759,4176
2735,2358,3613,9599,9293,6513
2735,2358,3613,9012,704,2305
2735,2358,3613,4534,7462,892
2735,2358,3613,1648,7049,5735
2735,2358,3613,8098,2426,3136
2735,2358,3613,3797,9075,4682
2735,2358,3613,615,3828,910
2735,2358,3613,22,8720,8053
2735,2358,3613,3391,9433,7173
2735,2358,3613,1188,6985,6692
2735,2358,3613,489,4674,6222
2735,2358,3613,1758,5447,18
2735,2358,3613,4796,7725,2136
2735,2358,3613,3622,4267,388
2735,2358,3613,550,482,5830
2735,2358,3613,6629,6533,2971
2735,2358,3613,7655,3423,1520
2735,2358,3613,7851,3519,1789
2735,2358,3613,3591,7876,6459
2735,2358,3613,2331,6924,7489
2735,2358,3613,4012,876,8081
2735,2358,3613,4114,2243,4927
2735,2358,3613,1046,9128,5448
2735,2358,3613,1966,6455,4921
2735,2358,3613,2569,540,9222
2735,2358,3613,225,3054,3431
2735,2358,3613,8320,1039,1832
2735,2358,3613,9581,6518,958
2735,2358,3613,5349,9781,1173
2735,2358,3613,2567,7347,9761
2735,2358,3613,7593,7148,6243
2735,2358,3613,4038,7326,1204
2735,2358,3613,1267,7247,1542
2735,2358,3613,3695,9728,4154
2735,2358,3613,8087,6427,4271
2735,2358,3613,7514,495,7190
2735,2358,3613,417,2355,5596
2735,2358,3613,9322,9159,9710
2735,2358,3613,123,770,7797
2735,2358,3613,8117,5271,4706
2735,2358,3613,2612,7391,9958
2735,2358,3613,7746,4663,8415
2735,2358,3613,2766,8235,8733
2735,2358,3613,3134,5853,9614
2735,2358,3613,3528,2140,9318
2735,2358,3613,7169,7684,1935
2735,2358,3613,666,4372,9817
2735,2358,3613,2403,8696,9369
2735,2358,3613,4650,5088,7582
2735,2358,3613,1251,1942,6524
2735,2358,3613,4978,6947,4031
2735,2358,3613,7198,9063,3222
2735,2358,3613,3941,7520,5915
2735,2358,3613,5313,981,2964
2735,2358,3613,530,1726,4928
2735,2358,3613,5972,8203,4229
2735,2358,3613,2268,3823,5493
2735,2358,3613,1803,4301,1214
2735,2358,3613,9975,3380,4990
2735,2358,3613,1122,2478,1924
2735,2358,3613,7171,9827,9737
2735,2358,3613,8466,5636,3339
2735,2358,3613,5155,3243,6537
2735,2358,3613,4122,7921,2052
2735,2358,3613,9324,4817,2492
2735,2358,3613,9670,6831,1725
2735,2358,3613,9039,8005,2030
2735,2358,3613,2816,235,6265
2735,2358,3613,1122,7241,2064
2735,2358,3613,2249,7692,4066
2735,2358,3613,1188,5140,9244
2735,2358,3613,1216,8292,5785
2735,2358,3613,6848,8280,2084
2735,2358,3613,812,9629,6307
2735,2358,3613,6483,3036,8949
2735,2358,3613,8317,4440,8421
2735,2358,3613,5700,9884,9356
2735,2358,3613,1526,4991,8027
2735,2358,3613,1642,16,5030
2735,2358,3613,2913,6512,2752
2735,2358,3613,5287,891,6949
2735,2358,3613,4204,6299,6511
2735,2358,3613,6808,1064,2136
2735,2358,3613,9611,849,6414
2735,2358,3613,3834,4205,2828
2735,2358,3613,2897,7452,9927
2735,2358,3613,954,167,3594
2735,2358,3613,269,4389,9864
2735,2358,3613,7190,3664,8296
2735,2358,3613,5438,3631,6510
2735,2358,3613,5422,203,5280
2735,2358,3613,6470,8318,5739
2735,2358,3613,10000,8661,5994
2735,2358,3613,5846,8136,5235
2735,2358,3613,4925,3926,7994
2735,2358,3613,8060,7554,853
2735,2358,3613,2513,6619,1312
2735,2358,3613,6074,3360,5330
2735,2358,3613,2388,5455,1389
2735,2358,3613,5650,9678,6521
2735,2358,3613,8978,8543,5928
2735,2358,3613,3493,12,5279
2735,2358,3613,5395,6726,8921
2735,2358,3613,5695,7680,6585
2735,2358,3613,5931,8964,6424
2735,2358,3613,2769,4952,6661
2735,2358,3613,1132,7016,3512
2735,2358,3613,9334,2975,3682
2735,2358,3613,2512,7533,5232
2735,2358,3613,3819,4929,477
2735,2358,3613,56,7049,1713
2735,2358,3613,5473,9534,5594
2735,2358,3613,9847,2290,2579
2735,2358,3613,1172,7081,8917
2735,2358,3613,1472,235,8633
2735,2358,3613,1238,5108,9965
2735,2358,3613,4195,7399,7600
2735,2358,3613,2473,9347,5881
2735,2358,3613,3459,7150,269
2735,2358,3613,9429,9901,7349
2735,2358,3613,3344,1825,1384
2735,2358,3613,9173,9583,111
2735,2358,3613,1051,9973,582
2735,2358,3613,1901,962,5776
2735,2358,3613,4718,6398,3025
2735,2358,3613,2702,7359,9188
2735,2358,3613,2561,1373,3334
2735,2358,3613,5626,8304,359
2735,2358,3613,9895,6390,4453
2735,2358,3613,2343,3284,7038
2735,2358,3613,2008,5161,2070
2735,2358,3613,5101,2894,5432
2735,2358,3613,4173,1790,2402
2735,2358,3613,27,6633,659
2735,2358,3613,9994,8743,2045
2735,2358,3613,6236,3475,9507
2735,2358,3613,3883,3968,2732
2735,2358,3613,2050,9957,8859
2735,2358,3613,2351,8247,2607
2735,2358,3613,4369,7851,1528
2735,2358,3613,5606,5612,4504
2735,2358,3613,2907,8219,3764
2735,2358,3613,8911,6558,8218
2735,2358,3613,9979,9548,5506
2735,2358,3613,8438,3133,7413
2735,2358,3613,9755,6340,6682
2735,2358,3613,6164,5004,9233
2735,2358,3613,5275,875,9026
2735,2358,3613,964,4609,8208
2735,2358,3613,6910,3821,319
2735,2358,3613,4310,5860,3022
2735,2358,3613,2246,1676,12
2735,2358,3613,6120,9549,3067
2735,2358,3613,1657,4942,2778
2735,2358,3613,3988,78,2102
2735,2358,3613,7550,6006,7413
2735,2358,3613,3082,5237,6685
2735,2358,3613,286,6800,6390
2735,2358,3613,3183,8587,122
2735,2358,3613,7663,908,4253
2735,2358,3613,1966,6933,7762
2735,2358,3613,7759,5940,5183
2735,2358,3613,4301,9305,4033
2735,2358,3613,3400,9956,4164
2735,2358,3613,4440,7002,2002
2735,2358,3613,7765,50,1053
2735,2358,3613,1371,2429,7192
2735,2358,3613,7074,5622,5319
2735,2358,3613,320,9905,4017
2735,2358,3613,5201,2305,980
2735,2358,3613,2581,2850,89
2735,2358,3613,9789,3814,7855
2735,2358,3613,6657,7808,7348
2735,2358,3613,6743,6757,8636
2735,2358,3613,733,3708,6417
2735,2358,3613,962,9530,518
2735,2358,3613,8497,2572,8366
2735,2358,3613,5064,5874,9692
2735,2358,3613,9501,7609,7450
2735,2358,3613,4781,313,7890
2735,2358,3613,5369,6060,1823
2735,2358,3613,1863,7550,8559
2735,2358,3613,5173,4765,8702
2735,2358,3613,416,1285,884
2735,2358,3613,4030,4328,472
2735,2358,3613,7777,242,1796
2735,2358,3613,5871,6023,6722
2735,2358,3613,6386,728,2331
2735,2358,3613,7529,6099,2767
2735,2358,3613,498,8204,1149
2735,2358,3613,2214,7449,3618
2735,2358,3613,2298,8826,4742
2735,2358,3613,4840,3995,6371
2735,2358,3613,7562,2412,2355
2735,2358,3613,8390,9989,1308
2735,2358,3613,8469,2206,7417
2735,2358,3613,14,3636,7646
2735,2358,3613,2048,3468,4375
2735,2358,3613,8598,2194,612
2735,2358,3613,6394,438,9076
2735,2358,3613,8995,6134,3610
2735,2358,3613,4362,4300,6113
2735,2358,3613,441,6682,7578
2735,2358,3613,544,4712,9715
2735,2358,3613,2897,8413,5597
2735,2358,3613,6420,1996,5667
2735,2358,3613,2148,1663,3686
2735,2358,3613,1379,1265,9946
2735,2358,3613,8365,4666,7822
2735,2358,3613,471,6702,2475
2735,2358,3613,983,3833,456
2735,2358,3613,6348,6466,2952
2735,2358,3613,6763,9861,1786
2735,2358,3613,6006,9810,7464
2735,2358,3613,3470,4933,4220
2735,2358,3613,7738,5892,7896
2735,2358,3613,3152,9229,1881
2735,2358,3613,7869,3966,2880
2735,2358,3613,7041,7920,5866
2735,2358,3613,7583,5023,9331
2735,2358,3613,9187,4098,1459
2735,2358,3613,3814,3021,2790
2735,2358,3613,1522,8671,6015
2735,2358,3613,2945,2677,2562
2735,2358,3613,296,678,520
2735,2358,3613,6348,1362,1902
2735,2358,3613,7306,4668,6965
2735,2358,3613,7776,3888,3200
2735,2358,3613,9767,249,6123
2735,2358,3613,223,4521,6121
2735,2358,3613,1211,7435,8033
2735,2358,3613,9430,6688,1827
2735,2358,3613,3049,5348,6312
2735,2358,3613,3787,4053,1655
2735,2358,3613,9241,1708,2433
2735,2358,3613,5592,5698,39
2735,2358,3613,7341,1676,467
2735,2358,3613,3840,5974,2723
2735,2358,3613,9739,4505,4019
2735,2358,3613,1735,7989,2882
2735,2358,3613,6299,213,9777
2735,2358,3613,4894,8025,8318
2735,2358,3613,9615,6491,9944
2735,2358,3613,1074,7401,6220
2735,2358,3613,6956,4140,3581
2735,2358,3613,6095,389,633
2735,2358,3613,2502,5146,4851
2735,2358,3613,7557,8361,8241
2735,2358,3613,2712,578,4839
2735,2358,3613,5509,6355,1647
2735,2358,3613,1849,2897,8007
2735,2358,3613,1981,1170,5558
2735,2358,3613,5517,559,9731
2735,2358,3613,2231,3823,993
2735,2358,3613,5327,4308,5440
2735,2358,3613,3607,2454,5194
2735,2358,3613,4555,4990,4223
2735,2358,3613,7240,5239,4690
2735,2358,3613,5418,1362,933
2735,2358,3613,1496,3416,1598
2735,2358,3613,7846,9763,3204
2735,2358,3613,9662,616,760
2735,2358,3613,599,2754,827
2735,2358,3613,7172,2968,2094
2735,2358,3613,2022,8232,9450
2735,2358,3613,3945,5484,2847
2735,2358,3613,8809,1847,7534
2735,2358,3613,2765,880,7201
2735,2358,3613,909,9097,5598
2735,2358,3613,384,5848,3736
2735,2358,3613,7091,861,2757
2735,2358,3613,5263,791,9848
2735,2358,3613,7148,8815,1320
2735,2358,3613,8329,9925,2637
2735,2358,3613,7501,8510,1828
2735,2358,3613,1440,9822,9496
2735,2358,3613,8903,3748,741
2735,2358,3613,570,9440,6722
2735,2358,3613,7350,6595,5062
2735,2358,3613,1819,8997,4961
2735,2358,3613,7837,3294,8017
2735,2358,3613,5655,3448,2598
2735,2358,3613,3000,2368,6307
2735,2358,3613,7908,3397,2403
2735,2358,3613,5577,3883,4252
2735,2358,3613,7653,4997,4150
2735,2358,3613,8966,3252,3189
2735,2358,3613,568,9812,6704
2735,2358,3613,5111,1968,144
2735,2358,3613,2080,268,5458
2735,2358,3613,9315,3312,4369
2735,2358,3613,8360,3162,7778
2735,2358,3613,118,1875,8495
2735,2358,3613,3265,6046,6856
2735,2358,3613,3175,9174,6433
2735,2358,3613,534,5473,1261
2735,2358,3613,8791,4810,7723
2735,2358,3613,4651,9941,9010
2735,2358,3613,5395,266,1412
2735,2358,3613,7866,8619,7104
2735,2358,3613,4657,6171,8790
2735,2358,3613,4875,4320,6789
2735,2358,3613,2352,7900,6945
2735,2358,3613,892,7094,5281
2735,2358,3613,4750,9635,3099
2735,2358,3613,6361,8785,7870
2735,2358,3613,175,5789,6646
2735,2358,3613,1681,3668,2346
2735,2358,3613,2848,401,7607
2735,2358,3613,7410,6457,8010
2735,2358,3613,4832,1840,2337
2735,2358,3613,6200,1808,2686
2735,2358,3613,2370,5954,9637
2735,2358,3613,4577,4438,8749
2735,2358,3613,2405,9520,192
2735,2358,3613,1249,7643,7481
2735,2358,3613,9800,8019,6854
2735,2358,3613,3908,5065,1651
2735,2358,3613,8496,3885,2894
2735,2358,3613,4929,8418,4431
2735,2358,3613,2733,2458,5668
2735,2358,3613,5812,4669,8336
2735,2358,3613,602,3422,7159
2735,2358,3613,4822,1339,1833
2735,2358,3613,4358,8646,7463
2735,2358,3613,712,8552,1988
2735,2358,3613,4989,5890,6672
2735,2358,3613,6605,8458,8742
2735,2358,3613,427,7429,5804
2735,2358,3613,4712,5276,6446
2735,2358,3613,3503,8294,3728
2735,2358,3613,4009,7938,7672
2735,2358,3613,8216,4137,8255
2735,2358,3613,9324,8455,9199
2735,2358,3613,5873,4175,3598
2735,2358,3613,4427,743,4568
2735,2358,3613,4437,6996,5104
2735,2358,3613,7538,1847,2240
2735,2358,3613,6512,5049,5270
2735,2358,3613,818,7565,6142
2735,2358,3613,583,1218,5525
2735,2358,3613,4031,5826,6433
2735,2358,3613,4949,6593,19
2735,2358,3613,4396,1622,9928
2735,2358,3613,1307,7038,6416
2735,2358,3613,2327,8178,6605
2735,2358,3613,3820,8728,9622
2735,2358,3613,8046,2188,9622
2735,2358,3613,3874,7640,8073
2735,2358,3613,7460,8793,8688
2735,2358,3613,7767,5904,1741
2735,2358,3613,7982,8421,7584
2735,2358,3613,5072,7835,3315
2735,2358,3613,6212,7404,4126
2735,2358,3613,7265,9221,5984
2735,2358,3613,3980,1024,7482
2735,2358,3613,1600,2903,3215
2735,2358,3613,7967,3059,49
2735,2358,3613,7057,5480,8936
2735,2358,3613,8197,9393,5374
2735,2358,3613,3603,2863,9328
2735,2358,3613,6281,3326,9459
2735,2358,3613,6092,1186,2161
2735,2358,3613,5183,6129,2630
2735,2358,3613,9698,4411,520
2735,2358,3613,5830,3516,6215
2735,2358,3613,2397,8718,1447
2735,2358,3613,2899,7116,2998
2735,2358,3613,7448,68,9287
2735,2358,3613,500,4773,1394
2735,2358,3613,1033,2243,4523
2735,2358,3613,5164,3590,7562
2735,2358,3613,8517,9022,8065
2735,2358,3613,8518,5807,3677
2735,2358,3613,696,4965,8517
2735,2358,3613,6629,9747,1877
2735,2358,3613,7321,9245,9364
2735,2358,3613,4033,2208,5028
2735,2358,3613,1405,4895,7878
2735,2358,3613,4569,4977,2691
2735,2358,3613,1758,8769,8914
2735,2358,3613,5554,3642,8222
2735,2358,3613,5244,3110,9797
2735,2358,3613,7445,9254,2404
2735,2358,3613,5427,2962,8026
2735,2358,3613,745,1626,5675
2735,2358,3613,7235,6235,2592
2735,2358,3613,5361,6961,7292
2735,2358,3613,8795,3064,7605
2735,2358,3613,8214,552,6454
2735,2358,3613,5362,1814,3131
2735,2358,3613,2252,6803,899
2735,2358,3613,4978,7140,2269
2735,2358,3613,5431,9440,6952
2735,2358,3613,6712,1195,48
2735,2358,3613,4665,9323,2001
2735,2358,3613,460,7729,2841
2735,2358,3613,468,5005,3487
2735,2358,3613,4999,8486,4129
2735,2358,3613,3909,5814,6790
2735,2358,3613,346,5235,4261
2735,2358,3613,740,8056,4426
2735,2358,3613,3372,4094,2437
2735,2358,3613,9380,6711,4935
2735,2358,3613,4826,6733,5077
2735,2358,3613,5538,2999,3825
2735,2358,3613,1793,498,4754
2735,2358,3613,8102,3218,4088
2735,2358,3613,6105,2038,8438
2735,2358,3613,9919,7133,7288
2735,2358,3613,8200,4718,7070
2735,2358,3613,215,2077,8886
2735,2358,3613,2487,4729,6387
2735,2358,3613,323,2496,7343
2735,2358,3613,2627,4308,1392
2735,2358,3613,7616,9008,5988
2735,2358,3613,7427,4590,2824
2735,2358,3613,3676,8674,6072
2735,2358,3613,1882,1103,4777
2735,2358,3613,4457,8426,1385
2735,2358,3613,9394,777,8553
2735,2358,3613,5674,1953,3282
2735,2358,3613,786,7875,3928
2735,2358,3613,6933,1739,6735
2735,2358,3613,6143,5964,4082
2735,2358,3613,969,4719,9579
2735,2358,3613,2956,5330,3284
2735,2358,3613,5494,5630,810
2735,2358,3613,2693,4112,3235
2735,2358,3613,2659,9719,5305
2735,2358,3613,8671,9909,69
2735,2358,3613,1655,9164,3904
2735,2358,3613,7137,8238,4394
2735,2358,3613,2808,6731,3344
2735,2358,3613,7967,191,5263
2735,2358,3613,3274,3256,8365
2735,2358,3613,7015,8421,362
2735,2358,3613,4176,8100,4690
2735,2358,3613,2984,948,774
2735,2358,3613,9503,5553,4212
2735,2358,3613,5825,6877,6783
2735,2358,3613,3360,556,7005
2735,2358,3613,527,321,8625
2735,2358,3613,6512,1468,4103
2735,2358,3613,9641,5681,4819
2735,2358,3613,2788,3961,8928
2735,2358,3613,4291,4579,9512
2735,2358,3613,1739,3723,212
2735,2358,3613,8415,1230,2709
2735,2358,3613,4610,7042,1711
2735,2358,3613,72,9862,513
2735,2358,3613,8818,2035,1588
2735,2358,3613,7391,3103,1603
2735,2358,3613,2707,3612,5587
2735,2358,3613,2051,9829,638
2735,2358,3613,6488,3001,3604
2735,2358,3613,4331,9225,1849
2735,2358,3613,8397,5719,5439
2735,2358,3613,5660,3654,7164
2735,2358,3613,6594,9090,3718
2735,2358,3613,6180,7545,144
2735,2358,3613,433,9340,6604
2735,2358,3613,7020,355,2463
2735,2358,3613,9827,5066,6132
2735,2358,3613,9906,4387,8814
2735,2358,3613,6458,7557,1247
2735,2358,3613,7666,2532,9319
2735,2358,3613,1176,9732,2686
2735,2358,3613,595,4945,8194
2735,2358,3613,2322,6048,1686
2735,2358,3613,5755,3154,873
2735,2358,3613,7755,5394,590
2735,2358,3613,1855,5765,8159
2735,2358,3613,5223,9611,5121
2735,2358,3613,2019,3456,2171
2735,2358,3613,8933,2583,4145
2735,2358,3613,7068,2118,931
2735,2358,3613,1719,6793,1989
2735,2358,3613,7442,1999,4100
2735,2358,3613,1257,2745,6184
2735,2358,3613,6288,338,5861
2735,2358,3613,1606,9448,4652
2735,2358,3613,2416,7537,6461
2735,2358,3613,6048,8458,9043
2735,2358,3613,1745,184,6325
2735,2358,3613,6836,6738,3590
2735,2358,3613,3486,6386,5928
2735,2358,3613,6181,1674,1240
2735,2358,3613,6110,8663,2494
2735,2358,3613,4258,2828,8767
2735,2358,3613,3727,126,844
2735,2358,3613,3400,6972,2974
2735,2358,3613,6520,4413,4311
2735,2358,3613,3347,1181,7507
