4560,7827,1434,5140,1079,4357
4560,7827,1434,2915,3176,4443
4560,7827,1434,8124,4108,7091
4560,7827,1434,3131,5538,5651
4560,7827,1434,3215,2279,6962
4560,7827,1434,4172,4527,9508
4560,7827,1434,960,3463,4358
4560,7827,1434,5985,9913,3954
4560,7827,1434,9342,1927,5320
4560,7827,1434,6353,2250,8870
4560,7827,1434,4747,7544,7871
4560,7827,1434,9477,6087,2837
4560,7827,1434,6321,801,6044
4560,7827,1434,9854,3238,4517
4560,7827,1434,4493,8595,5743
4560,7827,1434,6617,4110,9450
4560,7827,1434,6438,4736,9616
4560,7827,1434,4514,4366,5441
4560,7827,1434,7176,6278,8379
4560,7827,1434,3511,1382,2452
4560,7827,1434,8483,1775,3565
4560,7827,1434,663,5190,1378
4560,7827,1434,8441,2065,5447
4560,7827,1434,5205,6419,9990
4560,7827,1434,2277,8337,1836
4560,7827,1434,1545,5002,8276
4560,7827,1434,9657,7623,5792
4560,7827,1434,7796,2925,3496
4560,7827,1434,8469,953,5508
4560,7827,1434,4994,575,6135
2972,7649,9467,2230,2822,9220
2972,7649,9467,6967,6016,3899
2972,7649,9467,9498,7394,5544
2972,7649,9467,4002,1811,7105
2972,7649,9467,1661,9835,8955
2972,7649,9467,2407,7540,6915
2972,7649,9467,9814,5542,4716
2972,7649,9467,4146,6939,2077
2972,7649,9467,8513,2105,3707
2972,7649,9467,2381,4316,3196
2972,7649,9467,4836,9414,2252
2972,7649,9467,248,9589,2800
2972,7649,9467,2080,4006,2166
2972,7649,9467,4533,7227,3731
2972,7649,9467,3210,5286,2212
2972,7649,9467,3671,2496,4194
2972,7649,9467,5940,7967,2878
2972,7649,9467,1468,6979,9208
2972,7649,9467,7350,8841,1469
2972,7649,9467,2245,6459,1408
2972,7649,9467,5893,2175,9193
2972,7649,9467,8036,1955,7253
2972,7649,9467,9589,3492,1555
2972,7649,9467,1911,7493,8890
2972,7649,9467,5241,2510,7325
2972,7649,9467,3443,6824,8545
2972,7649,9467,5726,85,5922
2972,7649,9467,9661,1717,9761
2972,7649,9467,9855,6316,8123
2972,7649,9467,8925,3242,8585
2972,7649,9467,6224,2503,3256
2972,7649,9467,8502,3318,3561
2972,7649,9467,5522,6339,8391
2972,7649,9467,4703,5784,8412
2972,7649,9467,4042,5445,8952
2972,7649,9467,5889,4384,2177
2972,7649,9467,4703,3753,5877
2972,7649,9467,1832,7736,8400
2972,7649,9467,5764,6446,4359
2972,7649,9467,5201,8133,1167
2972,7649,9467,1599,7009,7027
2972,7649,9467,5130,6506,9733
2972,7649,9467,1584,5345,127
2972,7649,9467,8335,1280,5560
2972,7649,9467,2142,8064,8759
2972,7649,9467,1099,6311,3225
2972,7649,9467,8318,8293,403
2972,7649,9467,5086,8967,3951
2972,7649,9467,9756,2428,9872
2972,7649,9467,2736,6652,2219
2972,7649,9467,7354,2364,1905
2972,7649,9467,5811,4629,6291
2972,7649,9467,2409,9412,1521
2972,7649,9467,3316,6438,6980
2972,7649,9467,8977,2583,4822
2972,7649,9467,7395,6489,6609
2972,7649,9467,1841,3830,6170
2972,7649,9467,4711,8400,6753
2972,7649,9467,4341,121,8403
2972,7649,9467,295,4437,3452
2972,7649,9467,3179,3367,9332
2972,7649,9467,1074,3467,4483
2972,7649,9467,7691,2189,6392
2972,7649,9467,1486,7167,4570
2972,7649,9467,3980,9883,3497
2972,7649,9467,7978,6627,255
2972,7649,9467,1736,9499,390
2972,7649,9467,7022,7899,2504
2972,7649,9467,8517,3674,4511
2972,7649,9467,758,9085,1549
2972,7649,9467,8695,3505,4644
2972,7649,9467,3830,4212,6887
2972,7649,9467,2710,9827,1444
2972,7649,9467,5507,1238,6645
2972,7649,9467,3878,1898,8871
2972,7649,9467,2957,9015,1852
2972,7649,9467,6526,2342,1414
2972,7649,9467,8603,1433,9970
2972,7649,9467,9951,8499,8033
2972,7649,9467,8031,1244,4632
2972,7649,9467,6732,2753,67
2972,7649,9467,4476,8067,689
2972,7649,9467,2150,2079,2753
2972,7649,9467,5504,9923,4608
2972,7649,9467,2156,6899,6607
2972,7649,9467,6828,3167,9083
2972,7649,9467,9249,8529,5275
2972,7649,9467,1783,9056,74
2972,7649,9467,7290,3749,5983
2972,7649,9467,4994,5720,2939
2972,7649,9467,4797,4899,5972
2972,7649,9467,1701,8060,6018
2972,7649,9467,3065,4327,3249
2972,7649,9467,4421,2265,5384
2972,7649,9467,411,6205,1781
2972,7649,9467,7761,8852,5390
2972,7649,9467,4924,9447,6332
2972,7649,9467,9217,2987,7810
2972,7649,9467,8650,6681,2953
2972,7649,9467,9637,2434,2606
2972,7649,9467,3347,381,1838
2972,7649,9467,264,3348,9913
2972,7649,9467,2547,6276,2999
2972,7649,9467,1900,4357,989
2972,7649,9467,3663,6787,4296
2972,7649,9467,8867,6944,9752
2972,7649,9467,5872,1636,8306
2972,7649,9467,5291,2971,8774
2972,7649,9467,2604,7663,8850
2972,7649,9467,734,5244,2251
2972,7649,9467,167,7677,7249
2972,7649,9467,3032,5446,555
2972,7649,9467,5664,6845,4746
2972,7649,9467,8996,323,1966
2972,7649,9467,6701,198,3048
2972,7649,9467,4590,6894,1068
2972,7649,9467,5667,6422,5325
2972,7649,9467,5535,7338,4795
2972,7649,9467,6083,2087,6686
2972,7649,9467,5094,2501,6480
2972,7649,9467,327,9697,5280
2972,7649,9467,2806,8440,8967
2972,7649,9467,9974,8500,8190
2972,7649,9467,6990,3654,6702
2972,7649,9467,1415,4128,2835
2972,7649,9467,7774,8396,6019
2972,7649,9467,3680,6851,237
2972,7649,9467,2783,19,4805
2972,7649,9467,5397,7126,9407
2972,7649,9467,2364,5504,3584
2972,7649,9467,1930,4550,7320
2972,7649,9467,6236,9510,6262
2972,7649,9467,348,5946,1804
2972,7649,9467,6206,2541,9481
2972,7649,9467,7324,1649,8559
2972,7649,9467,9027,9818,1238
2972,7649,9467,272,6293,1975
2972,7649,9467,2494,2671,252
2972,7649,9467,249,7896,8351
2972,7649,9467,2703,5151,4443
2972,7649,9467,5209,84,4159
2972,7649,9467,4507,7820,6277
2972,7649,9467,4122,3439,5382
2972,7649,9467,8883,2825,2959
2972,7649,9467,8447,7348,9616
2972,7649,9467,6865,608,5532
2972,7649,9467,4146,1581,3554
2972,7649,9467,6335,402,6479
2972,7649,9467,4092,3085,1762
2972,7649,9467,894,9905,9254
2972,7649,9467,5687,8150,5932
2972,7649,9467,2380,6196,1311
2972,7649,9467,5045,1979,5553
2972,7649,9467,3959,979,9531
2972,7649,9467,275,9082,8982
2972,7649,9467,7123,703,3388
2972,7649,9467,1896,5819,5876
2972,7649,9467,7749,3528,8884
2972,7649,9467,4867,9389,5428
2972,7649,9467,243,9501,9114
2972,7649,9467,6570,6544,8099
2972,7649,9467,8540,257,8066
2972,7649,9467,7022,7234,9980
2972,7649,9467,8929,6978,4053
2972,7649,9467,3709,7787,7748
2972,7649,9467,1112,1585,540
2972,7649,9467,3053,1625,3052
2972,7649,9467,6853,2620,9686
2972,7649,9467,5160,1270,4189
2972,7649,9467,9264,5247,3358
2972,7649,9467,7553,1243,6712
2972,7649,9467,9338,2513,5109
2972,7649,9467,5940,671,2877
2972,7649,9467,3864,2513,5430
2972,7649,9467,8116,2425,2850
2972,7649,9467,7372,1190,4128
2972,7649,9467,372,6014,82
2972,7649,9467,4295,2225,7326
2972,7649,9467,5976,2836,7031
2972,7649,9467,5234,6074,7957
2972,7649,9467,3530,5230,6747
2972,7649,9467,4927,290,9537
2972,7649,9467,6026,3861,8990
2972,7649,9467,9263,8177,8494
2972,7649,9467,7736,4187,6641
2972,7649,9467,7880,4973,2532
2972,7649,9467,7141,5382,7753
2972,7649,9467,4932,5684,5150
2972,7649,9467,1738,6668,3224
2972,7649,9467,6881,1679,2616
2972,7649,9467,9194,9722,131
2972,7649,9467,5005,8452,605
2972,7649,9467,1903,9281,408
2972,7649,9467,8841,6696,8721
2972,7649,9467,6482,3041,1238
2972,7649,9467,5449,5379,5322
2972,7649,9467,9655,7563,7044
2972,7649,9467,6166,4909,4222
2972,7649,9467,1036,81,5155
2972,7649,9467,3839,2824,4841
2972,7649,9467,9247,4560,3184
2972,7649,9467,794,3776,8995
2972,7649,9467,7395,8648,2064
2972,7649,9467,5391,1587,3586
2972,7649,9467,8564,8101,2497
2972,7649,9467,3822,5255,6059
2972,7649,9467,1402,778,3455
2972,7649,9467,3808,9476,4993
2972,7649,9467,7253,5879,121
2972,7649,9467,8305,1643,2797
2972,7649,9467,1660,5358,4573
2972,7649,9467,7672,9625,9840
2972,7649,9467,2514,2770,9310
2972,7649,9467,6401,2863,2324
2972,7649,9467,5652,4194,6108
2972,7649,9467,461,9814,6309
2972,7649,9467,3031,9687,5225
2972,7649,9467,9405,2092,5965
2972,7649,9467,6305,7915,910
2972,7649,9467,1970,79,2705
2972,7649,9467,4565,9900,1756
2972,7649,9467,6114,4076,8291
2972,7649,9467,3892,5372,5496
2972,7649,9467,1359,5451,6877
2972,7649,9467,6476,4312,943
2972,7649,9467,3390,860,3218
2972,7649,9467,9664,6922,8049
2972,7649,9467,9725,6217,1721
2972,7649,9467,8419,8310,5386
2972,7649,9467,8010,5256,6043
2972,7649,9467,5960,8384,3839
2972,7649,9467,5542,4148,5331
2972,7649,9467,9316,8039,3685
2972,7649,9467,497,7581,9053
2972,7649,9467,8699,8727,4519
2972,7649,9467,7381,4226,6212
2972,7649,9467,8777,3205,2988
2972,7649,9467,9314,6084,131
2972,7649,9467,8405,6862,4282
2972,7649,9467,1305,1795,5243
2972,7649,9467,2159,3802,301
2972,7649,9467,8713,1156,2624
2972,7649,9467,8982,1965,4946
2972,7649,9467,5319,5171,3280
2972,7649,9467,7417,2203,1923
2972,7649,9467,3527,4862,9183
2972,7649,9467,4313,6689,1492
2972,7649,9467,103,1642,8464
2972,7649,9467,4288,3255,38
2972,7649,9467,8652,9278,1371
2972,7649,9467,9915,6572,2368
2972,7649,9467,201,4958,959
2972,7649,9467,8190,8952,8455
2972,7649,9467,7211,2274,9174
2972,7649,9467,135,9318,9434
2972,7649,9467,1642,2551,4074
2972,7649,9467,1449,4116,9765
2972,7649,9467,5069,3475,6736
2972,7649,9467,8305,5749,4462
2972,7649,9467,2365,2474,9783
2972,7649,9467,9846,2110,1115
2972,7649,9467,4264,2912,6604
2972,7649,9467,4227,2944,5488
2972,7649,9467,9718,2457,8225
2972,7649,9467,1524,8012,748
2972,7649,9467,7488,2840,3485
2972,7649,9467,1539,5676,7256
2972,7649,9467,4661,2681,9270
2972,7649,9467,1140,8806,2006
2972,7649,9467,3482,5220,3325
2972,7649,9467,4980,4505,1236
2972,7649,9467,68,7386,2309
2972,7649,9467,8408,7861,3742
2972,7649,9467,5447,5155,8520
2972,7649,9467,5976,5325,786
2972,7649,9467,8249,1010,1149
2972,7649,9467,9633,6018,2874
2972,7649,9467,4120,3199,4985
2972,7649,9467,1171,3638,7853
2972,7649,9467,3951,2643,921
2972,7649,9467,1883,9889,8060
2972,7649,9467,5879,4935,579
2972,7649,9467,567,3201,2306
2972,7649,9467,552,6072,1628
2972,7649,9467,7748,1974,9202
2972,7649,9467,1410,7195,554
2972,7649,9467,6903,7119,5580
2972,7649,9467,9877,5609,4211
2972,7649,9467,5090,268,3597
2972,7649,9467,8707,2261,1033
2972,7649,9467,3275,1406,5254
2972,7649,9467,7071,3500,6157
2972,7649,9467,7075,7071,2425
2972,7649,9467,8198,5278,4676
2972,7649,9467,4526,3279,2950
2972,7649,9467,4751,6155,8080
2972,7649,9467,188,8955,2929
2972,7649,9467,9017,230,777
2972,7649,9467,2608,1739,1923
2972,7649,9467,8008,3657,7962
2972,7649,9467,7924,2261,6798
2972,7649,9467,3916,2439,3521
2972,7649,9467,6167,2804,942
2972,7649,9467,7213,1117,7178
2972,7649,9467,9226,7279,1221
2972,7649,9467,4863,7704,9270
2972,7649,9467,4945,9668,8080
2972,7649,9467,4023,2246,7023
2972,7649,9467,9597,9857,9963
2972,7649,9467,619,7608,5032
2972,7649,9467,8028,9134,8413
2972,7649,9467,3401,2849,4676
2972,7649,9467,4682,4426,6340
2972,7649,9467,6279,5087,1447
2972,7649,9467,1738,7356,2750
2972,7649,9467,8457,2275,3613
2972,7649,9467,1648,9640,7335
2972,7649,9467,7215,8070,1660
2972,7649,9467,748,9060,4622
2972,7649,9467,5481,2036,5337
2972,7649,9467,5400,8951,1903
2972,7649,9467,9275,7238,5451
2972,7649,9467,4490,2388,8831
2972,7649,9467,6659,7829,5106
2972,7649,9467,8748,4836,7859
2972,7649,9467,8075,9007,8514
2972,7649,9467,785,8487,9722
2972,7649,9467,7524,8063,3878
2972,7649,9467,1445,1353,9053
2972,7649,9467,245,5866,6196
2972,7649,9467,2280,6691,4417
2972,7649,9467,8266,3854,4046
2972,7649,9467,811,6837,6182
2972,7649,9467,7545,5306,5522
2972,7649,9467,4461,1058,727
2972,7649,9467,6977,2832,2594
2972,7649,9467,9329,5043,6652
2972,7649,9467,2735,2358,3613
2972,7649,9467,4560,7827,1434
2972,7649,9467,2972,7649,9467
2972,7649,9467,7194,7302,267
2972,7649,9467,401,6978,2880
2972,7649,9467,6925,2183,8669
2972,7649,9467,6013,4006,3501
2972,7649,9467,2945,4824,9118
2972,7649,9467,3000,3437,3079
2972,7649,9467,3962,2413,4929
2972,7649,9467,7634,5544,8859
2972,7649,9467,5015,9948,5051
2972,7649,9467,7661,5946,9027
2972,7649,9467,9661,977,2165
2972,7649,9467,9356,3119,6852
2972,7649,9467,3126,829,3946
2972,7649,9467,4163,2125,5364
2972,7649,9467,4722,3482,4377
2972,7649,9467,5317,1150,9754
2972,7649,9467,5771,7414,5647
2972,7649,9467,7522,49,6321
2972,7649,9467,1193,3934,7154
2972,7649,9467,4316,3812,6687
2972,7649,9467,6501,5456,3534
2972,7649,9467,6356,792,3041
2972,7649,9467,9629,9378,4125
2972,7649,9467,6485,3402,4673
2972,7649,9467,9121,1476,5988
2972,7649,9467,5342,5318,5380
2972,7649,9467,5250,5944,2230
2972,7649,9467,4701,8622,2428
2972,7649,9467,9378,3843,353
2972,7649,9467,5960,1130,2276
2972,7649,9467,2947,5101,7732
2972,7649,9467,4343,2263,2570
2972,7649,9467,5477,5669,147
2972,7649,9467,3410,8518,6061
2972,7649,9467,8437,3898,7488
2972,7649,9467,3204,6790,1956
2972,7649,9467,3321,8700,5183
2972,7649,9467,2558,4416,339
2972,7649,9467,1419,2709,721
2972,7649,9467,855,6479,1657
2972,7649,9467,261,168,7504
2972,7649,9467,1037,9251,5180
2972,7649,9467,374,8243,8679
2972,7649,9467,8369,8083,4445
2972,7649,9467,3922,1647,3168
2972,7649,9467,8292,99,5799
2972,7649,9467,5216,5843,9087
2972,7649,9467,1249,6820,5871
2972,7649,9467,5522,5617,3603
2972,7649,9467,7338,1952,343
2972,7649,9467,8235,1262,3260
2972,7649,9467,3587,1715,602
2972,7649,9467,1913,4806,2852
2972,7649,9467,3863,9473,4118
2972,7649,9467,4717,3346,5719
2972,7649,9467,8728,6179,3397
2972,7649,9467,3830,183,2424
2972,7649,9467,6767,2899,2817
2972,7649,9467,7393,5693,147
2972,7649,9467,4727,6622,174
2972,7649,9467,1555,2836,4848
2972,7649,9467,3398,298,88
2972,7649,9467,3181,3534,3995
2972,7649,9467,3746,745,9910
2972,7649,9467,8611,2934,240
2972,7649,9467,7239,8226,8988
2972,7649,9467,7287,469,2560
2972,7649,9467,7709,6094,5132
2972,7649,9467,1470,2148,2685
2972,7649,9467,6300,3876,4597
2972,7649,9467,9964,4277,2934
2972,7649,9467,815,9246,7735
2972,7649,9467,8974,595,7892
2972,7649,9467,5689,6368,5536
2972,7649,9467,4390,4898,8142
2972,7649,9467,8983,8108,3413
2972,7649,9467,2764,3658,9325
2972,7649,9467,6231,4279,5739
2972,7649,9467,1952,1903,4232
2972,7649,9467,162,446,209
2972,7649,9467,6301,4653,5998
2972,7649,9467,6171,9892,6090
2972,7649,9467,4792,8309,3759
2972,7649,9467,1798,1318,7947
2972,7649,9467,7308,5684,5475
2972,7649,9467,1044,7103,6224
2972,7649,9467,7762,3935,382
2972,7649,9467,1577,9396,238
2972,7649,9467,4097,4405,4287
2972,7649,9467,1073,5710,2471
2972,7649,9467,1738,2195,4609
2972,7649,9467,8831,4451,8622
2972,7649,9467,6931,3125,3341
2972,7649,9467,5415,8602,1854
2972,7649,9467,2217,3313,7665
2972,7649,9467,2832,3206,7703
2972,7649,9467,2048,9995,2847
2972,7649,9467,7075,9301,3756
2972,7649,9467,8948,3732,6261
2972,7649,9467,5261,702,9731
2972,7649,9467,585,8601,9876
2972,7649,9467,5066,8457,241
2972,7649,9467,4480,128,1818
2972,7649,9467,9650,5524,9238
2972,7649,9467,1424,3560,2792
2972,7649,9467,7194,7820,6022
2972,7649,9467,5276,1331,4444
2972,7649,9467,8498,1306,516
2972,7649,9467,9176,3738,9799
2972,7649,9467,3931,9332,3274
2972,7649,9467,6959,9602,7004
2972,7649,9467,4829,5934,9213
2972,7649,9467,6476,4568,3139
2972,7649,9467,2629,1887,4588
2972,7649,9467,4787,2346,4429
2972,7649,9467,1907,192,4511
2972,7649,9467,8250,8488,5877
2972,7649,9467,4315,4268,3760
2972,7649,9467,2052,9747,4691
2972,7649,9467,6335,2216,6864
2972,7649,9467,4971,714,9864
2972,7649,9467,9142,5009,4311
2972,7649,9467,7237,388,2997
2972,7649,9467,2596,3612,4062
2972,7649,9467,7204,5145,7994
2972,7649,9467,116,6600,5865
2972,7649,9467,8986,4584,3240
2972,7649,9467,8907,6376,318
2972,7649,9467,6945,9747,3236
2972,7649,9467,5547,7837,3818
2972,7649,9467,3555,6445,3717
2972,7649,9467,3293,5345,2280
2972,7649,9467,7545,1316,6236
2972,7649,9467,1262,4247,669
2972,7649,9467,8757,4535,7190
2972,7649,9467,4738,5165,5981
2972,7649,9467,9848,4550,644
2972,7649,9467,7177,1152,6738
2972,7649,9467,1156,5260,2180
2972,7649,9467,1618,4131,3146
