2735,2358,3613,6258,59,6432
2735,2358,3613,1636,4190,4724
2735,2358,3613,8493,268,2817
2735,2358,3613,286,9725,3160
2735,2358,3613,191,3803,4064
2735,2358,3613,9250,6544,2089
2735,2358,3613,8510,4493,4609
2735,2358,3613,7548,9620,6269
2735,2358,3613,3385,2214,3064
2735,2358,3613,5536,6116,3125
2735,2358,3613,4803,4660,1429
2735,2358,3613,7897,3896,2534
2735,2358,3613,9708,9455,4807
2735,2358,3613,5325,3148,1058
2735,2358,3613,1125,5959,1319
2735,2358,3613,4679,1738,3866
2735,2358,3613,8676,404,985
2735,2358,3613,766,7191,8919
2735,2358,3613,3493,265,8021
2735,2358,3613,5735,8883,9844
2735,2358,3613,2929,4270,4369
2735,2358,3613,7459,7023,5622
2735,2358,3613,7290,8884,6129
2735,2358,3613,5738,2681,3218
2735,2358,3613,6055,8523,416
2735,2358,3613,4320,8001,1885
2735,2358,3613,4734,4519,2037
2735,2358,3613,4937,3651,8141
2735,2358,3613,6800,7191,5699
2735,2358,3613,3580,4173,9375
2735,2358,3613,1472,628,9668
2735,2358,3613,2815,6,6213
2735,2358,3613,9065,5300,615
2735,2358,3613,1022,2767,1959
2735,2358,3613,6449,3687,6026
2735,2358,3613,1074,7299,757
2735,2358,3613,352,2231,8803
2735,2358,3613,9106,8542,2602
2735,2358,3613,2754,9762,5793
2735,2358,3613,8332,1068,4444
2735,2358,3613,4119,4234,7389
2735,2358,3613,3569,8437,4269
2735,2358,3613,7845,1745,7947
2735,2358,3613,475,7765,7493
2735,2358,3613,6960,9546,5882
2735,2358,3613,9001,6597,840
2735,2358,3613,9957,9298,7512
2735,2358,3613,1184,8496,8824
2735,2358,3613,8460,3982,5203
2735,2358,3613,8251,6628,6961
2735,2358,3613,7813,8819,1387
2735,2358,3613,9028,1943,9688
2735,2358,3613,8792,1022,3492
2735,2358,3613,2866,8371,8417
2735,2358,3613,461,839,470
2735,2358,3613,5438,5708,3008
2735,2358,3613,1776,7620,6451
2735,2358,3613,5754,1348,8734
2735,2358,3613,6466,3236,1665
2735,2358,3613,1449,1144,1541
2735,2358,3613,4148,7933,3990
2735,2358,3613,3783,5165,9754
2735,2358,3613,1093,9486,5486
2735,2358,3613,6877,7681,4974
2735,2358,3613,9083,3021,2091
2735,2358,3613,3779,5034,315
2735,2358,3613,9963,2076,5427
2735,2358,3613,738,9602,8381
2735,2358,3613,4574,4720,8231
2735,2358,3613,8004,4314,569
2735,2358,3613,1542,1235,4236
2735,2358,3613,9532,4680,825
2735,2358,3613,8303,4210,7287
2735,2358,3613,3032,8927,727
2735,2358,3613,5382,636,2222
2735,2358,3613,8444,1803,2374
2735,2358,3613,9367,4308,9652
2735,2358,3613,9351,2843,4841
2735,2358,3613,1765,9525,7693
2735,2358,3613,1640,3622,3469
2735,2358,3613,5608,4070,1374
2735,2358,3613,5978,4399,9519
2735,2358,3613,3224,9686,2808
2735,2358,3613,3658,4590,9654
2735,2358,3613,1701,9540,1292
2735,2358,3613,6952,9507,1223
2735,2358,3613,5568,1750,6398
2735,2358,3613,9531,2815,4638
2735,2358,3613,4895,2517,9865
2735,2358,3613,4126,6023,9660
2735,2358,3613,1246,8562,6961
2735,2358,3613,7720,9977,7044
2735,2358,3613,6128,4940,6696
2735,2358,3613,6418,8159,7964
2735,2358,3613,4830,3554,4560
2735,2358,3613,3726,6638,3821
2735,2358,3613,190,8533,3195
2735,2358,3613,5566,2748,400
2735,2358,3613,340,5744,6236
2735,2358,3613,6550,4343,1376
2735,2358,3613,3113,954,2866
2735,2358,3613,453,5368,426
2735,2358,3613,5938,7874,7016
2735,2358,3613,5872,6226,6616
2735,2358,3613,9250,2787,9193
2735,2358,3613,6114,3878,8289
2735,2358,3613,7442,4395,6646
2735,2358,3613,614,9871,1273
2735,2358,3613,6574,8334,2013
2735,2358,3613,7876,2046,1155
2735,2358,3613,2469,7833,3160
2735,2358,3613,3039,7847,609
2735,2358,3613,1028,6760,217
2735,2358,3613,8264,9271,8609
2735,2358,3613,1556,8251,6873
2735,2358,3613,5354,8976,4900
2735,2358,3613,3169,8797,2544
2735,2358,3613,6712,9861,1489
2735,2358,3613,5006,2368,1967
2735,2358,3613,4209,486,6374
2735,2358,3613,5325,7163,390
2735,2358,3613,1533,6864,8176
2735,2358,3613,2918,4148,7029
2735,2358,3613,7491,4100,61
2735,2358,3613,3370,6025,6430
2735,2358,3613,5348,8421,3630
2735,2358,3613,2879,3662,394
2735,2358,3613,4227,9264,5866
2735,2358,3613,3619,6015,1008
2735,2358,3613,6710,6039,1994
2735,2358,3613,5191,7510,5943
2735,2358,3613,9706,898,4034
2735,2358,3613,5705,8244,2796
2735,2358,3613,5881,4349,1194
2735,2358,3613,484,6439,5959
2735,2358,3613,3066,64,5603
2735,2358,3613,9451,6257,988
2735,2358,3613,3947,3941,28
2735,2358,3613,4493,2537,2935
2735,2358,3613,2266,8289,9397
2735,2358,3613,2842,4442,2301
2735,2358,3613,5054,8089,2024
2735,2358,3613,8079,1301,7802
2735,2358,3613,9228,9931,8295
2735,2358,3613,8929,2801,290
2735,2358,3613,7267,8282,5886
2735,2358,3613,4869,5596,6845
2735,2358,3613,8033,8839,1722
2735,2358,3613,7616,9405,5893
2735,2358,3613,3645,4391,4005
2735,2358,3613,1257,1703,2936
2735,2358,3613,3474,319,5991
2735,2358,3613,9771,7159,332
2735,2358,3613,354,5415,9786
2735,2358,3613,2663,1900,7596
2735,2358,3613,8878,4366,7786
2735,2358,3613,9145,2874,5134
2735,2358,3613,8864,3919,765
2735,2358,3613,321,9137,9707
2735,2358,3613,9157,6850,7480
2735,2358,3613,2097,7971,4103
2735,2358,3613,253,6835,9124
2735,2358,3613,58,8482,7971
2735,2358,3613,6050,6247,6932
2735,2358,3613,5116,6493,4674
2735,2358,3613,6440,59,5259
2735,2358,3613,1587,2590,3813
2735,2358,3613,9334,9516,5886
2735,2358,3613,9274,6145,6354
2735,2358,3613,8061,1364,9126
2735,2358,3613,7800,5284,5575
2735,2358,3613,4496,9411,5508
2735,2358,3613,7335,8830,9466
2735,2358,3613,3574,8306,8
2735,2358,3613,5611,9985,9894
2735,2358,3613,1798,9598,8781
2735,2358,3613,7916,7100,300
2735,2358,3613,9373,1751,2968
2735,2358,3613,8816,3696,45
2735,2358,3613,8591,8870,9560
2735,2358,3613,3349,8647,7511
2735,2358,3613,6234,6180,4814
2735,2358,3613,6852,8313,8679
2735,2358,3613,8537,6352,1324
2735,2358,3613,7382,7427,8669
2735,2358,3613,5032,2260,5128
2735,2358,3613,8012,6268,7558
2735,2358,3613,8826,277,5832
2735,2358,3613,2747,1936,6756
2735,2358,3613,9566,4009,4437
2735,2358,3613,568,4336,2105
2735,2358,3613,4445,2874,6702
2735,2358,3613,1443,7663,2572
2735,2358,3613,84,3008,1997
2735,2358,3613,4608,9581,3405
2735,2358,3613,260,6997,1108
2735,2358,3613,6357,7282,5279
2735,2358,3613,1086,3030,3545
2735,2358,3613,8294,1736,2948
2735,2358,3613,2356,83,1065
2735,2358,3613,968,6772,4599
2735,2358,3613,5600,6359,9565
2735,2358,3613,1393,1563,1191
2735,2358,3613,7977,3745,5665
2735,2358,3613,934,782,1561
2735,2358,3613,6100,4384,3955
2735,2358,3613,2901,890,8898
2735,2358,3613,6320,384,75
2735,2358,3613,3095,3171,8255
2735,2358,3613,5514,2533,5424
2735,2358,3613,6562,3449,7318
2735,2358,3613,4179,1068,740
2735,2358,3613,881,5411,8377
2735,2358,3613,3593,5878,1345
2735,2358,3613,6555,1964,3989
2735,2358,3613,4663,178,5491
2735,2358,3613,3488,3621,1520
2735,2358,3613,890,8819,3500
2735,2358,3613,9162,8006,399
2735,2358,3613,5835,6309,7082
2735,2358,3613,5448,4769,5240
2735,2358,3613,1253,6369,12
2735,2358,3613,4574,29,7550
2735,2358,3613,6677,6820,3247
2735,2358,3613,5636,9778,7988
2735,2358,3613,1442,5795,7018
2735,2358,3613,5657,1641,1728
2735,2358,3613,9053,5772,2954
2735,2358,3613,1457,7768,9594
2735,2358,3613,9252,5915,1842
2735,2358,3613,9432,2746,4299
2735,2358,3613,4795,5975,9373
2735,2358,3613,3209,5003,6110
2735,2358,3613,8165,8952,469
2735,2358,3613,7963,4671,7226
2735,2358,3613,5386,3209,5965
2735,2358,3613,1602,8741,6857
2735,2358,3613,7424,241,3039
2735,2358,3613,2915,5833,7113
2735,2358,3613,5395,3651,4289
2735,2358,3613,9025,6943,72
2735,2358,3613,3118,9475,6816
2735,2358,3613,2317,4037,9647
2735,2358,3613,7453,890,8797
2735,2358,3613,8224,8619,3174
2735,2358,3613,5326,4925,4005
2735,2358,3613,5951,4147,5466
2735,2358,3613,5801,5359,7435
2735,2358,3613,9878,394,9641
2735,2358,3613,8848,9542,2775
2735,2358,3613,9059,2450,5828
2735,2358,3613,5205,7517,7702
2735,2358,3613,4497,6167,4428
2735,2358,3613,9743,5843,8918
2735,2358,3613,2422,5152,9268
2735,2358,3613,1722,6222,1846
2735,2358,3613,1483,8102,9599
2735,2358,3613,8279,6855,8545
2735,2358,3613,6126,5854,2567
2735,2358,3613,5962,2024,2387
2735,2358,3613,9905,3292,5433
2735,2358,3613,272,5526,283
2735,2358,3613,9615,6799,7765
2735,2358,3613,5250,7027,5004
2735,2358,3613,5557,9630,8164
2735,2358,3613,2267,4277,4224
2735,2358,3613,9599,8431,5466
2735,2358,3613,9623,9417,5517
2735,2358,3613,590,3864,9321
2735,2358,3613,866,5387,9016
2735,2358,3613,8318,8632,3097
2735,2358,3613,6268,8984,1005
2735,2358,3613,720,5228,5051
2735,2358,3613,9027,7294,2656
2735,2358,3613,8161,4342,3475
2735,2358,3613,8333,1449,4521
2735,2358,3613,573,4469,8796
2735,2358,3613,6859,1609,1841
2735,2358,3613,7633,39,6233
2735,2358,3613,9889,2059,389
2735,2358,3613,6676,2048,9045
2735,2358,3613,4216,9250,5378
2735,2358,3613,796,2668,107
2735,2358,3613,8507,5690,3698
2735,2358,3613,8598,670,8386
2735,2358,3613,7739,3994,4022
2735,2358,3613,8235,180,7979
2735,2358,3613,8231,3865,416
2735,2358,3613,2457,4955,7212
2735,2358,3613,543,9407,3838
2735,2358,3613,833,3859,7026
2735,2358,3613,7014,3179,9886
2735,2358,3613,47,4820,7993
2735,2358,3613,2935,7244,738
2735,2358,3613,1325,3703,7446
2735,2358,3613,7775,6762,2789
2735,2358,3613,1007,3456,382
2735,2358,3613,9088,3344,6930
2735,2358,3613,4614,4835,9482
2735,2358,3613,2551,7699,563
2735,2358,3613,1795,8872,5728
2735,2358,3613,7189,8797,1650
2735,2358,3613,3784,1292,2387
2735,2358,3613,1730,8188,423
2735,2358,3613,1703,3043,5092
2735,2358,3613,5129,2811,3849
2735,2358,3613,197,2451,6700
2735,2358,3613,8918,8888,6277
2735,2358,3613,4538,9619,2008
2735,2358,3613,5302,6281,7225
2735,2358,3613,8388,3645,6313
2735,2358,3613,6255,5309,265
2735,2358,3613,2938,3267,2182
2735,2358,3613,8661,1161,3897
2735,2358,3613,4157,4967,5227
2735,2358,3613,3136,2352,4144
2735,2358,3613,6857,9293,9894
2735,2358,3613,1193,9479,9091
2735,2358,3613,1775,8443,1584
2735,2358,3613,3963,9682,1850
2735,2358,3613,755,7636,5998
2735,2358,3613,8605,1726,1128
2735,2358,3613,3603,356,9743
2735,2358,3613,4752,3447,8672
2735,2358,3613,756,2634,4469
2735,2358,3613,4283,561,2760
2735,2358,3613,751,7381,4815
2735,2358,3613,3604,6539,8301
2735,2358,3613,4143,2054,3013
2735,2358,3613,3395,501,5312
2735,2358,3613,7343,528,1232
2735,2358,3613,8748,6159,3151
2735,2358,3613,1966,9282,2840
2735,2358,3613,6676,2586,3446
2735,2358,3613,726,3344,3225
2735,2358,3613,3418,5693,8560
2735,2358,3613,1464,2865,2166
2735,2358,3613,9291,4358,6806
2735,2358,3613,4764,159,4149
2735,2358,3613,1102,7960,3446
2735,2358,3613,1060,9375,7806
2735,2358,3613,6480,4804,5665
2735,2358,3613,9398,4378,8907
2735,2358,3613,9389,3193,8423
2735,2358,3613,8841,9297,3037
2735,2358,3613,7610,3013,9224
2735,2358,3613,3013,1426,1088
2735,2358,3613,5806,4453,7899
2735,2358,3613,546,2193,5549
2735,2358,3613,4033,5603,8944
2735,2358,3613,8257,3642,9388
2735,2358,3613,2971,7794,7119
2735,2358,3613,2060,2013,3382
2735,2358,3613,4085,910,3023
2735,2358,3613,7987,1031,2689
2735,2358,3613,4504,6210,1438
2735,2358,3613,7290,543,8608
2735,2358,3613,999,9664,8520
2735,2358,3613,4015,1557,7815
2735,2358,3613,6825,2997,9429
2735,2358,3613,7376,3069,3758
2735,2358,3613,6384,4491,9487
2735,2358,3613,208,3975,9434
2735,2358,3613,4092,8305,7725
2735,2358,3613,9455,8263,3745
2735,2358,3613,4521,7270,3517
2735,2358,3613,1915,9872,2824
2735,2358,3613,2727,2257,3013
2735,2358,3613,3501,8411,7081
2735,2358,3613,4379,9705,9807
2735,2358,3613,7207,4776,2957
2735,2358,3613,8423,5258,3340
2735,2358,3613,4251,4546,1535
2735,2358,3613,4635,9307,3866
2735,2358,3613,4194,7110,8289
2735,2358,3613,8329,5714,5741
2735,2358,3613,101,224,3062
2735,2358,3613,6517,8467,8615
2735,2358,3613,7254,3717,2222
2735,2358,3613,9930,442,9152
2735,2358,3613,4831,482,5804
2735,2358,3613,49,6552,448
2735,2358,3613,1036,7770,1788
2735,2358,3613,4233,3953,7671
2735,2358,3613,8517,3423,1378
2735,2358,3613,8903,2526,4111
2735,2358,3613,4974,1640,7537
2735,2358,3613,8721,823,7911
2735,2358,3613,6341,950,5026
2735,2358,3613,9761,9756,9825
2735,2358,3613,5796,10,9243
2735,2358,3613,3337,3745,2818
2735,2358,3613,6020,5148,2826
2735,2358,3613,6585,2385,1380
2735,2358,3613,3379,7957,1390
2735,2358,3613,2595,3951,4699
2735,2358,3613,7334,8497,1039
2735,2358,3613,3988,4661,5867
2735,2358,3613,2047,9466,7554
2735,2358,3613,5484,1038,6478
2735,2358,3613,8949,3882,14
2735,2358,3613,9643,3925,1720
2735,2358,3613,6387,9171,7123
2735,2358,3613,4129,4804,669
2735,2358,3613,3232,870,9254
2735,2358,3613,1149,5780,9397
2735,2358,3613,8545,2297,1945
2735,2358,3613,5366,6832,8633
2735,2358,3613,9113,7155,6431
2735,2358,3613,3359,3380,7373
2735,2358,3613,6946,709,1032
2735,2358,3613,1259,8739,1351
2735,2358,3613,5463,9657,5130
2735,2358,3613,8857,5393,4210
2735,2358,3613,2804,334,194
2735,2358,3613,5460,1351,3458
2735,2358,3613,1178,3345,8561
2735,2358,3613,9930,1906,2833
2735,2358,3613,6193,6227,6530
2735,2358,3613,3561,4078,4501
2735,2358,3613,5289,7990,518
2735,2358,3613,6923,5462,2753
2735,2358,3613,1864,5658,4011
2735,2358,3613,4060,7421,6668
2735,2358,3613,3914,4461,2228
2735,2358,3613,96,5257,2766
2735,2358,3613,5886,579,2289
2735,2358,3613,1604,1249,3831
2735,2358,3613,8303,93,3772
2735,2358,3613,7479,2371,9259
2735,2358,3613,9293,4107,435
2735,2358,3613,5319,6694,5416
2735,2358,3613,4605,5293,7752
2735,2358,3613,4502,4414,6685
2735,2358,3613,2848,5878,5498
2735,2358,3613,2409,1866,9978
2735,2358,3613,9902,2496,5389
2735,2358,3613,9175,68,5057
2735,2358,3613,2414,1725,8156
2735,2358,3613,3898,1483,6350
2735,2358,3613,4283,8174,9372
2735,2358,3613,1351,1679,7989
2735,2358,3613,5045,4905,3133
2735,2358,3613,9291,1485,5073
2735,2358,3613,5720,7563,72
2735,2358,3613,6557,6157,8185
2735,2358,3613,9661,428,2398
2735,2358,3613,7572,3591,262
2735,2358,3613,1458,142,3171
2735,2358,3613,8058,1816,7550
2735,2358,3613,3301,5912,2998
2735,2358,3613,9224,3931,1565
2735,2358,3613,8473,7212,4849
2735,2358,3613,8268,6857,5742
2735,2358,3613,9698,5571,1683
2735,2358,3613,7887,7691,546
2735,2358,3613,1894,7328,8678
2735,2358,3613,3494,7803,5197
2735,2358,3613,8370,4068,5795
2735,2358,3613,1709,9728,1343
2735,2358,3613,7205,1992,7714
2735,2358,3613,5088,7010,2567
2735,2358,3613,7090,4653,4712
2735,2358,3613,6974,5768,5125
2735,2358,3613,8422,7260,522
2735,2358,3613,3326,738,8988
2735,2358,3613,7018,9157,8958
2735,2358,3613,9080,721,9260
2735,2358,3613,8621,8315,9712
2735,2358,3613,2964,5316,3004
2735,2358,3613,1694,7866,2125
2735,2358,3613,2352,9306,513
2735,2358,3613,8238,4544,6941
2735,2358,3613,1137,8250,5357
2735,2358,3613,8313,4048,3532
2735,2358,3613,2892,4718,7791
2735,2358,3613,3729,7519,2321
2735,2358,3613,7228,7690,8748
2735,2358,3613,154,4717,1125
2735,2358,3613,2964,2507,6178
2735,2358,3613,8811,3431,4777
2735,2358,3613,4237,188,5792
2735,2358,3613,5036,6035,7938
2735,2358,3613,3609,5435,7353
2735,2358,3613,1983,8722,3131
2735,2358,3613,1603,1877,8527
2735,2358,3613,554,3749,7583
2735,2358,3613,2129,3770,4810
2735,2358,3613,1711,2592,1030
2735,2358,3613,7126,8327,1428
2735,2358,3613,1898,3940,1813
2735,2358,3613,714,5246,8197
2735,2358,3613,6686,4814,9377
2735,2358,3613,1355,3600,3887
2735,2358,3613,8005,5018,6885
2735,2358,3613,7812,6858,9948
2735,2358,3613,2900,5391,6624
2735,2358,3613,3989,4578,3108
2735,2358,3613,2438,1395,7474
2735,2358,3613,9742,6322,5191
2735,2358,3613,3977,8834,2685
2735,2358,3613,8510,7787,8963
2735,2358,3613,6623,9925,2957
2735,2358,3613,4819,9819,7823
2735,2358,3613,9623,1883,6826
2735,2358,3613,2123,4955,1613
2735,2358,3613,4339,6940,1944
2735,2358,3613,4933,7347,8665
2735,2358,3613,3245,6754,1548
2735,2358,3613,5899,1580,3390
