2735,2358,3613,1818,7973,6467
2735,2358,3613,7987,5594,8176
2735,2358,3613,3395,5742,3542
2735,2358,3613,4531,6110,3103
2735,2358,3613,4762,1706,3281
2735,2358,3613,6494,7067,354
2735,2358,3613,4401,9321,5539
2735,2358,3613,1282,177,1012
2735,2358,3613,2084,5216,7018
2735,2358,3613,8400,2722,9191
2735,2358,3613,7116,389,8878
2735,2358,3613,8658,4055,5507
2735,2358,3613,7315,4884,1540
2735,2358,3613,9078,276,6151
2735,2358,3613,8021,2090,125
2735,2358,3613,7056,5566,8643
2735,2358,3613,9219,4906,9356
2735,2358,3613,1423,5313,172
2735,2358,3613,7052,7388,6649
2735,2358,3613,4174,6671,160
2735,2358,3613,8753,8553,8817
2735,2358,3613,925,4808,2259
2735,2358,3613,5085,9432,1210
2735,2358,3613,2404,7400,1590
2735,2358,3613,1830,7817,8102
2735,2358,3613,197,9991,3899
2735,2358,3613,1620,5590,3043
2735,2358,3613,2200,4756,271
2735,2358,3613,8,4437,838
2735,2358,3613,4380,8716,6316
2735,2358,3613,2672,8133,6780
2735,2358,3613,971,6471,2252
2735,2358,3613,5907,7377,5510
2735,2358,3613,4590,441,3805
2735,2358,3613,1148,1049,5097
2735,2358,3613,9697,6946,4281
2735,2358,3613,282,8181,940
2735,2358,3613,5662,55,788
2735,2358,3613,2819,2417,2620
2735,2358,3613,2647,6322,8968
2735,2358,3613,5346,5713,2694
2735,2358,3613,4890,1525,4519
2735,2358,3613,7939,1450,8924
2735,2358,3613,5129,6807,7584
2735,2358,3613,2831,4067,5850
2735,2358,3613,9121,5312,8506
2735,2358,3613,2933,6975,6202
2735,2358,3613,1344,2292,9012
2735,2358,3613,9772,2606,3316
2735,2358,3613,7778,160,2720
2735,2358,3613,7333,4062,7939
2735,2358,3613,3328,7657,8692
2735,2358,3613,4312,6417,9324
2735,2358,3613,5471,7346,2147
2735,2358,3613,4427,3851,4907
2735,2358,3613,9565,3101,8988
2735,2358,3613,4446,681,2160
2735,2358,3613,1288,9735,6276
2735,2358,3613,2985,8806,8816
2735,2358,3613,7403,5433,3523
2735,2358,3613,967,1418,7210
2735,2358,3613,5233,6043,7305
2735,2358,3613,4303,437,7536
2735,2358,3613,566,3984,6965
2735,2358,3613,4229,1812,167
2735,2358,3613,4043,2005,5921
2735,2358,3613,3846,9809,289
2735,2358,3613,5939,5083,392
2735,2358,3613,8474,6408,9627
2735,2358,3613,8152,1631,9401
2735,2358,3613,5880,4780,8535
2735,2358,3613,7014,4414,1513
2735,2358,3613,7244,2723,9268
2735,2358,3613,8420,9832,5774
2735,2358,3613,3792,7407,639
2735,2358,3613,7406,9390,6310
2735,2358,3613,8917,4098,4794
2735,2358,3613,1396,9915,8910
2735,2358,3613,9497,3010,5600
2735,2358,3613,3836,793,3426
2735,2358,3613,8657,944,8306
2735,2358,3613,8202,1748,7422
2735,2358,3613,7137,2574,3751
2735,2358,3613,3731,7795,812
2735,2358,3613,6392,8348,600
2735,2358,3613,5999,4178,3496
2735,2358,3613,3241,6524,5231
2735,2358,3613,2701,4603,5455
2735,2358,3613,7366,8999,6415
2735,2358,3613,6724,4692,4724
2735,2358,3613,4704,5210,1502
2735,2358,3613,535,8162,6375
2735,2358,3613,1944,7165,2770
2735,2358,3613,7243,9664,2983
2735,2358,3613,3946,1647,2139
2735,2358,3613,7257,8887,3418
2735,2358,3613,662,3556,8180
2735,2358,3613,7647,7978,1468
2735,2358,3613,8621,9491,7592
2735,2358,3613,5876,2290,7682
2735,2358,3613,8936,6646,7727
2735,2358,3613,9152,4506,4037
2735,2358,3613,8582,8611,683
2735,2358,3613,7653,2356,5443
2735,2358,3613,4930,2089,9498
2735,2358,3613,7472,6808,1496
2735,2358,3613,2913,9479,7255
2735,2358,3613,7188,2351,563
2735,2358,3613,7891,2344,9068
2735,2358,3613,1585,1368,8881
2735,2358,3613,2265,2825,7331
2735,2358,3613,3224,4371,6596
2735,2358,3613,7615,3008,641
2735,2358,3613,5826,4347,2776
2735,2358,3613,5278,3923,1863
2735,2358,3613,6137,5978,3473
2735,2358,3613,7499,8155,3985
2735,2358,3613,4274,913,4363
2735,2358,3613,2808,5144,8372
2735,2358,3613,656,1921,2456
2735,2358,3613,2148,3414,4864
2735,2358,3613,6358,3121,710
2735,2358,3613,9187,6219,7007
2735,2358,3613,524,8151,5327
2735,2358,3613,7298,4565,811
2735,2358,3613,6993,7562,3818
2735,2358,3613,2946,4588,3925
2735,2358,3613,2106,3311,6754
2735,2358,3613,2602,2805,9872
2735,2358,3613,6000,7277,6033
2735,2358,3613,3259,4854,9296
2735,2358,3613,5282,5852,602
2735,2358,3613,3551,6460,7197
2735,2358,3613,7878,7043,8434
2735,2358,3613,67,753,7245
2735,2358,3613,6618,6174,2700
2735,2358,3613,6716,3798,9125
2735,2358,3613,9328,5732,3456
2735,2358,3613,7401,8941,4665
2735,2358,3613,9138,1752,6316
2735,2358,3613,2190,3427,1222
2735,2358,3613,1311,14,4472
2735,2358,3613,8,7075,8898
2735,2358,3613,2591,7039,407
2735,2358,3613,6144,8871,676
2735,2358,3613,4890,3790,4859
2735,2358,3613,858,1566,6807
2735,2358,3613,5318,3586,7509
2735,2358,3613,4962,4452,7702
2735,2358,3613,8370,3963,1818
2735,2358,3613,9841,7454,5298
2735,2358,3613,7117,8819,6305
2735,2358,3613,6575,7951,2063
2735,2358,3613,576,6841,5851
2735,2358,3613,2629,4090,2412
2735,2358,3613,8290,1999,2519
2735,2358,3613,8096,7716,6381
2735,2358,3613,9691,3685,4246
2735,2358,3613,7347,6373,6776
2735,2358,3613,7099,7083,7830
2735,2358,3613,3852,2439,6994
2735,2358,3613,4474,5265,9420
2735,2358,3613,7725,9698,6557
2735,2358,3613,831,6924,9189
2735,2358,3613,7214,6193,7536
2735,2358,3613,5987,3972,9266
2735,2358,3613,9369,6148,2204
2735,2358,3613,4425,3976,2245
2735,2358,3613,620,6601,9333
2735,2358,3613,7097,2370,530
2735,2358,3613,68,876,6248
2735,2358,3613,8806,229,7430
2735,2358,3613,577,2378,6180
2735,2358,3613,4601,4072,8704
2735,2358,3613,4162,8364,3724
2735,2358,3613,2637,1410,8860
2735,2358,3613,1219,9931,7062
2735,2358,3613,4720,4092,4910
2735,2358,3613,1447,9984,5864
2735,2358,3613,762,4120,6449
2735,2358,3613,5551,5844,2566
2735,2358,3613,2200,5763,9636
2735,2358,3613,9939,2893,2345
2735,2358,3613,8479,2473,1124
2735,2358,3613,7241,1581,2083
2735,2358,3613,4155,6569,8
2735,2358,3613,197,9433,542
2735,2358,3613,9316,1714,3336
2735,2358,3613,4523,2676,5004
2735,2358,3613,1026,6628,2841
2735,2358,3613,8363,2365,7179
2735,2358,3613,2558,6715,5136
2735,2358,3613,9617,5627,2724
2735,2358,3613,8019,4248,7578
2735,2358,3613,369,220,7729
2735,2358,3613,7144,8510,6230
2735,2358,3613,3390,9422,1355
2735,2358,3613,7012,4557,7078
2735,2358,3613,4423,1353,723
2735,2358,3613,9796,2420,8601
2735,2358,3613,4819,1805,2230
2735,2358,3613,1934,9748,1751
2735,2358,3613,7682,5105,4226
2735,2358,3613,5387,9380,3759
2735,2358,3613,2731,6677,917
2735,2358,3613,5302,5742,7454
2735,2358,3613,1636,1093,7874
2735,2358,3613,9149,5590,9279
2735,2358,3613,6772,1009,1708
2735,2358,3613,412,6459,865
2735,2358,3613,102,1917,838
2735,2358,3613,1010,904,3876
2735,2358,3613,7687,5133,7441
2735,2358,3613,2358,1587,5284
2735,2358,3613,8662,1697,8956
2735,2358,3613,4251,4325,6383
2735,2358,3613,4353,3903,1419
2735,2358,3613,7264,3180,815
2735,2358,3613,2229,1681,9813
2735,2358,3613,1374,7900,8690
2735,2358,3613,8643,9062,398
2735,2358,3613,3275,3169,4093
2735,2358,3613,791,4228,229
2735,2358,3613,5116,7262,7411
2735,2358,3613,8321,4742,5116
2735,2358,3613,1110,9909,9867
2735,2358,3613,5775,2004,6334
2735,2358,3613,6995,4281,7418
2735,2358,3613,7615,9500,3273
2735,2358,3613,764,3467,3032
2735,2358,3613,9041,9386,7399
2735,2358,3613,880,368,3416
2735,2358,3613,9269,5894,9328
2735,2358,3613,8680,5116,29
2735,2358,3613,2874,2258,9896
2735,2358,3613,3795,1909,7492
2735,2358,3613,2357,1879,6989
2735,2358,3613,6918,4635,1905
2735,2358,3613,8339,4634,2678
2735,2358,3613,1610,2452,3253
2735,2358,3613,2771,8706,7428
2735,2358,3613,53,3450,4338
2735,2358,3613,6473,2315,9288
2735,2358,3613,3718,9494,7314
2735,2358,3613,6519,8962,5097
2735,2358,3613,8887,6153,1768
2735,2358,3613,3904,6696,4880
2735,2358,3613,8774,4971,7549
2735,2358,3613,7535,6731,581
2735,2358,3613,5626,3654,6376
2735,2358,3613,509,1233,8652
2735,2358,3613,4632,113,3712
2735,2358,3613,30,180,2104
2735,2358,3613,380,8666,6577
2735,2358,3613,5473,6806,9998
2735,2358,3613,2827,9326,322
2735,2358,3613,5822,9593,6022
2735,2358,3613,4076,4897,5911
2735,2358,3613,6491,5675,7715
2735,2358,3613,1903,554,6984
2735,2358,3613,6893,7566,6574
2735,2358,3613,5535,6944,3841
2735,2358,3613,7468,4,9185
2735,2358,3613,3307,5057,7245
2735,2358,3613,6780,3688,1162
2735,2358,3613,7462,7346,5355
2735,2358,3613,7548,848,970
2735,2358,3613,5109,4012,7084
2735,2358,3613,7021,8875,2205
2735,2358,3613,664,2198,9349
2735,2358,3613,2455,8398,2859
2735,2358,3613,6368,9284,4920
2735,2358,3613,2419,1027,7362
2735,2358,3613,1092,2297,6132
2735,2358,3613,284,9890,3676
2735,2358,3613,9081,9521,5271
2735,2358,3613,4443,3243,8129
2735,2358,3613,4739,2597,5539
2735,2358,3613,503,4718,3450
2735,2358,3613,6542,9463,3459
2735,2358,3613,2185,2519,1289
2735,2358,3613,2145,2651,190
2735,2358,3613,5076,9160,117
2735,2358,3613,9066,4801,5734
2735,2358,3613,8248,4020,1520
2735,2358,3613,6202,5810,8419
2735,2358,3613,468,1251,2747
2735,2358,3613,3282,282,3862
2735,2358,3613,4011,1859,2392
2735,2358,3613,744,797,5636
2735,2358,3613,7190,9123,222
2735,2358,3613,8328,3422,4151
2735,2358,3613,276,8299,4863
2735,2358,3613,9285,9512,8499
2735,2358,3613,3657,4561,402
2735,2358,3613,5407,5734,4337
2735,2358,3613,4474,8679,696
2735,2358,3613,1189,9757,9454
2735,2358,3613,4953,2726,3188
2735,2358,3613,343,7820,3756
2735,2358,3613,5718,125,4072
2735,2358,3613,7592,7276,2405
2735,2358,3613,7653,2395,7322
2735,2358,3613,4159,1689,1140
2735,2358,3613,307,5431,1691
2735,2358,3613,5703,5830,2619
2735,2358,3613,5670,9964,3518
2735,2358,3613,7899,2027,6213
2735,2358,3613,5557,1582,9584
2735,2358,3613,4846,3995,5722
2735,2358,3613,8013,7468,1868
2735,2358,3613,5615,677,1145
2735,2358,3613,654,8421,3927
2735,2358,3613,3367,3380,3849
2735,2358,3613,5118,9942,5392
2735,2358,3613,3178,4725,818
2735,2358,3613,3073,614,1687
2735,2358,3613,386,7022,4542
2735,2358,3613,9529,2390,2083
2735,2358,3613,1814,374,7328
2735,2358,3613,6396,9641,3038
2735,2358,3613,9240,8329,9967
2735,2358,3613,567,1929,4794
2735,2358,3613,6110,3647,8311
2735,2358,3613,8586,8708,5800
2735,2358,3613,9204,4616,3697
2735,2358,3613,1374,5505,2139
2735,2358,3613,1033,5998,1958
2735,2358,3613,7637,4482,1412
2735,2358,3613,7912,2567,202
2735,2358,3613,5991,9241,9830
2735,2358,3613,2892,1333,5293
2735,2358,3613,6397,9398,5635
2735,2358,3613,8652,7782,9059
2735,2358,3613,3597,9687,4633
2735,2358,3613,8661,4627,2539
2735,2358,3613,1131,7077,1528
2735,2358,3613,1477,5495,6322
2735,2358,3613,3266,1126,7318
2735,2358,3613,6522,3011,1758
2735,2358,3613,961,561,117
2735,2358,3613,351,9109,6183
2735,2358,3613,4228,6320,7857
2735,2358,3613,5715,5532,8729
2735,2358,3613,9373,3643,7655
2735,2358,3613,9565,8705,4113
2735,2358,3613,1774,4731,715
2735,2358,3613,3277,1076,4202
2735,2358,3613,2362,8092,6547
2735,2358,3613,7679,4906,7988
2735,2358,3613,5264,5053,9398
2735,2358,3613,9752,9785,2567
2735,2358,3613,2404,4676,2094
2735,2358,3613,1151,7008,2551
2735,2358,3613,7018,2048,1220
2735,2358,3613,3903,8869,6090
2735,2358,3613,192,8502,611
2735,2358,3613,6461,9335,5937
2735,2358,3613,382,2315,1564
2735,2358,3613,5546,6347,9488
2735,2358,3613,7483,4252,4555
2735,2358,3613,6632,9429,3988
2735,2358,3613,3615,7149,2542
2735,2358,3613,2145,6558,5136
2735,2358,3613,4459,6464,7679
2735,2358,3613,9896,9185,1099
2735,2358,3613,8542,8638,6302
2735,2358,3613,1871,139,6156
2735,2358,3613,1247,5482,5487
2735,2358,3613,3561,3359,9229
2735,2358,3613,3166,8073,1014
2735,2358,3613,1557,9212,6417
2735,2358,3613,9360,6138,2611
2735,2358,3613,8139,1753,3516
2735,2358,3613,4337,6578,872
2735,2358,3613,6551,7120,9016
2735,2358,3613,6183,7340,9706
2735,2358,3613,2905,1244,8059
2735,2358,3613,423,9008,1325
2735,2358,3613,794,1962,5751
2735,2358,3613,5517,4833,4732
2735,2358,3613,8102,9869,7311
2735,2358,3613,5776,6517,2715
2735,2358,3613,7089,3023,497
2735,2358,3613,6503,8090,9311
2735,2358,3613,2194,6277,3235
2735,2358,3613,9011,9776,8499
2735,2358,3613,8996,8971,1756
2735,2358,3613,4302,9949,2743
2735,2358,3613,2836,1929,8006
2735,2358,3613,9639,6698,5925
2735,2358,3613,1261,8371,8808
2735,2358,3613,5920,1217,4602
2735,2358,3613,429,6020,8902
2735,2358,3613,1744,3079,4396
2735,2358,3613,8708,807,7412
2735,2358,3613,3658,3119,8727
2735,2358,3613,4839,5866,2018
2735,2358,3613,4920,5992,5018
2735,2358,3613,5889,863,2482
2735,2358,3613,9698,6776,9402
2735,2358,3613,3483,2962,3054
2735,2358,3613,4555,9329,837
2735,2358,3613,947,5507,4790
2735,2358,3613,1739,8794,562
2735,2358,3613,9839,7935,1893
2735,2358,3613,5527,4873,3218
2735,2358,3613,5460,6160,8713
2735,2358,3613,1772,1666,8120
2735,2358,3613,4908,1568,948
2735,2358,3613,4864,1838,411
2735,2358,3613,8022,4679,5016
2735,2358,3613,4573,7355,975
2735,2358,3613,8129,1493,1588
2735,2358,3613,594,3319,4365
2735,2358,3613,4909,7251,4807
2735,2358,3613,7114,9330,3517
2735,2358,3613,9371,702,2552
2735,2358,3613,8450,6730,781
2735,2358,3613,3044,120,5982
2735,2358,3613,8420,5800,2282
2735,2358,3613,7145,4562,2644
2735,2358,3613,1467,2051,1574
2735,2358,3613,1736,5918,5261
2735,2358,3613,6097,700,364
2735,2358,3613,6268,8124,3996
2735,2358,3613,5516,6375,4250
2735,2358,3613,3540,4556,3732
2735,2358,3613,5527,3605,1400
2735,2358,3613,8139,6063,3599
2735,2358,3613,2703,8956,9615
2735,2358,3613,2899,9150,6267
2735,2358,3613,3446,2503,6287
2735,2358,3613,3457,8869,3018
2735,2358,3613,1885,3027,3454
2735,2358,3613,9909,1320,4223
2735,2358,3613,7831,4392,7471
2735,2358,3613,5048,5512,1970
2735,2358,3613,8293,3286,8947
2735,2358,3613,1732,5135,6466
2735,2358,3613,7479,3212,726
2735,2358,3613,1999,9979,8128
2735,2358,3613,5602,1684,9191
2735,2358,3613,7287,1889,3463
2735,2358,3613,1978,1845,8517
2735,2358,3613,4375,3251,1507
2735,2358,3613,8222,5534,2442
2735,2358,3613,2801,8191,2173
2735,2358,3613,8198,9296,2923
2735,2358,3613,8538,9871,4436
2735,2358,3613,6287,2909,8504
2735,2358,3613,834,6295,5790
2735,2358,3613,5472,9440,1394
2735,2358,3613,825,1000,3328
2735,2358,3613,4914,832,5511
2735,2358,3613,1212,8197,191
2735,2358,3613,239,4052,1071
2735,2358,3613,2129,2844,4494
2735,2358,3613,3888,5091,7658
2735,2358,3613,3810,4109,5140
2735,2358,3613,3655,6920,2259
2735,2358,3613,2406,1544,6270
2735,2358,3613,5453,7517,4710
2735,2358,3613,3425,8717,7391
2735,2358,3613,9646,3726,3755
2735,2358,3613,1979,9676,6422
2735,2358,3613,5289,1387,5129
2735,2358,3613,4336,2153,9251
2735,2358,3613,5857,3778,7850
2735,2358,3613,6483,263,7728
2735,2358,3613,4579,7976,212
2735,2358,3613,7022,2818,3012
2735,2358,3613,1013,4206,504
2735,2358,3613,1432,701,7510
2735,2358,3613,6497,8134,1409
2735,2358,3613,4220,2968,7371
2735,2358,3613,8444,3602,206
2735,2358,3613,8795,2633,7769
2735,2358,3613,9158,1120,4631
2735,2358,3613,1135,3224,732
2735,2358,3613,4941,5882,6421
2735,2358,3613,366,200,3771
2735,2358,3613,800,6590,7255
2735,2358,3613,9846,1634,6384
2735,2358,3613,1597,4961,7976
2735,2358,3613,645,564,3310
2735,2358,3613,8692,2154,2534
2735,2358,3613,448,7112,9732
2735,2358,3613,4345,41,3766
2735,2358,3613,9738,6057,8750
2735,2358,3613,3578,373,2611
2735,2358,3613,6182,8382,9056
2735,2358,3613,7283,5692,164
2735,2358,3613,3887,4397,3843
2735,2358,3613,915,9600,6270
2735,2358,3613,7394,1930,1986
2735,2358,3613,9947,3836,6282
2735,2358,3613,2745,793,4725
2735,2358,3613,2133,8350,6023
2735,2358,3613,3952,4157,7168
2735,2358,3613,8377,3499,1375
2735,2358,3613,1209,173,1694
2735,2358,3613,1243,3739,3086
2735,2358,3613,1361,7174,1216
2735,2358,3613,7201,7484,3165
2735,2358,3613,7457,2916,3339
2735,2358,3613,7963,7239,4651
2735,2358,3613,2018,6806,1442
2735,2358,3613,8266,2556,5221
2735,2358,3613,4513,1084,4779
