3000,3437,3079,9774,3824,9626
3000,3437,3079,9153,258,5739
3000,3437,3079,2224,2316,7063
3000,3437,3079,6131,9268,2202
3000,3437,3079,9114,2874,1698
3000,3437,3079,3478,3737,5721
3000,3437,3079,358,7697,9600
3000,3437,3079,8902,6575,728
3000,3437,3079,3975,16,2623
3000,3437,3079,8912,8665,6291
3000,3437,3079,9341,7669,2728
3000,3437,3079,9674,7129,9082
3000,3437,3079,6841,3148,1150
3000,3437,3079,3388,2282,7801
3000,3437,3079,5506,4445,9398
3000,3437,3079,8073,1832,4514
3000,3437,3079,473,341,331
3000,3437,3079,4762,7506,399
3000,3437,3079,8246,1110,4948
3000,3437,3079,3303,7393,6371
3000,3437,3079,2047,3088,6405
3000,3437,3079,8804,4485,6852
3000,3437,3079,4961,1800,603
3000,3437,3079,1866,809,2188
3000,3437,3079,9481,3131,7022
3000,3437,3079,3962,8463,3238
3000,3437,3079,7698,816,4486
3000,3437,3079,3826,5747,1762
3000,3437,3079,8541,7510,3864
3000,3437,3079,3665,9908,8968
3000,3437,3079,1300,5047,1512
3000,3437,3079,9486,1607,1258
3000,3437,3079,3735,9250,5327
3000,3437,3079,490,2518,1286
3000,3437,3079,3509,3513,2027
3000,3437,3079,9031,5881,1343
3000,3437,3079,3908,5882,9974
3000,3437,3079,242,5673,8803
3000,3437,3079,4243,3756,5187
3000,3437,3079,7483,3997,2719
3000,3437,3079,2313,4514,1164
3000,3437,3079,6307,2464,3916
3000,3437,3079,8319,4967,7178
3000,3437,3079,9783,2577,582
3000,3437,3079,4286,671,5155
3000,3437,3079,1048,525,3804
3000,3437,3079,7659,4698,476
3000,3437,3079,5795,590,1716
3000,3437,3079,7277,3801,1587
3000,3437,3079,4589,4791,3378
3000,3437,3079,998,5312,1391
3000,3437,3079,1805,7058,6973
3000,3437,3079,6172,6204,8953
3000,3437,3079,5836,3225,8304
3000,3437,3079,2043,7936,4528
3000,3437,3079,6286,7118,5952
3000,3437,3079,9357,2923,9310
3000,3437,3079,7856,7119,2976
3000,3437,3079,9492,5218,7769
3000,3437,3079,5945,6720,9743
3000,3437,3079,8253,3850,8643
3000,3437,3079,9039,257,2226
3000,3437,3079,5109,958,4094
3000,3437,3079,3820,4686,4853
3000,3437,3079,6210,5249,1127
3000,3437,3079,4191,9533,298
3000,3437,3079,4839,9052,9461
3000,3437,3079,9169,5104,3272
3000,3437,3079,597,3000,2849
3000,3437,3079,8914,3112,655
3000,3437,3079,9020,9561,2944
3000,3437,3079,6561,123,8607
3000,3437,3079,9668,122,3958
3000,3437,3079,7735,5209,87
3000,3437,3079,6339,6179,5765
3000,3437,3079,2780,2293,795
3000,3437,3079,7898,4075,3403
3000,3437,3079,6046,3975,1008
3000,3437,3079,5874,8696,6071
3000,3437,3079,8042,7515,4081
3000,3437,3079,6330,7438,1960
3000,3437,3079,7009,800,6425
3000,3437,3079,6139,4753,2137
3000,3437,3079,7195,5272,2585
3000,3437,3079,3728,8294,5464
3000,3437,3079,4559,5833,4898
3000,3437,3079,3987,2352,818
3000,3437,3079,1084,4738,2003
3000,3437,3079,4696,2119,1726
3000,3437,3079,9912,3945,3472
3000,3437,3079,3697,2846,692
3000,3437,3079,7267,7900,6601
3000,3437,3079,8470,1012,6439
3000,3437,3079,8638,7076,7618
3000,3437,3079,642,9081,5199
3000,3437,3079,1264,3849,9276
3000,3437,3079,791,726,4248
3000,3437,3079,4338,7343,952
3000,3437,3079,7672,3180,7096
3000,3437,3079,3461,6981,2641
3000,3437,3079,6145,9329,5733
3000,3437,3079,6957,5595,8218
3000,3437,3079,2218,3541,473
3000,3437,3079,3731,2839,5085
3000,3437,3079,6292,4908,1180
3000,3437,3079,5786,3292,3329
3000,3437,3079,3235,2320,8768
3000,3437,3079,5413,2258,3376
3000,3437,3079,3116,5288,8044
3000,3437,3079,8139,9110,810
3000,3437,3079,7501,2677,805
3000,3437,3079,11,3823,1524
3000,3437,3079,8513,4858,3488
3000,3437,3079,2956,4441,5527
3000,3437,3079,1373,8047,8366
3000,3437,3079,8723,9961,5192
3000,3437,3079,366,4509,6178
3000,3437,3079,1729,5016,9086
3000,3437,3079,1784,9425,3805
3000,3437,3079,1134,7067,8335
3000,3437,3079,8756,818,2701
3000,3437,3079,856,8551,2663
3000,3437,3079,5738,93,1797
3000,3437,3079,3726,7289,2579
3000,3437,3079,7181,6530,2383
3000,3437,3079,9527,1222,6359
3000,3437,3079,7462,3356,6562
3000,3437,3079,4645,2240,2382
3000,3437,3079,4135,688,1189
3000,3437,3079,3263,9061,4325
3000,3437,3079,5133,6153,1226
3000,3437,3079,3311,2883,3033
3000,3437,3079,3949,2705,7322
3000,3437,3079,8705,2026,1488
3000,3437,3079,6860,3365,2541
3000,3437,3079,7297,7601,6130
3000,3437,3079,6808,4469,8771
3000,3437,3079,9607,5906,8960
3000,3437,3079,8557,2246,2067
3000,3437,3079,2327,6425,7768
3000,3437,3079,7640,165,1722
3000,3437,3079,6419,2065,4291
3000,3437,3079,6939,4602,1799
3000,3437,3079,2080,9730,9417
3000,3437,3079,4487,7025,7981
3000,3437,3079,5717,9331,6759
3000,3437,3079,7311,3373,9374
3000,3437,3079,2240,2411,9394
3000,3437,3079,7717,6800,9544
3000,3437,3079,9331,9091,6621
3000,3437,3079,1952,6632,1978
3000,3437,3079,797,7510,3210
3000,3437,3079,9318,6530,6751
3000,3437,3079,7857,5346,1703
3000,3437,3079,9788,8218,4520
3000,3437,3079,4830,7932,6090
3000,3437,3079,4243,6239,3441
3000,3437,3079,3312,8593,8820
3000,3437,3079,8790,169,5009
3000,3437,3079,9367,5017,2712
3000,3437,3079,5041,1539,6513
3000,3437,3079,9329,6089,3401
3000,3437,3079,9339,437,2549
3000,3437,3079,5184,3832,8804
3000,3437,3079,2572,932,4918
3000,3437,3079,3470,9402,8022
3000,3437,3079,8990,9998,9174
3000,3437,3079,3705,5171,1302
3000,3437,3079,5701,331,2703
3000,3437,3079,9618,1443,6591
3000,3437,3079,2053,6715,926
3000,3437,3079,2351,7126,4598
3000,3437,3079,9668,1273,3585
3000,3437,3079,7431,8407,2089
3000,3437,3079,7260,7306,3339
3000,3437,3079,173,9037,4442
3000,3437,3079,5212,5117,9242
3000,3437,3079,2153,4908,6248
3000,3437,3079,5575,7942,4768
3000,3437,3079,2224,859,7980
3000,3437,3079,8801,9189,3098
3000,3437,3079,4853,9526,2919
3000,3437,3079,9005,5569,6611
3000,3437,3079,9559,4034,5055
3000,3437,3079,2536,2906,4932
3000,3437,3079,3440,9207,3742
3000,3437,3079,4086,5748,1797
3000,3437,3079,8280,7916,4392
3000,3437,3079,6740,1718,9998
3000,3437,3079,2299,6989,7677
3000,3437,3079,7784,5694,2709
3000,3437,3079,5836,6460,3393
3000,3437,3079,6698,7360,1254
3000,3437,3079,169,1889,4931
3000,3437,3079,3554,5756,5303
3000,3437,3079,6191,1804,8849
3000,3437,3079,3816,2619,2263
3000,3437,3079,4335,4874,8862
3000,3437,3079,8048,3670,7561
3000,3437,3079,3980,3300,7384
3000,3437,3079,4420,4865,2412
3000,3437,3079,3552,3508,4150
3000,3437,3079,2252,5769,1687
3000,3437,3079,1323,943,9936
3000,3437,3079,5289,9351,1063
3000,3437,3079,7377,1720,7765
3000,3437,3079,5760,5884,1631
3000,3437,3079,7458,4453,1013
3000,3437,3079,2989,1182,1505
3000,3437,3079,282,5315,9771
3000,3437,3079,9639,5534,7033
3000,3437,3079,6759,7680,5417
3000,3437,3079,9959,4633,3959
3000,3437,3079,5529,5178,116
3000,3437,3079,4026,9503,6451
3000,3437,3079,1879,2875,6581
3000,3437,3079,3305,5632,6938
3000,3437,3079,2036,770,6897
3000,3437,3079,5539,1284,1629
3000,3437,3079,5472,7810,5098
3000,3437,3079,1159,1336,308
3000,3437,3079,4961,3225,68
3000,3437,3079,7274,230,3495
3000,3437,3079,4109,4088,4741
3000,3437,3079,5763,2137,4640
3000,3437,3079,1258,5990,5362
3000,3437,3079,5526,8208,333
3000,3437,3079,204,8512,2145
3000,3437,3079,7152,5319,9457
3000,3437,3079,5329,6780,410
3000,3437,3079,3456,4555,4159
3000,3437,3079,9311,3847,7297
3000,3437,3079,6109,6441,8613
3000,3437,3079,4723,3953,757
3000,3437,3079,2489,6327,7705
3000,3437,3079,9929,8816,3917
3000,3437,3079,2233,868,815
3000,3437,3079,4234,5223,5364
3000,3437,3079,4947,9147,1930
3000,3437,3079,6710,5430,3758
3000,3437,3079,7510,7293,6899
3000,3437,3079,3877,6675,6255
3000,3437,3079,4483,1977,7857
3000,3437,3079,6319,6516,5894
3000,3437,3079,8573,8920,6322
3000,3437,3079,9701,4154,370
3000,3437,3079,5761,854,1865
3000,3437,3079,1904,1545,1905
3000,3437,3079,8479,3458,4161
3000,3437,3079,6122,4562,1491
3000,3437,3079,6399,3606,1534
3000,3437,3079,1043,2957,6699
3000,3437,3079,5212,7996,6078
3000,3437,3079,4869,1691,448
3000,3437,3079,3107,5866,4346
3000,3437,3079,5221,4837,4644
3000,3437,3079,6760,1122,5722
3000,3437,3079,4531,6211,698
3000,3437,3079,259,6077,9011
3000,3437,3079,8977,2555,6585
3000,3437,3079,5936,2688,2953
3000,3437,3079,2539,4400,6378
3000,3437,3079,7777,3976,7656
3000,3437,3079,3183,5215,4809
3000,3437,3079,4388,8664,1637
3000,3437,3079,4059,1490,5835
3000,3437,3079,1793,4176,9667
3000,3437,3079,3746,2970,8225
3000,3437,3079,7889,1806,3283
3000,3437,3079,9648,528,7244
3000,3437,3079,708,694,5756
3000,3437,3079,5079,3765,3008
3000,3437,3079,2440,7887,5873
3000,3437,3079,6366,4580,7692
3000,3437,3079,349,1152,3172
3000,3437,3079,9541,5466,6050
3000,3437,3079,3778,451,6415
3000,3437,3079,9184,3430,5830
3000,3437,3079,6731,1978,3388
3000,3437,3079,9160,4242,4677
3000,3437,3079,3097,8555,8717
3000,3437,3079,3217,1355,9345
3000,3437,3079,2897,4911,2889
3000,3437,3079,5746,1540,3151
3000,3437,3079,7247,1564,900
3000,3437,3079,2465,3929,7346
3000,3437,3079,4194,7892,1872
3000,3437,3079,3073,1483,9309
3000,3437,3079,4392,2732,2637
3000,3437,3079,6940,2503,1515
3000,3437,3079,7491,9433,6757
3000,3437,3079,9482,9737,363
3000,3437,3079,769,5694,90
3000,3437,3079,2514,8833,4567
3000,3437,3079,986,2768,1545
3000,3437,3079,7267,9951,2997
3000,3437,3079,4094,8760,6335
3000,3437,3079,1136,4883,4914
3000,3437,3079,3219,2651,7213
3000,3437,3079,7242,6732,105
3000,3437,3079,2597,6741,4534
3000,3437,3079,5050,4320,3939
3000,3437,3079,8860,2992,2635
3000,3437,3079,7088,4683,6358
3000,3437,3079,237,1404,189
3000,3437,3079,3116,8904,2933
3000,3437,3079,9636,1373,3328
3000,3437,3079,7983,3441,4690
3000,3437,3079,7086,5205,149
3000,3437,3079,9571,1789,9167
3000,3437,3079,9699,4795,4335
3000,3437,3079,9109,6546,3803
3000,3437,3079,5441,6321,9121
3000,3437,3079,1118,4942,1931
3000,3437,3079,7903,7552,9832
3000,3437,3079,4159,7798,6701
3000,3437,3079,7755,6926,4158
3000,3437,3079,1377,5642,7302
3000,3437,3079,9403,4138,9631
3000,3437,3079,1146,9755,7170
3000,3437,3079,3327,9004,1777
3000,3437,3079,6625,886,6501
3000,3437,3079,5869,6694,4186
3000,3437,3079,5967,6064,6666
3000,3437,3079,9259,5005,6932
3000,3437,3079,2445,447,7278
3000,3437,3079,4550,175,6785
3000,3437,3079,2780,7939,8485
3000,3437,3079,4980,2502,8263
3000,3437,3079,8679,4954,9807
3000,3437,3079,5958,8164,3559
3000,3437,3079,6439,2226,1994
3000,3437,3079,7505,2781,66
3000,3437,3079,1865,1107,9683
3000,3437,3079,7287,2137,3012
3000,3437,3079,7075,283,1855
3000,3437,3079,739,3527,5072
3000,3437,3079,1947,686,1145
3000,3437,3079,4637,7412,1973
3000,3437,3079,3754,2585,7993
3000,3437,3079,798,4842,1453
3000,3437,3079,1524,1592,6169
3000,3437,3079,8093,3430,4867
3000,3437,3079,9007,7123,3129
3000,3437,3079,192,2346,6234
3000,3437,3079,4275,8319,4894
3000,3437,3079,9556,1741,3452
3000,3437,3079,8167,6693,3098
3000,3437,3079,8482,3188,3459
3000,3437,3079,5123,6595,4861
3000,3437,3079,1434,8866,4771
3000,3437,3079,4081,1664,3963
3000,3437,3079,506,1494,4590
3000,3437,3079,7935,1433,6556
3000,3437,3079,3484,2839,1096
3000,3437,3079,1752,6064,2280
3000,3437,3079,3982,5279,9269
3000,3437,3079,882,6373,5182
3000,3437,3079,2015,7454,1902
3000,3437,3079,2076,4467,527
3000,3437,3079,7378,6905,5656
3000,3437,3079,9594,9299,3026
3000,3437,3079,1377,4570,4670
3000,3437,3079,6899,178,6312
3000,3437,3079,637,5582,5112
3000,3437,3079,9475,4387,3206
3000,3437,3079,8348,236,2454
3000,3437,3079,8503,8466,4321
3000,3437,3079,9363,1296,3103
3000,3437,3079,3892,6635,7000
3000,3437,3079,603,2099,2226
3000,3437,3079,4284,8173,7377
3000,3437,3079,9866,4886,7625
3000,3437,3079,5687,4947,7026
3000,3437,3079,6483,3838,1698
3000,3437,3079,1065,597,5772
3000,3437,3079,5028,2375,3715
3000,3437,3079,561,1836,7126
3000,3437,3079,401,8129,8391
3000,3437,3079,8527,4526,8876
3000,3437,3079,4691,7724,6842
3000,3437,3079,6495,3622,4354
3000,3437,3079,7265,1340,8742
3000,3437,3079,5158,3857,6934
3000,3437,3079,9241,7877,6445
3000,3437,3079,9741,7430,2023
3000,3437,3079,5910,6448,229
3000,3437,3079,1424,6246,5975
3000,3437,3079,9324,2782,9678
3000,3437,3079,2382,4560,9413
3000,3437,3079,2926,1218,2889
3000,3437,3079,1384,7421,4794
3000,3437,3079,4059,834,1622
3000,3437,3079,9622,8767,6285
3000,3437,3079,8513,3307,1716
3000,3437,3079,6865,1628,8318
3000,3437,3079,7824,5887,7971
3000,3437,3079,2949,1227,9085
3000,3437,3079,4414,3867,253
3000,3437,3079,2712,5305,1926
3000,3437,3079,3382,5885,827
3000,3437,3079,4923,3541,5501
3000,3437,3079,711,8969,487
3000,3437,3079,2392,9183,3157
3000,3437,3079,3988,3606,9971
3000,3437,3079,6436,6559,2628
3000,3437,3079,2069,7508,7395
3000,3437,3079,8468,7712,4556
3000,3437,3079,5613,6959,4417
3000,3437,3079,9189,3715,8067
3000,3437,3079,4165,7812,3643
3000,3437,3079,1112,4524,4258
3000,3437,3079,1525,2157,9213
3000,3437,3079,2723,5737,2040
3000,3437,3079,9099,316,3303
3000,3437,3079,5414,1875,8835
3000,3437,3079,1511,8315,3421
3000,3437,3079,9081,6146,8023
3000,3437,3079,6266,828,9570
3000,3437,3079,6809,339,4047
3000,3437,3079,4841,4910,7451
3000,3437,3079,7300,3283,8208
3000,3437,3079,3259,132,1926
3000,3437,3079,1630,8264,5516
3000,3437,3079,4344,4177,5336
3000,3437,3079,8215,169,8129
3000,3437,3079,1328,8859,2397
3000,3437,3079,2467,2030,897
3000,3437,3079,7232,8934,6327
3000,3437,3079,1484,9577,558
3000,3437,3079,3174,4462,5015
3000,3437,3079,230,9659,3745
3000,3437,3079,1055,5165,8967
3000,3437,3079,9795,3551,1799
3000,3437,3079,958,2320,8608
3000,3437,3079,8607,2036,276
3000,3437,3079,704,3123,4992
3000,3437,3079,8951,6361,4161
3000,3437,3079,5938,6184,8834
3000,3437,3079,3297,5571,8991
3000,3437,3079,8046,195,8846
3000,3437,3079,1168,2018,3383
3000,3437,3079,7039,8300,6847
3000,3437,3079,1247,8372,2432
3000,3437,3079,3796,5628,2865
3000,3437,3079,6561,3935,8969
3000,3437,3079,6192,5089,7864
3000,3437,3079,1899,6489,8904
3000,3437,3079,5301,7124,3032
3000,3437,3079,551,7831,5366
3000,3437,3079,4949,1822,6557
3000,3437,3079,1468,5370,5919
3000,3437,3079,8081,8724,1044
3000,3437,3079,1190,7499,694
3000,3437,3079,5656,7020,4799
3000,3437,3079,3637,1860,9885
3000,3437,3079,596,4131,8852
3000,3437,3079,2579,766,3216
3000,3437,3079,5444,2416,956
3000,3437,3079,4860,6197,9279
3000,3437,3079,2289,2536,2567
3000,3437,3079,3376,868,3170
3000,3437,3079,3338,757,28
3000,3437,3079,2600,7707,7562
3000,3437,3079,205,37,3174
3000,3437,3079,6854,5823,3092
3000,3437,3079,8847,7244,2619
3000,3437,3079,163,9023,4714
3000,3437,3079,5495,1513,5964
3000,3437,3079,7585,2361,3392
3000,3437,3079,9926,2330,3595
3000,3437,3079,1634,1658,1068
3000,3437,3079,6479,6685,7404
3000,3437,3079,3080,6259,8586
3000,3437,3079,4462,2602,7098
3000,3437,3079,3804,7042,4468
3000,3437,3079,8799,1087,4674
3000,3437,3079,8826,9066,966
3000,3437,3079,5038,9213,4568
3000,3437,3079,3246,3513,7161
3000,3437,3079,4443,2852,2862
3000,3437,3079,5326,2788,1740
3000,3437,3079,3552,1856,3011
3000,3437,3079,5731,2748,142
3000,3437,3079,2574,8940,1541
3000,3437,3079,6624,8193,8450
3000,3437,3079,9696,5397,9030
3000,3437,3079,4645,8221,2980
3000,3437,3079,783,8693,5379
3000,3437,3079,6708,1124,7481
3000,3437,3079,3095,7643,9486
3000,3437,3079,2369,7484,3645
3000,3437,3079,77,4483,9343
3000,3437,3079,5507,6702,7442
3000,3437,3079,7951,9349,242
3000,3437,3079,3227,4324,9731
3000,3437,3079,9350,1141,5176
3000,3437,3079,5259,405,4132
3000,3437,3079,9032,9228,9834
3000,3437,3079,3314,6959,8464
3000,3437,3079,7179,5765,735
3000,3437,3079,4311,6506,4892
3000,3437,3079,5418,308,6105
3000,3437,3079,5173,2537,556
3000,3437,3079,627,5807,2545
3000,3437,3079,5838,754,1010
3000,3437,3079,1338,6421,1529
3000,3437,3079,297,7848,6278
3000,3437,3079,8739,3182,6003
3000,3437,3079,102,2243,2574
