2945,4824,9118,5517,4833,4732
2945,4824,9118,8102,9869,7311
2945,4824,9118,5776,6517,2715
2945,4824,9118,7089,3023,497
2945,4824,9118,6503,8090,9311
2945,4824,9118,2194,6277,3235
2945,4824,9118,9011,9776,8499
2945,4824,9118,8996,8971,1756
2945,4824,9118,4302,9949,2743
2945,4824,9118,2836,1929,8006
2945,4824,9118,9639,6698,5925
2945,4824,9118,1261,8371,8808
2945,4824,9118,5920,1217,4602
2945,4824,9118,429,6020,8902
2945,4824,9118,1744,3079,4396
2945,4824,9118,8708,807,7412
2945,4824,9118,3658,3119,8727
2945,4824,9118,4839,5866,2018
2945,4824,9118,4920,5992,5018
2945,4824,9118,5889,863,2482
2945,4824,9118,9698,6776,9402
2945,4824,9118,3483,2962,3054
2945,4824,9118,4555,9329,837
2945,4824,9118,947,5507,4790
2945,4824,9118,1739,8794,562
2945,4824,9118,9839,7935,1893
2945,4824,9118,5527,4873,3218
2945,4824,9118,5460,6160,8713
2945,4824,9118,1772,1666,8120
2945,4824,9118,4908,1568,948
2945,4824,9118,4864,1838,411
2945,4824,9118,8022,4679,5016
2945,4824,9118,4573,7355,975
2945,4824,9118,8129,1493,1588
2945,4824,9118,594,3319,4365
2945,4824,9118,4909,7251,4807
2945,4824,9118,7114,9330,3517
2945,4824,9118,9371,702,2552
2945,4824,9118,8450,6730,781
2945,4824,9118,3044,120,5982
2945,4824,9118,8420,5800,2282
2945,4824,9118,7145,4562,2644
2945,4824,9118,1467,2051,1574
2945,4824,9118,1736,5918,5261
2945,4824,9118,6097,700,364
2945,4824,9118,6268,8124,3996
2945,4824,9118,5516,6375,4250
2945,4824,9118,3540,4556,3732
2945,4824,9118,5527,3605,1400
2945,4824,9118,8139,6063,3599
2945,4824,9118,2703,8956,9615
2945,4824,9118,2899,9150,6267
2945,4824,9118,3446,2503,6287
2945,4824,9118,3457,8869,3018
2945,4824,9118,1885,3027,3454
2945,4824,9118,9909,1320,4223
2945,4824,9118,7831,4392,7471
2945,4824,9118,5048,5512,1970
2945,4824,9118,8293,3286,8947
2945,4824,9118,1732,5135,6466
2945,4824,9118,7479,3212,726
2945,4824,9118,1999,9979,8128
2945,4824,9118,5602,1684,9191
2945,4824,9118,7287,1889,3463
2945,4824,9118,1978,1845,8517
2945,4824,9118,4375,3251,1507
2945,4824,9118,8222,5534,2442
2945,4824,9118,2801,8191,2173
2945,4824,9118,8198,9296,2923
2945,4824,9118,8538,9871,4436
2945,4824,9118,6287,2909,8504
2945,4824,9118,834,6295,5790
2945,4824,9118,5472,9440,1394
2945,4824,9118,825,1000,3328
2945,4824,9118,4914,832,5511
2945,4824,9118,1212,8197,191
2945,4824,9118,239,4052,1071
2945,4824,9118,2129,2844,4494
2945,4824,9118,3888,5091,7658
2945,4824,9118,3810,4109,5140
2945,4824,9118,3655,6920,2259
2945,4824,9118,2406,1544,6270
2945,4824,9118,5453,7517,4710
2945,4824,9118,3425,8717,7391
2945,4824,9118,9646,3726,3755
2945,4824,9118,1979,9676,6422
2945,4824,9118,5289,1387,5129
2945,4824,9118,4336,2153,9251
2945,4824,9118,5857,3778,7850
2945,4824,9118,6483,263,7728
2945,4824,9118,4579,7976,212
2945,4824,9118,7022,2818,3012
2945,4824,9118,1013,4206,504
2945,4824,9118,1432,701,7510
2945,4824,9118,6497,8134,1409
2945,4824,9118,4220,2968,7371
2945,4824,9118,8444,3602,206
2945,4824,9118,8795,2633,7769
2945,4824,9118,9158,1120,4631
2945,4824,9118,1135,3224,732
2945,4824,9118,4941,5882,6421
2945,4824,9118,366,200,3771
2945,4824,9118,800,6590,7255
2945,4824,9118,9846,1634,6384
2945,4824,9118,1597,4961,7976
2945,4824,9118,645,564,3310
2945,4824,9118,8692,2154,2534
2945,4824,9118,448,7112,9732
2945,4824,9118,4345,41,3766
2945,4824,9118,9738,6057,8750
2945,4824,9118,3578,373,2611
2945,4824,9118,6182,8382,9056
2945,4824,9118,7283,5692,164
2945,4824,9118,3887,4397,3843
2945,4824,9118,915,9600,6270
2945,4824,9118,7394,1930,1986
2945,4824,9118,9947,3836,6282
2945,4824,9118,2745,793,4725
2945,4824,9118,2133,8350,6023
2945,4824,9118,3952,4157,7168
2945,4824,9118,8377,3499,1375
2945,4824,9118,1209,173,1694
2945,4824,9118,1243,3739,3086
2945,4824,9118,1361,7174,1216
2945,4824,9118,7201,7484,3165
2945,4824,9118,7457,2916,3339
2945,4824,9118,7963,7239,4651
2945,4824,9118,2018,6806,1442
2945,4824,9118,8266,2556,5221
2945,4824,9118,4513,1084,4779
2945,4824,9118,7290,7430,3362
2945,4824,9118,8340,997,757
2945,4824,9118,6720,3416,9576
2945,4824,9118,5896,9302,6193
2945,4824,9118,7055,7995,749
2945,4824,9118,2552,4877,4948
2945,4824,9118,634,7030,6004
2945,4824,9118,4601,4917,1490
2945,4824,9118,5756,9167,805
2945,4824,9118,4470,6825,3516
2945,4824,9118,9880,8952,7557
2945,4824,9118,6767,3016,1432
2945,4824,9118,7521,2916,2911
2945,4824,9118,8191,1572,5693
2945,4824,9118,1114,9896,4876
2945,4824,9118,201,9924,1729
2945,4824,9118,7838,768,7257
2945,4824,9118,5912,4997,1471
2945,4824,9118,9681,6956,6007
2945,4824,9118,2701,6371,1515
2945,4824,9118,8213,7286,5662
2945,4824,9118,5871,8448,9997
2945,4824,9118,1120,4465,8668
2945,4824,9118,8406,9638,5941
2945,4824,9118,3888,7900,6990
2945,4824,9118,8496,1887,2829
2945,4824,9118,9856,5851,1908
2945,4824,9118,5702,2312,35
2945,4824,9118,2558,4629,5290
2945,4824,9118,3619,7606,6024
2945,4824,9118,2564,2097,4462
2945,4824,9118,2097,8003,7057
2945,4824,9118,8144,3873,99
2945,4824,9118,2236,359,1430
2945,4824,9118,6326,7750,7011
2945,4824,9118,2641,3023,4877
2945,4824,9118,3646,1198,2631
2945,4824,9118,1689,1113,9861
2945,4824,9118,7621,5566,3818
2945,4824,9118,4938,5685,6832
2945,4824,9118,724,7733,2232
2945,4824,9118,3473,7845,2385
2945,4824,9118,464,3046,6241
2945,4824,9118,4656,3031,2506
2945,4824,9118,1417,6432,1760
2945,4824,9118,8633,6708,3002
2945,4824,9118,1202,6335,4968
2945,4824,9118,477,4982,3057
2945,4824,9118,5947,9996,2426
2945,4824,9118,7723,6920,8580
2945,4824,9118,5569,439,4073
2945,4824,9118,3125,7466,7499
2945,4824,9118,364,7541,5699
2945,4824,9118,8986,7656,1621
2945,4824,9118,6353,2524,2365
2945,4824,9118,1059,4836,374
2945,4824,9118,9251,6392,9279
2945,4824,9118,9281,5576,2693
2945,4824,9118,8982,4899,2232
2945,4824,9118,6731,2436,9203
2945,4824,9118,9860,90,9662
2945,4824,9118,4284,5692,8854
2945,4824,9118,8133,1828,1288
2945,4824,9118,487,1582,931
2945,4824,9118,4123,958,6641
2945,4824,9118,6094,6897,2765
2945,4824,9118,780,6615,8401
2945,4824,9118,1386,2111,3399
2945,4824,9118,5535,6561,5892
2945,4824,9118,9622,6979,1878
2945,4824,9118,9579,8049,457
2945,4824,9118,46,4649,9324
2945,4824,9118,5677,9795,1553
2945,4824,9118,2123,7073,3560
2945,4824,9118,5562,3278,6403
2945,4824,9118,9417,8085,2715
2945,4824,9118,1274,244,4357
2945,4824,9118,4465,9399,4315
2945,4824,9118,8933,2966,5197
2945,4824,9118,1562,5176,3955
2945,4824,9118,7846,2144,2428
2945,4824,9118,4222,4720,6716
2945,4824,9118,9663,1898,200
2945,4824,9118,3372,9356,2167
2945,4824,9118,7362,4004,9533
2945,4824,9118,9063,7325,9434
2945,4824,9118,808,2663,3365
2945,4824,9118,4180,6089,43
2945,4824,9118,7955,3187,217
2945,4824,9118,564,9243,9946
2945,4824,9118,2334,3753,8533
2945,4824,9118,8883,6563,7782
2945,4824,9118,2363,2357,9460
2945,4824,9118,229,4233,131
2945,4824,9118,377,6852,9060
2945,4824,9118,5698,1275,2474
2945,4824,9118,1216,6952,8499
2945,4824,9118,4428,1249,7442
2945,4824,9118,7627,5627,2230
2945,4824,9118,2437,9110,687
2945,4824,9118,342,4634,839
2945,4824,9118,9308,2873,7205
2945,4824,9118,6091,9303,2096
2945,4824,9118,5645,438,7617
2945,4824,9118,4191,4216,9667
2945,4824,9118,6600,1874,1576
2945,4824,9118,2106,8838,9569
2945,4824,9118,6682,420,9176
2945,4824,9118,410,5384,417
2945,4824,9118,8582,7070,9911
2945,4824,9118,4601,3309,4253
2945,4824,9118,2615,9363,3218
2945,4824,9118,5145,5727,7837
2945,4824,9118,1598,6219,9819
2945,4824,9118,7209,5701,6334
2945,4824,9118,2249,7552,6024
2945,4824,9118,2225,9040,6772
2945,4824,9118,3289,2005,5467
2945,4824,9118,8424,6196,7745
2945,4824,9118,1273,10000,9748
2945,4824,9118,3667,8698,7410
2945,4824,9118,3805,5332,8546
2945,4824,9118,940,4961,9382
2945,4824,9118,3522,2103,8588
2945,4824,9118,667,7244,1989
2945,4824,9118,6592,6965,3195
2945,4824,9118,8634,7764,1563
2945,4824,9118,5773,632,4753
2945,4824,9118,7014,4159,5880
2945,4824,9118,6740,3655,6426
2945,4824,9118,8994,7121,7181
2945,4824,9118,121,2710,9888
2945,4824,9118,9946,9524,3123
2945,4824,9118,9660,4311,6340
2945,4824,9118,8244,8412,5164
2945,4824,9118,1581,4562,6435
2945,4824,9118,5136,153,547
2945,4824,9118,55,5513,7765
2945,4824,9118,2335,779,9852
2945,4824,9118,7602,3778,5327
2945,4824,9118,1763,3024,7076
2945,4824,9118,3025,9488,8341
2945,4824,9118,3694,2463,7365
2945,4824,9118,9000,4369,2200
2945,4824,9118,6514,6005,2495
2945,4824,9118,5844,1256,3110
2945,4824,9118,743,6455,7447
2945,4824,9118,5007,496,8402
2945,4824,9118,6339,966,2685
2945,4824,9118,7971,8346,2045
2945,4824,9118,1193,2954,9928
2945,4824,9118,8409,6428,6866
2945,4824,9118,9093,715,6305
2945,4824,9118,5645,6096,1854
2945,4824,9118,9272,6620,8123
2945,4824,9118,3110,6022,2777
2945,4824,9118,2919,7354,4348
2945,4824,9118,3300,9382,6363
2945,4824,9118,474,6081,3787
2945,4824,9118,9476,3621,7292
2945,4824,9118,1259,7427,1836
2945,4824,9118,6707,7026,8812
2945,4824,9118,6028,297,4813
2945,4824,9118,564,9108,7453
2945,4824,9118,6619,6166,7871
2945,4824,9118,7601,3825,6410
2945,4824,9118,3051,4185,6615
2945,4824,9118,1179,1496,4701
2945,4824,9118,5490,7115,3495
2945,4824,9118,3358,6313,882
2945,4824,9118,5253,6337,9949
2945,4824,9118,3570,4686,4217
2945,4824,9118,1824,2117,7099
2945,4824,9118,3365,2302,1388
2945,4824,9118,3554,5363,2812
2945,4824,9118,2119,4587,1559
2945,4824,9118,8887,3363,3835
2945,4824,9118,2446,3417,7881
2945,4824,9118,7041,8736,8569
2945,4824,9118,7166,7727,3672
2945,4824,9118,2541,4609,1136
2945,4824,9118,4327,717,7996
2945,4824,9118,5308,1568,4374
2945,4824,9118,5750,932,900
2945,4824,9118,7581,8076,2325
2945,4824,9118,7928,8974,9474
2945,4824,9118,7213,127,9989
2945,4824,9118,3833,5253,5775
2945,4824,9118,5994,6203,9811
2945,4824,9118,4105,1991,6062
2945,4824,9118,8886,2543,3115
2945,4824,9118,7706,1613,4854
2945,4824,9118,8014,3343,6945
2945,4824,9118,9299,6265,1429
2945,4824,9118,3260,2057,174
2945,4824,9118,3891,8359,5567
2945,4824,9118,4176,12,3083
2945,4824,9118,7258,4939,6314
2945,4824,9118,6239,6387,6282
2945,4824,9118,6197,553,4010
2945,4824,9118,6434,5103,835
2945,4824,9118,2386,917,8750
2945,4824,9118,484,556,8326
2945,4824,9118,8281,7677,2912
2945,4824,9118,7714,7213,6400
2945,4824,9118,3617,1107,3091
2945,4824,9118,5190,7722,9773
2945,4824,9118,3160,5295,6844
2945,4824,9118,9514,4874,4377
2945,4824,9118,4929,5075,9312
2945,4824,9118,8122,2120,1131
2945,4824,9118,5044,6888,8171
2945,4824,9118,2459,5166,3574
2945,4824,9118,946,4924,5063
2945,4824,9118,600,428,278
2945,4824,9118,9641,1755,2916
2945,4824,9118,9120,4199,142
2945,4824,9118,3486,5877,6284
2945,4824,9118,720,451,7485
2945,4824,9118,8611,9485,35
2945,4824,9118,3084,9332,8636
2945,4824,9118,8614,3822,7598
2945,4824,9118,6572,3016,8723
2945,4824,9118,1893,2780,5694
2945,4824,9118,56,3822,368
2945,4824,9118,896,1800,5617
2945,4824,9118,7365,3462,2033
2945,4824,9118,3231,4504,7531
2945,4824,9118,9643,1993,7774
2945,4824,9118,3398,6988,4277
2945,4824,9118,3746,6595,8529
2945,4824,9118,7558,7211,6440
2945,4824,9118,6321,3602,157
2945,4824,9118,9238,6389,1022
2945,4824,9118,648,1846,6912
2945,4824,9118,5379,9207,8089
2945,4824,9118,494,1942,2560
2945,4824,9118,4775,3910,6223
2945,4824,9118,7641,5977,8991
2945,4824,9118,9529,5184,9860
2945,4824,9118,7632,8978,4530
2945,4824,9118,5621,7279,491
2945,4824,9118,6199,3058,5543
2945,4824,9118,1747,810,6082
2945,4824,9118,9301,4148,6115
2945,4824,9118,5427,6602,9201
2945,4824,9118,9311,2714,8038
2945,4824,9118,3510,1492,3548
2945,4824,9118,1948,3057,5651
2945,4824,9118,8928,564,207
2945,4824,9118,9157,6343,5025
2945,4824,9118,3869,7283,7442
2945,4824,9118,6276,1181,4609
2945,4824,9118,7780,1217,740
2945,4824,9118,2043,4013,3837
2945,4824,9118,8932,6463,8632
2945,4824,9118,3821,8224,1474
2945,4824,9118,878,9067,1598
2945,4824,9118,7507,5801,1325
2945,4824,9118,1681,2074,2949
2945,4824,9118,5316,9124,7216
2945,4824,9118,1721,6333,3619
2945,4824,9118,516,2956,7074
2945,4824,9118,9838,8654,5963
2945,4824,9118,4469,651,940
2945,4824,9118,1064,9927,7297
2945,4824,9118,1516,2982,3495
2945,4824,9118,3433,5488,4603
2945,4824,9118,2405,531,1272
2945,4824,9118,1721,4109,5787
2945,4824,9118,7476,8845,3987
2945,4824,9118,7367,1524,5931
2945,4824,9118,8359,6580,9303
2945,4824,9118,7429,6183,5161
2945,4824,9118,241,4208,2286
2945,4824,9118,1233,2068,3585
2945,4824,9118,567,4310,4847
2945,4824,9118,6995,4460,3140
2945,4824,9118,1380,9373,865
2945,4824,9118,5810,9766,7675
2945,4824,9118,5320,5032,8627
2945,4824,9118,746,7777,8637
2945,4824,9118,4564,1994,472
2945,4824,9118,9930,8415,6377
2945,4824,9118,6602,4362,7381
2945,4824,9118,237,411,2656
2945,4824,9118,6870,2591,8067
2945,4824,9118,3590,2108,9307
2945,4824,9118,3337,8784,274
2945,4824,9118,794,3565,3562
2945,4824,9118,8725,6886,2768
2945,4824,9118,1170,2531,9129
2945,4824,9118,7834,8237,4004
2945,4824,9118,5049,5169,924
2945,4824,9118,2603,2124,477
2945,4824,9118,3389,662,1630
2945,4824,9118,3200,9969,3250
2945,4824,9118,2048,5269,664
2945,4824,9118,3935,5742,829
2945,4824,9118,2988,7946,6922
2945,4824,9118,6026,4192,6238
2945,4824,9118,4838,2967,1042
2945,4824,9118,1927,1112,210
2945,4824,9118,2150,1298,5278
2945,4824,9118,516,7434,3573
2945,4824,9118,7842,6478,5281
2945,4824,9118,2442,6786,5429
2945,4824,9118,1070,56,9532
2945,4824,9118,1624,4219,8134
2945,4824,9118,1832,6059,6296
2945,4824,9118,7214,8607,4956
2945,4824,9118,301,7354,9027
2945,4824,9118,3269,3030,4547
2945,4824,9118,7643,3683,3108
2945,4824,9118,1633,6476,6722
2945,4824,9118,1638,1645,4415
2945,4824,9118,1531,6843,3471
2945,4824,9118,6111,782,4873
2945,4824,9118,2049,7740,3963
2945,4824,9118,989,1032,7413
2945,4824,9118,7932,9971,3033
2945,4824,9118,125,5119,5570
2945,4824,9118,9049,6666,9784
2945,4824,9118,5261,4148,9033
2945,4824,9118,2232,4281,2989
2945,4824,9118,3917,8898,7038
2945,4824,9118,6279,9408,9433
2945,4824,9118,219,1150,835
2945,4824,9118,8254,1107,7605
2945,4824,9118,5928,2108,1485
2945,4824,9118,8133,982,3171
2945,4824,9118,5825,2891,7541
2945,4824,9118,9811,357,233
2945,4824,9118,1070,9365,5911
2945,4824,9118,5006,3357,3633
2945,4824,9118,9969,4693,1671
2945,4824,9118,2073,4306,9415
2945,4824,9118,2077,576,1137
2945,4824,9118,8172,968,7106
2945,4824,9118,8950,5541,340
2945,4824,9118,560,7486,2547
2945,4824,9118,3694,1383,4564
2945,4824,9118,6668,6546,5872
2945,4824,9118,4448,3483,7645
2945,4824,9118,8751,650,6023
2945,4824,9118,5079,252,4202
2945,4824,9118,9112,3251,3202
2945,4824,9118,1824,620,6182
2945,4824,9118,6411,8298,8767
2945,4824,9118,8730,2978,4059
2945,4824,9118,7122,3185,5814
2945,4824,9118,2529,3029,5561
2945,4824,9118,9239,7909,8566
2945,4824,9118,7761,2021,2490
2945,4824,9118,7497,4445,7478
2945,4824,9118,9244,5070,7602
2945,4824,9118,8703,370,954
2945,4824,9118,3860,2170,5851
2945,4824,9118,1822,8548,3638
2945,4824,9118,5632,730,1111
2945,4824,9118,2051,6591,2584
2945,4824,9118,6287,8957,651
2945,4824,9118,3024,9129,2759
2945,4824,9118,323,4980,5033
2945,4824,9118,6328,8737,7465
2945,4824,9118,2924,6870,77
2945,4824,9118,7248,4192,1113
2945,4824,9118,5813,8367,868
2945,4824,9118,5495,4291,7363
2945,4824,9118,5712,5589,2462
2945,4824,9118,9371,2245,9018
2945,4824,9118,5463,6360,5459
2945,4824,9118,3606,563,7161
2945,4824,9118,4001,595,5310
2945,4824,9118,113,115,3467
2945,4824,9118,8796,7813,7564
2945,4824,9118,8488,7373,149
2945,4824,9118,5772,2314,8219
2945,4824,9118,9465,6682,2253
2945,4824,9118,2546,118,1724
