3962,2413,4929,9661,977,2165
3962,2413,4929,9356,3119,6852
3962,2413,4929,3126,829,3946
3962,2413,4929,4163,2125,5364
3962,2413,4929,4722,3482,4377
3962,2413,4929,5317,1150,9754
3962,2413,4929,5771,7414,5647
3962,2413,4929,7522,49,6321
3962,2413,4929,1193,3934,7154
3962,2413,4929,4316,3812,6687
3962,2413,4929,6501,5456,3534
3962,2413,4929,6356,792,3041
3962,2413,4929,9629,9378,4125
3962,2413,4929,6485,3402,4673
3962,2413,4929,9121,1476,5988
3962,2413,4929,5342,5318,5380
3962,2413,4929,5250,5944,2230
3962,2413,4929,4701,8622,2428
3962,2413,4929,9378,3843,353
3962,2413,4929,5960,1130,2276
3962,2413,4929,2947,5101,7732
3962,2413,4929,4343,2263,2570
3962,2413,4929,5477,5669,147
3962,2413,4929,3410,8518,6061
3962,2413,4929,8437,3898,7488
3962,2413,4929,3204,6790,1956
3962,2413,4929,3321,8700,5183
3962,2413,4929,2558,4416,339
3962,2413,4929,1419,2709,721
3962,2413,4929,855,6479,1657
3962,2413,4929,261,168,7504
3962,2413,4929,1037,9251,5180
3962,2413,4929,374,8243,8679
3962,2413,4929,8369,8083,4445
3962,2413,4929,3922,1647,3168
3962,2413,4929,8292,99,5799
3962,2413,4929,5216,5843,9087
3962,2413,4929,1249,6820,5871
3962,2413,4929,5522,5617,3603
3962,2413,4929,7338,1952,343
3962,2413,4929,8235,1262,3260
3962,2413,4929,3587,1715,602
3962,2413,4929,1913,4806,2852
3962,2413,4929,3863,9473,4118
3962,2413,4929,4717,3346,5719
3962,2413,4929,8728,6179,3397
3962,2413,4929,3830,183,2424
3962,2413,4929,6767,2899,2817
3962,2413,4929,7393,5693,147
3962,2413,4929,4727,6622,174
3962,2413,4929,1555,2836,4848
3962,2413,4929,3398,298,88
3962,2413,4929,3181,3534,3995
3962,2413,4929,3746,745,9910
3962,2413,4929,8611,2934,240
3962,2413,4929,7239,8226,8988
3962,2413,4929,7287,469,2560
3962,2413,4929,7709,6094,5132
3962,2413,4929,1470,2148,2685
3962,2413,4929,6300,3876,4597
3962,2413,4929,9964,4277,2934
3962,2413,4929,815,9246,7735
3962,2413,4929,8974,595,7892
3962,2413,4929,5689,6368,5536
3962,2413,4929,4390,4898,8142
3962,2413,4929,8983,8108,3413
3962,2413,4929,2764,3658,9325
3962,2413,4929,6231,4279,5739
3962,2413,4929,1952,1903,4232
3962,2413,4929,162,446,209
3962,2413,4929,6301,4653,5998
3962,2413,4929,6171,9892,6090
3962,2413,4929,4792,8309,3759
3962,2413,4929,1798,1318,7947
3962,2413,4929,7308,5684,5475
3962,2413,4929,1044,7103,6224
3962,2413,4929,7762,3935,382
3962,2413,4929,1577,9396,238
3962,2413,4929,4097,4405,4287
3962,2413,4929,1073,5710,2471
3962,2413,4929,1738,2195,4609
3962,2413,4929,8831,4451,8622
3962,2413,4929,6931,3125,3341
3962,2413,4929,5415,8602,1854
3962,2413,4929,2217,3313,7665
3962,2413,4929,2832,3206,7703
3962,2413,4929,2048,9995,2847
3962,2413,4929,7075,9301,3756
3962,2413,4929,8948,3732,6261
3962,2413,4929,5261,702,9731
3962,2413,4929,585,8601,9876
3962,2413,4929,5066,8457,241
3962,2413,4929,4480,128,1818
3962,2413,4929,9650,5524,9238
3962,2413,4929,1424,3560,2792
3962,2413,4929,7194,7820,6022
3962,2413,4929,5276,1331,4444
3962,2413,4929,8498,1306,516
3962,2413,4929,9176,3738,9799
3962,2413,4929,3931,9332,3274
3962,2413,4929,6959,9602,7004
3962,2413,4929,4829,5934,9213
3962,2413,4929,6476,4568,3139
3962,2413,4929,2629,1887,4588
3962,2413,4929,4787,2346,4429
3962,2413,4929,1907,192,4511
3962,2413,4929,8250,8488,5877
3962,2413,4929,4315,4268,3760
3962,2413,4929,2052,9747,4691
3962,2413,4929,6335,2216,6864
3962,2413,4929,4971,714,9864
3962,2413,4929,9142,5009,4311
3962,2413,4929,7237,388,2997
3962,2413,4929,2596,3612,4062
3962,2413,4929,7204,5145,7994
3962,2413,4929,116,6600,5865
3962,2413,4929,8986,4584,3240
3962,2413,4929,8907,6376,318
3962,2413,4929,6945,9747,3236
3962,2413,4929,5547,7837,3818
3962,2413,4929,3555,6445,3717
3962,2413,4929,3293,5345,2280
3962,2413,4929,7545,1316,6236
3962,2413,4929,1262,4247,669
3962,2413,4929,8757,4535,7190
3962,2413,4929,4738,5165,5981
3962,2413,4929,9848,4550,644
3962,2413,4929,7177,1152,6738
3962,2413,4929,1156,5260,2180
3962,2413,4929,1618,4131,3146
3962,2413,4929,2256,6668,30
3962,2413,4929,4229,9173,7132
3962,2413,4929,1349,9293,7663
3962,2413,4929,881,9918,4726
3962,2413,4929,6913,3527,6565
3962,2413,4929,2736,6556,7913
3962,2413,4929,9601,4613,8140
3962,2413,4929,7625,4798,8756
3962,2413,4929,8137,9631,5537
3962,2413,4929,1281,2885,5083
3962,2413,4929,5102,3426,2454
3962,2413,4929,5294,2276,6792
3962,2413,4929,7315,7971,1605
3962,2413,4929,6779,9366,6901
3962,2413,4929,9314,8533,1877
3962,2413,4929,1541,8783,6257
3962,2413,4929,2528,8285,4402
3962,2413,4929,2888,855,9002
3962,2413,4929,4265,9622,9471
3962,2413,4929,2747,5920,2030
3962,2413,4929,7868,4730,3340
3962,2413,4929,8519,9687,2017
3962,2413,4929,814,7023,6676
3962,2413,4929,9849,8518,6528
3962,2413,4929,2518,7786,6596
3962,2413,4929,6292,3259,3861
3962,2413,4929,2533,8614,7573
3962,2413,4929,7769,1823,5826
3962,2413,4929,8546,3408,4290
3962,2413,4929,5857,6501,2033
3962,2413,4929,932,8786,4908
3962,2413,4929,4919,8048,8100
3962,2413,4929,1920,1561,3144
3962,2413,4929,6273,9819,7677
3962,2413,4929,2623,9968,5986
3962,2413,4929,841,5502,3032
3962,2413,4929,7519,4866,5081
3962,2413,4929,9115,2914,4511
3962,2413,4929,3633,5704,9678
3962,2413,4929,2228,2039,7836
3962,2413,4929,4456,8617,9114
3962,2413,4929,1113,6523,7187
3962,2413,4929,2189,1132,9899
3962,2413,4929,5336,8296,7193
3962,2413,4929,2735,7616,8724
3962,2413,4929,6099,6704,8256
3962,2413,4929,433,360,3268
3962,2413,4929,861,9456,2951
3962,2413,4929,5100,8891,8321
3962,2413,4929,8316,2527,1927
3962,2413,4929,308,1101,8302
3962,2413,4929,6066,2993,2701
3962,2413,4929,2586,8064,8286
3962,2413,4929,1853,3244,5020
3962,2413,4929,7614,1725,4183
3962,2413,4929,2734,6712,8255
3962,2413,4929,7277,7772,1038
3962,2413,4929,5395,5462,6837
3962,2413,4929,7531,8150,5238
3962,2413,4929,3603,4218,1610
3962,2413,4929,712,656,1476
3962,2413,4929,2719,3781,5257
3962,2413,4929,9997,924,2393
3962,2413,4929,4483,7543,7676
3962,2413,4929,8062,4831,1917
3962,2413,4929,89,6460,6455
3962,2413,4929,2028,29,1663
3962,2413,4929,8989,5466,7926
3962,2413,4929,5977,8852,1797
3962,2413,4929,9816,7528,3978
3962,2413,4929,1333,6577,3085
3962,2413,4929,3134,2439,11
3962,2413,4929,5430,5334,829
3962,2413,4929,9143,3594,5280
3962,2413,4929,584,249,277
3962,2413,4929,1725,9215,3548
3962,2413,4929,7195,1289,4323
3962,2413,4929,9746,4780,1418
3962,2413,4929,7243,8121,6405
3962,2413,4929,8951,284,3385
3962,2413,4929,980,3747,460
3962,2413,4929,5116,5097,1268
3962,2413,4929,869,7200,3002
3962,2413,4929,8253,3316,7054
3962,2413,4929,566,6766,713
3962,2413,4929,1973,5848,6443
3962,2413,4929,4473,9243,9063
3962,2413,4929,753,2529,1134
3962,2413,4929,2642,4629,4547
3962,2413,4929,3,9406,1086
3962,2413,4929,8802,1645,7185
3962,2413,4929,5355,3167,451
3962,2413,4929,9933,90,8932
3962,2413,4929,9835,1639,1286
3962,2413,4929,4008,8655,7496
3962,2413,4929,7914,3895,6453
3962,2413,4929,6726,6010,9946
3962,2413,4929,179,7556,97
3962,2413,4929,5685,1193,9662
3962,2413,4929,3387,457,1447
3962,2413,4929,904,5262,9857
3962,2413,4929,5370,8316,3289
3962,2413,4929,9845,7471,5716
3962,2413,4929,5624,8615,7920
3962,2413,4929,7209,2035,9560
3962,2413,4929,1223,6294,7168
3962,2413,4929,474,6850,5063
3962,2413,4929,3554,8345,8078
3962,2413,4929,5027,8060,3688
3962,2413,4929,4263,6476,5175
3962,2413,4929,3147,8586,4649
3962,2413,4929,8075,9972,956
3962,2413,4929,4144,8987,8136
3962,2413,4929,215,1113,8359
3962,2413,4929,7744,6322,5105
3962,2413,4929,1688,6959,2983
3962,2413,4929,9220,9158,1458
3962,2413,4929,6027,3941,4198
3962,2413,4929,8223,9501,6601
3962,2413,4929,2539,9209,7866
3962,2413,4929,9256,259,3526
3962,2413,4929,3202,8418,9318
3962,2413,4929,6918,5212,6043
3962,2413,4929,3083,4531,7139
3962,2413,4929,7303,6493,1937
3962,2413,4929,5742,2343,8051
3962,2413,4929,1358,9913,4479
3962,2413,4929,8436,4088,4299
3962,2413,4929,2047,9325,4077
3962,2413,4929,4549,4523,5715
3962,2413,4929,1966,9101,9838
3962,2413,4929,7374,4202,7276
3962,2413,4929,3665,675,7786
3962,2413,4929,2524,10000,8960
3962,2413,4929,5263,1064,2649
3962,2413,4929,3417,770,3133
3962,2413,4929,2826,9562,1690
3962,2413,4929,9876,2703,1742
3962,2413,4929,888,330,3784
3962,2413,4929,167,814,8850
3962,2413,4929,5159,341,4961
3962,2413,4929,1710,2716,76
3962,2413,4929,3433,4534,4935
3962,2413,4929,9105,7772,3505
3962,2413,4929,2308,4192,6056
3962,2413,4929,7208,5916,8492
3962,2413,4929,6353,7289,3754
3962,2413,4929,9867,7119,214
3962,2413,4929,5616,7879,4780
3962,2413,4929,3973,1167,8699
3962,2413,4929,3230,8392,5799
3962,2413,4929,6869,6605,5868
3962,2413,4929,7183,5212,8536
3962,2413,4929,5920,8911,434
3962,2413,4929,2244,7393,9661
3962,2413,4929,5966,9009,1288
3962,2413,4929,8935,9908,1793
3962,2413,4929,2787,8726,5828
3962,2413,4929,2342,790,8825
3962,2413,4929,9053,7663,6847
3962,2413,4929,9800,2441,8483
3962,2413,4929,5208,1964,3892
3962,2413,4929,8314,1078,939
3962,2413,4929,660,7239,9916
3962,2413,4929,3522,608,9527
3962,2413,4929,5908,1919,6057
3962,2413,4929,6972,5709,8891
3962,2413,4929,2709,1007,2353
3962,2413,4929,9535,3643,6200
3962,2413,4929,4801,3265,4148
3962,2413,4929,7226,5650,5827
3962,2413,4929,4128,7100,8063
3962,2413,4929,9901,2657,962
3962,2413,4929,9348,7770,6858
3962,2413,4929,5245,8932,5596
3962,2413,4929,8512,3436,9519
3962,2413,4929,6055,7319,8585
3962,2413,4929,6900,6840,8113
3962,2413,4929,4886,4049,3587
3962,2413,4929,7317,6670,3683
3962,2413,4929,2434,521,6140
3962,2413,4929,2432,4540,3132
3962,2413,4929,3463,8592,663
3962,2413,4929,7349,1403,6879
3962,2413,4929,6681,1634,5264
3962,2413,4929,7323,2893,1828
3962,2413,4929,4664,7602,3839
3962,2413,4929,5138,9720,6414
3962,2413,4929,4462,2589,9084
3962,2413,4929,8536,3533,6619
3962,2413,4929,5931,8999,2006
3962,2413,4929,2036,1644,7579
3962,2413,4929,8869,6353,8347
3962,2413,4929,2451,3993,5911
3962,2413,4929,4603,4440,5903
3962,2413,4929,9898,7660,9779
3962,2413,4929,6848,5865,3788
3962,2413,4929,5321,8547,3131
3962,2413,4929,8828,5354,9495
3962,2413,4929,9824,6817,1663
3962,2413,4929,3306,7103,2903
3962,2413,4929,8410,7980,6414
3962,2413,4929,1037,2721,5203
3962,2413,4929,9497,5249,1304
3962,2413,4929,4851,4489,1246
3962,2413,4929,1078,2172,2604
3962,2413,4929,404,9183,7813
3962,2413,4929,6182,2042,94
3962,2413,4929,2967,6467,1933
3962,2413,4929,4695,9411,9781
3962,2413,4929,35,953,7756
3962,2413,4929,5284,8010,2658
3962,2413,4929,9371,4797,8351
3962,2413,4929,1251,4520,2423
3962,2413,4929,938,5513,5153
3962,2413,4929,5637,3402,2488
3962,2413,4929,3499,4607,7115
3962,2413,4929,1616,8278,9881
3962,2413,4929,1853,5857,7789
3962,2413,4929,3246,7209,5712
3962,2413,4929,5926,2514,5605
3962,2413,4929,8199,836,8054
3962,2413,4929,6778,7215,3447
3962,2413,4929,630,6144,6305
3962,2413,4929,8654,2729,9002
3962,2413,4929,6580,2766,1517
3962,2413,4929,3209,3792,9381
3962,2413,4929,4242,4693,8378
3962,2413,4929,4569,3145,8079
3962,2413,4929,5539,5617,8903
3962,2413,4929,9488,1696,993
3962,2413,4929,9087,7703,7025
3962,2413,4929,8474,4008,7534
3962,2413,4929,4645,6102,6933
3962,2413,4929,3863,2046,7573
3962,2413,4929,2026,556,2450
3962,2413,4929,4619,9505,1780
3962,2413,4929,1300,9104,9335
3962,2413,4929,3366,1912,837
3962,2413,4929,2545,6860,5157
3962,2413,4929,8594,6503,8094
3962,2413,4929,8981,9305,8592
3962,2413,4929,9543,8239,8903
3962,2413,4929,3319,7158,8121
3962,2413,4929,2315,5632,1338
3962,2413,4929,3199,435,1826
3962,2413,4929,1485,5818,3553
3962,2413,4929,7377,8186,5447
3962,2413,4929,8569,3083,9559
3962,2413,4929,2282,9075,724
3962,2413,4929,8693,6915,7626
3962,2413,4929,3303,5190,8976
3962,2413,4929,125,6325,238
3962,2413,4929,6030,8767,5224
3962,2413,4929,623,3770,1468
3962,2413,4929,9603,7755,3861
3962,2413,4929,3316,3201,6842
3962,2413,4929,8800,1730,8468
3962,2413,4929,511,7010,8445
3962,2413,4929,6071,377,6178
3962,2413,4929,3082,9087,3438
3962,2413,4929,8226,4643,2128
3962,2413,4929,9605,9501,3197
3962,2413,4929,2948,4519,5772
3962,2413,4929,8852,4041,1059
3962,2413,4929,7424,7638,5394
3962,2413,4929,6843,6722,4259
3962,2413,4929,3601,5014,2772
3962,2413,4929,5344,6697,3771
3962,2413,4929,5891,9766,9234
3962,2413,4929,361,2155,41
3962,2413,4929,3790,9552,6805
3962,2413,4929,6742,6848,9803
3962,2413,4929,2821,4246,5585
3962,2413,4929,523,2676,9093
3962,2413,4929,9285,6831,6664
3962,2413,4929,1217,6797,3227
3962,2413,4929,8819,94,9892
3962,2413,4929,2579,7833,2639
3962,2413,4929,5875,6651,718
3962,2413,4929,4380,8,1487
3962,2413,4929,2733,2019,6291
3962,2413,4929,8474,1387,5820
3962,2413,4929,8070,6943,2979
3962,2413,4929,5358,7757,5351
3962,2413,4929,681,5384,6753
3962,2413,4929,9135,7554,3069
3962,2413,4929,4498,3625,1816
3962,2413,4929,5479,7478,4320
3962,2413,4929,7402,4608,1046
3962,2413,4929,1580,9940,3636
3962,2413,4929,4545,6519,6238
3962,2413,4929,8303,4247,5708
3962,2413,4929,3122,6270,1064
3962,2413,4929,5995,8747,7409
3962,2413,4929,5861,560,3565
3962,2413,4929,6450,8025,5545
3962,2413,4929,6401,1669,9809
3962,2413,4929,9499,4993,2333
3962,2413,4929,2117,6084,2745
3962,2413,4929,4101,9787,8249
3962,2413,4929,4813,8682,8780
3962,2413,4929,3968,9823,1985
3962,2413,4929,7762,286,6911
3962,2413,4929,5222,2242,5876
3962,2413,4929,4503,5202,7718
3962,2413,4929,4335,3833,3099
3962,2413,4929,7709,6226,8628
3962,2413,4929,1115,153,3182
3962,2413,4929,1681,7188,5658
3962,2413,4929,7411,4516,3298
3962,2413,4929,3097,435,4179
3962,2413,4929,7127,8021,2654
3962,2413,4929,1160,8761,1672
3962,2413,4929,5233,2344,6240
3962,2413,4929,9530,7349,8111
3962,2413,4929,8684,6294,660
3962,2413,4929,7372,1561,3396
3962,2413,4929,1779,3761,5656
3962,2413,4929,6497,7914,5178
3962,2413,4929,3242,1230,7005
3962,2413,4929,4200,6650,3305
3962,2413,4929,8455,2996,8596
3962,2413,4929,1872,2975,1313
3962,2413,4929,8589,1015,2107
3962,2413,4929,260,8799,4240
3962,2413,4929,4832,5634,7448
3962,2413,4929,8233,2425,9106
3962,2413,4929,8132,9061,8075
3962,2413,4929,6166,6459,6829
3962,2413,4929,3492,7026,9244
3962,2413,4929,4529,2288,6409
3962,2413,4929,1587,5581,5988
3962,2413,4929,1580,1235,4136
3962,2413,4929,5628,9502,3096
3962,2413,4929,7942,4389,7539
3962,2413,4929,9353,362,7848
3962,2413,4929,2757,3187,507
3962,2413,4929,5063,3334,1424
3962,2413,4929,3328,3798,5707
3962,2413,4929,2154,4830,5562
3962,2413,4929,8001,3383,6702
3962,2413,4929,7489,3732,8534
3962,2413,4929,5675,9295,2139
3962,2413,4929,6326,798,9485
3962,2413,4929,7190,2333,8565
3962,2413,4929,2487,7810,3290
3962,2413,4929,4282,6375,4430
3962,2413,4929,8668,1881,5485
3962,2413,4929,4014,2404,2255
3962,2413,4929,657,8187,7597
3962,2413,4929,5967,4333,396
3962,2413,4929,5584,5766,1193
3962,2413,4929,8408,2709,9910
3962,2413,4929,5127,5999,1119
3962,2413,4929,8097,7706,1336
3962,2413,4929,4017,3413,8962
3962,2413,4929,4699,7685,540
3962,2413,4929,1821,9044,2784
3962,2413,4929,1701,3421,7255
3962,2413,4929,7716,4829,2001
3962,2413,4929,3548,5318,9843
3962,2413,4929,2317,857,9989
3962,2413,4929,2597,5973,5472
3962,2413,4929,5510,3832,3469
3962,2413,4929,7850,5740,3266
3962,2413,4929,5463,8324,3501
3962,2413,4929,9191,8616,4243
3962,2413,4929,9252,7232,1311
3962,2413,4929,2698,1851,7525
3962,2413,4929,1294,1891,4026
3962,2413,4929,4058,9194,5226
3962,2413,4929,2466,768,4456
3962,2413,4929,6657,3105,3569
3962,2413,4929,704,1363,3388
3962,2413,4929,6357,6538,8803
3962,2413,4929,6959,6463,6967
3962,2413,4929,577,4582,7090
3962,2413,4929,8499,7671,4180
3962,2413,4929,2850,2497,8306
