6925,2183,8669,2462,6426,1811
6925,2183,8669,3595,8599,6634
6925,2183,8669,4010,4907,8350
6925,2183,8669,8430,7701,135
6925,2183,8669,6998,1136,5616
6925,2183,8669,1064,3553,1233
6925,2183,8669,5486,2557,1998
6925,2183,8669,8419,2723,6695
6925,2183,8669,7779,8565,2810
6925,2183,8669,3725,8374,6790
6925,2183,8669,8351,3340,5064
6925,2183,8669,2766,7113,796
6925,2183,8669,9884,1067,6511
6925,2183,8669,3938,7154,4370
6925,2183,8669,8569,2486,7901
6925,2183,8669,3373,3105,3418
6925,2183,8669,6552,7871,5147
6925,2183,8669,1421,3717,4558
6925,2183,8669,3039,7198,4011
6925,2183,8669,9316,8829,617
6925,2183,8669,786,4385,5310
6925,2183,8669,5634,5830,4093
6925,2183,8669,804,5841,1031
6925,2183,8669,965,3548,4297
6925,2183,8669,3616,2381,2236
6925,2183,8669,3390,9820,2669
6925,2183,8669,5806,1806,5269
6925,2183,8669,990,8114,937
6925,2183,8669,4375,879,6031
6925,2183,8669,7125,4545,2183
6925,2183,8669,6733,9280,893
6925,2183,8669,7499,5831,293
6925,2183,8669,1977,9038,465
6925,2183,8669,1681,8250,6980
6925,2183,8669,2094,8645,5586
6925,2183,8669,546,4883,9690
6925,2183,8669,2679,9600,6476
6925,2183,8669,7923,121,6237
6925,2183,8669,6844,7873,2723
6925,2183,8669,5481,3898,691
6925,2183,8669,7705,5542,9719
6925,2183,8669,563,1810,2111
6925,2183,8669,883,9649,8203
6925,2183,8669,2190,8730,4767
6925,2183,8669,2716,9684,928
6925,2183,8669,6580,1037,5385
6925,2183,8669,627,5913,3613
6925,2183,8669,7354,2637,8916
6925,2183,8669,2148,1250,8046
6925,2183,8669,1540,2293,8147
6925,2183,8669,9630,7108,7572
6925,2183,8669,1472,7003,3367
6925,2183,8669,5566,5667,9938
6925,2183,8669,7156,8757,45
6925,2183,8669,8857,9930,3681
6925,2183,8669,9129,705,1691
6925,2183,8669,9601,4277,2249
6925,2183,8669,4876,4161,384
6925,2183,8669,2600,3982,8342
6925,2183,8669,567,5509,2257
6925,2183,8669,7457,1800,5278
6925,2183,8669,9509,6652,4541
6925,2183,8669,6292,1745,8186
6925,2183,8669,4241,5929,3117
6925,2183,8669,9108,9160,8977
6925,2183,8669,7796,2713,1417
6925,2183,8669,9494,6380,4335
6925,2183,8669,7646,3089,8048
6925,2183,8669,7088,1156,4619
6925,2183,8669,9207,1656,1060
6925,2183,8669,9637,7113,811
6925,2183,8669,956,2135,9664
6925,2183,8669,5516,7866,1706
6925,2183,8669,6071,8084,3156
6925,2183,8669,2472,4021,5223
6925,2183,8669,6403,3503,1841
6925,2183,8669,9751,6564,1451
6925,2183,8669,1051,7413,9375
6925,2183,8669,7316,6908,9730
6925,2183,8669,6491,5526,9716
6925,2183,8669,7727,9914,2725
6925,2183,8669,1817,455,9466
6925,2183,8669,5613,2441,6232
6925,2183,8669,5727,3776,7531
6925,2183,8669,381,9838,6987
6925,2183,8669,4257,1869,4363
6925,2183,8669,5077,1493,5180
6925,2183,8669,7989,9909,6482
6925,2183,8669,9280,9160,9194
6925,2183,8669,9484,6666,6613
6925,2183,8669,7894,655,8420
6925,2183,8669,975,7417,8783
6925,2183,8669,7230,4976,2815
6925,2183,8669,9285,1695,5329
6925,2183,8669,1070,979,4834
6925,2183,8669,7665,1744,7921
6925,2183,8669,7726,4808,8280
6925,2183,8669,2720,4805,6232
6925,2183,8669,9271,1635,1721
6925,2183,8669,4451,9364,2464
6925,2183,8669,292,5955,4517
6925,2183,8669,7655,3156,5525
6925,2183,8669,3064,5884,7234
6925,2183,8669,6211,6182,6839
6925,2183,8669,909,4037,6351
6925,2183,8669,345,9384,6665
6925,2183,8669,2693,4380,3847
6925,2183,8669,4871,3887,1139
6925,2183,8669,1631,9204,7786
6925,2183,8669,1702,1176,2966
6925,2183,8669,2571,1737,2882
6925,2183,8669,3141,6033,7963
6925,2183,8669,7087,5225,2027
6925,2183,8669,84,3810,5588
6925,2183,8669,5218,7035,6632
6925,2183,8669,1443,7878,9664
6925,2183,8669,847,8442,8661
6925,2183,8669,8229,8930,5596
6925,2183,8669,7045,3980,9748
6925,2183,8669,7451,2397,5622
6925,2183,8669,1346,9397,4556
6925,2183,8669,4980,848,857
6925,2183,8669,9087,9215,8115
6925,2183,8669,7038,646,7432
6925,2183,8669,5312,8192,2135
6925,2183,8669,4482,1719,2589
6925,2183,8669,4953,456,3400
6925,2183,8669,109,488,848
6925,2183,8669,3615,8107,3831
6925,2183,8669,1047,7187,3786
6925,2183,8669,8250,3819,9576
6925,2183,8669,8081,9320,5404
6925,2183,8669,796,6759,5199
6925,2183,8669,1031,4281,42
6925,2183,8669,7703,3595,9088
6925,2183,8669,683,5580,1794
6925,2183,8669,4008,1125,5390
6925,2183,8669,3394,654,9218
6925,2183,8669,5144,1756,8072
6925,2183,8669,4004,2811,6685
6925,2183,8669,7356,4706,4321
6925,2183,8669,2478,9012,5557
6925,2183,8669,3102,2671,3960
6925,2183,8669,7810,9386,2867
6925,2183,8669,7569,482,3231
6925,2183,8669,8333,6158,4915
6925,2183,8669,6125,3594,2354
6925,2183,8669,9608,437,6292
6925,2183,8669,1510,3368,7327
6925,2183,8669,2930,3213,6619
6925,2183,8669,8226,5354,1893
6925,2183,8669,8333,8025,988
6925,2183,8669,1289,4760,5793
6925,2183,8669,3864,1928,2409
6925,2183,8669,2713,9602,6989
6925,2183,8669,4605,3750,7258
6925,2183,8669,441,3135,5224
6925,2183,8669,7368,5516,799
6925,2183,8669,8698,3154,7165
6925,2183,8669,2692,360,9388
6925,2183,8669,7363,5712,1691
6925,2183,8669,2818,2086,9821
6925,2183,8669,3265,516,1759
6925,2183,8669,8823,5520,3014
6925,2183,8669,5857,7823,6772
6925,2183,8669,8469,3752,4617
6925,2183,8669,3239,5377,46
6925,2183,8669,2205,3787,7019
6925,2183,8669,36,7984,2602
6925,2183,8669,8476,8353,7309
6925,2183,8669,6241,4901,6547
6925,2183,8669,7342,7695,7118
6925,2183,8669,2518,6239,2303
6925,2183,8669,4683,642,6502
6925,2183,8669,7153,7154,6969
6925,2183,8669,8136,994,6190
6925,2183,8669,8979,9215,9731
6925,2183,8669,2247,952,5900
6925,2183,8669,5586,4950,3432
6925,2183,8669,2259,2794,6897
6925,2183,8669,8360,4405,8994
6925,2183,8669,1025,1312,1490
6925,2183,8669,839,3290,6008
6925,2183,8669,4892,4577,4603
6925,2183,8669,8879,5353,3186
6925,2183,8669,9840,6528,8013
6925,2183,8669,1902,4205,1332
6925,2183,8669,4476,1693,5668
6925,2183,8669,4622,2965,8608
6925,2183,8669,9772,1461,4227
6925,2183,8669,2131,293,7630
6925,2183,8669,6484,7193,8519
6925,2183,8669,5021,8387,3639
6925,2183,8669,4644,2644,2194
6925,2183,8669,1005,3861,9114
6925,2183,8669,3004,1782,2286
6925,2183,8669,3266,7560,4115
6925,2183,8669,1655,4734,2073
6925,2183,8669,311,8067,7510
6925,2183,8669,31,5075,385
6925,2183,8669,9930,9150,536
6925,2183,8669,5098,6022,5207
6925,2183,8669,9780,2369,823
6925,2183,8669,4751,9312,1800
6925,2183,8669,4432,8,3299
6925,2183,8669,23,14,5885
6925,2183,8669,3663,7658,3817
6925,2183,8669,5932,5443,1070
6925,2183,8669,1983,7555,1550
6925,2183,8669,1420,1762,4598
6925,2183,8669,9404,7069,4885
6925,2183,8669,3552,2998,795
6925,2183,8669,4495,3163,1341
6925,2183,8669,5976,4717,1969
6925,2183,8669,797,9656,7845
6925,2183,8669,4198,1478,2838
6925,2183,8669,6802,9868,6451
6925,2183,8669,8353,6300,2823
6925,2183,8669,512,8285,9247
6925,2183,8669,8395,1678,5954
6925,2183,8669,7811,9636,3168
6925,2183,8669,9722,3031,2836
6925,2183,8669,1653,9235,1205
6925,2183,8669,8510,8239,6486
6925,2183,8669,8063,3105,6939
6925,2183,8669,5643,4944,8195
6925,2183,8669,6416,8973,9717
6925,2183,8669,9156,3258,4299
6925,2183,8669,4443,1130,2780
6925,2183,8669,5349,7535,746
6925,2183,8669,3940,4132,5212
6925,2183,8669,5025,5344,951
6925,2183,8669,3771,6822,7788
6925,2183,8669,9430,8120,4572
6925,2183,8669,9587,9290,5410
6925,2183,8669,5373,5961,5626
6925,2183,8669,9162,9569,9209
6925,2183,8669,8839,8694,1696
6925,2183,8669,874,8849,9476
6925,2183,8669,1533,4011,1977
6925,2183,8669,9647,1640,6243
6925,2183,8669,9514,6171,6792
6925,2183,8669,9281,929,4699
6925,2183,8669,112,2225,3961
6925,2183,8669,9875,6934,6142
6925,2183,8669,8280,5013,6848
6925,2183,8669,2881,4322,6411
6925,2183,8669,3273,176,5635
6925,2183,8669,3536,4988,4659
6925,2183,8669,7542,5792,6391
6925,2183,8669,4587,7551,8713
6925,2183,8669,7743,2432,6287
6925,2183,8669,4070,3771,3573
6925,2183,8669,7087,1182,5495
6925,2183,8669,3487,4685,1782
6925,2183,8669,5986,4825,4183
6925,2183,8669,1124,5101,8528
6925,2183,8669,9334,580,3287
6925,2183,8669,3618,5403,3822
6925,2183,8669,9495,2736,4769
6925,2183,8669,1143,3087,3148
6925,2183,8669,1945,7304,3856
6925,2183,8669,6749,7196,1454
6925,2183,8669,7444,2400,6367
6925,2183,8669,5854,2452,2176
6925,2183,8669,7597,9304,7542
6925,2183,8669,8999,7289,7117
6925,2183,8669,6052,336,1581
6925,2183,8669,317,4956,3273
6925,2183,8669,374,7826,3539
6925,2183,8669,7188,4372,4930
6925,2183,8669,230,596,3676
6925,2183,8669,8440,2596,9422
6925,2183,8669,4308,2718,6765
6925,2183,8669,556,3692,8964
6925,2183,8669,4101,2053,2398
6925,2183,8669,2051,4303,4666
6925,2183,8669,3937,9008,2296
6925,2183,8669,4754,8262,6680
6925,2183,8669,6312,7848,5485
6925,2183,8669,9523,8239,7783
6925,2183,8669,3549,7767,5464
6925,2183,8669,4500,1970,6074
6925,2183,8669,5681,7890,4938
6925,2183,8669,6553,777,9025
6925,2183,8669,8666,8636,330
6925,2183,8669,4895,7976,8183
6925,2183,8669,1868,7533,9854
6925,2183,8669,8743,7046,9261
6925,2183,8669,1422,7468,8720
6925,2183,8669,9705,9277,1661
6925,2183,8669,404,2420,2065
6925,2183,8669,8087,3672,5713
6925,2183,8669,6450,2874,6972
6925,2183,8669,5930,9035,3085
6925,2183,8669,5122,8776,4961
6925,2183,8669,910,9650,8798
6925,2183,8669,9642,3332,9124
6925,2183,8669,591,2339,7873
6925,2183,8669,6755,7082,5240
6925,2183,8669,7021,2983,84
6925,2183,8669,9317,4763,8721
6925,2183,8669,4995,7700,5402
6925,2183,8669,2779,7548,3191
6925,2183,8669,9936,2228,7034
6925,2183,8669,2022,9413,5262
6925,2183,8669,493,2266,7249
6925,2183,8669,9101,4878,2785
6925,2183,8669,3159,2088,1786
6925,2183,8669,7448,7759,2595
6925,2183,8669,9065,5970,2708
6925,2183,8669,7512,3178,641
6925,2183,8669,6498,9244,4301
6925,2183,8669,1911,6291,730
6925,2183,8669,1480,7811,4567
6925,2183,8669,1697,5695,5580
6925,2183,8669,1199,2240,373
6925,2183,8669,4444,1018,8570
6925,2183,8669,2809,7496,6122
6925,2183,8669,9701,8375,2781
6925,2183,8669,8007,7092,8541
6925,2183,8669,5997,1485,1356
6925,2183,8669,1043,9805,3462
6925,2183,8669,666,2221,1446
6925,2183,8669,4885,2223,4618
6925,2183,8669,6586,2466,7553
6925,2183,8669,8,3868,6975
6925,2183,8669,1116,9698,5920
6925,2183,8669,6847,7773,1518
6925,2183,8669,6356,8796,4425
6925,2183,8669,2746,6841,5461
6925,2183,8669,6369,112,4869
6925,2183,8669,7166,8536,9826
6925,2183,8669,3304,4711,2425
6925,2183,8669,4614,7999,9316
6925,2183,8669,438,4493,3238
6925,2183,8669,7962,1713,7272
6925,2183,8669,6906,7433,8128
6925,2183,8669,3706,4011,3271
6925,2183,8669,6262,5191,2922
6925,2183,8669,6803,8038,6014
6925,2183,8669,8118,4171,6
6925,2183,8669,8691,1490,206
6925,2183,8669,3986,6525,9178
6925,2183,8669,3365,2281,2279
6925,2183,8669,1663,8059,6862
6925,2183,8669,215,8063,5411
6925,2183,8669,673,5503,7741
6925,2183,8669,8498,5417,6405
6925,2183,8669,4080,7467,5033
6925,2183,8669,5812,4747,1814
6925,2183,8669,6548,1983,2596
6925,2183,8669,3449,4055,4111
6925,2183,8669,6239,8508,3739
6925,2183,8669,1676,7581,6163
6925,2183,8669,8115,6770,1072
6925,2183,8669,3609,5317,8804
6925,2183,8669,5462,4850,5317
6925,2183,8669,4737,2744,3993
6925,2183,8669,962,8208,3860
6925,2183,8669,9742,9285,5318
6925,2183,8669,3549,2802,4903
6925,2183,8669,2135,5309,2319
6925,2183,8669,3826,5719,8848
6925,2183,8669,136,2716,1506
6925,2183,8669,9919,8134,2426
6925,2183,8669,8740,8980,6048
6925,2183,8669,562,4342,7557
6925,2183,8669,457,980,704
6925,2183,8669,1084,2883,7947
6925,2183,8669,2742,4151,6582
6925,2183,8669,8962,6454,4547
6925,2183,8669,6881,9753,9899
6925,2183,8669,9534,2332,2284
6925,2183,8669,2522,7300,881
6925,2183,8669,4288,9225,6975
6925,2183,8669,3069,2139,5448
6925,2183,8669,5026,6100,6784
6925,2183,8669,159,18,5418
6925,2183,8669,9263,5336,1943
6925,2183,8669,7472,189,8646
6925,2183,8669,9458,526,3977
6925,2183,8669,4,4005,1168
6925,2183,8669,8467,4866,4048
6925,2183,8669,10,4685,5770
6925,2183,8669,8158,8061,694
6925,2183,8669,403,3716,2053
6925,2183,8669,8942,7564,5327
6925,2183,8669,6717,8493,8445
6925,2183,8669,3983,5798,6557
6925,2183,8669,1236,9534,2939
6925,2183,8669,6155,7295,2056
6925,2183,8669,5055,9667,9638
6925,2183,8669,9189,2862,821
6925,2183,8669,1981,7536,1983
6925,2183,8669,7739,7884,5468
6925,2183,8669,1005,4439,9365
6925,2183,8669,1431,1316,7090
6925,2183,8669,2683,610,2278
6925,2183,8669,6716,9346,8813
6925,2183,8669,2474,7857,3565
6925,2183,8669,4781,1867,7149
6925,2183,8669,6601,5720,7389
6925,2183,8669,9868,4220,9768
6925,2183,8669,7108,6934,2536
6925,2183,8669,3707,3264,6394
6925,2183,8669,7341,8943,5159
6925,2183,8669,9171,3465,6854
6925,2183,8669,9527,6363,8429
6925,2183,8669,6272,7402,6508
6925,2183,8669,4280,5549,7466
6925,2183,8669,7284,1266,1865
6925,2183,8669,4996,8706,8581
6925,2183,8669,1786,5227,5912
6925,2183,8669,4209,5442,1993
6925,2183,8669,5424,9355,625
6925,2183,8669,3628,9164,8837
6925,2183,8669,2075,1192,474
6925,2183,8669,9182,2127,5185
6925,2183,8669,4337,9817,7753
6925,2183,8669,7686,9763,9804
6925,2183,8669,131,1559,9285
6925,2183,8669,2198,8684,7758
6925,2183,8669,4791,2707,5179
6925,2183,8669,312,2463,4723
6925,2183,8669,3357,7023,4877
6925,2183,8669,7014,9667,4962
6925,2183,8669,3524,467,2495
6925,2183,8669,4481,737,8251
6925,2183,8669,5786,6695,8711
6925,2183,8669,821,2730,1141
6925,2183,8669,3949,4,3780
6925,2183,8669,9570,3308,7892
6925,2183,8669,1389,5482,5189
6925,2183,8669,7923,2188,5938
6925,2183,8669,6524,8090,5271
6925,2183,8669,591,3074,9500
6925,2183,8669,5155,5641,8777
6925,2183,8669,518,4689,2064
6925,2183,8669,5800,4818,3793
6925,2183,8669,7439,8665,3432
6925,2183,8669,6968,468,3690
6925,2183,8669,7589,5594,6114
6925,2183,8669,1319,4071,9318
6925,2183,8669,8707,8162,7993
6925,2183,8669,5547,3438,3572
6925,2183,8669,4154,6960,6905
6925,2183,8669,4936,3183,1482
6925,2183,8669,5878,8981,187
6925,2183,8669,4970,6434,9507
6925,2183,8669,9123,9142,5389
6925,2183,8669,9502,1988,6977
6925,2183,8669,9561,5045,2127
6925,2183,8669,157,3328,7999
6925,2183,8669,5714,7520,8234
6925,2183,8669,605,5228,6375
6925,2183,8669,466,5801,54
6925,2183,8669,1393,3768,7437
6925,2183,8669,3416,9818,3332
6925,2183,8669,7667,8363,2051
6925,2183,8669,3564,1894,4336
6925,2183,8669,3965,8805,141
6925,2183,8669,8535,5844,6244
6925,2183,8669,9390,2377,4621
6925,2183,8669,6650,2115,9727
6925,2183,8669,9691,4893,1027
6925,2183,8669,5970,2339,404
6925,2183,8669,2870,2368,3368
6925,2183,8669,3355,9696,2422
6925,2183,8669,6910,5380,3700
6925,2183,8669,5577,9863,6407
6925,2183,8669,3131,8870,3443
6925,2183,8669,6761,2237,5329
6925,2183,8669,5291,6794,7545
6925,2183,8669,2830,289,3919
6925,2183,8669,8723,7848,9474
6925,2183,8669,5529,3844,2789
6925,2183,8669,4049,7097,7219
6925,2183,8669,6288,2224,1680
6925,2183,8669,8979,2963,741
6925,2183,8669,5960,4897,2953
6925,2183,8669,575,7523,6781
6925,2183,8669,6436,1926,1149
6925,2183,8669,5669,2179,890
6925,2183,8669,1585,8126,1880
6925,2183,8669,9084,4696,1453
6925,2183,8669,415,3547,6137
6925,2183,8669,9444,9808,6296
6925,2183,8669,1503,3754,2832
6925,2183,8669,1701,760,7548
6925,2183,8669,7622,5616,6918
6925,2183,8669,4370,916,3114
6925,2183,8669,5804,4202,3736
6925,2183,8669,8208,1069,8114
6925,2183,8669,4960,1659,7910
6925,2183,8669,5046,3141,9616
6925,2183,8669,2901,3180,4948
6925,2183,8669,7690,942,2322
6925,2183,8669,136,2138,8278
6925,2183,8669,1144,3102,6509
6925,2183,8669,8700,4057,8170
6925,2183,8669,283,6378,7366
6925,2183,8669,9365,6191,8817
6925,2183,8669,5048,4539,3500
6925,2183,8669,3579,9622,6800
6925,2183,8669,7116,4724,4643
6925,2183,8669,9467,3313,746
6925,2183,8669,8149,3444,3248
6925,2183,8669,8912,689,1040
6925,2183,8669,6150,7795,6139
