2945,4824,9118,808,6210,815
2945,4824,9118,1569,3917,6354
2945,4824,9118,5898,5775,7769
2945,4824,9118,8138,6416,2395
2945,4824,9118,1024,2207,9741
2945,4824,9118,3131,9073,9642
2945,4824,9118,7818,427,4155
2945,4824,9118,1483,8540,8028
2945,4824,9118,9554,4129,4481
2945,4824,9118,8050,8049,2125
2945,4824,9118,6663,8746,9421
2945,4824,9118,6673,1438,1315
2945,4824,9118,7194,321,6304
2945,4824,9118,1963,1247,9513
2945,4824,9118,1994,4762,4957
2945,4824,9118,3930,9532,8806
2945,4824,9118,8384,971,4445
2945,4824,9118,2461,8782,8030
2945,4824,9118,5648,9344,5589
2945,4824,9118,6845,7305,2277
2945,4824,9118,3308,987,4928
2945,4824,9118,8554,6739,3819
2945,4824,9118,4883,6573,2947
2945,4824,9118,7918,9174,6759
2945,4824,9118,8056,939,8930
2945,4824,9118,4349,8275,842
2945,4824,9118,8172,1788,6878
2945,4824,9118,5769,2270,5179
2945,4824,9118,6294,4182,9596
2945,4824,9118,7153,1547,7336
2945,4824,9118,8011,8433,6473
2945,4824,9118,1694,1974,8253
2945,4824,9118,2891,693,1180
2945,4824,9118,8000,1760,3364
2945,4824,9118,3334,9432,2015
2945,4824,9118,5818,6180,1180
2945,4824,9118,2202,1024,915
2945,4824,9118,2704,7837,2961
2945,4824,9118,5337,2570,8849
2945,4824,9118,7857,7814,5926
2945,4824,9118,5891,8924,2316
2945,4824,9118,9795,1921,9378
2945,4824,9118,2444,5418,8959
2945,4824,9118,7911,4193,2435
2945,4824,9118,7319,906,6258
2945,4824,9118,2257,5528,430
2945,4824,9118,2720,1048,1106
2945,4824,9118,3063,7223,2959
2945,4824,9118,6843,3290,3883
2945,4824,9118,5468,6892,6579
2945,4824,9118,469,4122,3371
2945,4824,9118,364,5080,5698
2945,4824,9118,3647,8645,9087
2945,4824,9118,707,6386,3850
2945,4824,9118,5225,1639,1954
2945,4824,9118,1842,3578,6184
2945,4824,9118,8769,2452,4648
2945,4824,9118,7028,4286,5557
2945,4824,9118,4043,5040,9538
2945,4824,9118,1983,1846,1871
2945,4824,9118,9660,4387,4471
2945,4824,9118,2348,8565,4242
2945,4824,9118,4501,7863,2308
2945,4824,9118,7139,400,5730
2945,4824,9118,2932,3821,2088
2945,4824,9118,9872,8105,3169
2945,4824,9118,4959,587,6045
2945,4824,9118,2143,332,2476
2945,4824,9118,3230,2256,885
2945,4824,9118,6293,4533,288
2945,4824,9118,4894,7955,9600
2945,4824,9118,7611,5857,1164
2945,4824,9118,7348,8510,8551
2945,4824,9118,1127,9588,3326
2945,4824,9118,6803,9489,5315
2945,4824,9118,5325,251,1255
2945,4824,9118,8003,162,8546
2945,4824,9118,8327,5458,8556
2945,4824,9118,9057,3792,5854
2945,4824,9118,3569,8794,5843
2945,4824,9118,4254,3370,5603
2945,4824,9118,9609,9321,3947
2945,4824,9118,7797,2012,7520
2945,4824,9118,1646,8112,2541
2945,4824,9118,1868,34,572
2945,4824,9118,9790,1924,2003
2945,4824,9118,9450,5979,6055
2945,4824,9118,9794,5286,4108
2945,4824,9118,3563,869,640
2945,4824,9118,4170,1910,4773
2945,4824,9118,6793,4212,144
2945,4824,9118,6771,7809,6235
2945,4824,9118,1108,6667,6981
2945,4824,9118,7016,4113,8514
2945,4824,9118,9404,2404,9065
2945,4824,9118,5175,1883,6444
2945,4824,9118,4086,9656,2370
2945,4824,9118,7649,1308,5916
2945,4824,9118,2916,6780,6569
2945,4824,9118,3375,4831,6520
2945,4824,9118,5076,8148,1646
2945,4824,9118,9315,128,4619
2945,4824,9118,551,3506,6788
2945,4824,9118,1558,1006,2683
2945,4824,9118,6025,6590,2035
2945,4824,9118,3680,4429,2526
2945,4824,9118,7817,1611,5242
2945,4824,9118,2811,7725,7037
2945,4824,9118,7213,2839,8459
2945,4824,9118,1695,5465,6665
2945,4824,9118,5404,1998,1897
2945,4824,9118,1025,5683,2694
2945,4824,9118,6900,8081,5498
2945,4824,9118,9167,6935,6828
2945,4824,9118,8768,7088,7326
2945,4824,9118,7511,9296,4711
2945,4824,9118,1092,9199,8538
2945,4824,9118,64,4665,1213
2945,4824,9118,6467,3738,6086
2945,4824,9118,8518,944,1611
2945,4824,9118,4444,595,4322
2945,4824,9118,5837,8500,9920
2945,4824,9118,4398,8912,8762
2945,4824,9118,1725,1812,7793
2945,4824,9118,2586,3876,1836
2945,4824,9118,5271,7732,850
2945,4824,9118,1114,8947,9872
2945,4824,9118,1505,8327,7086
2945,4824,9118,4184,6068,2411
2945,4824,9118,2068,7333,8578
2945,4824,9118,4240,606,9726
2945,4824,9118,3186,1979,6035
2945,4824,9118,1984,8123,3199
2945,4824,9118,1146,999,7984
2945,4824,9118,9893,2123,3059
2945,4824,9118,2899,4247,566
2945,4824,9118,9921,1355,3586
2945,4824,9118,4737,2720,7519
2945,4824,9118,9746,1189,7282
2945,4824,9118,229,1675,3498
2945,4824,9118,8225,2903,388
2945,4824,9118,2509,9524,4506
2945,4824,9118,7991,9653,1761
2945,4824,9118,752,7176,3681
2945,4824,9118,5784,3047,7161
2945,4824,9118,3062,3825,5045
2945,4824,9118,7870,625,4922
2945,4824,9118,557,3322,6452
2945,4824,9118,698,767,3737
2945,4824,9118,2318,7978,3838
2945,4824,9118,5147,2545,9506
2945,4824,9118,6583,8729,9890
2945,4824,9118,9015,3558,4342
2945,4824,9118,4112,8796,6504
2945,4824,9118,1368,4417,6633
2945,4824,9118,852,6252,8700
2945,4824,9118,4014,5876,7269
2945,4824,9118,7200,3279,2639
2945,4824,9118,5120,2716,4348
2945,4824,9118,7871,5811,6725
2945,4824,9118,6686,9577,5470
2945,4824,9118,5671,2470,181
2945,4824,9118,2013,8653,2922
2945,4824,9118,2025,8501,5035
2945,4824,9118,2926,2239,540
2945,4824,9118,6433,318,390
2945,4824,9118,3586,918,5063
2945,4824,9118,5963,3396,1705
2945,4824,9118,9678,655,8782
2945,4824,9118,2160,7201,5176
2945,4824,9118,7364,3020,8800
2945,4824,9118,6615,2733,2560
2945,4824,9118,8727,5458,6143
2945,4824,9118,5630,7716,5614
2945,4824,9118,254,7999,9967
2945,4824,9118,9190,538,6049
2945,4824,9118,391,8136,6325
2945,4824,9118,8580,62,6516
2945,4824,9118,2442,4548,5789
2945,4824,9118,3476,2785,8735
2945,4824,9118,5527,686,8781
2945,4824,9118,6275,1624,5256
2945,4824,9118,9000,8246,4661
2945,4824,9118,5793,7977,4729
2945,4824,9118,7890,3334,3123
2945,4824,9118,5457,7953,328
2945,4824,9118,9426,220,1097
2945,4824,9118,8124,8627,6135
2945,4824,9118,5333,1365,3520
2945,4824,9118,4831,1983,8477
2945,4824,9118,1402,1292,7400
2945,4824,9118,9314,612,5152
2945,4824,9118,800,7027,5844
2945,4824,9118,4081,2900,3146
2945,4824,9118,6760,9897,784
2945,4824,9118,5461,5672,3568
2945,4824,9118,1310,723,5322
2945,4824,9118,1225,8589,6079
2945,4824,9118,3839,6946,8379
2945,4824,9118,8583,9074,2460
2945,4824,9118,2939,7691,840
2945,4824,9118,9226,1509,6656
2945,4824,9118,60,3855,6938
2945,4824,9118,8716,9952,7711
2945,4824,9118,6608,4619,9317
2945,4824,9118,7420,5771,7279
2945,4824,9118,138,4966,1721
2945,4824,9118,432,2150,9896
2945,4824,9118,2539,6568,3834
2945,4824,9118,3608,232,314
2945,4824,9118,3320,7390,6433
2945,4824,9118,214,3435,8038
2945,4824,9118,994,5023,1227
2945,4824,9118,9561,957,1850
2945,4824,9118,352,2658,7260
2945,4824,9118,2808,6402,6134
2945,4824,9118,3855,1498,1761
2945,4824,9118,9281,2298,9802
2945,4824,9118,5315,6933,6125
2945,4824,9118,8818,5356,2488
2945,4824,9118,1736,2556,9888
2945,4824,9118,5871,6030,7276
2945,4824,9118,1938,2059,4576
2945,4824,9118,3672,7138,3295
2945,4824,9118,6117,724,5875
2945,4824,9118,6916,1718,1450
2945,4824,9118,6355,1563,7322
2945,4824,9118,9699,13,3132
2945,4824,9118,4438,2200,6376
2945,4824,9118,3050,2090,3406
2945,4824,9118,3808,9290,2330
2945,4824,9118,7446,7494,3555
2945,4824,9118,482,3559,7260
2945,4824,9118,9257,9455,4520
2945,4824,9118,7694,6295,1186
2945,4824,9118,5578,8051,9295
2945,4824,9118,9839,6222,990
2945,4824,9118,7970,6561,281
2945,4824,9118,2695,817,929
2945,4824,9118,1306,6572,4758
2945,4824,9118,3664,6240,9148
2945,4824,9118,2354,3866,4421
2945,4824,9118,499,6970,6734
2945,4824,9118,4432,1984,2100
2945,4824,9118,9369,9925,6448
2945,4824,9118,3335,8944,4621
2945,4824,9118,4738,9866,1092
2945,4824,9118,548,6331,5418
2945,4824,9118,4495,1137,5182
2945,4824,9118,448,7420,1240
2945,4824,9118,1497,3580,8316
2945,4824,9118,4777,8438,2679
2945,4824,9118,8797,8214,5062
2945,4824,9118,2922,9929,1874
2945,4824,9118,1949,5133,6574
2945,4824,9118,1316,7337,6941
2945,4824,9118,1503,2282,1649
2945,4824,9118,9541,1715,5486
2945,4824,9118,1569,9060,1707
2945,4824,9118,1769,4970,9411
2945,4824,9118,5826,6925,1391
2945,4824,9118,8754,964,6931
2945,4824,9118,3745,7856,2601
2945,4824,9118,7074,441,4908
2945,4824,9118,5652,4650,5464
2945,4824,9118,7232,3287,8837
2945,4824,9118,5922,8569,961
2945,4824,9118,7093,5955,507
2945,4824,9118,2245,9213,4731
2945,4824,9118,202,8091,1786
2945,4824,9118,5689,3120,1497
2945,4824,9118,9443,3663,9542
2945,4824,9118,2987,8987,1002
2945,4824,9118,2219,1662,2152
2945,4824,9118,4550,9901,544
2945,4824,9118,2368,6279,5176
2945,4824,9118,7350,1030,5187
2945,4824,9118,2029,119,3932
2945,4824,9118,8590,7663,2051
2945,4824,9118,596,1167,6356
2945,4824,9118,9523,5040,735
2945,4824,9118,9860,1245,9481
2945,4824,9118,6415,9456,3117
2945,4824,9118,9427,198,3875
2945,4824,9118,6456,1416,9254
2945,4824,9118,9982,5944,9970
2945,4824,9118,2319,4059,1670
2945,4824,9118,7410,5557,74
2945,4824,9118,3121,9133,5399
2945,4824,9118,1202,5344,3167
2945,4824,9118,1994,3062,6447
2945,4824,9118,2577,7743,8622
2945,4824,9118,6194,74,2343
2945,4824,9118,6566,4430,6380
2945,4824,9118,8108,7929,4517
2945,4824,9118,420,2074,6516
2945,4824,9118,177,8260,7599
2945,4824,9118,93,5441,8926
2945,4824,9118,6536,9197,6169
2945,4824,9118,2117,3743,2359
2945,4824,9118,4166,212,4278
2945,4824,9118,4419,1297,158
2945,4824,9118,5900,90,9036
2945,4824,9118,9887,3343,1895
2945,4824,9118,1572,9612,4007
2945,4824,9118,118,6553,5453
2945,4824,9118,9810,5636,2818
2945,4824,9118,1918,181,2706
2945,4824,9118,497,9141,6579
2945,4824,9118,826,4634,6660
2945,4824,9118,5497,2451,6392
2945,4824,9118,7827,2540,7831
2945,4824,9118,9706,7824,8427
2945,4824,9118,8179,3663,9035
2945,4824,9118,5490,1253,7594
2945,4824,9118,5348,3326,9896
2945,4824,9118,1545,4603,2063
2945,4824,9118,3033,3763,3273
2945,4824,9118,6853,9813,5136
2945,4824,9118,5473,8110,6138
2945,4824,9118,1318,5137,6887
2945,4824,9118,1858,5031,4773
2945,4824,9118,341,3139,4855
2945,4824,9118,2954,4670,6863
2945,4824,9118,5951,5146,8256
2945,4824,9118,3784,238,6430
2945,4824,9118,2915,3900,3343
2945,4824,9118,8770,2106,8196
2945,4824,9118,545,7071,8942
2945,4824,9118,6986,6030,6831
2945,4824,9118,5391,782,7083
2945,4824,9118,1628,98,2291
2945,4824,9118,9006,2460,7011
2945,4824,9118,3532,9444,8614
2945,4824,9118,3028,19,167
2945,4824,9118,6867,567,3660
2945,4824,9118,2940,7744,5910
2945,4824,9118,9970,6529,875
2945,4824,9118,880,5215,9889
2945,4824,9118,719,9752,6573
2945,4824,9118,1119,4539,6162
2945,4824,9118,7541,4504,7714
2945,4824,9118,657,5469,3364
2945,4824,9118,6040,8765,9752
2945,4824,9118,5890,6750,2127
2945,4824,9118,874,59,4078
2945,4824,9118,4636,7992,6649
2945,4824,9118,5911,7625,3694
2945,4824,9118,548,5019,5372
2945,4824,9118,5484,9938,1216
2945,4824,9118,1765,8259,6291
2945,4824,9118,8598,7204,7831
2945,4824,9118,3890,7113,3343
2945,4824,9118,9697,5293,2676
2945,4824,9118,2523,5004,7685
2945,4824,9118,2074,6365,8772
2945,4824,9118,8799,7708,5253
2945,4824,9118,542,8524,8277
2945,4824,9118,263,6879,7418
2945,4824,9118,6788,3090,4800
2945,4824,9118,3501,5684,9783
2945,4824,9118,6331,1660,1533
2945,4824,9118,734,5733,8008
2945,4824,9118,1169,334,7453
2945,4824,9118,4950,8198,96
2945,4824,9118,8857,8978,8359
2945,4824,9118,8619,6925,6842
2945,4824,9118,5180,385,6557
2945,4824,9118,3603,3496,9733
2945,4824,9118,2864,942,6242
2945,4824,9118,9835,7773,602
2945,4824,9118,4770,884,850
2945,4824,9118,3011,4352,7677
2945,4824,9118,9504,2414,6106
2945,4824,9118,2519,4909,8860
2945,4824,9118,9054,5846,8304
2945,4824,9118,8545,301,9186
2945,4824,9118,1800,4333,1148
2945,4824,9118,5082,3384,5793
2945,4824,9118,8692,5587,3463
2945,4824,9118,4110,685,617
2945,4824,9118,5829,8009,8569
2945,4824,9118,4634,8468,9315
2945,4824,9118,1452,8512,3451
2945,4824,9118,1256,8975,3010
2945,4824,9118,8426,2744,1573
2945,4824,9118,7963,9977,3371
2945,4824,9118,6433,3554,3482
2945,4824,9118,5744,8178,5306
2945,4824,9118,4097,4790,8202
2945,4824,9118,2295,6584,6918
2945,4824,9118,4429,2212,3026
2945,4824,9118,7495,3556,1990
2945,4824,9118,2825,4324,3823
2945,4824,9118,8852,4064,9752
2945,4824,9118,9989,1392,537
2945,4824,9118,2301,6241,5955
2945,4824,9118,4424,625,1924
2945,4824,9118,8270,9831,9336
2945,4824,9118,7021,7532,6103
2945,4824,9118,444,2714,9811
2945,4824,9118,5164,1011,8635
2945,4824,9118,9156,3895,7060
2945,4824,9118,1742,421,5975
2945,4824,9118,4254,2572,4766
2945,4824,9118,6498,3224,6776
2945,4824,9118,8309,3990,4502
2945,4824,9118,1720,9014,2036
2945,4824,9118,8474,7317,2106
2945,4824,9118,9466,2891,4981
2945,4824,9118,4738,1680,4132
2945,4824,9118,494,5760,6796
2945,4824,9118,3961,4615,3817
2945,4824,9118,4470,9794,5449
2945,4824,9118,9887,174,891
2945,4824,9118,7497,6335,5313
2945,4824,9118,3895,3945,6157
2945,4824,9118,956,5751,7128
2945,4824,9118,8431,5925,4196
2945,4824,9118,6580,2680,9905
2945,4824,9118,6713,2505,7370
2945,4824,9118,4297,9446,8213
2945,4824,9118,3699,7119,6829
2945,4824,9118,5063,7187,1543
2945,4824,9118,5417,1854,9340
2945,4824,9118,4225,3751,5709
2945,4824,9118,3915,2051,9910
2945,4824,9118,6722,7702,299
2945,4824,9118,7340,9754,6869
2945,4824,9118,9693,1938,9221
2945,4824,9118,9938,5032,6419
2945,4824,9118,4617,421,8218
2945,4824,9118,5866,7385,8380
2945,4824,9118,6835,1365,9819
2945,4824,9118,1866,2445,2984
2945,4824,9118,5613,5181,9895
2945,4824,9118,6582,1259,1845
2945,4824,9118,584,9680,8822
2945,4824,9118,8906,2173,8833
2945,4824,9118,6406,8951,1869
2945,4824,9118,9133,6329,9699
2945,4824,9118,9382,8116,4901
2945,4824,9118,9796,2813,3906
2945,4824,9118,916,1401,1718
2945,4824,9118,7273,629,7926
2945,4824,9118,2762,8432,3399
2945,4824,9118,4829,7777,9965
2945,4824,9118,8852,5933,8227
2945,4824,9118,7667,3321,2926
2945,4824,9118,3911,3061,8058
2945,4824,9118,8980,9045,8235
2945,4824,9118,7936,4362,7141
2945,4824,9118,9331,2168,8595
2945,4824,9118,7718,4028,1523
2945,4824,9118,2000,4076,3403
2945,4824,9118,2918,2053,9971
2945,4824,9118,1120,8684,2242
2945,4824,9118,794,9055,5320
2945,4824,9118,1626,1088,4116
2945,4824,9118,9915,4806,5693
2945,4824,9118,4744,8119,1068
2945,4824,9118,6469,2240,276
2945,4824,9118,7692,2283,3117
2945,4824,9118,4279,4566,7293
2945,4824,9118,5164,6439,5784
2945,4824,9118,1237,2549,6238
2945,4824,9118,9565,7455,5226
2945,4824,9118,6277,9361,5764
2945,4824,9118,648,6564,9202
2945,4824,9118,8721,6224,1935
2945,4824,9118,841,1821,2865
2945,4824,9118,4000,2872,7341
2945,4824,9118,3649,7619,8136
2945,4824,9118,6955,369,7884
2945,4824,9118,7475,4851,3479
2945,4824,9118,8603,5070,4705
2945,4824,9118,6654,655,9711
2945,4824,9118,5531,4446,4943
2945,4824,9118,63,6425,3535
2945,4824,9118,8715,9925,5162
2945,4824,9118,3557,9765,6505
2945,4824,9118,1771,4519,6921
2945,4824,9118,931,6329,6125
2945,4824,9118,8292,5140,5303
2945,4824,9118,4230,5025,77
2945,4824,9118,7276,4276,3058
2945,4824,9118,9912,4169,4523
2945,4824,9118,3207,3836,6077
2945,4824,9118,9388,5184,7310
2945,4824,9118,3158,4637,157
2945,4824,9118,3542,356,1081
2945,4824,9118,3709,904,7934
2945,4824,9118,3602,100,7182
2945,4824,9118,8547,9317,9896
2945,4824,9118,478,3394,4570
2945,4824,9118,9491,8735,8030
2945,4824,9118,2762,3068,3671
2945,4824,9118,1905,3485,1050
2945,4824,9118,5763,940,6119
2945,4824,9118,7247,1728,9564
2945,4824,9118,5988,8081,5386
2945,4824,9118,122,1335,7092
2945,4824,9118,4688,9891,2041
2945,4824,9118,9016,4911,1388
2945,4824,9118,9903,9795,413
2945,4824,9118,8899,542,7560
2945,4824,9118,1154,3293,5801
2945,4824,9118,8202,9287,3395
2945,4824,9118,6509,6071,3952
2945,4824,9118,8271,5244,9193
