4042,5445,8952,4704,5210,1502
4042,5445,8952,535,8162,6375
4042,5445,8952,1944,7165,2770
4042,5445,8952,7243,9664,2983
4042,5445,8952,3946,1647,2139
4042,5445,8952,7257,8887,3418
4042,5445,8952,662,3556,8180
4042,5445,8952,7647,7978,1468
4042,5445,8952,8621,9491,7592
4042,5445,8952,5876,2290,7682
4042,5445,8952,8936,6646,7727
4042,5445,8952,9152,4506,4037
4042,5445,8952,8582,8611,683
4042,5445,8952,7653,2356,5443
4042,5445,8952,4930,2089,9498
4042,5445,8952,7472,6808,1496
4042,5445,8952,2913,9479,7255
4042,5445,8952,7188,2351,563
4042,5445,8952,7891,2344,9068
4042,5445,8952,1585,1368,8881
4042,5445,8952,2265,2825,7331
4042,5445,8952,3224,4371,6596
4042,5445,8952,7615,3008,641
4042,5445,8952,5826,4347,2776
4042,5445,8952,5278,3923,1863
4042,5445,8952,6137,5978,3473
4042,5445,8952,7499,8155,3985
4042,5445,8952,4274,913,4363
4042,5445,8952,2808,5144,8372
4042,5445,8952,656,1921,2456
4042,5445,8952,2148,3414,4864
4042,5445,8952,6358,3121,710
4042,5445,8952,9187,6219,7007
4042,5445,8952,524,8151,5327
4042,5445,8952,7298,4565,811
4042,5445,8952,6993,7562,3818
4042,5445,8952,2946,4588,3925
4042,5445,8952,2106,3311,6754
4042,5445,8952,2602,2805,9872
4042,5445,8952,6000,7277,6033
4042,5445,8952,3259,4854,9296
4042,5445,8952,5282,5852,602
4042,5445,8952,3551,6460,7197
4042,5445,8952,7878,7043,8434
4042,5445,8952,67,753,7245
4042,5445,8952,6618,6174,2700
4042,5445,8952,6716,3798,9125
4042,5445,8952,9328,5732,3456
4042,5445,8952,7401,8941,4665
4042,5445,8952,9138,1752,6316
4042,5445,8952,2190,3427,1222
4042,5445,8952,1311,14,4472
4042,5445,8952,8,7075,8898
4042,5445,8952,2591,7039,407
4042,5445,8952,6144,8871,676
4042,5445,8952,4890,3790,4859
4042,5445,8952,858,1566,6807
4042,5445,8952,5318,3586,7509
4042,5445,8952,4962,4452,7702
4042,5445,8952,8370,3963,1818
4042,5445,8952,9841,7454,5298
4042,5445,8952,7117,8819,6305
4042,5445,8952,6575,7951,2063
4042,5445,8952,576,6841,5851
4042,5445,8952,2629,4090,2412
4042,5445,8952,8290,1999,2519
4042,5445,8952,8096,7716,6381
4042,5445,8952,9691,3685,4246
4042,5445,8952,7347,6373,6776
4042,5445,8952,7099,7083,7830
4042,5445,8952,3852,2439,6994
4042,5445,8952,4474,5265,9420
4042,5445,8952,7725,9698,6557
4042,5445,8952,831,6924,9189
4042,5445,8952,7214,6193,7536
4042,5445,8952,5987,3972,9266
4042,5445,8952,9369,6148,2204
4042,5445,8952,4425,3976,2245
4042,5445,8952,620,6601,9333
4042,5445,8952,7097,2370,530
4042,5445,8952,68,876,6248
4042,5445,8952,8806,229,7430
4042,5445,8952,577,2378,6180
4042,5445,8952,4601,4072,8704
4042,5445,8952,4162,8364,3724
4042,5445,8952,2637,1410,8860
4042,5445,8952,1219,9931,7062
4042,5445,8952,4720,4092,4910
4042,5445,8952,1447,9984,5864
4042,5445,8952,762,4120,6449
4042,5445,8952,5551,5844,2566
4042,5445,8952,2200,5763,9636
4042,5445,8952,9939,2893,2345
4042,5445,8952,8479,2473,1124
4042,5445,8952,7241,1581,2083
4042,5445,8952,4155,6569,8
4042,5445,8952,197,9433,542
4042,5445,8952,9316,1714,3336
4042,5445,8952,4523,2676,5004
4042,5445,8952,1026,6628,2841
4042,5445,8952,8363,2365,7179
4042,5445,8952,2558,6715,5136
4042,5445,8952,9617,5627,2724
4042,5445,8952,8019,4248,7578
4042,5445,8952,369,220,7729
4042,5445,8952,7144,8510,6230
4042,5445,8952,3390,9422,1355
4042,5445,8952,7012,4557,7078
4042,5445,8952,4423,1353,723
4042,5445,8952,9796,2420,8601
4042,5445,8952,4819,1805,2230
4042,5445,8952,1934,9748,1751
4042,5445,8952,7682,5105,4226
4042,5445,8952,5387,9380,3759
4042,5445,8952,2731,6677,917
4042,5445,8952,5302,5742,7454
4042,5445,8952,1636,1093,7874
4042,5445,8952,9149,5590,9279
4042,5445,8952,6772,1009,1708
4042,5445,8952,412,6459,865
4042,5445,8952,102,1917,838
4042,5445,8952,1010,904,3876
4042,5445,8952,7687,5133,7441
4042,5445,8952,2358,1587,5284
4042,5445,8952,8662,1697,8956
4042,5445,8952,4251,4325,6383
4042,5445,8952,4353,3903,1419
4042,5445,8952,7264,3180,815
4042,5445,8952,2229,1681,9813
4042,5445,8952,1374,7900,8690
4042,5445,8952,8643,9062,398
4042,5445,8952,3275,3169,4093
4042,5445,8952,791,4228,229
4042,5445,8952,5116,7262,7411
4042,5445,8952,8321,4742,5116
4042,5445,8952,1110,9909,9867
4042,5445,8952,5775,2004,6334
4042,5445,8952,6995,4281,7418
4042,5445,8952,7615,9500,3273
4042,5445,8952,764,3467,3032
4042,5445,8952,9041,9386,7399
4042,5445,8952,880,368,3416
4042,5445,8952,9269,5894,9328
4042,5445,8952,8680,5116,29
4042,5445,8952,2874,2258,9896
4042,5445,8952,3795,1909,7492
4042,5445,8952,2357,1879,6989
4042,5445,8952,6918,4635,1905
4042,5445,8952,8339,4634,2678
4042,5445,8952,1610,2452,3253
4042,5445,8952,2771,8706,7428
4042,5445,8952,53,3450,4338
4042,5445,8952,6473,2315,9288
4042,5445,8952,3718,9494,7314
4042,5445,8952,6519,8962,5097
4042,5445,8952,8887,6153,1768
4042,5445,8952,3904,6696,4880
4042,5445,8952,8774,4971,7549
4042,5445,8952,7535,6731,581
4042,5445,8952,5626,3654,6376
4042,5445,8952,509,1233,8652
4042,5445,8952,4632,113,3712
4042,5445,8952,30,180,2104
4042,5445,8952,380,8666,6577
4042,5445,8952,5473,6806,9998
4042,5445,8952,2827,9326,322
4042,5445,8952,5822,9593,6022
4042,5445,8952,4076,4897,5911
4042,5445,8952,6491,5675,7715
4042,5445,8952,1903,554,6984
4042,5445,8952,6893,7566,6574
4042,5445,8952,5535,6944,3841
4042,5445,8952,7468,4,9185
4042,5445,8952,3307,5057,7245
4042,5445,8952,6780,3688,1162
4042,5445,8952,7462,7346,5355
4042,5445,8952,7548,848,970
4042,5445,8952,5109,4012,7084
4042,5445,8952,7021,8875,2205
4042,5445,8952,664,2198,9349
4042,5445,8952,2455,8398,2859
4042,5445,8952,6368,9284,4920
4042,5445,8952,2419,1027,7362
4042,5445,8952,1092,2297,6132
4042,5445,8952,284,9890,3676
4042,5445,8952,9081,9521,5271
4042,5445,8952,4443,3243,8129
4042,5445,8952,4739,2597,5539
4042,5445,8952,503,4718,3450
4042,5445,8952,6542,9463,3459
4042,5445,8952,2185,2519,1289
4042,5445,8952,2145,2651,190
4042,5445,8952,5076,9160,117
4042,5445,8952,9066,4801,5734
4042,5445,8952,8248,4020,1520
4042,5445,8952,6202,5810,8419
4042,5445,8952,468,1251,2747
4042,5445,8952,3282,282,3862
4042,5445,8952,4011,1859,2392
4042,5445,8952,744,797,5636
4042,5445,8952,7190,9123,222
4042,5445,8952,8328,3422,4151
4042,5445,8952,276,8299,4863
4042,5445,8952,9285,9512,8499
4042,5445,8952,3657,4561,402
4042,5445,8952,5407,5734,4337
4042,5445,8952,4474,8679,696
4042,5445,8952,1189,9757,9454
4042,5445,8952,4953,2726,3188
4042,5445,8952,343,7820,3756
4042,5445,8952,5718,125,4072
4042,5445,8952,7592,7276,2405
4042,5445,8952,7653,2395,7322
4042,5445,8952,4159,1689,1140
4042,5445,8952,307,5431,1691
4042,5445,8952,5703,5830,2619
4042,5445,8952,5670,9964,3518
4042,5445,8952,7899,2027,6213
4042,5445,8952,5557,1582,9584
4042,5445,8952,4846,3995,5722
4042,5445,8952,8013,7468,1868
4042,5445,8952,5615,677,1145
4042,5445,8952,654,8421,3927
4042,5445,8952,3367,3380,3849
4042,5445,8952,5118,9942,5392
4042,5445,8952,3178,4725,818
4042,5445,8952,3073,614,1687
4042,5445,8952,386,7022,4542
4042,5445,8952,9529,2390,2083
4042,5445,8952,1814,374,7328
4042,5445,8952,6396,9641,3038
4042,5445,8952,9240,8329,9967
4042,5445,8952,567,1929,4794
4042,5445,8952,6110,3647,8311
4042,5445,8952,8586,8708,5800
4042,5445,8952,9204,4616,3697
4042,5445,8952,1374,5505,2139
4042,5445,8952,1033,5998,1958
4042,5445,8952,7637,4482,1412
4042,5445,8952,7912,2567,202
4042,5445,8952,5991,9241,9830
4042,5445,8952,2892,1333,5293
4042,5445,8952,6397,9398,5635
4042,5445,8952,8652,7782,9059
4042,5445,8952,3597,9687,4633
4042,5445,8952,8661,4627,2539
4042,5445,8952,1131,7077,1528
4042,5445,8952,1477,5495,6322
4042,5445,8952,3266,1126,7318
4042,5445,8952,6522,3011,1758
4042,5445,8952,961,561,117
4042,5445,8952,351,9109,6183
4042,5445,8952,4228,6320,7857
4042,5445,8952,5715,5532,8729
4042,5445,8952,9373,3643,7655
4042,5445,8952,9565,8705,4113
4042,5445,8952,1774,4731,715
4042,5445,8952,3277,1076,4202
4042,5445,8952,2362,8092,6547
4042,5445,8952,7679,4906,7988
4042,5445,8952,5264,5053,9398
4042,5445,8952,9752,9785,2567
4042,5445,8952,2404,4676,2094
4042,5445,8952,1151,7008,2551
4042,5445,8952,7018,2048,1220
4042,5445,8952,3903,8869,6090
4042,5445,8952,192,8502,611
4042,5445,8952,6461,9335,5937
4042,5445,8952,382,2315,1564
4042,5445,8952,5546,6347,9488
4042,5445,8952,7483,4252,4555
4042,5445,8952,6632,9429,3988
4042,5445,8952,3615,7149,2542
4042,5445,8952,2145,6558,5136
4042,5445,8952,4459,6464,7679
4042,5445,8952,9896,9185,1099
4042,5445,8952,8542,8638,6302
4042,5445,8952,1871,139,6156
4042,5445,8952,1247,5482,5487
4042,5445,8952,3561,3359,9229
4042,5445,8952,3166,8073,1014
4042,5445,8952,1557,9212,6417
4042,5445,8952,9360,6138,2611
4042,5445,8952,8139,1753,3516
4042,5445,8952,4337,6578,872
4042,5445,8952,6551,7120,9016
4042,5445,8952,6183,7340,9706
4042,5445,8952,2905,1244,8059
4042,5445,8952,423,9008,1325
4042,5445,8952,794,1962,5751
4042,5445,8952,5517,4833,4732
4042,5445,8952,8102,9869,7311
4042,5445,8952,5776,6517,2715
4042,5445,8952,7089,3023,497
4042,5445,8952,6503,8090,9311
4042,5445,8952,2194,6277,3235
4042,5445,8952,9011,9776,8499
4042,5445,8952,8996,8971,1756
4042,5445,8952,4302,9949,2743
4042,5445,8952,2836,1929,8006
4042,5445,8952,9639,6698,5925
4042,5445,8952,1261,8371,8808
4042,5445,8952,5920,1217,4602
4042,5445,8952,429,6020,8902
4042,5445,8952,1744,3079,4396
4042,5445,8952,8708,807,7412
4042,5445,8952,3658,3119,8727
4042,5445,8952,4839,5866,2018
4042,5445,8952,4920,5992,5018
4042,5445,8952,5889,863,2482
4042,5445,8952,9698,6776,9402
4042,5445,8952,3483,2962,3054
4042,5445,8952,4555,9329,837
4042,5445,8952,947,5507,4790
4042,5445,8952,1739,8794,562
4042,5445,8952,9839,7935,1893
4042,5445,8952,5527,4873,3218
4042,5445,8952,5460,6160,8713
4042,5445,8952,1772,1666,8120
4042,5445,8952,4908,1568,948
4042,5445,8952,4864,1838,411
4042,5445,8952,8022,4679,5016
4042,5445,8952,4573,7355,975
4042,5445,8952,8129,1493,1588
4042,5445,8952,594,3319,4365
4042,5445,8952,4909,7251,4807
4042,5445,8952,7114,9330,3517
4042,5445,8952,9371,702,2552
4042,5445,8952,8450,6730,781
4042,5445,8952,3044,120,5982
4042,5445,8952,8420,5800,2282
4042,5445,8952,7145,4562,2644
4042,5445,8952,1467,2051,1574
4042,5445,8952,1736,5918,5261
4042,5445,8952,6097,700,364
4042,5445,8952,6268,8124,3996
4042,5445,8952,5516,6375,4250
4042,5445,8952,3540,4556,3732
4042,5445,8952,5527,3605,1400
4042,5445,8952,8139,6063,3599
4042,5445,8952,2703,8956,9615
4042,5445,8952,2899,9150,6267
4042,5445,8952,3446,2503,6287
4042,5445,8952,3457,8869,3018
4042,5445,8952,1885,3027,3454
4042,5445,8952,9909,1320,4223
4042,5445,8952,7831,4392,7471
4042,5445,8952,5048,5512,1970
4042,5445,8952,8293,3286,8947
4042,5445,8952,1732,5135,6466
4042,5445,8952,7479,3212,726
4042,5445,8952,1999,9979,8128
4042,5445,8952,5602,1684,9191
4042,5445,8952,7287,1889,3463
4042,5445,8952,1978,1845,8517
4042,5445,8952,4375,3251,1507
4042,5445,8952,8222,5534,2442
4042,5445,8952,2801,8191,2173
4042,5445,8952,8198,9296,2923
4042,5445,8952,8538,9871,4436
4042,5445,8952,6287,2909,8504
4042,5445,8952,834,6295,5790
4042,5445,8952,5472,9440,1394
4042,5445,8952,825,1000,3328
4042,5445,8952,4914,832,5511
4042,5445,8952,1212,8197,191
4042,5445,8952,239,4052,1071
4042,5445,8952,2129,2844,4494
4042,5445,8952,3888,5091,7658
4042,5445,8952,3810,4109,5140
4042,5445,8952,3655,6920,2259
4042,5445,8952,2406,1544,6270
4042,5445,8952,5453,7517,4710
4042,5445,8952,3425,8717,7391
4042,5445,8952,9646,3726,3755
4042,5445,8952,1979,9676,6422
4042,5445,8952,5289,1387,5129
4042,5445,8952,4336,2153,9251
4042,5445,8952,5857,3778,7850
4042,5445,8952,6483,263,7728
4042,5445,8952,4579,7976,212
4042,5445,8952,7022,2818,3012
4042,5445,8952,1013,4206,504
4042,5445,8952,1432,701,7510
4042,5445,8952,6497,8134,1409
4042,5445,8952,4220,2968,7371
4042,5445,8952,8444,3602,206
4042,5445,8952,8795,2633,7769
4042,5445,8952,9158,1120,4631
4042,5445,8952,1135,3224,732
4042,5445,8952,4941,5882,6421
4042,5445,8952,366,200,3771
4042,5445,8952,800,6590,7255
4042,5445,8952,9846,1634,6384
4042,5445,8952,1597,4961,7976
4042,5445,8952,645,564,3310
4042,5445,8952,8692,2154,2534
4042,5445,8952,448,7112,9732
4042,5445,8952,4345,41,3766
4042,5445,8952,9738,6057,8750
4042,5445,8952,3578,373,2611
4042,5445,8952,6182,8382,9056
4042,5445,8952,7283,5692,164
4042,5445,8952,3887,4397,3843
4042,5445,8952,915,9600,6270
4042,5445,8952,7394,1930,1986
4042,5445,8952,9947,3836,6282
4042,5445,8952,2745,793,4725
4042,5445,8952,2133,8350,6023
4042,5445,8952,3952,4157,7168
4042,5445,8952,8377,3499,1375
4042,5445,8952,1209,173,1694
4042,5445,8952,1243,3739,3086
4042,5445,8952,1361,7174,1216
4042,5445,8952,7201,7484,3165
4042,5445,8952,7457,2916,3339
4042,5445,8952,7963,7239,4651
4042,5445,8952,2018,6806,1442
4042,5445,8952,8266,2556,5221
4042,5445,8952,4513,1084,4779
4042,5445,8952,7290,7430,3362
4042,5445,8952,8340,997,757
4042,5445,8952,6720,3416,9576
4042,5445,8952,5896,9302,6193
4042,5445,8952,7055,7995,749
4042,5445,8952,2552,4877,4948
4042,5445,8952,634,7030,6004
4042,5445,8952,4601,4917,1490
4042,5445,8952,5756,9167,805
4042,5445,8952,4470,6825,3516
4042,5445,8952,9880,8952,7557
4042,5445,8952,6767,3016,1432
4042,5445,8952,7521,2916,2911
4042,5445,8952,8191,1572,5693
4042,5445,8952,1114,9896,4876
4042,5445,8952,201,9924,1729
4042,5445,8952,7838,768,7257
4042,5445,8952,5912,4997,1471
4042,5445,8952,9681,6956,6007
4042,5445,8952,2701,6371,1515
4042,5445,8952,8213,7286,5662
4042,5445,8952,5871,8448,9997
4042,5445,8952,1120,4465,8668
4042,5445,8952,8406,9638,5941
4042,5445,8952,3888,7900,6990
4042,5445,8952,8496,1887,2829
4042,5445,8952,9856,5851,1908
4042,5445,8952,5702,2312,35
4042,5445,8952,2558,4629,5290
4042,5445,8952,3619,7606,6024
4042,5445,8952,2564,2097,4462
4042,5445,8952,2097,8003,7057
4042,5445,8952,8144,3873,99
4042,5445,8952,2236,359,1430
4042,5445,8952,6326,7750,7011
4042,5445,8952,2641,3023,4877
4042,5445,8952,3646,1198,2631
4042,5445,8952,1689,1113,9861
4042,5445,8952,7621,5566,3818
4042,5445,8952,4938,5685,6832
4042,5445,8952,724,7733,2232
4042,5445,8952,3473,7845,2385
4042,5445,8952,464,3046,6241
4042,5445,8952,4656,3031,2506
4042,5445,8952,1417,6432,1760
4042,5445,8952,8633,6708,3002
4042,5445,8952,1202,6335,4968
4042,5445,8952,477,4982,3057
4042,5445,8952,5947,9996,2426
4042,5445,8952,7723,6920,8580
4042,5445,8952,5569,439,4073
4042,5445,8952,3125,7466,7499
4042,5445,8952,364,7541,5699
4042,5445,8952,8986,7656,1621
4042,5445,8952,6353,2524,2365
4042,5445,8952,1059,4836,374
4042,5445,8952,9251,6392,9279
4042,5445,8952,9281,5576,2693
4042,5445,8952,8982,4899,2232
4042,5445,8952,6731,2436,9203
4042,5445,8952,9860,90,9662
4042,5445,8952,4284,5692,8854
4042,5445,8952,8133,1828,1288
4042,5445,8952,487,1582,931
4042,5445,8952,4123,958,6641
4042,5445,8952,6094,6897,2765
4042,5445,8952,780,6615,8401
4042,5445,8952,1386,2111,3399
4042,5445,8952,5535,6561,5892
4042,5445,8952,9622,6979,1878
4042,5445,8952,9579,8049,457
4042,5445,8952,46,4649,9324
4042,5445,8952,5677,9795,1553
4042,5445,8952,2123,7073,3560
4042,5445,8952,5562,3278,6403
4042,5445,8952,9417,8085,2715
4042,5445,8952,1274,244,4357
4042,5445,8952,4465,9399,4315
4042,5445,8952,8933,2966,5197
4042,5445,8952,1562,5176,3955
4042,5445,8952,7846,2144,2428
4042,5445,8952,4222,4720,6716
4042,5445,8952,9663,1898,200
4042,5445,8952,3372,9356,2167
4042,5445,8952,7362,4004,9533
4042,5445,8952,9063,7325,9434
4042,5445,8952,808,2663,3365
4042,5445,8952,4180,6089,43
4042,5445,8952,7955,3187,217
4042,5445,8952,564,9243,9946
