2945,4824,9118,9734,297,4860
2945,4824,9118,33,2583,9598
2945,4824,9118,6409,4538,915
2945,4824,9118,2891,6357,1146
2945,4824,9118,88,518,8473
2945,4824,9118,1966,6384,2378
2945,4824,9118,240,7738,1533
2945,4824,9118,4288,4454,7679
2945,4824,9118,6387,7632,5163
2945,4824,9118,9100,7508,105
2945,4824,9118,3664,9404,3510
2945,4824,9118,885,5531,5039
2945,4824,9118,6146,5610,7506
2945,4824,9118,3544,3426,9928
2945,4824,9118,6190,3742,142
2945,4824,9118,2614,7771,9820
2945,4824,9118,6412,8445,8878
2945,4824,9118,2125,9669,518
2945,4824,9118,4297,6856,7103
2945,4824,9118,4895,227,7525
2945,4824,9118,5873,9571,7671
2945,4824,9118,93,6939,6285
2945,4824,9118,5222,4682,920
2945,4824,9118,1820,8769,2075
2945,4824,9118,2348,6541,1631
2945,4824,9118,3985,3874,5197
2945,4824,9118,103,1165,4229
2945,4824,9118,1830,1986,1754
2945,4824,9118,7082,5672,5106
2945,4824,9118,5392,1037,417
2945,4824,9118,2650,4237,9304
2945,4824,9118,4514,2680,8129
2945,4824,9118,9431,1804,4437
2945,4824,9118,1533,5034,9197
2945,4824,9118,7618,8036,3684
2945,4824,9118,1473,536,6682
2945,4824,9118,5393,32,7204
2945,4824,9118,4929,5269,1795
2945,4824,9118,506,6053,8706
2945,4824,9118,4888,6180,2984
2945,4824,9118,5107,5524,8330
2945,4824,9118,9027,1381,5592
2945,4824,9118,9175,9722,8657
2945,4824,9118,7938,8998,5190
2945,4824,9118,1112,4089,9306
2945,4824,9118,9767,1491,5146
2945,4824,9118,6431,3199,444
2945,4824,9118,5000,5290,6968
2945,4824,9118,6771,2603,4633
2945,4824,9118,3266,8418,4003
2945,4824,9118,9698,1717,5406
2945,4824,9118,8568,3835,3501
2945,4824,9118,1818,2574,6681
2945,4824,9118,9429,8953,1259
2945,4824,9118,796,3105,2973
2945,4824,9118,1951,8038,1036
2945,4824,9118,9000,5462,4617
2945,4824,9118,2748,115,3374
2945,4824,9118,431,599,9910
2945,4824,9118,9518,6479,8237
2945,4824,9118,9781,8235,7572
2945,4824,9118,9690,9913,7558
2945,4824,9118,6543,7948,5602
2945,4824,9118,5997,5323,3338
2945,4824,9118,9659,1195,6027
2945,4824,9118,7472,1618,2839
2945,4824,9118,9397,3783,7055
2945,4824,9118,6173,7249,6399
2945,4824,9118,160,3491,9373
2945,4824,9118,4005,9866,4393
2945,4824,9118,3703,1021,3600
2945,4824,9118,2017,1453,6886
2945,4824,9118,342,8553,1759
2945,4824,9118,5987,3420,9935
2945,4824,9118,7924,3121,3525
2945,4824,9118,2754,7791,3892
2945,4824,9118,9312,2055,6387
2945,4824,9118,8182,4916,9296
2945,4824,9118,7738,1272,2566
2945,4824,9118,4342,9216,6601
2945,4824,9118,7507,125,2016
2945,4824,9118,7757,518,4475
2945,4824,9118,4651,3740,4385
2945,4824,9118,734,1002,4986
2945,4824,9118,8802,5789,8187
2945,4824,9118,9519,3672,8085
2945,4824,9118,9708,1191,1880
2945,4824,9118,4729,9242,8311
2945,4824,9118,5627,4702,7070
2945,4824,9118,2559,860,476
2945,4824,9118,2862,2275,3921
2945,4824,9118,4410,9444,2360
2945,4824,9118,2577,6326,8295
2945,4824,9118,6837,2481,2344
2945,4824,9118,516,9161,1939
2945,4824,9118,4765,7252,4235
2945,4824,9118,8760,2115,4982
2945,4824,9118,1165,3417,1226
2945,4824,9118,2080,9746,8361
2945,4824,9118,232,9744,4651
2945,4824,9118,1684,6351,847
2945,4824,9118,4538,3313,5882
2945,4824,9118,2197,767,1181
2945,4824,9118,8887,487,9169
2945,4824,9118,373,2529,940
2945,4824,9118,1377,4826,5658
2945,4824,9118,7715,3437,3175
2945,4824,9118,5662,8631,8088
2945,4824,9118,575,9733,6571
2945,4824,9118,8939,4539,6824
2945,4824,9118,2702,1741,2566
2945,4824,9118,5097,3551,6680
2945,4824,9118,624,9556,3097
2945,4824,9118,5709,4827,1292
2945,4824,9118,6465,7538,6492
2945,4824,9118,7272,1816,7646
2945,4824,9118,4152,8396,1118
2945,4824,9118,9946,1907,7213
2945,4824,9118,1934,4136,3570
2945,4824,9118,8586,7040,495
2945,4824,9118,2508,6319,7115
2945,4824,9118,4523,7028,550
2945,4824,9118,6566,2470,4281
2945,4824,9118,6823,1599,4042
2945,4824,9118,9987,1959,6063
2945,4824,9118,9120,506,8789
2945,4824,9118,9409,605,1208
2945,4824,9118,7993,2119,7816
2945,4824,9118,5339,2186,3282
2945,4824,9118,761,8945,5779
2945,4824,9118,4748,6238,8727
2945,4824,9118,6739,6397,8013
2945,4824,9118,6976,6936,8296
2945,4824,9118,2143,5030,6893
2945,4824,9118,2057,7052,5295
2945,4824,9118,9347,6789,6245
2945,4824,9118,6711,671,7994
2945,4824,9118,2171,330,7782
2945,4824,9118,446,6989,6270
2945,4824,9118,9503,162,1650
2945,4824,9118,6880,6065,5782
2945,4824,9118,798,7505,2104
2945,4824,9118,9524,1940,8107
2945,4824,9118,6917,1020,5412
2945,4824,9118,2854,4165,1149
2945,4824,9118,8706,9674,5882
2945,4824,9118,8527,3575,739
2945,4824,9118,4832,9362,7337
2945,4824,9118,5723,7671,8447
2945,4824,9118,6792,6575,3751
2945,4824,9118,5387,8699,1344
2945,4824,9118,9539,4860,2528
2945,4824,9118,1288,7852,9504
2945,4824,9118,108,5547,5725
2945,4824,9118,7417,844,1344
2945,4824,9118,5675,587,4724
2945,4824,9118,807,4713,2760
2945,4824,9118,2437,1397,8810
2945,4824,9118,881,2814,5740
2945,4824,9118,9227,3195,3055
2945,4824,9118,2059,7914,5541
2945,4824,9118,2219,476,3503
2945,4824,9118,3834,6327,5468
2945,4824,9118,8352,5781,9085
2945,4824,9118,2012,2284,7309
2945,4824,9118,9024,7993,5551
2945,4824,9118,9776,4999,516
2945,4824,9118,9333,3437,1058
2945,4824,9118,7692,7312,8842
2945,4824,9118,7913,8793,4695
2945,4824,9118,2818,2693,3724
2945,4824,9118,8157,7988,1519
2945,4824,9118,6274,134,8277
2945,4824,9118,996,9121,1096
2945,4824,9118,6394,9889,3451
2945,4824,9118,7204,4191,5320
2945,4824,9118,3801,6598,5916
2945,4824,9118,350,5077,4950
2945,4824,9118,1262,5992,5590
2945,4824,9118,4916,6828,256
2945,4824,9118,2098,9629,7677
2945,4824,9118,5428,9876,1621
2945,4824,9118,2542,3728,210
2945,4824,9118,5275,3359,9312
2945,4824,9118,3519,3288,8387
2945,4824,9118,1742,2901,1582
2945,4824,9118,4139,7802,6958
2945,4824,9118,2917,7882,473
2945,4824,9118,7042,6265,8558
2945,4824,9118,5422,6734,7614
2945,4824,9118,4761,4820,3425
2945,4824,9118,9442,3305,1915
2945,4824,9118,908,608,7089
2945,4824,9118,4069,1388,8702
2945,4824,9118,5365,4767,6864
2945,4824,9118,5881,7185,5298
2945,4824,9118,4277,6997,2629
2945,4824,9118,8794,7981,8576
2945,4824,9118,6948,9175,2809
2945,4824,9118,9140,4033,9048
2945,4824,9118,7670,3353,6795
2945,4824,9118,6721,5688,6038
2945,4824,9118,9585,4390,5733
2945,4824,9118,9756,33,2528
2945,4824,9118,5222,5239,4950
2945,4824,9118,7020,9723,4624
2945,4824,9118,7170,4399,6240
2945,4824,9118,4935,9925,8627
2945,4824,9118,7557,6516,1588
2945,4824,9118,5690,9814,2998
2945,4824,9118,1638,5251,4860
2945,4824,9118,5736,9302,8408
2945,4824,9118,2082,832,4626
2945,4824,9118,8324,1944,6367
2945,4824,9118,4833,2751,7904
2945,4824,9118,7635,347,4793
2945,4824,9118,6995,1800,6907
2945,4824,9118,7607,6283,7697
2945,4824,9118,1424,9500,3985
2945,4824,9118,3,206,9771
2945,4824,9118,1332,6041,9326
2945,4824,9118,2957,5306,4559
2945,4824,9118,4758,610,9755
2945,4824,9118,8909,1929,4162
2945,4824,9118,7926,3745,5375
2945,4824,9118,1928,8944,6754
2945,4824,9118,6642,6396,9491
2945,4824,9118,8498,4773,1496
2945,4824,9118,9219,4143,889
2945,4824,9118,4782,863,1850
2945,4824,9118,3616,7160,3372
2945,4824,9118,6865,826,507
2945,4824,9118,3242,1673,5720
2945,4824,9118,2292,8625,4971
2945,4824,9118,7646,8195,5966
2945,4824,9118,4145,6971,5084
2945,4824,9118,2234,1377,952
2945,4824,9118,4472,4994,4039
2945,4824,9118,1905,1274,5882
2945,4824,9118,436,5118,5473
2945,4824,9118,4382,2157,3007
2945,4824,9118,4523,8083,8905
2945,4824,9118,1357,5982,8925
2945,4824,9118,3678,4419,4064
2945,4824,9118,8446,6117,5445
2945,4824,9118,6460,1117,5015
2945,4824,9118,9275,1428,1368
2945,4824,9118,4241,5558,3760
2945,4824,9118,4906,4873,5045
2945,4824,9118,8062,2994,3171
2945,4824,9118,7463,9364,1156
2945,4824,9118,1390,8747,9379
2945,4824,9118,4644,7757,5836
2945,4824,9118,8844,1323,227
2945,4824,9118,2730,5216,9938
2945,4824,9118,3166,688,1308
2945,4824,9118,5385,5658,3736
2945,4824,9118,1867,4854,6600
2945,4824,9118,176,5521,2534
2945,4824,9118,8463,3176,6440
2945,4824,9118,2958,5355,5742
2945,4824,9118,4414,757,6282
2945,4824,9118,3864,7034,6692
2945,4824,9118,8084,744,1173
2945,4824,9118,7515,4276,3151
2945,4824,9118,2053,2298,6364
2945,4824,9118,2991,5599,1979
2945,4824,9118,9625,9744,2905
2945,4824,9118,7746,4426,9227
2945,4824,9118,379,5593,8794
2945,4824,9118,9456,3269,8631
2945,4824,9118,2614,6842,6988
2945,4824,9118,3396,9207,5936
2945,4824,9118,4671,9653,7998
2945,4824,9118,1735,1014,2460
2945,4824,9118,3621,5846,3076
2945,4824,9118,8807,7478,7021
2945,4824,9118,1433,3812,2121
2945,4824,9118,6088,4139,7475
2945,4824,9118,977,4717,6760
2945,4824,9118,2794,4723,7225
2945,4824,9118,8933,3125,4399
2945,4824,9118,3841,2935,437
2945,4824,9118,1162,6885,4900
2945,4824,9118,1096,3831,9496
2945,4824,9118,8536,5476,2516
2945,4824,9118,2090,5478,4486
2945,4824,9118,3041,9811,8963
2945,4824,9118,7747,3668,333
2945,4824,9118,9708,2079,5599
2945,4824,9118,8447,6637,5733
2945,4824,9118,8868,9951,6610
2945,4824,9118,8124,1115,4931
2945,4824,9118,9505,5173,4994
2945,4824,9118,4705,766,994
2945,4824,9118,1588,5658,7051
2945,4824,9118,7089,9686,9466
2945,4824,9118,7399,4317,749
2945,4824,9118,8184,806,7401
2945,4824,9118,6100,6737,3331
2945,4824,9118,4211,3219,5508
2945,4824,9118,137,5942,5807
2945,4824,9118,5237,5061,2902
2945,4824,9118,2715,2704,3049
2945,4824,9118,5340,5753,3108
2945,4824,9118,5907,5003,5249
2945,4824,9118,1587,4123,2882
2945,4824,9118,1015,6696,2572
2945,4824,9118,7527,1022,5920
2945,4824,9118,8721,9551,4533
2945,4824,9118,6396,9746,280
2945,4824,9118,3312,1702,9897
2945,4824,9118,8315,5431,9829
2945,4824,9118,6989,2649,2141
2945,4824,9118,5520,1093,4035
2945,4824,9118,3159,7400,1573
2945,4824,9118,2249,9614,9367
2945,4824,9118,5349,1744,5410
2945,4824,9118,4829,7510,564
2945,4824,9118,6621,7011,9386
2945,4824,9118,8014,8149,7317
2945,4824,9118,529,8610,6313
2945,4824,9118,4135,3972,5387
2945,4824,9118,3445,7026,2563
2945,4824,9118,6720,4834,3563
2945,4824,9118,6953,2084,3652
2945,4824,9118,7208,3101,459
2945,4824,9118,2144,9973,4221
2945,4824,9118,7874,718,2387
2945,4824,9118,7532,9386,3906
2945,4824,9118,5140,1079,4357
2945,4824,9118,2915,3176,4443
2945,4824,9118,8124,4108,7091
2945,4824,9118,3131,5538,5651
2945,4824,9118,3215,2279,6962
2945,4824,9118,4172,4527,9508
2945,4824,9118,960,3463,4358
2945,4824,9118,5985,9913,3954
2945,4824,9118,9342,1927,5320
2945,4824,9118,6353,2250,8870
2945,4824,9118,4747,7544,7871
2945,4824,9118,9477,6087,2837
2945,4824,9118,6321,801,6044
2945,4824,9118,9854,3238,4517
2945,4824,9118,4493,8595,5743
2945,4824,9118,6617,4110,9450
2945,4824,9118,6438,4736,9616
2945,4824,9118,4514,4366,5441
2945,4824,9118,7176,6278,8379
2945,4824,9118,3511,1382,2452
2945,4824,9118,8483,1775,3565
2945,4824,9118,663,5190,1378
2945,4824,9118,8441,2065,5447
2945,4824,9118,5205,6419,9990
2945,4824,9118,2277,8337,1836
2945,4824,9118,1545,5002,8276
2945,4824,9118,9657,7623,5792
2945,4824,9118,7796,2925,3496
2945,4824,9118,8469,953,5508
2945,4824,9118,4994,575,6135
3000,3437,3079,2230,2822,9220
3000,3437,3079,6967,6016,3899
3000,3437,3079,9498,7394,5544
3000,3437,3079,4002,1811,7105
3000,3437,3079,1661,9835,8955
3000,3437,3079,2407,7540,6915
3000,3437,3079,9814,5542,4716
3000,3437,3079,4146,6939,2077
3000,3437,3079,8513,2105,3707
3000,3437,3079,2381,4316,3196
3000,3437,3079,4836,9414,2252
3000,3437,3079,248,9589,2800
3000,3437,3079,2080,4006,2166
3000,3437,3079,4533,7227,3731
3000,3437,3079,3210,5286,2212
3000,3437,3079,3671,2496,4194
3000,3437,3079,5940,7967,2878
3000,3437,3079,1468,6979,9208
3000,3437,3079,7350,8841,1469
3000,3437,3079,2245,6459,1408
3000,3437,3079,5893,2175,9193
3000,3437,3079,8036,1955,7253
3000,3437,3079,9589,3492,1555
3000,3437,3079,1911,7493,8890
3000,3437,3079,5241,2510,7325
3000,3437,3079,3443,6824,8545
3000,3437,3079,5726,85,5922
3000,3437,3079,9661,1717,9761
3000,3437,3079,9855,6316,8123
3000,3437,3079,8925,3242,8585
3000,3437,3079,6224,2503,3256
3000,3437,3079,8502,3318,3561
3000,3437,3079,5522,6339,8391
3000,3437,3079,4703,5784,8412
3000,3437,3079,4042,5445,8952
3000,3437,3079,5889,4384,2177
3000,3437,3079,4703,3753,5877
3000,3437,3079,1832,7736,8400
3000,3437,3079,5764,6446,4359
3000,3437,3079,5201,8133,1167
3000,3437,3079,1599,7009,7027
3000,3437,3079,5130,6506,9733
3000,3437,3079,1584,5345,127
3000,3437,3079,8335,1280,5560
3000,3437,3079,2142,8064,8759
3000,3437,3079,1099,6311,3225
3000,3437,3079,8318,8293,403
3000,3437,3079,5086,8967,3951
3000,3437,3079,9756,2428,9872
3000,3437,3079,2736,6652,2219
3000,3437,3079,7354,2364,1905
3000,3437,3079,5811,4629,6291
3000,3437,3079,2409,9412,1521
3000,3437,3079,3316,6438,6980
3000,3437,3079,8977,2583,4822
3000,3437,3079,7395,6489,6609
3000,3437,3079,1841,3830,6170
3000,3437,3079,4711,8400,6753
3000,3437,3079,4341,121,8403
3000,3437,3079,295,4437,3452
3000,3437,3079,3179,3367,9332
3000,3437,3079,1074,3467,4483
3000,3437,3079,7691,2189,6392
3000,3437,3079,1486,7167,4570
3000,3437,3079,3980,9883,3497
3000,3437,3079,7978,6627,255
3000,3437,3079,1736,9499,390
3000,3437,3079,7022,7899,2504
3000,3437,3079,8517,3674,4511
3000,3437,3079,758,9085,1549
3000,3437,3079,8695,3505,4644
3000,3437,3079,3830,4212,6887
3000,3437,3079,2710,9827,1444
3000,3437,3079,5507,1238,6645
3000,3437,3079,3878,1898,8871
3000,3437,3079,2957,9015,1852
3000,3437,3079,6526,2342,1414
3000,3437,3079,8603,1433,9970
3000,3437,3079,9951,8499,8033
3000,3437,3079,8031,1244,4632
3000,3437,3079,6732,2753,67
3000,3437,3079,4476,8067,689
3000,3437,3079,2150,2079,2753
3000,3437,3079,5504,9923,4608
3000,3437,3079,2156,6899,6607
3000,3437,3079,6828,3167,9083
3000,3437,3079,9249,8529,5275
3000,3437,3079,1783,9056,74
3000,3437,3079,7290,3749,5983
3000,3437,3079,4994,5720,2939
3000,3437,3079,4797,4899,5972
3000,3437,3079,1701,8060,6018
3000,3437,3079,3065,4327,3249
3000,3437,3079,4421,2265,5384
3000,3437,3079,411,6205,1781
3000,3437,3079,7761,8852,5390
3000,3437,3079,4924,9447,6332
3000,3437,3079,9217,2987,7810
3000,3437,3079,8650,6681,2953
3000,3437,3079,9637,2434,2606
3000,3437,3079,3347,381,1838
3000,3437,3079,264,3348,9913
3000,3437,3079,2547,6276,2999
3000,3437,3079,1900,4357,989
3000,3437,3079,3663,6787,4296
3000,3437,3079,8867,6944,9752
3000,3437,3079,5872,1636,8306
3000,3437,3079,5291,2971,8774
3000,3437,3079,2604,7663,8850
3000,3437,3079,734,5244,2251
3000,3437,3079,167,7677,7249
3000,3437,3079,3032,5446,555
3000,3437,3079,5664,6845,4746
3000,3437,3079,8996,323,1966
3000,3437,3079,6701,198,3048
3000,3437,3079,4590,6894,1068
3000,3437,3079,5667,6422,5325
3000,3437,3079,5535,7338,4795
3000,3437,3079,6083,2087,6686
3000,3437,3079,5094,2501,6480
3000,3437,3079,327,9697,5280
3000,3437,3079,2806,8440,8967
3000,3437,3079,9974,8500,8190
3000,3437,3079,6990,3654,6702
3000,3437,3079,1415,4128,2835
3000,3437,3079,7774,8396,6019
3000,3437,3079,3680,6851,237
3000,3437,3079,2783,19,4805
3000,3437,3079,5397,7126,9407
3000,3437,3079,2364,5504,3584
3000,3437,3079,1930,4550,7320
3000,3437,3079,6236,9510,6262
3000,3437,3079,348,5946,1804
3000,3437,3079,6206,2541,9481
3000,3437,3079,7324,1649,8559
3000,3437,3079,9027,9818,1238
3000,3437,3079,272,6293,1975
3000,3437,3079,2494,2671,252
3000,3437,3079,249,7896,8351
3000,3437,3079,2703,5151,4443
3000,3437,3079,5209,84,4159
3000,3437,3079,4507,7820,6277
3000,3437,3079,4122,3439,5382
3000,3437,3079,8883,2825,2959
3000,3437,3079,8447,7348,9616
3000,3437,3079,6865,608,5532
3000,3437,3079,4146,1581,3554
3000,3437,3079,6335,402,6479
3000,3437,3079,4092,3085,1762
3000,3437,3079,894,9905,9254
