9661,977,2165,5750,5444,1905
9661,977,2165,3317,2299,6818
9661,977,2165,2804,2819,2720
9661,977,2165,4341,2735,4663
9661,977,2165,4940,2827,7208
9661,977,2165,4432,7713,3736
9661,977,2165,3722,2357,7676
9661,977,2165,7635,723,1775
9661,977,2165,6317,2492,6594
9661,977,2165,47,1110,3417
9661,977,2165,9906,8781,1039
9661,977,2165,1986,563,3764
9661,977,2165,8784,5449,2217
9661,977,2165,9290,3624,9954
9661,977,2165,9662,1108,1639
9661,977,2165,6859,2975,2907
9661,977,2165,6820,7078,4429
9661,977,2165,3069,5438,551
9661,977,2165,3011,3281,8392
9661,977,2165,161,7973,4251
9661,977,2165,7790,5781,3857
9661,977,2165,5243,9140,6123
9661,977,2165,8285,9697,3398
9661,977,2165,2,9310,7776
9661,977,2165,2657,5927,4826
9661,977,2165,3860,5295,3666
9661,977,2165,1277,5412,4379
9661,977,2165,1356,8084,4539
9661,977,2165,9942,181,8977
9661,977,2165,7382,9469,9005
9661,977,2165,4930,4885,5699
9661,977,2165,5339,7882,3018
9661,977,2165,7317,8118,6201
9661,977,2165,5743,2754,8635
9661,977,2165,1855,5346,5968
9661,977,2165,6536,9685,877
9661,977,2165,3993,9265,541
9661,977,2165,4216,7291,4518
9661,977,2165,7887,9175,4554
9661,977,2165,5908,7700,6477
9661,977,2165,3372,3472,6893
9661,977,2165,4155,10000,5551
9661,977,2165,4279,5483,2069
9661,977,2165,3586,4186,9674
9661,977,2165,5505,1740,4051
9661,977,2165,6727,4362,7708
9661,977,2165,4691,6624,5599
9661,977,2165,9120,6806,1464
9661,977,2165,5192,4771,9579
9661,977,2165,8075,7647,7240
9661,977,2165,4901,857,1536
9661,977,2165,6894,4518,8873
9661,977,2165,786,8291,2981
9661,977,2165,2053,7615,3797
9661,977,2165,4087,2111,7285
9661,977,2165,8351,5502,1710
9661,977,2165,2207,2419,3542
9661,977,2165,4572,328,2697
9661,977,2165,1721,8444,3294
9661,977,2165,3854,8559,3073
9661,977,2165,5099,3459,6253
9661,977,2165,8620,7936,8613
9661,977,2165,9361,3897,2166
9661,977,2165,4442,2682,4267
9661,977,2165,4007,3754,7037
9661,977,2165,3257,3869,590
9661,977,2165,8419,2657,7955
9661,977,2165,8178,1059,706
9661,977,2165,4610,8435,4777
9661,977,2165,4639,6702,9911
9661,977,2165,465,3501,1498
9661,977,2165,9057,168,6121
9661,977,2165,9643,7183,4409
9661,977,2165,3533,8003,4588
9661,977,2165,9698,4266,5029
9661,977,2165,9567,8233,5662
9661,977,2165,4560,1154,2591
9661,977,2165,2210,4265,9953
9661,977,2165,5428,7402,1200
9661,977,2165,1205,9126,5630
9661,977,2165,7396,3074,8914
9661,977,2165,3313,4197,6469
9661,977,2165,6966,507,691
9661,977,2165,7053,7288,3758
9661,977,2165,2219,212,7852
9661,977,2165,6402,7363,8985
9661,977,2165,2852,485,1353
9661,977,2165,1000,8294,324
9661,977,2165,2224,8429,5147
9661,977,2165,5852,594,4510
9661,977,2165,6751,4288,5935
9661,977,2165,8795,4534,7537
9661,977,2165,9567,1658,5342
9661,977,2165,8474,7249,6996
9661,977,2165,5400,7300,865
9661,977,2165,394,6893,8808
9661,977,2165,6804,5559,5906
9661,977,2165,5215,1559,2509
9661,977,2165,5092,2296,2700
9661,977,2165,2632,6520,7800
9661,977,2165,3585,8418,9674
9661,977,2165,1904,2596,342
9661,977,2165,2241,6634,2916
9661,977,2165,231,7385,5719
9661,977,2165,5021,2314,2368
9661,977,2165,1408,3635,3626
9661,977,2165,7910,8085,7122
9661,977,2165,3002,1863,8669
9661,977,2165,2968,8256,7215
9661,977,2165,415,3948,7873
9661,977,2165,5362,423,8059
9661,977,2165,8981,1574,6933
9661,977,2165,2928,8773,3050
9661,977,2165,5870,4137,3951
9661,977,2165,7667,6163,4722
9661,977,2165,3902,4264,2005
9661,977,2165,9026,6193,5899
9661,977,2165,4240,5960,8286
9661,977,2165,3102,4725,8163
9661,977,2165,640,3753,9369
9661,977,2165,3420,2672,4634
9661,977,2165,8068,186,4484
9661,977,2165,8701,2575,889
9661,977,2165,7249,5194,4757
9661,977,2165,1596,8078,4100
9661,977,2165,2941,7333,3515
9661,977,2165,7414,3767,308
9661,977,2165,3234,8260,9547
9661,977,2165,939,6306,8
9661,977,2165,4715,5681,4187
9661,977,2165,8940,8196,1992
9661,977,2165,1795,1401,7430
9661,977,2165,133,8859,3633
9661,977,2165,4444,4232,7636
9661,977,2165,1161,2874,9043
9661,977,2165,5578,9638,2396
9661,977,2165,5266,9150,5714
9661,977,2165,6587,6220,4498
9661,977,2165,9370,3319,8777
9661,977,2165,49,184,6374
9661,977,2165,8175,8411,5898
9661,977,2165,9252,1621,9631
9661,977,2165,7071,1457,3242
9661,977,2165,4860,9126,7846
9661,977,2165,6896,1747,1587
9661,977,2165,1935,248,4321
9661,977,2165,1141,3371,5770
9661,977,2165,2313,9519,2567
9661,977,2165,2182,328,1069
9661,977,2165,7384,8626,2039
9661,977,2165,9018,81,1727
9661,977,2165,2267,7230,8601
9661,977,2165,6487,2913,966
9661,977,2165,1303,3294,8243
9661,977,2165,5099,822,3147
9661,977,2165,9473,6141,5617
9661,977,2165,9613,4954,2616
9661,977,2165,9209,9949,5391
9661,977,2165,6483,8032,51
9661,977,2165,188,6006,2860
9661,977,2165,1965,4799,7205
9661,977,2165,9815,1098,3790
9661,977,2165,2599,6373,2964
9661,977,2165,5963,8262,9440
9661,977,2165,4765,8174,8936
9661,977,2165,2517,6278,1258
9661,977,2165,3719,5914,8345
9661,977,2165,4430,1000,7506
9661,977,2165,1852,8469,5852
9661,977,2165,671,1348,2495
9661,977,2165,6593,9791,4548
9661,977,2165,3693,5602,6473
9661,977,2165,7488,9933,3948
9661,977,2165,9633,8761,7701
9661,977,2165,9396,3779,4999
9661,977,2165,7258,3252,6989
9661,977,2165,132,8845,8260
9661,977,2165,1281,3373,8344
9661,977,2165,3093,9333,5647
9661,977,2165,7616,7434,1706
9661,977,2165,7932,3755,7111
9661,977,2165,7298,2455,9845
9661,977,2165,9696,813,3015
9661,977,2165,2962,3383,93
9661,977,2165,4129,896,5704
9661,977,2165,3243,6175,1633
9661,977,2165,3736,9409,7353
9661,977,2165,8986,6316,1309
9661,977,2165,3994,1362,6115
9661,977,2165,8079,2563,6937
9661,977,2165,2368,3182,6450
9661,977,2165,3321,356,4137
9661,977,2165,1574,4363,605
9661,977,2165,6329,6650,3540
9661,977,2165,5468,9466,2526
9661,977,2165,5642,4373,4051
9661,977,2165,7473,2542,7980
9661,977,2165,8501,6131,1108
9661,977,2165,6725,5627,153
9661,977,2165,6968,8324,9128
9661,977,2165,3749,2096,1023
9661,977,2165,4601,9949,9618
9661,977,2165,9294,1935,5498
9661,977,2165,3726,6000,7109
9661,977,2165,8215,1723,2181
9661,977,2165,9638,8453,8292
9661,977,2165,3143,4503,2716
9661,977,2165,5809,4092,9202
9661,977,2165,8289,2563,7709
9661,977,2165,8266,4959,6957
9661,977,2165,2191,1317,7527
9661,977,2165,2199,6215,373
9661,977,2165,1086,113,2465
9661,977,2165,4511,7933,4308
9661,977,2165,4809,8389,314
9661,977,2165,8675,912,6467
9661,977,2165,6115,5708,7571
9661,977,2165,8039,6566,9566
9661,977,2165,7077,8331,2049
9661,977,2165,7521,5009,3795
9661,977,2165,2636,4564,7336
9661,977,2165,8155,9025,3944
9661,977,2165,2183,4436,8196
9661,977,2165,2470,9802,9884
9661,977,2165,3520,9150,3209
9661,977,2165,2589,3742,7656
9661,977,2165,6491,278,2024
9661,977,2165,3894,4506,3423
9661,977,2165,1074,3118,8219
9661,977,2165,1554,4262,8067
9661,977,2165,4996,5689,2288
9661,977,2165,3808,918,9732
9661,977,2165,8803,5504,7821
9661,977,2165,21,515,4836
9661,977,2165,4641,1594,7779
9661,977,2165,9267,1179,5083
9661,977,2165,10,4957,6258
9661,977,2165,3202,5970,5460
9661,977,2165,581,9474,9715
9661,977,2165,9740,9290,4439
9661,977,2165,3014,22,9098
9661,977,2165,6468,9843,9242
9661,977,2165,6424,873,8186
9661,977,2165,1591,2408,894
9661,977,2165,862,55,6927
9661,977,2165,6245,846,6400
9661,977,2165,8955,7619,7363
9661,977,2165,5989,6715,9199
9661,977,2165,2700,6579,5846
9661,977,2165,3881,408,6001
9661,977,2165,4868,2650,4791
9661,977,2165,8806,763,7897
9661,977,2165,1189,5436,983
9661,977,2165,1353,352,7973
9661,977,2165,6692,6961,3155
9661,977,2165,4129,7232,60
9661,977,2165,2512,6796,5420
9661,977,2165,5789,6864,9739
9661,977,2165,2433,8472,891
9661,977,2165,8752,9944,7154
9661,977,2165,3863,2878,7320
9661,977,2165,3778,156,3252
9661,977,2165,8354,4056,9992
9661,977,2165,5508,8929,2052
9661,977,2165,3514,3124,9701
9661,977,2165,5658,9257,6419
9661,977,2165,6559,4119,1329
9661,977,2165,734,2880,8751
9661,977,2165,2250,4860,5174
9661,977,2165,4274,2824,4378
9661,977,2165,6979,8212,8750
9661,977,2165,4467,8030,5373
9661,977,2165,5065,4875,5950
9661,977,2165,7700,5887,9380
9661,977,2165,8484,233,1227
9661,977,2165,3383,2272,3108
9661,977,2165,4191,3334,2075
9661,977,2165,7519,4728,1211
9661,977,2165,3760,4082,5552
9661,977,2165,6288,5254,5777
9661,977,2165,4593,372,5083
9661,977,2165,1571,8961,3082
9661,977,2165,3157,4317,5008
9661,977,2165,4580,4700,6242
9661,977,2165,4915,9212,6566
9661,977,2165,2637,2348,6595
9661,977,2165,352,1343,7440
9661,977,2165,7775,285,2165
9661,977,2165,2135,9176,6138
9661,977,2165,277,6176,9169
9661,977,2165,5589,4102,2698
9661,977,2165,9109,4658,7847
9661,977,2165,4175,8439,2407
9661,977,2165,4554,6951,9642
9661,977,2165,2094,2118,6030
9661,977,2165,2913,9168,4449
9661,977,2165,4885,2497,2043
9661,977,2165,8244,5851,4507
9661,977,2165,5839,2841,9384
9661,977,2165,6827,7678,8984
9661,977,2165,2535,4104,3368
9661,977,2165,5503,5492,9287
9661,977,2165,252,2017,1428
9661,977,2165,9981,6635,2143
9661,977,2165,3305,6263,393
9661,977,2165,1698,4143,8636
9661,977,2165,4452,7457,8409
9661,977,2165,8364,7673,7365
9661,977,2165,3707,218,3175
9661,977,2165,1547,9074,8844
9661,977,2165,7318,2722,8211
9661,977,2165,2452,7638,2322
9661,977,2165,7765,6857,8663
9661,977,2165,6092,7826,4370
9661,977,2165,3374,4845,2336
9661,977,2165,6998,3278,9641
9661,977,2165,6017,4909,3303
9661,977,2165,2426,4677,4620
9661,977,2165,9004,5574,6561
9661,977,2165,4899,866,6337
9661,977,2165,7901,8145,7514
9661,977,2165,980,9868,3723
9661,977,2165,5894,4321,8038
9661,977,2165,9896,4483,6597
9661,977,2165,2113,8283,6297
9661,977,2165,9322,2764,7787
9661,977,2165,3821,728,2696
9661,977,2165,3902,8264,3398
9661,977,2165,352,7879,4990
9661,977,2165,879,4684,4664
9661,977,2165,9573,9032,9160
9661,977,2165,2812,2085,2081
9661,977,2165,8056,5199,3053
9661,977,2165,5637,7618,9226
9661,977,2165,4828,1855,1699
9661,977,2165,2046,3670,7190
9661,977,2165,1835,5833,6066
9661,977,2165,6076,5861,2783
9661,977,2165,5622,7287,5475
9661,977,2165,6389,2067,211
9661,977,2165,3514,4826,2984
9661,977,2165,3614,2712,3242
9661,977,2165,5977,9892,8968
9661,977,2165,408,8354,8587
9661,977,2165,3727,9744,2586
9661,977,2165,555,7454,5350
9661,977,2165,6727,6527,8105
9661,977,2165,6795,9294,5425
9661,977,2165,3953,4680,9119
9661,977,2165,1578,9719,8313
9661,977,2165,6679,4959,1267
9661,977,2165,5487,5338,4078
9661,977,2165,3932,5057,8973
9661,977,2165,6309,2605,2268
9661,977,2165,4638,141,7642
9661,977,2165,3970,1284,5802
9661,977,2165,6125,8903,7819
9661,977,2165,3311,5032,1744
9661,977,2165,2378,1965,1445
9661,977,2165,6658,5723,2233
9661,977,2165,1166,3478,2326
9661,977,2165,274,605,9532
9661,977,2165,2200,216,3372
9661,977,2165,4108,8374,2118
9661,977,2165,1334,187,1242
9661,977,2165,8208,9053,917
9661,977,2165,651,6146,9737
9661,977,2165,3051,6330,3997
9661,977,2165,7612,6967,8667
9661,977,2165,6472,820,6214
9661,977,2165,7350,7525,8260
9661,977,2165,7968,2102,6150
9661,977,2165,8258,9920,1346
9661,977,2165,5321,788,2935
9661,977,2165,4551,2254,4340
9661,977,2165,8898,6828,9492
9661,977,2165,7884,9329,7024
9661,977,2165,4237,9865,3437
9661,977,2165,5442,7729,9046
9661,977,2165,7843,5268,1522
9661,977,2165,1224,478,320
9661,977,2165,6112,5349,1397
9661,977,2165,5748,3354,1145
9661,977,2165,438,9573,4262
9661,977,2165,2336,7438,4097
9661,977,2165,4042,5416,6631
9661,977,2165,1502,981,973
9661,977,2165,1923,135,2184
9661,977,2165,4877,4396,4512
9661,977,2165,1075,3685,5571
9661,977,2165,991,2082,1983
9661,977,2165,1489,7538,1335
9661,977,2165,6025,5369,8942
9661,977,2165,7106,6925,7924
9661,977,2165,6947,7511,763
9661,977,2165,3354,447,9841
9661,977,2165,4506,8265,3483
9661,977,2165,6769,8361,4805
9661,977,2165,7991,8345,6361
9661,977,2165,760,139,4545
9661,977,2165,3240,131,1644
9661,977,2165,1268,7409,2006
9661,977,2165,9189,1899,3283
9661,977,2165,583,4974,7476
9661,977,2165,5652,3627,6694
9661,977,2165,1221,3366,7555
9661,977,2165,2112,5900,2861
9661,977,2165,5951,9079,4442
9661,977,2165,409,7079,8112
9661,977,2165,1610,2827,6331
9661,977,2165,6083,3782,1715
9661,977,2165,6090,9672,8473
9661,977,2165,1852,7404,2136
9661,977,2165,4479,4236,7289
9661,977,2165,512,7531,8019
9661,977,2165,9280,5765,5698
9661,977,2165,7563,7265,6215
9661,977,2165,2389,9211,3043
9661,977,2165,6432,3588,4257
9661,977,2165,7804,3642,3897
9661,977,2165,6139,8307,6182
9661,977,2165,9316,3321,6010
9661,977,2165,4669,2356,8207
9661,977,2165,1629,2944,1327
9661,977,2165,1368,4104,8643
9661,977,2165,7413,6865,3391
9661,977,2165,1327,5335,6088
9661,977,2165,7067,8272,1796
9661,977,2165,6610,409,407
9661,977,2165,5738,3249,1768
9661,977,2165,136,4426,7365
9661,977,2165,829,8576,3135
9661,977,2165,7247,3182,2264
9661,977,2165,1893,8034,6793
9661,977,2165,7726,6575,3230
9661,977,2165,7223,5718,2347
9661,977,2165,8792,7920,4413
9661,977,2165,159,5489,2739
9661,977,2165,805,5256,8138
9661,977,2165,4969,963,8868
9661,977,2165,2462,6426,1811
9661,977,2165,3595,8599,6634
9661,977,2165,4010,4907,8350
9661,977,2165,8430,7701,135
9661,977,2165,6998,1136,5616
9661,977,2165,1064,3553,1233
9661,977,2165,5486,2557,1998
9661,977,2165,8419,2723,6695
9661,977,2165,7779,8565,2810
9661,977,2165,3725,8374,6790
9661,977,2165,8351,3340,5064
9661,977,2165,2766,7113,796
9661,977,2165,9884,1067,6511
9661,977,2165,3938,7154,4370
9661,977,2165,8569,2486,7901
9661,977,2165,3373,3105,3418
9661,977,2165,6552,7871,5147
9661,977,2165,1421,3717,4558
9661,977,2165,3039,7198,4011
9661,977,2165,9316,8829,617
9661,977,2165,786,4385,5310
9661,977,2165,5634,5830,4093
9661,977,2165,804,5841,1031
9661,977,2165,965,3548,4297
9661,977,2165,3616,2381,2236
9661,977,2165,3390,9820,2669
9661,977,2165,5806,1806,5269
9661,977,2165,990,8114,937
9661,977,2165,4375,879,6031
9661,977,2165,7125,4545,2183
9661,977,2165,6733,9280,893
9661,977,2165,7499,5831,293
9661,977,2165,1977,9038,465
9661,977,2165,1681,8250,6980
9661,977,2165,2094,8645,5586
9661,977,2165,546,4883,9690
9661,977,2165,2679,9600,6476
9661,977,2165,7923,121,6237
9661,977,2165,6844,7873,2723
9661,977,2165,5481,3898,691
9661,977,2165,7705,5542,9719
9661,977,2165,563,1810,2111
9661,977,2165,883,9649,8203
9661,977,2165,2190,8730,4767
9661,977,2165,2716,9684,928
9661,977,2165,6580,1037,5385
9661,977,2165,627,5913,3613
9661,977,2165,7354,2637,8916
9661,977,2165,2148,1250,8046
9661,977,2165,1540,2293,8147
9661,977,2165,9630,7108,7572
9661,977,2165,1472,7003,3367
9661,977,2165,5566,5667,9938
9661,977,2165,7156,8757,45
9661,977,2165,8857,9930,3681
9661,977,2165,9129,705,1691
9661,977,2165,9601,4277,2249
9661,977,2165,4876,4161,384
9661,977,2165,2600,3982,8342
9661,977,2165,567,5509,2257
9661,977,2165,7457,1800,5278
9661,977,2165,9509,6652,4541
9661,977,2165,6292,1745,8186
9661,977,2165,4241,5929,3117
9661,977,2165,9108,9160,8977
9661,977,2165,7796,2713,1417
9661,977,2165,9494,6380,4335
9661,977,2165,7646,3089,8048
9661,977,2165,7088,1156,4619
9661,977,2165,9207,1656,1060
