9661,977,2165,8932,6532,8297
9661,977,2165,6490,946,5362
9661,977,2165,8839,9949,5900
9661,977,2165,5046,2684,3523
9661,977,2165,825,8055,3966
9661,977,2165,7854,9625,8861
9661,977,2165,4593,6139,7049
9661,977,2165,3094,6201,8472
9661,977,2165,9600,8728,2870
9661,977,2165,3645,2367,4503
9661,977,2165,1847,1071,2824
9661,977,2165,5440,6463,2818
9661,977,2165,695,6576,9536
9661,977,2165,67,6379,9220
9661,977,2165,6524,2277,8381
9661,977,2165,5517,1694,8641
9661,977,2165,429,9119,7788
9661,977,2165,6187,9643,8825
9661,977,2165,1745,5131,9273
9661,977,2165,7507,3938,9553
9661,977,2165,5467,9078,3123
9661,977,2165,6616,8848,2202
9661,977,2165,1903,3313,2189
9661,977,2165,9895,9641,7418
9661,977,2165,5580,7852,4600
9661,977,2165,1195,7212,2003
9661,977,2165,2711,3949,907
9661,977,2165,7743,2054,8768
9661,977,2165,3555,7840,3266
9661,977,2165,6276,5410,2017
9661,977,2165,8115,4374,1962
9661,977,2165,1416,8560,3673
9661,977,2165,206,6578,5046
9661,977,2165,1187,8410,9157
9661,977,2165,7596,3098,5899
9661,977,2165,6837,2816,6865
9661,977,2165,4106,3247,2912
9661,977,2165,3698,5928,4203
9661,977,2165,8759,1497,8036
9661,977,2165,8295,6051,9109
9661,977,2165,7814,248,9229
9661,977,2165,2035,2708,1844
9661,977,2165,9581,9155,4068
9661,977,2165,5241,5326,4703
9661,977,2165,5801,624,2996
9661,977,2165,7975,128,6982
9661,977,2165,2281,2844,100
9661,977,2165,2336,9453,3764
9661,977,2165,7778,8040,9122
9661,977,2165,4393,9859,2032
9661,977,2165,5892,4254,5589
9661,977,2165,8104,5765,6418
9661,977,2165,306,7321,484
9661,977,2165,8589,1640,7334
9661,977,2165,991,4976,1716
9661,977,2165,7520,2760,15
9661,977,2165,6270,6036,9539
9661,977,2165,104,3867,445
9661,977,2165,3935,4418,9670
9661,977,2165,3819,3932,634
9661,977,2165,6489,9170,2521
9661,977,2165,5304,3040,9312
9661,977,2165,2047,9359,9597
9661,977,2165,4506,3384,8924
9661,977,2165,7413,4696,6396
9661,977,2165,2926,9321,2982
9661,977,2165,1086,3870,547
9661,977,2165,786,8237,1994
9661,977,2165,5637,861,9230
9661,977,2165,4230,2697,4966
9661,977,2165,1793,2639,108
9661,977,2165,770,9447,266
9661,977,2165,4742,5575,1812
9661,977,2165,5518,9156,612
9661,977,2165,2124,5082,5238
9661,977,2165,6338,2117,919
9661,977,2165,8716,1071,4697
9661,977,2165,1446,58,6319
9661,977,2165,1221,59,2573
9661,977,2165,7717,2201,3593
9661,977,2165,4129,2096,4968
9661,977,2165,8961,4315,1897
9661,977,2165,2782,1270,2375
9661,977,2165,2772,9234,5613
9661,977,2165,5800,6781,9064
9661,977,2165,1516,39,9748
9661,977,2165,400,1107,6312
9661,977,2165,6173,7249,419
9661,977,2165,2257,727,9745
9661,977,2165,8713,3324,174
9661,977,2165,56,6932,1290
9661,977,2165,9152,5635,7297
9661,977,2165,613,3044,6772
9661,977,2165,9402,6408,4954
9661,977,2165,8812,6814,9003
9661,977,2165,7069,1905,464
9661,977,2165,1269,5363,8821
9661,977,2165,4148,2879,5852
9661,977,2165,7965,1872,7596
9661,977,2165,2693,4459,7810
9661,977,2165,7543,3771,5853
9661,977,2165,3761,1693,508
9661,977,2165,9740,4006,2960
9661,977,2165,4894,5074,7794
9661,977,2165,615,9792,7318
9661,977,2165,145,770,7537
9661,977,2165,3106,4117,1697
9661,977,2165,8958,9566,3546
9661,977,2165,3070,7799,511
9661,977,2165,8806,7640,6946
9661,977,2165,2960,9172,4586
9661,977,2165,5836,7616,5973
9661,977,2165,7383,1568,4783
9661,977,2165,6494,247,1747
9661,977,2165,9519,3388,1464
9661,977,2165,7786,2451,6408
9661,977,2165,1619,7694,1790
9661,977,2165,8106,9025,7190
9661,977,2165,6639,3601,8235
9661,977,2165,5612,8253,7025
9661,977,2165,2307,4466,9687
9661,977,2165,2395,4744,7290
9661,977,2165,1225,8288,9836
9661,977,2165,4647,9522,8578
9661,977,2165,5171,3960,3557
9661,977,2165,164,2478,3722
9661,977,2165,13,2347,5827
9661,977,2165,9890,1755,6440
9661,977,2165,8519,8910,7613
9661,977,2165,7591,410,1117
9661,977,2165,5717,8555,6608
9661,977,2165,2729,3162,1364
9661,977,2165,4238,2536,9069
9661,977,2165,918,5853,787
9661,977,2165,1129,1176,3774
9661,977,2165,6315,3469,6454
9661,977,2165,6996,2964,2411
9661,977,2165,5056,4936,9988
9661,977,2165,7088,1301,6309
9661,977,2165,703,1429,6034
9661,977,2165,3142,2002,5870
9661,977,2165,2531,8961,190
9661,977,2165,4511,1912,7370
9661,977,2165,3868,7856,7248
9661,977,2165,3213,3340,8303
9661,977,2165,4610,7865,8140
9661,977,2165,9657,481,5626
9661,977,2165,8125,3223,1514
9661,977,2165,4565,2451,3095
9661,977,2165,7524,9108,3599
9661,977,2165,5856,4106,9152
9661,977,2165,595,8207,1858
9661,977,2165,9005,2389,1158
9661,977,2165,1572,1059,5049
9661,977,2165,8970,2657,6734
9661,977,2165,1004,9950,9740
9661,977,2165,6715,5828,1093
9661,977,2165,1352,2383,4602
9661,977,2165,154,9598,3286
9661,977,2165,2411,6996,6530
9661,977,2165,1056,4294,7757
9661,977,2165,3740,7783,4427
9661,977,2165,8614,1162,2382
9661,977,2165,132,9656,7225
9661,977,2165,3303,190,3660
9661,977,2165,2970,2225,4494
9661,977,2165,5514,1811,1153
9661,977,2165,8200,1223,1222
9661,977,2165,916,8938,6993
9661,977,2165,5018,8043,8889
9661,977,2165,5000,6823,4341
9661,977,2165,2934,3300,9199
9661,977,2165,6362,2544,8402
9661,977,2165,1296,6393,9892
9661,977,2165,6915,6705,8336
9661,977,2165,7784,4008,6197
9661,977,2165,4390,2964,306
9661,977,2165,6364,7441,5324
9661,977,2165,2416,753,1564
9661,977,2165,4968,8562,2181
9661,977,2165,9192,3645,2394
9661,977,2165,5308,9598,5420
9661,977,2165,1775,8412,8870
9661,977,2165,3611,5394,8384
9661,977,2165,1241,1073,8126
9661,977,2165,7523,4917,8663
9661,977,2165,9808,7139,3103
9661,977,2165,822,1961,1375
9661,977,2165,5966,8034,1867
9661,977,2165,3882,8810,9267
9661,977,2165,368,3416,1006
9661,977,2165,3633,306,8696
9661,977,2165,2525,4425,6116
9661,977,2165,4540,5306,5144
9661,977,2165,6344,7538,6763
9661,977,2165,1489,4738,618
9661,977,2165,9968,8034,1231
9661,977,2165,3136,6376,5079
9661,977,2165,535,9025,5428
9661,977,2165,7674,8505,8820
9661,977,2165,3580,5745,946
9661,977,2165,3995,6696,146
9661,977,2165,4097,1909,7055
9661,977,2165,9545,1626,2239
9661,977,2165,8357,5920,3565
9661,977,2165,5148,145,8628
9661,977,2165,3163,4180,6391
9661,977,2165,8206,9565,8356
9661,977,2165,1709,5548,8376
9661,977,2165,9374,5077,1918
9661,977,2165,2127,5133,2997
9661,977,2165,7100,2423,5529
9661,977,2165,1543,8055,2751
9661,977,2165,5795,6890,6146
9661,977,2165,1125,2765,3994
9661,977,2165,1374,5339,6135
9661,977,2165,7253,973,9208
9661,977,2165,913,865,5386
9661,977,2165,4006,5694,8148
9661,977,2165,8815,4188,6900
9661,977,2165,6737,831,9241
9661,977,2165,7053,371,3266
9661,977,2165,9468,4353,4379
9661,977,2165,9861,485,3992
9661,977,2165,3594,3078,3989
9661,977,2165,3002,9380,304
9661,977,2165,2406,6535,48
9661,977,2165,38,9712,9406
9661,977,2165,6893,5802,7337
9661,977,2165,6148,2700,2887
9661,977,2165,9837,1403,8432
9661,977,2165,3606,7876,6394
9661,977,2165,9113,3476,1571
9661,977,2165,8012,404,633
9661,977,2165,920,8024,7369
9661,977,2165,7202,5129,8727
9661,977,2165,6064,9970,7438
9661,977,2165,5076,1156,4310
9661,977,2165,5895,3250,1051
9661,977,2165,5115,4414,4717
9661,977,2165,2857,7792,4580
9661,977,2165,1468,8874,7696
9661,977,2165,2353,328,2871
9661,977,2165,9630,7522,2409
9661,977,2165,990,7772,3758
9661,977,2165,3705,5752,1097
9661,977,2165,6497,1783,8052
9661,977,2165,1398,3835,1452
9661,977,2165,8041,5269,3604
9661,977,2165,247,4516,8220
9661,977,2165,5217,9462,6708
9661,977,2165,6836,1235,4752
9661,977,2165,8,7260,262
9661,977,2165,6615,374,7894
9661,977,2165,8604,9213,9715
9661,977,2165,8679,1880,6855
9661,977,2165,393,831,9612
9661,977,2165,1511,549,8504
9661,977,2165,5063,8200,2952
9661,977,2165,2884,1758,9072
9661,977,2165,8063,4212,5039
9661,977,2165,2482,9447,9507
9661,977,2165,7356,5139,736
9661,977,2165,8897,7517,9367
9661,977,2165,3257,9159,464
9661,977,2165,5018,476,9471
9661,977,2165,4179,4931,3916
9661,977,2165,3664,902,7915
9661,977,2165,9553,8767,1430
9661,977,2165,7896,4662,1018
9661,977,2165,8266,618,9608
9661,977,2165,2332,3536,4056
9661,977,2165,9350,7195,5073
9661,977,2165,8881,5149,9638
9661,977,2165,8577,9831,8596
9661,977,2165,5554,6158,3198
9661,977,2165,8915,2953,2041
9661,977,2165,2276,8373,4735
9661,977,2165,5618,9084,3988
9661,977,2165,8804,8501,3967
9661,977,2165,5162,5836,3560
9661,977,2165,5456,1199,1399
9661,977,2165,144,9777,4740
9661,977,2165,257,5971,6815
9661,977,2165,1942,1438,4739
9661,977,2165,9066,4428,7210
9661,977,2165,8934,6150,6681
9661,977,2165,5478,5101,3455
9661,977,2165,267,5849,4561
9661,977,2165,6838,3301,4459
9661,977,2165,9125,1421,4632
9661,977,2165,2753,9741,4081
9661,977,2165,9636,2678,3742
9661,977,2165,3297,2875,9581
9661,977,2165,7859,9597,4041
9661,977,2165,8722,4657,1032
9661,977,2165,1056,3695,5123
9661,977,2165,6994,5780,1696
9661,977,2165,1719,4804,2863
9661,977,2165,4319,3990,4754
9661,977,2165,6519,4198,8756
9661,977,2165,4422,4605,997
9661,977,2165,1645,2994,6232
9661,977,2165,8691,2996,7471
9661,977,2165,4927,2407,2245
9661,977,2165,8217,462,4864
9661,977,2165,2631,7589,2107
9661,977,2165,21,8634,4898
9661,977,2165,7145,1721,7364
9661,977,2165,6228,2880,1748
9661,977,2165,215,7353,9985
9661,977,2165,1041,6560,556
9661,977,2165,1856,9944,6772
9661,977,2165,9260,3743,1632
9661,977,2165,4486,5407,5328
9661,977,2165,3755,8054,3999
9661,977,2165,5958,2813,211
9661,977,2165,3877,2444,5457
9661,977,2165,6128,1232,1135
9661,977,2165,5109,1536,130
9661,977,2165,6359,1797,6863
9661,977,2165,4126,7662,5370
9661,977,2165,8426,1657,6955
9661,977,2165,3060,653,7653
9661,977,2165,4894,3713,3659
9661,977,2165,220,8584,2397
9661,977,2165,1696,1747,2095
9661,977,2165,2202,3411,243
9661,977,2165,2312,9057,3520
9661,977,2165,2583,9037,2635
9661,977,2165,932,4911,3809
9661,977,2165,8965,6251,2567
9661,977,2165,5794,2527,5773
9661,977,2165,5125,8145,397
9661,977,2165,9998,7078,3156
9661,977,2165,3581,1415,3324
9661,977,2165,8797,7809,3405
9661,977,2165,8035,2598,1173
9661,977,2165,6764,2089,790
9661,977,2165,965,701,9695
9661,977,2165,3252,2750,8212
9661,977,2165,2358,3155,665
9661,977,2165,9126,2504,115
9661,977,2165,702,5483,6916
9661,977,2165,6371,840,2078
9661,977,2165,6630,6505,4655
9661,977,2165,5387,7102,1539
9661,977,2165,2766,5317,1280
9661,977,2165,7962,3830,5929
9661,977,2165,3024,3309,5314
9661,977,2165,6804,7385,9568
9661,977,2165,414,8074,7444
9661,977,2165,3041,7090,9868
9661,977,2165,8372,6069,2551
9661,977,2165,1003,720,8074
9661,977,2165,8590,3259,1712
9661,977,2165,2351,7403,5270
9661,977,2165,5042,1679,2311
9661,977,2165,4721,3741,2177
9661,977,2165,5422,7439,4869
9661,977,2165,8192,5369,4766
9661,977,2165,6573,8109,332
9661,977,2165,7577,4184,3147
9661,977,2165,5733,6538,5219
9661,977,2165,6463,3057,2140
9661,977,2165,9080,4522,3434
9661,977,2165,9446,9005,839
9661,977,2165,4592,1191,7331
9661,977,2165,1118,2173,1528
9661,977,2165,7723,6278,3955
9661,977,2165,6996,953,780
9661,977,2165,8128,9677,9434
9661,977,2165,694,6098,6214
9661,977,2165,8208,9971,7721
9661,977,2165,9635,4534,7237
9661,977,2165,6241,6315,6893
9661,977,2165,3,7984,781
9661,977,2165,3371,3930,8336
9661,977,2165,2896,9304,603
9661,977,2165,5434,6288,5585
9661,977,2165,7519,320,1370
9661,977,2165,9520,4440,4386
9661,977,2165,6417,4794,402
9661,977,2165,4811,8065,6761
9661,977,2165,2061,7739,7048
9661,977,2165,5177,2039,1635
9661,977,2165,9573,2829,8992
9661,977,2165,4097,5325,7129
9661,977,2165,3923,4424,92
9661,977,2165,9963,5473,799
9661,977,2165,5657,6414,3229
9661,977,2165,23,4552,7165
9661,977,2165,6689,8261,1087
9661,977,2165,8532,9687,8683
9661,977,2165,3424,2975,9650
9661,977,2165,641,4204,6268
9661,977,2165,3834,1767,2312
9661,977,2165,4999,8644,4897
9661,977,2165,5890,4787,3165
9661,977,2165,9526,9810,6871
9661,977,2165,2541,1566,3032
9661,977,2165,4321,0,8264
9661,977,2165,6413,3474,4654
9661,977,2165,4636,9566,2346
9661,977,2165,2874,6720,3871
9661,977,2165,4333,2646,6775
9661,977,2165,3650,4126,6105
9661,977,2165,2932,7995,3748
9661,977,2165,1363,4103,8813
9661,977,2165,7418,7807,5979
9661,977,2165,8436,7305,1992
9661,977,2165,516,8793,8524
9661,977,2165,7841,423,4541
9661,977,2165,5701,3217,6846
9661,977,2165,6620,9392,7206
9661,977,2165,8508,1129,5
9661,977,2165,6274,1826,4716
9661,977,2165,4390,4908,6680
9661,977,2165,5777,851,8369
9661,977,2165,8523,4016,7380
9661,977,2165,8415,5907,3217
9661,977,2165,1756,2275,3338
9661,977,2165,8931,4551,8582
9661,977,2165,3450,9384,3544
9661,977,2165,3843,3652,6177
9661,977,2165,6137,7181,8644
9661,977,2165,7216,7483,8298
9661,977,2165,8906,9881,1426
9661,977,2165,3476,8130,5850
9661,977,2165,9874,3330,4608
9661,977,2165,241,3761,9749
9661,977,2165,8332,8152,1241
9661,977,2165,2461,2297,3595
9661,977,2165,4781,6520,508
9661,977,2165,7455,7221,9336
9661,977,2165,4015,5961,8133
9661,977,2165,9889,2983,5135
9661,977,2165,2981,6348,553
9661,977,2165,3663,5661,4419
9661,977,2165,6071,6531,1345
9661,977,2165,1324,9256,5882
9661,977,2165,1123,3366,8054
9661,977,2165,411,2643,49
9661,977,2165,9804,1570,1970
9661,977,2165,9574,6511,6477
9661,977,2165,240,7917,4678
9661,977,2165,8686,7106,8755
9661,977,2165,931,4891,5463
9661,977,2165,2232,8660,4982
9661,977,2165,851,9091,2045
9661,977,2165,826,7732,3552
9661,977,2165,3597,6362,612
9661,977,2165,8315,6450,2540
9661,977,2165,8945,7020,8695
9661,977,2165,61,7014,8858
9661,977,2165,8004,748,4096
9661,977,2165,9199,6627,4082
9661,977,2165,9820,9646,6599
9661,977,2165,634,8729,2020
9661,977,2165,1870,674,6334
9661,977,2165,4262,9062,5840
9661,977,2165,2933,9521,4255
9661,977,2165,4671,9490,7593
9661,977,2165,8360,9491,2889
9661,977,2165,1339,9978,7470
9661,977,2165,1856,2291,8536
9661,977,2165,6586,5804,4873
9661,977,2165,6528,8858,8535
9661,977,2165,2138,8951,4981
9661,977,2165,3905,6359,3347
9661,977,2165,1689,8142,6253
9661,977,2165,1454,7025,2947
9661,977,2165,3911,57,6278
9661,977,2165,7626,6230,3043
9661,977,2165,5750,4739,242
9661,977,2165,6783,6868,3102
9661,977,2165,9875,249,2005
9661,977,2165,4897,8855,9190
9661,977,2165,9644,6188,7474
9661,977,2165,7873,5545,7844
9661,977,2165,7633,6011,1232
9661,977,2165,3716,4521,8976
9661,977,2165,6665,3507,2000
9661,977,2165,6992,6123,4859
9661,977,2165,8658,5829,8682
9661,977,2165,5329,1117,3034
9661,977,2165,8943,8620,9756
9661,977,2165,8011,4320,7594
9661,977,2165,265,687,7112
9661,977,2165,2386,7069,2178
9661,977,2165,1104,6221,5209
9661,977,2165,6778,182,7947
9661,977,2165,1341,8501,2594
9661,977,2165,1827,830,1066
9661,977,2165,1,1517,5260
9661,977,2165,1679,8418,1353
9661,977,2165,5249,2946,6998
9661,977,2165,532,5963,6227
9661,977,2165,7966,708,3425
9661,977,2165,7126,5237,8430
9661,977,2165,5845,7058,5367
9661,977,2165,3638,6438,7482
9661,977,2165,8002,4961,1242
9661,977,2165,9971,3293,3173
9661,977,2165,4632,503,9087
9661,977,2165,4681,6049,240
9661,977,2165,5055,8898,1326
9661,977,2165,6306,2511,5517
9661,977,2165,3407,9298,5336
9661,977,2165,4891,9613,2399
