5771,7414,5647,3470,4933,4220
5771,7414,5647,7738,5892,7896
5771,7414,5647,3152,9229,1881
5771,7414,5647,7869,3966,2880
5771,7414,5647,7041,7920,5866
5771,7414,5647,7583,5023,9331
5771,7414,5647,9187,4098,1459
5771,7414,5647,3814,3021,2790
5771,7414,5647,1522,8671,6015
5771,7414,5647,2945,2677,2562
5771,7414,5647,296,678,520
5771,7414,5647,6348,1362,1902
5771,7414,5647,7306,4668,6965
5771,7414,5647,7776,3888,3200
5771,7414,5647,9767,249,6123
5771,7414,5647,223,4521,6121
5771,7414,5647,1211,7435,8033
5771,7414,5647,9430,6688,1827
5771,7414,5647,3049,5348,6312
5771,7414,5647,3787,4053,1655
5771,7414,5647,9241,1708,2433
5771,7414,5647,5592,5698,39
5771,7414,5647,7341,1676,467
5771,7414,5647,3840,5974,2723
5771,7414,5647,9739,4505,4019
5771,7414,5647,1735,7989,2882
5771,7414,5647,6299,213,9777
5771,7414,5647,4894,8025,8318
5771,7414,5647,9615,6491,9944
5771,7414,5647,1074,7401,6220
5771,7414,5647,6956,4140,3581
5771,7414,5647,6095,389,633
5771,7414,5647,2502,5146,4851
5771,7414,5647,7557,8361,8241
5771,7414,5647,2712,578,4839
5771,7414,5647,5509,6355,1647
5771,7414,5647,1849,2897,8007
5771,7414,5647,1981,1170,5558
5771,7414,5647,5517,559,9731
5771,7414,5647,2231,3823,993
5771,7414,5647,5327,4308,5440
5771,7414,5647,3607,2454,5194
5771,7414,5647,4555,4990,4223
5771,7414,5647,7240,5239,4690
5771,7414,5647,5418,1362,933
5771,7414,5647,1496,3416,1598
5771,7414,5647,7846,9763,3204
5771,7414,5647,9662,616,760
5771,7414,5647,599,2754,827
5771,7414,5647,7172,2968,2094
5771,7414,5647,2022,8232,9450
5771,7414,5647,3945,5484,2847
5771,7414,5647,8809,1847,7534
5771,7414,5647,2765,880,7201
5771,7414,5647,909,9097,5598
5771,7414,5647,384,5848,3736
5771,7414,5647,7091,861,2757
5771,7414,5647,5263,791,9848
5771,7414,5647,7148,8815,1320
5771,7414,5647,8329,9925,2637
5771,7414,5647,7501,8510,1828
5771,7414,5647,1440,9822,9496
5771,7414,5647,8903,3748,741
5771,7414,5647,570,9440,6722
5771,7414,5647,7350,6595,5062
5771,7414,5647,1819,8997,4961
5771,7414,5647,7837,3294,8017
5771,7414,5647,5655,3448,2598
5771,7414,5647,3000,2368,6307
5771,7414,5647,7908,3397,2403
5771,7414,5647,5577,3883,4252
5771,7414,5647,7653,4997,4150
5771,7414,5647,8966,3252,3189
5771,7414,5647,568,9812,6704
5771,7414,5647,5111,1968,144
5771,7414,5647,2080,268,5458
5771,7414,5647,9315,3312,4369
5771,7414,5647,8360,3162,7778
5771,7414,5647,118,1875,8495
5771,7414,5647,3265,6046,6856
5771,7414,5647,3175,9174,6433
5771,7414,5647,534,5473,1261
5771,7414,5647,8791,4810,7723
5771,7414,5647,4651,9941,9010
5771,7414,5647,5395,266,1412
5771,7414,5647,7866,8619,7104
5771,7414,5647,4657,6171,8790
5771,7414,5647,4875,4320,6789
5771,7414,5647,2352,7900,6945
5771,7414,5647,892,7094,5281
5771,7414,5647,4750,9635,3099
5771,7414,5647,6361,8785,7870
5771,7414,5647,175,5789,6646
5771,7414,5647,1681,3668,2346
5771,7414,5647,2848,401,7607
5771,7414,5647,7410,6457,8010
5771,7414,5647,4832,1840,2337
5771,7414,5647,6200,1808,2686
5771,7414,5647,2370,5954,9637
5771,7414,5647,4577,4438,8749
5771,7414,5647,2405,9520,192
5771,7414,5647,1249,7643,7481
5771,7414,5647,9800,8019,6854
5771,7414,5647,3908,5065,1651
5771,7414,5647,8496,3885,2894
5771,7414,5647,4929,8418,4431
5771,7414,5647,2733,2458,5668
5771,7414,5647,5812,4669,8336
5771,7414,5647,602,3422,7159
5771,7414,5647,4822,1339,1833
5771,7414,5647,4358,8646,7463
5771,7414,5647,712,8552,1988
5771,7414,5647,4989,5890,6672
5771,7414,5647,6605,8458,8742
5771,7414,5647,427,7429,5804
5771,7414,5647,4712,5276,6446
5771,7414,5647,3503,8294,3728
5771,7414,5647,4009,7938,7672
5771,7414,5647,8216,4137,8255
5771,7414,5647,9324,8455,9199
5771,7414,5647,5873,4175,3598
5771,7414,5647,4427,743,4568
5771,7414,5647,4437,6996,5104
5771,7414,5647,7538,1847,2240
5771,7414,5647,6512,5049,5270
5771,7414,5647,818,7565,6142
5771,7414,5647,583,1218,5525
5771,7414,5647,4031,5826,6433
5771,7414,5647,4949,6593,19
5771,7414,5647,4396,1622,9928
5771,7414,5647,1307,7038,6416
5771,7414,5647,2327,8178,6605
5771,7414,5647,3820,8728,9622
5771,7414,5647,8046,2188,9622
5771,7414,5647,3874,7640,8073
5771,7414,5647,7460,8793,8688
5771,7414,5647,7767,5904,1741
5771,7414,5647,7982,8421,7584
5771,7414,5647,5072,7835,3315
5771,7414,5647,6212,7404,4126
5771,7414,5647,7265,9221,5984
5771,7414,5647,3980,1024,7482
5771,7414,5647,1600,2903,3215
5771,7414,5647,7967,3059,49
5771,7414,5647,7057,5480,8936
5771,7414,5647,8197,9393,5374
5771,7414,5647,3603,2863,9328
5771,7414,5647,6281,3326,9459
5771,7414,5647,6092,1186,2161
5771,7414,5647,5183,6129,2630
5771,7414,5647,9698,4411,520
5771,7414,5647,5830,3516,6215
5771,7414,5647,2397,8718,1447
5771,7414,5647,2899,7116,2998
5771,7414,5647,7448,68,9287
5771,7414,5647,500,4773,1394
5771,7414,5647,1033,2243,4523
5771,7414,5647,5164,3590,7562
5771,7414,5647,8517,9022,8065
5771,7414,5647,8518,5807,3677
5771,7414,5647,696,4965,8517
5771,7414,5647,6629,9747,1877
5771,7414,5647,7321,9245,9364
5771,7414,5647,4033,2208,5028
5771,7414,5647,1405,4895,7878
5771,7414,5647,4569,4977,2691
5771,7414,5647,1758,8769,8914
5771,7414,5647,5554,3642,8222
5771,7414,5647,5244,3110,9797
5771,7414,5647,7445,9254,2404
5771,7414,5647,5427,2962,8026
5771,7414,5647,745,1626,5675
5771,7414,5647,7235,6235,2592
5771,7414,5647,5361,6961,7292
5771,7414,5647,8795,3064,7605
5771,7414,5647,8214,552,6454
5771,7414,5647,5362,1814,3131
5771,7414,5647,2252,6803,899
5771,7414,5647,4978,7140,2269
5771,7414,5647,5431,9440,6952
5771,7414,5647,6712,1195,48
5771,7414,5647,4665,9323,2001
5771,7414,5647,460,7729,2841
5771,7414,5647,468,5005,3487
5771,7414,5647,4999,8486,4129
5771,7414,5647,3909,5814,6790
5771,7414,5647,346,5235,4261
5771,7414,5647,740,8056,4426
5771,7414,5647,3372,4094,2437
5771,7414,5647,9380,6711,4935
5771,7414,5647,4826,6733,5077
5771,7414,5647,5538,2999,3825
5771,7414,5647,1793,498,4754
5771,7414,5647,8102,3218,4088
5771,7414,5647,6105,2038,8438
5771,7414,5647,9919,7133,7288
5771,7414,5647,8200,4718,7070
5771,7414,5647,215,2077,8886
5771,7414,5647,2487,4729,6387
5771,7414,5647,323,2496,7343
5771,7414,5647,2627,4308,1392
5771,7414,5647,7616,9008,5988
5771,7414,5647,7427,4590,2824
5771,7414,5647,3676,8674,6072
5771,7414,5647,1882,1103,4777
5771,7414,5647,4457,8426,1385
5771,7414,5647,9394,777,8553
5771,7414,5647,5674,1953,3282
5771,7414,5647,786,7875,3928
5771,7414,5647,6933,1739,6735
5771,7414,5647,6143,5964,4082
5771,7414,5647,969,4719,9579
5771,7414,5647,2956,5330,3284
5771,7414,5647,5494,5630,810
5771,7414,5647,2693,4112,3235
5771,7414,5647,2659,9719,5305
5771,7414,5647,8671,9909,69
5771,7414,5647,1655,9164,3904
5771,7414,5647,7137,8238,4394
5771,7414,5647,2808,6731,3344
5771,7414,5647,7967,191,5263
5771,7414,5647,3274,3256,8365
5771,7414,5647,7015,8421,362
5771,7414,5647,4176,8100,4690
5771,7414,5647,2984,948,774
5771,7414,5647,9503,5553,4212
5771,7414,5647,5825,6877,6783
5771,7414,5647,3360,556,7005
5771,7414,5647,527,321,8625
5771,7414,5647,6512,1468,4103
5771,7414,5647,9641,5681,4819
5771,7414,5647,2788,3961,8928
5771,7414,5647,4291,4579,9512
5771,7414,5647,1739,3723,212
5771,7414,5647,8415,1230,2709
5771,7414,5647,4610,7042,1711
5771,7414,5647,72,9862,513
5771,7414,5647,8818,2035,1588
5771,7414,5647,7391,3103,1603
5771,7414,5647,2707,3612,5587
5771,7414,5647,2051,9829,638
5771,7414,5647,6488,3001,3604
5771,7414,5647,4331,9225,1849
5771,7414,5647,8397,5719,5439
5771,7414,5647,5660,3654,7164
5771,7414,5647,6594,9090,3718
5771,7414,5647,6180,7545,144
5771,7414,5647,433,9340,6604
5771,7414,5647,7020,355,2463
5771,7414,5647,9827,5066,6132
5771,7414,5647,9906,4387,8814
5771,7414,5647,6458,7557,1247
5771,7414,5647,7666,2532,9319
5771,7414,5647,1176,9732,2686
5771,7414,5647,595,4945,8194
5771,7414,5647,2322,6048,1686
5771,7414,5647,5755,3154,873
5771,7414,5647,7755,5394,590
5771,7414,5647,1855,5765,8159
5771,7414,5647,5223,9611,5121
5771,7414,5647,2019,3456,2171
5771,7414,5647,8933,2583,4145
5771,7414,5647,7068,2118,931
5771,7414,5647,1719,6793,1989
5771,7414,5647,7442,1999,4100
5771,7414,5647,1257,2745,6184
5771,7414,5647,6288,338,5861
5771,7414,5647,1606,9448,4652
5771,7414,5647,2416,7537,6461
5771,7414,5647,6048,8458,9043
5771,7414,5647,1745,184,6325
5771,7414,5647,6836,6738,3590
5771,7414,5647,3486,6386,5928
5771,7414,5647,6181,1674,1240
5771,7414,5647,6110,8663,2494
5771,7414,5647,4258,2828,8767
5771,7414,5647,3727,126,844
5771,7414,5647,3400,6972,2974
5771,7414,5647,6520,4413,4311
5771,7414,5647,3347,1181,7507
5771,7414,5647,7546,3205,2996
5771,7414,5647,8238,7019,675
5771,7414,5647,3241,7483,491
5771,7414,5647,7155,5192,2568
5771,7414,5647,818,7774,8332
5771,7414,5647,8416,7437,3126
5771,7414,5647,334,8699,8832
5771,7414,5647,7569,7186,6082
5771,7414,5647,5394,2750,2203
5771,7414,5647,2841,6158,4294
5771,7414,5647,2373,6030,5811
5771,7414,5647,2995,1680,8311
5771,7414,5647,2778,9906,5102
5771,7414,5647,5127,85,8397
5771,7414,5647,6683,9793,4982
5771,7414,5647,2116,7569,5184
5771,7414,5647,3394,6621,4461
5771,7414,5647,7554,3712,8000
5771,7414,5647,8566,498,5219
5771,7414,5647,4658,7050,7974
5771,7414,5647,9625,3797,9332
5771,7414,5647,517,138,2681
5771,7414,5647,5048,9111,7727
5771,7414,5647,787,877,3309
5771,7414,5647,6887,4710,5677
5771,7414,5647,1173,5904,2941
5771,7414,5647,4101,979,6471
5771,7414,5647,6717,9048,2842
5771,7414,5647,6584,8287,953
5771,7414,5647,6578,8187,7966
5771,7414,5647,4176,3710,8133
5771,7414,5647,5894,3319,4872
5771,7414,5647,2969,1475,3202
5771,7414,5647,9265,2525,1643
5771,7414,5647,1497,7873,4174
5771,7414,5647,8380,3678,5557
5771,7414,5647,1182,8312,5899
5771,7414,5647,6855,8221,567
5771,7414,5647,4789,3229,3197
5771,7414,5647,3606,2010,3339
5771,7414,5647,9038,8573,6060
5771,7414,5647,7321,1926,7728
5771,7414,5647,3866,3018,6188
5771,7414,5647,7566,8597,8714
5771,7414,5647,2483,6903,9161
5771,7414,5647,9982,2040,2975
5771,7414,5647,4171,8590,4315
5771,7414,5647,205,3575,7636
5771,7414,5647,5740,5960,3411
5771,7414,5647,9498,3608,2432
5771,7414,5647,313,3359,8459
5771,7414,5647,7246,666,5538
5771,7414,5647,9396,3640,1630
5771,7414,5647,7661,485,6835
5771,7414,5647,8249,8659,8793
5771,7414,5647,7054,6726,1216
5771,7414,5647,65,9163,4945
5771,7414,5647,360,658,2185
5771,7414,5647,6681,3819,7985
5771,7414,5647,8681,9615,5614
5771,7414,5647,7145,4091,8500
5771,7414,5647,5749,8277,4871
5771,7414,5647,4699,4246,8304
5771,7414,5647,6118,3941,8535
5771,7414,5647,3876,9656,8504
5771,7414,5647,3721,1105,9458
5771,7414,5647,4447,3827,7325
5771,7414,5647,2602,3388,1440
5771,7414,5647,2397,4685,6964
5771,7414,5647,7533,6322,8141
5771,7414,5647,1236,6003,9475
5771,7414,5647,662,8020,7986
5771,7414,5647,7483,8376,3727
5771,7414,5647,1922,18,507
5771,7414,5647,8273,5483,4894
5771,7414,5647,2078,9840,3741
5771,7414,5647,8629,1546,145
5771,7414,5647,8458,2604,842
5771,7414,5647,6485,8527,7281
5771,7414,5647,2077,4044,8890
5771,7414,5647,4241,4119,7970
5771,7414,5647,7526,6208,1161
5771,7414,5647,7823,8133,8346
5771,7414,5647,3671,521,6106
5771,7414,5647,7982,105,8093
5771,7414,5647,227,4655,9707
5771,7414,5647,4241,9158,5293
5771,7414,5647,7618,546,548
5771,7414,5647,6548,8754,1054
5771,7414,5647,9564,9886,8727
5771,7414,5647,4530,1802,4047
5771,7414,5647,9603,1533,7388
5771,7414,5647,5647,2516,6800
5771,7414,5647,6207,7677,4656
5771,7414,5647,9484,7938,9173
5771,7414,5647,411,9107,6998
5771,7414,5647,4972,3800,6639
5771,7414,5647,5736,705,5274
5771,7414,5647,7921,7445,4810
5771,7414,5647,805,7894,9837
5771,7414,5647,4207,4657,8452
5771,7414,5647,2639,3503,8788
5771,7414,5647,6063,2793,5923
5771,7414,5647,659,6631,2404
5771,7414,5647,621,3845,2209
5771,7414,5647,4905,6568,4839
5771,7414,5647,5719,6754,2877
5771,7414,5647,5462,273,9643
5771,7414,5647,863,7911,7886
5771,7414,5647,2028,2350,8657
5771,7414,5647,5088,8332,5537
5771,7414,5647,1003,8541,2656
5771,7414,5647,519,8214,450
5771,7414,5647,5164,7747,9213
5771,7414,5647,5453,6917,8244
5771,7414,5647,5537,1618,7554
5771,7414,5647,7847,7432,818
5771,7414,5647,6441,1208,8820
5771,7414,5647,6135,8625,4944
5771,7414,5647,2530,2812,4902
5771,7414,5647,7356,3126,2777
5771,7414,5647,7228,2589,1839
5771,7414,5647,9576,2191,8102
5771,7414,5647,1984,5512,426
5771,7414,5647,4786,4258,7318
5771,7414,5647,7400,9001,7656
5771,7414,5647,9361,3622,3999
5771,7414,5647,9192,5015,2133
5771,7414,5647,8045,132,4168
5771,7414,5647,1098,4787,2240
5771,7414,5647,1770,2799,921
5771,7414,5647,1777,613,8992
5771,7414,5647,1075,7154,282
5771,7414,5647,9714,281,6312
5771,7414,5647,2304,7664,9945
5771,7414,5647,5042,8944,6168
5771,7414,5647,4799,3399,7474
5771,7414,5647,732,947,1701
5771,7414,5647,7028,736,7601
5771,7414,5647,206,7186,1627
5771,7414,5647,6152,2993,4727
5771,7414,5647,1525,7432,8435
5771,7414,5647,8837,6824,7519
5771,7414,5647,7599,4223,8320
5771,7414,5647,6435,9796,6073
5771,7414,5647,7882,5746,264
5771,7414,5647,4713,1506,9080
5771,7414,5647,1845,3038,6234
5771,7414,5647,7555,1627,3236
5771,7414,5647,3919,2133,1649
5771,7414,5647,8992,778,8352
5771,7414,5647,7458,7090,6991
5771,7414,5647,3938,6147,5278
5771,7414,5647,4362,1290,7942
5771,7414,5647,2154,2479,5222
5771,7414,5647,7348,4581,7889
5771,7414,5647,9532,16,1114
5771,7414,5647,5189,2709,2971
5771,7414,5647,9516,4511,1233
5771,7414,5647,8486,838,8732
5771,7414,5647,980,6216,4130
5771,7414,5647,3530,6737,5299
5771,7414,5647,7133,6461,3764
5771,7414,5647,7781,1661,5494
5771,7414,5647,116,3659,1221
5771,7414,5647,3306,3678,2801
5771,7414,5647,6961,3216,7378
5771,7414,5647,3009,7271,3611
5771,7414,5647,3779,5660,3257
5771,7414,5647,2812,2111,5451
5771,7414,5647,3401,6148,9545
5771,7414,5647,1290,8330,3431
5771,7414,5647,2182,2444,2409
5771,7414,5647,3581,7737,840
5771,7414,5647,3679,7167,7044
5771,7414,5647,1909,3465,3290
5771,7414,5647,2681,7892,9898
5771,7414,5647,7232,5769,7877
5771,7414,5647,316,8866,7944
5771,7414,5647,9331,2370,1030
5771,7414,5647,4798,2055,8939
5771,7414,5647,5998,797,5386
5771,7414,5647,8405,1780,3722
5771,7414,5647,584,6380,2251
5771,7414,5647,2098,8046,5755
5771,7414,5647,8866,2250,6449
5771,7414,5647,7341,3581,811
5771,7414,5647,8567,2172,2814
5771,7414,5647,9044,7029,4694
5771,7414,5647,3723,1297,2868
5771,7414,5647,8311,6458,8700
5771,7414,5647,8062,1464,6583
5771,7414,5647,4571,1705,9620
5771,7414,5647,3632,8188,4292
5771,7414,5647,6689,4564,4034
5771,7414,5647,4312,9591,2057
5771,7414,5647,9542,6919,5905
5771,7414,5647,2097,9992,8740
5771,7414,5647,3311,2103,9996
5771,7414,5647,3498,8747,5767
5771,7414,5647,5949,5019,9834
5771,7414,5647,7404,5943,6784
5771,7414,5647,2920,8533,8297
5771,7414,5647,8561,2506,3433
5771,7414,5647,1615,6207,3946
5771,7414,5647,1618,1443,9181
5771,7414,5647,5233,4425,3091
5771,7414,5647,6971,9868,6353
5771,7414,5647,6554,4892,2741
5771,7414,5647,2318,5159,7395
5771,7414,5647,9266,4853,9508
5771,7414,5647,3168,6720,411
5771,7414,5647,2449,7423,1800
5771,7414,5647,9810,1204,3246
5771,7414,5647,1469,725,9037
5771,7414,5647,3090,9996,8979
5771,7414,5647,8163,3788,2689
5771,7414,5647,4087,4560,2951
5771,7414,5647,2721,7106,4891
5771,7414,5647,6771,8738,4272
5771,7414,5647,4338,7223,2535
5771,7414,5647,5694,9125,4663
5771,7414,5647,970,9572,644
5771,7414,5647,82,8926,2017
5771,7414,5647,9691,7370,3914
5771,7414,5647,5472,348,2379
5771,7414,5647,9931,9028,486
5771,7414,5647,1922,2543,5070
5771,7414,5647,7209,9263,3463
5771,7414,5647,5636,7611,2441
