3126,829,3946,3703,1021,3600
3126,829,3946,2017,1453,6886
3126,829,3946,342,8553,1759
3126,829,3946,5987,3420,9935
3126,829,3946,7924,3121,3525
3126,829,3946,2754,7791,3892
3126,829,3946,9312,2055,6387
3126,829,3946,8182,4916,9296
3126,829,3946,7738,1272,2566
3126,829,3946,4342,9216,6601
3126,829,3946,7507,125,2016
3126,829,3946,7757,518,4475
3126,829,3946,4651,3740,4385
3126,829,3946,734,1002,4986
3126,829,3946,8802,5789,8187
3126,829,3946,9519,3672,8085
3126,829,3946,9708,1191,1880
3126,829,3946,4729,9242,8311
3126,829,3946,5627,4702,7070
3126,829,3946,2559,860,476
3126,829,3946,2862,2275,3921
3126,829,3946,4410,9444,2360
3126,829,3946,2577,6326,8295
3126,829,3946,6837,2481,2344
3126,829,3946,516,9161,1939
3126,829,3946,4765,7252,4235
3126,829,3946,8760,2115,4982
3126,829,3946,1165,3417,1226
3126,829,3946,2080,9746,8361
3126,829,3946,232,9744,4651
3126,829,3946,1684,6351,847
3126,829,3946,4538,3313,5882
3126,829,3946,2197,767,1181
3126,829,3946,8887,487,9169
3126,829,3946,373,2529,940
3126,829,3946,1377,4826,5658
3126,829,3946,7715,3437,3175
3126,829,3946,5662,8631,8088
3126,829,3946,575,9733,6571
3126,829,3946,8939,4539,6824
3126,829,3946,2702,1741,2566
3126,829,3946,5097,3551,6680
3126,829,3946,624,9556,3097
3126,829,3946,5709,4827,1292
3126,829,3946,6465,7538,6492
3126,829,3946,7272,1816,7646
3126,829,3946,4152,8396,1118
3126,829,3946,9946,1907,7213
3126,829,3946,1934,4136,3570
3126,829,3946,8586,7040,495
3126,829,3946,2508,6319,7115
3126,829,3946,4523,7028,550
3126,829,3946,6566,2470,4281
3126,829,3946,6823,1599,4042
3126,829,3946,9987,1959,6063
3126,829,3946,9120,506,8789
3126,829,3946,9409,605,1208
3126,829,3946,7993,2119,7816
3126,829,3946,5339,2186,3282
3126,829,3946,761,8945,5779
3126,829,3946,4748,6238,8727
3126,829,3946,6739,6397,8013
3126,829,3946,6976,6936,8296
3126,829,3946,2143,5030,6893
3126,829,3946,2057,7052,5295
3126,829,3946,9347,6789,6245
3126,829,3946,6711,671,7994
3126,829,3946,2171,330,7782
3126,829,3946,446,6989,6270
3126,829,3946,9503,162,1650
3126,829,3946,6880,6065,5782
3126,829,3946,798,7505,2104
3126,829,3946,9524,1940,8107
3126,829,3946,6917,1020,5412
3126,829,3946,2854,4165,1149
3126,829,3946,8706,9674,5882
3126,829,3946,8527,3575,739
3126,829,3946,4832,9362,7337
3126,829,3946,5723,7671,8447
3126,829,3946,6792,6575,3751
3126,829,3946,5387,8699,1344
3126,829,3946,9539,4860,2528
3126,829,3946,1288,7852,9504
3126,829,3946,108,5547,5725
3126,829,3946,7417,844,1344
3126,829,3946,5675,587,4724
3126,829,3946,807,4713,2760
3126,829,3946,2437,1397,8810
3126,829,3946,881,2814,5740
3126,829,3946,9227,3195,3055
3126,829,3946,2059,7914,5541
3126,829,3946,2219,476,3503
3126,829,3946,3834,6327,5468
3126,829,3946,8352,5781,9085
3126,829,3946,2012,2284,7309
3126,829,3946,9024,7993,5551
3126,829,3946,9776,4999,516
3126,829,3946,9333,3437,1058
3126,829,3946,7692,7312,8842
3126,829,3946,7913,8793,4695
3126,829,3946,2818,2693,3724
3126,829,3946,8157,7988,1519
3126,829,3946,6274,134,8277
3126,829,3946,996,9121,1096
3126,829,3946,6394,9889,3451
3126,829,3946,7204,4191,5320
3126,829,3946,3801,6598,5916
3126,829,3946,350,5077,4950
3126,829,3946,1262,5992,5590
3126,829,3946,4916,6828,256
3126,829,3946,2098,9629,7677
3126,829,3946,5428,9876,1621
3126,829,3946,2542,3728,210
3126,829,3946,5275,3359,9312
3126,829,3946,3519,3288,8387
3126,829,3946,1742,2901,1582
3126,829,3946,4139,7802,6958
3126,829,3946,2917,7882,473
3126,829,3946,7042,6265,8558
3126,829,3946,5422,6734,7614
3126,829,3946,4761,4820,3425
3126,829,3946,9442,3305,1915
3126,829,3946,908,608,7089
3126,829,3946,4069,1388,8702
3126,829,3946,5365,4767,6864
3126,829,3946,5881,7185,5298
3126,829,3946,4277,6997,2629
3126,829,3946,8794,7981,8576
3126,829,3946,6948,9175,2809
3126,829,3946,9140,4033,9048
3126,829,3946,7670,3353,6795
3126,829,3946,6721,5688,6038
3126,829,3946,9585,4390,5733
3126,829,3946,9756,33,2528
3126,829,3946,5222,5239,4950
3126,829,3946,7020,9723,4624
3126,829,3946,7170,4399,6240
3126,829,3946,4935,9925,8627
3126,829,3946,7557,6516,1588
3126,829,3946,5690,9814,2998
3126,829,3946,1638,5251,4860
3126,829,3946,5736,9302,8408
3126,829,3946,2082,832,4626
3126,829,3946,8324,1944,6367
3126,829,3946,4833,2751,7904
3126,829,3946,7635,347,4793
3126,829,3946,6995,1800,6907
3126,829,3946,7607,6283,7697
3126,829,3946,1424,9500,3985
3126,829,3946,3,206,9771
3126,829,3946,1332,6041,9326
3126,829,3946,2957,5306,4559
3126,829,3946,4758,610,9755
3126,829,3946,8909,1929,4162
3126,829,3946,7926,3745,5375
3126,829,3946,1928,8944,6754
3126,829,3946,6642,6396,9491
3126,829,3946,8498,4773,1496
3126,829,3946,9219,4143,889
3126,829,3946,4782,863,1850
3126,829,3946,3616,7160,3372
3126,829,3946,6865,826,507
3126,829,3946,3242,1673,5720
3126,829,3946,2292,8625,4971
3126,829,3946,7646,8195,5966
3126,829,3946,4145,6971,5084
3126,829,3946,2234,1377,952
3126,829,3946,4472,4994,4039
3126,829,3946,1905,1274,5882
3126,829,3946,436,5118,5473
3126,829,3946,4382,2157,3007
3126,829,3946,4523,8083,8905
3126,829,3946,1357,5982,8925
3126,829,3946,3678,4419,4064
3126,829,3946,8446,6117,5445
3126,829,3946,6460,1117,5015
3126,829,3946,9275,1428,1368
3126,829,3946,4241,5558,3760
3126,829,3946,4906,4873,5045
3126,829,3946,8062,2994,3171
3126,829,3946,7463,9364,1156
3126,829,3946,1390,8747,9379
3126,829,3946,4644,7757,5836
3126,829,3946,8844,1323,227
3126,829,3946,2730,5216,9938
3126,829,3946,3166,688,1308
3126,829,3946,5385,5658,3736
3126,829,3946,1867,4854,6600
3126,829,3946,176,5521,2534
3126,829,3946,8463,3176,6440
3126,829,3946,2958,5355,5742
3126,829,3946,4414,757,6282
3126,829,3946,3864,7034,6692
3126,829,3946,8084,744,1173
3126,829,3946,7515,4276,3151
3126,829,3946,2053,2298,6364
3126,829,3946,2991,5599,1979
3126,829,3946,9625,9744,2905
3126,829,3946,7746,4426,9227
3126,829,3946,379,5593,8794
3126,829,3946,9456,3269,8631
3126,829,3946,2614,6842,6988
3126,829,3946,3396,9207,5936
3126,829,3946,4671,9653,7998
3126,829,3946,1735,1014,2460
3126,829,3946,3621,5846,3076
3126,829,3946,8807,7478,7021
3126,829,3946,1433,3812,2121
3126,829,3946,6088,4139,7475
3126,829,3946,977,4717,6760
3126,829,3946,2794,4723,7225
3126,829,3946,8933,3125,4399
3126,829,3946,3841,2935,437
3126,829,3946,1162,6885,4900
3126,829,3946,1096,3831,9496
3126,829,3946,8536,5476,2516
3126,829,3946,2090,5478,4486
3126,829,3946,3041,9811,8963
3126,829,3946,7747,3668,333
3126,829,3946,9708,2079,5599
3126,829,3946,8447,6637,5733
3126,829,3946,8868,9951,6610
3126,829,3946,8124,1115,4931
3126,829,3946,9505,5173,4994
3126,829,3946,4705,766,994
3126,829,3946,1588,5658,7051
3126,829,3946,7089,9686,9466
3126,829,3946,7399,4317,749
3126,829,3946,8184,806,7401
3126,829,3946,6100,6737,3331
3126,829,3946,4211,3219,5508
3126,829,3946,137,5942,5807
3126,829,3946,5237,5061,2902
3126,829,3946,2715,2704,3049
3126,829,3946,5340,5753,3108
3126,829,3946,5907,5003,5249
3126,829,3946,1587,4123,2882
3126,829,3946,1015,6696,2572
3126,829,3946,7527,1022,5920
3126,829,3946,8721,9551,4533
3126,829,3946,6396,9746,280
3126,829,3946,3312,1702,9897
3126,829,3946,8315,5431,9829
3126,829,3946,6989,2649,2141
3126,829,3946,5520,1093,4035
3126,829,3946,3159,7400,1573
3126,829,3946,2249,9614,9367
3126,829,3946,5349,1744,5410
3126,829,3946,4829,7510,564
3126,829,3946,6621,7011,9386
3126,829,3946,8014,8149,7317
3126,829,3946,529,8610,6313
3126,829,3946,4135,3972,5387
3126,829,3946,3445,7026,2563
3126,829,3946,6720,4834,3563
3126,829,3946,6953,2084,3652
3126,829,3946,7208,3101,459
3126,829,3946,2144,9973,4221
3126,829,3946,7874,718,2387
3126,829,3946,7532,9386,3906
3126,829,3946,5140,1079,4357
3126,829,3946,2915,3176,4443
3126,829,3946,8124,4108,7091
3126,829,3946,3131,5538,5651
3126,829,3946,3215,2279,6962
3126,829,3946,4172,4527,9508
3126,829,3946,960,3463,4358
3126,829,3946,5985,9913,3954
3126,829,3946,9342,1927,5320
3126,829,3946,6353,2250,8870
3126,829,3946,4747,7544,7871
3126,829,3946,9477,6087,2837
3126,829,3946,6321,801,6044
3126,829,3946,9854,3238,4517
3126,829,3946,4493,8595,5743
3126,829,3946,6617,4110,9450
3126,829,3946,6438,4736,9616
3126,829,3946,4514,4366,5441
3126,829,3946,7176,6278,8379
3126,829,3946,3511,1382,2452
3126,829,3946,8483,1775,3565
3126,829,3946,663,5190,1378
3126,829,3946,8441,2065,5447
3126,829,3946,5205,6419,9990
3126,829,3946,2277,8337,1836
3126,829,3946,1545,5002,8276
3126,829,3946,9657,7623,5792
3126,829,3946,7796,2925,3496
3126,829,3946,8469,953,5508
3126,829,3946,4994,575,6135
4163,2125,5364,2230,2822,9220
4163,2125,5364,6967,6016,3899
4163,2125,5364,9498,7394,5544
4163,2125,5364,4002,1811,7105
4163,2125,5364,1661,9835,8955
4163,2125,5364,2407,7540,6915
4163,2125,5364,9814,5542,4716
4163,2125,5364,4146,6939,2077
4163,2125,5364,8513,2105,3707
4163,2125,5364,2381,4316,3196
4163,2125,5364,4836,9414,2252
4163,2125,5364,248,9589,2800
4163,2125,5364,2080,4006,2166
4163,2125,5364,4533,7227,3731
4163,2125,5364,3210,5286,2212
4163,2125,5364,3671,2496,4194
4163,2125,5364,5940,7967,2878
4163,2125,5364,1468,6979,9208
4163,2125,5364,7350,8841,1469
4163,2125,5364,2245,6459,1408
4163,2125,5364,5893,2175,9193
4163,2125,5364,8036,1955,7253
4163,2125,5364,9589,3492,1555
4163,2125,5364,1911,7493,8890
4163,2125,5364,5241,2510,7325
4163,2125,5364,3443,6824,8545
4163,2125,5364,5726,85,5922
4163,2125,5364,9661,1717,9761
4163,2125,5364,9855,6316,8123
4163,2125,5364,8925,3242,8585
4163,2125,5364,6224,2503,3256
4163,2125,5364,8502,3318,3561
4163,2125,5364,5522,6339,8391
4163,2125,5364,4703,5784,8412
4163,2125,5364,4042,5445,8952
4163,2125,5364,5889,4384,2177
4163,2125,5364,4703,3753,5877
4163,2125,5364,1832,7736,8400
4163,2125,5364,5764,6446,4359
4163,2125,5364,5201,8133,1167
4163,2125,5364,1599,7009,7027
4163,2125,5364,5130,6506,9733
4163,2125,5364,1584,5345,127
4163,2125,5364,8335,1280,5560
4163,2125,5364,2142,8064,8759
4163,2125,5364,1099,6311,3225
4163,2125,5364,8318,8293,403
4163,2125,5364,5086,8967,3951
4163,2125,5364,9756,2428,9872
4163,2125,5364,2736,6652,2219
4163,2125,5364,7354,2364,1905
4163,2125,5364,5811,4629,6291
4163,2125,5364,2409,9412,1521
4163,2125,5364,3316,6438,6980
4163,2125,5364,8977,2583,4822
4163,2125,5364,7395,6489,6609
4163,2125,5364,1841,3830,6170
4163,2125,5364,4711,8400,6753
4163,2125,5364,4341,121,8403
4163,2125,5364,295,4437,3452
4163,2125,5364,3179,3367,9332
4163,2125,5364,1074,3467,4483
4163,2125,5364,7691,2189,6392
4163,2125,5364,1486,7167,4570
4163,2125,5364,3980,9883,3497
4163,2125,5364,7978,6627,255
4163,2125,5364,1736,9499,390
4163,2125,5364,7022,7899,2504
4163,2125,5364,8517,3674,4511
4163,2125,5364,758,9085,1549
4163,2125,5364,8695,3505,4644
4163,2125,5364,3830,4212,6887
4163,2125,5364,2710,9827,1444
4163,2125,5364,5507,1238,6645
4163,2125,5364,3878,1898,8871
4163,2125,5364,2957,9015,1852
4163,2125,5364,6526,2342,1414
4163,2125,5364,8603,1433,9970
4163,2125,5364,9951,8499,8033
4163,2125,5364,8031,1244,4632
4163,2125,5364,6732,2753,67
4163,2125,5364,4476,8067,689
4163,2125,5364,2150,2079,2753
4163,2125,5364,5504,9923,4608
4163,2125,5364,2156,6899,6607
4163,2125,5364,6828,3167,9083
4163,2125,5364,9249,8529,5275
4163,2125,5364,1783,9056,74
4163,2125,5364,7290,3749,5983
4163,2125,5364,4994,5720,2939
4163,2125,5364,4797,4899,5972
4163,2125,5364,1701,8060,6018
4163,2125,5364,3065,4327,3249
4163,2125,5364,4421,2265,5384
4163,2125,5364,411,6205,1781
4163,2125,5364,7761,8852,5390
4163,2125,5364,4924,9447,6332
4163,2125,5364,9217,2987,7810
4163,2125,5364,8650,6681,2953
4163,2125,5364,9637,2434,2606
4163,2125,5364,3347,381,1838
4163,2125,5364,264,3348,9913
4163,2125,5364,2547,6276,2999
4163,2125,5364,1900,4357,989
4163,2125,5364,3663,6787,4296
4163,2125,5364,8867,6944,9752
4163,2125,5364,5872,1636,8306
4163,2125,5364,5291,2971,8774
4163,2125,5364,2604,7663,8850
4163,2125,5364,734,5244,2251
4163,2125,5364,167,7677,7249
4163,2125,5364,3032,5446,555
4163,2125,5364,5664,6845,4746
4163,2125,5364,8996,323,1966
4163,2125,5364,6701,198,3048
4163,2125,5364,4590,6894,1068
4163,2125,5364,5667,6422,5325
4163,2125,5364,5535,7338,4795
4163,2125,5364,6083,2087,6686
4163,2125,5364,5094,2501,6480
4163,2125,5364,327,9697,5280
4163,2125,5364,2806,8440,8967
4163,2125,5364,9974,8500,8190
4163,2125,5364,6990,3654,6702
4163,2125,5364,1415,4128,2835
4163,2125,5364,7774,8396,6019
4163,2125,5364,3680,6851,237
4163,2125,5364,2783,19,4805
4163,2125,5364,5397,7126,9407
4163,2125,5364,2364,5504,3584
4163,2125,5364,1930,4550,7320
4163,2125,5364,6236,9510,6262
4163,2125,5364,348,5946,1804
4163,2125,5364,6206,2541,9481
4163,2125,5364,7324,1649,8559
4163,2125,5364,9027,9818,1238
4163,2125,5364,272,6293,1975
4163,2125,5364,2494,2671,252
4163,2125,5364,249,7896,8351
4163,2125,5364,2703,5151,4443
4163,2125,5364,5209,84,4159
4163,2125,5364,4507,7820,6277
4163,2125,5364,4122,3439,5382
4163,2125,5364,8883,2825,2959
4163,2125,5364,8447,7348,9616
4163,2125,5364,6865,608,5532
4163,2125,5364,4146,1581,3554
4163,2125,5364,6335,402,6479
4163,2125,5364,4092,3085,1762
4163,2125,5364,894,9905,9254
4163,2125,5364,5687,8150,5932
4163,2125,5364,2380,6196,1311
4163,2125,5364,5045,1979,5553
4163,2125,5364,3959,979,9531
4163,2125,5364,275,9082,8982
4163,2125,5364,7123,703,3388
4163,2125,5364,1896,5819,5876
4163,2125,5364,7749,3528,8884
4163,2125,5364,4867,9389,5428
4163,2125,5364,243,9501,9114
4163,2125,5364,6570,6544,8099
4163,2125,5364,8540,257,8066
4163,2125,5364,7022,7234,9980
4163,2125,5364,8929,6978,4053
4163,2125,5364,3709,7787,7748
4163,2125,5364,1112,1585,540
4163,2125,5364,3053,1625,3052
4163,2125,5364,6853,2620,9686
4163,2125,5364,5160,1270,4189
4163,2125,5364,9264,5247,3358
4163,2125,5364,7553,1243,6712
4163,2125,5364,9338,2513,5109
4163,2125,5364,5940,671,2877
4163,2125,5364,3864,2513,5430
4163,2125,5364,8116,2425,2850
4163,2125,5364,7372,1190,4128
4163,2125,5364,372,6014,82
4163,2125,5364,4295,2225,7326
4163,2125,5364,5976,2836,7031
4163,2125,5364,5234,6074,7957
4163,2125,5364,3530,5230,6747
4163,2125,5364,4927,290,9537
4163,2125,5364,6026,3861,8990
4163,2125,5364,9263,8177,8494
4163,2125,5364,7736,4187,6641
4163,2125,5364,7880,4973,2532
4163,2125,5364,7141,5382,7753
4163,2125,5364,4932,5684,5150
4163,2125,5364,1738,6668,3224
4163,2125,5364,6881,1679,2616
4163,2125,5364,9194,9722,131
4163,2125,5364,5005,8452,605
4163,2125,5364,1903,9281,408
4163,2125,5364,8841,6696,8721
4163,2125,5364,6482,3041,1238
4163,2125,5364,5449,5379,5322
4163,2125,5364,9655,7563,7044
4163,2125,5364,6166,4909,4222
4163,2125,5364,1036,81,5155
4163,2125,5364,3839,2824,4841
4163,2125,5364,9247,4560,3184
4163,2125,5364,794,3776,8995
4163,2125,5364,7395,8648,2064
4163,2125,5364,5391,1587,3586
4163,2125,5364,8564,8101,2497
4163,2125,5364,3822,5255,6059
4163,2125,5364,1402,778,3455
4163,2125,5364,3808,9476,4993
4163,2125,5364,7253,5879,121
4163,2125,5364,8305,1643,2797
4163,2125,5364,1660,5358,4573
4163,2125,5364,7672,9625,9840
4163,2125,5364,2514,2770,9310
4163,2125,5364,6401,2863,2324
4163,2125,5364,5652,4194,6108
4163,2125,5364,461,9814,6309
4163,2125,5364,3031,9687,5225
4163,2125,5364,9405,2092,5965
4163,2125,5364,6305,7915,910
4163,2125,5364,1970,79,2705
