4722,3482,4377,5589,4102,2698
4722,3482,4377,9109,4658,7847
4722,3482,4377,4175,8439,2407
4722,3482,4377,4554,6951,9642
4722,3482,4377,2094,2118,6030
4722,3482,4377,2913,9168,4449
4722,3482,4377,4885,2497,2043
4722,3482,4377,8244,5851,4507
4722,3482,4377,5839,2841,9384
4722,3482,4377,6827,7678,8984
4722,3482,4377,2535,4104,3368
4722,3482,4377,5503,5492,9287
4722,3482,4377,252,2017,1428
4722,3482,4377,9981,6635,2143
4722,3482,4377,3305,6263,393
4722,3482,4377,1698,4143,8636
4722,3482,4377,4452,7457,8409
4722,3482,4377,8364,7673,7365
4722,3482,4377,3707,218,3175
4722,3482,4377,1547,9074,8844
4722,3482,4377,7318,2722,8211
4722,3482,4377,2452,7638,2322
4722,3482,4377,7765,6857,8663
4722,3482,4377,6092,7826,4370
4722,3482,4377,3374,4845,2336
4722,3482,4377,6998,3278,9641
4722,3482,4377,6017,4909,3303
4722,3482,4377,2426,4677,4620
4722,3482,4377,9004,5574,6561
4722,3482,4377,4899,866,6337
4722,3482,4377,7901,8145,7514
4722,3482,4377,980,9868,3723
4722,3482,4377,5894,4321,8038
4722,3482,4377,9896,4483,6597
4722,3482,4377,2113,8283,6297
4722,3482,4377,9322,2764,7787
4722,3482,4377,3821,728,2696
4722,3482,4377,3902,8264,3398
4722,3482,4377,352,7879,4990
4722,3482,4377,879,4684,4664
4722,3482,4377,9573,9032,9160
4722,3482,4377,2812,2085,2081
4722,3482,4377,8056,5199,3053
4722,3482,4377,5637,7618,9226
4722,3482,4377,4828,1855,1699
4722,3482,4377,2046,3670,7190
4722,3482,4377,1835,5833,6066
4722,3482,4377,6076,5861,2783
4722,3482,4377,5622,7287,5475
4722,3482,4377,6389,2067,211
4722,3482,4377,3514,4826,2984
4722,3482,4377,3614,2712,3242
4722,3482,4377,5977,9892,8968
4722,3482,4377,408,8354,8587
4722,3482,4377,3727,9744,2586
4722,3482,4377,555,7454,5350
4722,3482,4377,6727,6527,8105
4722,3482,4377,6795,9294,5425
4722,3482,4377,3953,4680,9119
4722,3482,4377,1578,9719,8313
4722,3482,4377,6679,4959,1267
4722,3482,4377,5487,5338,4078
4722,3482,4377,3932,5057,8973
4722,3482,4377,6309,2605,2268
4722,3482,4377,4638,141,7642
4722,3482,4377,3970,1284,5802
4722,3482,4377,6125,8903,7819
4722,3482,4377,3311,5032,1744
4722,3482,4377,2378,1965,1445
4722,3482,4377,6658,5723,2233
4722,3482,4377,1166,3478,2326
4722,3482,4377,274,605,9532
4722,3482,4377,2200,216,3372
4722,3482,4377,4108,8374,2118
4722,3482,4377,1334,187,1242
4722,3482,4377,8208,9053,917
4722,3482,4377,651,6146,9737
4722,3482,4377,3051,6330,3997
4722,3482,4377,7612,6967,8667
4722,3482,4377,6472,820,6214
4722,3482,4377,7350,7525,8260
4722,3482,4377,7968,2102,6150
4722,3482,4377,8258,9920,1346
4722,3482,4377,5321,788,2935
4722,3482,4377,4551,2254,4340
4722,3482,4377,8898,6828,9492
4722,3482,4377,7884,9329,7024
4722,3482,4377,4237,9865,3437
4722,3482,4377,5442,7729,9046
4722,3482,4377,7843,5268,1522
4722,3482,4377,1224,478,320
4722,3482,4377,6112,5349,1397
4722,3482,4377,5748,3354,1145
4722,3482,4377,438,9573,4262
4722,3482,4377,2336,7438,4097
4722,3482,4377,4042,5416,6631
4722,3482,4377,1502,981,973
4722,3482,4377,1923,135,2184
4722,3482,4377,4877,4396,4512
4722,3482,4377,1075,3685,5571
4722,3482,4377,991,2082,1983
4722,3482,4377,1489,7538,1335
4722,3482,4377,6025,5369,8942
4722,3482,4377,7106,6925,7924
4722,3482,4377,6947,7511,763
4722,3482,4377,3354,447,9841
4722,3482,4377,4506,8265,3483
4722,3482,4377,6769,8361,4805
4722,3482,4377,7991,8345,6361
4722,3482,4377,760,139,4545
4722,3482,4377,3240,131,1644
4722,3482,4377,1268,7409,2006
4722,3482,4377,9189,1899,3283
4722,3482,4377,583,4974,7476
4722,3482,4377,5652,3627,6694
4722,3482,4377,1221,3366,7555
4722,3482,4377,2112,5900,2861
4722,3482,4377,5951,9079,4442
4722,3482,4377,409,7079,8112
4722,3482,4377,1610,2827,6331
4722,3482,4377,6083,3782,1715
4722,3482,4377,6090,9672,8473
4722,3482,4377,1852,7404,2136
4722,3482,4377,4479,4236,7289
4722,3482,4377,512,7531,8019
4722,3482,4377,9280,5765,5698
4722,3482,4377,7563,7265,6215
4722,3482,4377,2389,9211,3043
4722,3482,4377,6432,3588,4257
4722,3482,4377,7804,3642,3897
4722,3482,4377,6139,8307,6182
4722,3482,4377,9316,3321,6010
4722,3482,4377,4669,2356,8207
4722,3482,4377,1629,2944,1327
4722,3482,4377,1368,4104,8643
4722,3482,4377,7413,6865,3391
4722,3482,4377,1327,5335,6088
4722,3482,4377,7067,8272,1796
4722,3482,4377,6610,409,407
4722,3482,4377,5738,3249,1768
4722,3482,4377,136,4426,7365
4722,3482,4377,829,8576,3135
4722,3482,4377,7247,3182,2264
4722,3482,4377,1893,8034,6793
4722,3482,4377,7726,6575,3230
4722,3482,4377,7223,5718,2347
4722,3482,4377,8792,7920,4413
4722,3482,4377,159,5489,2739
4722,3482,4377,805,5256,8138
4722,3482,4377,4969,963,8868
4722,3482,4377,2462,6426,1811
4722,3482,4377,3595,8599,6634
4722,3482,4377,4010,4907,8350
4722,3482,4377,8430,7701,135
4722,3482,4377,6998,1136,5616
4722,3482,4377,1064,3553,1233
4722,3482,4377,5486,2557,1998
4722,3482,4377,8419,2723,6695
4722,3482,4377,7779,8565,2810
4722,3482,4377,3725,8374,6790
4722,3482,4377,8351,3340,5064
4722,3482,4377,2766,7113,796
4722,3482,4377,9884,1067,6511
4722,3482,4377,3938,7154,4370
4722,3482,4377,8569,2486,7901
4722,3482,4377,3373,3105,3418
4722,3482,4377,6552,7871,5147
4722,3482,4377,1421,3717,4558
4722,3482,4377,3039,7198,4011
4722,3482,4377,9316,8829,617
4722,3482,4377,786,4385,5310
4722,3482,4377,5634,5830,4093
4722,3482,4377,804,5841,1031
4722,3482,4377,965,3548,4297
4722,3482,4377,3616,2381,2236
4722,3482,4377,3390,9820,2669
4722,3482,4377,5806,1806,5269
4722,3482,4377,990,8114,937
4722,3482,4377,4375,879,6031
4722,3482,4377,7125,4545,2183
4722,3482,4377,6733,9280,893
4722,3482,4377,7499,5831,293
4722,3482,4377,1977,9038,465
4722,3482,4377,1681,8250,6980
4722,3482,4377,2094,8645,5586
4722,3482,4377,546,4883,9690
4722,3482,4377,2679,9600,6476
4722,3482,4377,7923,121,6237
4722,3482,4377,6844,7873,2723
4722,3482,4377,5481,3898,691
4722,3482,4377,7705,5542,9719
4722,3482,4377,563,1810,2111
4722,3482,4377,883,9649,8203
4722,3482,4377,2190,8730,4767
4722,3482,4377,2716,9684,928
4722,3482,4377,6580,1037,5385
4722,3482,4377,627,5913,3613
4722,3482,4377,7354,2637,8916
4722,3482,4377,2148,1250,8046
4722,3482,4377,1540,2293,8147
4722,3482,4377,9630,7108,7572
4722,3482,4377,1472,7003,3367
4722,3482,4377,5566,5667,9938
4722,3482,4377,7156,8757,45
4722,3482,4377,8857,9930,3681
4722,3482,4377,9129,705,1691
4722,3482,4377,9601,4277,2249
4722,3482,4377,4876,4161,384
4722,3482,4377,2600,3982,8342
4722,3482,4377,567,5509,2257
4722,3482,4377,7457,1800,5278
4722,3482,4377,9509,6652,4541
4722,3482,4377,6292,1745,8186
4722,3482,4377,4241,5929,3117
4722,3482,4377,9108,9160,8977
4722,3482,4377,7796,2713,1417
4722,3482,4377,9494,6380,4335
4722,3482,4377,7646,3089,8048
4722,3482,4377,7088,1156,4619
4722,3482,4377,9207,1656,1060
4722,3482,4377,9637,7113,811
4722,3482,4377,956,2135,9664
4722,3482,4377,5516,7866,1706
4722,3482,4377,6071,8084,3156
4722,3482,4377,2472,4021,5223
4722,3482,4377,6403,3503,1841
4722,3482,4377,9751,6564,1451
4722,3482,4377,1051,7413,9375
4722,3482,4377,7316,6908,9730
4722,3482,4377,6491,5526,9716
4722,3482,4377,7727,9914,2725
4722,3482,4377,1817,455,9466
4722,3482,4377,5613,2441,6232
4722,3482,4377,5727,3776,7531
4722,3482,4377,381,9838,6987
4722,3482,4377,4257,1869,4363
4722,3482,4377,5077,1493,5180
4722,3482,4377,7989,9909,6482
4722,3482,4377,9280,9160,9194
4722,3482,4377,9484,6666,6613
4722,3482,4377,7894,655,8420
4722,3482,4377,975,7417,8783
4722,3482,4377,7230,4976,2815
4722,3482,4377,9285,1695,5329
4722,3482,4377,1070,979,4834
4722,3482,4377,7665,1744,7921
4722,3482,4377,7726,4808,8280
4722,3482,4377,2720,4805,6232
4722,3482,4377,9271,1635,1721
4722,3482,4377,4451,9364,2464
4722,3482,4377,292,5955,4517
4722,3482,4377,7655,3156,5525
4722,3482,4377,3064,5884,7234
4722,3482,4377,6211,6182,6839
4722,3482,4377,909,4037,6351
4722,3482,4377,345,9384,6665
4722,3482,4377,2693,4380,3847
4722,3482,4377,4871,3887,1139
4722,3482,4377,1631,9204,7786
4722,3482,4377,1702,1176,2966
4722,3482,4377,2571,1737,2882
4722,3482,4377,3141,6033,7963
4722,3482,4377,7087,5225,2027
4722,3482,4377,84,3810,5588
4722,3482,4377,5218,7035,6632
4722,3482,4377,1443,7878,9664
4722,3482,4377,847,8442,8661
4722,3482,4377,8229,8930,5596
4722,3482,4377,7045,3980,9748
4722,3482,4377,7451,2397,5622
4722,3482,4377,1346,9397,4556
4722,3482,4377,4980,848,857
4722,3482,4377,9087,9215,8115
4722,3482,4377,7038,646,7432
4722,3482,4377,5312,8192,2135
4722,3482,4377,4482,1719,2589
4722,3482,4377,4953,456,3400
4722,3482,4377,109,488,848
4722,3482,4377,3615,8107,3831
4722,3482,4377,1047,7187,3786
4722,3482,4377,8250,3819,9576
4722,3482,4377,8081,9320,5404
4722,3482,4377,796,6759,5199
4722,3482,4377,1031,4281,42
4722,3482,4377,7703,3595,9088
4722,3482,4377,683,5580,1794
4722,3482,4377,4008,1125,5390
4722,3482,4377,3394,654,9218
4722,3482,4377,5144,1756,8072
4722,3482,4377,4004,2811,6685
4722,3482,4377,7356,4706,4321
4722,3482,4377,2478,9012,5557
4722,3482,4377,3102,2671,3960
4722,3482,4377,7810,9386,2867
4722,3482,4377,7569,482,3231
4722,3482,4377,8333,6158,4915
4722,3482,4377,6125,3594,2354
4722,3482,4377,9608,437,6292
4722,3482,4377,1510,3368,7327
4722,3482,4377,2930,3213,6619
4722,3482,4377,8226,5354,1893
4722,3482,4377,8333,8025,988
4722,3482,4377,1289,4760,5793
4722,3482,4377,3864,1928,2409
4722,3482,4377,2713,9602,6989
4722,3482,4377,4605,3750,7258
4722,3482,4377,441,3135,5224
4722,3482,4377,7368,5516,799
4722,3482,4377,8698,3154,7165
4722,3482,4377,2692,360,9388
4722,3482,4377,7363,5712,1691
4722,3482,4377,2818,2086,9821
4722,3482,4377,3265,516,1759
4722,3482,4377,8823,5520,3014
4722,3482,4377,5857,7823,6772
4722,3482,4377,8469,3752,4617
4722,3482,4377,3239,5377,46
4722,3482,4377,2205,3787,7019
4722,3482,4377,36,7984,2602
4722,3482,4377,8476,8353,7309
4722,3482,4377,6241,4901,6547
4722,3482,4377,7342,7695,7118
4722,3482,4377,2518,6239,2303
4722,3482,4377,4683,642,6502
4722,3482,4377,7153,7154,6969
4722,3482,4377,8136,994,6190
4722,3482,4377,8979,9215,9731
4722,3482,4377,2247,952,5900
4722,3482,4377,5586,4950,3432
4722,3482,4377,2259,2794,6897
4722,3482,4377,8360,4405,8994
4722,3482,4377,1025,1312,1490
4722,3482,4377,839,3290,6008
4722,3482,4377,4892,4577,4603
4722,3482,4377,8879,5353,3186
4722,3482,4377,9840,6528,8013
4722,3482,4377,1902,4205,1332
4722,3482,4377,4476,1693,5668
4722,3482,4377,4622,2965,8608
4722,3482,4377,9772,1461,4227
4722,3482,4377,2131,293,7630
4722,3482,4377,6484,7193,8519
4722,3482,4377,5021,8387,3639
4722,3482,4377,4644,2644,2194
4722,3482,4377,1005,3861,9114
4722,3482,4377,3004,1782,2286
4722,3482,4377,3266,7560,4115
4722,3482,4377,1655,4734,2073
4722,3482,4377,311,8067,7510
4722,3482,4377,31,5075,385
4722,3482,4377,9930,9150,536
4722,3482,4377,5098,6022,5207
4722,3482,4377,9780,2369,823
4722,3482,4377,4751,9312,1800
4722,3482,4377,4432,8,3299
4722,3482,4377,23,14,5885
4722,3482,4377,3663,7658,3817
4722,3482,4377,5932,5443,1070
4722,3482,4377,1983,7555,1550
4722,3482,4377,1420,1762,4598
4722,3482,4377,9404,7069,4885
4722,3482,4377,3552,2998,795
4722,3482,4377,4495,3163,1341
4722,3482,4377,5976,4717,1969
4722,3482,4377,797,9656,7845
4722,3482,4377,4198,1478,2838
4722,3482,4377,6802,9868,6451
4722,3482,4377,8353,6300,2823
4722,3482,4377,512,8285,9247
4722,3482,4377,8395,1678,5954
4722,3482,4377,7811,9636,3168
4722,3482,4377,9722,3031,2836
4722,3482,4377,1653,9235,1205
4722,3482,4377,8510,8239,6486
4722,3482,4377,8063,3105,6939
4722,3482,4377,5643,4944,8195
4722,3482,4377,6416,8973,9717
4722,3482,4377,9156,3258,4299
4722,3482,4377,4443,1130,2780
4722,3482,4377,5349,7535,746
4722,3482,4377,3940,4132,5212
4722,3482,4377,5025,5344,951
4722,3482,4377,3771,6822,7788
4722,3482,4377,9430,8120,4572
4722,3482,4377,9587,9290,5410
4722,3482,4377,5373,5961,5626
4722,3482,4377,9162,9569,9209
4722,3482,4377,8839,8694,1696
4722,3482,4377,874,8849,9476
4722,3482,4377,1533,4011,1977
4722,3482,4377,9647,1640,6243
4722,3482,4377,9514,6171,6792
4722,3482,4377,9281,929,4699
4722,3482,4377,112,2225,3961
4722,3482,4377,9875,6934,6142
4722,3482,4377,8280,5013,6848
4722,3482,4377,2881,4322,6411
4722,3482,4377,3273,176,5635
4722,3482,4377,3536,4988,4659
4722,3482,4377,7542,5792,6391
4722,3482,4377,4587,7551,8713
4722,3482,4377,7743,2432,6287
4722,3482,4377,4070,3771,3573
4722,3482,4377,7087,1182,5495
4722,3482,4377,3487,4685,1782
4722,3482,4377,5986,4825,4183
4722,3482,4377,1124,5101,8528
4722,3482,4377,9334,580,3287
4722,3482,4377,3618,5403,3822
4722,3482,4377,9495,2736,4769
4722,3482,4377,1143,3087,3148
4722,3482,4377,1945,7304,3856
4722,3482,4377,6749,7196,1454
4722,3482,4377,7444,2400,6367
4722,3482,4377,5854,2452,2176
4722,3482,4377,7597,9304,7542
4722,3482,4377,8999,7289,7117
4722,3482,4377,6052,336,1581
4722,3482,4377,317,4956,3273
4722,3482,4377,374,7826,3539
4722,3482,4377,7188,4372,4930
4722,3482,4377,230,596,3676
4722,3482,4377,8440,2596,9422
4722,3482,4377,4308,2718,6765
4722,3482,4377,556,3692,8964
4722,3482,4377,4101,2053,2398
4722,3482,4377,2051,4303,4666
4722,3482,4377,3937,9008,2296
4722,3482,4377,4754,8262,6680
4722,3482,4377,6312,7848,5485
4722,3482,4377,9523,8239,7783
4722,3482,4377,3549,7767,5464
4722,3482,4377,4500,1970,6074
4722,3482,4377,5681,7890,4938
4722,3482,4377,6553,777,9025
4722,3482,4377,8666,8636,330
4722,3482,4377,4895,7976,8183
4722,3482,4377,1868,7533,9854
4722,3482,4377,8743,7046,9261
4722,3482,4377,1422,7468,8720
4722,3482,4377,9705,9277,1661
4722,3482,4377,404,2420,2065
4722,3482,4377,8087,3672,5713
4722,3482,4377,6450,2874,6972
4722,3482,4377,5930,9035,3085
4722,3482,4377,5122,8776,4961
4722,3482,4377,910,9650,8798
4722,3482,4377,9642,3332,9124
4722,3482,4377,591,2339,7873
4722,3482,4377,6755,7082,5240
4722,3482,4377,7021,2983,84
4722,3482,4377,9317,4763,8721
4722,3482,4377,4995,7700,5402
4722,3482,4377,2779,7548,3191
4722,3482,4377,9936,2228,7034
4722,3482,4377,2022,9413,5262
4722,3482,4377,493,2266,7249
4722,3482,4377,9101,4878,2785
4722,3482,4377,3159,2088,1786
4722,3482,4377,7448,7759,2595
4722,3482,4377,9065,5970,2708
4722,3482,4377,7512,3178,641
4722,3482,4377,6498,9244,4301
4722,3482,4377,1911,6291,730
4722,3482,4377,1480,7811,4567
4722,3482,4377,1697,5695,5580
4722,3482,4377,1199,2240,373
4722,3482,4377,4444,1018,8570
4722,3482,4377,2809,7496,6122
4722,3482,4377,9701,8375,2781
4722,3482,4377,8007,7092,8541
4722,3482,4377,5997,1485,1356
4722,3482,4377,1043,9805,3462
4722,3482,4377,666,2221,1446
4722,3482,4377,4885,2223,4618
4722,3482,4377,6586,2466,7553
4722,3482,4377,8,3868,6975
4722,3482,4377,1116,9698,5920
4722,3482,4377,6847,7773,1518
4722,3482,4377,6356,8796,4425
4722,3482,4377,2746,6841,5461
4722,3482,4377,6369,112,4869
4722,3482,4377,7166,8536,9826
4722,3482,4377,3304,4711,2425
4722,3482,4377,4614,7999,9316
4722,3482,4377,438,4493,3238
4722,3482,4377,7962,1713,7272
4722,3482,4377,6906,7433,8128
4722,3482,4377,3706,4011,3271
4722,3482,4377,6262,5191,2922
4722,3482,4377,6803,8038,6014
4722,3482,4377,8118,4171,6
4722,3482,4377,8691,1490,206
4722,3482,4377,3986,6525,9178
4722,3482,4377,3365,2281,2279
4722,3482,4377,1663,8059,6862
4722,3482,4377,215,8063,5411
4722,3482,4377,673,5503,7741
4722,3482,4377,8498,5417,6405
4722,3482,4377,4080,7467,5033
4722,3482,4377,5812,4747,1814
4722,3482,4377,6548,1983,2596
4722,3482,4377,3449,4055,4111
4722,3482,4377,6239,8508,3739
4722,3482,4377,1676,7581,6163
4722,3482,4377,8115,6770,1072
4722,3482,4377,3609,5317,8804
4722,3482,4377,5462,4850,5317
4722,3482,4377,4737,2744,3993
4722,3482,4377,962,8208,3860
