6356,792,3041,1056,4294,7757
6356,792,3041,3740,7783,4427
6356,792,3041,8614,1162,2382
6356,792,3041,132,9656,7225
6356,792,3041,3303,190,3660
6356,792,3041,2970,2225,4494
6356,792,3041,5514,1811,1153
6356,792,3041,8200,1223,1222
6356,792,3041,916,8938,6993
6356,792,3041,5018,8043,8889
6356,792,3041,5000,6823,4341
6356,792,3041,2934,3300,9199
6356,792,3041,6362,2544,8402
6356,792,3041,1296,6393,9892
6356,792,3041,6915,6705,8336
6356,792,3041,7784,4008,6197
6356,792,3041,4390,2964,306
6356,792,3041,6364,7441,5324
6356,792,3041,2416,753,1564
6356,792,3041,4968,8562,2181
6356,792,3041,9192,3645,2394
6356,792,3041,5308,9598,5420
6356,792,3041,1775,8412,8870
6356,792,3041,3611,5394,8384
6356,792,3041,1241,1073,8126
6356,792,3041,7523,4917,8663
6356,792,3041,9808,7139,3103
6356,792,3041,822,1961,1375
6356,792,3041,5966,8034,1867
6356,792,3041,3882,8810,9267
6356,792,3041,368,3416,1006
6356,792,3041,3633,306,8696
6356,792,3041,2525,4425,6116
6356,792,3041,4540,5306,5144
6356,792,3041,6344,7538,6763
6356,792,3041,1489,4738,618
6356,792,3041,9968,8034,1231
6356,792,3041,3136,6376,5079
6356,792,3041,535,9025,5428
6356,792,3041,7674,8505,8820
6356,792,3041,3580,5745,946
6356,792,3041,3995,6696,146
6356,792,3041,4097,1909,7055
6356,792,3041,9545,1626,2239
6356,792,3041,8357,5920,3565
6356,792,3041,5148,145,8628
6356,792,3041,3163,4180,6391
6356,792,3041,8206,9565,8356
6356,792,3041,1709,5548,8376
6356,792,3041,9374,5077,1918
6356,792,3041,2127,5133,2997
6356,792,3041,7100,2423,5529
6356,792,3041,1543,8055,2751
6356,792,3041,5795,6890,6146
6356,792,3041,1125,2765,3994
6356,792,3041,1374,5339,6135
6356,792,3041,7253,973,9208
6356,792,3041,913,865,5386
6356,792,3041,4006,5694,8148
6356,792,3041,8815,4188,6900
6356,792,3041,6737,831,9241
6356,792,3041,7053,371,3266
6356,792,3041,9468,4353,4379
6356,792,3041,9861,485,3992
6356,792,3041,3594,3078,3989
6356,792,3041,3002,9380,304
6356,792,3041,2406,6535,48
6356,792,3041,38,9712,9406
6356,792,3041,6893,5802,7337
6356,792,3041,6148,2700,2887
6356,792,3041,9837,1403,8432
6356,792,3041,3606,7876,6394
6356,792,3041,9113,3476,1571
6356,792,3041,8012,404,633
6356,792,3041,920,8024,7369
6356,792,3041,7202,5129,8727
6356,792,3041,6064,9970,7438
6356,792,3041,5076,1156,4310
6356,792,3041,5895,3250,1051
6356,792,3041,5115,4414,4717
6356,792,3041,2857,7792,4580
6356,792,3041,1468,8874,7696
6356,792,3041,2353,328,2871
6356,792,3041,9630,7522,2409
6356,792,3041,990,7772,3758
6356,792,3041,3705,5752,1097
6356,792,3041,6497,1783,8052
6356,792,3041,1398,3835,1452
6356,792,3041,8041,5269,3604
6356,792,3041,247,4516,8220
6356,792,3041,5217,9462,6708
6356,792,3041,6836,1235,4752
6356,792,3041,8,7260,262
6356,792,3041,6615,374,7894
6356,792,3041,8604,9213,9715
6356,792,3041,8679,1880,6855
6356,792,3041,393,831,9612
6356,792,3041,1511,549,8504
6356,792,3041,5063,8200,2952
6356,792,3041,2884,1758,9072
6356,792,3041,8063,4212,5039
6356,792,3041,2482,9447,9507
6356,792,3041,7356,5139,736
6356,792,3041,8897,7517,9367
6356,792,3041,3257,9159,464
6356,792,3041,5018,476,9471
6356,792,3041,4179,4931,3916
6356,792,3041,3664,902,7915
6356,792,3041,9553,8767,1430
6356,792,3041,7896,4662,1018
6356,792,3041,8266,618,9608
6356,792,3041,2332,3536,4056
6356,792,3041,9350,7195,5073
6356,792,3041,8881,5149,9638
6356,792,3041,8577,9831,8596
6356,792,3041,5554,6158,3198
6356,792,3041,8915,2953,2041
6356,792,3041,2276,8373,4735
6356,792,3041,5618,9084,3988
6356,792,3041,8804,8501,3967
6356,792,3041,5162,5836,3560
6356,792,3041,5456,1199,1399
6356,792,3041,144,9777,4740
6356,792,3041,257,5971,6815
6356,792,3041,1942,1438,4739
6356,792,3041,9066,4428,7210
6356,792,3041,8934,6150,6681
6356,792,3041,5478,5101,3455
6356,792,3041,267,5849,4561
6356,792,3041,6838,3301,4459
6356,792,3041,9125,1421,4632
6356,792,3041,2753,9741,4081
6356,792,3041,9636,2678,3742
6356,792,3041,3297,2875,9581
6356,792,3041,7859,9597,4041
6356,792,3041,8722,4657,1032
6356,792,3041,1056,3695,5123
6356,792,3041,6994,5780,1696
6356,792,3041,1719,4804,2863
6356,792,3041,4319,3990,4754
6356,792,3041,6519,4198,8756
6356,792,3041,4422,4605,997
6356,792,3041,1645,2994,6232
6356,792,3041,8691,2996,7471
6356,792,3041,4927,2407,2245
6356,792,3041,8217,462,4864
6356,792,3041,2631,7589,2107
6356,792,3041,21,8634,4898
6356,792,3041,7145,1721,7364
6356,792,3041,6228,2880,1748
6356,792,3041,215,7353,9985
6356,792,3041,1041,6560,556
6356,792,3041,1856,9944,6772
6356,792,3041,9260,3743,1632
6356,792,3041,4486,5407,5328
6356,792,3041,3755,8054,3999
6356,792,3041,5958,2813,211
6356,792,3041,3877,2444,5457
6356,792,3041,6128,1232,1135
6356,792,3041,5109,1536,130
6356,792,3041,6359,1797,6863
6356,792,3041,4126,7662,5370
6356,792,3041,8426,1657,6955
6356,792,3041,3060,653,7653
6356,792,3041,4894,3713,3659
6356,792,3041,220,8584,2397
6356,792,3041,1696,1747,2095
6356,792,3041,2202,3411,243
6356,792,3041,2312,9057,3520
6356,792,3041,2583,9037,2635
6356,792,3041,932,4911,3809
6356,792,3041,8965,6251,2567
6356,792,3041,5794,2527,5773
6356,792,3041,5125,8145,397
6356,792,3041,9998,7078,3156
6356,792,3041,3581,1415,3324
6356,792,3041,8797,7809,3405
6356,792,3041,8035,2598,1173
6356,792,3041,6764,2089,790
6356,792,3041,965,701,9695
6356,792,3041,3252,2750,8212
6356,792,3041,2358,3155,665
6356,792,3041,9126,2504,115
6356,792,3041,702,5483,6916
6356,792,3041,6371,840,2078
6356,792,3041,6630,6505,4655
6356,792,3041,5387,7102,1539
6356,792,3041,2766,5317,1280
6356,792,3041,7962,3830,5929
6356,792,3041,3024,3309,5314
6356,792,3041,6804,7385,9568
6356,792,3041,414,8074,7444
6356,792,3041,3041,7090,9868
6356,792,3041,8372,6069,2551
6356,792,3041,1003,720,8074
6356,792,3041,8590,3259,1712
6356,792,3041,2351,7403,5270
6356,792,3041,5042,1679,2311
6356,792,3041,4721,3741,2177
6356,792,3041,5422,7439,4869
6356,792,3041,8192,5369,4766
6356,792,3041,6573,8109,332
6356,792,3041,7577,4184,3147
6356,792,3041,5733,6538,5219
6356,792,3041,6463,3057,2140
6356,792,3041,9080,4522,3434
6356,792,3041,9446,9005,839
6356,792,3041,4592,1191,7331
6356,792,3041,1118,2173,1528
6356,792,3041,7723,6278,3955
6356,792,3041,6996,953,780
6356,792,3041,8128,9677,9434
6356,792,3041,694,6098,6214
6356,792,3041,8208,9971,7721
6356,792,3041,9635,4534,7237
6356,792,3041,6241,6315,6893
6356,792,3041,3,7984,781
6356,792,3041,3371,3930,8336
6356,792,3041,2896,9304,603
6356,792,3041,5434,6288,5585
6356,792,3041,7519,320,1370
6356,792,3041,9520,4440,4386
6356,792,3041,6417,4794,402
6356,792,3041,4811,8065,6761
6356,792,3041,2061,7739,7048
6356,792,3041,5177,2039,1635
6356,792,3041,9573,2829,8992
6356,792,3041,4097,5325,7129
6356,792,3041,3923,4424,92
6356,792,3041,9963,5473,799
6356,792,3041,5657,6414,3229
6356,792,3041,23,4552,7165
6356,792,3041,6689,8261,1087
6356,792,3041,8532,9687,8683
6356,792,3041,3424,2975,9650
6356,792,3041,641,4204,6268
6356,792,3041,3834,1767,2312
6356,792,3041,4999,8644,4897
6356,792,3041,5890,4787,3165
6356,792,3041,9526,9810,6871
6356,792,3041,2541,1566,3032
6356,792,3041,4321,0,8264
6356,792,3041,6413,3474,4654
6356,792,3041,4636,9566,2346
6356,792,3041,2874,6720,3871
6356,792,3041,4333,2646,6775
6356,792,3041,3650,4126,6105
6356,792,3041,2932,7995,3748
6356,792,3041,1363,4103,8813
6356,792,3041,7418,7807,5979
6356,792,3041,8436,7305,1992
6356,792,3041,516,8793,8524
6356,792,3041,7841,423,4541
6356,792,3041,5701,3217,6846
6356,792,3041,6620,9392,7206
6356,792,3041,8508,1129,5
6356,792,3041,6274,1826,4716
6356,792,3041,4390,4908,6680
6356,792,3041,5777,851,8369
6356,792,3041,8523,4016,7380
6356,792,3041,8415,5907,3217
6356,792,3041,1756,2275,3338
6356,792,3041,8931,4551,8582
6356,792,3041,3450,9384,3544
6356,792,3041,3843,3652,6177
6356,792,3041,6137,7181,8644
6356,792,3041,7216,7483,8298
6356,792,3041,8906,9881,1426
6356,792,3041,3476,8130,5850
6356,792,3041,9874,3330,4608
6356,792,3041,241,3761,9749
6356,792,3041,8332,8152,1241
6356,792,3041,2461,2297,3595
6356,792,3041,4781,6520,508
6356,792,3041,7455,7221,9336
6356,792,3041,4015,5961,8133
6356,792,3041,9889,2983,5135
6356,792,3041,2981,6348,553
6356,792,3041,3663,5661,4419
6356,792,3041,6071,6531,1345
6356,792,3041,1324,9256,5882
6356,792,3041,1123,3366,8054
6356,792,3041,411,2643,49
6356,792,3041,9804,1570,1970
6356,792,3041,9574,6511,6477
6356,792,3041,240,7917,4678
6356,792,3041,8686,7106,8755
6356,792,3041,931,4891,5463
6356,792,3041,2232,8660,4982
6356,792,3041,851,9091,2045
6356,792,3041,826,7732,3552
6356,792,3041,3597,6362,612
6356,792,3041,8315,6450,2540
6356,792,3041,8945,7020,8695
6356,792,3041,61,7014,8858
6356,792,3041,8004,748,4096
6356,792,3041,9199,6627,4082
6356,792,3041,9820,9646,6599
6356,792,3041,634,8729,2020
6356,792,3041,1870,674,6334
6356,792,3041,4262,9062,5840
6356,792,3041,2933,9521,4255
6356,792,3041,4671,9490,7593
6356,792,3041,8360,9491,2889
6356,792,3041,1339,9978,7470
6356,792,3041,1856,2291,8536
6356,792,3041,6586,5804,4873
6356,792,3041,6528,8858,8535
6356,792,3041,2138,8951,4981
6356,792,3041,3905,6359,3347
6356,792,3041,1689,8142,6253
6356,792,3041,1454,7025,2947
6356,792,3041,3911,57,6278
6356,792,3041,7626,6230,3043
6356,792,3041,5750,4739,242
6356,792,3041,6783,6868,3102
6356,792,3041,9875,249,2005
6356,792,3041,4897,8855,9190
6356,792,3041,9644,6188,7474
6356,792,3041,7873,5545,7844
6356,792,3041,7633,6011,1232
6356,792,3041,3716,4521,8976
6356,792,3041,6665,3507,2000
6356,792,3041,6992,6123,4859
6356,792,3041,8658,5829,8682
6356,792,3041,5329,1117,3034
6356,792,3041,8943,8620,9756
6356,792,3041,8011,4320,7594
6356,792,3041,265,687,7112
6356,792,3041,2386,7069,2178
6356,792,3041,1104,6221,5209
6356,792,3041,6778,182,7947
6356,792,3041,1341,8501,2594
6356,792,3041,1827,830,1066
6356,792,3041,1,1517,5260
6356,792,3041,1679,8418,1353
6356,792,3041,5249,2946,6998
6356,792,3041,532,5963,6227
6356,792,3041,7966,708,3425
6356,792,3041,7126,5237,8430
6356,792,3041,5845,7058,5367
6356,792,3041,3638,6438,7482
6356,792,3041,8002,4961,1242
6356,792,3041,9971,3293,3173
6356,792,3041,4632,503,9087
6356,792,3041,4681,6049,240
6356,792,3041,5055,8898,1326
6356,792,3041,6306,2511,5517
6356,792,3041,3407,9298,5336
6356,792,3041,4891,9613,2399
6356,792,3041,5549,6391,2584
6356,792,3041,6997,362,8709
6356,792,3041,6817,3430,8170
6356,792,3041,9077,9758,3480
6356,792,3041,5681,2901,301
6356,792,3041,7979,2091,5169
6356,792,3041,5677,3090,531
6356,792,3041,7325,7486,2435
6356,792,3041,8147,1491,2673
6356,792,3041,1499,6764,4082
6356,792,3041,429,3245,256
6356,792,3041,745,9422,4316
6356,792,3041,3134,3700,8078
6356,792,3041,1088,766,2305
6356,792,3041,9783,2752,4674
6356,792,3041,4118,4977,6807
6356,792,3041,9782,1347,4505
6356,792,3041,6791,8304,7890
6356,792,3041,3128,8854,6997
6356,792,3041,6211,8276,9432
6356,792,3041,5970,8907,1567
6356,792,3041,8699,6346,1610
6356,792,3041,8654,9163,6359
6356,792,3041,5633,3270,7710
6356,792,3041,377,4826,1562
6356,792,3041,8393,5443,3252
6356,792,3041,3670,5814,7909
6356,792,3041,6105,3445,4903
6356,792,3041,9369,1629,7895
6356,792,3041,1853,7127,3044
6356,792,3041,9434,380,5730
6356,792,3041,6284,7106,2229
6356,792,3041,4230,832,7311
6356,792,3041,7276,3350,7908
6356,792,3041,5453,2255,62
6356,792,3041,1721,8123,6742
6356,792,3041,4197,4481,2228
6356,792,3041,3822,1423,8208
6356,792,3041,8890,5804,1472
6356,792,3041,1970,6391,5016
6356,792,3041,3148,4634,1860
6356,792,3041,6747,7641,1887
6356,792,3041,9100,2882,9241
6356,792,3041,9382,1503,9990
6356,792,3041,521,950,6337
6356,792,3041,6107,5258,2687
6356,792,3041,2178,1744,7062
6356,792,3041,3154,3884,1752
6356,792,3041,8473,6815,9543
6356,792,3041,255,61,7706
6356,792,3041,8709,9938,5812
6356,792,3041,6686,7477,8574
6356,792,3041,2400,5309,1439
6356,792,3041,8031,5517,2209
6356,792,3041,8232,5830,9622
6356,792,3041,5531,5580,745
6356,792,3041,206,5844,4959
6356,792,3041,3494,4252,1598
6356,792,3041,8688,27,8627
6356,792,3041,2826,9817,8594
6356,792,3041,5957,2049,2083
6356,792,3041,278,2671,2085
6356,792,3041,1892,2127,7413
6356,792,3041,3743,3890,2681
6356,792,3041,1940,2254,6183
6356,792,3041,1906,6352,7557
6356,792,3041,1113,8464,8936
6356,792,3041,4525,7877,7635
6356,792,3041,6934,5782,1131
6356,792,3041,4373,98,9860
6356,792,3041,4051,4142,7994
6356,792,3041,394,3243,4502
6356,792,3041,6764,5138,2263
6356,792,3041,8728,8154,832
6356,792,3041,8256,9592,1263
6356,792,3041,2692,8311,5520
6356,792,3041,1987,3091,3075
6356,792,3041,5438,4153,3848
6356,792,3041,429,9002,8022
6356,792,3041,336,8491,2612
6356,792,3041,2277,4223,1903
6356,792,3041,3794,2384,4750
6356,792,3041,1613,7911,2323
6356,792,3041,3709,7230,6414
6356,792,3041,2545,1294,8738
6356,792,3041,5670,4516,3243
6356,792,3041,9875,466,1682
6356,792,3041,1606,423,2440
6356,792,3041,5298,5362,4183
6356,792,3041,6391,7824,5231
6356,792,3041,9239,3375,8035
6356,792,3041,5883,6418,802
6356,792,3041,3823,8730,7519
6356,792,3041,4159,6876,6362
6356,792,3041,6944,765,1235
6356,792,3041,6681,8237,3778
6356,792,3041,266,5496,8553
6356,792,3041,3265,4403,9461
6356,792,3041,1952,3593,8824
6356,792,3041,995,5433,3737
6356,792,3041,8504,8641,9225
6356,792,3041,3360,5165,4899
6356,792,3041,9258,7679,7622
6356,792,3041,3829,452,1750
6356,792,3041,4158,6822,2234
6356,792,3041,6117,8749,7997
6356,792,3041,2883,1900,8583
6356,792,3041,1227,2162,8688
6356,792,3041,8462,2693,3219
6356,792,3041,9239,5478,168
6356,792,3041,1505,6742,7435
6356,792,3041,2842,1160,5435
6356,792,3041,9476,8860,5082
6356,792,3041,6982,2502,8419
6356,792,3041,9905,3245,8540
6356,792,3041,1576,7086,2980
6356,792,3041,3767,8087,1711
6356,792,3041,8794,3366,4329
6356,792,3041,6019,9529,4370
6356,792,3041,5730,7090,1166
6356,792,3041,8742,815,2493
6356,792,3041,4814,9362,2482
6356,792,3041,6190,965,6998
6356,792,3041,2542,1713,351
6356,792,3041,113,9103,1931
6356,792,3041,8377,6241,9401
6356,792,3041,4580,965,9201
6356,792,3041,3330,9963,1610
6356,792,3041,7239,1133,8194
6356,792,3041,4597,842,5869
6356,792,3041,7752,5767,3490
6356,792,3041,1421,2316,1998
6356,792,3041,4502,9689,7682
6356,792,3041,9463,4901,1814
6356,792,3041,1114,9171,1680
6356,792,3041,2627,443,3398
6356,792,3041,5593,8049,2913
6356,792,3041,356,316,6173
6356,792,3041,5370,5106,1559
6356,792,3041,31,5471,950
6356,792,3041,570,450,9411
6356,792,3041,57,4744,2351
6356,792,3041,3855,2929,2728
6356,792,3041,189,1721,4904
6356,792,3041,9887,6519,173
6356,792,3041,4050,7046,2322
6356,792,3041,8559,825,7355
6356,792,3041,7472,4877,1633
6356,792,3041,9417,6982,3472
6356,792,3041,4478,7625,2717
6356,792,3041,6932,1111,217
6356,792,3041,1964,912,1588
6356,792,3041,3406,6045,8007
6356,792,3041,2369,7504,6277
6356,792,3041,6290,4769,1235
6356,792,3041,9764,9075,2405
6356,792,3041,5181,6464,2796
6356,792,3041,787,3258,4811
6356,792,3041,6332,7676,8290
6356,792,3041,3195,8355,3027
