7522,49,6321,7378,6905,5656
7522,49,6321,9594,9299,3026
7522,49,6321,1377,4570,4670
7522,49,6321,6899,178,6312
7522,49,6321,637,5582,5112
7522,49,6321,9475,4387,3206
7522,49,6321,8348,236,2454
7522,49,6321,8503,8466,4321
7522,49,6321,9363,1296,3103
7522,49,6321,3892,6635,7000
7522,49,6321,603,2099,2226
7522,49,6321,4284,8173,7377
7522,49,6321,9866,4886,7625
7522,49,6321,5687,4947,7026
7522,49,6321,6483,3838,1698
7522,49,6321,1065,597,5772
7522,49,6321,5028,2375,3715
7522,49,6321,561,1836,7126
7522,49,6321,401,8129,8391
7522,49,6321,8527,4526,8876
7522,49,6321,4691,7724,6842
7522,49,6321,6495,3622,4354
7522,49,6321,7265,1340,8742
7522,49,6321,5158,3857,6934
7522,49,6321,9241,7877,6445
7522,49,6321,9741,7430,2023
7522,49,6321,5910,6448,229
7522,49,6321,1424,6246,5975
7522,49,6321,9324,2782,9678
7522,49,6321,2382,4560,9413
7522,49,6321,2926,1218,2889
7522,49,6321,1384,7421,4794
7522,49,6321,4059,834,1622
7522,49,6321,9622,8767,6285
7522,49,6321,8513,3307,1716
7522,49,6321,6865,1628,8318
7522,49,6321,7824,5887,7971
7522,49,6321,2949,1227,9085
7522,49,6321,4414,3867,253
7522,49,6321,2712,5305,1926
7522,49,6321,3382,5885,827
7522,49,6321,4923,3541,5501
7522,49,6321,711,8969,487
7522,49,6321,2392,9183,3157
7522,49,6321,3988,3606,9971
7522,49,6321,6436,6559,2628
7522,49,6321,2069,7508,7395
7522,49,6321,8468,7712,4556
7522,49,6321,5613,6959,4417
7522,49,6321,9189,3715,8067
7522,49,6321,4165,7812,3643
7522,49,6321,1112,4524,4258
7522,49,6321,1525,2157,9213
7522,49,6321,2723,5737,2040
7522,49,6321,9099,316,3303
7522,49,6321,5414,1875,8835
7522,49,6321,1511,8315,3421
7522,49,6321,9081,6146,8023
7522,49,6321,6266,828,9570
7522,49,6321,6809,339,4047
7522,49,6321,4841,4910,7451
7522,49,6321,7300,3283,8208
7522,49,6321,3259,132,1926
7522,49,6321,1630,8264,5516
7522,49,6321,4344,4177,5336
7522,49,6321,8215,169,8129
7522,49,6321,1328,8859,2397
7522,49,6321,2467,2030,897
7522,49,6321,7232,8934,6327
7522,49,6321,1484,9577,558
7522,49,6321,3174,4462,5015
7522,49,6321,230,9659,3745
7522,49,6321,1055,5165,8967
7522,49,6321,9795,3551,1799
7522,49,6321,958,2320,8608
7522,49,6321,8607,2036,276
7522,49,6321,704,3123,4992
7522,49,6321,8951,6361,4161
7522,49,6321,5938,6184,8834
7522,49,6321,3297,5571,8991
7522,49,6321,8046,195,8846
7522,49,6321,1168,2018,3383
7522,49,6321,7039,8300,6847
7522,49,6321,1247,8372,2432
7522,49,6321,3796,5628,2865
7522,49,6321,6561,3935,8969
7522,49,6321,6192,5089,7864
7522,49,6321,1899,6489,8904
7522,49,6321,5301,7124,3032
7522,49,6321,551,7831,5366
7522,49,6321,4949,1822,6557
7522,49,6321,1468,5370,5919
7522,49,6321,8081,8724,1044
7522,49,6321,1190,7499,694
7522,49,6321,5656,7020,4799
7522,49,6321,3637,1860,9885
7522,49,6321,596,4131,8852
7522,49,6321,2579,766,3216
7522,49,6321,5444,2416,956
7522,49,6321,4860,6197,9279
7522,49,6321,2289,2536,2567
7522,49,6321,3376,868,3170
7522,49,6321,3338,757,28
7522,49,6321,2600,7707,7562
7522,49,6321,205,37,3174
7522,49,6321,6854,5823,3092
7522,49,6321,8847,7244,2619
7522,49,6321,163,9023,4714
7522,49,6321,5495,1513,5964
7522,49,6321,7585,2361,3392
7522,49,6321,9926,2330,3595
7522,49,6321,1634,1658,1068
7522,49,6321,6479,6685,7404
7522,49,6321,3080,6259,8586
7522,49,6321,4462,2602,7098
7522,49,6321,3804,7042,4468
7522,49,6321,8799,1087,4674
7522,49,6321,8826,9066,966
7522,49,6321,5038,9213,4568
7522,49,6321,3246,3513,7161
7522,49,6321,4443,2852,2862
7522,49,6321,5326,2788,1740
7522,49,6321,3552,1856,3011
7522,49,6321,5731,2748,142
7522,49,6321,2574,8940,1541
7522,49,6321,6624,8193,8450
7522,49,6321,9696,5397,9030
7522,49,6321,4645,8221,2980
7522,49,6321,783,8693,5379
7522,49,6321,6708,1124,7481
7522,49,6321,3095,7643,9486
7522,49,6321,2369,7484,3645
7522,49,6321,77,4483,9343
7522,49,6321,5507,6702,7442
7522,49,6321,7951,9349,242
7522,49,6321,3227,4324,9731
7522,49,6321,9350,1141,5176
7522,49,6321,5259,405,4132
7522,49,6321,9032,9228,9834
7522,49,6321,3314,6959,8464
7522,49,6321,7179,5765,735
7522,49,6321,4311,6506,4892
7522,49,6321,5418,308,6105
7522,49,6321,5173,2537,556
7522,49,6321,627,5807,2545
7522,49,6321,5838,754,1010
7522,49,6321,1338,6421,1529
7522,49,6321,297,7848,6278
7522,49,6321,8739,3182,6003
7522,49,6321,102,2243,2574
7522,49,6321,418,2151,395
7522,49,6321,4092,3522,8633
7522,49,6321,3786,3934,6966
7522,49,6321,7017,996,1706
7522,49,6321,6577,6064,6577
7522,49,6321,6445,2346,1244
7522,49,6321,7414,8464,790
7522,49,6321,8420,9675,5299
7522,49,6321,1973,4671,8821
7522,49,6321,581,9550,8476
7522,49,6321,9891,1865,4247
7522,49,6321,7102,7600,7103
7522,49,6321,2,4052,6863
7522,49,6321,7302,4882,5714
7522,49,6321,4082,8623,1185
7522,49,6321,9869,5441,2663
7522,49,6321,6229,3274,2249
7522,49,6321,136,5465,979
7522,49,6321,7209,1188,6602
7522,49,6321,6103,1745,6197
7522,49,6321,4923,9403,3570
7522,49,6321,2329,7003,9776
7522,49,6321,623,5733,6988
7522,49,6321,9253,759,315
7522,49,6321,4517,7629,4645
7522,49,6321,4318,3874,2645
7522,49,6321,3849,6373,1466
7522,49,6321,1066,7616,6513
7522,49,6321,4492,9551,4749
7522,49,6321,1757,5907,3378
7522,49,6321,6760,4853,7140
7522,49,6321,5282,875,3508
7522,49,6321,5901,7629,4565
7522,49,6321,9558,1809,2255
7522,49,6321,3356,2758,8517
7522,49,6321,7157,5487,4795
7522,49,6321,6760,4942,3938
7522,49,6321,4309,808,1876
7522,49,6321,7714,9451,8104
7522,49,6321,3458,4456,6248
7522,49,6321,5924,8968,2872
7522,49,6321,2881,4913,9863
7522,49,6321,3878,4987,1640
7522,49,6321,5355,3203,6607
7522,49,6321,6958,6598,846
7522,49,6321,717,6504,2426
7522,49,6321,2138,8110,2843
7522,49,6321,2454,5835,9416
7522,49,6321,279,5191,8031
7522,49,6321,7732,8463,2898
7522,49,6321,3982,5516,6732
7522,49,6321,6244,2250,455
7522,49,6321,4811,1242,4096
7522,49,6321,3962,2539,8446
7522,49,6321,7698,3552,6656
7522,49,6321,2664,5119,8926
7522,49,6321,2851,2876,5959
7522,49,6321,7805,4365,6154
7522,49,6321,8673,5359,6270
7522,49,6321,329,1183,3450
7522,49,6321,9661,3221,658
7522,49,6321,7512,7802,8777
7522,49,6321,1219,8759,118
7522,49,6321,2348,6156,3962
7522,49,6321,1966,6962,7550
7522,49,6321,6906,3646,9715
7522,49,6321,3516,9350,8062
7522,49,6321,4288,6120,2439
7522,49,6321,921,6629,9207
7522,49,6321,4842,3632,111
7522,49,6321,7730,1233,6241
7522,49,6321,4697,2841,8967
7522,49,6321,4189,9726,3341
7522,49,6321,8624,8836,697
7522,49,6321,9547,8416,4797
7522,49,6321,8798,9151,2128
7522,49,6321,8998,7980,2680
7522,49,6321,8630,691,6819
7522,49,6321,6560,8415,1515
7522,49,6321,1908,1914,6741
7522,49,6321,5232,8286,5250
7522,49,6321,9101,2254,7414
7522,49,6321,9624,5033,3721
7522,49,6321,8199,6570,7243
7522,49,6321,8538,7797,8280
7522,49,6321,8606,6067,4215
7522,49,6321,5815,9443,8886
7522,49,6321,1157,4766,5584
7522,49,6321,2886,3429,1023
7522,49,6321,561,9605,7341
7522,49,6321,4547,4869,5741
7522,49,6321,598,4850,6761
7522,49,6321,8269,5964,5264
7522,49,6321,2982,3959,6504
7522,49,6321,8959,4184,1460
7522,49,6321,2140,9705,6464
7522,49,6321,42,6643,6481
7522,49,6321,797,867,7885
7522,49,6321,8830,7263,1840
7522,49,6321,7284,8189,9753
7522,49,6321,6990,6800,3284
7522,49,6321,4497,3642,7450
7522,49,6321,7003,6616,3798
7522,49,6321,3585,5209,4131
7522,49,6321,7997,2206,4413
7522,49,6321,8728,9963,9687
7522,49,6321,6649,6377,6579
7522,49,6321,7993,1285,2440
7522,49,6321,4979,394,5662
7522,49,6321,5372,2721,1423
7522,49,6321,4083,7489,2558
7522,49,6321,5654,3838,208
7522,49,6321,3961,6959,4532
7522,49,6321,848,7687,7753
7522,49,6321,362,3862,7587
7522,49,6321,5975,3476,5415
7522,49,6321,851,4697,8690
7522,49,6321,8287,633,6980
7522,49,6321,7960,4343,4603
7522,49,6321,6450,5633,4184
7522,49,6321,1042,2010,7825
7522,49,6321,4569,6631,7797
7522,49,6321,7071,1791,569
7522,49,6321,695,6588,5023
7522,49,6321,7946,5717,1879
7522,49,6321,3398,9705,2577
7522,49,6321,4949,8771,6843
7522,49,6321,2370,8134,3335
7522,49,6321,8787,4142,7556
7522,49,6321,3859,7273,9832
7522,49,6321,8906,1261,6213
7522,49,6321,3836,6815,3700
7522,49,6321,5858,8476,551
7522,49,6321,402,9214,3052
7522,49,6321,5948,7477,1194
7522,49,6321,2861,3902,6430
7522,49,6321,9365,9026,2035
7522,49,6321,2999,1499,1838
7522,49,6321,3759,7280,7535
7522,49,6321,932,992,8681
7522,49,6321,7694,8143,2985
7522,49,6321,1054,2372,4815
7522,49,6321,930,6776,7735
7522,49,6321,9019,6490,6778
7522,49,6321,1993,2218,8685
7522,49,6321,9558,3428,6698
7522,49,6321,7118,1813,4795
7522,49,6321,8045,4436,2718
7522,49,6321,9926,4480,7094
7522,49,6321,4295,4869,4422
7522,49,6321,1397,1879,702
7522,49,6321,8358,467,1792
7522,49,6321,5012,9784,3730
7522,49,6321,7170,5172,9803
7522,49,6321,1594,8147,6373
7522,49,6321,458,2542,9767
7522,49,6321,7148,1231,9177
7522,49,6321,1125,7493,9750
7522,49,6321,8490,8957,6468
7522,49,6321,3395,1085,5306
7522,49,6321,7352,3938,8358
7522,49,6321,2411,4280,782
7522,49,6321,6570,1229,9198
7522,49,6321,9461,8630,5329
7522,49,6321,3628,5913,3010
7522,49,6321,8775,9668,4640
7522,49,6321,4453,615,1983
7522,49,6321,6955,1046,2284
7522,49,6321,9247,2186,7579
7522,49,6321,6193,1417,7402
7522,49,6321,5309,1016,6458
7522,49,6321,3297,3935,7225
7522,49,6321,6823,6148,5216
7522,49,6321,4608,1415,101
7522,49,6321,9353,5069,1537
7522,49,6321,6734,9710,1930
7522,49,6321,519,7429,2443
7522,49,6321,8618,5197,4749
7522,49,6321,790,4796,7568
7522,49,6321,6552,7345,54
7522,49,6321,7945,2658,6319
7522,49,6321,6252,5808,9295
7522,49,6321,4617,9617,4467
7522,49,6321,1401,5474,4710
7522,49,6321,5183,3982,4568
7522,49,6321,1012,357,7437
7522,49,6321,7519,7363,3682
7522,49,6321,9808,8547,7764
7522,49,6321,1075,5411,1925
7522,49,6321,2140,7794,1272
7522,49,6321,7938,7416,7249
7522,49,6321,2063,3169,1136
7522,49,6321,6584,5789,7190
7522,49,6321,261,9431,3744
7522,49,6321,6254,3839,2441
7522,49,6321,9214,4631,3488
7522,49,6321,1926,3810,2035
7522,49,6321,5891,1504,9668
7522,49,6321,5318,6426,5605
7522,49,6321,3870,4597,1176
7522,49,6321,366,9692,2932
7522,49,6321,3355,3657,9325
7522,49,6321,1301,3588,1683
7522,49,6321,7569,4363,8027
7522,49,6321,3808,8258,3526
7522,49,6321,8467,2237,1466
7522,49,6321,4396,757,4653
7522,49,6321,7138,8428,3017
7522,49,6321,6864,9561,8754
7522,49,6321,3149,2759,8254
7522,49,6321,3770,2219,3705
7522,49,6321,2292,1257,1076
7522,49,6321,7931,506,2988
7522,49,6321,7580,6688,3051
7522,49,6321,6190,3169,3594
7522,49,6321,9167,6084,9834
7522,49,6321,7337,4230,4097
7522,49,6321,2521,9189,1330
7522,49,6321,203,5841,1422
7522,49,6321,8356,9408,6943
7522,49,6321,5505,6873,2417
7522,49,6321,7215,3327,7927
7522,49,6321,3354,7330,810
7522,49,6321,4581,4766,9467
7522,49,6321,1223,1078,5543
7522,49,6321,4125,8944,2246
7522,49,6321,6773,8304,2457
7522,49,6321,7471,8170,8598
7522,49,6321,9392,7649,9459
7522,49,6321,663,5331,996
7522,49,6321,6398,1058,7620
7522,49,6321,47,8461,1818
7522,49,6321,7653,662,8175
7522,49,6321,6192,7724,1733
7522,49,6321,8183,9800,1953
7522,49,6321,8995,5370,7190
7522,49,6321,4664,6847,9324
7522,49,6321,7477,7189,6963
7522,49,6321,6745,8292,7375
7522,49,6321,4147,7967,6826
7522,49,6321,4713,8627,682
7522,49,6321,6682,6997,2029
7522,49,6321,6439,2330,3575
7522,49,6321,6997,9810,783
7522,49,6321,8329,1754,1068
7522,49,6321,4575,4386,2368
7522,49,6321,795,5769,6157
7522,49,6321,8763,9273,6877
7522,49,6321,531,2027,9690
7522,49,6321,5524,3860,5931
7522,49,6321,7887,6933,5983
7522,49,6321,334,9358,5779
7522,49,6321,4866,4511,3215
7522,49,6321,6554,8425,8403
7522,49,6321,4167,4438,9672
7522,49,6321,5583,753,3039
7522,49,6321,7099,1688,7593
7522,49,6321,2501,7453,2723
7522,49,6321,8338,2822,4731
7522,49,6321,9639,3040,45
7522,49,6321,9373,3371,3305
7522,49,6321,6835,9022,6363
7522,49,6321,4335,7091,1393
7522,49,6321,1318,8397,1648
7522,49,6321,7392,3168,3916
7522,49,6321,4116,4965,8009
7522,49,6321,9959,7096,3707
7522,49,6321,7464,916,682
7522,49,6321,390,2492,2877
7522,49,6321,5414,5830,2603
7522,49,6321,5806,6275,2606
7522,49,6321,5753,1106,8176
7522,49,6321,8276,6160,164
7522,49,6321,3459,438,6851
7522,49,6321,8530,9148,3019
7522,49,6321,3850,4560,5712
7522,49,6321,4911,1670,610
7522,49,6321,5110,4005,2003
7522,49,6321,8237,8840,9408
7522,49,6321,5193,3647,9114
7522,49,6321,579,301,7021
7522,49,6321,5565,9924,2861
7522,49,6321,8363,3436,2993
7522,49,6321,5744,3796,2572
7522,49,6321,7164,296,8429
7522,49,6321,5109,7707,4809
7522,49,6321,7972,9178,7083
7522,49,6321,6221,7602,4864
7522,49,6321,7167,8814,1740
7522,49,6321,7,1501,8347
7522,49,6321,719,798,5743
7522,49,6321,1635,7772,5516
7522,49,6321,6632,9563,420
7522,49,6321,1099,7257,8830
7522,49,6321,1326,8756,7245
7522,49,6321,83,902,374
7522,49,6321,2893,9978,20
7522,49,6321,5521,3246,2330
7522,49,6321,8595,7962,890
7522,49,6321,7314,7605,914
7522,49,6321,7779,9270,1861
7522,49,6321,38,4259,6221
7522,49,6321,1013,7325,4493
7522,49,6321,5386,616,9787
7522,49,6321,2674,1578,2369
7522,49,6321,8193,6488,1947
7522,49,6321,6560,9485,4493
7522,49,6321,5007,1343,3916
7522,49,6321,5829,7613,2690
7522,49,6321,8784,2595,843
7522,49,6321,5304,8022,7734
7522,49,6321,7183,7145,3909
7522,49,6321,3306,9646,1772
7522,49,6321,3698,3468,4344
7522,49,6321,9897,9558,876
7522,49,6321,4651,40,4387
7522,49,6321,5576,3984,7684
7522,49,6321,6468,680,5341
7522,49,6321,2495,2560,7999
7522,49,6321,6019,9181,6759
7522,49,6321,6561,7834,7030
7522,49,6321,3492,6179,5233
7522,49,6321,1631,8046,4612
7522,49,6321,2671,1102,5600
7522,49,6321,4291,2501,8060
7522,49,6321,8671,6216,8867
7522,49,6321,8863,11,1980
7522,49,6321,7492,2493,3314
7522,49,6321,252,8676,7343
7522,49,6321,8848,456,2689
7522,49,6321,1131,2684,1759
7522,49,6321,1671,5786,9072
7522,49,6321,6441,5516,3209
7522,49,6321,1160,6375,178
7522,49,6321,4740,7694,672
7522,49,6321,4416,3544,7492
7522,49,6321,6405,2197,6904
7522,49,6321,3603,2115,5871
7522,49,6321,7490,8056,7661
7522,49,6321,6566,6530,7327
7522,49,6321,9960,1182,1201
7522,49,6321,228,7280,2631
7522,49,6321,8184,3431,3761
7522,49,6321,1564,9281,8535
7522,49,6321,6650,2968,5235
7522,49,6321,4483,9895,8406
7522,49,6321,8365,3267,8758
7522,49,6321,3116,2610,483
7522,49,6321,5540,388,9399
7522,49,6321,931,2424,6113
7522,49,6321,9477,1850,5354
7522,49,6321,1569,9854,5803
7522,49,6321,3550,2049,3767
7522,49,6321,4984,5252,3833
7522,49,6321,8911,9467,9417
7522,49,6321,3349,5820,6516
7522,49,6321,6838,6365,7268
7522,49,6321,178,6521,7422
7522,49,6321,9400,682,2654
7522,49,6321,1852,3833,3101
