9629,9378,4125,8011,8433,6473
9629,9378,4125,1694,1974,8253
9629,9378,4125,2891,693,1180
9629,9378,4125,8000,1760,3364
9629,9378,4125,3334,9432,2015
9629,9378,4125,5818,6180,1180
9629,9378,4125,2202,1024,915
9629,9378,4125,2704,7837,2961
9629,9378,4125,5337,2570,8849
9629,9378,4125,7857,7814,5926
9629,9378,4125,5891,8924,2316
9629,9378,4125,9795,1921,9378
9629,9378,4125,2444,5418,8959
9629,9378,4125,7911,4193,2435
9629,9378,4125,7319,906,6258
9629,9378,4125,2257,5528,430
9629,9378,4125,2720,1048,1106
9629,9378,4125,3063,7223,2959
9629,9378,4125,6843,3290,3883
9629,9378,4125,5468,6892,6579
9629,9378,4125,469,4122,3371
9629,9378,4125,364,5080,5698
9629,9378,4125,3647,8645,9087
9629,9378,4125,707,6386,3850
9629,9378,4125,5225,1639,1954
9629,9378,4125,1842,3578,6184
9629,9378,4125,8769,2452,4648
9629,9378,4125,7028,4286,5557
9629,9378,4125,4043,5040,9538
9629,9378,4125,1983,1846,1871
9629,9378,4125,9660,4387,4471
9629,9378,4125,2348,8565,4242
9629,9378,4125,4501,7863,2308
9629,9378,4125,7139,400,5730
9629,9378,4125,2932,3821,2088
9629,9378,4125,9872,8105,3169
9629,9378,4125,4959,587,6045
9629,9378,4125,2143,332,2476
9629,9378,4125,3230,2256,885
9629,9378,4125,6293,4533,288
9629,9378,4125,4894,7955,9600
9629,9378,4125,7611,5857,1164
9629,9378,4125,7348,8510,8551
9629,9378,4125,1127,9588,3326
9629,9378,4125,6803,9489,5315
9629,9378,4125,5325,251,1255
9629,9378,4125,8003,162,8546
9629,9378,4125,8327,5458,8556
9629,9378,4125,9057,3792,5854
9629,9378,4125,3569,8794,5843
9629,9378,4125,4254,3370,5603
9629,9378,4125,9609,9321,3947
9629,9378,4125,7797,2012,7520
9629,9378,4125,1646,8112,2541
9629,9378,4125,1868,34,572
9629,9378,4125,9790,1924,2003
9629,9378,4125,9450,5979,6055
9629,9378,4125,9794,5286,4108
9629,9378,4125,3563,869,640
9629,9378,4125,4170,1910,4773
9629,9378,4125,6793,4212,144
9629,9378,4125,6771,7809,6235
9629,9378,4125,1108,6667,6981
9629,9378,4125,7016,4113,8514
9629,9378,4125,9404,2404,9065
9629,9378,4125,5175,1883,6444
9629,9378,4125,4086,9656,2370
9629,9378,4125,7649,1308,5916
9629,9378,4125,2916,6780,6569
9629,9378,4125,3375,4831,6520
9629,9378,4125,5076,8148,1646
9629,9378,4125,9315,128,4619
9629,9378,4125,551,3506,6788
9629,9378,4125,1558,1006,2683
9629,9378,4125,6025,6590,2035
9629,9378,4125,3680,4429,2526
9629,9378,4125,7817,1611,5242
9629,9378,4125,2811,7725,7037
9629,9378,4125,7213,2839,8459
9629,9378,4125,1695,5465,6665
9629,9378,4125,5404,1998,1897
9629,9378,4125,1025,5683,2694
9629,9378,4125,6900,8081,5498
9629,9378,4125,9167,6935,6828
9629,9378,4125,8768,7088,7326
9629,9378,4125,7511,9296,4711
9629,9378,4125,1092,9199,8538
9629,9378,4125,64,4665,1213
9629,9378,4125,6467,3738,6086
9629,9378,4125,8518,944,1611
9629,9378,4125,4444,595,4322
9629,9378,4125,5837,8500,9920
9629,9378,4125,4398,8912,8762
9629,9378,4125,1725,1812,7793
9629,9378,4125,2586,3876,1836
9629,9378,4125,5271,7732,850
9629,9378,4125,1114,8947,9872
9629,9378,4125,1505,8327,7086
9629,9378,4125,4184,6068,2411
9629,9378,4125,2068,7333,8578
9629,9378,4125,4240,606,9726
9629,9378,4125,3186,1979,6035
9629,9378,4125,1984,8123,3199
9629,9378,4125,1146,999,7984
9629,9378,4125,9893,2123,3059
9629,9378,4125,2899,4247,566
9629,9378,4125,9921,1355,3586
9629,9378,4125,4737,2720,7519
9629,9378,4125,9746,1189,7282
9629,9378,4125,229,1675,3498
9629,9378,4125,8225,2903,388
9629,9378,4125,2509,9524,4506
9629,9378,4125,7991,9653,1761
9629,9378,4125,752,7176,3681
9629,9378,4125,5784,3047,7161
9629,9378,4125,3062,3825,5045
9629,9378,4125,7870,625,4922
9629,9378,4125,557,3322,6452
9629,9378,4125,698,767,3737
9629,9378,4125,2318,7978,3838
9629,9378,4125,5147,2545,9506
9629,9378,4125,6583,8729,9890
9629,9378,4125,9015,3558,4342
9629,9378,4125,4112,8796,6504
9629,9378,4125,1368,4417,6633
9629,9378,4125,852,6252,8700
9629,9378,4125,4014,5876,7269
9629,9378,4125,7200,3279,2639
9629,9378,4125,5120,2716,4348
9629,9378,4125,7871,5811,6725
9629,9378,4125,6686,9577,5470
9629,9378,4125,5671,2470,181
9629,9378,4125,2013,8653,2922
9629,9378,4125,2025,8501,5035
9629,9378,4125,2926,2239,540
9629,9378,4125,6433,318,390
9629,9378,4125,3586,918,5063
9629,9378,4125,5963,3396,1705
9629,9378,4125,9678,655,8782
9629,9378,4125,2160,7201,5176
9629,9378,4125,7364,3020,8800
9629,9378,4125,6615,2733,2560
9629,9378,4125,8727,5458,6143
9629,9378,4125,5630,7716,5614
9629,9378,4125,254,7999,9967
9629,9378,4125,9190,538,6049
9629,9378,4125,391,8136,6325
9629,9378,4125,8580,62,6516
9629,9378,4125,2442,4548,5789
9629,9378,4125,3476,2785,8735
9629,9378,4125,5527,686,8781
9629,9378,4125,6275,1624,5256
9629,9378,4125,9000,8246,4661
9629,9378,4125,5793,7977,4729
9629,9378,4125,7890,3334,3123
9629,9378,4125,5457,7953,328
9629,9378,4125,9426,220,1097
9629,9378,4125,8124,8627,6135
9629,9378,4125,5333,1365,3520
9629,9378,4125,4831,1983,8477
9629,9378,4125,1402,1292,7400
9629,9378,4125,9314,612,5152
9629,9378,4125,800,7027,5844
9629,9378,4125,4081,2900,3146
9629,9378,4125,6760,9897,784
9629,9378,4125,5461,5672,3568
9629,9378,4125,1310,723,5322
9629,9378,4125,1225,8589,6079
9629,9378,4125,3839,6946,8379
9629,9378,4125,8583,9074,2460
9629,9378,4125,2939,7691,840
9629,9378,4125,9226,1509,6656
9629,9378,4125,60,3855,6938
9629,9378,4125,8716,9952,7711
9629,9378,4125,6608,4619,9317
9629,9378,4125,7420,5771,7279
9629,9378,4125,138,4966,1721
9629,9378,4125,432,2150,9896
9629,9378,4125,2539,6568,3834
9629,9378,4125,3608,232,314
9629,9378,4125,3320,7390,6433
9629,9378,4125,214,3435,8038
9629,9378,4125,994,5023,1227
9629,9378,4125,9561,957,1850
9629,9378,4125,352,2658,7260
9629,9378,4125,2808,6402,6134
9629,9378,4125,3855,1498,1761
9629,9378,4125,9281,2298,9802
9629,9378,4125,5315,6933,6125
9629,9378,4125,8818,5356,2488
9629,9378,4125,1736,2556,9888
9629,9378,4125,5871,6030,7276
9629,9378,4125,1938,2059,4576
9629,9378,4125,3672,7138,3295
9629,9378,4125,6117,724,5875
9629,9378,4125,6916,1718,1450
9629,9378,4125,6355,1563,7322
9629,9378,4125,9699,13,3132
9629,9378,4125,4438,2200,6376
9629,9378,4125,3050,2090,3406
9629,9378,4125,3808,9290,2330
9629,9378,4125,7446,7494,3555
9629,9378,4125,482,3559,7260
9629,9378,4125,9257,9455,4520
9629,9378,4125,7694,6295,1186
9629,9378,4125,5578,8051,9295
9629,9378,4125,9839,6222,990
9629,9378,4125,7970,6561,281
9629,9378,4125,2695,817,929
9629,9378,4125,1306,6572,4758
9629,9378,4125,3664,6240,9148
9629,9378,4125,2354,3866,4421
9629,9378,4125,499,6970,6734
9629,9378,4125,4432,1984,2100
9629,9378,4125,9369,9925,6448
9629,9378,4125,3335,8944,4621
9629,9378,4125,4738,9866,1092
9629,9378,4125,548,6331,5418
9629,9378,4125,4495,1137,5182
9629,9378,4125,448,7420,1240
9629,9378,4125,1497,3580,8316
9629,9378,4125,4777,8438,2679
9629,9378,4125,8797,8214,5062
9629,9378,4125,2922,9929,1874
9629,9378,4125,1949,5133,6574
9629,9378,4125,1316,7337,6941
9629,9378,4125,1503,2282,1649
9629,9378,4125,9541,1715,5486
9629,9378,4125,1569,9060,1707
9629,9378,4125,1769,4970,9411
9629,9378,4125,5826,6925,1391
9629,9378,4125,8754,964,6931
9629,9378,4125,3745,7856,2601
9629,9378,4125,7074,441,4908
9629,9378,4125,5652,4650,5464
9629,9378,4125,7232,3287,8837
9629,9378,4125,5922,8569,961
9629,9378,4125,7093,5955,507
9629,9378,4125,2245,9213,4731
9629,9378,4125,202,8091,1786
9629,9378,4125,5689,3120,1497
9629,9378,4125,9443,3663,9542
9629,9378,4125,2987,8987,1002
9629,9378,4125,2219,1662,2152
9629,9378,4125,4550,9901,544
9629,9378,4125,2368,6279,5176
9629,9378,4125,7350,1030,5187
9629,9378,4125,2029,119,3932
9629,9378,4125,8590,7663,2051
9629,9378,4125,596,1167,6356
9629,9378,4125,9523,5040,735
9629,9378,4125,9860,1245,9481
9629,9378,4125,6415,9456,3117
9629,9378,4125,9427,198,3875
9629,9378,4125,6456,1416,9254
9629,9378,4125,9982,5944,9970
9629,9378,4125,2319,4059,1670
9629,9378,4125,7410,5557,74
9629,9378,4125,3121,9133,5399
9629,9378,4125,1202,5344,3167
9629,9378,4125,1994,3062,6447
9629,9378,4125,2577,7743,8622
9629,9378,4125,6194,74,2343
9629,9378,4125,6566,4430,6380
9629,9378,4125,8108,7929,4517
9629,9378,4125,420,2074,6516
9629,9378,4125,177,8260,7599
9629,9378,4125,93,5441,8926
9629,9378,4125,6536,9197,6169
9629,9378,4125,2117,3743,2359
9629,9378,4125,4166,212,4278
9629,9378,4125,4419,1297,158
9629,9378,4125,5900,90,9036
9629,9378,4125,9887,3343,1895
9629,9378,4125,1572,9612,4007
9629,9378,4125,118,6553,5453
9629,9378,4125,9810,5636,2818
9629,9378,4125,1918,181,2706
9629,9378,4125,497,9141,6579
9629,9378,4125,826,4634,6660
9629,9378,4125,5497,2451,6392
9629,9378,4125,7827,2540,7831
9629,9378,4125,9706,7824,8427
9629,9378,4125,8179,3663,9035
9629,9378,4125,5490,1253,7594
9629,9378,4125,5348,3326,9896
9629,9378,4125,1545,4603,2063
9629,9378,4125,3033,3763,3273
9629,9378,4125,6853,9813,5136
9629,9378,4125,5473,8110,6138
9629,9378,4125,1318,5137,6887
9629,9378,4125,1858,5031,4773
9629,9378,4125,341,3139,4855
9629,9378,4125,2954,4670,6863
9629,9378,4125,5951,5146,8256
9629,9378,4125,3784,238,6430
9629,9378,4125,2915,3900,3343
9629,9378,4125,8770,2106,8196
9629,9378,4125,545,7071,8942
9629,9378,4125,6986,6030,6831
9629,9378,4125,5391,782,7083
9629,9378,4125,1628,98,2291
9629,9378,4125,9006,2460,7011
9629,9378,4125,3532,9444,8614
9629,9378,4125,3028,19,167
9629,9378,4125,6867,567,3660
9629,9378,4125,2940,7744,5910
9629,9378,4125,9970,6529,875
9629,9378,4125,880,5215,9889
9629,9378,4125,719,9752,6573
9629,9378,4125,1119,4539,6162
9629,9378,4125,7541,4504,7714
9629,9378,4125,657,5469,3364
9629,9378,4125,6040,8765,9752
9629,9378,4125,5890,6750,2127
9629,9378,4125,874,59,4078
9629,9378,4125,4636,7992,6649
9629,9378,4125,5911,7625,3694
9629,9378,4125,548,5019,5372
9629,9378,4125,5484,9938,1216
9629,9378,4125,1765,8259,6291
9629,9378,4125,8598,7204,7831
9629,9378,4125,3890,7113,3343
9629,9378,4125,9697,5293,2676
9629,9378,4125,2523,5004,7685
9629,9378,4125,2074,6365,8772
9629,9378,4125,8799,7708,5253
9629,9378,4125,542,8524,8277
9629,9378,4125,263,6879,7418
9629,9378,4125,6788,3090,4800
9629,9378,4125,3501,5684,9783
9629,9378,4125,6331,1660,1533
9629,9378,4125,734,5733,8008
9629,9378,4125,1169,334,7453
9629,9378,4125,4950,8198,96
9629,9378,4125,8857,8978,8359
9629,9378,4125,8619,6925,6842
9629,9378,4125,5180,385,6557
9629,9378,4125,3603,3496,9733
9629,9378,4125,2864,942,6242
9629,9378,4125,9835,7773,602
9629,9378,4125,4770,884,850
9629,9378,4125,3011,4352,7677
9629,9378,4125,9504,2414,6106
9629,9378,4125,2519,4909,8860
9629,9378,4125,9054,5846,8304
9629,9378,4125,8545,301,9186
9629,9378,4125,1800,4333,1148
9629,9378,4125,5082,3384,5793
9629,9378,4125,8692,5587,3463
9629,9378,4125,4110,685,617
9629,9378,4125,5829,8009,8569
9629,9378,4125,4634,8468,9315
9629,9378,4125,1452,8512,3451
9629,9378,4125,1256,8975,3010
9629,9378,4125,8426,2744,1573
9629,9378,4125,7963,9977,3371
9629,9378,4125,6433,3554,3482
9629,9378,4125,5744,8178,5306
9629,9378,4125,4097,4790,8202
9629,9378,4125,2295,6584,6918
9629,9378,4125,4429,2212,3026
9629,9378,4125,7495,3556,1990
9629,9378,4125,2825,4324,3823
9629,9378,4125,8852,4064,9752
9629,9378,4125,9989,1392,537
9629,9378,4125,2301,6241,5955
9629,9378,4125,4424,625,1924
9629,9378,4125,8270,9831,9336
9629,9378,4125,7021,7532,6103
9629,9378,4125,444,2714,9811
9629,9378,4125,5164,1011,8635
9629,9378,4125,9156,3895,7060
9629,9378,4125,1742,421,5975
9629,9378,4125,4254,2572,4766
9629,9378,4125,6498,3224,6776
9629,9378,4125,8309,3990,4502
9629,9378,4125,1720,9014,2036
9629,9378,4125,8474,7317,2106
9629,9378,4125,9466,2891,4981
9629,9378,4125,4738,1680,4132
9629,9378,4125,494,5760,6796
9629,9378,4125,3961,4615,3817
9629,9378,4125,4470,9794,5449
9629,9378,4125,9887,174,891
9629,9378,4125,7497,6335,5313
9629,9378,4125,3895,3945,6157
9629,9378,4125,956,5751,7128
9629,9378,4125,8431,5925,4196
9629,9378,4125,6580,2680,9905
9629,9378,4125,6713,2505,7370
9629,9378,4125,4297,9446,8213
9629,9378,4125,3699,7119,6829
9629,9378,4125,5063,7187,1543
9629,9378,4125,5417,1854,9340
9629,9378,4125,4225,3751,5709
9629,9378,4125,3915,2051,9910
9629,9378,4125,6722,7702,299
9629,9378,4125,7340,9754,6869
9629,9378,4125,9693,1938,9221
9629,9378,4125,9938,5032,6419
9629,9378,4125,4617,421,8218
9629,9378,4125,5866,7385,8380
9629,9378,4125,6835,1365,9819
9629,9378,4125,1866,2445,2984
9629,9378,4125,5613,5181,9895
9629,9378,4125,6582,1259,1845
9629,9378,4125,584,9680,8822
9629,9378,4125,8906,2173,8833
9629,9378,4125,6406,8951,1869
9629,9378,4125,9133,6329,9699
9629,9378,4125,9382,8116,4901
9629,9378,4125,9796,2813,3906
9629,9378,4125,916,1401,1718
9629,9378,4125,7273,629,7926
9629,9378,4125,2762,8432,3399
9629,9378,4125,4829,7777,9965
9629,9378,4125,8852,5933,8227
9629,9378,4125,7667,3321,2926
9629,9378,4125,3911,3061,8058
9629,9378,4125,8980,9045,8235
9629,9378,4125,7936,4362,7141
9629,9378,4125,9331,2168,8595
9629,9378,4125,7718,4028,1523
9629,9378,4125,2000,4076,3403
9629,9378,4125,2918,2053,9971
9629,9378,4125,1120,8684,2242
9629,9378,4125,794,9055,5320
9629,9378,4125,1626,1088,4116
9629,9378,4125,9915,4806,5693
9629,9378,4125,4744,8119,1068
9629,9378,4125,6469,2240,276
9629,9378,4125,7692,2283,3117
9629,9378,4125,4279,4566,7293
9629,9378,4125,5164,6439,5784
9629,9378,4125,1237,2549,6238
9629,9378,4125,9565,7455,5226
9629,9378,4125,6277,9361,5764
9629,9378,4125,648,6564,9202
9629,9378,4125,8721,6224,1935
9629,9378,4125,841,1821,2865
9629,9378,4125,4000,2872,7341
9629,9378,4125,3649,7619,8136
9629,9378,4125,6955,369,7884
9629,9378,4125,7475,4851,3479
9629,9378,4125,8603,5070,4705
9629,9378,4125,6654,655,9711
9629,9378,4125,5531,4446,4943
9629,9378,4125,63,6425,3535
9629,9378,4125,8715,9925,5162
9629,9378,4125,3557,9765,6505
9629,9378,4125,1771,4519,6921
9629,9378,4125,931,6329,6125
9629,9378,4125,8292,5140,5303
9629,9378,4125,4230,5025,77
9629,9378,4125,7276,4276,3058
9629,9378,4125,9912,4169,4523
9629,9378,4125,3207,3836,6077
9629,9378,4125,9388,5184,7310
9629,9378,4125,3158,4637,157
9629,9378,4125,3542,356,1081
9629,9378,4125,3709,904,7934
9629,9378,4125,3602,100,7182
9629,9378,4125,8547,9317,9896
9629,9378,4125,478,3394,4570
9629,9378,4125,9491,8735,8030
9629,9378,4125,2762,3068,3671
9629,9378,4125,1905,3485,1050
9629,9378,4125,5763,940,6119
9629,9378,4125,7247,1728,9564
9629,9378,4125,5988,8081,5386
9629,9378,4125,122,1335,7092
9629,9378,4125,4688,9891,2041
9629,9378,4125,9016,4911,1388
9629,9378,4125,9903,9795,413
9629,9378,4125,8899,542,7560
9629,9378,4125,1154,3293,5801
9629,9378,4125,8202,9287,3395
9629,9378,4125,6509,6071,3952
9629,9378,4125,8271,5244,9193
9629,9378,4125,9356,1704,246
9629,9378,4125,5871,768,1107
9629,9378,4125,8539,9596,4203
9629,9378,4125,5389,4790,5442
9629,9378,4125,8042,6429,1475
9629,9378,4125,8023,6400,1467
9629,9378,4125,7517,8220,528
9629,9378,4125,2675,668,5377
9629,9378,4125,5760,1568,7075
9629,9378,4125,1576,2352,2907
9629,9378,4125,8611,9219,530
9629,9378,4125,8233,2143,5830
9629,9378,4125,5475,6450,1547
9629,9378,4125,2972,6943,5396
9629,9378,4125,7370,8946,7703
9629,9378,4125,2021,1449,4390
9629,9378,4125,6335,8558,9650
9629,9378,4125,5128,1913,5506
9629,9378,4125,4199,3240,3189
9629,9378,4125,1587,295,7205
9629,9378,4125,4396,7654,8704
9629,9378,4125,1283,5497,4556
9629,9378,4125,910,4105,6781
9629,9378,4125,8581,2559,5147
9629,9378,4125,1081,3977,7171
9629,9378,4125,1376,5654,1353
9629,9378,4125,320,2611,8948
9629,9378,4125,9213,9275,6368
9629,9378,4125,5584,6307,9242
9629,9378,4125,5692,5577,8461
