5250,5944,2230,8886,2543,3115
5250,5944,2230,7706,1613,4854
5250,5944,2230,8014,3343,6945
5250,5944,2230,9299,6265,1429
5250,5944,2230,3260,2057,174
5250,5944,2230,3891,8359,5567
5250,5944,2230,4176,12,3083
5250,5944,2230,7258,4939,6314
5250,5944,2230,6239,6387,6282
5250,5944,2230,6197,553,4010
5250,5944,2230,6434,5103,835
5250,5944,2230,2386,917,8750
5250,5944,2230,484,556,8326
5250,5944,2230,8281,7677,2912
5250,5944,2230,7714,7213,6400
5250,5944,2230,3617,1107,3091
5250,5944,2230,5190,7722,9773
5250,5944,2230,3160,5295,6844
5250,5944,2230,9514,4874,4377
5250,5944,2230,4929,5075,9312
5250,5944,2230,8122,2120,1131
5250,5944,2230,5044,6888,8171
5250,5944,2230,2459,5166,3574
5250,5944,2230,946,4924,5063
5250,5944,2230,600,428,278
5250,5944,2230,9641,1755,2916
5250,5944,2230,9120,4199,142
5250,5944,2230,3486,5877,6284
5250,5944,2230,720,451,7485
5250,5944,2230,8611,9485,35
5250,5944,2230,3084,9332,8636
5250,5944,2230,8614,3822,7598
5250,5944,2230,6572,3016,8723
5250,5944,2230,1893,2780,5694
5250,5944,2230,56,3822,368
5250,5944,2230,896,1800,5617
5250,5944,2230,7365,3462,2033
5250,5944,2230,3231,4504,7531
5250,5944,2230,9643,1993,7774
5250,5944,2230,3398,6988,4277
5250,5944,2230,3746,6595,8529
5250,5944,2230,7558,7211,6440
5250,5944,2230,6321,3602,157
5250,5944,2230,9238,6389,1022
5250,5944,2230,648,1846,6912
5250,5944,2230,5379,9207,8089
5250,5944,2230,494,1942,2560
5250,5944,2230,4775,3910,6223
5250,5944,2230,7641,5977,8991
5250,5944,2230,9529,5184,9860
5250,5944,2230,7632,8978,4530
5250,5944,2230,5621,7279,491
5250,5944,2230,6199,3058,5543
5250,5944,2230,1747,810,6082
5250,5944,2230,9301,4148,6115
5250,5944,2230,5427,6602,9201
5250,5944,2230,9311,2714,8038
5250,5944,2230,3510,1492,3548
5250,5944,2230,1948,3057,5651
5250,5944,2230,8928,564,207
5250,5944,2230,9157,6343,5025
5250,5944,2230,3869,7283,7442
5250,5944,2230,6276,1181,4609
5250,5944,2230,7780,1217,740
5250,5944,2230,2043,4013,3837
5250,5944,2230,8932,6463,8632
5250,5944,2230,3821,8224,1474
5250,5944,2230,878,9067,1598
5250,5944,2230,7507,5801,1325
5250,5944,2230,1681,2074,2949
5250,5944,2230,5316,9124,7216
5250,5944,2230,1721,6333,3619
5250,5944,2230,516,2956,7074
5250,5944,2230,9838,8654,5963
5250,5944,2230,4469,651,940
5250,5944,2230,1064,9927,7297
5250,5944,2230,1516,2982,3495
5250,5944,2230,3433,5488,4603
5250,5944,2230,2405,531,1272
5250,5944,2230,1721,4109,5787
5250,5944,2230,7476,8845,3987
5250,5944,2230,7367,1524,5931
5250,5944,2230,8359,6580,9303
5250,5944,2230,7429,6183,5161
5250,5944,2230,241,4208,2286
5250,5944,2230,1233,2068,3585
5250,5944,2230,567,4310,4847
5250,5944,2230,6995,4460,3140
5250,5944,2230,1380,9373,865
5250,5944,2230,5810,9766,7675
5250,5944,2230,5320,5032,8627
5250,5944,2230,746,7777,8637
5250,5944,2230,4564,1994,472
5250,5944,2230,9930,8415,6377
5250,5944,2230,6602,4362,7381
5250,5944,2230,237,411,2656
5250,5944,2230,6870,2591,8067
5250,5944,2230,3590,2108,9307
5250,5944,2230,3337,8784,274
5250,5944,2230,794,3565,3562
5250,5944,2230,8725,6886,2768
5250,5944,2230,1170,2531,9129
5250,5944,2230,7834,8237,4004
5250,5944,2230,5049,5169,924
5250,5944,2230,2603,2124,477
5250,5944,2230,3389,662,1630
5250,5944,2230,3200,9969,3250
5250,5944,2230,2048,5269,664
5250,5944,2230,3935,5742,829
5250,5944,2230,2988,7946,6922
5250,5944,2230,6026,4192,6238
5250,5944,2230,4838,2967,1042
5250,5944,2230,1927,1112,210
5250,5944,2230,2150,1298,5278
5250,5944,2230,516,7434,3573
5250,5944,2230,7842,6478,5281
5250,5944,2230,2442,6786,5429
5250,5944,2230,1070,56,9532
5250,5944,2230,1624,4219,8134
5250,5944,2230,1832,6059,6296
5250,5944,2230,7214,8607,4956
5250,5944,2230,301,7354,9027
5250,5944,2230,3269,3030,4547
5250,5944,2230,7643,3683,3108
5250,5944,2230,1633,6476,6722
5250,5944,2230,1638,1645,4415
5250,5944,2230,1531,6843,3471
5250,5944,2230,6111,782,4873
5250,5944,2230,2049,7740,3963
5250,5944,2230,989,1032,7413
5250,5944,2230,7932,9971,3033
5250,5944,2230,125,5119,5570
5250,5944,2230,9049,6666,9784
5250,5944,2230,5261,4148,9033
5250,5944,2230,2232,4281,2989
5250,5944,2230,3917,8898,7038
5250,5944,2230,6279,9408,9433
5250,5944,2230,219,1150,835
5250,5944,2230,8254,1107,7605
5250,5944,2230,5928,2108,1485
5250,5944,2230,8133,982,3171
5250,5944,2230,5825,2891,7541
5250,5944,2230,9811,357,233
5250,5944,2230,1070,9365,5911
5250,5944,2230,5006,3357,3633
5250,5944,2230,9969,4693,1671
5250,5944,2230,2073,4306,9415
5250,5944,2230,2077,576,1137
5250,5944,2230,8172,968,7106
5250,5944,2230,8950,5541,340
5250,5944,2230,560,7486,2547
5250,5944,2230,3694,1383,4564
5250,5944,2230,6668,6546,5872
5250,5944,2230,4448,3483,7645
5250,5944,2230,8751,650,6023
5250,5944,2230,5079,252,4202
5250,5944,2230,9112,3251,3202
5250,5944,2230,1824,620,6182
5250,5944,2230,6411,8298,8767
5250,5944,2230,8730,2978,4059
5250,5944,2230,7122,3185,5814
5250,5944,2230,2529,3029,5561
5250,5944,2230,9239,7909,8566
5250,5944,2230,7761,2021,2490
5250,5944,2230,7497,4445,7478
5250,5944,2230,9244,5070,7602
5250,5944,2230,8703,370,954
5250,5944,2230,3860,2170,5851
5250,5944,2230,1822,8548,3638
5250,5944,2230,5632,730,1111
5250,5944,2230,2051,6591,2584
5250,5944,2230,6287,8957,651
5250,5944,2230,3024,9129,2759
5250,5944,2230,323,4980,5033
5250,5944,2230,6328,8737,7465
5250,5944,2230,2924,6870,77
5250,5944,2230,7248,4192,1113
5250,5944,2230,5813,8367,868
5250,5944,2230,5495,4291,7363
5250,5944,2230,5712,5589,2462
5250,5944,2230,9371,2245,9018
5250,5944,2230,5463,6360,5459
5250,5944,2230,3606,563,7161
5250,5944,2230,4001,595,5310
5250,5944,2230,113,115,3467
5250,5944,2230,8796,7813,7564
5250,5944,2230,8488,7373,149
5250,5944,2230,5772,2314,8219
5250,5944,2230,9465,6682,2253
5250,5944,2230,2546,118,1724
5250,5944,2230,3339,3292,6446
5250,5944,2230,4890,5553,5757
5250,5944,2230,6540,2772,4818
5250,5944,2230,2382,6306,5591
5250,5944,2230,8145,7275,5382
5250,5944,2230,8976,9265,683
5250,5944,2230,2580,7567,807
5250,5944,2230,8483,6277,3847
5250,5944,2230,1880,8373,946
5250,5944,2230,3076,1331,3761
5250,5944,2230,2951,9710,5088
5250,5944,2230,5507,730,2009
5250,5944,2230,1815,9131,9004
5250,5944,2230,916,1172,9822
5250,5944,2230,4673,6091,4522
5250,5944,2230,7972,6275,5850
5250,5944,2230,2573,6410,9246
5250,5944,2230,5846,2131,7105
5250,5944,2230,4918,591,4236
5250,5944,2230,9018,8338,6048
5250,5944,2230,1492,6042,2976
5250,5944,2230,7827,3901,9933
5250,5944,2230,2499,8279,5697
5250,5944,2230,8458,1974,4094
5250,5944,2230,3223,603,9024
5250,5944,2230,2621,9306,6856
5250,5944,2230,8974,1092,895
5250,5944,2230,2583,4786,6266
5250,5944,2230,3586,2275,1947
5250,5944,2230,7013,1471,3295
5250,5944,2230,1838,4006,8940
5250,5944,2230,2403,1159,2218
5250,5944,2230,7532,2545,5318
5250,5944,2230,9506,5394,8698
5250,5944,2230,5533,1292,7579
5250,5944,2230,7732,3932,3283
5250,5944,2230,3492,1187,4138
5250,5944,2230,1083,8252,2913
5250,5944,2230,592,9260,5408
5250,5944,2230,3270,4786,1811
5250,5944,2230,7447,7440,4086
5250,5944,2230,7855,6620,5837
5250,5944,2230,134,2496,8484
5250,5944,2230,7172,675,6590
5250,5944,2230,9739,922,6155
5250,5944,2230,9039,7054,6827
5250,5944,2230,8375,1752,2096
5250,5944,2230,6249,5856,2218
5250,5944,2230,8662,2965,3132
5250,5944,2230,2742,87,2443
5250,5944,2230,9890,9385,7064
5250,5944,2230,7081,9710,7634
5250,5944,2230,7005,4942,7639
5250,5944,2230,9322,3985,5813
5250,5944,2230,8557,2795,3996
5250,5944,2230,6109,2397,54
5250,5944,2230,8902,2164,3766
5250,5944,2230,3804,3416,5303
5250,5944,2230,6163,9904,6460
5250,5944,2230,6817,6708,3282
5250,5944,2230,364,5054,1859
5250,5944,2230,692,7613,3478
5250,5944,2230,4939,5386,6024
5250,5944,2230,6536,1106,5886
5250,5944,2230,4047,9668,3296
5250,5944,2230,4482,4510,701
5250,5944,2230,2662,1689,186
5250,5944,2230,4171,7921,2674
5250,5944,2230,2091,8866,7397
5250,5944,2230,6242,6557,9208
5250,5944,2230,9527,5002,1441
5250,5944,2230,562,2935,8954
5250,5944,2230,4497,5810,3304
5250,5944,2230,7020,8608,8057
5250,5944,2230,4944,8250,8363
5250,5944,2230,1597,6461,5147
5250,5944,2230,5570,8714,8419
5250,5944,2230,8588,4487,224
5250,5944,2230,8028,1740,8829
5250,5944,2230,212,2570,858
5250,5944,2230,6140,5266,8900
5250,5944,2230,4141,4508,621
5250,5944,2230,3022,7113,7657
5250,5944,2230,949,2482,4719
5250,5944,2230,5391,2326,5432
5250,5944,2230,1454,6676,5766
5250,5944,2230,8245,8609,6210
5250,5944,2230,3446,583,4353
5250,5944,2230,2498,5845,4142
5250,5944,2230,649,686,7738
5250,5944,2230,7089,9827,8464
5250,5944,2230,1419,6240,268
5250,5944,2230,4201,3131,3349
5250,5944,2230,9865,6988,1457
5250,5944,2230,5074,7266,3175
5250,5944,2230,8874,1545,466
5250,5944,2230,3676,4108,9420
5250,5944,2230,3057,314,50
5250,5944,2230,4892,4206,3960
5250,5944,2230,8883,9538,8762
5250,5944,2230,4505,7369,8223
5250,5944,2230,191,8091,63
5250,5944,2230,1189,7759,5506
5250,5944,2230,5458,648,9880
5250,5944,2230,9535,2423,1600
5250,5944,2230,8747,871,8697
5250,5944,2230,4770,6596,6293
5250,5944,2230,3509,3671,9930
5250,5944,2230,7721,3398,1213
5250,5944,2230,8506,8885,2240
5250,5944,2230,2373,2828,8724
5250,5944,2230,3701,6189,3962
5250,5944,2230,4694,5995,5531
5250,5944,2230,2549,9985,2041
5250,5944,2230,6335,3209,8911
5250,5944,2230,3000,6358,3822
5250,5944,2230,2724,6664,3468
5250,5944,2230,9839,1978,7652
5250,5944,2230,6456,2574,8632
5250,5944,2230,7874,2139,5401
5250,5944,2230,4709,7145,178
5250,5944,2230,2280,2958,2262
5250,5944,2230,2712,9564,5364
5250,5944,2230,4155,4091,3770
5250,5944,2230,371,6067,8093
5250,5944,2230,6140,2182,4630
5250,5944,2230,7648,571,9179
5250,5944,2230,2749,8692,6975
5250,5944,2230,7529,8200,8563
5250,5944,2230,4053,1486,5710
5250,5944,2230,920,1893,9521
5250,5944,2230,3872,4297,3357
5250,5944,2230,2444,8643,6881
5250,5944,2230,600,3025,1005
5250,5944,2230,810,8499,1259
5250,5944,2230,6606,7807,1815
5250,5944,2230,1132,5041,8707
5250,5944,2230,4222,6111,5797
5250,5944,2230,8851,9903,3993
5250,5944,2230,7417,8073,5022
5250,5944,2230,1681,4010,9756
5250,5944,2230,8639,9830,7623
5250,5944,2230,8223,3788,6990
5250,5944,2230,9526,5229,3454
5250,5944,2230,7673,7794,5333
5250,5944,2230,8930,5700,1687
5250,5944,2230,9469,8019,996
5250,5944,2230,8936,1931,9537
5250,5944,2230,610,9081,154
5250,5944,2230,9455,3498,1496
5250,5944,2230,9749,5857,8060
5250,5944,2230,1391,8788,8550
5250,5944,2230,1177,8328,6184
5250,5944,2230,4156,5887,593
5250,5944,2230,4534,2980,2938
5250,5944,2230,6083,2605,5127
5250,5944,2230,5740,654,5875
5250,5944,2230,9029,2491,4451
5250,5944,2230,9205,1926,5135
5250,5944,2230,6216,2961,5407
5250,5944,2230,7837,9343,1452
5250,5944,2230,9151,9476,78
5250,5944,2230,6252,8066,8987
5250,5944,2230,7768,729,7952
5250,5944,2230,7324,8790,6658
5250,5944,2230,3794,6254,9487
5250,5944,2230,7020,4506,242
5250,5944,2230,2163,7445,8939
5250,5944,2230,1316,9838,2268
5250,5944,2230,4771,9295,4562
5250,5944,2230,7916,5214,6525
5250,5944,2230,198,8007,5366
5250,5944,2230,3437,6250,3931
5250,5944,2230,2507,8710,7668
5250,5944,2230,8686,1251,2676
5250,5944,2230,4675,1801,2114
5250,5944,2230,5721,2272,7706
5250,5944,2230,9051,4190,3624
5250,5944,2230,6321,3356,5272
5250,5944,2230,7772,1655,1439
5250,5944,2230,8932,6532,8297
5250,5944,2230,6490,946,5362
5250,5944,2230,8839,9949,5900
5250,5944,2230,5046,2684,3523
5250,5944,2230,825,8055,3966
5250,5944,2230,7854,9625,8861
5250,5944,2230,4593,6139,7049
5250,5944,2230,3094,6201,8472
5250,5944,2230,9600,8728,2870
5250,5944,2230,3645,2367,4503
5250,5944,2230,1847,1071,2824
5250,5944,2230,5440,6463,2818
5250,5944,2230,695,6576,9536
5250,5944,2230,67,6379,9220
5250,5944,2230,6524,2277,8381
5250,5944,2230,5517,1694,8641
5250,5944,2230,429,9119,7788
5250,5944,2230,6187,9643,8825
5250,5944,2230,1745,5131,9273
5250,5944,2230,7507,3938,9553
5250,5944,2230,5467,9078,3123
5250,5944,2230,6616,8848,2202
5250,5944,2230,1903,3313,2189
5250,5944,2230,9895,9641,7418
5250,5944,2230,5580,7852,4600
5250,5944,2230,1195,7212,2003
5250,5944,2230,2711,3949,907
5250,5944,2230,7743,2054,8768
5250,5944,2230,3555,7840,3266
5250,5944,2230,6276,5410,2017
5250,5944,2230,8115,4374,1962
5250,5944,2230,1416,8560,3673
5250,5944,2230,206,6578,5046
5250,5944,2230,1187,8410,9157
5250,5944,2230,7596,3098,5899
5250,5944,2230,6837,2816,6865
5250,5944,2230,4106,3247,2912
5250,5944,2230,3698,5928,4203
5250,5944,2230,8759,1497,8036
5250,5944,2230,8295,6051,9109
5250,5944,2230,7814,248,9229
5250,5944,2230,2035,2708,1844
5250,5944,2230,9581,9155,4068
5250,5944,2230,5241,5326,4703
5250,5944,2230,5801,624,2996
5250,5944,2230,7975,128,6982
5250,5944,2230,2281,2844,100
5250,5944,2230,2336,9453,3764
5250,5944,2230,7778,8040,9122
5250,5944,2230,4393,9859,2032
5250,5944,2230,5892,4254,5589
5250,5944,2230,8104,5765,6418
5250,5944,2230,306,7321,484
5250,5944,2230,8589,1640,7334
5250,5944,2230,991,4976,1716
5250,5944,2230,7520,2760,15
5250,5944,2230,6270,6036,9539
5250,5944,2230,104,3867,445
5250,5944,2230,3935,4418,9670
5250,5944,2230,3819,3932,634
5250,5944,2230,6489,9170,2521
5250,5944,2230,5304,3040,9312
5250,5944,2230,2047,9359,9597
5250,5944,2230,4506,3384,8924
5250,5944,2230,7413,4696,6396
5250,5944,2230,2926,9321,2982
5250,5944,2230,1086,3870,547
5250,5944,2230,786,8237,1994
5250,5944,2230,5637,861,9230
5250,5944,2230,4230,2697,4966
5250,5944,2230,1793,2639,108
5250,5944,2230,770,9447,266
5250,5944,2230,4742,5575,1812
5250,5944,2230,5518,9156,612
5250,5944,2230,2124,5082,5238
5250,5944,2230,6338,2117,919
5250,5944,2230,8716,1071,4697
5250,5944,2230,1446,58,6319
5250,5944,2230,1221,59,2573
5250,5944,2230,7717,2201,3593
5250,5944,2230,4129,2096,4968
5250,5944,2230,8961,4315,1897
5250,5944,2230,2782,1270,2375
5250,5944,2230,2772,9234,5613
5250,5944,2230,5800,6781,9064
5250,5944,2230,1516,39,9748
5250,5944,2230,400,1107,6312
5250,5944,2230,6173,7249,419
5250,5944,2230,2257,727,9745
5250,5944,2230,8713,3324,174
5250,5944,2230,56,6932,1290
5250,5944,2230,9152,5635,7297
5250,5944,2230,613,3044,6772
5250,5944,2230,9402,6408,4954
5250,5944,2230,8812,6814,9003
5250,5944,2230,7069,1905,464
5250,5944,2230,1269,5363,8821
5250,5944,2230,4148,2879,5852
5250,5944,2230,7965,1872,7596
5250,5944,2230,2693,4459,7810
5250,5944,2230,7543,3771,5853
5250,5944,2230,3761,1693,508
5250,5944,2230,9740,4006,2960
5250,5944,2230,4894,5074,7794
5250,5944,2230,615,9792,7318
5250,5944,2230,145,770,7537
5250,5944,2230,3106,4117,1697
5250,5944,2230,8958,9566,3546
5250,5944,2230,3070,7799,511
5250,5944,2230,8806,7640,6946
5250,5944,2230,2960,9172,4586
5250,5944,2230,5836,7616,5973
5250,5944,2230,7383,1568,4783
5250,5944,2230,6494,247,1747
5250,5944,2230,9519,3388,1464
5250,5944,2230,7786,2451,6408
5250,5944,2230,1619,7694,1790
5250,5944,2230,8106,9025,7190
5250,5944,2230,6639,3601,8235
5250,5944,2230,5612,8253,7025
5250,5944,2230,2307,4466,9687
5250,5944,2230,2395,4744,7290
5250,5944,2230,1225,8288,9836
5250,5944,2230,4647,9522,8578
5250,5944,2230,5171,3960,3557
5250,5944,2230,164,2478,3722
5250,5944,2230,13,2347,5827
5250,5944,2230,9890,1755,6440
5250,5944,2230,8519,8910,7613
5250,5944,2230,7591,410,1117
5250,5944,2230,5717,8555,6608
5250,5944,2230,2729,3162,1364
5250,5944,2230,4238,2536,9069
5250,5944,2230,918,5853,787
5250,5944,2230,1129,1176,3774
5250,5944,2230,6315,3469,6454
5250,5944,2230,6996,2964,2411
5250,5944,2230,5056,4936,9988
5250,5944,2230,7088,1301,6309
5250,5944,2230,703,1429,6034
