6485,3402,4673,6013,5250,7222
6485,3402,4673,4678,5394,4740
6485,3402,4673,3842,8070,6833
6485,3402,4673,8420,6769,9687
6485,3402,4673,9141,5492,1155
6485,3402,4673,2712,9,647
6485,3402,4673,2366,4154,7763
6485,3402,4673,4793,8670,9403
6485,3402,4673,4684,5046,6669
6485,3402,4673,3783,3449,7198
6485,3402,4673,8519,1592,7593
6485,3402,4673,5381,9440,4494
6485,3402,4673,7744,6243,7459
6485,3402,4673,8037,5469,2697
6485,3402,4673,9246,8235,8621
6485,3402,4673,1130,5653,8539
6485,3402,4673,1487,6743,7701
6485,3402,4673,7315,1747,1379
6485,3402,4673,1150,5904,3210
6485,3402,4673,1857,9875,4153
6485,3402,4673,5472,1057,5073
6485,3402,4673,1437,2931,93
6485,3402,4673,2905,7570,4900
6485,3402,4673,820,402,4828
6485,3402,4673,5853,641,6008
6485,3402,4673,2052,4018,8141
6485,3402,4673,7888,5003,7891
6485,3402,4673,3272,6592,573
6485,3402,4673,656,3855,7688
6485,3402,4673,9937,4996,4777
6485,3402,4673,2931,4959,7287
6485,3402,4673,3001,176,5268
6485,3402,4673,5499,6151,4430
6485,3402,4673,4895,7703,6392
6485,3402,4673,2832,7573,7921
6485,3402,4673,7217,6157,1431
6485,3402,4673,783,6803,708
6485,3402,4673,3571,980,489
6485,3402,4673,7798,903,4819
6485,3402,4673,4737,60,7804
6485,3402,4673,5679,5163,7402
6485,3402,4673,9325,3005,1159
6485,3402,4673,6341,364,1771
6485,3402,4673,8910,8740,3950
6485,3402,4673,6553,3033,9412
6485,3402,4673,8813,2243,3329
6485,3402,4673,6881,9500,986
6485,3402,4673,4148,7999,8209
6485,3402,4673,7347,4474,5082
6485,3402,4673,737,6720,8184
6485,3402,4673,5051,8500,4803
6485,3402,4673,5393,1680,6109
6485,3402,4673,763,6989,6659
6485,3402,4673,933,5146,3097
6485,3402,4673,7061,7421,4082
6485,3402,4673,1830,2409,5067
6485,3402,4673,3894,457,3662
6485,3402,4673,657,3617,2059
6485,3402,4673,4338,6875,1306
6485,3402,4673,2548,7218,8722
6485,3402,4673,4634,1982,2211
6485,3402,4673,2317,4657,6616
6485,3402,4673,7887,3604,8925
6485,3402,4673,9883,9583,1364
6485,3402,4673,2260,6899,1322
6485,3402,4673,2933,673,9978
6485,3402,4673,5340,9652,2871
6485,3402,4673,5840,7520,308
6485,3402,4673,5428,5921,3954
6485,3402,4673,62,5266,4643
6485,3402,4673,3787,1941,2027
6485,3402,4673,58,1059,5393
6485,3402,4673,9951,278,9876
6485,3402,4673,5782,3255,3864
6485,3402,4673,4844,3550,7232
6485,3402,4673,2725,7367,4528
6485,3402,4673,2977,1477,5132
6485,3402,4673,5407,9035,6493
6485,3402,4673,9223,2994,5100
6485,3402,4673,2585,9620,9533
6485,3402,4673,5521,1017,7791
6485,3402,4673,2520,2576,6459
6485,3402,4673,9927,8465,5420
6485,3402,4673,9725,3208,9072
6485,3402,4673,4970,3581,5462
6485,3402,4673,8603,5052,2377
6485,3402,4673,7302,7316,9585
6485,3402,4673,853,4551,6729
6485,3402,4673,7919,547,1128
6485,3402,4673,9671,7144,551
6485,3402,4673,5465,847,4162
6485,3402,4673,3474,9748,9238
6485,3402,4673,4181,2015,3160
6485,3402,4673,9124,7510,5569
6485,3402,4673,4871,7372,844
6485,3402,4673,8069,894,5873
6485,3402,4673,8593,5664,4099
6485,3402,4673,4660,6460,1390
6485,3402,4673,3432,1236,4588
6485,3402,4673,1734,8646,3674
6485,3402,4673,9143,544,5701
6485,3402,4673,7193,7495,6465
6485,3402,4673,3704,8894,8604
6485,3402,4673,319,6732,7486
6485,3402,4673,4282,66,3383
6485,3402,4673,4361,3097,3517
6485,3402,4673,9814,8816,4765
6485,3402,4673,7715,8865,3434
6485,3402,4673,4934,1772,3408
6485,3402,4673,1802,4831,4714
6485,3402,4673,6375,8782,597
6485,3402,4673,9081,8829,9432
6485,3402,4673,561,2765,9630
6485,3402,4673,8384,97,1782
6485,3402,4673,2210,7515,9102
6485,3402,4673,7408,2672,2668
6485,3402,4673,1351,3030,5881
6485,3402,4673,5700,2919,1913
6485,3402,4673,55,1515,4053
6485,3402,4673,5096,6850,8517
6485,3402,4673,100,1102,3872
6485,3402,4673,9482,6755,2743
6485,3402,4673,2669,8245,8478
6485,3402,4673,9036,671,839
6485,3402,4673,7502,3762,2371
6485,3402,4673,1478,5003,4393
6485,3402,4673,3887,347,8971
6485,3402,4673,8329,3435,5021
6485,3402,4673,533,1819,7827
6485,3402,4673,7963,7646,4413
6485,3402,4673,2816,9652,3015
6485,3402,4673,3114,2570,1175
6485,3402,4673,2401,8667,5947
6485,3402,4673,345,6803,1350
6485,3402,4673,2763,8163,6411
6485,3402,4673,5537,5173,2795
6485,3402,4673,9301,9962,1566
6485,3402,4673,3419,2263,5494
6485,3402,4673,6193,2511,7617
6485,3402,4673,5176,3556,9744
6485,3402,4673,5755,1146,453
6485,3402,4673,9310,5524,4660
6485,3402,4673,6918,9084,8758
6485,3402,4673,4657,2563,8146
6485,3402,4673,2266,7381,8807
6485,3402,4673,860,8045,9060
6485,3402,4673,3979,8190,5654
6485,3402,4673,9714,7454,8958
6485,3402,4673,6506,9135,5563
6485,3402,4673,2853,1633,1226
6485,3402,4673,4499,2227,8622
6485,3402,4673,1404,5101,7320
6485,3402,4673,2254,6531,9922
6485,3402,4673,588,341,7679
6485,3402,4673,8410,2126,359
6485,3402,4673,6670,7372,9951
6485,3402,4673,3874,535,3685
6485,3402,4673,9615,8815,6056
6485,3402,4673,7293,7186,6991
6485,3402,4673,4912,7945,2707
6485,3402,4673,4671,2561,389
6485,3402,4673,7592,3664,4380
6485,3402,4673,8311,6107,535
6485,3402,4673,1487,6434,6287
6485,3402,4673,4649,1977,7326
6485,3402,4673,8822,840,222
6485,3402,4673,6250,3740,8030
6485,3402,4673,726,6637,8718
6485,3402,4673,6249,2251,9089
6485,3402,4673,2249,4745,1855
6485,3402,4673,1358,6568,2210
6485,3402,4673,1359,555,3470
6485,3402,4673,3150,1595,6254
6485,3402,4673,4903,6187,8836
6485,3402,4673,2698,5278,1001
6485,3402,4673,3411,8531,7484
6485,3402,4673,394,2003,8076
6485,3402,4673,2340,4387,1752
6485,3402,4673,8763,8915,3031
6485,3402,4673,9653,4068,6608
6485,3402,4673,500,4104,5369
6485,3402,4673,7178,5211,2309
6485,3402,4673,8675,5988,9172
6485,3402,4673,8230,3129,157
6485,3402,4673,4332,3220,5027
6485,3402,4673,5121,7620,2335
6485,3402,4673,3199,8535,6150
6485,3402,4673,4065,6500,9506
6485,3402,4673,5746,4005,1169
6485,3402,4673,5,2230,9911
6485,3402,4673,6937,284,4414
6485,3402,4673,6774,928,1997
6485,3402,4673,9205,2081,1280
6485,3402,4673,6857,1469,979
6485,3402,4673,794,7885,3016
6485,3402,4673,9947,1490,3590
6485,3402,4673,1091,5945,6818
6485,3402,4673,5313,1250,1427
6485,3402,4673,9817,6245,7696
6485,3402,4673,6814,9519,4717
6485,3402,4673,9659,4188,9913
6485,3402,4673,1869,4339,5556
6485,3402,4673,4000,2081,6985
6485,3402,4673,100,7427,8882
6485,3402,4673,3649,4760,957
6485,3402,4673,4868,8338,2092
6485,3402,4673,1365,4021,3276
6485,3402,4673,2389,8828,1134
6485,3402,4673,6677,7059,8664
6485,3402,4673,5270,1619,5188
6485,3402,4673,9155,237,8715
6485,3402,4673,4615,3911,5455
6485,3402,4673,3861,5327,3717
6485,3402,4673,9175,2619,9093
6485,3402,4673,2898,9045,9001
6485,3402,4673,1342,3871,6992
6485,3402,4673,2373,8449,6526
6485,3402,4673,8129,8165,1408
6485,3402,4673,4225,5037,8068
6485,3402,4673,9058,4423,5067
6485,3402,4673,2883,3567,4484
6485,3402,4673,8141,7133,7346
6485,3402,4673,6737,9037,9181
6485,3402,4673,5458,6766,9802
6485,3402,4673,148,9089,5872
6485,3402,4673,21,5792,7906
6485,3402,4673,3913,8293,8302
6485,3402,4673,5704,3035,5377
6485,3402,4673,3719,9690,8426
6485,3402,4673,4998,451,2251
6485,3402,4673,3851,5885,5223
6485,3402,4673,7793,3023,9317
6485,3402,4673,5208,4626,4105
6485,3402,4673,506,1154,1961
6485,3402,4673,1697,9752,7907
6485,3402,4673,2579,1436,5730
6485,3402,4673,4,1047,2743
6485,3402,4673,4987,4803,6851
6485,3402,4673,2232,391,5330
6485,3402,4673,4901,9480,9841
6485,3402,4673,9057,1995,3322
6485,3402,4673,6416,7078,6244
6485,3402,4673,4783,807,3475
6485,3402,4673,3856,915,3454
6485,3402,4673,8628,3101,9471
6485,3402,4673,3100,3519,4991
6485,3402,4673,6479,3447,9711
6485,3402,4673,7187,6109,4523
6485,3402,4673,7937,8442,2025
6485,3402,4673,3102,5044,3942
6485,3402,4673,2180,8897,8529
6485,3402,4673,8071,675,3485
6485,3402,4673,7068,1657,9851
6485,3402,4673,4125,6467,7033
6485,3402,4673,3194,5163,7719
6485,3402,4673,776,6066,1922
6485,3402,4673,8536,8762,3437
6485,3402,4673,9674,1197,7352
6485,3402,4673,7945,5302,2011
6485,3402,4673,5147,6880,1553
6485,3402,4673,7799,3610,7953
6485,3402,4673,3312,6652,7263
6485,3402,4673,9631,3503,1700
6485,3402,4673,7487,9925,3321
6485,3402,4673,1318,7972,1366
6485,3402,4673,2544,1605,2900
6485,3402,4673,9192,2694,1588
6485,3402,4673,1653,7657,3644
6485,3402,4673,8104,4035,9764
6485,3402,4673,3876,7927,2866
6485,3402,4673,4207,2030,5881
6485,3402,4673,5779,8202,8630
6485,3402,4673,7556,1718,9636
6485,3402,4673,8291,5469,7113
6485,3402,4673,4830,3454,3829
6485,3402,4673,5602,675,770
6485,3402,4673,4890,1851,1655
6485,3402,4673,4461,1475,2990
6485,3402,4673,8209,5952,7707
6485,3402,4673,5675,3544,59
6485,3402,4673,808,6210,815
6485,3402,4673,1569,3917,6354
6485,3402,4673,5898,5775,7769
6485,3402,4673,8138,6416,2395
6485,3402,4673,1024,2207,9741
6485,3402,4673,3131,9073,9642
6485,3402,4673,7818,427,4155
6485,3402,4673,1483,8540,8028
6485,3402,4673,9554,4129,4481
6485,3402,4673,8050,8049,2125
6485,3402,4673,6663,8746,9421
6485,3402,4673,6673,1438,1315
6485,3402,4673,7194,321,6304
6485,3402,4673,1963,1247,9513
6485,3402,4673,1994,4762,4957
6485,3402,4673,3930,9532,8806
6485,3402,4673,8384,971,4445
6485,3402,4673,2461,8782,8030
6485,3402,4673,5648,9344,5589
6485,3402,4673,6845,7305,2277
6485,3402,4673,3308,987,4928
6485,3402,4673,8554,6739,3819
6485,3402,4673,4883,6573,2947
6485,3402,4673,7918,9174,6759
6485,3402,4673,8056,939,8930
6485,3402,4673,4349,8275,842
6485,3402,4673,8172,1788,6878
6485,3402,4673,5769,2270,5179
6485,3402,4673,6294,4182,9596
6485,3402,4673,7153,1547,7336
6485,3402,4673,8011,8433,6473
6485,3402,4673,1694,1974,8253
6485,3402,4673,2891,693,1180
6485,3402,4673,8000,1760,3364
6485,3402,4673,3334,9432,2015
6485,3402,4673,5818,6180,1180
6485,3402,4673,2202,1024,915
6485,3402,4673,2704,7837,2961
6485,3402,4673,5337,2570,8849
6485,3402,4673,7857,7814,5926
6485,3402,4673,5891,8924,2316
6485,3402,4673,9795,1921,9378
6485,3402,4673,2444,5418,8959
6485,3402,4673,7911,4193,2435
6485,3402,4673,7319,906,6258
6485,3402,4673,2257,5528,430
6485,3402,4673,2720,1048,1106
6485,3402,4673,3063,7223,2959
6485,3402,4673,6843,3290,3883
6485,3402,4673,5468,6892,6579
6485,3402,4673,469,4122,3371
6485,3402,4673,364,5080,5698
6485,3402,4673,3647,8645,9087
6485,3402,4673,707,6386,3850
6485,3402,4673,5225,1639,1954
6485,3402,4673,1842,3578,6184
6485,3402,4673,8769,2452,4648
6485,3402,4673,7028,4286,5557
6485,3402,4673,4043,5040,9538
6485,3402,4673,1983,1846,1871
6485,3402,4673,9660,4387,4471
6485,3402,4673,2348,8565,4242
6485,3402,4673,4501,7863,2308
6485,3402,4673,7139,400,5730
6485,3402,4673,2932,3821,2088
6485,3402,4673,9872,8105,3169
6485,3402,4673,4959,587,6045
6485,3402,4673,2143,332,2476
6485,3402,4673,3230,2256,885
6485,3402,4673,6293,4533,288
6485,3402,4673,4894,7955,9600
6485,3402,4673,7611,5857,1164
6485,3402,4673,7348,8510,8551
6485,3402,4673,1127,9588,3326
6485,3402,4673,6803,9489,5315
6485,3402,4673,5325,251,1255
6485,3402,4673,8003,162,8546
6485,3402,4673,8327,5458,8556
6485,3402,4673,9057,3792,5854
6485,3402,4673,3569,8794,5843
6485,3402,4673,4254,3370,5603
6485,3402,4673,9609,9321,3947
6485,3402,4673,7797,2012,7520
6485,3402,4673,1646,8112,2541
6485,3402,4673,1868,34,572
6485,3402,4673,9790,1924,2003
6485,3402,4673,9450,5979,6055
6485,3402,4673,9794,5286,4108
6485,3402,4673,3563,869,640
6485,3402,4673,4170,1910,4773
6485,3402,4673,6793,4212,144
6485,3402,4673,6771,7809,6235
6485,3402,4673,1108,6667,6981
6485,3402,4673,7016,4113,8514
6485,3402,4673,9404,2404,9065
6485,3402,4673,5175,1883,6444
6485,3402,4673,4086,9656,2370
6485,3402,4673,7649,1308,5916
6485,3402,4673,2916,6780,6569
6485,3402,4673,3375,4831,6520
6485,3402,4673,5076,8148,1646
6485,3402,4673,9315,128,4619
6485,3402,4673,551,3506,6788
6485,3402,4673,1558,1006,2683
6485,3402,4673,6025,6590,2035
6485,3402,4673,3680,4429,2526
6485,3402,4673,7817,1611,5242
6485,3402,4673,2811,7725,7037
6485,3402,4673,7213,2839,8459
6485,3402,4673,1695,5465,6665
6485,3402,4673,5404,1998,1897
6485,3402,4673,1025,5683,2694
6485,3402,4673,6900,8081,5498
6485,3402,4673,9167,6935,6828
6485,3402,4673,8768,7088,7326
6485,3402,4673,7511,9296,4711
6485,3402,4673,1092,9199,8538
6485,3402,4673,64,4665,1213
6485,3402,4673,6467,3738,6086
6485,3402,4673,8518,944,1611
6485,3402,4673,4444,595,4322
6485,3402,4673,5837,8500,9920
6485,3402,4673,4398,8912,8762
6485,3402,4673,1725,1812,7793
6485,3402,4673,2586,3876,1836
6485,3402,4673,5271,7732,850
6485,3402,4673,1114,8947,9872
6485,3402,4673,1505,8327,7086
6485,3402,4673,4184,6068,2411
6485,3402,4673,2068,7333,8578
6485,3402,4673,4240,606,9726
6485,3402,4673,3186,1979,6035
6485,3402,4673,1984,8123,3199
6485,3402,4673,1146,999,7984
6485,3402,4673,9893,2123,3059
6485,3402,4673,2899,4247,566
6485,3402,4673,9921,1355,3586
6485,3402,4673,4737,2720,7519
6485,3402,4673,9746,1189,7282
6485,3402,4673,229,1675,3498
6485,3402,4673,8225,2903,388
6485,3402,4673,2509,9524,4506
6485,3402,4673,7991,9653,1761
6485,3402,4673,752,7176,3681
6485,3402,4673,5784,3047,7161
6485,3402,4673,3062,3825,5045
6485,3402,4673,7870,625,4922
6485,3402,4673,557,3322,6452
6485,3402,4673,698,767,3737
6485,3402,4673,2318,7978,3838
6485,3402,4673,5147,2545,9506
6485,3402,4673,6583,8729,9890
6485,3402,4673,9015,3558,4342
6485,3402,4673,4112,8796,6504
6485,3402,4673,1368,4417,6633
6485,3402,4673,852,6252,8700
6485,3402,4673,4014,5876,7269
6485,3402,4673,7200,3279,2639
6485,3402,4673,5120,2716,4348
6485,3402,4673,7871,5811,6725
6485,3402,4673,6686,9577,5470
6485,3402,4673,5671,2470,181
6485,3402,4673,2013,8653,2922
6485,3402,4673,2025,8501,5035
6485,3402,4673,2926,2239,540
6485,3402,4673,6433,318,390
6485,3402,4673,3586,918,5063
6485,3402,4673,5963,3396,1705
6485,3402,4673,9678,655,8782
6485,3402,4673,2160,7201,5176
6485,3402,4673,7364,3020,8800
6485,3402,4673,6615,2733,2560
6485,3402,4673,8727,5458,6143
6485,3402,4673,5630,7716,5614
6485,3402,4673,254,7999,9967
6485,3402,4673,9190,538,6049
6485,3402,4673,391,8136,6325
6485,3402,4673,8580,62,6516
6485,3402,4673,2442,4548,5789
6485,3402,4673,3476,2785,8735
6485,3402,4673,5527,686,8781
6485,3402,4673,6275,1624,5256
6485,3402,4673,9000,8246,4661
6485,3402,4673,5793,7977,4729
6485,3402,4673,7890,3334,3123
6485,3402,4673,5457,7953,328
6485,3402,4673,9426,220,1097
6485,3402,4673,8124,8627,6135
6485,3402,4673,5333,1365,3520
6485,3402,4673,4831,1983,8477
6485,3402,4673,1402,1292,7400
6485,3402,4673,9314,612,5152
6485,3402,4673,800,7027,5844
6485,3402,4673,4081,2900,3146
6485,3402,4673,6760,9897,784
6485,3402,4673,5461,5672,3568
6485,3402,4673,1310,723,5322
6485,3402,4673,1225,8589,6079
6485,3402,4673,3839,6946,8379
6485,3402,4673,8583,9074,2460
6485,3402,4673,2939,7691,840
6485,3402,4673,9226,1509,6656
6485,3402,4673,60,3855,6938
6485,3402,4673,8716,9952,7711
6485,3402,4673,6608,4619,9317
6485,3402,4673,7420,5771,7279
6485,3402,4673,138,4966,1721
6485,3402,4673,432,2150,9896
6485,3402,4673,2539,6568,3834
6485,3402,4673,3608,232,314
6485,3402,4673,3320,7390,6433
6485,3402,4673,214,3435,8038
6485,3402,4673,994,5023,1227
6485,3402,4673,9561,957,1850
6485,3402,4673,352,2658,7260
6485,3402,4673,2808,6402,6134
6485,3402,4673,3855,1498,1761
6485,3402,4673,9281,2298,9802
6485,3402,4673,5315,6933,6125
6485,3402,4673,8818,5356,2488
6485,3402,4673,1736,2556,9888
6485,3402,4673,5871,6030,7276
6485,3402,4673,1938,2059,4576
6485,3402,4673,3672,7138,3295
6485,3402,4673,6117,724,5875
6485,3402,4673,6916,1718,1450
6485,3402,4673,6355,1563,7322
6485,3402,4673,9699,13,3132
6485,3402,4673,4438,2200,6376
6485,3402,4673,3050,2090,3406
