4703,3753,5877,6009,7374,8207
4703,3753,5877,7319,8973,789
4703,3753,5877,2533,7094,5484
4703,3753,5877,1243,6910,7397
4703,3753,5877,6034,4973,6678
4703,3753,5877,2067,9899,1647
4703,3753,5877,3913,3629,8430
4703,3753,5877,2952,827,3489
4703,3753,5877,6778,7866,5098
4703,3753,5877,2182,7329,5559
4703,3753,5877,8587,7595,763
4703,3753,5877,4465,7347,7563
4703,3753,5877,9140,5304,56
4703,3753,5877,1788,3926,6399
4703,3753,5877,8313,7021,8542
4703,3753,5877,5904,8716,6185
4703,3753,5877,6594,8273,4381
4703,3753,5877,6065,4391,6985
4703,3753,5877,7181,9474,8196
4703,3753,5877,1992,7691,445
4703,3753,5877,7970,1844,1852
4703,3753,5877,2398,6929,4278
4703,3753,5877,7302,1893,7114
4703,3753,5877,5203,7288,8689
4703,3753,5877,9045,1694,9551
4703,3753,5877,4883,2080,7446
4703,3753,5877,3819,1293,7371
4703,3753,5877,2857,3663,7166
4703,3753,5877,5337,7144,7183
4703,3753,5877,1886,1095,5062
4703,3753,5877,8321,77,5766
4703,3753,5877,2039,5559,2493
4703,3753,5877,6205,3935,1860
4703,3753,5877,4848,5210,24
4703,3753,5877,1438,949,2316
4703,3753,5877,5089,5759,4176
4703,3753,5877,9599,9293,6513
4703,3753,5877,9012,704,2305
4703,3753,5877,4534,7462,892
4703,3753,5877,1648,7049,5735
4703,3753,5877,8098,2426,3136
4703,3753,5877,3797,9075,4682
4703,3753,5877,615,3828,910
4703,3753,5877,22,8720,8053
4703,3753,5877,3391,9433,7173
4703,3753,5877,1188,6985,6692
4703,3753,5877,489,4674,6222
4703,3753,5877,1758,5447,18
4703,3753,5877,4796,7725,2136
4703,3753,5877,3622,4267,388
4703,3753,5877,550,482,5830
4703,3753,5877,6629,6533,2971
4703,3753,5877,7655,3423,1520
4703,3753,5877,7851,3519,1789
4703,3753,5877,3591,7876,6459
4703,3753,5877,2331,6924,7489
4703,3753,5877,4012,876,8081
4703,3753,5877,4114,2243,4927
4703,3753,5877,1046,9128,5448
4703,3753,5877,1966,6455,4921
4703,3753,5877,2569,540,9222
4703,3753,5877,225,3054,3431
4703,3753,5877,8320,1039,1832
4703,3753,5877,9581,6518,958
4703,3753,5877,5349,9781,1173
4703,3753,5877,2567,7347,9761
4703,3753,5877,7593,7148,6243
4703,3753,5877,4038,7326,1204
4703,3753,5877,1267,7247,1542
4703,3753,5877,3695,9728,4154
4703,3753,5877,8087,6427,4271
4703,3753,5877,7514,495,7190
4703,3753,5877,417,2355,5596
4703,3753,5877,9322,9159,9710
4703,3753,5877,123,770,7797
4703,3753,5877,8117,5271,4706
4703,3753,5877,2612,7391,9958
4703,3753,5877,7746,4663,8415
4703,3753,5877,2766,8235,8733
4703,3753,5877,3134,5853,9614
4703,3753,5877,3528,2140,9318
4703,3753,5877,7169,7684,1935
4703,3753,5877,666,4372,9817
4703,3753,5877,2403,8696,9369
4703,3753,5877,4650,5088,7582
4703,3753,5877,1251,1942,6524
4703,3753,5877,4978,6947,4031
4703,3753,5877,7198,9063,3222
4703,3753,5877,3941,7520,5915
4703,3753,5877,5313,981,2964
4703,3753,5877,530,1726,4928
4703,3753,5877,5972,8203,4229
4703,3753,5877,2268,3823,5493
4703,3753,5877,1803,4301,1214
4703,3753,5877,9975,3380,4990
4703,3753,5877,1122,2478,1924
4703,3753,5877,7171,9827,9737
4703,3753,5877,8466,5636,3339
4703,3753,5877,5155,3243,6537
4703,3753,5877,4122,7921,2052
4703,3753,5877,9324,4817,2492
4703,3753,5877,9670,6831,1725
4703,3753,5877,9039,8005,2030
4703,3753,5877,2816,235,6265
4703,3753,5877,1122,7241,2064
4703,3753,5877,2249,7692,4066
4703,3753,5877,1188,5140,9244
4703,3753,5877,1216,8292,5785
4703,3753,5877,6848,8280,2084
4703,3753,5877,812,9629,6307
4703,3753,5877,6483,3036,8949
4703,3753,5877,8317,4440,8421
4703,3753,5877,5700,9884,9356
4703,3753,5877,1526,4991,8027
4703,3753,5877,1642,16,5030
4703,3753,5877,2913,6512,2752
4703,3753,5877,5287,891,6949
4703,3753,5877,4204,6299,6511
4703,3753,5877,6808,1064,2136
4703,3753,5877,9611,849,6414
4703,3753,5877,3834,4205,2828
4703,3753,5877,2897,7452,9927
4703,3753,5877,954,167,3594
4703,3753,5877,269,4389,9864
4703,3753,5877,7190,3664,8296
4703,3753,5877,5438,3631,6510
4703,3753,5877,5422,203,5280
4703,3753,5877,6470,8318,5739
4703,3753,5877,10000,8661,5994
4703,3753,5877,5846,8136,5235
4703,3753,5877,4925,3926,7994
4703,3753,5877,8060,7554,853
4703,3753,5877,2513,6619,1312
4703,3753,5877,6074,3360,5330
4703,3753,5877,2388,5455,1389
4703,3753,5877,5650,9678,6521
4703,3753,5877,8978,8543,5928
4703,3753,5877,3493,12,5279
4703,3753,5877,5395,6726,8921
4703,3753,5877,5695,7680,6585
4703,3753,5877,5931,8964,6424
4703,3753,5877,2769,4952,6661
4703,3753,5877,1132,7016,3512
4703,3753,5877,9334,2975,3682
4703,3753,5877,2512,7533,5232
4703,3753,5877,3819,4929,477
4703,3753,5877,56,7049,1713
4703,3753,5877,5473,9534,5594
4703,3753,5877,9847,2290,2579
4703,3753,5877,1172,7081,8917
4703,3753,5877,1472,235,8633
4703,3753,5877,1238,5108,9965
4703,3753,5877,4195,7399,7600
4703,3753,5877,2473,9347,5881
4703,3753,5877,3459,7150,269
4703,3753,5877,9429,9901,7349
4703,3753,5877,3344,1825,1384
4703,3753,5877,9173,9583,111
4703,3753,5877,1051,9973,582
4703,3753,5877,1901,962,5776
4703,3753,5877,4718,6398,3025
4703,3753,5877,2702,7359,9188
4703,3753,5877,2561,1373,3334
4703,3753,5877,5626,8304,359
4703,3753,5877,9895,6390,4453
4703,3753,5877,2343,3284,7038
4703,3753,5877,2008,5161,2070
4703,3753,5877,5101,2894,5432
4703,3753,5877,4173,1790,2402
4703,3753,5877,27,6633,659
4703,3753,5877,9994,8743,2045
4703,3753,5877,6236,3475,9507
4703,3753,5877,3883,3968,2732
4703,3753,5877,2050,9957,8859
4703,3753,5877,2351,8247,2607
4703,3753,5877,4369,7851,1528
4703,3753,5877,5606,5612,4504
4703,3753,5877,2907,8219,3764
4703,3753,5877,8911,6558,8218
4703,3753,5877,9979,9548,5506
4703,3753,5877,8438,3133,7413
4703,3753,5877,9755,6340,6682
4703,3753,5877,6164,5004,9233
4703,3753,5877,5275,875,9026
4703,3753,5877,964,4609,8208
4703,3753,5877,6910,3821,319
4703,3753,5877,4310,5860,3022
4703,3753,5877,2246,1676,12
4703,3753,5877,6120,9549,3067
4703,3753,5877,1657,4942,2778
4703,3753,5877,3988,78,2102
4703,3753,5877,7550,6006,7413
4703,3753,5877,3082,5237,6685
4703,3753,5877,286,6800,6390
4703,3753,5877,3183,8587,122
4703,3753,5877,7663,908,4253
4703,3753,5877,1966,6933,7762
4703,3753,5877,7759,5940,5183
4703,3753,5877,4301,9305,4033
4703,3753,5877,3400,9956,4164
4703,3753,5877,4440,7002,2002
4703,3753,5877,7765,50,1053
4703,3753,5877,1371,2429,7192
4703,3753,5877,7074,5622,5319
4703,3753,5877,320,9905,4017
4703,3753,5877,5201,2305,980
4703,3753,5877,2581,2850,89
4703,3753,5877,9789,3814,7855
4703,3753,5877,6657,7808,7348
4703,3753,5877,6743,6757,8636
4703,3753,5877,733,3708,6417
4703,3753,5877,962,9530,518
4703,3753,5877,8497,2572,8366
4703,3753,5877,5064,5874,9692
4703,3753,5877,9501,7609,7450
4703,3753,5877,4781,313,7890
4703,3753,5877,5369,6060,1823
4703,3753,5877,1863,7550,8559
4703,3753,5877,5173,4765,8702
4703,3753,5877,416,1285,884
4703,3753,5877,4030,4328,472
4703,3753,5877,7777,242,1796
4703,3753,5877,5871,6023,6722
4703,3753,5877,6386,728,2331
4703,3753,5877,7529,6099,2767
4703,3753,5877,498,8204,1149
4703,3753,5877,2214,7449,3618
4703,3753,5877,2298,8826,4742
4703,3753,5877,4840,3995,6371
4703,3753,5877,7562,2412,2355
4703,3753,5877,8390,9989,1308
4703,3753,5877,8469,2206,7417
4703,3753,5877,14,3636,7646
4703,3753,5877,2048,3468,4375
4703,3753,5877,8598,2194,612
4703,3753,5877,6394,438,9076
4703,3753,5877,8995,6134,3610
4703,3753,5877,4362,4300,6113
4703,3753,5877,441,6682,7578
4703,3753,5877,544,4712,9715
4703,3753,5877,2897,8413,5597
4703,3753,5877,6420,1996,5667
4703,3753,5877,2148,1663,3686
4703,3753,5877,1379,1265,9946
4703,3753,5877,8365,4666,7822
4703,3753,5877,471,6702,2475
4703,3753,5877,983,3833,456
4703,3753,5877,6348,6466,2952
4703,3753,5877,6763,9861,1786
4703,3753,5877,6006,9810,7464
4703,3753,5877,3470,4933,4220
4703,3753,5877,7738,5892,7896
4703,3753,5877,3152,9229,1881
4703,3753,5877,7869,3966,2880
4703,3753,5877,7041,7920,5866
4703,3753,5877,7583,5023,9331
4703,3753,5877,9187,4098,1459
4703,3753,5877,3814,3021,2790
4703,3753,5877,1522,8671,6015
4703,3753,5877,2945,2677,2562
4703,3753,5877,296,678,520
4703,3753,5877,6348,1362,1902
4703,3753,5877,7306,4668,6965
4703,3753,5877,7776,3888,3200
4703,3753,5877,9767,249,6123
4703,3753,5877,223,4521,6121
4703,3753,5877,1211,7435,8033
4703,3753,5877,9430,6688,1827
4703,3753,5877,3049,5348,6312
4703,3753,5877,3787,4053,1655
4703,3753,5877,9241,1708,2433
4703,3753,5877,5592,5698,39
4703,3753,5877,7341,1676,467
4703,3753,5877,3840,5974,2723
4703,3753,5877,9739,4505,4019
4703,3753,5877,1735,7989,2882
4703,3753,5877,6299,213,9777
4703,3753,5877,4894,8025,8318
4703,3753,5877,9615,6491,9944
4703,3753,5877,1074,7401,6220
4703,3753,5877,6956,4140,3581
4703,3753,5877,6095,389,633
4703,3753,5877,2502,5146,4851
4703,3753,5877,7557,8361,8241
4703,3753,5877,2712,578,4839
4703,3753,5877,5509,6355,1647
4703,3753,5877,1849,2897,8007
4703,3753,5877,1981,1170,5558
4703,3753,5877,5517,559,9731
4703,3753,5877,2231,3823,993
4703,3753,5877,5327,4308,5440
4703,3753,5877,3607,2454,5194
4703,3753,5877,4555,4990,4223
4703,3753,5877,7240,5239,4690
4703,3753,5877,5418,1362,933
4703,3753,5877,1496,3416,1598
4703,3753,5877,7846,9763,3204
4703,3753,5877,9662,616,760
4703,3753,5877,599,2754,827
4703,3753,5877,7172,2968,2094
4703,3753,5877,2022,8232,9450
4703,3753,5877,3945,5484,2847
4703,3753,5877,8809,1847,7534
4703,3753,5877,2765,880,7201
4703,3753,5877,909,9097,5598
4703,3753,5877,384,5848,3736
4703,3753,5877,7091,861,2757
4703,3753,5877,5263,791,9848
4703,3753,5877,7148,8815,1320
4703,3753,5877,8329,9925,2637
4703,3753,5877,7501,8510,1828
4703,3753,5877,1440,9822,9496
4703,3753,5877,8903,3748,741
4703,3753,5877,570,9440,6722
4703,3753,5877,7350,6595,5062
4703,3753,5877,1819,8997,4961
4703,3753,5877,7837,3294,8017
4703,3753,5877,5655,3448,2598
4703,3753,5877,3000,2368,6307
4703,3753,5877,7908,3397,2403
4703,3753,5877,5577,3883,4252
4703,3753,5877,7653,4997,4150
4703,3753,5877,8966,3252,3189
4703,3753,5877,568,9812,6704
4703,3753,5877,5111,1968,144
4703,3753,5877,2080,268,5458
4703,3753,5877,9315,3312,4369
4703,3753,5877,8360,3162,7778
4703,3753,5877,118,1875,8495
4703,3753,5877,3265,6046,6856
4703,3753,5877,3175,9174,6433
4703,3753,5877,534,5473,1261
4703,3753,5877,8791,4810,7723
4703,3753,5877,4651,9941,9010
4703,3753,5877,5395,266,1412
4703,3753,5877,7866,8619,7104
4703,3753,5877,4657,6171,8790
4703,3753,5877,4875,4320,6789
4703,3753,5877,2352,7900,6945
4703,3753,5877,892,7094,5281
4703,3753,5877,4750,9635,3099
4703,3753,5877,6361,8785,7870
4703,3753,5877,175,5789,6646
4703,3753,5877,1681,3668,2346
4703,3753,5877,2848,401,7607
4703,3753,5877,7410,6457,8010
4703,3753,5877,4832,1840,2337
4703,3753,5877,6200,1808,2686
4703,3753,5877,2370,5954,9637
4703,3753,5877,4577,4438,8749
4703,3753,5877,2405,9520,192
4703,3753,5877,1249,7643,7481
4703,3753,5877,9800,8019,6854
4703,3753,5877,3908,5065,1651
4703,3753,5877,8496,3885,2894
4703,3753,5877,4929,8418,4431
4703,3753,5877,2733,2458,5668
4703,3753,5877,5812,4669,8336
4703,3753,5877,602,3422,7159
4703,3753,5877,4822,1339,1833
4703,3753,5877,4358,8646,7463
4703,3753,5877,712,8552,1988
4703,3753,5877,4989,5890,6672
4703,3753,5877,6605,8458,8742
4703,3753,5877,427,7429,5804
4703,3753,5877,4712,5276,6446
4703,3753,5877,3503,8294,3728
4703,3753,5877,4009,7938,7672
4703,3753,5877,8216,4137,8255
4703,3753,5877,9324,8455,9199
4703,3753,5877,5873,4175,3598
4703,3753,5877,4427,743,4568
4703,3753,5877,4437,6996,5104
4703,3753,5877,7538,1847,2240
4703,3753,5877,6512,5049,5270
4703,3753,5877,818,7565,6142
4703,3753,5877,583,1218,5525
4703,3753,5877,4031,5826,6433
4703,3753,5877,4949,6593,19
4703,3753,5877,4396,1622,9928
4703,3753,5877,1307,7038,6416
4703,3753,5877,2327,8178,6605
4703,3753,5877,3820,8728,9622
4703,3753,5877,8046,2188,9622
4703,3753,5877,3874,7640,8073
4703,3753,5877,7460,8793,8688
4703,3753,5877,7767,5904,1741
4703,3753,5877,7982,8421,7584
4703,3753,5877,5072,7835,3315
4703,3753,5877,6212,7404,4126
4703,3753,5877,7265,9221,5984
4703,3753,5877,3980,1024,7482
4703,3753,5877,1600,2903,3215
4703,3753,5877,7967,3059,49
4703,3753,5877,7057,5480,8936
4703,3753,5877,8197,9393,5374
4703,3753,5877,3603,2863,9328
4703,3753,5877,6281,3326,9459
4703,3753,5877,6092,1186,2161
4703,3753,5877,5183,6129,2630
4703,3753,5877,9698,4411,520
4703,3753,5877,5830,3516,6215
4703,3753,5877,2397,8718,1447
4703,3753,5877,2899,7116,2998
4703,3753,5877,7448,68,9287
4703,3753,5877,500,4773,1394
4703,3753,5877,1033,2243,4523
4703,3753,5877,5164,3590,7562
4703,3753,5877,8517,9022,8065
4703,3753,5877,8518,5807,3677
4703,3753,5877,696,4965,8517
4703,3753,5877,6629,9747,1877
4703,3753,5877,7321,9245,9364
4703,3753,5877,4033,2208,5028
4703,3753,5877,1405,4895,7878
4703,3753,5877,4569,4977,2691
4703,3753,5877,1758,8769,8914
4703,3753,5877,5554,3642,8222
4703,3753,5877,5244,3110,9797
4703,3753,5877,7445,9254,2404
4703,3753,5877,5427,2962,8026
4703,3753,5877,745,1626,5675
4703,3753,5877,7235,6235,2592
4703,3753,5877,5361,6961,7292
4703,3753,5877,8795,3064,7605
4703,3753,5877,8214,552,6454
4703,3753,5877,5362,1814,3131
4703,3753,5877,2252,6803,899
4703,3753,5877,4978,7140,2269
4703,3753,5877,5431,9440,6952
4703,3753,5877,6712,1195,48
4703,3753,5877,4665,9323,2001
4703,3753,5877,460,7729,2841
4703,3753,5877,468,5005,3487
4703,3753,5877,4999,8486,4129
4703,3753,5877,3909,5814,6790
4703,3753,5877,346,5235,4261
4703,3753,5877,740,8056,4426
4703,3753,5877,3372,4094,2437
4703,3753,5877,9380,6711,4935
4703,3753,5877,4826,6733,5077
4703,3753,5877,5538,2999,3825
4703,3753,5877,1793,498,4754
4703,3753,5877,8102,3218,4088
4703,3753,5877,6105,2038,8438
4703,3753,5877,9919,7133,7288
4703,3753,5877,8200,4718,7070
4703,3753,5877,215,2077,8886
4703,3753,5877,2487,4729,6387
4703,3753,5877,323,2496,7343
4703,3753,5877,2627,4308,1392
4703,3753,5877,7616,9008,5988
4703,3753,5877,7427,4590,2824
4703,3753,5877,3676,8674,6072
4703,3753,5877,1882,1103,4777
4703,3753,5877,4457,8426,1385
4703,3753,5877,9394,777,8553
4703,3753,5877,5674,1953,3282
4703,3753,5877,786,7875,3928
4703,3753,5877,6933,1739,6735
4703,3753,5877,6143,5964,4082
4703,3753,5877,969,4719,9579
4703,3753,5877,2956,5330,3284
4703,3753,5877,5494,5630,810
4703,3753,5877,2693,4112,3235
4703,3753,5877,2659,9719,5305
4703,3753,5877,8671,9909,69
4703,3753,5877,1655,9164,3904
4703,3753,5877,7137,8238,4394
4703,3753,5877,2808,6731,3344
4703,3753,5877,7967,191,5263
4703,3753,5877,3274,3256,8365
4703,3753,5877,7015,8421,362
4703,3753,5877,4176,8100,4690
4703,3753,5877,2984,948,774
4703,3753,5877,9503,5553,4212
4703,3753,5877,5825,6877,6783
4703,3753,5877,3360,556,7005
4703,3753,5877,527,321,8625
4703,3753,5877,6512,1468,4103
4703,3753,5877,9641,5681,4819
4703,3753,5877,2788,3961,8928
4703,3753,5877,4291,4579,9512
4703,3753,5877,1739,3723,212
4703,3753,5877,8415,1230,2709
4703,3753,5877,4610,7042,1711
4703,3753,5877,72,9862,513
4703,3753,5877,8818,2035,1588
4703,3753,5877,7391,3103,1603
4703,3753,5877,2707,3612,5587
4703,3753,5877,2051,9829,638
4703,3753,5877,6488,3001,3604
4703,3753,5877,4331,9225,1849
4703,3753,5877,8397,5719,5439
4703,3753,5877,5660,3654,7164
4703,3753,5877,6594,9090,3718
4703,3753,5877,6180,7545,144
4703,3753,5877,433,9340,6604
4703,3753,5877,7020,355,2463
4703,3753,5877,9827,5066,6132
4703,3753,5877,9906,4387,8814
4703,3753,5877,6458,7557,1247
4703,3753,5877,7666,2532,9319
4703,3753,5877,1176,9732,2686
4703,3753,5877,595,4945,8194
4703,3753,5877,2322,6048,1686
4703,3753,5877,5755,3154,873
4703,3753,5877,7755,5394,590
4703,3753,5877,1855,5765,8159
4703,3753,5877,5223,9611,5121
