4701,8622,2428,7604,3577,8093
4701,8622,2428,3718,3681,6661
4701,8622,2428,1776,686,9036
4701,8622,2428,141,2147,508
4701,8622,2428,1632,5206,7161
4701,8622,2428,5811,7960,2357
4701,8622,2428,9196,3738,1465
4701,8622,2428,6451,1854,6687
4701,8622,2428,7566,3289,3361
4701,8622,2428,5403,2258,8813
4701,8622,2428,1657,2589,4361
4701,8622,2428,509,7653,6548
4701,8622,2428,3531,6547,8008
4701,8622,2428,5542,453,2548
4701,8622,2428,2428,1044,6677
4701,8622,2428,9565,315,1932
4701,8622,2428,3730,4362,1090
4701,8622,2428,7468,651,9771
4701,8622,2428,9772,1837,9925
4701,8622,2428,434,7513,6528
4701,8622,2428,8623,2430,5493
4701,8622,2428,9429,7965,9059
4701,8622,2428,3716,8032,6376
4701,8622,2428,4109,9390,1801
4701,8622,2428,7417,6596,6357
4701,8622,2428,4600,1539,2941
4701,8622,2428,7012,4974,5629
4701,8622,2428,7176,7022,4574
4701,8622,2428,2571,2500,6005
4701,8622,2428,3087,7858,9557
4701,8622,2428,6921,9221,4646
4701,8622,2428,5212,1621,2971
4701,8622,2428,189,3293,8285
4701,8622,2428,146,3906,4946
4701,8622,2428,6815,310,4721
4701,8622,2428,3671,5211,1843
4701,8622,2428,5490,2137,7315
4701,8622,2428,8505,5646,2150
4701,8622,2428,770,7365,757
4701,8622,2428,1582,4336,3585
4701,8622,2428,330,187,6101
4701,8622,2428,8533,8513,9058
4701,8622,2428,4263,2669,4083
4701,8622,2428,2595,9404,259
4701,8622,2428,9218,6813,4021
4701,8622,2428,4666,4134,4901
4701,8622,2428,6436,4888,5978
4701,8622,2428,8232,6121,4811
4701,8622,2428,9849,2063,9092
4701,8622,2428,147,8105,5355
4701,8622,2428,1818,5144,6738
4701,8622,2428,1438,4793,5945
4701,8622,2428,5345,930,6257
4701,8622,2428,7762,7506,7757
4701,8622,2428,5888,2963,2802
4701,8622,2428,3190,5466,276
4701,8622,2428,5869,9766,4318
4701,8622,2428,4360,6243,329
4701,8622,2428,7436,4755,1333
4701,8622,2428,196,1564,6929
4701,8622,2428,3323,3332,7908
4701,8622,2428,2556,5655,777
4701,8622,2428,9905,8481,4525
4701,8622,2428,6190,9355,3948
4701,8622,2428,9360,6256,4286
4701,8622,2428,3052,4118,6812
4701,8622,2428,6257,4131,3374
4701,8622,2428,6899,6282,7020
4701,8622,2428,522,7087,9166
4701,8622,2428,3711,2803,7484
4701,8622,2428,9129,3670,8269
4701,8622,2428,2964,1515,7426
4701,8622,2428,6583,5972,2463
4701,8622,2428,9912,5284,7224
4701,8622,2428,1995,431,8353
4701,8622,2428,7445,2856,9198
4701,8622,2428,491,3377,2928
4701,8622,2428,5401,7273,6856
4701,8622,2428,328,9461,9358
4701,8622,2428,7545,9389,4799
4701,8622,2428,6762,2969,2245
4701,8622,2428,8766,2552,6969
4701,8622,2428,1520,6316,2387
4701,8622,2428,3560,2944,5854
4701,8622,2428,6164,2645,669
4701,8622,2428,3354,5538,9346
4701,8622,2428,1591,3080,2386
4701,8622,2428,7381,3535,2427
4701,8622,2428,6919,5993,1330
4701,8622,2428,1555,1120,1112
4701,8622,2428,9914,2212,5620
4701,8622,2428,1261,7745,2682
4701,8622,2428,1483,90,5504
4701,8622,2428,8424,4433,2639
4701,8622,2428,7286,3906,9530
4701,8622,2428,8840,6305,1456
4701,8622,2428,2618,3998,7889
4701,8622,2428,7069,9529,1073
4701,8622,2428,7515,2414,6802
4701,8622,2428,3384,9556,2473
4701,8622,2428,4225,6560,8866
4701,8622,2428,9989,5892,4375
4701,8622,2428,987,6897,8836
4701,8622,2428,1036,9202,6202
4701,8622,2428,7339,882,9925
4701,8622,2428,9825,5347,2066
4701,8622,2428,726,7058,793
4701,8622,2428,9031,2588,8431
4701,8622,2428,2034,6120,5159
4701,8622,2428,6716,9481,1014
4701,8622,2428,494,7513,659
4701,8622,2428,2613,5165,1945
4701,8622,2428,7997,8122,5624
4701,8622,2428,4153,9710,8945
4701,8622,2428,2308,9024,5633
4701,8622,2428,8011,3190,4724
4701,8622,2428,8914,6955,9792
4701,8622,2428,1710,9985,3158
4701,8622,2428,9778,5619,2682
4701,8622,2428,5651,9003,4221
4701,8622,2428,3074,1612,3382
4701,8622,2428,4268,1288,7559
4701,8622,2428,8801,1078,5534
4701,8622,2428,7783,7309,3705
4701,8622,2428,384,8846,9613
4701,8622,2428,9810,1902,424
4701,8622,2428,1566,4500,37
4701,8622,2428,5831,7389,4716
4701,8622,2428,453,3599,7765
4701,8622,2428,7561,8501,3907
4701,8622,2428,5621,1416,187
4701,8622,2428,8392,2106,701
4701,8622,2428,8444,4764,1619
4701,8622,2428,9646,2617,4805
4701,8622,2428,7456,1112,1784
4701,8622,2428,9209,51,6840
4701,8622,2428,3610,4378,4479
4701,8622,2428,2718,5364,9049
4701,8622,2428,4744,7410,6179
4701,8622,2428,2027,576,9338
4701,8622,2428,5661,9224,9633
4701,8622,2428,2995,14,564
4701,8622,2428,9425,370,2153
4701,8622,2428,9367,1756,9484
4701,8622,2428,2840,3568,8790
4701,8622,2428,3026,5333,2796
4701,8622,2428,8448,702,3840
4701,8622,2428,8133,2853,2489
4701,8622,2428,493,6940,4405
4701,8622,2428,8425,626,8622
4701,8622,2428,5229,9004,5054
4701,8622,2428,291,3787,9924
4701,8622,2428,513,4788,4634
4701,8622,2428,3896,5824,2248
4701,8622,2428,3195,9485,7085
4701,8622,2428,5148,9577,4365
4701,8622,2428,7812,974,3793
4701,8622,2428,5622,4746,9150
4701,8622,2428,9606,9368,9073
4701,8622,2428,8455,6012,7678
4701,8622,2428,2907,622,8161
4701,8622,2428,7265,6273,8209
4701,8622,2428,5294,7278,3255
4701,8622,2428,9438,9945,5423
4701,8622,2428,448,5177,1113
4701,8622,2428,8219,3547,1152
4701,8622,2428,2083,1560,7828
4701,8622,2428,4562,4531,3197
4701,8622,2428,6295,3778,6352
4701,8622,2428,7842,7062,8184
4701,8622,2428,3209,7028,3379
4701,8622,2428,8989,2033,2616
4701,8622,2428,421,4749,8521
4701,8622,2428,8161,5615,8049
4701,8622,2428,4922,6391,4456
4701,8622,2428,496,5600,170
4701,8622,2428,1710,4263,7287
4701,8622,2428,352,1275,302
4701,8622,2428,6074,6494,2322
4701,8622,2428,6581,7279,6681
4701,8622,2428,7213,5459,8329
4701,8622,2428,9636,7193,355
4701,8622,2428,4941,7468,6999
4701,8622,2428,6720,1775,5227
4701,8622,2428,9156,7455,706
4701,8622,2428,8914,6688,405
4701,8622,2428,1156,5758,8530
4701,8622,2428,7772,5170,6421
4701,8622,2428,1355,1712,994
4701,8622,2428,8694,2665,513
4701,8622,2428,318,8676,5495
4701,8622,2428,8616,5471,1694
4701,8622,2428,1595,6296,2431
4701,8622,2428,4831,6887,1927
4701,8622,2428,8012,753,2117
4701,8622,2428,7827,3374,4020
4701,8622,2428,7467,7260,8108
4701,8622,2428,5264,3464,7792
4701,8622,2428,3427,1639,6807
4701,8622,2428,6627,3325,1822
4701,8622,2428,9376,9465,3325
4701,8622,2428,8438,8802,3471
4701,8622,2428,6253,8262,1465
4701,8622,2428,3281,3801,4137
4701,8622,2428,6457,5832,9617
4701,8622,2428,8326,8897,4969
4701,8622,2428,6005,6262,7903
4701,8622,2428,6405,6251,2221
4701,8622,2428,4062,2814,7150
4701,8622,2428,2086,5767,9127
4701,8622,2428,3672,8157,7926
4701,8622,2428,7051,9714,6746
4701,8622,2428,289,2658,8275
4701,8622,2428,5764,2926,1023
4701,8622,2428,2579,9760,5622
4701,8622,2428,7368,7415,128
4701,8622,2428,7440,986,2045
4701,8622,2428,1025,1094,8463
4701,8622,2428,1506,4745,678
4701,8622,2428,5146,3684,6001
4701,8622,2428,7844,3850,581
4701,8622,2428,2790,8190,2086
4701,8622,2428,4783,8365,5717
4701,8622,2428,6737,7032,4580
4701,8622,2428,8426,5044,2352
4701,8622,2428,2993,2121,5747
4701,8622,2428,1299,1251,887
4701,8622,2428,3177,909,3610
4701,8622,2428,3444,1406,4018
4701,8622,2428,6608,1751,766
4701,8622,2428,7402,1331,3983
4701,8622,2428,4389,5667,9672
4701,8622,2428,7960,2755,2292
4701,8622,2428,9919,6618,6432
4701,8622,2428,1136,8018,2343
4701,8622,2428,5176,2181,4581
4701,8622,2428,9242,6129,8326
4701,8622,2428,3908,6354,3169
4701,8622,2428,6735,4533,1395
4701,8622,2428,6691,4346,7338
4701,8622,2428,3604,4307,9623
4701,8622,2428,6761,8856,3284
4701,8622,2428,2347,8008,3001
4701,8622,2428,3932,5541,2316
4701,8622,2428,4184,2054,7162
4701,8622,2428,3511,6685,2898
4701,8622,2428,6569,1765,7039
4701,8622,2428,1964,2715,45
4701,8622,2428,4712,3208,8591
4701,8622,2428,1998,2599,7623
4701,8622,2428,2501,4216,2176
4701,8622,2428,9219,9545,951
4701,8622,2428,1327,2582,5597
4701,8622,2428,5382,7495,1047
4701,8622,2428,9481,802,9204
4701,8622,2428,525,2402,4833
4701,8622,2428,3003,5683,7964
4701,8622,2428,7271,8360,2966
4701,8622,2428,3034,8176,2617
4701,8622,2428,9734,7087,5194
4701,8622,2428,1421,6895,9654
4701,8622,2428,65,8980,9525
4701,8622,2428,9242,4187,8539
4701,8622,2428,8137,4224,4469
4701,8622,2428,6401,3865,1657
4701,8622,2428,7672,250,7708
4701,8622,2428,4024,7592,1164
4701,8622,2428,6644,5185,8981
4701,8622,2428,531,6229,2655
4701,8622,2428,8603,2599,4610
4701,8622,2428,2422,1227,9166
4701,8622,2428,4489,9960,1570
4701,8622,2428,366,3820,1825
4701,8622,2428,3924,7767,1542
4701,8622,2428,4460,8907,665
4701,8622,2428,1116,159,8010
4701,8622,2428,4404,501,9359
4701,8622,2428,5753,9731,8260
4701,8622,2428,6541,7529,1842
4701,8622,2428,6501,1699,2867
4701,8622,2428,4304,7463,2071
4701,8622,2428,9655,230,3655
4701,8622,2428,5643,431,8571
4701,8622,2428,3809,3680,5972
4701,8622,2428,6508,3062,3628
4701,8622,2428,335,2973,6133
4701,8622,2428,7935,5658,7888
4701,8622,2428,2878,1517,3604
4701,8622,2428,3193,5419,9951
4701,8622,2428,1057,9375,9316
4701,8622,2428,7666,4829,5678
4701,8622,2428,8905,6685,8492
4701,8622,2428,2460,9145,811
4701,8622,2428,456,2819,9677
4701,8622,2428,3379,9587,4943
4701,8622,2428,2478,5115,2419
4701,8622,2428,8800,7937,8447
4701,8622,2428,8166,1094,4128
4701,8622,2428,2618,7655,6502
4701,8622,2428,9590,4514,5729
4701,8622,2428,6742,6014,6748
4701,8622,2428,8411,7744,6735
4701,8622,2428,2384,2127,8842
4701,8622,2428,4874,418,6115
4701,8622,2428,5749,1098,6551
4701,8622,2428,3874,2027,2027
4701,8622,2428,194,4959,1238
4701,8622,2428,4405,3376,1686
4701,8622,2428,6775,1043,8308
4701,8622,2428,9679,6453,4181
4701,8622,2428,5568,5561,9434
4701,8622,2428,3202,9232,9137
4701,8622,2428,2850,3610,976
4701,8622,2428,4251,3105,613
4701,8622,2428,9886,5157,1755
4701,8622,2428,1836,5553,5658
4701,8622,2428,3954,7242,2228
4701,8622,2428,2838,3286,8448
4701,8622,2428,8421,1622,5054
4701,8622,2428,7711,1766,8307
4701,8622,2428,7917,5642,6874
4701,8622,2428,5862,7332,8999
4701,8622,2428,6664,2048,7308
4701,8622,2428,633,4702,2398
4701,8622,2428,3707,6735,4699
4701,8622,2428,4855,5262,2127
4701,8622,2428,8340,3271,7322
4701,8622,2428,6648,7720,7207
4701,8622,2428,9592,3317,3304
4701,8622,2428,4290,4857,2766
4701,8622,2428,9002,4226,452
4701,8622,2428,6035,8727,3833
4701,8622,2428,3751,3710,3093
4701,8622,2428,7225,9641,257
4701,8622,2428,9689,9940,8213
4701,8622,2428,3664,7431,9865
4701,8622,2428,6598,1145,5074
4701,8622,2428,720,368,2324
4701,8622,2428,1902,9058,8897
4701,8622,2428,3870,6359,3254
4701,8622,2428,9997,9654,1765
4701,8622,2428,9314,7612,5079
4701,8622,2428,477,2472,7341
4701,8622,2428,253,7012,4631
4701,8622,2428,8131,4027,5311
4701,8622,2428,8627,6045,6172
4701,8622,2428,5299,2920,3189
4701,8622,2428,3213,9123,2100
4701,8622,2428,4295,5275,7944
4701,8622,2428,2095,3786,491
4701,8622,2428,3599,4528,5985
4701,8622,2428,8951,6858,1819
4701,8622,2428,2015,1017,7098
4701,8622,2428,9785,5115,3897
4701,8622,2428,1970,5488,5846
4701,8622,2428,715,8721,6131
4701,8622,2428,7321,2057,1065
4701,8622,2428,5773,8369,5968
4701,8622,2428,6304,6379,6183
4701,8622,2428,593,2847,9067
4701,8622,2428,2198,4659,7766
4701,8622,2428,5076,6123,9094
4701,8622,2428,5505,5209,3119
4701,8622,2428,8509,153,4531
4701,8622,2428,1287,1453,7604
4701,8622,2428,8951,6039,4984
4701,8622,2428,3134,9814,8694
4701,8622,2428,3818,437,817
4701,8622,2428,4411,2272,5269
4701,8622,2428,266,4166,2549
4701,8622,2428,8038,343,7335
4701,8622,2428,9025,1871,1541
4701,8622,2428,1540,4855,3732
4701,8622,2428,7657,6447,1808
4701,8622,2428,4992,3754,764
4701,8622,2428,3322,8257,3644
4701,8622,2428,5315,2905,3733
4701,8622,2428,2262,7716,3340
4701,8622,2428,644,9716,1028
4701,8622,2428,1129,3189,3918
4701,8622,2428,3900,9747,181
4701,8622,2428,8407,7176,6208
4701,8622,2428,7309,1206,6987
4701,8622,2428,8530,5749,9789
4701,8622,2428,7660,6348,3404
4701,8622,2428,2524,9811,1463
4701,8622,2428,1220,197,7965
4701,8622,2428,5860,3507,7370
4701,8622,2428,4222,7411,6316
4701,8622,2428,4863,9180,8535
4701,8622,2428,9852,1966,22
4701,8622,2428,3741,4237,5946
4701,8622,2428,3455,3960,9408
4701,8622,2428,9651,9006,5647
4701,8622,2428,782,356,251
4701,8622,2428,6682,7899,73
4701,8622,2428,9715,5896,2289
4701,8622,2428,6763,9434,5898
4701,8622,2428,4845,8183,3461
4701,8622,2428,8709,2508,8950
4701,8622,2428,1408,9775,6263
4701,8622,2428,6609,2944,9588
4701,8622,2428,4588,668,2416
4701,8622,2428,9337,303,1715
4701,8622,2428,7900,2307,8615
4701,8622,2428,9660,4853,7148
4701,8622,2428,5278,7861,5756
4701,8622,2428,7131,2003,7395
4701,8622,2428,6347,7022,1059
4701,8622,2428,3130,6247,4875
4701,8622,2428,9051,6266,738
4701,8622,2428,6264,3816,1710
4701,8622,2428,4151,4455,8398
4701,8622,2428,5863,6397,317
4701,8622,2428,36,8379,4819
4701,8622,2428,1356,8266,1675
4701,8622,2428,1072,9975,4754
4701,8622,2428,7546,4862,1445
4701,8622,2428,2737,1276,5677
4701,8622,2428,4701,6906,4022
4701,8622,2428,866,5795,5575
4701,8622,2428,2103,696,4623
4701,8622,2428,3368,8665,5757
4701,8622,2428,8179,2734,7968
4701,8622,2428,1201,7221,6037
4701,8622,2428,8808,9412,4793
4701,8622,2428,7829,5032,7425
4701,8622,2428,6387,6459,895
4701,8622,2428,432,4539,9713
4701,8622,2428,1549,5070,1314
4701,8622,2428,9031,8910,8763
4701,8622,2428,6516,1387,4998
4701,8622,2428,9587,8141,4085
4701,8622,2428,7877,7207,5107
4701,8622,2428,8243,3135,1379
4701,8622,2428,789,5454,1848
4701,8622,2428,3085,3651,2858
4701,8622,2428,1597,554,3805
4701,8622,2428,6942,6077,455
4701,8622,2428,5583,3934,9312
4701,8622,2428,8790,9814,6493
4701,8622,2428,3755,4135,9461
4701,8622,2428,2208,1654,988
4701,8622,2428,757,8679,6325
4701,8622,2428,2197,9259,1967
4701,8622,2428,7269,9908,7894
4701,8622,2428,6946,2685,9104
4701,8622,2428,2238,506,4208
4701,8622,2428,3926,7101,9368
4701,8622,2428,8326,7402,3177
4701,8622,2428,6897,1833,9416
4701,8622,2428,3320,9058,7606
4701,8622,2428,8395,5795,3412
4701,8622,2428,4427,7718,2071
4701,8622,2428,3794,4270,6773
4701,8622,2428,1563,3780,5351
4701,8622,2428,384,1470,6397
4701,8622,2428,5419,6918,7405
4701,8622,2428,5446,8200,1982
4701,8622,2428,7325,1790,7006
4701,8622,2428,3272,9255,8286
4701,8622,2428,1321,567,1864
4701,8622,2428,4483,3049,6375
4701,8622,2428,5805,3082,6098
4701,8622,2428,7705,9179,8169
4701,8622,2428,2351,1174,6097
4701,8622,2428,7354,2869,6876
4701,8622,2428,237,4244,8951
4701,8622,2428,5210,5411,5865
4701,8622,2428,2356,823,3132
4701,8622,2428,1492,6750,5644
4701,8622,2428,9498,3297,6833
4701,8622,2428,4300,9372,5742
4701,8622,2428,5059,1717,6270
4701,8622,2428,490,2881,5188
4701,8622,2428,3353,8094,5685
4701,8622,2428,8539,4085,4455
4701,8622,2428,8986,4099,5090
4701,8622,2428,4583,634,1901
4701,8622,2428,3022,9376,1518
4701,8622,2428,9759,5346,346
4701,8622,2428,3123,3177,7386
4701,8622,2428,1585,9185,8731
4701,8622,2428,3476,6148,2689
4701,8622,2428,8620,1740,1436
4701,8622,2428,1207,5210,823
4701,8622,2428,9569,2651,3828
4701,8622,2428,3370,831,5036
4701,8622,2428,5274,3109,2641
4701,8622,2428,8936,8267,7005
4701,8622,2428,1942,9385,1521
4701,8622,2428,6385,4085,8847
4701,8622,2428,5357,7704,1794
4701,8622,2428,3029,9763,4504
4701,8622,2428,6583,3459,594
4701,8622,2428,5469,598,2734
4701,8622,2428,9891,4072,4238
4701,8622,2428,5300,690,2419
4701,8622,2428,5419,2331,7854
4701,8622,2428,9046,9426,7387
4701,8622,2428,9734,297,4860
4701,8622,2428,33,2583,9598
4701,8622,2428,6409,4538,915
4701,8622,2428,2891,6357,1146
4701,8622,2428,88,518,8473
4701,8622,2428,1966,6384,2378
4701,8622,2428,240,7738,1533
4701,8622,2428,4288,4454,7679
4701,8622,2428,6387,7632,5163
4701,8622,2428,9100,7508,105
