4343,2263,2570,6145,9329,5733
4343,2263,2570,6957,5595,8218
4343,2263,2570,2218,3541,473
4343,2263,2570,3731,2839,5085
4343,2263,2570,6292,4908,1180
4343,2263,2570,5786,3292,3329
4343,2263,2570,3235,2320,8768
4343,2263,2570,5413,2258,3376
4343,2263,2570,3116,5288,8044
4343,2263,2570,8139,9110,810
4343,2263,2570,7501,2677,805
4343,2263,2570,11,3823,1524
4343,2263,2570,8513,4858,3488
4343,2263,2570,2956,4441,5527
4343,2263,2570,1373,8047,8366
4343,2263,2570,8723,9961,5192
4343,2263,2570,366,4509,6178
4343,2263,2570,1729,5016,9086
4343,2263,2570,1784,9425,3805
4343,2263,2570,1134,7067,8335
4343,2263,2570,8756,818,2701
4343,2263,2570,856,8551,2663
4343,2263,2570,5738,93,1797
4343,2263,2570,3726,7289,2579
4343,2263,2570,7181,6530,2383
4343,2263,2570,9527,1222,6359
4343,2263,2570,7462,3356,6562
4343,2263,2570,4645,2240,2382
4343,2263,2570,4135,688,1189
4343,2263,2570,3263,9061,4325
4343,2263,2570,5133,6153,1226
4343,2263,2570,3311,2883,3033
4343,2263,2570,3949,2705,7322
4343,2263,2570,8705,2026,1488
4343,2263,2570,6860,3365,2541
4343,2263,2570,7297,7601,6130
4343,2263,2570,6808,4469,8771
4343,2263,2570,9607,5906,8960
4343,2263,2570,8557,2246,2067
4343,2263,2570,2327,6425,7768
4343,2263,2570,7640,165,1722
4343,2263,2570,6419,2065,4291
4343,2263,2570,6939,4602,1799
4343,2263,2570,2080,9730,9417
4343,2263,2570,4487,7025,7981
4343,2263,2570,5717,9331,6759
4343,2263,2570,7311,3373,9374
4343,2263,2570,2240,2411,9394
4343,2263,2570,7717,6800,9544
4343,2263,2570,9331,9091,6621
4343,2263,2570,1952,6632,1978
4343,2263,2570,797,7510,3210
4343,2263,2570,9318,6530,6751
4343,2263,2570,7857,5346,1703
4343,2263,2570,9788,8218,4520
4343,2263,2570,4830,7932,6090
4343,2263,2570,4243,6239,3441
4343,2263,2570,3312,8593,8820
4343,2263,2570,8790,169,5009
4343,2263,2570,9367,5017,2712
4343,2263,2570,5041,1539,6513
4343,2263,2570,9329,6089,3401
4343,2263,2570,9339,437,2549
4343,2263,2570,5184,3832,8804
4343,2263,2570,2572,932,4918
4343,2263,2570,3470,9402,8022
4343,2263,2570,8990,9998,9174
4343,2263,2570,3705,5171,1302
4343,2263,2570,5701,331,2703
4343,2263,2570,9618,1443,6591
4343,2263,2570,2053,6715,926
4343,2263,2570,2351,7126,4598
4343,2263,2570,9668,1273,3585
4343,2263,2570,7431,8407,2089
4343,2263,2570,7260,7306,3339
4343,2263,2570,173,9037,4442
4343,2263,2570,5212,5117,9242
4343,2263,2570,2153,4908,6248
4343,2263,2570,5575,7942,4768
4343,2263,2570,2224,859,7980
4343,2263,2570,8801,9189,3098
4343,2263,2570,4853,9526,2919
4343,2263,2570,9005,5569,6611
4343,2263,2570,9559,4034,5055
4343,2263,2570,2536,2906,4932
4343,2263,2570,3440,9207,3742
4343,2263,2570,4086,5748,1797
4343,2263,2570,8280,7916,4392
4343,2263,2570,6740,1718,9998
4343,2263,2570,2299,6989,7677
4343,2263,2570,7784,5694,2709
4343,2263,2570,5836,6460,3393
4343,2263,2570,6698,7360,1254
4343,2263,2570,169,1889,4931
4343,2263,2570,3554,5756,5303
4343,2263,2570,6191,1804,8849
4343,2263,2570,3816,2619,2263
4343,2263,2570,4335,4874,8862
4343,2263,2570,8048,3670,7561
4343,2263,2570,3980,3300,7384
4343,2263,2570,4420,4865,2412
4343,2263,2570,3552,3508,4150
4343,2263,2570,2252,5769,1687
4343,2263,2570,1323,943,9936
4343,2263,2570,5289,9351,1063
4343,2263,2570,7377,1720,7765
4343,2263,2570,5760,5884,1631
4343,2263,2570,7458,4453,1013
4343,2263,2570,2989,1182,1505
4343,2263,2570,282,5315,9771
4343,2263,2570,9639,5534,7033
4343,2263,2570,6759,7680,5417
4343,2263,2570,9959,4633,3959
4343,2263,2570,5529,5178,116
4343,2263,2570,4026,9503,6451
4343,2263,2570,1879,2875,6581
4343,2263,2570,3305,5632,6938
4343,2263,2570,2036,770,6897
4343,2263,2570,5539,1284,1629
4343,2263,2570,5472,7810,5098
4343,2263,2570,1159,1336,308
4343,2263,2570,4961,3225,68
4343,2263,2570,7274,230,3495
4343,2263,2570,4109,4088,4741
4343,2263,2570,5763,2137,4640
4343,2263,2570,1258,5990,5362
4343,2263,2570,5526,8208,333
4343,2263,2570,204,8512,2145
4343,2263,2570,7152,5319,9457
4343,2263,2570,5329,6780,410
4343,2263,2570,3456,4555,4159
4343,2263,2570,9311,3847,7297
4343,2263,2570,6109,6441,8613
4343,2263,2570,4723,3953,757
4343,2263,2570,2489,6327,7705
4343,2263,2570,9929,8816,3917
4343,2263,2570,2233,868,815
4343,2263,2570,4234,5223,5364
4343,2263,2570,4947,9147,1930
4343,2263,2570,6710,5430,3758
4343,2263,2570,7510,7293,6899
4343,2263,2570,3877,6675,6255
4343,2263,2570,4483,1977,7857
4343,2263,2570,6319,6516,5894
4343,2263,2570,8573,8920,6322
4343,2263,2570,9701,4154,370
4343,2263,2570,5761,854,1865
4343,2263,2570,1904,1545,1905
4343,2263,2570,8479,3458,4161
4343,2263,2570,6122,4562,1491
4343,2263,2570,6399,3606,1534
4343,2263,2570,1043,2957,6699
4343,2263,2570,5212,7996,6078
4343,2263,2570,4869,1691,448
4343,2263,2570,3107,5866,4346
4343,2263,2570,5221,4837,4644
4343,2263,2570,6760,1122,5722
4343,2263,2570,4531,6211,698
4343,2263,2570,259,6077,9011
4343,2263,2570,8977,2555,6585
4343,2263,2570,5936,2688,2953
4343,2263,2570,2539,4400,6378
4343,2263,2570,7777,3976,7656
4343,2263,2570,3183,5215,4809
4343,2263,2570,4388,8664,1637
4343,2263,2570,4059,1490,5835
4343,2263,2570,1793,4176,9667
4343,2263,2570,3746,2970,8225
4343,2263,2570,7889,1806,3283
4343,2263,2570,9648,528,7244
4343,2263,2570,708,694,5756
4343,2263,2570,5079,3765,3008
4343,2263,2570,2440,7887,5873
4343,2263,2570,6366,4580,7692
4343,2263,2570,349,1152,3172
4343,2263,2570,9541,5466,6050
4343,2263,2570,3778,451,6415
4343,2263,2570,9184,3430,5830
4343,2263,2570,6731,1978,3388
4343,2263,2570,9160,4242,4677
4343,2263,2570,3097,8555,8717
4343,2263,2570,3217,1355,9345
4343,2263,2570,2897,4911,2889
4343,2263,2570,5746,1540,3151
4343,2263,2570,7247,1564,900
4343,2263,2570,2465,3929,7346
4343,2263,2570,4194,7892,1872
4343,2263,2570,3073,1483,9309
4343,2263,2570,4392,2732,2637
4343,2263,2570,6940,2503,1515
4343,2263,2570,7491,9433,6757
4343,2263,2570,9482,9737,363
4343,2263,2570,769,5694,90
4343,2263,2570,2514,8833,4567
4343,2263,2570,986,2768,1545
4343,2263,2570,7267,9951,2997
4343,2263,2570,4094,8760,6335
4343,2263,2570,1136,4883,4914
4343,2263,2570,3219,2651,7213
4343,2263,2570,7242,6732,105
4343,2263,2570,2597,6741,4534
4343,2263,2570,5050,4320,3939
4343,2263,2570,8860,2992,2635
4343,2263,2570,7088,4683,6358
4343,2263,2570,237,1404,189
4343,2263,2570,3116,8904,2933
4343,2263,2570,9636,1373,3328
4343,2263,2570,7983,3441,4690
4343,2263,2570,7086,5205,149
4343,2263,2570,9571,1789,9167
4343,2263,2570,9699,4795,4335
4343,2263,2570,9109,6546,3803
4343,2263,2570,5441,6321,9121
4343,2263,2570,1118,4942,1931
4343,2263,2570,7903,7552,9832
4343,2263,2570,4159,7798,6701
4343,2263,2570,7755,6926,4158
4343,2263,2570,1377,5642,7302
4343,2263,2570,9403,4138,9631
4343,2263,2570,1146,9755,7170
4343,2263,2570,3327,9004,1777
4343,2263,2570,6625,886,6501
4343,2263,2570,5869,6694,4186
4343,2263,2570,5967,6064,6666
4343,2263,2570,9259,5005,6932
4343,2263,2570,2445,447,7278
4343,2263,2570,4550,175,6785
4343,2263,2570,2780,7939,8485
4343,2263,2570,4980,2502,8263
4343,2263,2570,8679,4954,9807
4343,2263,2570,5958,8164,3559
4343,2263,2570,6439,2226,1994
4343,2263,2570,7505,2781,66
4343,2263,2570,1865,1107,9683
4343,2263,2570,7287,2137,3012
4343,2263,2570,7075,283,1855
4343,2263,2570,739,3527,5072
4343,2263,2570,1947,686,1145
4343,2263,2570,4637,7412,1973
4343,2263,2570,3754,2585,7993
4343,2263,2570,798,4842,1453
4343,2263,2570,1524,1592,6169
4343,2263,2570,8093,3430,4867
4343,2263,2570,9007,7123,3129
4343,2263,2570,192,2346,6234
4343,2263,2570,4275,8319,4894
4343,2263,2570,9556,1741,3452
4343,2263,2570,8167,6693,3098
4343,2263,2570,8482,3188,3459
4343,2263,2570,5123,6595,4861
4343,2263,2570,1434,8866,4771
4343,2263,2570,4081,1664,3963
4343,2263,2570,506,1494,4590
4343,2263,2570,7935,1433,6556
4343,2263,2570,3484,2839,1096
4343,2263,2570,1752,6064,2280
4343,2263,2570,3982,5279,9269
4343,2263,2570,882,6373,5182
4343,2263,2570,2015,7454,1902
4343,2263,2570,2076,4467,527
4343,2263,2570,7378,6905,5656
4343,2263,2570,9594,9299,3026
4343,2263,2570,1377,4570,4670
4343,2263,2570,6899,178,6312
4343,2263,2570,637,5582,5112
4343,2263,2570,9475,4387,3206
4343,2263,2570,8348,236,2454
4343,2263,2570,8503,8466,4321
4343,2263,2570,9363,1296,3103
4343,2263,2570,3892,6635,7000
4343,2263,2570,603,2099,2226
4343,2263,2570,4284,8173,7377
4343,2263,2570,9866,4886,7625
4343,2263,2570,5687,4947,7026
4343,2263,2570,6483,3838,1698
4343,2263,2570,1065,597,5772
4343,2263,2570,5028,2375,3715
4343,2263,2570,561,1836,7126
4343,2263,2570,401,8129,8391
4343,2263,2570,8527,4526,8876
4343,2263,2570,4691,7724,6842
4343,2263,2570,6495,3622,4354
4343,2263,2570,7265,1340,8742
4343,2263,2570,5158,3857,6934
4343,2263,2570,9241,7877,6445
4343,2263,2570,9741,7430,2023
4343,2263,2570,5910,6448,229
4343,2263,2570,1424,6246,5975
4343,2263,2570,9324,2782,9678
4343,2263,2570,2382,4560,9413
4343,2263,2570,2926,1218,2889
4343,2263,2570,1384,7421,4794
4343,2263,2570,4059,834,1622
4343,2263,2570,9622,8767,6285
4343,2263,2570,8513,3307,1716
4343,2263,2570,6865,1628,8318
4343,2263,2570,7824,5887,7971
4343,2263,2570,2949,1227,9085
4343,2263,2570,4414,3867,253
4343,2263,2570,2712,5305,1926
4343,2263,2570,3382,5885,827
4343,2263,2570,4923,3541,5501
4343,2263,2570,711,8969,487
4343,2263,2570,2392,9183,3157
4343,2263,2570,3988,3606,9971
4343,2263,2570,6436,6559,2628
4343,2263,2570,2069,7508,7395
4343,2263,2570,8468,7712,4556
4343,2263,2570,5613,6959,4417
4343,2263,2570,9189,3715,8067
4343,2263,2570,4165,7812,3643
4343,2263,2570,1112,4524,4258
4343,2263,2570,1525,2157,9213
4343,2263,2570,2723,5737,2040
4343,2263,2570,9099,316,3303
4343,2263,2570,5414,1875,8835
4343,2263,2570,1511,8315,3421
4343,2263,2570,9081,6146,8023
4343,2263,2570,6266,828,9570
4343,2263,2570,6809,339,4047
4343,2263,2570,4841,4910,7451
4343,2263,2570,7300,3283,8208
4343,2263,2570,3259,132,1926
4343,2263,2570,1630,8264,5516
4343,2263,2570,4344,4177,5336
4343,2263,2570,8215,169,8129
4343,2263,2570,1328,8859,2397
4343,2263,2570,2467,2030,897
4343,2263,2570,7232,8934,6327
4343,2263,2570,1484,9577,558
4343,2263,2570,3174,4462,5015
4343,2263,2570,230,9659,3745
4343,2263,2570,1055,5165,8967
4343,2263,2570,9795,3551,1799
4343,2263,2570,958,2320,8608
4343,2263,2570,8607,2036,276
4343,2263,2570,704,3123,4992
4343,2263,2570,8951,6361,4161
4343,2263,2570,5938,6184,8834
4343,2263,2570,3297,5571,8991
4343,2263,2570,8046,195,8846
4343,2263,2570,1168,2018,3383
4343,2263,2570,7039,8300,6847
4343,2263,2570,1247,8372,2432
4343,2263,2570,3796,5628,2865
4343,2263,2570,6561,3935,8969
4343,2263,2570,6192,5089,7864
4343,2263,2570,1899,6489,8904
4343,2263,2570,5301,7124,3032
4343,2263,2570,551,7831,5366
4343,2263,2570,4949,1822,6557
4343,2263,2570,1468,5370,5919
4343,2263,2570,8081,8724,1044
4343,2263,2570,1190,7499,694
4343,2263,2570,5656,7020,4799
4343,2263,2570,3637,1860,9885
4343,2263,2570,596,4131,8852
4343,2263,2570,2579,766,3216
4343,2263,2570,5444,2416,956
4343,2263,2570,4860,6197,9279
4343,2263,2570,2289,2536,2567
4343,2263,2570,3376,868,3170
4343,2263,2570,3338,757,28
4343,2263,2570,2600,7707,7562
4343,2263,2570,205,37,3174
4343,2263,2570,6854,5823,3092
4343,2263,2570,8847,7244,2619
4343,2263,2570,163,9023,4714
4343,2263,2570,5495,1513,5964
4343,2263,2570,7585,2361,3392
4343,2263,2570,9926,2330,3595
4343,2263,2570,1634,1658,1068
4343,2263,2570,6479,6685,7404
4343,2263,2570,3080,6259,8586
4343,2263,2570,4462,2602,7098
4343,2263,2570,3804,7042,4468
4343,2263,2570,8799,1087,4674
4343,2263,2570,8826,9066,966
4343,2263,2570,5038,9213,4568
4343,2263,2570,3246,3513,7161
4343,2263,2570,4443,2852,2862
4343,2263,2570,5326,2788,1740
4343,2263,2570,3552,1856,3011
4343,2263,2570,5731,2748,142
4343,2263,2570,2574,8940,1541
4343,2263,2570,6624,8193,8450
4343,2263,2570,9696,5397,9030
4343,2263,2570,4645,8221,2980
4343,2263,2570,783,8693,5379
4343,2263,2570,6708,1124,7481
4343,2263,2570,3095,7643,9486
4343,2263,2570,2369,7484,3645
4343,2263,2570,77,4483,9343
4343,2263,2570,5507,6702,7442
4343,2263,2570,7951,9349,242
4343,2263,2570,3227,4324,9731
4343,2263,2570,9350,1141,5176
4343,2263,2570,5259,405,4132
4343,2263,2570,9032,9228,9834
4343,2263,2570,3314,6959,8464
4343,2263,2570,7179,5765,735
4343,2263,2570,4311,6506,4892
4343,2263,2570,5418,308,6105
4343,2263,2570,5173,2537,556
4343,2263,2570,627,5807,2545
4343,2263,2570,5838,754,1010
4343,2263,2570,1338,6421,1529
4343,2263,2570,297,7848,6278
4343,2263,2570,8739,3182,6003
4343,2263,2570,102,2243,2574
4343,2263,2570,418,2151,395
4343,2263,2570,4092,3522,8633
4343,2263,2570,3786,3934,6966
4343,2263,2570,7017,996,1706
4343,2263,2570,6577,6064,6577
4343,2263,2570,6445,2346,1244
4343,2263,2570,7414,8464,790
4343,2263,2570,8420,9675,5299
4343,2263,2570,1973,4671,8821
4343,2263,2570,581,9550,8476
4343,2263,2570,9891,1865,4247
4343,2263,2570,7102,7600,7103
4343,2263,2570,2,4052,6863
4343,2263,2570,7302,4882,5714
4343,2263,2570,4082,8623,1185
4343,2263,2570,9869,5441,2663
4343,2263,2570,6229,3274,2249
4343,2263,2570,136,5465,979
4343,2263,2570,7209,1188,6602
4343,2263,2570,6103,1745,6197
4343,2263,2570,4923,9403,3570
4343,2263,2570,2329,7003,9776
4343,2263,2570,623,5733,6988
4343,2263,2570,9253,759,315
4343,2263,2570,4517,7629,4645
4343,2263,2570,4318,3874,2645
4343,2263,2570,3849,6373,1466
4343,2263,2570,1066,7616,6513
4343,2263,2570,4492,9551,4749
4343,2263,2570,1757,5907,3378
4343,2263,2570,6760,4853,7140
4343,2263,2570,5282,875,3508
4343,2263,2570,5901,7629,4565
4343,2263,2570,9558,1809,2255
4343,2263,2570,3356,2758,8517
4343,2263,2570,7157,5487,4795
4343,2263,2570,6760,4942,3938
4343,2263,2570,4309,808,1876
4343,2263,2570,7714,9451,8104
4343,2263,2570,3458,4456,6248
4343,2263,2570,5924,8968,2872
4343,2263,2570,2881,4913,9863
4343,2263,2570,3878,4987,1640
4343,2263,2570,5355,3203,6607
4343,2263,2570,6958,6598,846
4343,2263,2570,717,6504,2426
4343,2263,2570,2138,8110,2843
4343,2263,2570,2454,5835,9416
4343,2263,2570,279,5191,8031
4343,2263,2570,7732,8463,2898
4343,2263,2570,3982,5516,6732
4343,2263,2570,6244,2250,455
4343,2263,2570,4811,1242,4096
4343,2263,2570,3962,2539,8446
4343,2263,2570,7698,3552,6656
4343,2263,2570,2664,5119,8926
4343,2263,2570,2851,2876,5959
4343,2263,2570,7805,4365,6154
4343,2263,2570,8673,5359,6270
4343,2263,2570,329,1183,3450
4343,2263,2570,9661,3221,658
4343,2263,2570,7512,7802,8777
4343,2263,2570,1219,8759,118
4343,2263,2570,2348,6156,3962
4343,2263,2570,1966,6962,7550
4343,2263,2570,6906,3646,9715
4343,2263,2570,3516,9350,8062
4343,2263,2570,4288,6120,2439
4343,2263,2570,921,6629,9207
4343,2263,2570,4842,3632,111
4343,2263,2570,7730,1233,6241
4343,2263,2570,4697,2841,8967
4343,2263,2570,4189,9726,3341
4343,2263,2570,8624,8836,697
4343,2263,2570,9547,8416,4797
4343,2263,2570,8798,9151,2128
4343,2263,2570,8998,7980,2680
4343,2263,2570,8630,691,6819
4343,2263,2570,6560,8415,1515
4343,2263,2570,1908,1914,6741
4343,2263,2570,5232,8286,5250
4343,2263,2570,9101,2254,7414
4343,2263,2570,9624,5033,3721
4343,2263,2570,8199,6570,7243
4343,2263,2570,8538,7797,8280
4343,2263,2570,8606,6067,4215
4343,2263,2570,5815,9443,8886
4343,2263,2570,1157,4766,5584
4343,2263,2570,2886,3429,1023
4343,2263,2570,561,9605,7341
4343,2263,2570,4547,4869,5741
4343,2263,2570,598,4850,6761
4343,2263,2570,8269,5964,5264
4343,2263,2570,2982,3959,6504
4343,2263,2570,8959,4184,1460
4343,2263,2570,2140,9705,6464
4343,2263,2570,42,6643,6481
4343,2263,2570,797,867,7885
4343,2263,2570,8830,7263,1840
4343,2263,2570,7284,8189,9753
