9378,3843,353,9434,380,5730
9378,3843,353,6284,7106,2229
9378,3843,353,4230,832,7311
9378,3843,353,7276,3350,7908
9378,3843,353,5453,2255,62
9378,3843,353,1721,8123,6742
9378,3843,353,4197,4481,2228
9378,3843,353,3822,1423,8208
9378,3843,353,8890,5804,1472
9378,3843,353,1970,6391,5016
9378,3843,353,3148,4634,1860
9378,3843,353,6747,7641,1887
9378,3843,353,9100,2882,9241
9378,3843,353,9382,1503,9990
9378,3843,353,521,950,6337
9378,3843,353,6107,5258,2687
9378,3843,353,2178,1744,7062
9378,3843,353,3154,3884,1752
9378,3843,353,8473,6815,9543
9378,3843,353,255,61,7706
9378,3843,353,8709,9938,5812
9378,3843,353,6686,7477,8574
9378,3843,353,2400,5309,1439
9378,3843,353,8031,5517,2209
9378,3843,353,8232,5830,9622
9378,3843,353,5531,5580,745
9378,3843,353,206,5844,4959
9378,3843,353,3494,4252,1598
9378,3843,353,8688,27,8627
9378,3843,353,2826,9817,8594
9378,3843,353,5957,2049,2083
9378,3843,353,278,2671,2085
9378,3843,353,1892,2127,7413
9378,3843,353,3743,3890,2681
9378,3843,353,1940,2254,6183
9378,3843,353,1906,6352,7557
9378,3843,353,1113,8464,8936
9378,3843,353,4525,7877,7635
9378,3843,353,6934,5782,1131
9378,3843,353,4373,98,9860
9378,3843,353,4051,4142,7994
9378,3843,353,394,3243,4502
9378,3843,353,6764,5138,2263
9378,3843,353,8728,8154,832
9378,3843,353,8256,9592,1263
9378,3843,353,2692,8311,5520
9378,3843,353,1987,3091,3075
9378,3843,353,5438,4153,3848
9378,3843,353,429,9002,8022
9378,3843,353,336,8491,2612
9378,3843,353,2277,4223,1903
9378,3843,353,3794,2384,4750
9378,3843,353,1613,7911,2323
9378,3843,353,3709,7230,6414
9378,3843,353,2545,1294,8738
9378,3843,353,5670,4516,3243
9378,3843,353,9875,466,1682
9378,3843,353,1606,423,2440
9378,3843,353,5298,5362,4183
9378,3843,353,6391,7824,5231
9378,3843,353,9239,3375,8035
9378,3843,353,5883,6418,802
9378,3843,353,3823,8730,7519
9378,3843,353,4159,6876,6362
9378,3843,353,6944,765,1235
9378,3843,353,6681,8237,3778
9378,3843,353,266,5496,8553
9378,3843,353,3265,4403,9461
9378,3843,353,1952,3593,8824
9378,3843,353,995,5433,3737
9378,3843,353,8504,8641,9225
9378,3843,353,3360,5165,4899
9378,3843,353,9258,7679,7622
9378,3843,353,3829,452,1750
9378,3843,353,4158,6822,2234
9378,3843,353,6117,8749,7997
9378,3843,353,2883,1900,8583
9378,3843,353,1227,2162,8688
9378,3843,353,8462,2693,3219
9378,3843,353,9239,5478,168
9378,3843,353,1505,6742,7435
9378,3843,353,2842,1160,5435
9378,3843,353,9476,8860,5082
9378,3843,353,6982,2502,8419
9378,3843,353,9905,3245,8540
9378,3843,353,1576,7086,2980
9378,3843,353,3767,8087,1711
9378,3843,353,8794,3366,4329
9378,3843,353,6019,9529,4370
9378,3843,353,5730,7090,1166
9378,3843,353,8742,815,2493
9378,3843,353,4814,9362,2482
9378,3843,353,6190,965,6998
9378,3843,353,2542,1713,351
9378,3843,353,113,9103,1931
9378,3843,353,8377,6241,9401
9378,3843,353,4580,965,9201
9378,3843,353,3330,9963,1610
9378,3843,353,7239,1133,8194
9378,3843,353,4597,842,5869
9378,3843,353,7752,5767,3490
9378,3843,353,1421,2316,1998
9378,3843,353,4502,9689,7682
9378,3843,353,9463,4901,1814
9378,3843,353,1114,9171,1680
9378,3843,353,2627,443,3398
9378,3843,353,5593,8049,2913
9378,3843,353,356,316,6173
9378,3843,353,5370,5106,1559
9378,3843,353,31,5471,950
9378,3843,353,570,450,9411
9378,3843,353,57,4744,2351
9378,3843,353,3855,2929,2728
9378,3843,353,189,1721,4904
9378,3843,353,9887,6519,173
9378,3843,353,4050,7046,2322
9378,3843,353,8559,825,7355
9378,3843,353,7472,4877,1633
9378,3843,353,9417,6982,3472
9378,3843,353,4478,7625,2717
9378,3843,353,6932,1111,217
9378,3843,353,1964,912,1588
9378,3843,353,3406,6045,8007
9378,3843,353,2369,7504,6277
9378,3843,353,6290,4769,1235
9378,3843,353,9764,9075,2405
9378,3843,353,5181,6464,2796
9378,3843,353,787,3258,4811
9378,3843,353,6332,7676,8290
9378,3843,353,3195,8355,3027
9378,3843,353,848,4737,6370
9378,3843,353,4528,5584,7205
9378,3843,353,442,6917,3158
9378,3843,353,29,7893,5463
9378,3843,353,6681,7537,2827
9378,3843,353,58,7825,5111
9378,3843,353,8386,5952,9526
9378,3843,353,572,283,913
9378,3843,353,4335,9150,1385
9378,3843,353,7434,8570,7017
9378,3843,353,1337,9633,7483
9378,3843,353,7656,946,4806
9378,3843,353,6685,6232,7230
9378,3843,353,5542,2979,9584
9378,3843,353,3761,4520,4137
9378,3843,353,575,9728,4012
9378,3843,353,9798,3414,2659
9378,3843,353,3048,9107,2231
9378,3843,353,9103,2148,5315
9378,3843,353,3440,7636,2295
9378,3843,353,958,4721,2356
9378,3843,353,4867,8349,6214
9378,3843,353,2222,9317,4749
9378,3843,353,2148,4402,4062
9378,3843,353,7886,9982,584
9378,3843,353,5726,5334,6533
9378,3843,353,6052,3673,7714
9378,3843,353,4312,588,6342
9378,3843,353,975,1992,9192
9378,3843,353,7410,4475,791
9378,3843,353,8421,664,6665
9378,3843,353,965,1239,4764
9378,3843,353,2171,2500,4508
9378,3843,353,4572,9920,4204
9378,3843,353,219,4710,1754
9378,3843,353,8685,2035,8066
9378,3843,353,8807,5414,6095
9378,3843,353,7988,7163,3049
9378,3843,353,4626,8809,7620
9378,3843,353,2978,3155,789
9378,3843,353,2816,4699,8069
9378,3843,353,641,5551,9334
9378,3843,353,5408,495,1304
9378,3843,353,2953,4203,9382
9378,3843,353,1178,9275,3695
9378,3843,353,4904,7287,5449
9378,3843,353,694,516,2944
9378,3843,353,1449,8493,4446
9378,3843,353,2216,3842,9903
9378,3843,353,475,8936,9320
9378,3843,353,3308,6059,839
9378,3843,353,1183,6604,9839
9378,3843,353,1104,323,2087
9378,3843,353,9513,2455,224
9378,3843,353,3530,5922,6964
9378,3843,353,6951,2616,102
9378,3843,353,9150,1885,7574
9378,3843,353,5270,9794,2046
9378,3843,353,2939,7643,6496
9378,3843,353,8841,1218,8147
9378,3843,353,4579,8677,6191
9378,3843,353,4936,2486,550
9378,3843,353,6383,3287,9662
9378,3843,353,7435,1829,6910
9378,3843,353,1180,4341,1717
9378,3843,353,1040,4481,1344
9378,3843,353,5458,6877,8563
9378,3843,353,4036,319,9224
9378,3843,353,8460,7755,9287
9378,3843,353,4231,5247,1483
9378,3843,353,438,4446,2227
9378,3843,353,7917,8993,3292
9378,3843,353,3451,5394,3570
9378,3843,353,5255,8619,706
9378,3843,353,8123,3650,3530
9378,3843,353,1171,7050,8714
9378,3843,353,5399,8168,3249
9378,3843,353,9003,5954,2246
9378,3843,353,9661,6606,5816
9378,3843,353,4466,735,7635
9378,3843,353,1791,9483,7630
9378,3843,353,7989,4865,5319
9378,3843,353,4526,9269,9895
9378,3843,353,8492,8315,222
9378,3843,353,5956,5402,9693
9378,3843,353,702,1460,5603
9378,3843,353,9117,7045,9156
9378,3843,353,9608,3963,3768
9378,3843,353,2334,4345,6686
9378,3843,353,1529,1924,2595
9378,3843,353,5085,1301,9293
9378,3843,353,8164,7997,1509
9378,3843,353,9664,2407,5961
9378,3843,353,9629,9071,4500
9378,3843,353,838,4248,604
9378,3843,353,5412,9169,5716
9378,3843,353,2953,7690,7017
9378,3843,353,6712,8050,2811
9378,3843,353,6061,3749,9024
9378,3843,353,6911,524,3547
9378,3843,353,9813,7132,7916
9378,3843,353,4969,4747,7760
9378,3843,353,412,4352,2639
9378,3843,353,1241,4415,4491
9378,3843,353,946,5868,2995
9378,3843,353,4709,889,6695
9378,3843,353,626,4243,5116
9378,3843,353,5674,9934,3669
9378,3843,353,5616,5667,4574
9378,3843,353,6353,412,6607
9378,3843,353,3627,9895,8889
9378,3843,353,2511,8156,9750
9378,3843,353,2903,2139,4180
9378,3843,353,6729,9231,4849
9378,3843,353,5226,3537,8993
9378,3843,353,2824,55,5816
9378,3843,353,1671,2987,4875
9378,3843,353,9183,5218,6302
9378,3843,353,6394,54,3559
9378,3843,353,9439,3887,8829
9378,3843,353,1843,6358,4205
9378,3843,353,7507,8886,513
9378,3843,353,3412,5941,8861
9378,3843,353,2558,8194,6685
9378,3843,353,3886,3915,615
9378,3843,353,1967,9809,831
9378,3843,353,6884,1139,2791
9378,3843,353,3715,9293,3692
9378,3843,353,7946,1211,7771
9378,3843,353,5039,7362,3794
9378,3843,353,1976,1337,2675
9378,3843,353,5932,9217,7112
9378,3843,353,191,4064,3086
9378,3843,353,7498,3848,1780
9378,3843,353,7240,1284,9099
9378,3843,353,7981,735,84
9378,3843,353,3288,3192,3253
9378,3843,353,3568,5131,7697
9378,3843,353,8356,6637,7370
9378,3843,353,2491,4780,1433
9378,3843,353,6924,4668,1643
9378,3843,353,9514,4478,4107
9378,3843,353,8337,4937,98
9378,3843,353,4353,9386,7073
9378,3843,353,2128,5660,2072
9378,3843,353,5105,2371,2889
9378,3843,353,5713,1268,9172
9378,3843,353,4348,3566,5226
9378,3843,353,4749,4445,7937
9378,3843,353,1797,9427,9996
9378,3843,353,1756,7922,6462
9378,3843,353,1275,2909,6456
9378,3843,353,9011,7408,8175
9378,3843,353,3258,8675,2483
9378,3843,353,3663,6638,3230
9378,3843,353,4509,6338,3737
9378,3843,353,181,2466,5006
9378,3843,353,3860,9827,793
9378,3843,353,5708,3742,4632
9378,3843,353,3705,1363,2560
9378,3843,353,2652,9195,7442
9378,3843,353,2737,5609,8907
9378,3843,353,9177,9890,2117
9378,3843,353,1507,7480,3962
9378,3843,353,9482,7673,7146
9378,3843,353,9755,4239,1446
9378,3843,353,2955,7044,7724
9378,3843,353,6727,9908,2512
9378,3843,353,6958,9146,5381
9378,3843,353,5239,6376,6617
9378,3843,353,5726,6053,3746
9378,3843,353,4807,9737,1591
9378,3843,353,1950,7642,8859
9378,3843,353,2792,9862,5964
9378,3843,353,5042,6627,7742
9378,3843,353,3518,4028,8057
9378,3843,353,2804,6985,876
9378,3843,353,6352,7009,4317
9378,3843,353,7676,9933,1609
9378,3843,353,9668,9577,4761
9378,3843,353,6555,11,1310
9378,3843,353,4129,9220,9578
9378,3843,353,788,5975,4250
9378,3843,353,6056,1066,7320
9378,3843,353,9490,9462,445
9378,3843,353,2857,2292,5418
9378,3843,353,4347,9957,3731
9378,3843,353,7081,6407,25
9378,3843,353,2620,5804,9112
9378,3843,353,1609,7804,4808
9378,3843,353,5522,1258,8695
9378,3843,353,965,8836,1351
9378,3843,353,6200,205,6823
9378,3843,353,7077,4087,550
9378,3843,353,2166,5422,6951
9378,3843,353,5931,7812,4058
9378,3843,353,9293,3310,5707
9378,3843,353,1918,606,2031
9378,3843,353,6271,3266,427
9378,3843,353,4431,3148,9863
9378,3843,353,545,5334,4459
9378,3843,353,8639,8270,1246
9378,3843,353,6585,4141,3920
9378,3843,353,6752,6160,8702
9378,3843,353,5525,3991,3939
9378,3843,353,6013,9258,115
9378,3843,353,2395,1147,8641
9378,3843,353,9396,2918,8701
9378,3843,353,1012,7749,6609
9378,3843,353,3846,719,4782
9378,3843,353,7045,9503,3150
9378,3843,353,3638,6284,8431
9378,3843,353,1450,2017,3169
9378,3843,353,1525,5444,8707
9378,3843,353,6573,1493,7216
9378,3843,353,5951,7505,2349
9378,3843,353,4757,4288,8796
9378,3843,353,8496,8907,5490
9378,3843,353,1863,4308,290
9378,3843,353,46,3140,5595
9378,3843,353,2931,4004,1444
9378,3843,353,7411,6790,3578
9378,3843,353,2254,7152,1466
9378,3843,353,5990,4511,587
9378,3843,353,5470,9640,6233
9378,3843,353,477,1470,3044
9378,3843,353,1804,3506,5505
9378,3843,353,5207,3394,6859
9378,3843,353,9290,2910,9926
9378,3843,353,3782,772,2376
9378,3843,353,8912,1056,6150
9378,3843,353,4474,9947,510
9378,3843,353,1502,8841,6700
9378,3843,353,5283,3829,3647
9378,3843,353,1064,5378,8666
9378,3843,353,3106,5074,9590
9378,3843,353,9560,9792,9208
9378,3843,353,9607,302,7916
9378,3843,353,565,5932,3629
9378,3843,353,9043,4461,4619
9378,3843,353,6609,2259,2931
9378,3843,353,4056,3381,9320
9378,3843,353,1391,8723,6984
9378,3843,353,788,5421,7707
9378,3843,353,9471,2025,7887
9378,3843,353,6204,2702,3915
9378,3843,353,5424,597,2048
9378,3843,353,4176,1072,3291
9378,3843,353,5220,7611,661
9378,3843,353,5606,8974,9396
9378,3843,353,7526,3628,538
9378,3843,353,5495,9616,9283
9378,3843,353,6984,2020,5290
9378,3843,353,4950,2977,1605
9378,3843,353,3096,6836,1327
9378,3843,353,5402,5234,8081
9378,3843,353,2908,9273,9823
9378,3843,353,9014,9462,204
9378,3843,353,9360,1421,174
9378,3843,353,6994,6671,8505
9378,3843,353,4060,7705,1905
9378,3843,353,9895,575,7971
9378,3843,353,6177,7458,1397
9378,3843,353,7306,8094,1413
9378,3843,353,4823,7200,7374
9378,3843,353,3973,3960,5597
9378,3843,353,7401,6027,7593
9378,3843,353,3415,4289,4406
9378,3843,353,2008,8691,6032
9378,3843,353,8996,7608,8746
9378,3843,353,2360,934,9109
9378,3843,353,3670,438,4556
9378,3843,353,8918,4180,1616
9378,3843,353,6167,9187,3680
9378,3843,353,6641,9780,789
9378,3843,353,8363,4423,5221
9378,3843,353,7987,2524,4250
9378,3843,353,5197,2250,4007
9378,3843,353,8274,3085,8564
9378,3843,353,2591,672,5167
9378,3843,353,3691,2106,6644
9378,3843,353,1588,9844,9840
9378,3843,353,3907,2070,9414
9378,3843,353,5500,2577,3022
9378,3843,353,5462,2630,7338
9378,3843,353,588,223,7368
9378,3843,353,1965,8365,3221
9378,3843,353,3568,1268,8955
9378,3843,353,5809,3375,3014
9378,3843,353,3326,4989,4096
9378,3843,353,1566,395,5439
9378,3843,353,7823,2162,4633
9378,3843,353,5282,5030,6046
9378,3843,353,6932,4009,8693
9378,3843,353,7569,4786,4547
9378,3843,353,1917,1143,5683
9378,3843,353,5655,5270,7271
9378,3843,353,7251,5277,9970
9378,3843,353,3104,2848,3593
9378,3843,353,9066,1173,2676
9378,3843,353,6825,6265,5795
9378,3843,353,8149,9779,4255
9378,3843,353,6578,2427,528
9378,3843,353,9064,5735,2458
9378,3843,353,9122,3891,6961
9378,3843,353,7173,7167,946
9378,3843,353,8608,4254,8958
9378,3843,353,4356,2659,4982
9378,3843,353,3312,8220,2395
9378,3843,353,6533,965,1695
9378,3843,353,7040,4561,526
9378,3843,353,3970,2009,4212
9378,3843,353,971,3714,8863
9378,3843,353,8298,7952,804
9378,3843,353,8485,9053,9340
9378,3843,353,641,7836,6575
9378,3843,353,3409,3737,9925
9378,3843,353,7568,660,218
9378,3843,353,3504,4897,950
9378,3843,353,6892,7759,9436
9378,3843,353,3981,1032,3412
9378,3843,353,1291,9079,2923
9378,3843,353,1123,9463,4598
9378,3843,353,8879,7510,1398
9378,3843,353,126,9658,6462
9378,3843,353,4534,9174,1561
9378,3843,353,7060,3556,3773
9378,3843,353,2611,9350,1637
9378,3843,353,8440,5746,7558
9378,3843,353,6550,6476,2500
9378,3843,353,3553,3288,6104
9378,3843,353,3406,5013,6659
9378,3843,353,4775,4756,485
9378,3843,353,2424,7446,816
9378,3843,353,7270,5657,7631
9378,3843,353,8226,4286,3156
9378,3843,353,5663,244,3509
9378,3843,353,9049,2744,1934
9378,3843,353,8958,3953,9040
9378,3843,353,8254,5131,9766
9378,3843,353,4835,1881,3400
9378,3843,353,5957,3013,4400
9378,3843,353,8296,2485,6671
9378,3843,353,9906,9495,7717
9378,3843,353,9644,6796,7224
9378,3843,353,4322,9982,2733
9378,3843,353,4446,1798,6305
9378,3843,353,302,8534,8296
9378,3843,353,3689,1476,1361
9378,3843,353,905,7218,6887
9378,3843,353,9791,8296,8918
9378,3843,353,3887,8715,5660
9378,3843,353,248,8550,9948
9378,3843,353,6914,8446,9002
9378,3843,353,5460,768,4863
9378,3843,353,4302,129,4287
9378,3843,353,3284,9215,2009
9378,3843,353,2977,8117,3263
9378,3843,353,4496,3977,5498
9378,3843,353,4951,2849,7610
9378,3843,353,4592,5886,3162
9378,3843,353,3427,2929,5153
9378,3843,353,8847,4339,7858
9378,3843,353,2673,7462,5874
9378,3843,353,6321,5285,4137
9378,3843,353,9506,3835,4844
9378,3843,353,647,1414,2399
9378,3843,353,3948,4351,9343
9378,3843,353,7705,6234,452
9378,3843,353,308,5644,9822
9378,3843,353,888,1942,7670
9378,3843,353,5688,8083,3949
9378,3843,353,7991,3024,7296
9378,3843,353,8953,4352,2181
9378,3843,353,9485,9230,5520
9378,3843,353,5543,6984,3665
9378,3843,353,2706,9365,8077
9378,3843,353,5627,7660,1018
9378,3843,353,2334,6081,7874
9378,3843,353,5178,9163,2011
