5960,1130,2276,9837,1403,8432
5960,1130,2276,3606,7876,6394
5960,1130,2276,9113,3476,1571
5960,1130,2276,8012,404,633
5960,1130,2276,920,8024,7369
5960,1130,2276,7202,5129,8727
5960,1130,2276,6064,9970,7438
5960,1130,2276,5076,1156,4310
5960,1130,2276,5895,3250,1051
5960,1130,2276,5115,4414,4717
5960,1130,2276,2857,7792,4580
5960,1130,2276,1468,8874,7696
5960,1130,2276,2353,328,2871
5960,1130,2276,9630,7522,2409
5960,1130,2276,990,7772,3758
5960,1130,2276,3705,5752,1097
5960,1130,2276,6497,1783,8052
5960,1130,2276,1398,3835,1452
5960,1130,2276,8041,5269,3604
5960,1130,2276,247,4516,8220
5960,1130,2276,5217,9462,6708
5960,1130,2276,6836,1235,4752
5960,1130,2276,8,7260,262
5960,1130,2276,6615,374,7894
5960,1130,2276,8604,9213,9715
5960,1130,2276,8679,1880,6855
5960,1130,2276,393,831,9612
5960,1130,2276,1511,549,8504
5960,1130,2276,5063,8200,2952
5960,1130,2276,2884,1758,9072
5960,1130,2276,8063,4212,5039
5960,1130,2276,2482,9447,9507
5960,1130,2276,7356,5139,736
5960,1130,2276,8897,7517,9367
5960,1130,2276,3257,9159,464
5960,1130,2276,5018,476,9471
5960,1130,2276,4179,4931,3916
5960,1130,2276,3664,902,7915
5960,1130,2276,9553,8767,1430
5960,1130,2276,7896,4662,1018
5960,1130,2276,8266,618,9608
5960,1130,2276,2332,3536,4056
5960,1130,2276,9350,7195,5073
5960,1130,2276,8881,5149,9638
5960,1130,2276,8577,9831,8596
5960,1130,2276,5554,6158,3198
5960,1130,2276,8915,2953,2041
5960,1130,2276,2276,8373,4735
5960,1130,2276,5618,9084,3988
5960,1130,2276,8804,8501,3967
5960,1130,2276,5162,5836,3560
5960,1130,2276,5456,1199,1399
5960,1130,2276,144,9777,4740
5960,1130,2276,257,5971,6815
5960,1130,2276,1942,1438,4739
5960,1130,2276,9066,4428,7210
5960,1130,2276,8934,6150,6681
5960,1130,2276,5478,5101,3455
5960,1130,2276,267,5849,4561
5960,1130,2276,6838,3301,4459
5960,1130,2276,9125,1421,4632
5960,1130,2276,2753,9741,4081
5960,1130,2276,9636,2678,3742
5960,1130,2276,3297,2875,9581
5960,1130,2276,7859,9597,4041
5960,1130,2276,8722,4657,1032
5960,1130,2276,1056,3695,5123
5960,1130,2276,6994,5780,1696
5960,1130,2276,1719,4804,2863
5960,1130,2276,4319,3990,4754
5960,1130,2276,6519,4198,8756
5960,1130,2276,4422,4605,997
5960,1130,2276,1645,2994,6232
5960,1130,2276,8691,2996,7471
5960,1130,2276,4927,2407,2245
5960,1130,2276,8217,462,4864
5960,1130,2276,2631,7589,2107
5960,1130,2276,21,8634,4898
5960,1130,2276,7145,1721,7364
5960,1130,2276,6228,2880,1748
5960,1130,2276,215,7353,9985
5960,1130,2276,1041,6560,556
5960,1130,2276,1856,9944,6772
5960,1130,2276,9260,3743,1632
5960,1130,2276,4486,5407,5328
5960,1130,2276,3755,8054,3999
5960,1130,2276,5958,2813,211
5960,1130,2276,3877,2444,5457
5960,1130,2276,6128,1232,1135
5960,1130,2276,5109,1536,130
5960,1130,2276,6359,1797,6863
5960,1130,2276,4126,7662,5370
5960,1130,2276,8426,1657,6955
5960,1130,2276,3060,653,7653
5960,1130,2276,4894,3713,3659
5960,1130,2276,220,8584,2397
5960,1130,2276,1696,1747,2095
5960,1130,2276,2202,3411,243
5960,1130,2276,2312,9057,3520
5960,1130,2276,2583,9037,2635
5960,1130,2276,932,4911,3809
5960,1130,2276,8965,6251,2567
5960,1130,2276,5794,2527,5773
5960,1130,2276,5125,8145,397
5960,1130,2276,9998,7078,3156
5960,1130,2276,3581,1415,3324
5960,1130,2276,8797,7809,3405
5960,1130,2276,8035,2598,1173
5960,1130,2276,6764,2089,790
5960,1130,2276,965,701,9695
5960,1130,2276,3252,2750,8212
5960,1130,2276,2358,3155,665
5960,1130,2276,9126,2504,115
5960,1130,2276,702,5483,6916
5960,1130,2276,6371,840,2078
5960,1130,2276,6630,6505,4655
5960,1130,2276,5387,7102,1539
5960,1130,2276,2766,5317,1280
5960,1130,2276,7962,3830,5929
5960,1130,2276,3024,3309,5314
5960,1130,2276,6804,7385,9568
5960,1130,2276,414,8074,7444
5960,1130,2276,3041,7090,9868
5960,1130,2276,8372,6069,2551
5960,1130,2276,1003,720,8074
5960,1130,2276,8590,3259,1712
5960,1130,2276,2351,7403,5270
5960,1130,2276,5042,1679,2311
5960,1130,2276,4721,3741,2177
5960,1130,2276,5422,7439,4869
5960,1130,2276,8192,5369,4766
5960,1130,2276,6573,8109,332
5960,1130,2276,7577,4184,3147
5960,1130,2276,5733,6538,5219
5960,1130,2276,6463,3057,2140
5960,1130,2276,9080,4522,3434
5960,1130,2276,9446,9005,839
5960,1130,2276,4592,1191,7331
5960,1130,2276,1118,2173,1528
5960,1130,2276,7723,6278,3955
5960,1130,2276,6996,953,780
5960,1130,2276,8128,9677,9434
5960,1130,2276,694,6098,6214
5960,1130,2276,8208,9971,7721
5960,1130,2276,9635,4534,7237
5960,1130,2276,6241,6315,6893
5960,1130,2276,3,7984,781
5960,1130,2276,3371,3930,8336
5960,1130,2276,2896,9304,603
5960,1130,2276,5434,6288,5585
5960,1130,2276,7519,320,1370
5960,1130,2276,9520,4440,4386
5960,1130,2276,6417,4794,402
5960,1130,2276,4811,8065,6761
5960,1130,2276,2061,7739,7048
5960,1130,2276,5177,2039,1635
5960,1130,2276,9573,2829,8992
5960,1130,2276,4097,5325,7129
5960,1130,2276,3923,4424,92
5960,1130,2276,9963,5473,799
5960,1130,2276,5657,6414,3229
5960,1130,2276,23,4552,7165
5960,1130,2276,6689,8261,1087
5960,1130,2276,8532,9687,8683
5960,1130,2276,3424,2975,9650
5960,1130,2276,641,4204,6268
5960,1130,2276,3834,1767,2312
5960,1130,2276,4999,8644,4897
5960,1130,2276,5890,4787,3165
5960,1130,2276,9526,9810,6871
5960,1130,2276,2541,1566,3032
5960,1130,2276,4321,0,8264
5960,1130,2276,6413,3474,4654
5960,1130,2276,4636,9566,2346
5960,1130,2276,2874,6720,3871
5960,1130,2276,4333,2646,6775
5960,1130,2276,3650,4126,6105
5960,1130,2276,2932,7995,3748
5960,1130,2276,1363,4103,8813
5960,1130,2276,7418,7807,5979
5960,1130,2276,8436,7305,1992
5960,1130,2276,516,8793,8524
5960,1130,2276,7841,423,4541
5960,1130,2276,5701,3217,6846
5960,1130,2276,6620,9392,7206
5960,1130,2276,8508,1129,5
5960,1130,2276,6274,1826,4716
5960,1130,2276,4390,4908,6680
5960,1130,2276,5777,851,8369
5960,1130,2276,8523,4016,7380
5960,1130,2276,8415,5907,3217
5960,1130,2276,1756,2275,3338
5960,1130,2276,8931,4551,8582
5960,1130,2276,3450,9384,3544
5960,1130,2276,3843,3652,6177
5960,1130,2276,6137,7181,8644
5960,1130,2276,7216,7483,8298
5960,1130,2276,8906,9881,1426
5960,1130,2276,3476,8130,5850
5960,1130,2276,9874,3330,4608
5960,1130,2276,241,3761,9749
5960,1130,2276,8332,8152,1241
5960,1130,2276,2461,2297,3595
5960,1130,2276,4781,6520,508
5960,1130,2276,7455,7221,9336
5960,1130,2276,4015,5961,8133
5960,1130,2276,9889,2983,5135
5960,1130,2276,2981,6348,553
5960,1130,2276,3663,5661,4419
5960,1130,2276,6071,6531,1345
5960,1130,2276,1324,9256,5882
5960,1130,2276,1123,3366,8054
5960,1130,2276,411,2643,49
5960,1130,2276,9804,1570,1970
5960,1130,2276,9574,6511,6477
5960,1130,2276,240,7917,4678
5960,1130,2276,8686,7106,8755
5960,1130,2276,931,4891,5463
5960,1130,2276,2232,8660,4982
5960,1130,2276,851,9091,2045
5960,1130,2276,826,7732,3552
5960,1130,2276,3597,6362,612
5960,1130,2276,8315,6450,2540
5960,1130,2276,8945,7020,8695
5960,1130,2276,61,7014,8858
5960,1130,2276,8004,748,4096
5960,1130,2276,9199,6627,4082
5960,1130,2276,9820,9646,6599
5960,1130,2276,634,8729,2020
5960,1130,2276,1870,674,6334
5960,1130,2276,4262,9062,5840
5960,1130,2276,2933,9521,4255
5960,1130,2276,4671,9490,7593
5960,1130,2276,8360,9491,2889
5960,1130,2276,1339,9978,7470
5960,1130,2276,1856,2291,8536
5960,1130,2276,6586,5804,4873
5960,1130,2276,6528,8858,8535
5960,1130,2276,2138,8951,4981
5960,1130,2276,3905,6359,3347
5960,1130,2276,1689,8142,6253
5960,1130,2276,1454,7025,2947
5960,1130,2276,3911,57,6278
5960,1130,2276,7626,6230,3043
5960,1130,2276,5750,4739,242
5960,1130,2276,6783,6868,3102
5960,1130,2276,9875,249,2005
5960,1130,2276,4897,8855,9190
5960,1130,2276,9644,6188,7474
5960,1130,2276,7873,5545,7844
5960,1130,2276,7633,6011,1232
5960,1130,2276,3716,4521,8976
5960,1130,2276,6665,3507,2000
5960,1130,2276,6992,6123,4859
5960,1130,2276,8658,5829,8682
5960,1130,2276,5329,1117,3034
5960,1130,2276,8943,8620,9756
5960,1130,2276,8011,4320,7594
5960,1130,2276,265,687,7112
5960,1130,2276,2386,7069,2178
5960,1130,2276,1104,6221,5209
5960,1130,2276,6778,182,7947
5960,1130,2276,1341,8501,2594
5960,1130,2276,1827,830,1066
5960,1130,2276,1,1517,5260
5960,1130,2276,1679,8418,1353
5960,1130,2276,5249,2946,6998
5960,1130,2276,532,5963,6227
5960,1130,2276,7966,708,3425
5960,1130,2276,7126,5237,8430
5960,1130,2276,5845,7058,5367
5960,1130,2276,3638,6438,7482
5960,1130,2276,8002,4961,1242
5960,1130,2276,9971,3293,3173
5960,1130,2276,4632,503,9087
5960,1130,2276,4681,6049,240
5960,1130,2276,5055,8898,1326
5960,1130,2276,6306,2511,5517
5960,1130,2276,3407,9298,5336
5960,1130,2276,4891,9613,2399
5960,1130,2276,5549,6391,2584
5960,1130,2276,6997,362,8709
5960,1130,2276,6817,3430,8170
5960,1130,2276,9077,9758,3480
5960,1130,2276,5681,2901,301
5960,1130,2276,7979,2091,5169
5960,1130,2276,5677,3090,531
5960,1130,2276,7325,7486,2435
5960,1130,2276,8147,1491,2673
5960,1130,2276,1499,6764,4082
5960,1130,2276,429,3245,256
5960,1130,2276,745,9422,4316
5960,1130,2276,3134,3700,8078
5960,1130,2276,1088,766,2305
5960,1130,2276,9783,2752,4674
5960,1130,2276,4118,4977,6807
5960,1130,2276,9782,1347,4505
5960,1130,2276,6791,8304,7890
5960,1130,2276,3128,8854,6997
5960,1130,2276,6211,8276,9432
5960,1130,2276,5970,8907,1567
5960,1130,2276,8699,6346,1610
5960,1130,2276,8654,9163,6359
5960,1130,2276,5633,3270,7710
5960,1130,2276,377,4826,1562
5960,1130,2276,8393,5443,3252
5960,1130,2276,3670,5814,7909
5960,1130,2276,6105,3445,4903
5960,1130,2276,9369,1629,7895
5960,1130,2276,1853,7127,3044
5960,1130,2276,9434,380,5730
5960,1130,2276,6284,7106,2229
5960,1130,2276,4230,832,7311
5960,1130,2276,7276,3350,7908
5960,1130,2276,5453,2255,62
5960,1130,2276,1721,8123,6742
5960,1130,2276,4197,4481,2228
5960,1130,2276,3822,1423,8208
5960,1130,2276,8890,5804,1472
5960,1130,2276,1970,6391,5016
5960,1130,2276,3148,4634,1860
5960,1130,2276,6747,7641,1887
5960,1130,2276,9100,2882,9241
5960,1130,2276,9382,1503,9990
5960,1130,2276,521,950,6337
5960,1130,2276,6107,5258,2687
5960,1130,2276,2178,1744,7062
5960,1130,2276,3154,3884,1752
5960,1130,2276,8473,6815,9543
5960,1130,2276,255,61,7706
5960,1130,2276,8709,9938,5812
5960,1130,2276,6686,7477,8574
5960,1130,2276,2400,5309,1439
5960,1130,2276,8031,5517,2209
5960,1130,2276,8232,5830,9622
5960,1130,2276,5531,5580,745
5960,1130,2276,206,5844,4959
5960,1130,2276,3494,4252,1598
5960,1130,2276,8688,27,8627
5960,1130,2276,2826,9817,8594
5960,1130,2276,5957,2049,2083
5960,1130,2276,278,2671,2085
5960,1130,2276,1892,2127,7413
5960,1130,2276,3743,3890,2681
5960,1130,2276,1940,2254,6183
5960,1130,2276,1906,6352,7557
5960,1130,2276,1113,8464,8936
5960,1130,2276,4525,7877,7635
5960,1130,2276,6934,5782,1131
5960,1130,2276,4373,98,9860
5960,1130,2276,4051,4142,7994
5960,1130,2276,394,3243,4502
5960,1130,2276,6764,5138,2263
5960,1130,2276,8728,8154,832
5960,1130,2276,8256,9592,1263
5960,1130,2276,2692,8311,5520
5960,1130,2276,1987,3091,3075
5960,1130,2276,5438,4153,3848
5960,1130,2276,429,9002,8022
5960,1130,2276,336,8491,2612
5960,1130,2276,2277,4223,1903
5960,1130,2276,3794,2384,4750
5960,1130,2276,1613,7911,2323
5960,1130,2276,3709,7230,6414
5960,1130,2276,2545,1294,8738
5960,1130,2276,5670,4516,3243
5960,1130,2276,9875,466,1682
5960,1130,2276,1606,423,2440
5960,1130,2276,5298,5362,4183
5960,1130,2276,6391,7824,5231
5960,1130,2276,9239,3375,8035
5960,1130,2276,5883,6418,802
5960,1130,2276,3823,8730,7519
5960,1130,2276,4159,6876,6362
5960,1130,2276,6944,765,1235
5960,1130,2276,6681,8237,3778
5960,1130,2276,266,5496,8553
5960,1130,2276,3265,4403,9461
5960,1130,2276,1952,3593,8824
5960,1130,2276,995,5433,3737
5960,1130,2276,8504,8641,9225
5960,1130,2276,3360,5165,4899
5960,1130,2276,9258,7679,7622
5960,1130,2276,3829,452,1750
5960,1130,2276,4158,6822,2234
5960,1130,2276,6117,8749,7997
5960,1130,2276,2883,1900,8583
5960,1130,2276,1227,2162,8688
5960,1130,2276,8462,2693,3219
5960,1130,2276,9239,5478,168
5960,1130,2276,1505,6742,7435
5960,1130,2276,2842,1160,5435
5960,1130,2276,9476,8860,5082
5960,1130,2276,6982,2502,8419
5960,1130,2276,9905,3245,8540
5960,1130,2276,1576,7086,2980
5960,1130,2276,3767,8087,1711
5960,1130,2276,8794,3366,4329
5960,1130,2276,6019,9529,4370
5960,1130,2276,5730,7090,1166
5960,1130,2276,8742,815,2493
5960,1130,2276,4814,9362,2482
5960,1130,2276,6190,965,6998
5960,1130,2276,2542,1713,351
5960,1130,2276,113,9103,1931
5960,1130,2276,8377,6241,9401
5960,1130,2276,4580,965,9201
5960,1130,2276,3330,9963,1610
5960,1130,2276,7239,1133,8194
5960,1130,2276,4597,842,5869
5960,1130,2276,7752,5767,3490
5960,1130,2276,1421,2316,1998
5960,1130,2276,4502,9689,7682
5960,1130,2276,9463,4901,1814
5960,1130,2276,1114,9171,1680
5960,1130,2276,2627,443,3398
5960,1130,2276,5593,8049,2913
5960,1130,2276,356,316,6173
5960,1130,2276,5370,5106,1559
5960,1130,2276,31,5471,950
5960,1130,2276,570,450,9411
5960,1130,2276,57,4744,2351
5960,1130,2276,3855,2929,2728
5960,1130,2276,189,1721,4904
5960,1130,2276,9887,6519,173
5960,1130,2276,4050,7046,2322
5960,1130,2276,8559,825,7355
5960,1130,2276,7472,4877,1633
5960,1130,2276,9417,6982,3472
5960,1130,2276,4478,7625,2717
5960,1130,2276,6932,1111,217
5960,1130,2276,1964,912,1588
5960,1130,2276,3406,6045,8007
5960,1130,2276,2369,7504,6277
5960,1130,2276,6290,4769,1235
5960,1130,2276,9764,9075,2405
5960,1130,2276,5181,6464,2796
5960,1130,2276,787,3258,4811
5960,1130,2276,6332,7676,8290
5960,1130,2276,3195,8355,3027
5960,1130,2276,848,4737,6370
5960,1130,2276,4528,5584,7205
5960,1130,2276,442,6917,3158
5960,1130,2276,29,7893,5463
5960,1130,2276,6681,7537,2827
5960,1130,2276,58,7825,5111
5960,1130,2276,8386,5952,9526
5960,1130,2276,572,283,913
5960,1130,2276,4335,9150,1385
5960,1130,2276,7434,8570,7017
5960,1130,2276,1337,9633,7483
5960,1130,2276,7656,946,4806
5960,1130,2276,6685,6232,7230
5960,1130,2276,5542,2979,9584
5960,1130,2276,3761,4520,4137
5960,1130,2276,575,9728,4012
5960,1130,2276,9798,3414,2659
5960,1130,2276,3048,9107,2231
5960,1130,2276,9103,2148,5315
5960,1130,2276,3440,7636,2295
5960,1130,2276,958,4721,2356
5960,1130,2276,4867,8349,6214
5960,1130,2276,2222,9317,4749
5960,1130,2276,2148,4402,4062
5960,1130,2276,7886,9982,584
5960,1130,2276,5726,5334,6533
5960,1130,2276,6052,3673,7714
5960,1130,2276,4312,588,6342
5960,1130,2276,975,1992,9192
5960,1130,2276,7410,4475,791
5960,1130,2276,8421,664,6665
5960,1130,2276,965,1239,4764
5960,1130,2276,2171,2500,4508
5960,1130,2276,4572,9920,4204
5960,1130,2276,219,4710,1754
5960,1130,2276,8685,2035,8066
5960,1130,2276,8807,5414,6095
5960,1130,2276,7988,7163,3049
5960,1130,2276,4626,8809,7620
5960,1130,2276,2978,3155,789
5960,1130,2276,2816,4699,8069
5960,1130,2276,641,5551,9334
5960,1130,2276,5408,495,1304
5960,1130,2276,2953,4203,9382
5960,1130,2276,1178,9275,3695
5960,1130,2276,4904,7287,5449
5960,1130,2276,694,516,2944
5960,1130,2276,1449,8493,4446
5960,1130,2276,2216,3842,9903
5960,1130,2276,475,8936,9320
5960,1130,2276,3308,6059,839
5960,1130,2276,1183,6604,9839
5960,1130,2276,1104,323,2087
5960,1130,2276,9513,2455,224
5960,1130,2276,3530,5922,6964
5960,1130,2276,6951,2616,102
5960,1130,2276,9150,1885,7574
5960,1130,2276,5270,9794,2046
5960,1130,2276,2939,7643,6496
5960,1130,2276,8841,1218,8147
5960,1130,2276,4579,8677,6191
5960,1130,2276,4936,2486,550
5960,1130,2276,6383,3287,9662
5960,1130,2276,7435,1829,6910
5960,1130,2276,1180,4341,1717
5960,1130,2276,1040,4481,1344
5960,1130,2276,5458,6877,8563
5960,1130,2276,4036,319,9224
5960,1130,2276,8460,7755,9287
5960,1130,2276,4231,5247,1483
