5477,5669,147,5988,8081,5386
5477,5669,147,122,1335,7092
5477,5669,147,4688,9891,2041
5477,5669,147,9016,4911,1388
5477,5669,147,9903,9795,413
5477,5669,147,8899,542,7560
5477,5669,147,1154,3293,5801
5477,5669,147,8202,9287,3395
5477,5669,147,6509,6071,3952
5477,5669,147,8271,5244,9193
5477,5669,147,9356,1704,246
5477,5669,147,5871,768,1107
5477,5669,147,8539,9596,4203
5477,5669,147,5389,4790,5442
5477,5669,147,8042,6429,1475
5477,5669,147,8023,6400,1467
5477,5669,147,7517,8220,528
5477,5669,147,2675,668,5377
5477,5669,147,5760,1568,7075
5477,5669,147,1576,2352,2907
5477,5669,147,8611,9219,530
5477,5669,147,8233,2143,5830
5477,5669,147,5475,6450,1547
5477,5669,147,2972,6943,5396
5477,5669,147,7370,8946,7703
5477,5669,147,2021,1449,4390
5477,5669,147,6335,8558,9650
5477,5669,147,5128,1913,5506
5477,5669,147,4199,3240,3189
5477,5669,147,1587,295,7205
5477,5669,147,4396,7654,8704
5477,5669,147,1283,5497,4556
5477,5669,147,910,4105,6781
5477,5669,147,8581,2559,5147
5477,5669,147,1081,3977,7171
5477,5669,147,1376,5654,1353
5477,5669,147,320,2611,8948
5477,5669,147,9213,9275,6368
5477,5669,147,5584,6307,9242
5477,5669,147,5692,5577,8461
5477,5669,147,5034,9165,1089
5477,5669,147,2121,1646,7713
5477,5669,147,4976,7879,2969
5477,5669,147,2020,7327,8422
5477,5669,147,4386,8551,2779
5477,5669,147,8749,7298,2834
5477,5669,147,2260,126,4727
5477,5669,147,7271,9818,6031
5477,5669,147,9772,7039,4487
5477,5669,147,2023,3941,6877
5477,5669,147,6773,5992,8237
5477,5669,147,8685,3319,5993
5477,5669,147,6908,2381,7155
5477,5669,147,2758,197,7463
5477,5669,147,4130,344,7782
5477,5669,147,2528,3546,1529
5477,5669,147,6342,928,5141
5477,5669,147,5379,3641,1328
5477,5669,147,8384,486,8500
5477,5669,147,4539,7607,5482
5477,5669,147,1279,1001,9897
5477,5669,147,7474,3211,9319
5477,5669,147,697,7119,4149
5477,5669,147,2233,9651,2146
5477,5669,147,4928,8065,1233
5477,5669,147,8437,4391,8906
5477,5669,147,5875,4466,7452
5477,5669,147,6116,6674,5002
5477,5669,147,5419,9703,9807
5477,5669,147,743,8595,8543
5477,5669,147,2025,8472,4976
5477,5669,147,6566,7147,6929
5477,5669,147,4733,15,2184
5477,5669,147,4609,7854,5069
5477,5669,147,6803,3260,5141
5477,5669,147,5521,2104,4707
5477,5669,147,8395,7313,590
5477,5669,147,4709,1173,6510
5477,5669,147,6499,7039,8771
5477,5669,147,9078,6742,7441
5477,5669,147,6521,1514,1681
5477,5669,147,1819,7796,1113
5477,5669,147,9352,731,7009
5477,5669,147,3813,3247,7546
5477,5669,147,4487,1858,6556
5477,5669,147,9225,6379,9829
5477,5669,147,1352,1032,5922
5477,5669,147,7681,8948,2679
5477,5669,147,5150,6915,9641
5477,5669,147,6735,5954,2420
5477,5669,147,5980,6279,9851
5477,5669,147,1766,1884,7543
5477,5669,147,4064,2832,4253
5477,5669,147,6245,3867,2288
5477,5669,147,475,9776,3424
5477,5669,147,9128,1295,7412
5477,5669,147,2486,9776,6987
5477,5669,147,903,5614,9568
5477,5669,147,3988,4580,5423
5477,5669,147,2707,7463,4141
5477,5669,147,6366,1088,6067
5477,5669,147,8861,5908,274
5477,5669,147,2684,3397,5668
5477,5669,147,232,218,8977
5477,5669,147,3175,8872,577
5477,5669,147,4928,3344,3432
5477,5669,147,6118,6004,9056
5477,5669,147,5795,7965,7065
5477,5669,147,185,9722,466
5477,5669,147,5763,8125,9321
5477,5669,147,7489,9779,3437
5477,5669,147,4886,7630,8695
5477,5669,147,2008,4662,3094
5477,5669,147,3019,2260,9754
5477,5669,147,8968,5665,4268
5477,5669,147,9288,6553,1820
5477,5669,147,3472,501,2428
5477,5669,147,4807,7557,4748
5477,5669,147,3074,2183,4541
5477,5669,147,5111,1306,5381
5477,5669,147,6009,7374,8207
5477,5669,147,7319,8973,789
5477,5669,147,2533,7094,5484
5477,5669,147,1243,6910,7397
5477,5669,147,6034,4973,6678
5477,5669,147,2067,9899,1647
5477,5669,147,3913,3629,8430
5477,5669,147,2952,827,3489
5477,5669,147,6778,7866,5098
5477,5669,147,2182,7329,5559
5477,5669,147,8587,7595,763
5477,5669,147,4465,7347,7563
5477,5669,147,9140,5304,56
5477,5669,147,1788,3926,6399
5477,5669,147,8313,7021,8542
5477,5669,147,5904,8716,6185
5477,5669,147,6594,8273,4381
5477,5669,147,6065,4391,6985
5477,5669,147,7181,9474,8196
5477,5669,147,1992,7691,445
5477,5669,147,7970,1844,1852
5477,5669,147,2398,6929,4278
5477,5669,147,7302,1893,7114
5477,5669,147,5203,7288,8689
5477,5669,147,9045,1694,9551
5477,5669,147,4883,2080,7446
5477,5669,147,3819,1293,7371
5477,5669,147,2857,3663,7166
5477,5669,147,5337,7144,7183
5477,5669,147,1886,1095,5062
5477,5669,147,8321,77,5766
5477,5669,147,2039,5559,2493
5477,5669,147,6205,3935,1860
5477,5669,147,4848,5210,24
5477,5669,147,1438,949,2316
5477,5669,147,5089,5759,4176
5477,5669,147,9599,9293,6513
5477,5669,147,9012,704,2305
5477,5669,147,4534,7462,892
5477,5669,147,1648,7049,5735
5477,5669,147,8098,2426,3136
5477,5669,147,3797,9075,4682
5477,5669,147,615,3828,910
5477,5669,147,22,8720,8053
5477,5669,147,3391,9433,7173
5477,5669,147,1188,6985,6692
5477,5669,147,489,4674,6222
5477,5669,147,1758,5447,18
5477,5669,147,4796,7725,2136
5477,5669,147,3622,4267,388
5477,5669,147,550,482,5830
5477,5669,147,6629,6533,2971
5477,5669,147,7655,3423,1520
5477,5669,147,7851,3519,1789
5477,5669,147,3591,7876,6459
5477,5669,147,2331,6924,7489
5477,5669,147,4012,876,8081
5477,5669,147,4114,2243,4927
5477,5669,147,1046,9128,5448
5477,5669,147,1966,6455,4921
5477,5669,147,2569,540,9222
5477,5669,147,225,3054,3431
5477,5669,147,8320,1039,1832
5477,5669,147,9581,6518,958
5477,5669,147,5349,9781,1173
5477,5669,147,2567,7347,9761
5477,5669,147,7593,7148,6243
5477,5669,147,4038,7326,1204
5477,5669,147,1267,7247,1542
5477,5669,147,3695,9728,4154
5477,5669,147,8087,6427,4271
5477,5669,147,7514,495,7190
5477,5669,147,417,2355,5596
5477,5669,147,9322,9159,9710
5477,5669,147,123,770,7797
5477,5669,147,8117,5271,4706
5477,5669,147,2612,7391,9958
5477,5669,147,7746,4663,8415
5477,5669,147,2766,8235,8733
5477,5669,147,3134,5853,9614
5477,5669,147,3528,2140,9318
5477,5669,147,7169,7684,1935
5477,5669,147,666,4372,9817
5477,5669,147,2403,8696,9369
5477,5669,147,4650,5088,7582
5477,5669,147,1251,1942,6524
5477,5669,147,4978,6947,4031
5477,5669,147,7198,9063,3222
5477,5669,147,3941,7520,5915
5477,5669,147,5313,981,2964
5477,5669,147,530,1726,4928
5477,5669,147,5972,8203,4229
5477,5669,147,2268,3823,5493
5477,5669,147,1803,4301,1214
5477,5669,147,9975,3380,4990
5477,5669,147,1122,2478,1924
5477,5669,147,7171,9827,9737
5477,5669,147,8466,5636,3339
5477,5669,147,5155,3243,6537
5477,5669,147,4122,7921,2052
5477,5669,147,9324,4817,2492
5477,5669,147,9670,6831,1725
5477,5669,147,9039,8005,2030
5477,5669,147,2816,235,6265
5477,5669,147,1122,7241,2064
5477,5669,147,2249,7692,4066
5477,5669,147,1188,5140,9244
5477,5669,147,1216,8292,5785
5477,5669,147,6848,8280,2084
5477,5669,147,812,9629,6307
5477,5669,147,6483,3036,8949
5477,5669,147,8317,4440,8421
5477,5669,147,5700,9884,9356
5477,5669,147,1526,4991,8027
5477,5669,147,1642,16,5030
5477,5669,147,2913,6512,2752
5477,5669,147,5287,891,6949
5477,5669,147,4204,6299,6511
5477,5669,147,6808,1064,2136
5477,5669,147,9611,849,6414
5477,5669,147,3834,4205,2828
5477,5669,147,2897,7452,9927
5477,5669,147,954,167,3594
5477,5669,147,269,4389,9864
5477,5669,147,7190,3664,8296
5477,5669,147,5438,3631,6510
5477,5669,147,5422,203,5280
5477,5669,147,6470,8318,5739
5477,5669,147,10000,8661,5994
5477,5669,147,5846,8136,5235
5477,5669,147,4925,3926,7994
5477,5669,147,8060,7554,853
5477,5669,147,2513,6619,1312
5477,5669,147,6074,3360,5330
5477,5669,147,2388,5455,1389
5477,5669,147,5650,9678,6521
5477,5669,147,8978,8543,5928
5477,5669,147,3493,12,5279
5477,5669,147,5395,6726,8921
5477,5669,147,5695,7680,6585
5477,5669,147,5931,8964,6424
5477,5669,147,2769,4952,6661
5477,5669,147,1132,7016,3512
5477,5669,147,9334,2975,3682
5477,5669,147,2512,7533,5232
5477,5669,147,3819,4929,477
5477,5669,147,56,7049,1713
5477,5669,147,5473,9534,5594
5477,5669,147,9847,2290,2579
5477,5669,147,1172,7081,8917
5477,5669,147,1472,235,8633
5477,5669,147,1238,5108,9965
5477,5669,147,4195,7399,7600
5477,5669,147,2473,9347,5881
5477,5669,147,3459,7150,269
5477,5669,147,9429,9901,7349
5477,5669,147,3344,1825,1384
5477,5669,147,9173,9583,111
5477,5669,147,1051,9973,582
5477,5669,147,1901,962,5776
5477,5669,147,4718,6398,3025
5477,5669,147,2702,7359,9188
5477,5669,147,2561,1373,3334
5477,5669,147,5626,8304,359
5477,5669,147,9895,6390,4453
5477,5669,147,2343,3284,7038
5477,5669,147,2008,5161,2070
5477,5669,147,5101,2894,5432
5477,5669,147,4173,1790,2402
5477,5669,147,27,6633,659
5477,5669,147,9994,8743,2045
5477,5669,147,6236,3475,9507
5477,5669,147,3883,3968,2732
5477,5669,147,2050,9957,8859
5477,5669,147,2351,8247,2607
5477,5669,147,4369,7851,1528
5477,5669,147,5606,5612,4504
5477,5669,147,2907,8219,3764
5477,5669,147,8911,6558,8218
5477,5669,147,9979,9548,5506
5477,5669,147,8438,3133,7413
5477,5669,147,9755,6340,6682
5477,5669,147,6164,5004,9233
5477,5669,147,5275,875,9026
5477,5669,147,964,4609,8208
5477,5669,147,6910,3821,319
5477,5669,147,4310,5860,3022
5477,5669,147,2246,1676,12
5477,5669,147,6120,9549,3067
5477,5669,147,1657,4942,2778
5477,5669,147,3988,78,2102
5477,5669,147,7550,6006,7413
5477,5669,147,3082,5237,6685
5477,5669,147,286,6800,6390
5477,5669,147,3183,8587,122
5477,5669,147,7663,908,4253
5477,5669,147,1966,6933,7762
5477,5669,147,7759,5940,5183
5477,5669,147,4301,9305,4033
5477,5669,147,3400,9956,4164
5477,5669,147,4440,7002,2002
5477,5669,147,7765,50,1053
5477,5669,147,1371,2429,7192
5477,5669,147,7074,5622,5319
5477,5669,147,320,9905,4017
5477,5669,147,5201,2305,980
5477,5669,147,2581,2850,89
5477,5669,147,9789,3814,7855
5477,5669,147,6657,7808,7348
5477,5669,147,6743,6757,8636
5477,5669,147,733,3708,6417
5477,5669,147,962,9530,518
5477,5669,147,8497,2572,8366
5477,5669,147,5064,5874,9692
5477,5669,147,9501,7609,7450
5477,5669,147,4781,313,7890
5477,5669,147,5369,6060,1823
5477,5669,147,1863,7550,8559
5477,5669,147,5173,4765,8702
5477,5669,147,416,1285,884
5477,5669,147,4030,4328,472
5477,5669,147,7777,242,1796
5477,5669,147,5871,6023,6722
5477,5669,147,6386,728,2331
5477,5669,147,7529,6099,2767
5477,5669,147,498,8204,1149
5477,5669,147,2214,7449,3618
5477,5669,147,2298,8826,4742
5477,5669,147,4840,3995,6371
5477,5669,147,7562,2412,2355
5477,5669,147,8390,9989,1308
5477,5669,147,8469,2206,7417
5477,5669,147,14,3636,7646
5477,5669,147,2048,3468,4375
5477,5669,147,8598,2194,612
5477,5669,147,6394,438,9076
5477,5669,147,8995,6134,3610
5477,5669,147,4362,4300,6113
5477,5669,147,441,6682,7578
5477,5669,147,544,4712,9715
5477,5669,147,2897,8413,5597
5477,5669,147,6420,1996,5667
5477,5669,147,2148,1663,3686
5477,5669,147,1379,1265,9946
5477,5669,147,8365,4666,7822
5477,5669,147,471,6702,2475
5477,5669,147,983,3833,456
5477,5669,147,6348,6466,2952
5477,5669,147,6763,9861,1786
5477,5669,147,6006,9810,7464
5477,5669,147,3470,4933,4220
5477,5669,147,7738,5892,7896
5477,5669,147,3152,9229,1881
5477,5669,147,7869,3966,2880
5477,5669,147,7041,7920,5866
5477,5669,147,7583,5023,9331
5477,5669,147,9187,4098,1459
5477,5669,147,3814,3021,2790
5477,5669,147,1522,8671,6015
5477,5669,147,2945,2677,2562
5477,5669,147,296,678,520
5477,5669,147,6348,1362,1902
5477,5669,147,7306,4668,6965
5477,5669,147,7776,3888,3200
5477,5669,147,9767,249,6123
5477,5669,147,223,4521,6121
5477,5669,147,1211,7435,8033
5477,5669,147,9430,6688,1827
5477,5669,147,3049,5348,6312
5477,5669,147,3787,4053,1655
5477,5669,147,9241,1708,2433
5477,5669,147,5592,5698,39
5477,5669,147,7341,1676,467
5477,5669,147,3840,5974,2723
5477,5669,147,9739,4505,4019
5477,5669,147,1735,7989,2882
5477,5669,147,6299,213,9777
5477,5669,147,4894,8025,8318
5477,5669,147,9615,6491,9944
5477,5669,147,1074,7401,6220
5477,5669,147,6956,4140,3581
5477,5669,147,6095,389,633
5477,5669,147,2502,5146,4851
5477,5669,147,7557,8361,8241
5477,5669,147,2712,578,4839
5477,5669,147,5509,6355,1647
5477,5669,147,1849,2897,8007
5477,5669,147,1981,1170,5558
5477,5669,147,5517,559,9731
5477,5669,147,2231,3823,993
5477,5669,147,5327,4308,5440
5477,5669,147,3607,2454,5194
5477,5669,147,4555,4990,4223
5477,5669,147,7240,5239,4690
5477,5669,147,5418,1362,933
5477,5669,147,1496,3416,1598
5477,5669,147,7846,9763,3204
5477,5669,147,9662,616,760
5477,5669,147,599,2754,827
5477,5669,147,7172,2968,2094
5477,5669,147,2022,8232,9450
5477,5669,147,3945,5484,2847
5477,5669,147,8809,1847,7534
5477,5669,147,2765,880,7201
5477,5669,147,909,9097,5598
5477,5669,147,384,5848,3736
5477,5669,147,7091,861,2757
5477,5669,147,5263,791,9848
5477,5669,147,7148,8815,1320
5477,5669,147,8329,9925,2637
5477,5669,147,7501,8510,1828
5477,5669,147,1440,9822,9496
5477,5669,147,8903,3748,741
5477,5669,147,570,9440,6722
5477,5669,147,7350,6595,5062
5477,5669,147,1819,8997,4961
5477,5669,147,7837,3294,8017
5477,5669,147,5655,3448,2598
5477,5669,147,3000,2368,6307
5477,5669,147,7908,3397,2403
5477,5669,147,5577,3883,4252
5477,5669,147,7653,4997,4150
5477,5669,147,8966,3252,3189
5477,5669,147,568,9812,6704
5477,5669,147,5111,1968,144
5477,5669,147,2080,268,5458
5477,5669,147,9315,3312,4369
5477,5669,147,8360,3162,7778
5477,5669,147,118,1875,8495
5477,5669,147,3265,6046,6856
5477,5669,147,3175,9174,6433
5477,5669,147,534,5473,1261
5477,5669,147,8791,4810,7723
5477,5669,147,4651,9941,9010
5477,5669,147,5395,266,1412
5477,5669,147,7866,8619,7104
5477,5669,147,4657,6171,8790
5477,5669,147,4875,4320,6789
5477,5669,147,2352,7900,6945
5477,5669,147,892,7094,5281
5477,5669,147,4750,9635,3099
5477,5669,147,6361,8785,7870
5477,5669,147,175,5789,6646
5477,5669,147,1681,3668,2346
5477,5669,147,2848,401,7607
5477,5669,147,7410,6457,8010
5477,5669,147,4832,1840,2337
5477,5669,147,6200,1808,2686
5477,5669,147,2370,5954,9637
5477,5669,147,4577,4438,8749
5477,5669,147,2405,9520,192
5477,5669,147,1249,7643,7481
5477,5669,147,9800,8019,6854
5477,5669,147,3908,5065,1651
5477,5669,147,8496,3885,2894
5477,5669,147,4929,8418,4431
5477,5669,147,2733,2458,5668
5477,5669,147,5812,4669,8336
5477,5669,147,602,3422,7159
5477,5669,147,4822,1339,1833
5477,5669,147,4358,8646,7463
5477,5669,147,712,8552,1988
5477,5669,147,4989,5890,6672
5477,5669,147,6605,8458,8742
5477,5669,147,427,7429,5804
5477,5669,147,4712,5276,6446
5477,5669,147,3503,8294,3728
5477,5669,147,4009,7938,7672
5477,5669,147,8216,4137,8255
5477,5669,147,9324,8455,9199
5477,5669,147,5873,4175,3598
5477,5669,147,4427,743,4568
5477,5669,147,4437,6996,5104
5477,5669,147,7538,1847,2240
5477,5669,147,6512,5049,5270
5477,5669,147,818,7565,6142
5477,5669,147,583,1218,5525
5477,5669,147,4031,5826,6433
5477,5669,147,4949,6593,19
5477,5669,147,4396,1622,9928
5477,5669,147,1307,7038,6416
5477,5669,147,2327,8178,6605
5477,5669,147,3820,8728,9622
5477,5669,147,8046,2188,9622
5477,5669,147,3874,7640,8073
5477,5669,147,7460,8793,8688
5477,5669,147,7767,5904,1741
5477,5669,147,7982,8421,7584
5477,5669,147,5072,7835,3315
5477,5669,147,6212,7404,4126
