1832,7736,8400,7501,2677,805
1832,7736,8400,11,3823,1524
1832,7736,8400,8513,4858,3488
1832,7736,8400,2956,4441,5527
1832,7736,8400,1373,8047,8366
1832,7736,8400,8723,9961,5192
1832,7736,8400,366,4509,6178
1832,7736,8400,1729,5016,9086
1832,7736,8400,1784,9425,3805
1832,7736,8400,1134,7067,8335
1832,7736,8400,8756,818,2701
1832,7736,8400,856,8551,2663
1832,7736,8400,5738,93,1797
1832,7736,8400,3726,7289,2579
1832,7736,8400,7181,6530,2383
1832,7736,8400,9527,1222,6359
1832,7736,8400,7462,3356,6562
1832,7736,8400,4645,2240,2382
1832,7736,8400,4135,688,1189
1832,7736,8400,3263,9061,4325
1832,7736,8400,5133,6153,1226
1832,7736,8400,3311,2883,3033
1832,7736,8400,3949,2705,7322
1832,7736,8400,8705,2026,1488
1832,7736,8400,6860,3365,2541
1832,7736,8400,7297,7601,6130
1832,7736,8400,6808,4469,8771
1832,7736,8400,9607,5906,8960
1832,7736,8400,8557,2246,2067
1832,7736,8400,2327,6425,7768
1832,7736,8400,7640,165,1722
1832,7736,8400,6419,2065,4291
1832,7736,8400,6939,4602,1799
1832,7736,8400,2080,9730,9417
1832,7736,8400,4487,7025,7981
1832,7736,8400,5717,9331,6759
1832,7736,8400,7311,3373,9374
1832,7736,8400,2240,2411,9394
1832,7736,8400,7717,6800,9544
1832,7736,8400,9331,9091,6621
1832,7736,8400,1952,6632,1978
1832,7736,8400,797,7510,3210
1832,7736,8400,9318,6530,6751
1832,7736,8400,7857,5346,1703
1832,7736,8400,9788,8218,4520
1832,7736,8400,4830,7932,6090
1832,7736,8400,4243,6239,3441
1832,7736,8400,3312,8593,8820
1832,7736,8400,8790,169,5009
1832,7736,8400,9367,5017,2712
1832,7736,8400,5041,1539,6513
1832,7736,8400,9329,6089,3401
1832,7736,8400,9339,437,2549
1832,7736,8400,5184,3832,8804
1832,7736,8400,2572,932,4918
1832,7736,8400,3470,9402,8022
1832,7736,8400,8990,9998,9174
1832,7736,8400,3705,5171,1302
1832,7736,8400,5701,331,2703
1832,7736,8400,9618,1443,6591
1832,7736,8400,2053,6715,926
1832,7736,8400,2351,7126,4598
1832,7736,8400,9668,1273,3585
1832,7736,8400,7431,8407,2089
1832,7736,8400,7260,7306,3339
1832,7736,8400,173,9037,4442
1832,7736,8400,5212,5117,9242
1832,7736,8400,2153,4908,6248
1832,7736,8400,5575,7942,4768
1832,7736,8400,2224,859,7980
1832,7736,8400,8801,9189,3098
1832,7736,8400,4853,9526,2919
1832,7736,8400,9005,5569,6611
1832,7736,8400,9559,4034,5055
1832,7736,8400,2536,2906,4932
1832,7736,8400,3440,9207,3742
1832,7736,8400,4086,5748,1797
1832,7736,8400,8280,7916,4392
1832,7736,8400,6740,1718,9998
1832,7736,8400,2299,6989,7677
1832,7736,8400,7784,5694,2709
1832,7736,8400,5836,6460,3393
1832,7736,8400,6698,7360,1254
1832,7736,8400,169,1889,4931
1832,7736,8400,3554,5756,5303
1832,7736,8400,6191,1804,8849
1832,7736,8400,3816,2619,2263
1832,7736,8400,4335,4874,8862
1832,7736,8400,8048,3670,7561
1832,7736,8400,3980,3300,7384
1832,7736,8400,4420,4865,2412
1832,7736,8400,3552,3508,4150
1832,7736,8400,2252,5769,1687
1832,7736,8400,1323,943,9936
1832,7736,8400,5289,9351,1063
1832,7736,8400,7377,1720,7765
1832,7736,8400,5760,5884,1631
1832,7736,8400,7458,4453,1013
1832,7736,8400,2989,1182,1505
1832,7736,8400,282,5315,9771
1832,7736,8400,9639,5534,7033
1832,7736,8400,6759,7680,5417
1832,7736,8400,9959,4633,3959
1832,7736,8400,5529,5178,116
1832,7736,8400,4026,9503,6451
1832,7736,8400,1879,2875,6581
1832,7736,8400,3305,5632,6938
1832,7736,8400,2036,770,6897
1832,7736,8400,5539,1284,1629
1832,7736,8400,5472,7810,5098
1832,7736,8400,1159,1336,308
1832,7736,8400,4961,3225,68
1832,7736,8400,7274,230,3495
1832,7736,8400,4109,4088,4741
1832,7736,8400,5763,2137,4640
1832,7736,8400,1258,5990,5362
1832,7736,8400,5526,8208,333
1832,7736,8400,204,8512,2145
1832,7736,8400,7152,5319,9457
1832,7736,8400,5329,6780,410
1832,7736,8400,3456,4555,4159
1832,7736,8400,9311,3847,7297
1832,7736,8400,6109,6441,8613
1832,7736,8400,4723,3953,757
1832,7736,8400,2489,6327,7705
1832,7736,8400,9929,8816,3917
1832,7736,8400,2233,868,815
1832,7736,8400,4234,5223,5364
1832,7736,8400,4947,9147,1930
1832,7736,8400,6710,5430,3758
1832,7736,8400,7510,7293,6899
1832,7736,8400,3877,6675,6255
1832,7736,8400,4483,1977,7857
1832,7736,8400,6319,6516,5894
1832,7736,8400,8573,8920,6322
1832,7736,8400,9701,4154,370
1832,7736,8400,5761,854,1865
1832,7736,8400,1904,1545,1905
1832,7736,8400,8479,3458,4161
1832,7736,8400,6122,4562,1491
1832,7736,8400,6399,3606,1534
1832,7736,8400,1043,2957,6699
1832,7736,8400,5212,7996,6078
1832,7736,8400,4869,1691,448
1832,7736,8400,3107,5866,4346
1832,7736,8400,5221,4837,4644
1832,7736,8400,6760,1122,5722
1832,7736,8400,4531,6211,698
1832,7736,8400,259,6077,9011
1832,7736,8400,8977,2555,6585
1832,7736,8400,5936,2688,2953
1832,7736,8400,2539,4400,6378
1832,7736,8400,7777,3976,7656
1832,7736,8400,3183,5215,4809
1832,7736,8400,4388,8664,1637
1832,7736,8400,4059,1490,5835
1832,7736,8400,1793,4176,9667
1832,7736,8400,3746,2970,8225
1832,7736,8400,7889,1806,3283
1832,7736,8400,9648,528,7244
1832,7736,8400,708,694,5756
1832,7736,8400,5079,3765,3008
1832,7736,8400,2440,7887,5873
1832,7736,8400,6366,4580,7692
1832,7736,8400,349,1152,3172
1832,7736,8400,9541,5466,6050
1832,7736,8400,3778,451,6415
1832,7736,8400,9184,3430,5830
1832,7736,8400,6731,1978,3388
1832,7736,8400,9160,4242,4677
1832,7736,8400,3097,8555,8717
1832,7736,8400,3217,1355,9345
1832,7736,8400,2897,4911,2889
1832,7736,8400,5746,1540,3151
1832,7736,8400,7247,1564,900
1832,7736,8400,2465,3929,7346
1832,7736,8400,4194,7892,1872
1832,7736,8400,3073,1483,9309
1832,7736,8400,4392,2732,2637
1832,7736,8400,6940,2503,1515
1832,7736,8400,7491,9433,6757
1832,7736,8400,9482,9737,363
1832,7736,8400,769,5694,90
1832,7736,8400,2514,8833,4567
1832,7736,8400,986,2768,1545
1832,7736,8400,7267,9951,2997
1832,7736,8400,4094,8760,6335
1832,7736,8400,1136,4883,4914
1832,7736,8400,3219,2651,7213
1832,7736,8400,7242,6732,105
1832,7736,8400,2597,6741,4534
1832,7736,8400,5050,4320,3939
1832,7736,8400,8860,2992,2635
1832,7736,8400,7088,4683,6358
1832,7736,8400,237,1404,189
1832,7736,8400,3116,8904,2933
1832,7736,8400,9636,1373,3328
1832,7736,8400,7983,3441,4690
1832,7736,8400,7086,5205,149
1832,7736,8400,9571,1789,9167
1832,7736,8400,9699,4795,4335
1832,7736,8400,9109,6546,3803
1832,7736,8400,5441,6321,9121
1832,7736,8400,1118,4942,1931
1832,7736,8400,7903,7552,9832
1832,7736,8400,4159,7798,6701
1832,7736,8400,7755,6926,4158
1832,7736,8400,1377,5642,7302
1832,7736,8400,9403,4138,9631
1832,7736,8400,1146,9755,7170
1832,7736,8400,3327,9004,1777
1832,7736,8400,6625,886,6501
1832,7736,8400,5869,6694,4186
1832,7736,8400,5967,6064,6666
1832,7736,8400,9259,5005,6932
1832,7736,8400,2445,447,7278
1832,7736,8400,4550,175,6785
1832,7736,8400,2780,7939,8485
1832,7736,8400,4980,2502,8263
1832,7736,8400,8679,4954,9807
1832,7736,8400,5958,8164,3559
1832,7736,8400,6439,2226,1994
1832,7736,8400,7505,2781,66
1832,7736,8400,1865,1107,9683
1832,7736,8400,7287,2137,3012
1832,7736,8400,7075,283,1855
1832,7736,8400,739,3527,5072
1832,7736,8400,1947,686,1145
1832,7736,8400,4637,7412,1973
1832,7736,8400,3754,2585,7993
1832,7736,8400,798,4842,1453
1832,7736,8400,1524,1592,6169
1832,7736,8400,8093,3430,4867
1832,7736,8400,9007,7123,3129
1832,7736,8400,192,2346,6234
1832,7736,8400,4275,8319,4894
1832,7736,8400,9556,1741,3452
1832,7736,8400,8167,6693,3098
1832,7736,8400,8482,3188,3459
1832,7736,8400,5123,6595,4861
1832,7736,8400,1434,8866,4771
1832,7736,8400,4081,1664,3963
1832,7736,8400,506,1494,4590
1832,7736,8400,7935,1433,6556
1832,7736,8400,3484,2839,1096
1832,7736,8400,1752,6064,2280
1832,7736,8400,3982,5279,9269
1832,7736,8400,882,6373,5182
1832,7736,8400,2015,7454,1902
1832,7736,8400,2076,4467,527
1832,7736,8400,7378,6905,5656
1832,7736,8400,9594,9299,3026
1832,7736,8400,1377,4570,4670
1832,7736,8400,6899,178,6312
1832,7736,8400,637,5582,5112
1832,7736,8400,9475,4387,3206
1832,7736,8400,8348,236,2454
1832,7736,8400,8503,8466,4321
1832,7736,8400,9363,1296,3103
1832,7736,8400,3892,6635,7000
1832,7736,8400,603,2099,2226
1832,7736,8400,4284,8173,7377
1832,7736,8400,9866,4886,7625
1832,7736,8400,5687,4947,7026
1832,7736,8400,6483,3838,1698
1832,7736,8400,1065,597,5772
1832,7736,8400,5028,2375,3715
1832,7736,8400,561,1836,7126
1832,7736,8400,401,8129,8391
1832,7736,8400,8527,4526,8876
1832,7736,8400,4691,7724,6842
1832,7736,8400,6495,3622,4354
1832,7736,8400,7265,1340,8742
1832,7736,8400,5158,3857,6934
1832,7736,8400,9241,7877,6445
1832,7736,8400,9741,7430,2023
1832,7736,8400,5910,6448,229
1832,7736,8400,1424,6246,5975
1832,7736,8400,9324,2782,9678
1832,7736,8400,2382,4560,9413
1832,7736,8400,2926,1218,2889
1832,7736,8400,1384,7421,4794
1832,7736,8400,4059,834,1622
1832,7736,8400,9622,8767,6285
1832,7736,8400,8513,3307,1716
1832,7736,8400,6865,1628,8318
1832,7736,8400,7824,5887,7971
1832,7736,8400,2949,1227,9085
1832,7736,8400,4414,3867,253
1832,7736,8400,2712,5305,1926
1832,7736,8400,3382,5885,827
1832,7736,8400,4923,3541,5501
1832,7736,8400,711,8969,487
1832,7736,8400,2392,9183,3157
1832,7736,8400,3988,3606,9971
1832,7736,8400,6436,6559,2628
1832,7736,8400,2069,7508,7395
1832,7736,8400,8468,7712,4556
1832,7736,8400,5613,6959,4417
1832,7736,8400,9189,3715,8067
1832,7736,8400,4165,7812,3643
1832,7736,8400,1112,4524,4258
1832,7736,8400,1525,2157,9213
1832,7736,8400,2723,5737,2040
1832,7736,8400,9099,316,3303
1832,7736,8400,5414,1875,8835
1832,7736,8400,1511,8315,3421
1832,7736,8400,9081,6146,8023
1832,7736,8400,6266,828,9570
1832,7736,8400,6809,339,4047
1832,7736,8400,4841,4910,7451
1832,7736,8400,7300,3283,8208
1832,7736,8400,3259,132,1926
1832,7736,8400,1630,8264,5516
1832,7736,8400,4344,4177,5336
1832,7736,8400,8215,169,8129
1832,7736,8400,1328,8859,2397
1832,7736,8400,2467,2030,897
1832,7736,8400,7232,8934,6327
1832,7736,8400,1484,9577,558
1832,7736,8400,3174,4462,5015
1832,7736,8400,230,9659,3745
1832,7736,8400,1055,5165,8967
1832,7736,8400,9795,3551,1799
1832,7736,8400,958,2320,8608
1832,7736,8400,8607,2036,276
1832,7736,8400,704,3123,4992
1832,7736,8400,8951,6361,4161
1832,7736,8400,5938,6184,8834
1832,7736,8400,3297,5571,8991
1832,7736,8400,8046,195,8846
1832,7736,8400,1168,2018,3383
1832,7736,8400,7039,8300,6847
1832,7736,8400,1247,8372,2432
1832,7736,8400,3796,5628,2865
1832,7736,8400,6561,3935,8969
1832,7736,8400,6192,5089,7864
1832,7736,8400,1899,6489,8904
1832,7736,8400,5301,7124,3032
1832,7736,8400,551,7831,5366
1832,7736,8400,4949,1822,6557
1832,7736,8400,1468,5370,5919
1832,7736,8400,8081,8724,1044
1832,7736,8400,1190,7499,694
1832,7736,8400,5656,7020,4799
1832,7736,8400,3637,1860,9885
1832,7736,8400,596,4131,8852
1832,7736,8400,2579,766,3216
1832,7736,8400,5444,2416,956
1832,7736,8400,4860,6197,9279
1832,7736,8400,2289,2536,2567
1832,7736,8400,3376,868,3170
1832,7736,8400,3338,757,28
1832,7736,8400,2600,7707,7562
1832,7736,8400,205,37,3174
1832,7736,8400,6854,5823,3092
1832,7736,8400,8847,7244,2619
1832,7736,8400,163,9023,4714
1832,7736,8400,5495,1513,5964
1832,7736,8400,7585,2361,3392
1832,7736,8400,9926,2330,3595
1832,7736,8400,1634,1658,1068
1832,7736,8400,6479,6685,7404
1832,7736,8400,3080,6259,8586
1832,7736,8400,4462,2602,7098
1832,7736,8400,3804,7042,4468
1832,7736,8400,8799,1087,4674
1832,7736,8400,8826,9066,966
1832,7736,8400,5038,9213,4568
1832,7736,8400,3246,3513,7161
1832,7736,8400,4443,2852,2862
1832,7736,8400,5326,2788,1740
1832,7736,8400,3552,1856,3011
1832,7736,8400,5731,2748,142
1832,7736,8400,2574,8940,1541
1832,7736,8400,6624,8193,8450
1832,7736,8400,9696,5397,9030
1832,7736,8400,4645,8221,2980
1832,7736,8400,783,8693,5379
1832,7736,8400,6708,1124,7481
1832,7736,8400,3095,7643,9486
1832,7736,8400,2369,7484,3645
1832,7736,8400,77,4483,9343
1832,7736,8400,5507,6702,7442
1832,7736,8400,7951,9349,242
1832,7736,8400,3227,4324,9731
1832,7736,8400,9350,1141,5176
1832,7736,8400,5259,405,4132
1832,7736,8400,9032,9228,9834
1832,7736,8400,3314,6959,8464
1832,7736,8400,7179,5765,735
1832,7736,8400,4311,6506,4892
1832,7736,8400,5418,308,6105
1832,7736,8400,5173,2537,556
1832,7736,8400,627,5807,2545
1832,7736,8400,5838,754,1010
1832,7736,8400,1338,6421,1529
1832,7736,8400,297,7848,6278
1832,7736,8400,8739,3182,6003
1832,7736,8400,102,2243,2574
1832,7736,8400,418,2151,395
1832,7736,8400,4092,3522,8633
1832,7736,8400,3786,3934,6966
1832,7736,8400,7017,996,1706
1832,7736,8400,6577,6064,6577
1832,7736,8400,6445,2346,1244
1832,7736,8400,7414,8464,790
1832,7736,8400,8420,9675,5299
1832,7736,8400,1973,4671,8821
1832,7736,8400,581,9550,8476
1832,7736,8400,9891,1865,4247
1832,7736,8400,7102,7600,7103
1832,7736,8400,2,4052,6863
1832,7736,8400,7302,4882,5714
1832,7736,8400,4082,8623,1185
1832,7736,8400,9869,5441,2663
1832,7736,8400,6229,3274,2249
1832,7736,8400,136,5465,979
1832,7736,8400,7209,1188,6602
1832,7736,8400,6103,1745,6197
1832,7736,8400,4923,9403,3570
1832,7736,8400,2329,7003,9776
1832,7736,8400,623,5733,6988
1832,7736,8400,9253,759,315
1832,7736,8400,4517,7629,4645
1832,7736,8400,4318,3874,2645
1832,7736,8400,3849,6373,1466
1832,7736,8400,1066,7616,6513
1832,7736,8400,4492,9551,4749
1832,7736,8400,1757,5907,3378
1832,7736,8400,6760,4853,7140
1832,7736,8400,5282,875,3508
1832,7736,8400,5901,7629,4565
1832,7736,8400,9558,1809,2255
1832,7736,8400,3356,2758,8517
1832,7736,8400,7157,5487,4795
1832,7736,8400,6760,4942,3938
1832,7736,8400,4309,808,1876
1832,7736,8400,7714,9451,8104
1832,7736,8400,3458,4456,6248
1832,7736,8400,5924,8968,2872
1832,7736,8400,2881,4913,9863
1832,7736,8400,3878,4987,1640
1832,7736,8400,5355,3203,6607
1832,7736,8400,6958,6598,846
1832,7736,8400,717,6504,2426
1832,7736,8400,2138,8110,2843
1832,7736,8400,2454,5835,9416
1832,7736,8400,279,5191,8031
1832,7736,8400,7732,8463,2898
1832,7736,8400,3982,5516,6732
1832,7736,8400,6244,2250,455
1832,7736,8400,4811,1242,4096
1832,7736,8400,3962,2539,8446
1832,7736,8400,7698,3552,6656
1832,7736,8400,2664,5119,8926
1832,7736,8400,2851,2876,5959
1832,7736,8400,7805,4365,6154
1832,7736,8400,8673,5359,6270
1832,7736,8400,329,1183,3450
1832,7736,8400,9661,3221,658
1832,7736,8400,7512,7802,8777
1832,7736,8400,1219,8759,118
1832,7736,8400,2348,6156,3962
1832,7736,8400,1966,6962,7550
1832,7736,8400,6906,3646,9715
1832,7736,8400,3516,9350,8062
1832,7736,8400,4288,6120,2439
1832,7736,8400,921,6629,9207
1832,7736,8400,4842,3632,111
1832,7736,8400,7730,1233,6241
1832,7736,8400,4697,2841,8967
1832,7736,8400,4189,9726,3341
1832,7736,8400,8624,8836,697
1832,7736,8400,9547,8416,4797
1832,7736,8400,8798,9151,2128
1832,7736,8400,8998,7980,2680
1832,7736,8400,8630,691,6819
1832,7736,8400,6560,8415,1515
1832,7736,8400,1908,1914,6741
1832,7736,8400,5232,8286,5250
1832,7736,8400,9101,2254,7414
1832,7736,8400,9624,5033,3721
1832,7736,8400,8199,6570,7243
1832,7736,8400,8538,7797,8280
1832,7736,8400,8606,6067,4215
1832,7736,8400,5815,9443,8886
1832,7736,8400,1157,4766,5584
1832,7736,8400,2886,3429,1023
1832,7736,8400,561,9605,7341
1832,7736,8400,4547,4869,5741
1832,7736,8400,598,4850,6761
1832,7736,8400,8269,5964,5264
1832,7736,8400,2982,3959,6504
1832,7736,8400,8959,4184,1460
1832,7736,8400,2140,9705,6464
1832,7736,8400,42,6643,6481
1832,7736,8400,797,867,7885
1832,7736,8400,8830,7263,1840
1832,7736,8400,7284,8189,9753
1832,7736,8400,6990,6800,3284
1832,7736,8400,4497,3642,7450
1832,7736,8400,7003,6616,3798
1832,7736,8400,3585,5209,4131
1832,7736,8400,7997,2206,4413
1832,7736,8400,8728,9963,9687
1832,7736,8400,6649,6377,6579
1832,7736,8400,7993,1285,2440
1832,7736,8400,4979,394,5662
1832,7736,8400,5372,2721,1423
