1037,9251,5180,8226,5354,1893
1037,9251,5180,8333,8025,988
1037,9251,5180,1289,4760,5793
1037,9251,5180,3864,1928,2409
1037,9251,5180,2713,9602,6989
1037,9251,5180,4605,3750,7258
1037,9251,5180,441,3135,5224
1037,9251,5180,7368,5516,799
1037,9251,5180,8698,3154,7165
1037,9251,5180,2692,360,9388
1037,9251,5180,7363,5712,1691
1037,9251,5180,2818,2086,9821
1037,9251,5180,3265,516,1759
1037,9251,5180,8823,5520,3014
1037,9251,5180,5857,7823,6772
1037,9251,5180,8469,3752,4617
1037,9251,5180,3239,5377,46
1037,9251,5180,2205,3787,7019
1037,9251,5180,36,7984,2602
1037,9251,5180,8476,8353,7309
1037,9251,5180,6241,4901,6547
1037,9251,5180,7342,7695,7118
1037,9251,5180,2518,6239,2303
1037,9251,5180,4683,642,6502
1037,9251,5180,7153,7154,6969
1037,9251,5180,8136,994,6190
1037,9251,5180,8979,9215,9731
1037,9251,5180,2247,952,5900
1037,9251,5180,5586,4950,3432
1037,9251,5180,2259,2794,6897
1037,9251,5180,8360,4405,8994
1037,9251,5180,1025,1312,1490
1037,9251,5180,839,3290,6008
1037,9251,5180,4892,4577,4603
1037,9251,5180,8879,5353,3186
1037,9251,5180,9840,6528,8013
1037,9251,5180,1902,4205,1332
1037,9251,5180,4476,1693,5668
1037,9251,5180,4622,2965,8608
1037,9251,5180,9772,1461,4227
1037,9251,5180,2131,293,7630
1037,9251,5180,6484,7193,8519
1037,9251,5180,5021,8387,3639
1037,9251,5180,4644,2644,2194
1037,9251,5180,1005,3861,9114
1037,9251,5180,3004,1782,2286
1037,9251,5180,3266,7560,4115
1037,9251,5180,1655,4734,2073
1037,9251,5180,311,8067,7510
1037,9251,5180,31,5075,385
1037,9251,5180,9930,9150,536
1037,9251,5180,5098,6022,5207
1037,9251,5180,9780,2369,823
1037,9251,5180,4751,9312,1800
1037,9251,5180,4432,8,3299
1037,9251,5180,23,14,5885
1037,9251,5180,3663,7658,3817
1037,9251,5180,5932,5443,1070
1037,9251,5180,1983,7555,1550
1037,9251,5180,1420,1762,4598
1037,9251,5180,9404,7069,4885
1037,9251,5180,3552,2998,795
1037,9251,5180,4495,3163,1341
1037,9251,5180,5976,4717,1969
1037,9251,5180,797,9656,7845
1037,9251,5180,4198,1478,2838
1037,9251,5180,6802,9868,6451
1037,9251,5180,8353,6300,2823
1037,9251,5180,512,8285,9247
1037,9251,5180,8395,1678,5954
1037,9251,5180,7811,9636,3168
1037,9251,5180,9722,3031,2836
1037,9251,5180,1653,9235,1205
1037,9251,5180,8510,8239,6486
1037,9251,5180,8063,3105,6939
1037,9251,5180,5643,4944,8195
1037,9251,5180,6416,8973,9717
1037,9251,5180,9156,3258,4299
1037,9251,5180,4443,1130,2780
1037,9251,5180,5349,7535,746
1037,9251,5180,3940,4132,5212
1037,9251,5180,5025,5344,951
1037,9251,5180,3771,6822,7788
1037,9251,5180,9430,8120,4572
1037,9251,5180,9587,9290,5410
1037,9251,5180,5373,5961,5626
1037,9251,5180,9162,9569,9209
1037,9251,5180,8839,8694,1696
1037,9251,5180,874,8849,9476
1037,9251,5180,1533,4011,1977
1037,9251,5180,9647,1640,6243
1037,9251,5180,9514,6171,6792
1037,9251,5180,9281,929,4699
1037,9251,5180,112,2225,3961
1037,9251,5180,9875,6934,6142
1037,9251,5180,8280,5013,6848
1037,9251,5180,2881,4322,6411
1037,9251,5180,3273,176,5635
1037,9251,5180,3536,4988,4659
1037,9251,5180,7542,5792,6391
1037,9251,5180,4587,7551,8713
1037,9251,5180,7743,2432,6287
1037,9251,5180,4070,3771,3573
1037,9251,5180,7087,1182,5495
1037,9251,5180,3487,4685,1782
1037,9251,5180,5986,4825,4183
1037,9251,5180,1124,5101,8528
1037,9251,5180,9334,580,3287
1037,9251,5180,3618,5403,3822
1037,9251,5180,9495,2736,4769
1037,9251,5180,1143,3087,3148
1037,9251,5180,1945,7304,3856
1037,9251,5180,6749,7196,1454
1037,9251,5180,7444,2400,6367
1037,9251,5180,5854,2452,2176
1037,9251,5180,7597,9304,7542
1037,9251,5180,8999,7289,7117
1037,9251,5180,6052,336,1581
1037,9251,5180,317,4956,3273
1037,9251,5180,374,7826,3539
1037,9251,5180,7188,4372,4930
1037,9251,5180,230,596,3676
1037,9251,5180,8440,2596,9422
1037,9251,5180,4308,2718,6765
1037,9251,5180,556,3692,8964
1037,9251,5180,4101,2053,2398
1037,9251,5180,2051,4303,4666
1037,9251,5180,3937,9008,2296
1037,9251,5180,4754,8262,6680
1037,9251,5180,6312,7848,5485
1037,9251,5180,9523,8239,7783
1037,9251,5180,3549,7767,5464
1037,9251,5180,4500,1970,6074
1037,9251,5180,5681,7890,4938
1037,9251,5180,6553,777,9025
1037,9251,5180,8666,8636,330
1037,9251,5180,4895,7976,8183
1037,9251,5180,1868,7533,9854
1037,9251,5180,8743,7046,9261
1037,9251,5180,1422,7468,8720
1037,9251,5180,9705,9277,1661
1037,9251,5180,404,2420,2065
1037,9251,5180,8087,3672,5713
1037,9251,5180,6450,2874,6972
1037,9251,5180,5930,9035,3085
1037,9251,5180,5122,8776,4961
1037,9251,5180,910,9650,8798
1037,9251,5180,9642,3332,9124
1037,9251,5180,591,2339,7873
1037,9251,5180,6755,7082,5240
1037,9251,5180,7021,2983,84
1037,9251,5180,9317,4763,8721
1037,9251,5180,4995,7700,5402
1037,9251,5180,2779,7548,3191
1037,9251,5180,9936,2228,7034
1037,9251,5180,2022,9413,5262
1037,9251,5180,493,2266,7249
1037,9251,5180,9101,4878,2785
1037,9251,5180,3159,2088,1786
1037,9251,5180,7448,7759,2595
1037,9251,5180,9065,5970,2708
1037,9251,5180,7512,3178,641
1037,9251,5180,6498,9244,4301
1037,9251,5180,1911,6291,730
1037,9251,5180,1480,7811,4567
1037,9251,5180,1697,5695,5580
1037,9251,5180,1199,2240,373
1037,9251,5180,4444,1018,8570
1037,9251,5180,2809,7496,6122
1037,9251,5180,9701,8375,2781
1037,9251,5180,8007,7092,8541
1037,9251,5180,5997,1485,1356
1037,9251,5180,1043,9805,3462
1037,9251,5180,666,2221,1446
1037,9251,5180,4885,2223,4618
1037,9251,5180,6586,2466,7553
1037,9251,5180,8,3868,6975
1037,9251,5180,1116,9698,5920
1037,9251,5180,6847,7773,1518
1037,9251,5180,6356,8796,4425
1037,9251,5180,2746,6841,5461
1037,9251,5180,6369,112,4869
1037,9251,5180,7166,8536,9826
1037,9251,5180,3304,4711,2425
1037,9251,5180,4614,7999,9316
1037,9251,5180,438,4493,3238
1037,9251,5180,7962,1713,7272
1037,9251,5180,6906,7433,8128
1037,9251,5180,3706,4011,3271
1037,9251,5180,6262,5191,2922
1037,9251,5180,6803,8038,6014
1037,9251,5180,8118,4171,6
1037,9251,5180,8691,1490,206
1037,9251,5180,3986,6525,9178
1037,9251,5180,3365,2281,2279
1037,9251,5180,1663,8059,6862
1037,9251,5180,215,8063,5411
1037,9251,5180,673,5503,7741
1037,9251,5180,8498,5417,6405
1037,9251,5180,4080,7467,5033
1037,9251,5180,5812,4747,1814
1037,9251,5180,6548,1983,2596
1037,9251,5180,3449,4055,4111
1037,9251,5180,6239,8508,3739
1037,9251,5180,1676,7581,6163
1037,9251,5180,8115,6770,1072
1037,9251,5180,3609,5317,8804
1037,9251,5180,5462,4850,5317
1037,9251,5180,4737,2744,3993
1037,9251,5180,962,8208,3860
1037,9251,5180,9742,9285,5318
1037,9251,5180,3549,2802,4903
1037,9251,5180,2135,5309,2319
1037,9251,5180,3826,5719,8848
1037,9251,5180,136,2716,1506
1037,9251,5180,9919,8134,2426
1037,9251,5180,8740,8980,6048
1037,9251,5180,562,4342,7557
1037,9251,5180,457,980,704
1037,9251,5180,1084,2883,7947
1037,9251,5180,2742,4151,6582
1037,9251,5180,8962,6454,4547
1037,9251,5180,6881,9753,9899
1037,9251,5180,9534,2332,2284
1037,9251,5180,2522,7300,881
1037,9251,5180,4288,9225,6975
1037,9251,5180,3069,2139,5448
1037,9251,5180,5026,6100,6784
1037,9251,5180,159,18,5418
1037,9251,5180,9263,5336,1943
1037,9251,5180,7472,189,8646
1037,9251,5180,9458,526,3977
1037,9251,5180,4,4005,1168
1037,9251,5180,8467,4866,4048
1037,9251,5180,10,4685,5770
1037,9251,5180,8158,8061,694
1037,9251,5180,403,3716,2053
1037,9251,5180,8942,7564,5327
1037,9251,5180,6717,8493,8445
1037,9251,5180,3983,5798,6557
1037,9251,5180,1236,9534,2939
1037,9251,5180,6155,7295,2056
1037,9251,5180,5055,9667,9638
1037,9251,5180,9189,2862,821
1037,9251,5180,1981,7536,1983
1037,9251,5180,7739,7884,5468
1037,9251,5180,1005,4439,9365
1037,9251,5180,1431,1316,7090
1037,9251,5180,2683,610,2278
1037,9251,5180,6716,9346,8813
1037,9251,5180,2474,7857,3565
1037,9251,5180,4781,1867,7149
1037,9251,5180,6601,5720,7389
1037,9251,5180,9868,4220,9768
1037,9251,5180,7108,6934,2536
1037,9251,5180,3707,3264,6394
1037,9251,5180,7341,8943,5159
1037,9251,5180,9171,3465,6854
1037,9251,5180,9527,6363,8429
1037,9251,5180,6272,7402,6508
1037,9251,5180,4280,5549,7466
1037,9251,5180,7284,1266,1865
1037,9251,5180,4996,8706,8581
1037,9251,5180,1786,5227,5912
1037,9251,5180,4209,5442,1993
1037,9251,5180,5424,9355,625
1037,9251,5180,3628,9164,8837
1037,9251,5180,2075,1192,474
1037,9251,5180,9182,2127,5185
1037,9251,5180,4337,9817,7753
1037,9251,5180,7686,9763,9804
1037,9251,5180,131,1559,9285
1037,9251,5180,2198,8684,7758
1037,9251,5180,4791,2707,5179
1037,9251,5180,312,2463,4723
1037,9251,5180,3357,7023,4877
1037,9251,5180,7014,9667,4962
1037,9251,5180,3524,467,2495
1037,9251,5180,4481,737,8251
1037,9251,5180,5786,6695,8711
1037,9251,5180,821,2730,1141
1037,9251,5180,3949,4,3780
1037,9251,5180,9570,3308,7892
1037,9251,5180,1389,5482,5189
1037,9251,5180,7923,2188,5938
1037,9251,5180,6524,8090,5271
1037,9251,5180,591,3074,9500
1037,9251,5180,5155,5641,8777
1037,9251,5180,518,4689,2064
1037,9251,5180,5800,4818,3793
1037,9251,5180,7439,8665,3432
1037,9251,5180,6968,468,3690
1037,9251,5180,7589,5594,6114
1037,9251,5180,1319,4071,9318
1037,9251,5180,8707,8162,7993
1037,9251,5180,5547,3438,3572
1037,9251,5180,4154,6960,6905
1037,9251,5180,4936,3183,1482
1037,9251,5180,5878,8981,187
1037,9251,5180,4970,6434,9507
1037,9251,5180,9123,9142,5389
1037,9251,5180,9502,1988,6977
1037,9251,5180,9561,5045,2127
1037,9251,5180,157,3328,7999
1037,9251,5180,5714,7520,8234
1037,9251,5180,605,5228,6375
1037,9251,5180,466,5801,54
1037,9251,5180,1393,3768,7437
1037,9251,5180,3416,9818,3332
1037,9251,5180,7667,8363,2051
1037,9251,5180,3564,1894,4336
1037,9251,5180,3965,8805,141
1037,9251,5180,8535,5844,6244
1037,9251,5180,9390,2377,4621
1037,9251,5180,6650,2115,9727
1037,9251,5180,9691,4893,1027
1037,9251,5180,5970,2339,404
1037,9251,5180,2870,2368,3368
1037,9251,5180,3355,9696,2422
1037,9251,5180,6910,5380,3700
1037,9251,5180,5577,9863,6407
1037,9251,5180,3131,8870,3443
1037,9251,5180,6761,2237,5329
1037,9251,5180,5291,6794,7545
1037,9251,5180,2830,289,3919
1037,9251,5180,8723,7848,9474
1037,9251,5180,5529,3844,2789
1037,9251,5180,4049,7097,7219
1037,9251,5180,6288,2224,1680
1037,9251,5180,8979,2963,741
1037,9251,5180,5960,4897,2953
1037,9251,5180,575,7523,6781
1037,9251,5180,6436,1926,1149
1037,9251,5180,5669,2179,890
1037,9251,5180,1585,8126,1880
1037,9251,5180,9084,4696,1453
1037,9251,5180,415,3547,6137
1037,9251,5180,9444,9808,6296
1037,9251,5180,1503,3754,2832
1037,9251,5180,1701,760,7548
1037,9251,5180,7622,5616,6918
1037,9251,5180,4370,916,3114
1037,9251,5180,5804,4202,3736
1037,9251,5180,8208,1069,8114
1037,9251,5180,4960,1659,7910
1037,9251,5180,5046,3141,9616
1037,9251,5180,2901,3180,4948
1037,9251,5180,7690,942,2322
1037,9251,5180,136,2138,8278
1037,9251,5180,1144,3102,6509
1037,9251,5180,8700,4057,8170
1037,9251,5180,283,6378,7366
1037,9251,5180,9365,6191,8817
1037,9251,5180,5048,4539,3500
1037,9251,5180,3579,9622,6800
1037,9251,5180,7116,4724,4643
1037,9251,5180,9467,3313,746
1037,9251,5180,8149,3444,3248
1037,9251,5180,8912,689,1040
1037,9251,5180,6150,7795,6139
1037,9251,5180,1649,9567,6770
1037,9251,5180,8243,6523,2266
1037,9251,5180,1033,4062,8396
1037,9251,5180,2500,8437,9969
1037,9251,5180,1664,6412,3321
1037,9251,5180,4498,737,7340
1037,9251,5180,9454,3326,9031
1037,9251,5180,9588,2756,1112
1037,9251,5180,9603,9833,2677
1037,9251,5180,2762,2295,501
1037,9251,5180,7809,6239,5801
1037,9251,5180,4881,893,5555
1037,9251,5180,4426,8738,7118
1037,9251,5180,6893,6473,6376
1037,9251,5180,1026,7260,2131
1037,9251,5180,7681,1446,4176
1037,9251,5180,4770,8648,9964
1037,9251,5180,5635,1964,6733
1037,9251,5180,1873,2530,8563
1037,9251,5180,8698,4905,5902
1037,9251,5180,7671,2663,570
1037,9251,5180,2166,8424,6478
1037,9251,5180,7169,7532,7953
1037,9251,5180,3325,699,2249
1037,9251,5180,3451,2590,624
1037,9251,5180,8196,6391,1607
1037,9251,5180,7518,1416,6193
1037,9251,5180,7648,2618,7427
1037,9251,5180,125,1076,9458
1037,9251,5180,786,1978,4514
1037,9251,5180,8436,6762,8810
1037,9251,5180,4572,8777,1628
1037,9251,5180,5850,4348,7203
1037,9251,5180,745,4257,8670
1037,9251,5180,7727,8573,7526
1037,9251,5180,2942,5583,5508
1037,9251,5180,4540,9419,3379
1037,9251,5180,9020,6189,4146
1037,9251,5180,5002,7311,3898
1037,9251,5180,5887,3852,1537
1037,9251,5180,7760,3215,4656
1037,9251,5180,3183,4108,9099
1037,9251,5180,9926,2381,5427
1037,9251,5180,474,9345,9334
1037,9251,5180,7466,3534,7713
1037,9251,5180,9907,5169,751
1037,9251,5180,8523,1342,9856
1037,9251,5180,3925,2442,7720
1037,9251,5180,5861,2741,3358
1037,9251,5180,3226,2420,6379
1037,9251,5180,4710,6239,833
1037,9251,5180,7154,3497,6038
1037,9251,5180,4594,2295,9804
1037,9251,5180,3852,5281,6764
1037,9251,5180,9228,9625,2501
1037,9251,5180,4609,9627,3686
1037,9251,5180,3621,4209,4040
1037,9251,5180,4047,2261,5032
1037,9251,5180,149,8289,1435
1037,9251,5180,7276,4409,1563
1037,9251,5180,831,3687,6469
1037,9251,5180,4578,8281,7714
1037,9251,5180,8416,9293,3727
1037,9251,5180,6475,1921,3744
1037,9251,5180,2630,1690,9169
1037,9251,5180,5914,4519,691
1037,9251,5180,1415,2906,7449
1037,9251,5180,3334,7290,9044
1037,9251,5180,7528,4100,2521
1037,9251,5180,7722,913,8878
1037,9251,5180,4623,4675,4984
1037,9251,5180,2481,6212,7144
1037,9251,5180,389,3848,8687
1037,9251,5180,9217,965,9071
1037,9251,5180,686,5649,8329
1037,9251,5180,1006,4708,5080
1037,9251,5180,5487,9403,364
1037,9251,5180,1436,1182,3328
1037,9251,5180,4924,9314,3676
1037,9251,5180,1603,6450,6902
1037,9251,5180,2041,6577,5730
1037,9251,5180,6914,5907,7269
1037,9251,5180,8235,4175,6879
1037,9251,5180,2398,7478,9378
1037,9251,5180,2190,7422,9456
1037,9251,5180,2426,5943,4218
1037,9251,5180,7850,3439,408
1037,9251,5180,6298,623,6970
1037,9251,5180,8185,8300,8273
1037,9251,5180,4583,9879,5800
1037,9251,5180,3472,7225,5264
1037,9251,5180,3656,4456,9831
1037,9251,5180,2522,1838,1124
1037,9251,5180,8070,9032,9234
1037,9251,5180,1830,3697,2040
1037,9251,5180,5619,2024,3047
1037,9251,5180,1370,228,2845
1037,9251,5180,2444,968,8364
1037,9251,5180,482,4953,982
1037,9251,5180,5998,5069,1486
1037,9251,5180,4997,6853,692
1037,9251,5180,4118,5550,3640
1037,9251,5180,8498,8067,8725
1037,9251,5180,334,5870,597
1037,9251,5180,527,2957,7349
1037,9251,5180,5290,940,2370
1037,9251,5180,7129,9516,3464
1037,9251,5180,3351,37,4455
1037,9251,5180,8832,1570,7894
1037,9251,5180,2298,285,3700
1037,9251,5180,3705,1842,1874
1037,9251,5180,8722,5465,9216
1037,9251,5180,270,6043,3483
1037,9251,5180,7939,9783,2551
1037,9251,5180,791,7410,8494
1037,9251,5180,8354,5870,9057
1037,9251,5180,6988,2001,1788
1037,9251,5180,4012,1178,5259
1037,9251,5180,7644,598,4995
1037,9251,5180,4689,1146,9933
1037,9251,5180,5470,4324,1713
1037,9251,5180,4658,963,838
1037,9251,5180,173,1090,1928
1037,9251,5180,4198,2641,4549
1037,9251,5180,8507,5467,7791
1037,9251,5180,485,7586,2406
1037,9251,5180,5693,7607,1744
1037,9251,5180,6785,5493,5042
1037,9251,5180,6815,8383,527
1037,9251,5180,5454,3680,9309
1037,9251,5180,9147,4050,6687
1037,9251,5180,162,1885,1629
1037,9251,5180,6758,3220,8912
1037,9251,5180,8670,4213,5005
1037,9251,5180,4231,2383,3183
1037,9251,5180,77,5140,7869
1037,9251,5180,2409,8979,2332
1037,9251,5180,3380,5200,2096
1037,9251,5180,1863,5677,8248
1037,9251,5180,7394,2295,5992
1037,9251,5180,9547,8864,3324
1037,9251,5180,504,9020,7922
1037,9251,5180,8592,1773,3569
1037,9251,5180,1370,7488,8886
1037,9251,5180,8572,761,6275
1037,9251,5180,5802,7433,5541
1037,9251,5180,7266,268,1598
1037,9251,5180,2820,2121,9497
1037,9251,5180,2490,6426,375
1037,9251,5180,1377,1850,5383
