2558,4416,339,1492,6750,5644
2558,4416,339,9498,3297,6833
2558,4416,339,4300,9372,5742
2558,4416,339,5059,1717,6270
2558,4416,339,490,2881,5188
2558,4416,339,3353,8094,5685
2558,4416,339,8539,4085,4455
2558,4416,339,8986,4099,5090
2558,4416,339,4583,634,1901
2558,4416,339,3022,9376,1518
2558,4416,339,9759,5346,346
2558,4416,339,3123,3177,7386
2558,4416,339,1585,9185,8731
2558,4416,339,3476,6148,2689
2558,4416,339,8620,1740,1436
2558,4416,339,1207,5210,823
2558,4416,339,9569,2651,3828
2558,4416,339,3370,831,5036
2558,4416,339,5274,3109,2641
2558,4416,339,8936,8267,7005
2558,4416,339,1942,9385,1521
2558,4416,339,6385,4085,8847
2558,4416,339,5357,7704,1794
2558,4416,339,3029,9763,4504
2558,4416,339,6583,3459,594
2558,4416,339,5469,598,2734
2558,4416,339,9891,4072,4238
2558,4416,339,5300,690,2419
2558,4416,339,5419,2331,7854
2558,4416,339,9046,9426,7387
2558,4416,339,9734,297,4860
2558,4416,339,33,2583,9598
2558,4416,339,6409,4538,915
2558,4416,339,2891,6357,1146
2558,4416,339,88,518,8473
2558,4416,339,1966,6384,2378
2558,4416,339,240,7738,1533
2558,4416,339,4288,4454,7679
2558,4416,339,6387,7632,5163
2558,4416,339,9100,7508,105
2558,4416,339,3664,9404,3510
2558,4416,339,885,5531,5039
2558,4416,339,6146,5610,7506
2558,4416,339,3544,3426,9928
2558,4416,339,6190,3742,142
2558,4416,339,2614,7771,9820
2558,4416,339,6412,8445,8878
2558,4416,339,2125,9669,518
2558,4416,339,4297,6856,7103
2558,4416,339,4895,227,7525
2558,4416,339,5873,9571,7671
2558,4416,339,93,6939,6285
2558,4416,339,5222,4682,920
2558,4416,339,1820,8769,2075
2558,4416,339,2348,6541,1631
2558,4416,339,3985,3874,5197
2558,4416,339,103,1165,4229
2558,4416,339,1830,1986,1754
2558,4416,339,7082,5672,5106
2558,4416,339,5392,1037,417
2558,4416,339,2650,4237,9304
2558,4416,339,4514,2680,8129
2558,4416,339,9431,1804,4437
2558,4416,339,1533,5034,9197
2558,4416,339,7618,8036,3684
2558,4416,339,1473,536,6682
2558,4416,339,5393,32,7204
2558,4416,339,4929,5269,1795
2558,4416,339,506,6053,8706
2558,4416,339,4888,6180,2984
2558,4416,339,5107,5524,8330
2558,4416,339,9027,1381,5592
2558,4416,339,9175,9722,8657
2558,4416,339,7938,8998,5190
2558,4416,339,1112,4089,9306
2558,4416,339,9767,1491,5146
2558,4416,339,6431,3199,444
2558,4416,339,5000,5290,6968
2558,4416,339,6771,2603,4633
2558,4416,339,3266,8418,4003
2558,4416,339,9698,1717,5406
2558,4416,339,8568,3835,3501
2558,4416,339,1818,2574,6681
2558,4416,339,9429,8953,1259
2558,4416,339,796,3105,2973
2558,4416,339,1951,8038,1036
2558,4416,339,9000,5462,4617
2558,4416,339,2748,115,3374
2558,4416,339,431,599,9910
2558,4416,339,9518,6479,8237
2558,4416,339,9781,8235,7572
2558,4416,339,9690,9913,7558
2558,4416,339,6543,7948,5602
2558,4416,339,5997,5323,3338
2558,4416,339,9659,1195,6027
2558,4416,339,7472,1618,2839
2558,4416,339,9397,3783,7055
2558,4416,339,6173,7249,6399
2558,4416,339,160,3491,9373
2558,4416,339,4005,9866,4393
2558,4416,339,3703,1021,3600
2558,4416,339,2017,1453,6886
2558,4416,339,342,8553,1759
2558,4416,339,5987,3420,9935
2558,4416,339,7924,3121,3525
2558,4416,339,2754,7791,3892
2558,4416,339,9312,2055,6387
2558,4416,339,8182,4916,9296
2558,4416,339,7738,1272,2566
2558,4416,339,4342,9216,6601
2558,4416,339,7507,125,2016
2558,4416,339,7757,518,4475
2558,4416,339,4651,3740,4385
2558,4416,339,734,1002,4986
2558,4416,339,8802,5789,8187
2558,4416,339,9519,3672,8085
2558,4416,339,9708,1191,1880
2558,4416,339,4729,9242,8311
2558,4416,339,5627,4702,7070
2558,4416,339,2559,860,476
2558,4416,339,2862,2275,3921
2558,4416,339,4410,9444,2360
2558,4416,339,2577,6326,8295
2558,4416,339,6837,2481,2344
2558,4416,339,516,9161,1939
2558,4416,339,4765,7252,4235
2558,4416,339,8760,2115,4982
2558,4416,339,1165,3417,1226
2558,4416,339,2080,9746,8361
2558,4416,339,232,9744,4651
2558,4416,339,1684,6351,847
2558,4416,339,4538,3313,5882
2558,4416,339,2197,767,1181
2558,4416,339,8887,487,9169
2558,4416,339,373,2529,940
2558,4416,339,1377,4826,5658
2558,4416,339,7715,3437,3175
2558,4416,339,5662,8631,8088
2558,4416,339,575,9733,6571
2558,4416,339,8939,4539,6824
2558,4416,339,2702,1741,2566
2558,4416,339,5097,3551,6680
2558,4416,339,624,9556,3097
2558,4416,339,5709,4827,1292
2558,4416,339,6465,7538,6492
2558,4416,339,7272,1816,7646
2558,4416,339,4152,8396,1118
2558,4416,339,9946,1907,7213
2558,4416,339,1934,4136,3570
2558,4416,339,8586,7040,495
2558,4416,339,2508,6319,7115
2558,4416,339,4523,7028,550
2558,4416,339,6566,2470,4281
2558,4416,339,6823,1599,4042
2558,4416,339,9987,1959,6063
2558,4416,339,9120,506,8789
2558,4416,339,9409,605,1208
2558,4416,339,7993,2119,7816
2558,4416,339,5339,2186,3282
2558,4416,339,761,8945,5779
2558,4416,339,4748,6238,8727
2558,4416,339,6739,6397,8013
2558,4416,339,6976,6936,8296
2558,4416,339,2143,5030,6893
2558,4416,339,2057,7052,5295
2558,4416,339,9347,6789,6245
2558,4416,339,6711,671,7994
2558,4416,339,2171,330,7782
2558,4416,339,446,6989,6270
2558,4416,339,9503,162,1650
2558,4416,339,6880,6065,5782
2558,4416,339,798,7505,2104
2558,4416,339,9524,1940,8107
2558,4416,339,6917,1020,5412
2558,4416,339,2854,4165,1149
2558,4416,339,8706,9674,5882
2558,4416,339,8527,3575,739
2558,4416,339,4832,9362,7337
2558,4416,339,5723,7671,8447
2558,4416,339,6792,6575,3751
2558,4416,339,5387,8699,1344
2558,4416,339,9539,4860,2528
2558,4416,339,1288,7852,9504
2558,4416,339,108,5547,5725
2558,4416,339,7417,844,1344
2558,4416,339,5675,587,4724
2558,4416,339,807,4713,2760
2558,4416,339,2437,1397,8810
2558,4416,339,881,2814,5740
2558,4416,339,9227,3195,3055
2558,4416,339,2059,7914,5541
2558,4416,339,2219,476,3503
2558,4416,339,3834,6327,5468
2558,4416,339,8352,5781,9085
2558,4416,339,2012,2284,7309
2558,4416,339,9024,7993,5551
2558,4416,339,9776,4999,516
2558,4416,339,9333,3437,1058
2558,4416,339,7692,7312,8842
2558,4416,339,7913,8793,4695
2558,4416,339,2818,2693,3724
2558,4416,339,8157,7988,1519
2558,4416,339,6274,134,8277
2558,4416,339,996,9121,1096
2558,4416,339,6394,9889,3451
2558,4416,339,7204,4191,5320
2558,4416,339,3801,6598,5916
2558,4416,339,350,5077,4950
2558,4416,339,1262,5992,5590
2558,4416,339,4916,6828,256
2558,4416,339,2098,9629,7677
2558,4416,339,5428,9876,1621
2558,4416,339,2542,3728,210
2558,4416,339,5275,3359,9312
2558,4416,339,3519,3288,8387
2558,4416,339,1742,2901,1582
2558,4416,339,4139,7802,6958
2558,4416,339,2917,7882,473
2558,4416,339,7042,6265,8558
2558,4416,339,5422,6734,7614
2558,4416,339,4761,4820,3425
2558,4416,339,9442,3305,1915
2558,4416,339,908,608,7089
2558,4416,339,4069,1388,8702
2558,4416,339,5365,4767,6864
2558,4416,339,5881,7185,5298
2558,4416,339,4277,6997,2629
2558,4416,339,8794,7981,8576
2558,4416,339,6948,9175,2809
2558,4416,339,9140,4033,9048
2558,4416,339,7670,3353,6795
2558,4416,339,6721,5688,6038
2558,4416,339,9585,4390,5733
2558,4416,339,9756,33,2528
2558,4416,339,5222,5239,4950
2558,4416,339,7020,9723,4624
2558,4416,339,7170,4399,6240
2558,4416,339,4935,9925,8627
2558,4416,339,7557,6516,1588
2558,4416,339,5690,9814,2998
2558,4416,339,1638,5251,4860
2558,4416,339,5736,9302,8408
2558,4416,339,2082,832,4626
2558,4416,339,8324,1944,6367
2558,4416,339,4833,2751,7904
2558,4416,339,7635,347,4793
2558,4416,339,6995,1800,6907
2558,4416,339,7607,6283,7697
2558,4416,339,1424,9500,3985
2558,4416,339,3,206,9771
2558,4416,339,1332,6041,9326
2558,4416,339,2957,5306,4559
2558,4416,339,4758,610,9755
2558,4416,339,8909,1929,4162
2558,4416,339,7926,3745,5375
2558,4416,339,1928,8944,6754
2558,4416,339,6642,6396,9491
2558,4416,339,8498,4773,1496
2558,4416,339,9219,4143,889
2558,4416,339,4782,863,1850
2558,4416,339,3616,7160,3372
2558,4416,339,6865,826,507
2558,4416,339,3242,1673,5720
2558,4416,339,2292,8625,4971
2558,4416,339,7646,8195,5966
2558,4416,339,4145,6971,5084
2558,4416,339,2234,1377,952
2558,4416,339,4472,4994,4039
2558,4416,339,1905,1274,5882
2558,4416,339,436,5118,5473
2558,4416,339,4382,2157,3007
2558,4416,339,4523,8083,8905
2558,4416,339,1357,5982,8925
2558,4416,339,3678,4419,4064
2558,4416,339,8446,6117,5445
2558,4416,339,6460,1117,5015
2558,4416,339,9275,1428,1368
2558,4416,339,4241,5558,3760
2558,4416,339,4906,4873,5045
2558,4416,339,8062,2994,3171
2558,4416,339,7463,9364,1156
2558,4416,339,1390,8747,9379
2558,4416,339,4644,7757,5836
2558,4416,339,8844,1323,227
2558,4416,339,2730,5216,9938
2558,4416,339,3166,688,1308
2558,4416,339,5385,5658,3736
2558,4416,339,1867,4854,6600
2558,4416,339,176,5521,2534
2558,4416,339,8463,3176,6440
2558,4416,339,2958,5355,5742
2558,4416,339,4414,757,6282
2558,4416,339,3864,7034,6692
2558,4416,339,8084,744,1173
2558,4416,339,7515,4276,3151
2558,4416,339,2053,2298,6364
2558,4416,339,2991,5599,1979
2558,4416,339,9625,9744,2905
2558,4416,339,7746,4426,9227
2558,4416,339,379,5593,8794
2558,4416,339,9456,3269,8631
2558,4416,339,2614,6842,6988
2558,4416,339,3396,9207,5936
2558,4416,339,4671,9653,7998
2558,4416,339,1735,1014,2460
2558,4416,339,3621,5846,3076
2558,4416,339,8807,7478,7021
2558,4416,339,1433,3812,2121
2558,4416,339,6088,4139,7475
2558,4416,339,977,4717,6760
2558,4416,339,2794,4723,7225
2558,4416,339,8933,3125,4399
2558,4416,339,3841,2935,437
2558,4416,339,1162,6885,4900
2558,4416,339,1096,3831,9496
2558,4416,339,8536,5476,2516
2558,4416,339,2090,5478,4486
2558,4416,339,3041,9811,8963
2558,4416,339,7747,3668,333
2558,4416,339,9708,2079,5599
2558,4416,339,8447,6637,5733
2558,4416,339,8868,9951,6610
2558,4416,339,8124,1115,4931
2558,4416,339,9505,5173,4994
2558,4416,339,4705,766,994
2558,4416,339,1588,5658,7051
2558,4416,339,7089,9686,9466
2558,4416,339,7399,4317,749
2558,4416,339,8184,806,7401
2558,4416,339,6100,6737,3331
2558,4416,339,4211,3219,5508
2558,4416,339,137,5942,5807
2558,4416,339,5237,5061,2902
2558,4416,339,2715,2704,3049
2558,4416,339,5340,5753,3108
2558,4416,339,5907,5003,5249
2558,4416,339,1587,4123,2882
2558,4416,339,1015,6696,2572
2558,4416,339,7527,1022,5920
2558,4416,339,8721,9551,4533
2558,4416,339,6396,9746,280
2558,4416,339,3312,1702,9897
2558,4416,339,8315,5431,9829
2558,4416,339,6989,2649,2141
2558,4416,339,5520,1093,4035
2558,4416,339,3159,7400,1573
2558,4416,339,2249,9614,9367
2558,4416,339,5349,1744,5410
2558,4416,339,4829,7510,564
2558,4416,339,6621,7011,9386
2558,4416,339,8014,8149,7317
2558,4416,339,529,8610,6313
2558,4416,339,4135,3972,5387
2558,4416,339,3445,7026,2563
2558,4416,339,6720,4834,3563
2558,4416,339,6953,2084,3652
2558,4416,339,7208,3101,459
2558,4416,339,2144,9973,4221
2558,4416,339,7874,718,2387
2558,4416,339,7532,9386,3906
2558,4416,339,5140,1079,4357
2558,4416,339,2915,3176,4443
2558,4416,339,8124,4108,7091
2558,4416,339,3131,5538,5651
2558,4416,339,3215,2279,6962
2558,4416,339,4172,4527,9508
2558,4416,339,960,3463,4358
2558,4416,339,5985,9913,3954
2558,4416,339,9342,1927,5320
2558,4416,339,6353,2250,8870
2558,4416,339,4747,7544,7871
2558,4416,339,9477,6087,2837
2558,4416,339,6321,801,6044
2558,4416,339,9854,3238,4517
2558,4416,339,4493,8595,5743
2558,4416,339,6617,4110,9450
2558,4416,339,6438,4736,9616
2558,4416,339,4514,4366,5441
2558,4416,339,7176,6278,8379
2558,4416,339,3511,1382,2452
2558,4416,339,8483,1775,3565
2558,4416,339,663,5190,1378
2558,4416,339,8441,2065,5447
2558,4416,339,5205,6419,9990
2558,4416,339,2277,8337,1836
2558,4416,339,1545,5002,8276
2558,4416,339,9657,7623,5792
2558,4416,339,7796,2925,3496
2558,4416,339,8469,953,5508
2558,4416,339,4994,575,6135
1419,2709,721,2230,2822,9220
1419,2709,721,6967,6016,3899
1419,2709,721,9498,7394,5544
1419,2709,721,4002,1811,7105
1419,2709,721,1661,9835,8955
1419,2709,721,2407,7540,6915
1419,2709,721,9814,5542,4716
1419,2709,721,4146,6939,2077
1419,2709,721,8513,2105,3707
1419,2709,721,2381,4316,3196
1419,2709,721,4836,9414,2252
1419,2709,721,248,9589,2800
1419,2709,721,2080,4006,2166
1419,2709,721,4533,7227,3731
1419,2709,721,3210,5286,2212
1419,2709,721,3671,2496,4194
1419,2709,721,5940,7967,2878
1419,2709,721,1468,6979,9208
1419,2709,721,7350,8841,1469
1419,2709,721,2245,6459,1408
1419,2709,721,5893,2175,9193
1419,2709,721,8036,1955,7253
1419,2709,721,9589,3492,1555
1419,2709,721,1911,7493,8890
1419,2709,721,5241,2510,7325
1419,2709,721,3443,6824,8545
1419,2709,721,5726,85,5922
1419,2709,721,9661,1717,9761
1419,2709,721,9855,6316,8123
1419,2709,721,8925,3242,8585
1419,2709,721,6224,2503,3256
1419,2709,721,8502,3318,3561
1419,2709,721,5522,6339,8391
1419,2709,721,4703,5784,8412
1419,2709,721,4042,5445,8952
1419,2709,721,5889,4384,2177
1419,2709,721,4703,3753,5877
1419,2709,721,1832,7736,8400
1419,2709,721,5764,6446,4359
1419,2709,721,5201,8133,1167
1419,2709,721,1599,7009,7027
1419,2709,721,5130,6506,9733
1419,2709,721,1584,5345,127
1419,2709,721,8335,1280,5560
1419,2709,721,2142,8064,8759
1419,2709,721,1099,6311,3225
1419,2709,721,8318,8293,403
1419,2709,721,5086,8967,3951
1419,2709,721,9756,2428,9872
1419,2709,721,2736,6652,2219
1419,2709,721,7354,2364,1905
1419,2709,721,5811,4629,6291
1419,2709,721,2409,9412,1521
1419,2709,721,3316,6438,6980
1419,2709,721,8977,2583,4822
1419,2709,721,7395,6489,6609
1419,2709,721,1841,3830,6170
1419,2709,721,4711,8400,6753
1419,2709,721,4341,121,8403
1419,2709,721,295,4437,3452
1419,2709,721,3179,3367,9332
1419,2709,721,1074,3467,4483
1419,2709,721,7691,2189,6392
1419,2709,721,1486,7167,4570
1419,2709,721,3980,9883,3497
1419,2709,721,7978,6627,255
1419,2709,721,1736,9499,390
1419,2709,721,7022,7899,2504
1419,2709,721,8517,3674,4511
1419,2709,721,758,9085,1549
1419,2709,721,8695,3505,4644
1419,2709,721,3830,4212,6887
1419,2709,721,2710,9827,1444
1419,2709,721,5507,1238,6645
1419,2709,721,3878,1898,8871
1419,2709,721,2957,9015,1852
1419,2709,721,6526,2342,1414
1419,2709,721,8603,1433,9970
1419,2709,721,9951,8499,8033
1419,2709,721,8031,1244,4632
1419,2709,721,6732,2753,67
1419,2709,721,4476,8067,689
1419,2709,721,2150,2079,2753
1419,2709,721,5504,9923,4608
1419,2709,721,2156,6899,6607
1419,2709,721,6828,3167,9083
1419,2709,721,9249,8529,5275
1419,2709,721,1783,9056,74
1419,2709,721,7290,3749,5983
1419,2709,721,4994,5720,2939
1419,2709,721,4797,4899,5972
1419,2709,721,1701,8060,6018
1419,2709,721,3065,4327,3249
1419,2709,721,4421,2265,5384
1419,2709,721,411,6205,1781
1419,2709,721,7761,8852,5390
1419,2709,721,4924,9447,6332
1419,2709,721,9217,2987,7810
1419,2709,721,8650,6681,2953
1419,2709,721,9637,2434,2606
1419,2709,721,3347,381,1838
1419,2709,721,264,3348,9913
1419,2709,721,2547,6276,2999
1419,2709,721,1900,4357,989
1419,2709,721,3663,6787,4296
1419,2709,721,8867,6944,9752
1419,2709,721,5872,1636,8306
1419,2709,721,5291,2971,8774
1419,2709,721,2604,7663,8850
1419,2709,721,734,5244,2251
1419,2709,721,167,7677,7249
1419,2709,721,3032,5446,555
1419,2709,721,5664,6845,4746
1419,2709,721,8996,323,1966
1419,2709,721,6701,198,3048
1419,2709,721,4590,6894,1068
1419,2709,721,5667,6422,5325
1419,2709,721,5535,7338,4795
1419,2709,721,6083,2087,6686
1419,2709,721,5094,2501,6480
