261,168,7504,8912,1056,6150
261,168,7504,4474,9947,510
261,168,7504,1502,8841,6700
261,168,7504,5283,3829,3647
261,168,7504,1064,5378,8666
261,168,7504,3106,5074,9590
261,168,7504,9560,9792,9208
261,168,7504,9607,302,7916
261,168,7504,565,5932,3629
261,168,7504,9043,4461,4619
261,168,7504,6609,2259,2931
261,168,7504,4056,3381,9320
261,168,7504,1391,8723,6984
261,168,7504,788,5421,7707
261,168,7504,9471,2025,7887
261,168,7504,6204,2702,3915
261,168,7504,5424,597,2048
261,168,7504,4176,1072,3291
261,168,7504,5220,7611,661
261,168,7504,5606,8974,9396
261,168,7504,7526,3628,538
261,168,7504,5495,9616,9283
261,168,7504,6984,2020,5290
261,168,7504,4950,2977,1605
261,168,7504,3096,6836,1327
261,168,7504,5402,5234,8081
261,168,7504,2908,9273,9823
261,168,7504,9014,9462,204
261,168,7504,9360,1421,174
261,168,7504,6994,6671,8505
261,168,7504,4060,7705,1905
261,168,7504,9895,575,7971
261,168,7504,6177,7458,1397
261,168,7504,7306,8094,1413
261,168,7504,4823,7200,7374
261,168,7504,3973,3960,5597
261,168,7504,7401,6027,7593
261,168,7504,3415,4289,4406
261,168,7504,2008,8691,6032
261,168,7504,8996,7608,8746
261,168,7504,2360,934,9109
261,168,7504,3670,438,4556
261,168,7504,8918,4180,1616
261,168,7504,6167,9187,3680
261,168,7504,6641,9780,789
261,168,7504,8363,4423,5221
261,168,7504,7987,2524,4250
261,168,7504,5197,2250,4007
261,168,7504,8274,3085,8564
261,168,7504,2591,672,5167
261,168,7504,3691,2106,6644
261,168,7504,1588,9844,9840
261,168,7504,3907,2070,9414
261,168,7504,5500,2577,3022
261,168,7504,5462,2630,7338
261,168,7504,588,223,7368
261,168,7504,1965,8365,3221
261,168,7504,3568,1268,8955
261,168,7504,5809,3375,3014
261,168,7504,3326,4989,4096
261,168,7504,1566,395,5439
261,168,7504,7823,2162,4633
261,168,7504,5282,5030,6046
261,168,7504,6932,4009,8693
261,168,7504,7569,4786,4547
261,168,7504,1917,1143,5683
261,168,7504,5655,5270,7271
261,168,7504,7251,5277,9970
261,168,7504,3104,2848,3593
261,168,7504,9066,1173,2676
261,168,7504,6825,6265,5795
261,168,7504,8149,9779,4255
261,168,7504,6578,2427,528
261,168,7504,9064,5735,2458
261,168,7504,9122,3891,6961
261,168,7504,7173,7167,946
261,168,7504,8608,4254,8958
261,168,7504,4356,2659,4982
261,168,7504,3312,8220,2395
261,168,7504,6533,965,1695
261,168,7504,7040,4561,526
261,168,7504,3970,2009,4212
261,168,7504,971,3714,8863
261,168,7504,8298,7952,804
261,168,7504,8485,9053,9340
261,168,7504,641,7836,6575
261,168,7504,3409,3737,9925
261,168,7504,7568,660,218
261,168,7504,3504,4897,950
261,168,7504,6892,7759,9436
261,168,7504,3981,1032,3412
261,168,7504,1291,9079,2923
261,168,7504,1123,9463,4598
261,168,7504,8879,7510,1398
261,168,7504,126,9658,6462
261,168,7504,4534,9174,1561
261,168,7504,7060,3556,3773
261,168,7504,2611,9350,1637
261,168,7504,8440,5746,7558
261,168,7504,6550,6476,2500
261,168,7504,3553,3288,6104
261,168,7504,3406,5013,6659
261,168,7504,4775,4756,485
261,168,7504,2424,7446,816
261,168,7504,7270,5657,7631
261,168,7504,8226,4286,3156
261,168,7504,5663,244,3509
261,168,7504,9049,2744,1934
261,168,7504,8958,3953,9040
261,168,7504,8254,5131,9766
261,168,7504,4835,1881,3400
261,168,7504,5957,3013,4400
261,168,7504,8296,2485,6671
261,168,7504,9906,9495,7717
261,168,7504,9644,6796,7224
261,168,7504,4322,9982,2733
261,168,7504,4446,1798,6305
261,168,7504,302,8534,8296
261,168,7504,3689,1476,1361
261,168,7504,905,7218,6887
261,168,7504,9791,8296,8918
261,168,7504,3887,8715,5660
261,168,7504,248,8550,9948
261,168,7504,6914,8446,9002
261,168,7504,5460,768,4863
261,168,7504,4302,129,4287
261,168,7504,3284,9215,2009
261,168,7504,2977,8117,3263
261,168,7504,4496,3977,5498
261,168,7504,4951,2849,7610
261,168,7504,4592,5886,3162
261,168,7504,3427,2929,5153
261,168,7504,8847,4339,7858
261,168,7504,2673,7462,5874
261,168,7504,6321,5285,4137
261,168,7504,9506,3835,4844
261,168,7504,647,1414,2399
261,168,7504,3948,4351,9343
261,168,7504,7705,6234,452
261,168,7504,308,5644,9822
261,168,7504,888,1942,7670
261,168,7504,5688,8083,3949
261,168,7504,7991,3024,7296
261,168,7504,8953,4352,2181
261,168,7504,9485,9230,5520
261,168,7504,5543,6984,3665
261,168,7504,2706,9365,8077
261,168,7504,5627,7660,1018
261,168,7504,2334,6081,7874
261,168,7504,5178,9163,2011
261,168,7504,6366,4449,2322
261,168,7504,1277,7153,8811
261,168,7504,8021,9596,113
261,168,7504,399,1710,5459
261,168,7504,9042,8857,3924
261,168,7504,387,4058,4508
261,168,7504,2304,5119,1468
261,168,7504,6969,3954,2690
261,168,7504,7974,9524,2478
261,168,7504,9404,9550,5818
261,168,7504,6925,4257,4022
261,168,7504,529,3500,9609
261,168,7504,6421,1404,7004
261,168,7504,7324,9047,4198
261,168,7504,6712,3961,3387
261,168,7504,3481,1219,8145
261,168,7504,7804,7205,5266
261,168,7504,707,2333,5247
261,168,7504,2495,76,4457
261,168,7504,2221,1081,1570
261,168,7504,2686,1211,7965
261,168,7504,6403,1281,4235
261,168,7504,6776,1982,3153
261,168,7504,8233,7179,5678
261,168,7504,1938,9280,1583
261,168,7504,6538,9936,1306
261,168,7504,7535,2291,9339
261,168,7504,9944,9368,7957
261,168,7504,8766,1476,6189
261,168,7504,592,9073,5189
261,168,7504,8544,6607,4652
261,168,7504,8038,2737,4254
261,168,7504,6021,5112,3254
261,168,7504,7453,426,4969
261,168,7504,6599,1694,4629
261,168,7504,2749,8635,5153
261,168,7504,7833,6687,7715
261,168,7504,1153,1335,6521
261,168,7504,1370,4680,4160
261,168,7504,7865,1005,2552
261,168,7504,4888,1085,8086
261,168,7504,3640,836,1724
261,168,7504,7545,6403,3048
261,168,7504,2294,9758,6602
261,168,7504,951,6580,3550
261,168,7504,7257,2872,8817
261,168,7504,1815,1176,6995
261,168,7504,2995,8169,737
261,168,7504,4807,1988,4459
261,168,7504,5769,9818,9827
261,168,7504,1064,6326,2704
261,168,7504,7737,9784,7689
261,168,7504,5175,4875,8070
261,168,7504,3424,2530,3873
261,168,7504,8794,33,776
261,168,7504,9004,1410,6919
261,168,7504,1471,7857,3852
261,168,7504,6067,226,1424
261,168,7504,9521,8268,3248
261,168,7504,5448,7014,8189
261,168,7504,9909,7222,474
261,168,7504,3126,4697,8172
261,168,7504,1432,3455,2615
261,168,7504,5627,2061,2207
261,168,7504,969,645,300
261,168,7504,4959,4771,4753
261,168,7504,1904,9497,4714
261,168,7504,2501,6082,7974
261,168,7504,4786,2904,9964
261,168,7504,8099,4875,4153
261,168,7504,400,216,6227
261,168,7504,4026,7365,8023
261,168,7504,1986,1660,2583
261,168,7504,4434,6101,6862
261,168,7504,9962,3154,8379
261,168,7504,555,5604,7861
261,168,7504,8625,3686,4576
261,168,7504,6514,910,91
261,168,7504,830,9795,3266
261,168,7504,269,48,6647
261,168,7504,2635,2600,4040
261,168,7504,5068,4541,7728
261,168,7504,9119,4886,3026
261,168,7504,3753,1872,1771
261,168,7504,4419,5626,7432
261,168,7504,7128,5262,6447
261,168,7504,3937,1222,2336
261,168,7504,9065,7115,9319
261,168,7504,4982,1072,4624
261,168,7504,2861,6084,5429
261,168,7504,8966,7524,733
261,168,7504,783,275,6894
261,168,7504,6424,5279,7646
261,168,7504,464,7795,860
261,168,7504,7813,5997,5645
261,168,7504,3418,7967,3880
261,168,7504,7960,1271,97
261,168,7504,2806,5904,7702
261,168,7504,8071,3839,3297
261,168,7504,7289,420,7767
261,168,7504,7592,293,7655
261,168,7504,7853,6189,7135
261,168,7504,6523,1173,1597
261,168,7504,5756,9370,3341
261,168,7504,1734,9213,4756
261,168,7504,2034,4685,9625
261,168,7504,360,3767,4379
261,168,7504,7387,9568,9006
261,168,7504,7583,2955,6405
261,168,7504,485,5183,7002
261,168,7504,6352,8662,1649
261,168,7504,2711,6142,181
261,168,7504,1519,9849,3978
261,168,7504,7184,5461,5836
261,168,7504,1736,7705,84
261,168,7504,4055,5833,7084
261,168,7504,4265,1790,2234
261,168,7504,3105,5344,8222
261,168,7504,8490,7503,4348
261,168,7504,4252,6660,2271
261,168,7504,2078,4414,5649
261,168,7504,9008,7580,9403
261,168,7504,7129,8020,1369
261,168,7504,1521,6855,545
261,168,7504,9591,4137,9044
261,168,7504,8754,5202,2145
261,168,7504,7832,7178,5691
261,168,7504,9058,7044,2805
261,168,7504,5255,1567,2781
261,168,7504,8313,1680,1621
261,168,7504,6369,2101,4737
261,168,7504,7289,8472,9722
261,168,7504,4499,8503,861
261,168,7504,4830,268,5409
261,168,7504,3852,7064,5263
261,168,7504,4559,5581,8327
261,168,7504,5365,947,9530
261,168,7504,6894,616,6447
261,168,7504,3916,9575,8669
261,168,7504,7403,8578,905
261,168,7504,6353,4306,3682
261,168,7504,8289,5905,9572
261,168,7504,3048,4461,4666
261,168,7504,5582,8406,8492
261,168,7504,5422,6658,2312
261,168,7504,3900,8574,5543
261,168,7504,1901,6764,9793
261,168,7504,7908,7642,1780
261,168,7504,7185,442,8809
261,168,7504,3632,1562,5194
261,168,7504,6112,9705,2358
261,168,7504,9279,6153,4917
261,168,7504,4003,3771,6283
261,168,7504,3775,899,3875
261,168,7504,4838,7365,1697
261,168,7504,3498,7854,1259
261,168,7504,7801,6176,277
261,168,7504,3615,39,2097
261,168,7504,1623,4211,7177
261,168,7504,2189,650,6834
261,168,7504,5006,4630,3078
261,168,7504,2147,9540,3549
261,168,7504,4065,1507,412
261,168,7504,4806,6900,6391
261,168,7504,6523,1223,4660
261,168,7504,9375,7328,176
261,168,7504,5606,3561,3146
261,168,7504,4679,3283,573
261,168,7504,9193,260,694
261,168,7504,5488,5090,6014
261,168,7504,4204,1916,571
261,168,7504,4768,3285,2170
261,168,7504,3996,3930,8149
261,168,7504,2139,8845,4697
261,168,7504,503,7507,9102
261,168,7504,1235,2227,534
261,168,7504,9377,1209,5052
261,168,7504,4354,5487,4828
261,168,7504,9702,6187,2337
261,168,7504,9546,6476,1880
261,168,7504,7426,4773,7121
261,168,7504,782,8929,2013
261,168,7504,2636,7036,7463
261,168,7504,90,1047,64
261,168,7504,3707,6573,7185
261,168,7504,1479,8076,68
261,168,7504,1169,25,9121
261,168,7504,7096,6981,4259
261,168,7504,6719,440,1890
261,168,7504,2801,3739,2769
261,168,7504,8642,9633,7154
261,168,7504,9443,8027,8221
261,168,7504,3716,8944,2856
261,168,7504,9603,7879,1249
261,168,7504,5341,5587,8403
261,168,7504,3818,2897,9645
261,168,7504,6959,4202,6957
261,168,7504,7652,137,2718
261,168,7504,1091,8036,5284
261,168,7504,7792,7528,9099
261,168,7504,2562,2231,787
261,168,7504,6076,5932,6322
261,168,7504,680,3088,751
261,168,7504,7367,7931,5291
261,168,7504,1087,9401,415
261,168,7504,9432,1533,9923
261,168,7504,7210,4694,9749
261,168,7504,9226,7874,5988
261,168,7504,5531,4751,3549
261,168,7504,2525,7907,8256
261,168,7504,9588,4281,5892
261,168,7504,9594,3917,5107
261,168,7504,3951,4463,4338
261,168,7504,5427,7911,4388
261,168,7504,2607,2051,1069
261,168,7504,3520,5389,5567
261,168,7504,4128,1019,5608
261,168,7504,6665,4035,1766
261,168,7504,4043,302,8940
261,168,7504,2836,2755,9111
261,168,7504,5719,7799,5789
261,168,7504,307,3512,3231
261,168,7504,7702,7683,5383
261,168,7504,2569,2846,6728
261,168,7504,6323,4072,7145
261,168,7504,6104,8278,4032
261,168,7504,2762,1180,1533
261,168,7504,1275,4940,5765
261,168,7504,494,9501,9165
261,168,7504,7474,5459,6824
261,168,7504,7216,4106,4936
261,168,7504,8858,2256,2533
261,168,7504,1869,269,7204
261,168,7504,5608,7916,1812
261,168,7504,3479,2892,573
261,168,7504,8583,4116,2051
261,168,7504,333,3950,7036
261,168,7504,6887,9564,189
261,168,7504,1253,2210,8001
261,168,7504,1550,6778,9754
261,168,7504,3419,727,8684
261,168,7504,4453,7897,6903
261,168,7504,4200,1636,5474
261,168,7504,5319,7361,7102
261,168,7504,8982,4883,2621
261,168,7504,8179,5123,6015
261,168,7504,1458,6315,4042
261,168,7504,4093,7585,858
261,168,7504,714,1374,7246
261,168,7504,745,7267,1875
261,168,7504,1985,461,381
261,168,7504,2735,6025,5661
261,168,7504,4047,7242,817
261,168,7504,2871,1296,1433
261,168,7504,8623,8894,5279
261,168,7504,4187,1707,5093
261,168,7504,1883,2293,8375
261,168,7504,7101,1941,6551
261,168,7504,6205,2108,9522
261,168,7504,3238,5638,9713
261,168,7504,5808,3824,348
261,168,7504,203,3223,1155
261,168,7504,841,7792,1293
261,168,7504,8657,6416,9850
261,168,7504,2188,223,71
261,168,7504,4413,9775,4130
261,168,7504,4894,9574,9122
261,168,7504,4077,212,2587
261,168,7504,9091,8198,3526
261,168,7504,2010,3096,4684
261,168,7504,2,2956,3580
261,168,7504,2296,1454,9640
261,168,7504,1370,6132,8705
261,168,7504,8795,6210,3750
261,168,7504,4099,2408,6820
261,168,7504,3903,3972,8800
261,168,7504,2005,90,8067
261,168,7504,5643,8866,3592
261,168,7504,5903,9371,4379
261,168,7504,3539,5787,6342
261,168,7504,4328,2419,2304
261,168,7504,8421,9944,4906
261,168,7504,6718,2485,7646
261,168,7504,6197,4013,2648
261,168,7504,5704,4277,1654
261,168,7504,7922,12,3250
261,168,7504,8880,5401,3983
261,168,7504,1772,381,3201
261,168,7504,9654,5530,6544
261,168,7504,7570,9936,8397
261,168,7504,9093,3115,7030
261,168,7504,3567,2492,4687
261,168,7504,3452,1535,7739
261,168,7504,7498,886,5219
261,168,7504,3998,9454,2141
261,168,7504,8561,3237,7784
261,168,7504,8218,8869,4980
261,168,7504,4485,5592,4330
261,168,7504,4172,5000,9953
261,168,7504,5878,61,6960
261,168,7504,8283,7812,4045
261,168,7504,6327,3457,3131
261,168,7504,2949,2639,825
261,168,7504,9957,2711,5019
261,168,7504,2950,8494,2811
261,168,7504,8975,2867,9289
261,168,7504,5417,1654,5396
261,168,7504,237,2878,494
261,168,7504,2636,1420,3884
261,168,7504,9198,5049,3905
261,168,7504,3489,852,6516
261,168,7504,6665,3830,7150
261,168,7504,4066,3225,9803
261,168,7504,7998,6579,1991
261,168,7504,6924,8197,5329
261,168,7504,8151,7223,5336
261,168,7504,245,2623,6852
261,168,7504,1473,1874,1588
261,168,7504,4325,2303,7620
261,168,7504,636,5531,4336
261,168,7504,3240,9592,544
261,168,7504,1299,2541,197
261,168,7504,9939,6157,1793
261,168,7504,7460,6432,8991
261,168,7504,2911,7609,2880
261,168,7504,3060,4467,2029
261,168,7504,4549,2716,7182
261,168,7504,7383,7732,5401
261,168,7504,9299,6640,4238
261,168,7504,9860,5042,8708
261,168,7504,8691,5583,4418
261,168,7504,5012,839,3901
261,168,7504,3234,1850,7025
261,168,7504,1903,2898,1406
261,168,7504,1395,6271,6734
261,168,7504,6618,7249,47
261,168,7504,213,1061,7590
261,168,7504,5439,6093,146
261,168,7504,3142,7209,6111
261,168,7504,5564,2503,1667
261,168,7504,6774,3391,1192
261,168,7504,6632,112,3610
261,168,7504,9001,5317,4082
261,168,7504,9636,2457,4063
261,168,7504,171,361,8258
261,168,7504,6584,8319,451
261,168,7504,2836,863,1609
261,168,7504,2009,9637,433
261,168,7504,6112,1519,9415
261,168,7504,6387,5886,8941
261,168,7504,9225,5427,1360
261,168,7504,2990,3895,419
261,168,7504,6216,1265,7864
261,168,7504,6844,1033,9830
261,168,7504,4425,8323,533
261,168,7504,9970,2578,6533
261,168,7504,331,9103,4144
261,168,7504,3838,9341,1154
261,168,7504,6777,6242,2369
261,168,7504,7228,6283,1833
