5764,6446,4359,9698,4411,520
5764,6446,4359,5830,3516,6215
5764,6446,4359,2397,8718,1447
5764,6446,4359,2899,7116,2998
5764,6446,4359,7448,68,9287
5764,6446,4359,500,4773,1394
5764,6446,4359,1033,2243,4523
5764,6446,4359,5164,3590,7562
5764,6446,4359,8517,9022,8065
5764,6446,4359,8518,5807,3677
5764,6446,4359,696,4965,8517
5764,6446,4359,6629,9747,1877
5764,6446,4359,7321,9245,9364
5764,6446,4359,4033,2208,5028
5764,6446,4359,1405,4895,7878
5764,6446,4359,4569,4977,2691
5764,6446,4359,1758,8769,8914
5764,6446,4359,5554,3642,8222
5764,6446,4359,5244,3110,9797
5764,6446,4359,7445,9254,2404
5764,6446,4359,5427,2962,8026
5764,6446,4359,745,1626,5675
5764,6446,4359,7235,6235,2592
5764,6446,4359,5361,6961,7292
5764,6446,4359,8795,3064,7605
5764,6446,4359,8214,552,6454
5764,6446,4359,5362,1814,3131
5764,6446,4359,2252,6803,899
5764,6446,4359,4978,7140,2269
5764,6446,4359,5431,9440,6952
5764,6446,4359,6712,1195,48
5764,6446,4359,4665,9323,2001
5764,6446,4359,460,7729,2841
5764,6446,4359,468,5005,3487
5764,6446,4359,4999,8486,4129
5764,6446,4359,3909,5814,6790
5764,6446,4359,346,5235,4261
5764,6446,4359,740,8056,4426
5764,6446,4359,3372,4094,2437
5764,6446,4359,9380,6711,4935
5764,6446,4359,4826,6733,5077
5764,6446,4359,5538,2999,3825
5764,6446,4359,1793,498,4754
5764,6446,4359,8102,3218,4088
5764,6446,4359,6105,2038,8438
5764,6446,4359,9919,7133,7288
5764,6446,4359,8200,4718,7070
5764,6446,4359,215,2077,8886
5764,6446,4359,2487,4729,6387
5764,6446,4359,323,2496,7343
5764,6446,4359,2627,4308,1392
5764,6446,4359,7616,9008,5988
5764,6446,4359,7427,4590,2824
5764,6446,4359,3676,8674,6072
5764,6446,4359,1882,1103,4777
5764,6446,4359,4457,8426,1385
5764,6446,4359,9394,777,8553
5764,6446,4359,5674,1953,3282
5764,6446,4359,786,7875,3928
5764,6446,4359,6933,1739,6735
5764,6446,4359,6143,5964,4082
5764,6446,4359,969,4719,9579
5764,6446,4359,2956,5330,3284
5764,6446,4359,5494,5630,810
5764,6446,4359,2693,4112,3235
5764,6446,4359,2659,9719,5305
5764,6446,4359,8671,9909,69
5764,6446,4359,1655,9164,3904
5764,6446,4359,7137,8238,4394
5764,6446,4359,2808,6731,3344
5764,6446,4359,7967,191,5263
5764,6446,4359,3274,3256,8365
5764,6446,4359,7015,8421,362
5764,6446,4359,4176,8100,4690
5764,6446,4359,2984,948,774
5764,6446,4359,9503,5553,4212
5764,6446,4359,5825,6877,6783
5764,6446,4359,3360,556,7005
5764,6446,4359,527,321,8625
5764,6446,4359,6512,1468,4103
5764,6446,4359,9641,5681,4819
5764,6446,4359,2788,3961,8928
5764,6446,4359,4291,4579,9512
5764,6446,4359,1739,3723,212
5764,6446,4359,8415,1230,2709
5764,6446,4359,4610,7042,1711
5764,6446,4359,72,9862,513
5764,6446,4359,8818,2035,1588
5764,6446,4359,7391,3103,1603
5764,6446,4359,2707,3612,5587
5764,6446,4359,2051,9829,638
5764,6446,4359,6488,3001,3604
5764,6446,4359,4331,9225,1849
5764,6446,4359,8397,5719,5439
5764,6446,4359,5660,3654,7164
5764,6446,4359,6594,9090,3718
5764,6446,4359,6180,7545,144
5764,6446,4359,433,9340,6604
5764,6446,4359,7020,355,2463
5764,6446,4359,9827,5066,6132
5764,6446,4359,9906,4387,8814
5764,6446,4359,6458,7557,1247
5764,6446,4359,7666,2532,9319
5764,6446,4359,1176,9732,2686
5764,6446,4359,595,4945,8194
5764,6446,4359,2322,6048,1686
5764,6446,4359,5755,3154,873
5764,6446,4359,7755,5394,590
5764,6446,4359,1855,5765,8159
5764,6446,4359,5223,9611,5121
5764,6446,4359,2019,3456,2171
5764,6446,4359,8933,2583,4145
5764,6446,4359,7068,2118,931
5764,6446,4359,1719,6793,1989
5764,6446,4359,7442,1999,4100
5764,6446,4359,1257,2745,6184
5764,6446,4359,6288,338,5861
5764,6446,4359,1606,9448,4652
5764,6446,4359,2416,7537,6461
5764,6446,4359,6048,8458,9043
5764,6446,4359,1745,184,6325
5764,6446,4359,6836,6738,3590
5764,6446,4359,3486,6386,5928
5764,6446,4359,6181,1674,1240
5764,6446,4359,6110,8663,2494
5764,6446,4359,4258,2828,8767
5764,6446,4359,3727,126,844
5764,6446,4359,3400,6972,2974
5764,6446,4359,6520,4413,4311
5764,6446,4359,3347,1181,7507
5764,6446,4359,7546,3205,2996
5764,6446,4359,8238,7019,675
5764,6446,4359,3241,7483,491
5764,6446,4359,7155,5192,2568
5764,6446,4359,818,7774,8332
5764,6446,4359,8416,7437,3126
5764,6446,4359,334,8699,8832
5764,6446,4359,7569,7186,6082
5764,6446,4359,5394,2750,2203
5764,6446,4359,2841,6158,4294
5764,6446,4359,2373,6030,5811
5764,6446,4359,2995,1680,8311
5764,6446,4359,2778,9906,5102
5764,6446,4359,5127,85,8397
5764,6446,4359,6683,9793,4982
5764,6446,4359,2116,7569,5184
5764,6446,4359,3394,6621,4461
5764,6446,4359,7554,3712,8000
5764,6446,4359,8566,498,5219
5764,6446,4359,4658,7050,7974
5764,6446,4359,9625,3797,9332
5764,6446,4359,517,138,2681
5764,6446,4359,5048,9111,7727
5764,6446,4359,787,877,3309
5764,6446,4359,6887,4710,5677
5764,6446,4359,1173,5904,2941
5764,6446,4359,4101,979,6471
5764,6446,4359,6717,9048,2842
5764,6446,4359,6584,8287,953
5764,6446,4359,6578,8187,7966
5764,6446,4359,4176,3710,8133
5764,6446,4359,5894,3319,4872
5764,6446,4359,2969,1475,3202
5764,6446,4359,9265,2525,1643
5764,6446,4359,1497,7873,4174
5764,6446,4359,8380,3678,5557
5764,6446,4359,1182,8312,5899
5764,6446,4359,6855,8221,567
5764,6446,4359,4789,3229,3197
5764,6446,4359,3606,2010,3339
5764,6446,4359,9038,8573,6060
5764,6446,4359,7321,1926,7728
5764,6446,4359,3866,3018,6188
5764,6446,4359,7566,8597,8714
5764,6446,4359,2483,6903,9161
5764,6446,4359,9982,2040,2975
5764,6446,4359,4171,8590,4315
5764,6446,4359,205,3575,7636
5764,6446,4359,5740,5960,3411
5764,6446,4359,9498,3608,2432
5764,6446,4359,313,3359,8459
5764,6446,4359,7246,666,5538
5764,6446,4359,9396,3640,1630
5764,6446,4359,7661,485,6835
5764,6446,4359,8249,8659,8793
5764,6446,4359,7054,6726,1216
5764,6446,4359,65,9163,4945
5764,6446,4359,360,658,2185
5764,6446,4359,6681,3819,7985
5764,6446,4359,8681,9615,5614
5764,6446,4359,7145,4091,8500
5764,6446,4359,5749,8277,4871
5764,6446,4359,4699,4246,8304
5764,6446,4359,6118,3941,8535
5764,6446,4359,3876,9656,8504
5764,6446,4359,3721,1105,9458
5764,6446,4359,4447,3827,7325
5764,6446,4359,2602,3388,1440
5764,6446,4359,2397,4685,6964
5764,6446,4359,7533,6322,8141
5764,6446,4359,1236,6003,9475
5764,6446,4359,662,8020,7986
5764,6446,4359,7483,8376,3727
5764,6446,4359,1922,18,507
5764,6446,4359,8273,5483,4894
5764,6446,4359,2078,9840,3741
5764,6446,4359,8629,1546,145
5764,6446,4359,8458,2604,842
5764,6446,4359,6485,8527,7281
5764,6446,4359,2077,4044,8890
5764,6446,4359,4241,4119,7970
5764,6446,4359,7526,6208,1161
5764,6446,4359,7823,8133,8346
5764,6446,4359,3671,521,6106
5764,6446,4359,7982,105,8093
5764,6446,4359,227,4655,9707
5764,6446,4359,4241,9158,5293
5764,6446,4359,7618,546,548
5764,6446,4359,6548,8754,1054
5764,6446,4359,9564,9886,8727
5764,6446,4359,4530,1802,4047
5764,6446,4359,9603,1533,7388
5764,6446,4359,5647,2516,6800
5764,6446,4359,6207,7677,4656
5764,6446,4359,9484,7938,9173
5764,6446,4359,411,9107,6998
5764,6446,4359,4972,3800,6639
5764,6446,4359,5736,705,5274
5764,6446,4359,7921,7445,4810
5764,6446,4359,805,7894,9837
5764,6446,4359,4207,4657,8452
5764,6446,4359,2639,3503,8788
5764,6446,4359,6063,2793,5923
5764,6446,4359,659,6631,2404
5764,6446,4359,621,3845,2209
5764,6446,4359,4905,6568,4839
5764,6446,4359,5719,6754,2877
5764,6446,4359,5462,273,9643
5764,6446,4359,863,7911,7886
5764,6446,4359,2028,2350,8657
5764,6446,4359,5088,8332,5537
5764,6446,4359,1003,8541,2656
5764,6446,4359,519,8214,450
5764,6446,4359,5164,7747,9213
5764,6446,4359,5453,6917,8244
5764,6446,4359,5537,1618,7554
5764,6446,4359,7847,7432,818
5764,6446,4359,6441,1208,8820
5764,6446,4359,6135,8625,4944
5764,6446,4359,2530,2812,4902
5764,6446,4359,7356,3126,2777
5764,6446,4359,7228,2589,1839
5764,6446,4359,9576,2191,8102
5764,6446,4359,1984,5512,426
5764,6446,4359,4786,4258,7318
5764,6446,4359,7400,9001,7656
5764,6446,4359,9361,3622,3999
5764,6446,4359,9192,5015,2133
5764,6446,4359,8045,132,4168
5764,6446,4359,1098,4787,2240
5764,6446,4359,1770,2799,921
5764,6446,4359,1777,613,8992
5764,6446,4359,1075,7154,282
5764,6446,4359,9714,281,6312
5764,6446,4359,2304,7664,9945
5764,6446,4359,5042,8944,6168
5764,6446,4359,4799,3399,7474
5764,6446,4359,732,947,1701
5764,6446,4359,7028,736,7601
5764,6446,4359,206,7186,1627
5764,6446,4359,6152,2993,4727
5764,6446,4359,1525,7432,8435
5764,6446,4359,8837,6824,7519
5764,6446,4359,7599,4223,8320
5764,6446,4359,6435,9796,6073
5764,6446,4359,7882,5746,264
5764,6446,4359,4713,1506,9080
5764,6446,4359,1845,3038,6234
5764,6446,4359,7555,1627,3236
5764,6446,4359,3919,2133,1649
5764,6446,4359,8992,778,8352
5764,6446,4359,7458,7090,6991
5764,6446,4359,3938,6147,5278
5764,6446,4359,4362,1290,7942
5764,6446,4359,2154,2479,5222
5764,6446,4359,7348,4581,7889
5764,6446,4359,9532,16,1114
5764,6446,4359,5189,2709,2971
5764,6446,4359,9516,4511,1233
5764,6446,4359,8486,838,8732
5764,6446,4359,980,6216,4130
5764,6446,4359,3530,6737,5299
5764,6446,4359,7133,6461,3764
5764,6446,4359,7781,1661,5494
5764,6446,4359,116,3659,1221
5764,6446,4359,3306,3678,2801
5764,6446,4359,6961,3216,7378
5764,6446,4359,3009,7271,3611
5764,6446,4359,3779,5660,3257
5764,6446,4359,2812,2111,5451
5764,6446,4359,3401,6148,9545
5764,6446,4359,1290,8330,3431
5764,6446,4359,2182,2444,2409
5764,6446,4359,3581,7737,840
5764,6446,4359,3679,7167,7044
5764,6446,4359,1909,3465,3290
5764,6446,4359,2681,7892,9898
5764,6446,4359,7232,5769,7877
5764,6446,4359,316,8866,7944
5764,6446,4359,9331,2370,1030
5764,6446,4359,4798,2055,8939
5764,6446,4359,5998,797,5386
5764,6446,4359,8405,1780,3722
5764,6446,4359,584,6380,2251
5764,6446,4359,2098,8046,5755
5764,6446,4359,8866,2250,6449
5764,6446,4359,7341,3581,811
5764,6446,4359,8567,2172,2814
5764,6446,4359,9044,7029,4694
5764,6446,4359,3723,1297,2868
5764,6446,4359,8311,6458,8700
5764,6446,4359,8062,1464,6583
5764,6446,4359,4571,1705,9620
5764,6446,4359,3632,8188,4292
5764,6446,4359,6689,4564,4034
5764,6446,4359,4312,9591,2057
5764,6446,4359,9542,6919,5905
5764,6446,4359,2097,9992,8740
5764,6446,4359,3311,2103,9996
5764,6446,4359,3498,8747,5767
5764,6446,4359,5949,5019,9834
5764,6446,4359,7404,5943,6784
5764,6446,4359,2920,8533,8297
5764,6446,4359,8561,2506,3433
5764,6446,4359,1615,6207,3946
5764,6446,4359,1618,1443,9181
5764,6446,4359,5233,4425,3091
5764,6446,4359,6971,9868,6353
5764,6446,4359,6554,4892,2741
5764,6446,4359,2318,5159,7395
5764,6446,4359,9266,4853,9508
5764,6446,4359,3168,6720,411
5764,6446,4359,2449,7423,1800
5764,6446,4359,9810,1204,3246
5764,6446,4359,1469,725,9037
5764,6446,4359,3090,9996,8979
5764,6446,4359,8163,3788,2689
5764,6446,4359,4087,4560,2951
5764,6446,4359,2721,7106,4891
5764,6446,4359,6771,8738,4272
5764,6446,4359,4338,7223,2535
5764,6446,4359,5694,9125,4663
5764,6446,4359,970,9572,644
5764,6446,4359,82,8926,2017
5764,6446,4359,9691,7370,3914
5764,6446,4359,5472,348,2379
5764,6446,4359,9931,9028,486
5764,6446,4359,1922,2543,5070
5764,6446,4359,7209,9263,3463
5764,6446,4359,5636,7611,2441
5764,6446,4359,9755,5580,4815
5764,6446,4359,1879,3333,1329
5764,6446,4359,825,5431,3459
5764,6446,4359,7286,1292,3329
5764,6446,4359,991,9721,2904
5764,6446,4359,2129,2531,4533
5764,6446,4359,3488,7173,1438
5764,6446,4359,1217,7486,217
5764,6446,4359,4953,1969,6869
5764,6446,4359,4579,1893,6177
5764,6446,4359,5319,8363,6118
5764,6446,4359,7639,8725,4569
5764,6446,4359,1225,5242,1234
5764,6446,4359,72,6976,5254
5764,6446,4359,200,4434,3423
5764,6446,4359,2138,870,6398
5764,6446,4359,3508,3448,2609
5764,6446,4359,2794,6518,4090
5764,6446,4359,5062,9204,1182
5764,6446,4359,8825,5590,3360
5764,6446,4359,7489,3338,3706
5764,6446,4359,2454,5680,6522
5764,6446,4359,7266,4667,781
5764,6446,4359,8672,5379,4643
5764,6446,4359,7166,7407,527
5764,6446,4359,2944,6691,4920
5764,6446,4359,4705,1232,3282
5764,6446,4359,3684,3561,8836
5764,6446,4359,5425,4917,9494
5764,6446,4359,6437,5376,6393
5764,6446,4359,5388,6069,1923
5764,6446,4359,6540,4572,3548
5764,6446,4359,6898,6266,1604
5764,6446,4359,8552,7721,1973
5764,6446,4359,7182,9038,2820
5764,6446,4359,118,1321,9390
5764,6446,4359,6237,6149,5042
5764,6446,4359,436,431,5190
5764,6446,4359,848,41,3781
5764,6446,4359,3269,9028,9700
5764,6446,4359,9164,9018,1427
5764,6446,4359,3614,2721,9747
5764,6446,4359,129,8153,9392
5764,6446,4359,6077,9249,1613
5764,6446,4359,8979,2836,2495
5764,6446,4359,6090,9743,1133
5764,6446,4359,9222,839,3719
5764,6446,4359,275,7162,1349
5764,6446,4359,1511,1175,1094
5764,6446,4359,2967,1905,6803
5764,6446,4359,4965,3355,1901
5764,6446,4359,7747,4225,9400
5764,6446,4359,4077,7120,8798
5764,6446,4359,8204,4583,6697
5764,6446,4359,6033,3558,3305
5764,6446,4359,1200,5124,1647
5764,6446,4359,7488,873,9918
5764,6446,4359,1305,2941,1962
5764,6446,4359,2972,1119,5256
5764,6446,4359,7132,4467,6084
5764,6446,4359,4076,980,7269
5764,6446,4359,6937,9428,5213
5764,6446,4359,5605,4247,3135
5764,6446,4359,8002,752,5835
5764,6446,4359,5482,674,4938
5764,6446,4359,6256,1183,235
5764,6446,4359,7253,1361,8315
5764,6446,4359,6266,7079,8999
5764,6446,4359,3858,1095,5362
5764,6446,4359,5651,7489,1768
5764,6446,4359,4768,2910,5707
5764,6446,4359,6405,1314,5808
5764,6446,4359,2761,5665,5830
5764,6446,4359,4896,8032,1632
5764,6446,4359,3089,2673,5464
5764,6446,4359,6131,9165,6741
5764,6446,4359,2043,4326,8547
5764,6446,4359,8155,6847,5603
5764,6446,4359,1047,3034,5584
5764,6446,4359,8786,6170,790
5764,6446,4359,7934,9253,6681
5764,6446,4359,4580,9069,6844
5764,6446,4359,3199,9451,4250
5764,6446,4359,6776,4786,1842
5764,6446,4359,2475,5514,6910
5764,6446,4359,2902,6991,9027
5764,6446,4359,9877,4140,790
5764,6446,4359,3603,6425,9151
5764,6446,4359,4404,5906,9611
5764,6446,4359,6995,5326,2379
5764,6446,4359,5171,5116,2830
5764,6446,4359,4164,7885,2185
5764,6446,4359,5856,8399,2662
5764,6446,4359,2120,7183,5519
5764,6446,4359,9720,472,8573
5764,6446,4359,1062,3727,7334
5764,6446,4359,7160,8915,4957
5764,6446,4359,665,5950,2541
5764,6446,4359,6076,9462,4823
5764,6446,4359,7012,5004,567
5764,6446,4359,5232,8222,7275
5764,6446,4359,1438,5429,8025
5764,6446,4359,5371,6906,748
5764,6446,4359,2315,8380,3280
5764,6446,4359,3636,6896,3513
5764,6446,4359,5354,1867,7505
5764,6446,4359,7321,1248,3489
5764,6446,4359,1839,1074,849
5764,6446,4359,2809,1864,2735
5764,6446,4359,6805,1711,2480
5764,6446,4359,2996,6171,563
5764,6446,4359,4219,6421,4217
5764,6446,4359,5522,6104,935
5764,6446,4359,2652,7211,9222
5764,6446,4359,3033,3353,2554
5764,6446,4359,5662,5490,3206
5764,6446,4359,2471,9843,7363
5764,6446,4359,8918,8406,2696
5764,6446,4359,3809,8087,9252
5764,6446,4359,7464,8015,6214
5764,6446,4359,726,5059,2808
5764,6446,4359,9061,8231,6129
5764,6446,4359,5248,6267,8732
5764,6446,4359,7963,1966,7565
5764,6446,4359,8599,243,5849
5764,6446,4359,907,8505,3053
5764,6446,4359,6768,6588,8405
5764,6446,4359,6121,2510,831
5764,6446,4359,717,907,1880
5764,6446,4359,783,2276,1836
5764,6446,4359,942,5581,1910
5764,6446,4359,63,192,6726
5764,6446,4359,8802,6590,1454
5764,6446,4359,7573,2168,2080
5764,6446,4359,6000,3143,1793
5764,6446,4359,2792,893,2718
5764,6446,4359,6071,8672,608
5764,6446,4359,875,7192,8483
5764,6446,4359,7726,6223,6089
5764,6446,4359,9383,4038,7975
5764,6446,4359,9083,7929,6296
5764,6446,4359,4823,1654,58
5764,6446,4359,5674,6380,5365
5764,6446,4359,8180,227,7697
5764,6446,4359,1424,5802,5681
5764,6446,4359,7119,1545,278
5764,6446,4359,4993,652,1386
5764,6446,4359,7667,2991,4387
5764,6446,4359,6138,590,7823
5764,6446,4359,761,683,8673
