3922,1647,3168,1397,1879,702
3922,1647,3168,8358,467,1792
3922,1647,3168,5012,9784,3730
3922,1647,3168,7170,5172,9803
3922,1647,3168,1594,8147,6373
3922,1647,3168,458,2542,9767
3922,1647,3168,7148,1231,9177
3922,1647,3168,1125,7493,9750
3922,1647,3168,8490,8957,6468
3922,1647,3168,3395,1085,5306
3922,1647,3168,7352,3938,8358
3922,1647,3168,2411,4280,782
3922,1647,3168,6570,1229,9198
3922,1647,3168,9461,8630,5329
3922,1647,3168,3628,5913,3010
3922,1647,3168,8775,9668,4640
3922,1647,3168,4453,615,1983
3922,1647,3168,6955,1046,2284
3922,1647,3168,9247,2186,7579
3922,1647,3168,6193,1417,7402
3922,1647,3168,5309,1016,6458
3922,1647,3168,3297,3935,7225
3922,1647,3168,6823,6148,5216
3922,1647,3168,4608,1415,101
3922,1647,3168,9353,5069,1537
3922,1647,3168,6734,9710,1930
3922,1647,3168,519,7429,2443
3922,1647,3168,8618,5197,4749
3922,1647,3168,790,4796,7568
3922,1647,3168,6552,7345,54
3922,1647,3168,7945,2658,6319
3922,1647,3168,6252,5808,9295
3922,1647,3168,4617,9617,4467
3922,1647,3168,1401,5474,4710
3922,1647,3168,5183,3982,4568
3922,1647,3168,1012,357,7437
3922,1647,3168,7519,7363,3682
3922,1647,3168,9808,8547,7764
3922,1647,3168,1075,5411,1925
3922,1647,3168,2140,7794,1272
3922,1647,3168,7938,7416,7249
3922,1647,3168,2063,3169,1136
3922,1647,3168,6584,5789,7190
3922,1647,3168,261,9431,3744
3922,1647,3168,6254,3839,2441
3922,1647,3168,9214,4631,3488
3922,1647,3168,1926,3810,2035
3922,1647,3168,5891,1504,9668
3922,1647,3168,5318,6426,5605
3922,1647,3168,3870,4597,1176
3922,1647,3168,366,9692,2932
3922,1647,3168,3355,3657,9325
3922,1647,3168,1301,3588,1683
3922,1647,3168,7569,4363,8027
3922,1647,3168,3808,8258,3526
3922,1647,3168,8467,2237,1466
3922,1647,3168,4396,757,4653
3922,1647,3168,7138,8428,3017
3922,1647,3168,6864,9561,8754
3922,1647,3168,3149,2759,8254
3922,1647,3168,3770,2219,3705
3922,1647,3168,2292,1257,1076
3922,1647,3168,7931,506,2988
3922,1647,3168,7580,6688,3051
3922,1647,3168,6190,3169,3594
3922,1647,3168,9167,6084,9834
3922,1647,3168,7337,4230,4097
3922,1647,3168,2521,9189,1330
3922,1647,3168,203,5841,1422
3922,1647,3168,8356,9408,6943
3922,1647,3168,5505,6873,2417
3922,1647,3168,7215,3327,7927
3922,1647,3168,3354,7330,810
3922,1647,3168,4581,4766,9467
3922,1647,3168,1223,1078,5543
3922,1647,3168,4125,8944,2246
3922,1647,3168,6773,8304,2457
3922,1647,3168,7471,8170,8598
3922,1647,3168,9392,7649,9459
3922,1647,3168,663,5331,996
3922,1647,3168,6398,1058,7620
3922,1647,3168,47,8461,1818
3922,1647,3168,7653,662,8175
3922,1647,3168,6192,7724,1733
3922,1647,3168,8183,9800,1953
3922,1647,3168,8995,5370,7190
3922,1647,3168,4664,6847,9324
3922,1647,3168,7477,7189,6963
3922,1647,3168,6745,8292,7375
3922,1647,3168,4147,7967,6826
3922,1647,3168,4713,8627,682
3922,1647,3168,6682,6997,2029
3922,1647,3168,6439,2330,3575
3922,1647,3168,6997,9810,783
3922,1647,3168,8329,1754,1068
3922,1647,3168,4575,4386,2368
3922,1647,3168,795,5769,6157
3922,1647,3168,8763,9273,6877
3922,1647,3168,531,2027,9690
3922,1647,3168,5524,3860,5931
3922,1647,3168,7887,6933,5983
3922,1647,3168,334,9358,5779
3922,1647,3168,4866,4511,3215
3922,1647,3168,6554,8425,8403
3922,1647,3168,4167,4438,9672
3922,1647,3168,5583,753,3039
3922,1647,3168,7099,1688,7593
3922,1647,3168,2501,7453,2723
3922,1647,3168,8338,2822,4731
3922,1647,3168,9639,3040,45
3922,1647,3168,9373,3371,3305
3922,1647,3168,6835,9022,6363
3922,1647,3168,4335,7091,1393
3922,1647,3168,1318,8397,1648
3922,1647,3168,7392,3168,3916
3922,1647,3168,4116,4965,8009
3922,1647,3168,9959,7096,3707
3922,1647,3168,7464,916,682
3922,1647,3168,390,2492,2877
3922,1647,3168,5414,5830,2603
3922,1647,3168,5806,6275,2606
3922,1647,3168,5753,1106,8176
3922,1647,3168,8276,6160,164
3922,1647,3168,3459,438,6851
3922,1647,3168,8530,9148,3019
3922,1647,3168,3850,4560,5712
3922,1647,3168,4911,1670,610
3922,1647,3168,5110,4005,2003
3922,1647,3168,8237,8840,9408
3922,1647,3168,5193,3647,9114
3922,1647,3168,579,301,7021
3922,1647,3168,5565,9924,2861
3922,1647,3168,8363,3436,2993
3922,1647,3168,5744,3796,2572
3922,1647,3168,7164,296,8429
3922,1647,3168,5109,7707,4809
3922,1647,3168,7972,9178,7083
3922,1647,3168,6221,7602,4864
3922,1647,3168,7167,8814,1740
3922,1647,3168,7,1501,8347
3922,1647,3168,719,798,5743
3922,1647,3168,1635,7772,5516
3922,1647,3168,6632,9563,420
3922,1647,3168,1099,7257,8830
3922,1647,3168,1326,8756,7245
3922,1647,3168,83,902,374
3922,1647,3168,2893,9978,20
3922,1647,3168,5521,3246,2330
3922,1647,3168,8595,7962,890
3922,1647,3168,7314,7605,914
3922,1647,3168,7779,9270,1861
3922,1647,3168,38,4259,6221
3922,1647,3168,1013,7325,4493
3922,1647,3168,5386,616,9787
3922,1647,3168,2674,1578,2369
3922,1647,3168,8193,6488,1947
3922,1647,3168,6560,9485,4493
3922,1647,3168,5007,1343,3916
3922,1647,3168,5829,7613,2690
3922,1647,3168,8784,2595,843
3922,1647,3168,5304,8022,7734
3922,1647,3168,7183,7145,3909
3922,1647,3168,3306,9646,1772
3922,1647,3168,3698,3468,4344
3922,1647,3168,9897,9558,876
3922,1647,3168,4651,40,4387
3922,1647,3168,5576,3984,7684
3922,1647,3168,6468,680,5341
3922,1647,3168,2495,2560,7999
3922,1647,3168,6019,9181,6759
3922,1647,3168,6561,7834,7030
3922,1647,3168,3492,6179,5233
3922,1647,3168,1631,8046,4612
3922,1647,3168,2671,1102,5600
3922,1647,3168,4291,2501,8060
3922,1647,3168,8671,6216,8867
3922,1647,3168,8863,11,1980
3922,1647,3168,7492,2493,3314
3922,1647,3168,252,8676,7343
3922,1647,3168,8848,456,2689
3922,1647,3168,1131,2684,1759
3922,1647,3168,1671,5786,9072
3922,1647,3168,6441,5516,3209
3922,1647,3168,1160,6375,178
3922,1647,3168,4740,7694,672
3922,1647,3168,4416,3544,7492
3922,1647,3168,6405,2197,6904
3922,1647,3168,3603,2115,5871
3922,1647,3168,7490,8056,7661
3922,1647,3168,6566,6530,7327
3922,1647,3168,9960,1182,1201
3922,1647,3168,228,7280,2631
3922,1647,3168,8184,3431,3761
3922,1647,3168,1564,9281,8535
3922,1647,3168,6650,2968,5235
3922,1647,3168,4483,9895,8406
3922,1647,3168,8365,3267,8758
3922,1647,3168,3116,2610,483
3922,1647,3168,5540,388,9399
3922,1647,3168,931,2424,6113
3922,1647,3168,9477,1850,5354
3922,1647,3168,1569,9854,5803
3922,1647,3168,3550,2049,3767
3922,1647,3168,4984,5252,3833
3922,1647,3168,8911,9467,9417
3922,1647,3168,3349,5820,6516
3922,1647,3168,6838,6365,7268
3922,1647,3168,178,6521,7422
3922,1647,3168,9400,682,2654
3922,1647,3168,1852,3833,3101
3922,1647,3168,1409,8353,6152
3922,1647,3168,2000,2100,8735
3922,1647,3168,7167,9593,1160
3922,1647,3168,9338,6882,8149
3922,1647,3168,1920,9422,5974
3922,1647,3168,7240,7507,9544
3922,1647,3168,6392,6212,7203
3922,1647,3168,9964,679,6724
3922,1647,3168,1887,3292,7881
3922,1647,3168,3249,6300,3749
3922,1647,3168,7082,4023,9008
3922,1647,3168,7012,6306,1253
3922,1647,3168,7830,8312,2434
3922,1647,3168,5734,4685,1535
3922,1647,3168,163,7545,1856
3922,1647,3168,1552,8838,4397
3922,1647,3168,6064,2799,8006
3922,1647,3168,8859,5232,8457
3922,1647,3168,1865,2711,4791
3922,1647,3168,3347,5065,2173
3922,1647,3168,3120,3157,4608
3922,1647,3168,7858,3417,433
3922,1647,3168,9558,3230,430
3922,1647,3168,382,5209,3662
3922,1647,3168,3817,18,1169
3922,1647,3168,3187,9017,9751
3922,1647,3168,9972,6724,7459
3922,1647,3168,7360,6224,570
3922,1647,3168,9838,2574,331
3922,1647,3168,3858,5140,5221
3922,1647,3168,2272,4078,2569
3922,1647,3168,9890,235,1483
3922,1647,3168,5437,3875,5391
3922,1647,3168,482,3124,13
3922,1647,3168,1968,1051,3037
3922,1647,3168,2975,8172,9288
3922,1647,3168,3956,9798,5331
3922,1647,3168,5283,3216,8018
3922,1647,3168,1623,8673,348
3922,1647,3168,1107,3758,6793
3922,1647,3168,1619,5330,813
3922,1647,3168,4297,7039,8313
3922,1647,3168,2331,1029,2276
3922,1647,3168,7429,466,5679
3922,1647,3168,718,4192,1788
3922,1647,3168,6552,6137,5345
3922,1647,3168,956,6226,4771
3922,1647,3168,8982,8265,7935
3922,1647,3168,9550,9166,9448
3922,1647,3168,5831,929,336
3922,1647,3168,6165,878,6389
3922,1647,3168,3604,3429,6879
3922,1647,3168,1008,43,9307
3922,1647,3168,2981,6824,8330
3922,1647,3168,5854,2378,6366
3922,1647,3168,3440,1158,8726
3922,1647,3168,3883,4215,7063
3922,1647,3168,9356,8897,4351
3922,1647,3168,7515,9997,206
3922,1647,3168,8203,7197,3640
3922,1647,3168,1401,1840,6771
3922,1647,3168,5828,5262,7083
3922,1647,3168,4584,1892,5339
3922,1647,3168,8538,2405,3794
3922,1647,3168,8995,5946,9423
3922,1647,3168,6832,4894,9829
3922,1647,3168,4569,2626,4388
3922,1647,3168,8454,276,9113
3922,1647,3168,6210,8441,7593
3922,1647,3168,6836,465,3658
3922,1647,3168,7342,2621,7523
3922,1647,3168,7463,779,1541
3922,1647,3168,8101,967,5140
3922,1647,3168,4503,875,7003
3922,1647,3168,6440,4364,2526
3922,1647,3168,4392,1385,8300
3922,1647,3168,6651,6432,3955
3922,1647,3168,3361,926,4882
3922,1647,3168,7805,1988,8372
3922,1647,3168,1512,1077,7751
3922,1647,3168,6286,4443,7695
3922,1647,3168,4419,102,9134
3922,1647,3168,845,4019,5765
3922,1647,3168,9603,2652,3512
3922,1647,3168,3670,3308,5663
3922,1647,3168,7052,1410,1060
3922,1647,3168,7449,6076,4674
3922,1647,3168,9659,8508,4356
3922,1647,3168,5695,2206,1374
3922,1647,3168,7407,9764,8828
3922,1647,3168,4077,8271,7856
3922,1647,3168,585,2285,3639
3922,1647,3168,4670,5058,6940
3922,1647,3168,5655,1893,7368
3922,1647,3168,9581,7056,1968
3922,1647,3168,9588,4339,4598
3922,1647,3168,694,2776,4821
3922,1647,3168,5821,3461,5464
3922,1647,3168,114,9071,9161
3922,1647,3168,7958,1018,7920
3922,1647,3168,8989,1196,8523
3922,1647,3168,8342,9647,5879
3922,1647,3168,4789,4054,4292
3922,1647,3168,2919,2594,5926
3922,1647,3168,150,5971,4662
3922,1647,3168,5905,1274,7760
3922,1647,3168,6778,6993,9363
3922,1647,3168,7871,7209,8573
3922,1647,3168,9979,3842,7796
3922,1647,3168,651,7209,6433
3922,1647,3168,3878,2558,9510
3922,1647,3168,5163,4089,2453
3922,1647,3168,1354,3379,8948
3922,1647,3168,6587,4303,4839
3922,1647,3168,1982,8615,6016
3922,1647,3168,567,6805,9315
3922,1647,3168,2263,4058,8826
3922,1647,3168,3476,5144,5089
3922,1647,3168,1294,6617,1675
3922,1647,3168,7196,9137,7495
3922,1647,3168,3885,8859,8141
3922,1647,3168,6248,5751,8337
3922,1647,3168,3417,4010,2889
3922,1647,3168,660,1242,1682
3922,1647,3168,9897,5045,8481
3922,1647,3168,5408,6496,7981
3922,1647,3168,9709,8183,7077
3922,1647,3168,6241,976,9252
3922,1647,3168,9243,4599,4645
3922,1647,3168,5277,8097,2664
3922,1647,3168,3957,6732,5754
3922,1647,3168,4258,1983,7780
3922,1647,3168,8049,3570,9421
3922,1647,3168,2206,9757,7635
3922,1647,3168,6530,2662,8091
3922,1647,3168,2527,4366,1127
3922,1647,3168,5447,3438,1444
3922,1647,3168,4585,313,5205
3922,1647,3168,8631,6257,831
3922,1647,3168,1521,7270,1854
3922,1647,3168,8133,2655,363
3922,1647,3168,6581,3424,9309
3922,1647,3168,5215,299,7376
3922,1647,3168,2599,2651,2860
3922,1647,3168,828,6570,9177
3922,1647,3168,6407,5779,2082
3922,1647,3168,908,3178,3587
3922,1647,3168,4319,4758,6158
3922,1647,3168,861,649,2594
3922,1647,3168,6485,6867,765
3922,1647,3168,1076,188,3323
3922,1647,3168,7167,2257,438
3922,1647,3168,4987,3511,4841
3922,1647,3168,4977,8131,683
3922,1647,3168,9382,1756,1107
3922,1647,3168,3596,5782,3950
3922,1647,3168,6466,9272,9310
3922,1647,3168,1845,3831,8597
3922,1647,3168,8815,1182,581
3922,1647,3168,3301,8104,6913
3922,1647,3168,1957,5185,5714
3922,1647,3168,6982,2184,6481
3922,1647,3168,4616,8460,6911
3922,1647,3168,5205,379,5031
3922,1647,3168,2860,5322,8671
3922,1647,3168,9785,3654,2121
3922,1647,3168,5848,9770,154
3922,1647,3168,3482,8018,4518
3922,1647,3168,2687,577,7346
3922,1647,3168,964,4907,4132
3922,1647,3168,5170,4834,4336
3922,1647,3168,8272,7135,3749
3922,1647,3168,590,9170,8863
3922,1647,3168,9808,8421,1045
3922,1647,3168,9284,5084,5829
3922,1647,3168,281,4743,2749
3922,1647,3168,9730,3708,8648
3922,1647,3168,4222,7019,6262
3922,1647,3168,9509,3994,8044
3922,1647,3168,2424,8239,7222
3922,1647,3168,8147,9649,8230
3922,1647,3168,7232,820,5059
3922,1647,3168,2033,4828,6714
3922,1647,3168,2331,8749,6996
3922,1647,3168,3919,3865,6721
3922,1647,3168,8434,2343,1537
3922,1647,3168,8362,5419,4879
3922,1647,3168,4886,3135,5464
3922,1647,3168,8829,6682,8846
3922,1647,3168,6687,7341,2966
3922,1647,3168,6296,5703,1773
3922,1647,3168,6036,9858,7039
3922,1647,3168,3834,9437,408
3922,1647,3168,4561,1720,3132
3922,1647,3168,8186,4923,8602
3922,1647,3168,1841,7911,1313
3922,1647,3168,8791,2846,2139
3922,1647,3168,5349,9695,1715
3922,1647,3168,2196,8338,3376
3922,1647,3168,9531,8761,6784
3922,1647,3168,6743,8770,8216
3922,1647,3168,3719,7416,2602
3922,1647,3168,4579,4518,5773
3922,1647,3168,3995,3708,8081
3922,1647,3168,7471,5510,9595
3922,1647,3168,4737,1030,665
3922,1647,3168,9914,4480,9507
3922,1647,3168,3527,5134,4771
3922,1647,3168,44,286,2093
3922,1647,3168,7054,7148,4047
3922,1647,3168,2978,309,7156
3922,1647,3168,4948,9964,4997
3922,1647,3168,8241,4385,6740
3922,1647,3168,4440,5713,7932
3922,1647,3168,4914,2635,9988
3922,1647,3168,636,5580,9948
3922,1647,3168,1355,8867,1961
3922,1647,3168,3168,9263,5575
3922,1647,3168,4625,873,5233
3922,1647,3168,6835,1645,7792
3922,1647,3168,4824,6585,8224
3922,1647,3168,7578,470,4987
3922,1647,3168,9602,602,7766
3922,1647,3168,7285,5238,5160
3922,1647,3168,2382,3674,9318
3922,1647,3168,9001,5311,9305
3922,1647,3168,4057,3843,5913
3922,1647,3168,5364,8478,8982
3922,1647,3168,8757,5144,2557
3922,1647,3168,7395,3445,4379
3922,1647,3168,6898,7828,252
3922,1647,3168,7037,2321,952
3922,1647,3168,7746,3260,3574
3922,1647,3168,701,798,7747
3922,1647,3168,5550,3476,279
3922,1647,3168,1564,4280,2334
3922,1647,3168,1127,1021,2678
3922,1647,3168,515,1579,4483
3922,1647,3168,8178,5237,2487
3922,1647,3168,6106,544,582
3922,1647,3168,6221,7312,6306
3922,1647,3168,2134,8565,9192
3922,1647,3168,8813,8839,3592
3922,1647,3168,7934,7392,1037
3922,1647,3168,4553,1752,3225
3922,1647,3168,8951,4769,9236
3922,1647,3168,8325,2055,1070
3922,1647,3168,1000,9671,5044
3922,1647,3168,1596,3197,7245
3922,1647,3168,7002,8852,5231
3922,1647,3168,2773,3717,208
3922,1647,3168,2799,2786,826
3922,1647,3168,8696,5155,9824
3922,1647,3168,4978,56,5474
3922,1647,3168,2997,5920,4042
3922,1647,3168,791,73,4300
3922,1647,3168,4369,3074,2444
3922,1647,3168,9004,5593,1406
3922,1647,3168,2097,8068,6560
3922,1647,3168,8000,3972,4289
3922,1647,3168,8796,9449,8545
3922,1647,3168,6306,1179,137
3922,1647,3168,2751,2211,7039
3922,1647,3168,7708,8688,448
3922,1647,3168,7776,4470,4053
3922,1647,3168,1615,2750,96
3922,1647,3168,7502,4955,6616
3922,1647,3168,59,4559,7012
3922,1647,3168,3346,8357,236
3922,1647,3168,1960,3929,6445
3922,1647,3168,3161,2096,8072
3922,1647,3168,7475,8116,9674
3922,1647,3168,3170,2316,6617
3922,1647,3168,9628,1793,270
3922,1647,3168,2187,9104,6928
3922,1647,3168,1848,3315,1648
3922,1647,3168,1698,7384,7933
3922,1647,3168,1742,1116,609
3922,1647,3168,5610,9608,2655
3922,1647,3168,6393,5076,8175
3922,1647,3168,3774,2625,3072
3922,1647,3168,7137,1565,4004
3922,1647,3168,3064,5855,8012
3922,1647,3168,7983,8456,7415
3922,1647,3168,5718,484,1187
3922,1647,3168,4349,551,1923
3922,1647,3168,7921,5737,4280
3922,1647,3168,9541,1223,4608
3922,1647,3168,498,9647,3696
3922,1647,3168,3575,9986,5481
3922,1647,3168,9763,8041,5995
3922,1647,3168,8125,6447,3573
3922,1647,3168,3097,9652,5068
3922,1647,3168,7496,5889,4240
3922,1647,3168,9272,9599,7701
3922,1647,3168,8948,8725,9350
3922,1647,3168,5799,5982,2453
3922,1647,3168,3091,6252,8452
3922,1647,3168,2692,8385,9912
3922,1647,3168,827,8485,3827
