5216,5843,9087,9194,9722,131
5216,5843,9087,5005,8452,605
5216,5843,9087,1903,9281,408
5216,5843,9087,8841,6696,8721
5216,5843,9087,6482,3041,1238
5216,5843,9087,5449,5379,5322
5216,5843,9087,9655,7563,7044
5216,5843,9087,6166,4909,4222
5216,5843,9087,1036,81,5155
5216,5843,9087,3839,2824,4841
5216,5843,9087,9247,4560,3184
5216,5843,9087,794,3776,8995
5216,5843,9087,7395,8648,2064
5216,5843,9087,5391,1587,3586
5216,5843,9087,8564,8101,2497
5216,5843,9087,3822,5255,6059
5216,5843,9087,1402,778,3455
5216,5843,9087,3808,9476,4993
5216,5843,9087,7253,5879,121
5216,5843,9087,8305,1643,2797
5216,5843,9087,1660,5358,4573
5216,5843,9087,7672,9625,9840
5216,5843,9087,2514,2770,9310
5216,5843,9087,6401,2863,2324
5216,5843,9087,5652,4194,6108
5216,5843,9087,461,9814,6309
5216,5843,9087,3031,9687,5225
5216,5843,9087,9405,2092,5965
5216,5843,9087,6305,7915,910
5216,5843,9087,1970,79,2705
5216,5843,9087,4565,9900,1756
5216,5843,9087,6114,4076,8291
5216,5843,9087,3892,5372,5496
5216,5843,9087,1359,5451,6877
5216,5843,9087,6476,4312,943
5216,5843,9087,3390,860,3218
5216,5843,9087,9664,6922,8049
5216,5843,9087,9725,6217,1721
5216,5843,9087,8419,8310,5386
5216,5843,9087,8010,5256,6043
5216,5843,9087,5960,8384,3839
5216,5843,9087,5542,4148,5331
5216,5843,9087,9316,8039,3685
5216,5843,9087,497,7581,9053
5216,5843,9087,8699,8727,4519
5216,5843,9087,7381,4226,6212
5216,5843,9087,8777,3205,2988
5216,5843,9087,9314,6084,131
5216,5843,9087,8405,6862,4282
5216,5843,9087,1305,1795,5243
5216,5843,9087,2159,3802,301
5216,5843,9087,8713,1156,2624
5216,5843,9087,8982,1965,4946
5216,5843,9087,5319,5171,3280
5216,5843,9087,7417,2203,1923
5216,5843,9087,3527,4862,9183
5216,5843,9087,4313,6689,1492
5216,5843,9087,103,1642,8464
5216,5843,9087,4288,3255,38
5216,5843,9087,8652,9278,1371
5216,5843,9087,9915,6572,2368
5216,5843,9087,201,4958,959
5216,5843,9087,8190,8952,8455
5216,5843,9087,7211,2274,9174
5216,5843,9087,135,9318,9434
5216,5843,9087,1642,2551,4074
5216,5843,9087,1449,4116,9765
5216,5843,9087,5069,3475,6736
5216,5843,9087,8305,5749,4462
5216,5843,9087,2365,2474,9783
5216,5843,9087,9846,2110,1115
5216,5843,9087,4264,2912,6604
5216,5843,9087,4227,2944,5488
5216,5843,9087,9718,2457,8225
5216,5843,9087,1524,8012,748
5216,5843,9087,7488,2840,3485
5216,5843,9087,1539,5676,7256
5216,5843,9087,4661,2681,9270
5216,5843,9087,1140,8806,2006
5216,5843,9087,3482,5220,3325
5216,5843,9087,4980,4505,1236
5216,5843,9087,68,7386,2309
5216,5843,9087,8408,7861,3742
5216,5843,9087,5447,5155,8520
5216,5843,9087,5976,5325,786
5216,5843,9087,8249,1010,1149
5216,5843,9087,9633,6018,2874
5216,5843,9087,4120,3199,4985
5216,5843,9087,1171,3638,7853
5216,5843,9087,3951,2643,921
5216,5843,9087,1883,9889,8060
5216,5843,9087,5879,4935,579
5216,5843,9087,567,3201,2306
5216,5843,9087,552,6072,1628
5216,5843,9087,7748,1974,9202
5216,5843,9087,1410,7195,554
5216,5843,9087,6903,7119,5580
5216,5843,9087,9877,5609,4211
5216,5843,9087,5090,268,3597
5216,5843,9087,8707,2261,1033
5216,5843,9087,3275,1406,5254
5216,5843,9087,7071,3500,6157
5216,5843,9087,7075,7071,2425
5216,5843,9087,8198,5278,4676
5216,5843,9087,4526,3279,2950
5216,5843,9087,4751,6155,8080
5216,5843,9087,188,8955,2929
5216,5843,9087,9017,230,777
5216,5843,9087,2608,1739,1923
5216,5843,9087,8008,3657,7962
5216,5843,9087,7924,2261,6798
5216,5843,9087,3916,2439,3521
5216,5843,9087,6167,2804,942
5216,5843,9087,7213,1117,7178
5216,5843,9087,9226,7279,1221
5216,5843,9087,4863,7704,9270
5216,5843,9087,4945,9668,8080
5216,5843,9087,4023,2246,7023
5216,5843,9087,9597,9857,9963
5216,5843,9087,619,7608,5032
5216,5843,9087,8028,9134,8413
5216,5843,9087,3401,2849,4676
5216,5843,9087,4682,4426,6340
5216,5843,9087,6279,5087,1447
5216,5843,9087,1738,7356,2750
5216,5843,9087,8457,2275,3613
5216,5843,9087,1648,9640,7335
5216,5843,9087,7215,8070,1660
5216,5843,9087,748,9060,4622
5216,5843,9087,5481,2036,5337
5216,5843,9087,5400,8951,1903
5216,5843,9087,9275,7238,5451
5216,5843,9087,4490,2388,8831
5216,5843,9087,6659,7829,5106
5216,5843,9087,8748,4836,7859
5216,5843,9087,8075,9007,8514
5216,5843,9087,785,8487,9722
5216,5843,9087,7524,8063,3878
5216,5843,9087,1445,1353,9053
5216,5843,9087,245,5866,6196
5216,5843,9087,2280,6691,4417
5216,5843,9087,8266,3854,4046
5216,5843,9087,811,6837,6182
5216,5843,9087,7545,5306,5522
5216,5843,9087,4461,1058,727
5216,5843,9087,6977,2832,2594
5216,5843,9087,9329,5043,6652
5216,5843,9087,2735,2358,3613
5216,5843,9087,4560,7827,1434
5216,5843,9087,2972,7649,9467
5216,5843,9087,7194,7302,267
5216,5843,9087,401,6978,2880
5216,5843,9087,6925,2183,8669
5216,5843,9087,6013,4006,3501
5216,5843,9087,2945,4824,9118
5216,5843,9087,3000,3437,3079
5216,5843,9087,3962,2413,4929
5216,5843,9087,7634,5544,8859
5216,5843,9087,5015,9948,5051
5216,5843,9087,7661,5946,9027
5216,5843,9087,9661,977,2165
5216,5843,9087,9356,3119,6852
5216,5843,9087,3126,829,3946
5216,5843,9087,4163,2125,5364
5216,5843,9087,4722,3482,4377
5216,5843,9087,5317,1150,9754
5216,5843,9087,5771,7414,5647
5216,5843,9087,7522,49,6321
5216,5843,9087,1193,3934,7154
5216,5843,9087,4316,3812,6687
5216,5843,9087,6501,5456,3534
5216,5843,9087,6356,792,3041
5216,5843,9087,9629,9378,4125
5216,5843,9087,6485,3402,4673
5216,5843,9087,9121,1476,5988
5216,5843,9087,5342,5318,5380
5216,5843,9087,5250,5944,2230
5216,5843,9087,4701,8622,2428
5216,5843,9087,9378,3843,353
5216,5843,9087,5960,1130,2276
5216,5843,9087,2947,5101,7732
5216,5843,9087,4343,2263,2570
5216,5843,9087,5477,5669,147
5216,5843,9087,3410,8518,6061
5216,5843,9087,8437,3898,7488
5216,5843,9087,3204,6790,1956
5216,5843,9087,3321,8700,5183
5216,5843,9087,2558,4416,339
5216,5843,9087,1419,2709,721
5216,5843,9087,855,6479,1657
5216,5843,9087,261,168,7504
5216,5843,9087,1037,9251,5180
5216,5843,9087,374,8243,8679
5216,5843,9087,8369,8083,4445
5216,5843,9087,3922,1647,3168
5216,5843,9087,8292,99,5799
5216,5843,9087,5216,5843,9087
5216,5843,9087,1249,6820,5871
5216,5843,9087,5522,5617,3603
5216,5843,9087,7338,1952,343
5216,5843,9087,8235,1262,3260
5216,5843,9087,3587,1715,602
5216,5843,9087,1913,4806,2852
5216,5843,9087,3863,9473,4118
5216,5843,9087,4717,3346,5719
5216,5843,9087,8728,6179,3397
5216,5843,9087,3830,183,2424
5216,5843,9087,6767,2899,2817
5216,5843,9087,7393,5693,147
5216,5843,9087,4727,6622,174
5216,5843,9087,1555,2836,4848
5216,5843,9087,3398,298,88
5216,5843,9087,3181,3534,3995
5216,5843,9087,3746,745,9910
5216,5843,9087,8611,2934,240
5216,5843,9087,7239,8226,8988
5216,5843,9087,7287,469,2560
5216,5843,9087,7709,6094,5132
5216,5843,9087,1470,2148,2685
5216,5843,9087,6300,3876,4597
5216,5843,9087,9964,4277,2934
5216,5843,9087,815,9246,7735
5216,5843,9087,8974,595,7892
5216,5843,9087,5689,6368,5536
5216,5843,9087,4390,4898,8142
5216,5843,9087,8983,8108,3413
5216,5843,9087,2764,3658,9325
5216,5843,9087,6231,4279,5739
5216,5843,9087,1952,1903,4232
5216,5843,9087,162,446,209
5216,5843,9087,6301,4653,5998
5216,5843,9087,6171,9892,6090
5216,5843,9087,4792,8309,3759
5216,5843,9087,1798,1318,7947
5216,5843,9087,7308,5684,5475
5216,5843,9087,1044,7103,6224
5216,5843,9087,7762,3935,382
5216,5843,9087,1577,9396,238
5216,5843,9087,4097,4405,4287
5216,5843,9087,1073,5710,2471
5216,5843,9087,1738,2195,4609
5216,5843,9087,8831,4451,8622
5216,5843,9087,6931,3125,3341
5216,5843,9087,5415,8602,1854
5216,5843,9087,2217,3313,7665
5216,5843,9087,2832,3206,7703
5216,5843,9087,2048,9995,2847
5216,5843,9087,7075,9301,3756
5216,5843,9087,8948,3732,6261
5216,5843,9087,5261,702,9731
5216,5843,9087,585,8601,9876
5216,5843,9087,5066,8457,241
5216,5843,9087,4480,128,1818
5216,5843,9087,9650,5524,9238
5216,5843,9087,1424,3560,2792
5216,5843,9087,7194,7820,6022
5216,5843,9087,5276,1331,4444
5216,5843,9087,8498,1306,516
5216,5843,9087,9176,3738,9799
5216,5843,9087,3931,9332,3274
5216,5843,9087,6959,9602,7004
5216,5843,9087,4829,5934,9213
5216,5843,9087,6476,4568,3139
5216,5843,9087,2629,1887,4588
5216,5843,9087,4787,2346,4429
5216,5843,9087,1907,192,4511
5216,5843,9087,8250,8488,5877
5216,5843,9087,4315,4268,3760
5216,5843,9087,2052,9747,4691
5216,5843,9087,6335,2216,6864
5216,5843,9087,4971,714,9864
5216,5843,9087,9142,5009,4311
5216,5843,9087,7237,388,2997
5216,5843,9087,2596,3612,4062
5216,5843,9087,7204,5145,7994
5216,5843,9087,116,6600,5865
5216,5843,9087,8986,4584,3240
5216,5843,9087,8907,6376,318
5216,5843,9087,6945,9747,3236
5216,5843,9087,5547,7837,3818
5216,5843,9087,3555,6445,3717
5216,5843,9087,3293,5345,2280
5216,5843,9087,7545,1316,6236
5216,5843,9087,1262,4247,669
5216,5843,9087,8757,4535,7190
5216,5843,9087,4738,5165,5981
5216,5843,9087,9848,4550,644
5216,5843,9087,7177,1152,6738
5216,5843,9087,1156,5260,2180
5216,5843,9087,1618,4131,3146
5216,5843,9087,2256,6668,30
5216,5843,9087,4229,9173,7132
5216,5843,9087,1349,9293,7663
5216,5843,9087,881,9918,4726
5216,5843,9087,6913,3527,6565
5216,5843,9087,2736,6556,7913
5216,5843,9087,9601,4613,8140
5216,5843,9087,7625,4798,8756
5216,5843,9087,8137,9631,5537
5216,5843,9087,1281,2885,5083
5216,5843,9087,5102,3426,2454
5216,5843,9087,5294,2276,6792
5216,5843,9087,7315,7971,1605
5216,5843,9087,6779,9366,6901
5216,5843,9087,9314,8533,1877
5216,5843,9087,1541,8783,6257
5216,5843,9087,2528,8285,4402
5216,5843,9087,2888,855,9002
5216,5843,9087,4265,9622,9471
5216,5843,9087,2747,5920,2030
5216,5843,9087,7868,4730,3340
5216,5843,9087,8519,9687,2017
5216,5843,9087,814,7023,6676
5216,5843,9087,9849,8518,6528
5216,5843,9087,2518,7786,6596
5216,5843,9087,6292,3259,3861
5216,5843,9087,2533,8614,7573
5216,5843,9087,7769,1823,5826
5216,5843,9087,8546,3408,4290
5216,5843,9087,5857,6501,2033
5216,5843,9087,932,8786,4908
5216,5843,9087,4919,8048,8100
5216,5843,9087,1920,1561,3144
5216,5843,9087,6273,9819,7677
5216,5843,9087,2623,9968,5986
5216,5843,9087,841,5502,3032
5216,5843,9087,7519,4866,5081
5216,5843,9087,9115,2914,4511
5216,5843,9087,3633,5704,9678
5216,5843,9087,2228,2039,7836
5216,5843,9087,4456,8617,9114
5216,5843,9087,1113,6523,7187
5216,5843,9087,2189,1132,9899
5216,5843,9087,5336,8296,7193
5216,5843,9087,2735,7616,8724
5216,5843,9087,6099,6704,8256
5216,5843,9087,433,360,3268
5216,5843,9087,861,9456,2951
5216,5843,9087,5100,8891,8321
5216,5843,9087,8316,2527,1927
5216,5843,9087,308,1101,8302
5216,5843,9087,6066,2993,2701
5216,5843,9087,2586,8064,8286
5216,5843,9087,1853,3244,5020
5216,5843,9087,7614,1725,4183
5216,5843,9087,2734,6712,8255
5216,5843,9087,7277,7772,1038
5216,5843,9087,5395,5462,6837
5216,5843,9087,7531,8150,5238
5216,5843,9087,3603,4218,1610
5216,5843,9087,712,656,1476
5216,5843,9087,2719,3781,5257
5216,5843,9087,9997,924,2393
5216,5843,9087,4483,7543,7676
5216,5843,9087,8062,4831,1917
5216,5843,9087,89,6460,6455
5216,5843,9087,2028,29,1663
5216,5843,9087,8989,5466,7926
5216,5843,9087,5977,8852,1797
5216,5843,9087,9816,7528,3978
5216,5843,9087,1333,6577,3085
5216,5843,9087,3134,2439,11
5216,5843,9087,5430,5334,829
5216,5843,9087,9143,3594,5280
5216,5843,9087,584,249,277
5216,5843,9087,1725,9215,3548
5216,5843,9087,7195,1289,4323
5216,5843,9087,9746,4780,1418
5216,5843,9087,7243,8121,6405
5216,5843,9087,8951,284,3385
5216,5843,9087,980,3747,460
5216,5843,9087,5116,5097,1268
5216,5843,9087,869,7200,3002
5216,5843,9087,8253,3316,7054
5216,5843,9087,566,6766,713
5216,5843,9087,1973,5848,6443
5216,5843,9087,4473,9243,9063
5216,5843,9087,753,2529,1134
5216,5843,9087,2642,4629,4547
5216,5843,9087,3,9406,1086
5216,5843,9087,8802,1645,7185
5216,5843,9087,5355,3167,451
5216,5843,9087,9933,90,8932
5216,5843,9087,9835,1639,1286
5216,5843,9087,4008,8655,7496
5216,5843,9087,7914,3895,6453
5216,5843,9087,6726,6010,9946
5216,5843,9087,179,7556,97
5216,5843,9087,5685,1193,9662
5216,5843,9087,3387,457,1447
5216,5843,9087,904,5262,9857
5216,5843,9087,5370,8316,3289
5216,5843,9087,9845,7471,5716
5216,5843,9087,5624,8615,7920
5216,5843,9087,7209,2035,9560
5216,5843,9087,1223,6294,7168
5216,5843,9087,474,6850,5063
5216,5843,9087,3554,8345,8078
5216,5843,9087,5027,8060,3688
5216,5843,9087,4263,6476,5175
5216,5843,9087,3147,8586,4649
5216,5843,9087,8075,9972,956
5216,5843,9087,4144,8987,8136
5216,5843,9087,215,1113,8359
5216,5843,9087,7744,6322,5105
5216,5843,9087,1688,6959,2983
5216,5843,9087,9220,9158,1458
5216,5843,9087,6027,3941,4198
5216,5843,9087,8223,9501,6601
5216,5843,9087,2539,9209,7866
5216,5843,9087,9256,259,3526
5216,5843,9087,3202,8418,9318
5216,5843,9087,6918,5212,6043
5216,5843,9087,3083,4531,7139
5216,5843,9087,7303,6493,1937
5216,5843,9087,5742,2343,8051
5216,5843,9087,1358,9913,4479
5216,5843,9087,8436,4088,4299
5216,5843,9087,2047,9325,4077
5216,5843,9087,4549,4523,5715
5216,5843,9087,1966,9101,9838
5216,5843,9087,7374,4202,7276
5216,5843,9087,3665,675,7786
5216,5843,9087,2524,10000,8960
5216,5843,9087,5263,1064,2649
5216,5843,9087,3417,770,3133
5216,5843,9087,2826,9562,1690
5216,5843,9087,9876,2703,1742
5216,5843,9087,888,330,3784
5216,5843,9087,167,814,8850
5216,5843,9087,5159,341,4961
5216,5843,9087,1710,2716,76
5216,5843,9087,3433,4534,4935
5216,5843,9087,9105,7772,3505
5216,5843,9087,2308,4192,6056
5216,5843,9087,7208,5916,8492
5216,5843,9087,6353,7289,3754
5216,5843,9087,9867,7119,214
5216,5843,9087,5616,7879,4780
5216,5843,9087,3973,1167,8699
5216,5843,9087,3230,8392,5799
5216,5843,9087,6869,6605,5868
5216,5843,9087,7183,5212,8536
5216,5843,9087,5920,8911,434
5216,5843,9087,2244,7393,9661
5216,5843,9087,5966,9009,1288
5216,5843,9087,8935,9908,1793
5216,5843,9087,2787,8726,5828
5216,5843,9087,2342,790,8825
5216,5843,9087,9053,7663,6847
5216,5843,9087,9800,2441,8483
5216,5843,9087,5208,1964,3892
5216,5843,9087,8314,1078,939
5216,5843,9087,660,7239,9916
5216,5843,9087,3522,608,9527
5216,5843,9087,5908,1919,6057
5216,5843,9087,6972,5709,8891
5216,5843,9087,2709,1007,2353
5216,5843,9087,9535,3643,6200
5216,5843,9087,4801,3265,4148
5216,5843,9087,7226,5650,5827
5216,5843,9087,4128,7100,8063
5216,5843,9087,9901,2657,962
5216,5843,9087,9348,7770,6858
5216,5843,9087,5245,8932,5596
5216,5843,9087,8512,3436,9519
5216,5843,9087,6055,7319,8585
5216,5843,9087,6900,6840,8113
5216,5843,9087,4886,4049,3587
5216,5843,9087,7317,6670,3683
5216,5843,9087,2434,521,6140
5216,5843,9087,2432,4540,3132
5216,5843,9087,3463,8592,663
5216,5843,9087,7349,1403,6879
5216,5843,9087,6681,1634,5264
5216,5843,9087,7323,2893,1828
5216,5843,9087,4664,7602,3839
5216,5843,9087,5138,9720,6414
5216,5843,9087,4462,2589,9084
5216,5843,9087,8536,3533,6619
5216,5843,9087,5931,8999,2006
5216,5843,9087,2036,1644,7579
5216,5843,9087,8869,6353,8347
5216,5843,9087,2451,3993,5911
5216,5843,9087,4603,4440,5903
5216,5843,9087,9898,7660,9779
5216,5843,9087,6848,5865,3788
5216,5843,9087,5321,8547,3131
5216,5843,9087,8828,5354,9495
5216,5843,9087,9824,6817,1663
5216,5843,9087,3306,7103,2903
5216,5843,9087,8410,7980,6414
5216,5843,9087,1037,2721,5203
5216,5843,9087,9497,5249,1304
5216,5843,9087,4851,4489,1246
5216,5843,9087,1078,2172,2604
5216,5843,9087,404,9183,7813
5216,5843,9087,6182,2042,94
5216,5843,9087,2967,6467,1933
5216,5843,9087,4695,9411,9781
5216,5843,9087,35,953,7756
5216,5843,9087,5284,8010,2658
5216,5843,9087,9371,4797,8351
5216,5843,9087,1251,4520,2423
5216,5843,9087,938,5513,5153
5216,5843,9087,5637,3402,2488
5216,5843,9087,3499,4607,7115
5216,5843,9087,1616,8278,9881
5216,5843,9087,1853,5857,7789
5216,5843,9087,3246,7209,5712
