8235,1262,3260,1657,2589,4361
8235,1262,3260,509,7653,6548
8235,1262,3260,3531,6547,8008
8235,1262,3260,5542,453,2548
8235,1262,3260,2428,1044,6677
8235,1262,3260,9565,315,1932
8235,1262,3260,3730,4362,1090
8235,1262,3260,7468,651,9771
8235,1262,3260,9772,1837,9925
8235,1262,3260,434,7513,6528
8235,1262,3260,8623,2430,5493
8235,1262,3260,9429,7965,9059
8235,1262,3260,3716,8032,6376
8235,1262,3260,4109,9390,1801
8235,1262,3260,7417,6596,6357
8235,1262,3260,4600,1539,2941
8235,1262,3260,7012,4974,5629
8235,1262,3260,7176,7022,4574
8235,1262,3260,2571,2500,6005
8235,1262,3260,3087,7858,9557
8235,1262,3260,6921,9221,4646
8235,1262,3260,5212,1621,2971
8235,1262,3260,189,3293,8285
8235,1262,3260,146,3906,4946
8235,1262,3260,6815,310,4721
8235,1262,3260,3671,5211,1843
8235,1262,3260,5490,2137,7315
8235,1262,3260,8505,5646,2150
8235,1262,3260,770,7365,757
8235,1262,3260,1582,4336,3585
8235,1262,3260,330,187,6101
8235,1262,3260,8533,8513,9058
8235,1262,3260,4263,2669,4083
8235,1262,3260,2595,9404,259
8235,1262,3260,9218,6813,4021
8235,1262,3260,4666,4134,4901
8235,1262,3260,6436,4888,5978
8235,1262,3260,8232,6121,4811
8235,1262,3260,9849,2063,9092
8235,1262,3260,147,8105,5355
8235,1262,3260,1818,5144,6738
8235,1262,3260,1438,4793,5945
8235,1262,3260,5345,930,6257
8235,1262,3260,7762,7506,7757
8235,1262,3260,5888,2963,2802
8235,1262,3260,3190,5466,276
8235,1262,3260,5869,9766,4318
8235,1262,3260,4360,6243,329
8235,1262,3260,7436,4755,1333
8235,1262,3260,196,1564,6929
8235,1262,3260,3323,3332,7908
8235,1262,3260,2556,5655,777
8235,1262,3260,9905,8481,4525
8235,1262,3260,6190,9355,3948
8235,1262,3260,9360,6256,4286
8235,1262,3260,3052,4118,6812
8235,1262,3260,6257,4131,3374
8235,1262,3260,6899,6282,7020
8235,1262,3260,522,7087,9166
8235,1262,3260,3711,2803,7484
8235,1262,3260,9129,3670,8269
8235,1262,3260,2964,1515,7426
8235,1262,3260,6583,5972,2463
8235,1262,3260,9912,5284,7224
8235,1262,3260,1995,431,8353
8235,1262,3260,7445,2856,9198
8235,1262,3260,491,3377,2928
8235,1262,3260,5401,7273,6856
8235,1262,3260,328,9461,9358
8235,1262,3260,7545,9389,4799
8235,1262,3260,6762,2969,2245
8235,1262,3260,8766,2552,6969
8235,1262,3260,1520,6316,2387
8235,1262,3260,3560,2944,5854
8235,1262,3260,6164,2645,669
8235,1262,3260,3354,5538,9346
8235,1262,3260,1591,3080,2386
8235,1262,3260,7381,3535,2427
8235,1262,3260,6919,5993,1330
8235,1262,3260,1555,1120,1112
8235,1262,3260,9914,2212,5620
8235,1262,3260,1261,7745,2682
8235,1262,3260,1483,90,5504
8235,1262,3260,8424,4433,2639
8235,1262,3260,7286,3906,9530
8235,1262,3260,8840,6305,1456
8235,1262,3260,2618,3998,7889
8235,1262,3260,7069,9529,1073
8235,1262,3260,7515,2414,6802
8235,1262,3260,3384,9556,2473
8235,1262,3260,4225,6560,8866
8235,1262,3260,9989,5892,4375
8235,1262,3260,987,6897,8836
8235,1262,3260,1036,9202,6202
8235,1262,3260,7339,882,9925
8235,1262,3260,9825,5347,2066
8235,1262,3260,726,7058,793
8235,1262,3260,9031,2588,8431
8235,1262,3260,2034,6120,5159
8235,1262,3260,6716,9481,1014
8235,1262,3260,494,7513,659
8235,1262,3260,2613,5165,1945
8235,1262,3260,7997,8122,5624
8235,1262,3260,4153,9710,8945
8235,1262,3260,2308,9024,5633
8235,1262,3260,8011,3190,4724
8235,1262,3260,8914,6955,9792
8235,1262,3260,1710,9985,3158
8235,1262,3260,9778,5619,2682
8235,1262,3260,5651,9003,4221
8235,1262,3260,3074,1612,3382
8235,1262,3260,4268,1288,7559
8235,1262,3260,8801,1078,5534
8235,1262,3260,7783,7309,3705
8235,1262,3260,384,8846,9613
8235,1262,3260,9810,1902,424
8235,1262,3260,1566,4500,37
8235,1262,3260,5831,7389,4716
8235,1262,3260,453,3599,7765
8235,1262,3260,7561,8501,3907
8235,1262,3260,5621,1416,187
8235,1262,3260,8392,2106,701
8235,1262,3260,8444,4764,1619
8235,1262,3260,9646,2617,4805
8235,1262,3260,7456,1112,1784
8235,1262,3260,9209,51,6840
8235,1262,3260,3610,4378,4479
8235,1262,3260,2718,5364,9049
8235,1262,3260,4744,7410,6179
8235,1262,3260,2027,576,9338
8235,1262,3260,5661,9224,9633
8235,1262,3260,2995,14,564
8235,1262,3260,9425,370,2153
8235,1262,3260,9367,1756,9484
8235,1262,3260,2840,3568,8790
8235,1262,3260,3026,5333,2796
8235,1262,3260,8448,702,3840
8235,1262,3260,8133,2853,2489
8235,1262,3260,493,6940,4405
8235,1262,3260,8425,626,8622
8235,1262,3260,5229,9004,5054
8235,1262,3260,291,3787,9924
8235,1262,3260,513,4788,4634
8235,1262,3260,3896,5824,2248
8235,1262,3260,3195,9485,7085
8235,1262,3260,5148,9577,4365
8235,1262,3260,7812,974,3793
8235,1262,3260,5622,4746,9150
8235,1262,3260,9606,9368,9073
8235,1262,3260,8455,6012,7678
8235,1262,3260,2907,622,8161
8235,1262,3260,7265,6273,8209
8235,1262,3260,5294,7278,3255
8235,1262,3260,9438,9945,5423
8235,1262,3260,448,5177,1113
8235,1262,3260,8219,3547,1152
8235,1262,3260,2083,1560,7828
8235,1262,3260,4562,4531,3197
8235,1262,3260,6295,3778,6352
8235,1262,3260,7842,7062,8184
8235,1262,3260,3209,7028,3379
8235,1262,3260,8989,2033,2616
8235,1262,3260,421,4749,8521
8235,1262,3260,8161,5615,8049
8235,1262,3260,4922,6391,4456
8235,1262,3260,496,5600,170
8235,1262,3260,1710,4263,7287
8235,1262,3260,352,1275,302
8235,1262,3260,6074,6494,2322
8235,1262,3260,6581,7279,6681
8235,1262,3260,7213,5459,8329
8235,1262,3260,9636,7193,355
8235,1262,3260,4941,7468,6999
8235,1262,3260,6720,1775,5227
8235,1262,3260,9156,7455,706
8235,1262,3260,8914,6688,405
8235,1262,3260,1156,5758,8530
8235,1262,3260,7772,5170,6421
8235,1262,3260,1355,1712,994
8235,1262,3260,8694,2665,513
8235,1262,3260,318,8676,5495
8235,1262,3260,8616,5471,1694
8235,1262,3260,1595,6296,2431
8235,1262,3260,4831,6887,1927
8235,1262,3260,8012,753,2117
8235,1262,3260,7827,3374,4020
8235,1262,3260,7467,7260,8108
8235,1262,3260,5264,3464,7792
8235,1262,3260,3427,1639,6807
8235,1262,3260,6627,3325,1822
8235,1262,3260,9376,9465,3325
8235,1262,3260,8438,8802,3471
8235,1262,3260,6253,8262,1465
8235,1262,3260,3281,3801,4137
8235,1262,3260,6457,5832,9617
8235,1262,3260,8326,8897,4969
8235,1262,3260,6005,6262,7903
8235,1262,3260,6405,6251,2221
8235,1262,3260,4062,2814,7150
8235,1262,3260,2086,5767,9127
8235,1262,3260,3672,8157,7926
8235,1262,3260,7051,9714,6746
8235,1262,3260,289,2658,8275
8235,1262,3260,5764,2926,1023
8235,1262,3260,2579,9760,5622
8235,1262,3260,7368,7415,128
8235,1262,3260,7440,986,2045
8235,1262,3260,1025,1094,8463
8235,1262,3260,1506,4745,678
8235,1262,3260,5146,3684,6001
8235,1262,3260,7844,3850,581
8235,1262,3260,2790,8190,2086
8235,1262,3260,4783,8365,5717
8235,1262,3260,6737,7032,4580
8235,1262,3260,8426,5044,2352
8235,1262,3260,2993,2121,5747
8235,1262,3260,1299,1251,887
8235,1262,3260,3177,909,3610
8235,1262,3260,3444,1406,4018
8235,1262,3260,6608,1751,766
8235,1262,3260,7402,1331,3983
8235,1262,3260,4389,5667,9672
8235,1262,3260,7960,2755,2292
8235,1262,3260,9919,6618,6432
8235,1262,3260,1136,8018,2343
8235,1262,3260,5176,2181,4581
8235,1262,3260,9242,6129,8326
8235,1262,3260,3908,6354,3169
8235,1262,3260,6735,4533,1395
8235,1262,3260,6691,4346,7338
8235,1262,3260,3604,4307,9623
8235,1262,3260,6761,8856,3284
8235,1262,3260,2347,8008,3001
8235,1262,3260,3932,5541,2316
8235,1262,3260,4184,2054,7162
8235,1262,3260,3511,6685,2898
8235,1262,3260,6569,1765,7039
8235,1262,3260,1964,2715,45
8235,1262,3260,4712,3208,8591
8235,1262,3260,1998,2599,7623
8235,1262,3260,2501,4216,2176
8235,1262,3260,9219,9545,951
8235,1262,3260,1327,2582,5597
8235,1262,3260,5382,7495,1047
8235,1262,3260,9481,802,9204
8235,1262,3260,525,2402,4833
8235,1262,3260,3003,5683,7964
8235,1262,3260,7271,8360,2966
8235,1262,3260,3034,8176,2617
8235,1262,3260,9734,7087,5194
8235,1262,3260,1421,6895,9654
8235,1262,3260,65,8980,9525
8235,1262,3260,9242,4187,8539
8235,1262,3260,8137,4224,4469
8235,1262,3260,6401,3865,1657
8235,1262,3260,7672,250,7708
8235,1262,3260,4024,7592,1164
8235,1262,3260,6644,5185,8981
8235,1262,3260,531,6229,2655
8235,1262,3260,8603,2599,4610
8235,1262,3260,2422,1227,9166
8235,1262,3260,4489,9960,1570
8235,1262,3260,366,3820,1825
8235,1262,3260,3924,7767,1542
8235,1262,3260,4460,8907,665
8235,1262,3260,1116,159,8010
8235,1262,3260,4404,501,9359
8235,1262,3260,5753,9731,8260
8235,1262,3260,6541,7529,1842
8235,1262,3260,6501,1699,2867
8235,1262,3260,4304,7463,2071
8235,1262,3260,9655,230,3655
8235,1262,3260,5643,431,8571
8235,1262,3260,3809,3680,5972
8235,1262,3260,6508,3062,3628
8235,1262,3260,335,2973,6133
8235,1262,3260,7935,5658,7888
8235,1262,3260,2878,1517,3604
8235,1262,3260,3193,5419,9951
8235,1262,3260,1057,9375,9316
8235,1262,3260,7666,4829,5678
8235,1262,3260,8905,6685,8492
8235,1262,3260,2460,9145,811
8235,1262,3260,456,2819,9677
8235,1262,3260,3379,9587,4943
8235,1262,3260,2478,5115,2419
8235,1262,3260,8800,7937,8447
8235,1262,3260,8166,1094,4128
8235,1262,3260,2618,7655,6502
8235,1262,3260,9590,4514,5729
8235,1262,3260,6742,6014,6748
8235,1262,3260,8411,7744,6735
8235,1262,3260,2384,2127,8842
8235,1262,3260,4874,418,6115
8235,1262,3260,5749,1098,6551
8235,1262,3260,3874,2027,2027
8235,1262,3260,194,4959,1238
8235,1262,3260,4405,3376,1686
8235,1262,3260,6775,1043,8308
8235,1262,3260,9679,6453,4181
8235,1262,3260,5568,5561,9434
8235,1262,3260,3202,9232,9137
8235,1262,3260,2850,3610,976
8235,1262,3260,4251,3105,613
8235,1262,3260,9886,5157,1755
8235,1262,3260,1836,5553,5658
8235,1262,3260,3954,7242,2228
8235,1262,3260,2838,3286,8448
8235,1262,3260,8421,1622,5054
8235,1262,3260,7711,1766,8307
8235,1262,3260,7917,5642,6874
8235,1262,3260,5862,7332,8999
8235,1262,3260,6664,2048,7308
8235,1262,3260,633,4702,2398
8235,1262,3260,3707,6735,4699
8235,1262,3260,4855,5262,2127
8235,1262,3260,8340,3271,7322
8235,1262,3260,6648,7720,7207
8235,1262,3260,9592,3317,3304
8235,1262,3260,4290,4857,2766
8235,1262,3260,9002,4226,452
8235,1262,3260,6035,8727,3833
8235,1262,3260,3751,3710,3093
8235,1262,3260,7225,9641,257
8235,1262,3260,9689,9940,8213
8235,1262,3260,3664,7431,9865
8235,1262,3260,6598,1145,5074
8235,1262,3260,720,368,2324
8235,1262,3260,1902,9058,8897
8235,1262,3260,3870,6359,3254
8235,1262,3260,9997,9654,1765
8235,1262,3260,9314,7612,5079
8235,1262,3260,477,2472,7341
8235,1262,3260,253,7012,4631
8235,1262,3260,8131,4027,5311
8235,1262,3260,8627,6045,6172
8235,1262,3260,5299,2920,3189
8235,1262,3260,3213,9123,2100
8235,1262,3260,4295,5275,7944
8235,1262,3260,2095,3786,491
8235,1262,3260,3599,4528,5985
8235,1262,3260,8951,6858,1819
8235,1262,3260,2015,1017,7098
8235,1262,3260,9785,5115,3897
8235,1262,3260,1970,5488,5846
8235,1262,3260,715,8721,6131
8235,1262,3260,7321,2057,1065
8235,1262,3260,5773,8369,5968
8235,1262,3260,6304,6379,6183
8235,1262,3260,593,2847,9067
8235,1262,3260,2198,4659,7766
8235,1262,3260,5076,6123,9094
8235,1262,3260,5505,5209,3119
8235,1262,3260,8509,153,4531
8235,1262,3260,1287,1453,7604
8235,1262,3260,8951,6039,4984
8235,1262,3260,3134,9814,8694
8235,1262,3260,3818,437,817
8235,1262,3260,4411,2272,5269
8235,1262,3260,266,4166,2549
8235,1262,3260,8038,343,7335
8235,1262,3260,9025,1871,1541
8235,1262,3260,1540,4855,3732
8235,1262,3260,7657,6447,1808
8235,1262,3260,4992,3754,764
8235,1262,3260,3322,8257,3644
8235,1262,3260,5315,2905,3733
8235,1262,3260,2262,7716,3340
8235,1262,3260,644,9716,1028
8235,1262,3260,1129,3189,3918
8235,1262,3260,3900,9747,181
8235,1262,3260,8407,7176,6208
8235,1262,3260,7309,1206,6987
8235,1262,3260,8530,5749,9789
8235,1262,3260,7660,6348,3404
8235,1262,3260,2524,9811,1463
8235,1262,3260,1220,197,7965
8235,1262,3260,5860,3507,7370
8235,1262,3260,4222,7411,6316
8235,1262,3260,4863,9180,8535
8235,1262,3260,9852,1966,22
8235,1262,3260,3741,4237,5946
8235,1262,3260,3455,3960,9408
8235,1262,3260,9651,9006,5647
8235,1262,3260,782,356,251
8235,1262,3260,6682,7899,73
8235,1262,3260,9715,5896,2289
8235,1262,3260,6763,9434,5898
8235,1262,3260,4845,8183,3461
8235,1262,3260,8709,2508,8950
8235,1262,3260,1408,9775,6263
8235,1262,3260,6609,2944,9588
8235,1262,3260,4588,668,2416
8235,1262,3260,9337,303,1715
8235,1262,3260,7900,2307,8615
8235,1262,3260,9660,4853,7148
8235,1262,3260,5278,7861,5756
8235,1262,3260,7131,2003,7395
8235,1262,3260,6347,7022,1059
8235,1262,3260,3130,6247,4875
8235,1262,3260,9051,6266,738
8235,1262,3260,6264,3816,1710
8235,1262,3260,4151,4455,8398
8235,1262,3260,5863,6397,317
8235,1262,3260,36,8379,4819
8235,1262,3260,1356,8266,1675
8235,1262,3260,1072,9975,4754
8235,1262,3260,7546,4862,1445
8235,1262,3260,2737,1276,5677
8235,1262,3260,4701,6906,4022
8235,1262,3260,866,5795,5575
8235,1262,3260,2103,696,4623
8235,1262,3260,3368,8665,5757
8235,1262,3260,8179,2734,7968
8235,1262,3260,1201,7221,6037
8235,1262,3260,8808,9412,4793
8235,1262,3260,7829,5032,7425
8235,1262,3260,6387,6459,895
8235,1262,3260,432,4539,9713
8235,1262,3260,1549,5070,1314
8235,1262,3260,9031,8910,8763
8235,1262,3260,6516,1387,4998
8235,1262,3260,9587,8141,4085
8235,1262,3260,7877,7207,5107
8235,1262,3260,8243,3135,1379
8235,1262,3260,789,5454,1848
8235,1262,3260,3085,3651,2858
8235,1262,3260,1597,554,3805
8235,1262,3260,6942,6077,455
8235,1262,3260,5583,3934,9312
8235,1262,3260,8790,9814,6493
8235,1262,3260,3755,4135,9461
8235,1262,3260,2208,1654,988
8235,1262,3260,757,8679,6325
8235,1262,3260,2197,9259,1967
8235,1262,3260,7269,9908,7894
8235,1262,3260,6946,2685,9104
8235,1262,3260,2238,506,4208
8235,1262,3260,3926,7101,9368
8235,1262,3260,8326,7402,3177
8235,1262,3260,6897,1833,9416
8235,1262,3260,3320,9058,7606
8235,1262,3260,8395,5795,3412
8235,1262,3260,4427,7718,2071
8235,1262,3260,3794,4270,6773
8235,1262,3260,1563,3780,5351
8235,1262,3260,384,1470,6397
8235,1262,3260,5419,6918,7405
8235,1262,3260,5446,8200,1982
8235,1262,3260,7325,1790,7006
8235,1262,3260,3272,9255,8286
8235,1262,3260,1321,567,1864
8235,1262,3260,4483,3049,6375
8235,1262,3260,5805,3082,6098
8235,1262,3260,7705,9179,8169
8235,1262,3260,2351,1174,6097
8235,1262,3260,7354,2869,6876
8235,1262,3260,237,4244,8951
8235,1262,3260,5210,5411,5865
8235,1262,3260,2356,823,3132
8235,1262,3260,1492,6750,5644
8235,1262,3260,9498,3297,6833
8235,1262,3260,4300,9372,5742
8235,1262,3260,5059,1717,6270
8235,1262,3260,490,2881,5188
8235,1262,3260,3353,8094,5685
8235,1262,3260,8539,4085,4455
8235,1262,3260,8986,4099,5090
8235,1262,3260,4583,634,1901
8235,1262,3260,3022,9376,1518
8235,1262,3260,9759,5346,346
8235,1262,3260,3123,3177,7386
8235,1262,3260,1585,9185,8731
8235,1262,3260,3476,6148,2689
8235,1262,3260,8620,1740,1436
8235,1262,3260,1207,5210,823
8235,1262,3260,9569,2651,3828
8235,1262,3260,3370,831,5036
8235,1262,3260,5274,3109,2641
8235,1262,3260,8936,8267,7005
8235,1262,3260,1942,9385,1521
8235,1262,3260,6385,4085,8847
8235,1262,3260,5357,7704,1794
8235,1262,3260,3029,9763,4504
8235,1262,3260,6583,3459,594
8235,1262,3260,5469,598,2734
8235,1262,3260,9891,4072,4238
8235,1262,3260,5300,690,2419
8235,1262,3260,5419,2331,7854
8235,1262,3260,9046,9426,7387
8235,1262,3260,9734,297,4860
8235,1262,3260,33,2583,9598
8235,1262,3260,6409,4538,915
8235,1262,3260,2891,6357,1146
8235,1262,3260,88,518,8473
8235,1262,3260,1966,6384,2378
8235,1262,3260,240,7738,1533
8235,1262,3260,4288,4454,7679
8235,1262,3260,6387,7632,5163
8235,1262,3260,9100,7508,105
8235,1262,3260,3664,9404,3510
8235,1262,3260,885,5531,5039
8235,1262,3260,6146,5610,7506
8235,1262,3260,3544,3426,9928
8235,1262,3260,6190,3742,142
8235,1262,3260,2614,7771,9820
8235,1262,3260,6412,8445,8878
8235,1262,3260,2125,9669,518
8235,1262,3260,4297,6856,7103
8235,1262,3260,4895,227,7525
