4002,1811,7105,8436,6762,8810
4002,1811,7105,4572,8777,1628
4002,1811,7105,5850,4348,7203
4002,1811,7105,745,4257,8670
4002,1811,7105,7727,8573,7526
4002,1811,7105,2942,5583,5508
4002,1811,7105,4540,9419,3379
4002,1811,7105,9020,6189,4146
4002,1811,7105,5002,7311,3898
4002,1811,7105,5887,3852,1537
4002,1811,7105,7760,3215,4656
4002,1811,7105,3183,4108,9099
4002,1811,7105,9926,2381,5427
4002,1811,7105,474,9345,9334
4002,1811,7105,7466,3534,7713
4002,1811,7105,9907,5169,751
4002,1811,7105,8523,1342,9856
4002,1811,7105,3925,2442,7720
4002,1811,7105,5861,2741,3358
4002,1811,7105,3226,2420,6379
4002,1811,7105,4710,6239,833
4002,1811,7105,7154,3497,6038
4002,1811,7105,4594,2295,9804
4002,1811,7105,3852,5281,6764
4002,1811,7105,9228,9625,2501
4002,1811,7105,4609,9627,3686
4002,1811,7105,3621,4209,4040
4002,1811,7105,4047,2261,5032
4002,1811,7105,149,8289,1435
4002,1811,7105,7276,4409,1563
4002,1811,7105,831,3687,6469
4002,1811,7105,4578,8281,7714
4002,1811,7105,8416,9293,3727
4002,1811,7105,6475,1921,3744
4002,1811,7105,2630,1690,9169
4002,1811,7105,5914,4519,691
4002,1811,7105,1415,2906,7449
4002,1811,7105,3334,7290,9044
4002,1811,7105,7528,4100,2521
4002,1811,7105,7722,913,8878
4002,1811,7105,4623,4675,4984
4002,1811,7105,2481,6212,7144
4002,1811,7105,389,3848,8687
4002,1811,7105,9217,965,9071
4002,1811,7105,686,5649,8329
4002,1811,7105,1006,4708,5080
4002,1811,7105,5487,9403,364
4002,1811,7105,1436,1182,3328
4002,1811,7105,4924,9314,3676
4002,1811,7105,1603,6450,6902
4002,1811,7105,2041,6577,5730
4002,1811,7105,6914,5907,7269
4002,1811,7105,8235,4175,6879
4002,1811,7105,2398,7478,9378
4002,1811,7105,2190,7422,9456
4002,1811,7105,2426,5943,4218
4002,1811,7105,7850,3439,408
4002,1811,7105,6298,623,6970
4002,1811,7105,8185,8300,8273
4002,1811,7105,4583,9879,5800
4002,1811,7105,3472,7225,5264
4002,1811,7105,3656,4456,9831
4002,1811,7105,2522,1838,1124
4002,1811,7105,8070,9032,9234
4002,1811,7105,1830,3697,2040
4002,1811,7105,5619,2024,3047
4002,1811,7105,1370,228,2845
4002,1811,7105,2444,968,8364
4002,1811,7105,482,4953,982
4002,1811,7105,5998,5069,1486
4002,1811,7105,4997,6853,692
4002,1811,7105,4118,5550,3640
4002,1811,7105,8498,8067,8725
4002,1811,7105,334,5870,597
4002,1811,7105,527,2957,7349
4002,1811,7105,5290,940,2370
4002,1811,7105,7129,9516,3464
4002,1811,7105,3351,37,4455
4002,1811,7105,8832,1570,7894
4002,1811,7105,2298,285,3700
4002,1811,7105,3705,1842,1874
4002,1811,7105,8722,5465,9216
4002,1811,7105,270,6043,3483
4002,1811,7105,7939,9783,2551
4002,1811,7105,791,7410,8494
4002,1811,7105,8354,5870,9057
4002,1811,7105,6988,2001,1788
4002,1811,7105,4012,1178,5259
4002,1811,7105,7644,598,4995
4002,1811,7105,4689,1146,9933
4002,1811,7105,5470,4324,1713
4002,1811,7105,4658,963,838
4002,1811,7105,173,1090,1928
4002,1811,7105,4198,2641,4549
4002,1811,7105,8507,5467,7791
4002,1811,7105,485,7586,2406
4002,1811,7105,5693,7607,1744
4002,1811,7105,6785,5493,5042
4002,1811,7105,6815,8383,527
4002,1811,7105,5454,3680,9309
4002,1811,7105,9147,4050,6687
4002,1811,7105,162,1885,1629
4002,1811,7105,6758,3220,8912
4002,1811,7105,8670,4213,5005
4002,1811,7105,4231,2383,3183
4002,1811,7105,77,5140,7869
4002,1811,7105,2409,8979,2332
4002,1811,7105,3380,5200,2096
4002,1811,7105,1863,5677,8248
4002,1811,7105,7394,2295,5992
4002,1811,7105,9547,8864,3324
4002,1811,7105,504,9020,7922
4002,1811,7105,8592,1773,3569
4002,1811,7105,1370,7488,8886
4002,1811,7105,8572,761,6275
4002,1811,7105,5802,7433,5541
4002,1811,7105,7266,268,1598
4002,1811,7105,2820,2121,9497
4002,1811,7105,2490,6426,375
4002,1811,7105,1377,1850,5383
4002,1811,7105,4673,8421,7582
4002,1811,7105,9756,5917,3596
4002,1811,7105,3375,3835,3892
4002,1811,7105,9844,2446,1099
4002,1811,7105,8568,4866,1172
4002,1811,7105,1834,920,1939
4002,1811,7105,5070,787,3235
4002,1811,7105,1718,5639,6561
4002,1811,7105,663,7887,9775
4002,1811,7105,7471,4469,2846
4002,1811,7105,7347,8413,1294
4002,1811,7105,4962,622,9903
4002,1811,7105,2030,2324,1872
4002,1811,7105,6549,3567,4656
4002,1811,7105,1540,4489,150
4002,1811,7105,2656,7647,1408
4002,1811,7105,5326,9971,1499
4002,1811,7105,6966,6838,1404
4002,1811,7105,8003,8107,6283
4002,1811,7105,6434,508,8750
4002,1811,7105,1594,9560,6897
4002,1811,7105,2308,9549,2856
4002,1811,7105,8474,6935,6996
4002,1811,7105,3463,9950,9009
4002,1811,7105,2136,428,3799
4002,1811,7105,7944,3778,6338
4002,1811,7105,9580,5397,7561
4002,1811,7105,627,5496,7062
4002,1811,7105,9691,7111,9446
4002,1811,7105,6706,7244,4190
4002,1811,7105,2536,9855,2084
4002,1811,7105,9689,1781,7832
4002,1811,7105,8210,3294,4659
4002,1811,7105,296,3198,748
4002,1811,7105,2694,271,8892
4002,1811,7105,3409,7037,16
4002,1811,7105,9320,8438,7717
4002,1811,7105,6878,6870,9926
4002,1811,7105,9691,4485,9174
4002,1811,7105,7176,5912,494
4002,1811,7105,7505,2365,2831
4002,1811,7105,5076,9976,9321
4002,1811,7105,5483,546,2055
4002,1811,7105,8265,6927,46
4002,1811,7105,1902,9805,1707
4002,1811,7105,9845,460,5841
4002,1811,7105,5926,8366,3804
4002,1811,7105,4123,2305,1081
4002,1811,7105,1121,8824,6330
4002,1811,7105,8542,9681,8880
4002,1811,7105,7436,9190,7022
4002,1811,7105,154,7666,5942
4002,1811,7105,9409,9460,4086
4002,1811,7105,4150,2256,8403
4002,1811,7105,9998,9268,9155
4002,1811,7105,1625,210,1958
4002,1811,7105,6831,6583,1759
4002,1811,7105,1895,9274,8540
4002,1811,7105,5836,3825,7531
4002,1811,7105,3278,82,8876
4002,1811,7105,557,1317,367
4002,1811,7105,7475,6271,1732
4002,1811,7105,6123,1849,529
4002,1811,7105,2021,9034,176
4002,1811,7105,2393,6314,9615
4002,1811,7105,2104,219,7201
4002,1811,7105,58,6379,8231
4002,1811,7105,5540,8753,8485
4002,1811,7105,7925,6851,6155
4002,1811,7105,9426,6251,9732
4002,1811,7105,7494,2766,6581
4002,1811,7105,6862,3040,7839
4002,1811,7105,4539,2691,3340
4002,1811,7105,3,9901,4977
4002,1811,7105,4755,1949,3765
4002,1811,7105,9028,4521,8935
4002,1811,7105,9949,3923,1304
4002,1811,7105,1902,4381,435
4002,1811,7105,3502,4964,7350
4002,1811,7105,9574,4425,6373
4002,1811,7105,6959,3942,1318
4002,1811,7105,4051,2672,1426
4002,1811,7105,9368,9511,5083
4002,1811,7105,9805,7095,7263
4002,1811,7105,2851,1900,822
4002,1811,7105,9213,9861,6710
4002,1811,7105,7582,5798,6295
4002,1811,7105,7749,6920,2861
4002,1811,7105,8136,7391,5585
4002,1811,7105,6710,3062,8463
4002,1811,7105,6414,1685,9668
4002,1811,7105,6323,9065,7647
4002,1811,7105,5753,4687,2069
4002,1811,7105,373,4636,1312
4002,1811,7105,3055,3158,6812
4002,1811,7105,9565,7101,9761
4002,1811,7105,1980,4041,8068
4002,1811,7105,7720,7603,6066
4002,1811,7105,7113,1540,5514
4002,1811,7105,2480,5639,9759
4002,1811,7105,7888,8775,7823
4002,1811,7105,5982,1776,9842
4002,1811,7105,9938,7854,6235
4002,1811,7105,2052,3029,9287
4002,1811,7105,3028,9454,128
4002,1811,7105,4824,8754,7795
4002,1811,7105,8527,2237,9708
4002,1811,7105,3529,4170,902
4002,1811,7105,6275,2776,1743
4002,1811,7105,382,420,4141
4002,1811,7105,3501,9317,6193
4002,1811,7105,3150,2958,1839
4002,1811,7105,1498,4135,3837
4002,1811,7105,8724,5567,3640
4002,1811,7105,6818,4912,7935
4002,1811,7105,8915,6338,1230
4002,1811,7105,3893,7379,7495
4002,1811,7105,5152,9301,7680
4002,1811,7105,3436,7445,1904
4002,1811,7105,9787,3424,9010
4002,1811,7105,2512,5204,1668
4002,1811,7105,6977,949,7566
4002,1811,7105,6070,7469,9985
4002,1811,7105,5703,8465,4983
4002,1811,7105,1559,3643,9684
4002,1811,7105,9270,6791,2421
4002,1811,7105,6464,7673,370
4002,1811,7105,5610,9400,585
4002,1811,7105,1240,5836,4508
4002,1811,7105,3524,8337,2857
4002,1811,7105,2531,3202,8384
4002,1811,7105,1444,6373,9214
4002,1811,7105,2903,5376,635
4002,1811,7105,3387,9526,6200
4002,1811,7105,6331,6098,3490
4002,1811,7105,222,8763,6429
4002,1811,7105,1396,8426,2078
4002,1811,7105,6612,4412,5583
4002,1811,7105,2250,294,306
4002,1811,7105,9576,28,2274
4002,1811,7105,4797,6315,1241
4002,1811,7105,1929,2671,5159
4002,1811,7105,8867,6746,711
4002,1811,7105,9110,1317,96
4002,1811,7105,3977,8458,2600
4002,1811,7105,5491,4491,2259
4002,1811,7105,4599,6499,6440
4002,1811,7105,1629,8737,6613
4002,1811,7105,88,8809,523
4002,1811,7105,6808,3447,638
4002,1811,7105,4376,7967,951
4002,1811,7105,3988,3005,5544
4002,1811,7105,308,950,8356
4002,1811,7105,2740,2100,9278
4002,1811,7105,620,5522,8510
4002,1811,7105,2465,9820,465
4002,1811,7105,9119,3402,1440
4002,1811,7105,7717,3954,6967
4002,1811,7105,1542,1664,7405
4002,1811,7105,1289,6625,5827
4002,1811,7105,4775,3081,6874
4002,1811,7105,7042,6033,4692
4002,1811,7105,1342,2818,9786
4002,1811,7105,3296,4059,7552
4002,1811,7105,1099,7408,1467
4002,1811,7105,6685,8330,3412
4002,1811,7105,8373,799,1432
4002,1811,7105,819,1912,8135
4002,1811,7105,7376,9362,1096
4002,1811,7105,7808,6349,5351
4002,1811,7105,5207,5786,9726
4002,1811,7105,5520,916,1522
4002,1811,7105,5135,4227,2403
4002,1811,7105,4832,2948,2795
4002,1811,7105,8130,5847,7956
4002,1811,7105,4225,2022,70
4002,1811,7105,1056,3492,8426
4002,1811,7105,2357,8259,4475
4002,1811,7105,9770,2469,5848
4002,1811,7105,487,1854,7986
4002,1811,7105,4387,8190,7544
4002,1811,7105,8716,7928,3284
4002,1811,7105,4250,3886,4180
4002,1811,7105,8104,678,2018
4002,1811,7105,2859,5282,650
4002,1811,7105,1038,1592,9316
4002,1811,7105,4565,1610,4822
4002,1811,7105,3038,2707,2627
4002,1811,7105,2970,3271,5651
4002,1811,7105,7179,1658,8057
4002,1811,7105,364,9590,6962
4002,1811,7105,7246,2010,3657
4002,1811,7105,5808,658,2724
4002,1811,7105,9716,9607,7
4002,1811,7105,7107,8342,4387
4002,1811,7105,3149,3615,6718
4002,1811,7105,1230,8683,5539
4002,1811,7105,8896,6796,5707
4002,1811,7105,9981,9390,4731
4002,1811,7105,4167,911,6384
4002,1811,7105,7631,3183,9940
4002,1811,7105,3481,68,7968
4002,1811,7105,5690,590,1148
4002,1811,7105,877,3328,1802
4002,1811,7105,9180,4208,317
4002,1811,7105,4043,9898,8451
4002,1811,7105,1020,4321,2994
4002,1811,7105,2413,5823,8689
4002,1811,7105,9300,2994,4755
4002,1811,7105,3184,3368,2465
4002,1811,7105,6911,3568,1173
4002,1811,7105,1080,4135,300
4002,1811,7105,9366,1658,7767
4002,1811,7105,2311,3556,4840
4002,1811,7105,2566,8793,1826
4002,1811,7105,481,3816,897
4002,1811,7105,3071,85,4990
4002,1811,7105,5334,6759,2390
4002,1811,7105,7083,9609,2317
4002,1811,7105,9275,9054,8597
4002,1811,7105,9993,1567,7764
4002,1811,7105,2258,3969,109
4002,1811,7105,2626,7175,2441
4002,1811,7105,5697,9449,60
4002,1811,7105,9925,8946,7650
4002,1811,7105,3134,6451,9453
4002,1811,7105,3847,1731,8916
4002,1811,7105,893,168,2483
4002,1811,7105,1226,1487,8342
4002,1811,7105,5799,3311,5377
4002,1811,7105,2287,2870,7572
4002,1811,7105,936,714,37
4002,1811,7105,2348,5537,715
4002,1811,7105,2795,8404,612
4002,1811,7105,4592,4935,5216
4002,1811,7105,8413,1938,3269
4002,1811,7105,847,9369,9959
4002,1811,7105,4901,9733,2068
4002,1811,7105,2783,5951,7078
4002,1811,7105,2524,7261,2827
4002,1811,7105,8038,5646,1032
4002,1811,7105,595,4007,2160
4002,1811,7105,6731,6924,9274
4002,1811,7105,1061,8577,7211
4002,1811,7105,1197,8164,1463
4002,1811,7105,7666,1474,6983
4002,1811,7105,1838,7582,1747
4002,1811,7105,1420,862,3815
4002,1811,7105,512,7483,1492
4002,1811,7105,2115,7275,4386
4002,1811,7105,2723,2908,9744
4002,1811,7105,3810,3959,5221
4002,1811,7105,6241,1077,9804
4002,1811,7105,3065,1328,6419
4002,1811,7105,4921,7828,3203
4002,1811,7105,5477,1679,1728
4002,1811,7105,9511,1603,6083
4002,1811,7105,7192,8496,3761
4002,1811,7105,7010,3575,8430
4002,1811,7105,1804,8596,4360
4002,1811,7105,7604,3577,8093
4002,1811,7105,3718,3681,6661
4002,1811,7105,1776,686,9036
4002,1811,7105,141,2147,508
4002,1811,7105,1632,5206,7161
4002,1811,7105,5811,7960,2357
4002,1811,7105,9196,3738,1465
4002,1811,7105,6451,1854,6687
4002,1811,7105,7566,3289,3361
4002,1811,7105,5403,2258,8813
4002,1811,7105,1657,2589,4361
4002,1811,7105,509,7653,6548
4002,1811,7105,3531,6547,8008
4002,1811,7105,5542,453,2548
4002,1811,7105,2428,1044,6677
4002,1811,7105,9565,315,1932
4002,1811,7105,3730,4362,1090
4002,1811,7105,7468,651,9771
4002,1811,7105,9772,1837,9925
4002,1811,7105,434,7513,6528
4002,1811,7105,8623,2430,5493
4002,1811,7105,9429,7965,9059
4002,1811,7105,3716,8032,6376
4002,1811,7105,4109,9390,1801
4002,1811,7105,7417,6596,6357
4002,1811,7105,4600,1539,2941
4002,1811,7105,7012,4974,5629
4002,1811,7105,7176,7022,4574
4002,1811,7105,2571,2500,6005
4002,1811,7105,3087,7858,9557
4002,1811,7105,6921,9221,4646
4002,1811,7105,5212,1621,2971
4002,1811,7105,189,3293,8285
4002,1811,7105,146,3906,4946
4002,1811,7105,6815,310,4721
4002,1811,7105,3671,5211,1843
4002,1811,7105,5490,2137,7315
4002,1811,7105,8505,5646,2150
4002,1811,7105,770,7365,757
4002,1811,7105,1582,4336,3585
4002,1811,7105,330,187,6101
4002,1811,7105,8533,8513,9058
4002,1811,7105,4263,2669,4083
4002,1811,7105,2595,9404,259
4002,1811,7105,9218,6813,4021
4002,1811,7105,4666,4134,4901
4002,1811,7105,6436,4888,5978
4002,1811,7105,8232,6121,4811
4002,1811,7105,9849,2063,9092
4002,1811,7105,147,8105,5355
4002,1811,7105,1818,5144,6738
4002,1811,7105,1438,4793,5945
4002,1811,7105,5345,930,6257
4002,1811,7105,7762,7506,7757
4002,1811,7105,5888,2963,2802
4002,1811,7105,3190,5466,276
4002,1811,7105,5869,9766,4318
4002,1811,7105,4360,6243,329
4002,1811,7105,7436,4755,1333
4002,1811,7105,196,1564,6929
4002,1811,7105,3323,3332,7908
4002,1811,7105,2556,5655,777
4002,1811,7105,9905,8481,4525
4002,1811,7105,6190,9355,3948
4002,1811,7105,9360,6256,4286
4002,1811,7105,3052,4118,6812
4002,1811,7105,6257,4131,3374
4002,1811,7105,6899,6282,7020
4002,1811,7105,522,7087,9166
4002,1811,7105,3711,2803,7484
4002,1811,7105,9129,3670,8269
4002,1811,7105,2964,1515,7426
4002,1811,7105,6583,5972,2463
4002,1811,7105,9912,5284,7224
4002,1811,7105,1995,431,8353
4002,1811,7105,7445,2856,9198
4002,1811,7105,491,3377,2928
4002,1811,7105,5401,7273,6856
4002,1811,7105,328,9461,9358
4002,1811,7105,7545,9389,4799
4002,1811,7105,6762,2969,2245
4002,1811,7105,8766,2552,6969
4002,1811,7105,1520,6316,2387
4002,1811,7105,3560,2944,5854
4002,1811,7105,6164,2645,669
4002,1811,7105,3354,5538,9346
4002,1811,7105,1591,3080,2386
4002,1811,7105,7381,3535,2427
4002,1811,7105,6919,5993,1330
4002,1811,7105,1555,1120,1112
4002,1811,7105,9914,2212,5620
4002,1811,7105,1261,7745,2682
4002,1811,7105,1483,90,5504
4002,1811,7105,8424,4433,2639
4002,1811,7105,7286,3906,9530
4002,1811,7105,8840,6305,1456
4002,1811,7105,2618,3998,7889
4002,1811,7105,7069,9529,1073
4002,1811,7105,7515,2414,6802
4002,1811,7105,3384,9556,2473
4002,1811,7105,4225,6560,8866
4002,1811,7105,9989,5892,4375
4002,1811,7105,987,6897,8836
4002,1811,7105,1036,9202,6202
4002,1811,7105,7339,882,9925
4002,1811,7105,9825,5347,2066
4002,1811,7105,726,7058,793
4002,1811,7105,9031,2588,8431
4002,1811,7105,2034,6120,5159
4002,1811,7105,6716,9481,1014
4002,1811,7105,494,7513,659
4002,1811,7105,2613,5165,1945
4002,1811,7105,7997,8122,5624
4002,1811,7105,4153,9710,8945
4002,1811,7105,2308,9024,5633
4002,1811,7105,8011,3190,4724
4002,1811,7105,8914,6955,9792
4002,1811,7105,1710,9985,3158
4002,1811,7105,9778,5619,2682
4002,1811,7105,5651,9003,4221
4002,1811,7105,3074,1612,3382
4002,1811,7105,4268,1288,7559
4002,1811,7105,8801,1078,5534
4002,1811,7105,7783,7309,3705
4002,1811,7105,384,8846,9613
4002,1811,7105,9810,1902,424
4002,1811,7105,1566,4500,37
4002,1811,7105,5831,7389,4716
4002,1811,7105,453,3599,7765
4002,1811,7105,7561,8501,3907
