8235,1262,3260,9698,6776,9402
8235,1262,3260,3483,2962,3054
8235,1262,3260,4555,9329,837
8235,1262,3260,947,5507,4790
8235,1262,3260,1739,8794,562
8235,1262,3260,9839,7935,1893
8235,1262,3260,5527,4873,3218
8235,1262,3260,5460,6160,8713
8235,1262,3260,1772,1666,8120
8235,1262,3260,4908,1568,948
8235,1262,3260,4864,1838,411
8235,1262,3260,8022,4679,5016
8235,1262,3260,4573,7355,975
8235,1262,3260,8129,1493,1588
8235,1262,3260,594,3319,4365
8235,1262,3260,4909,7251,4807
8235,1262,3260,7114,9330,3517
8235,1262,3260,9371,702,2552
8235,1262,3260,8450,6730,781
8235,1262,3260,3044,120,5982
8235,1262,3260,8420,5800,2282
8235,1262,3260,7145,4562,2644
8235,1262,3260,1467,2051,1574
8235,1262,3260,1736,5918,5261
8235,1262,3260,6097,700,364
8235,1262,3260,6268,8124,3996
8235,1262,3260,5516,6375,4250
8235,1262,3260,3540,4556,3732
8235,1262,3260,5527,3605,1400
8235,1262,3260,8139,6063,3599
8235,1262,3260,2703,8956,9615
8235,1262,3260,2899,9150,6267
8235,1262,3260,3446,2503,6287
8235,1262,3260,3457,8869,3018
8235,1262,3260,1885,3027,3454
8235,1262,3260,9909,1320,4223
8235,1262,3260,7831,4392,7471
8235,1262,3260,5048,5512,1970
8235,1262,3260,8293,3286,8947
8235,1262,3260,1732,5135,6466
8235,1262,3260,7479,3212,726
8235,1262,3260,1999,9979,8128
8235,1262,3260,5602,1684,9191
8235,1262,3260,7287,1889,3463
8235,1262,3260,1978,1845,8517
8235,1262,3260,4375,3251,1507
8235,1262,3260,8222,5534,2442
8235,1262,3260,2801,8191,2173
8235,1262,3260,8198,9296,2923
8235,1262,3260,8538,9871,4436
8235,1262,3260,6287,2909,8504
8235,1262,3260,834,6295,5790
8235,1262,3260,5472,9440,1394
8235,1262,3260,825,1000,3328
8235,1262,3260,4914,832,5511
8235,1262,3260,1212,8197,191
8235,1262,3260,239,4052,1071
8235,1262,3260,2129,2844,4494
8235,1262,3260,3888,5091,7658
8235,1262,3260,3810,4109,5140
8235,1262,3260,3655,6920,2259
8235,1262,3260,2406,1544,6270
8235,1262,3260,5453,7517,4710
8235,1262,3260,3425,8717,7391
8235,1262,3260,9646,3726,3755
8235,1262,3260,1979,9676,6422
8235,1262,3260,5289,1387,5129
8235,1262,3260,4336,2153,9251
8235,1262,3260,5857,3778,7850
8235,1262,3260,6483,263,7728
8235,1262,3260,4579,7976,212
8235,1262,3260,7022,2818,3012
8235,1262,3260,1013,4206,504
8235,1262,3260,1432,701,7510
8235,1262,3260,6497,8134,1409
8235,1262,3260,4220,2968,7371
8235,1262,3260,8444,3602,206
8235,1262,3260,8795,2633,7769
8235,1262,3260,9158,1120,4631
8235,1262,3260,1135,3224,732
8235,1262,3260,4941,5882,6421
8235,1262,3260,366,200,3771
8235,1262,3260,800,6590,7255
8235,1262,3260,9846,1634,6384
8235,1262,3260,1597,4961,7976
8235,1262,3260,645,564,3310
8235,1262,3260,8692,2154,2534
8235,1262,3260,448,7112,9732
8235,1262,3260,4345,41,3766
8235,1262,3260,9738,6057,8750
8235,1262,3260,3578,373,2611
8235,1262,3260,6182,8382,9056
8235,1262,3260,7283,5692,164
8235,1262,3260,3887,4397,3843
8235,1262,3260,915,9600,6270
8235,1262,3260,7394,1930,1986
8235,1262,3260,9947,3836,6282
8235,1262,3260,2745,793,4725
8235,1262,3260,2133,8350,6023
8235,1262,3260,3952,4157,7168
8235,1262,3260,8377,3499,1375
8235,1262,3260,1209,173,1694
8235,1262,3260,1243,3739,3086
8235,1262,3260,1361,7174,1216
8235,1262,3260,7201,7484,3165
8235,1262,3260,7457,2916,3339
8235,1262,3260,7963,7239,4651
8235,1262,3260,2018,6806,1442
8235,1262,3260,8266,2556,5221
8235,1262,3260,4513,1084,4779
8235,1262,3260,7290,7430,3362
8235,1262,3260,8340,997,757
8235,1262,3260,6720,3416,9576
8235,1262,3260,5896,9302,6193
8235,1262,3260,7055,7995,749
8235,1262,3260,2552,4877,4948
8235,1262,3260,634,7030,6004
8235,1262,3260,4601,4917,1490
8235,1262,3260,5756,9167,805
8235,1262,3260,4470,6825,3516
8235,1262,3260,9880,8952,7557
8235,1262,3260,6767,3016,1432
8235,1262,3260,7521,2916,2911
8235,1262,3260,8191,1572,5693
8235,1262,3260,1114,9896,4876
8235,1262,3260,201,9924,1729
8235,1262,3260,7838,768,7257
8235,1262,3260,5912,4997,1471
8235,1262,3260,9681,6956,6007
8235,1262,3260,2701,6371,1515
8235,1262,3260,8213,7286,5662
8235,1262,3260,5871,8448,9997
8235,1262,3260,1120,4465,8668
8235,1262,3260,8406,9638,5941
8235,1262,3260,3888,7900,6990
8235,1262,3260,8496,1887,2829
8235,1262,3260,9856,5851,1908
8235,1262,3260,5702,2312,35
8235,1262,3260,2558,4629,5290
8235,1262,3260,3619,7606,6024
8235,1262,3260,2564,2097,4462
8235,1262,3260,2097,8003,7057
8235,1262,3260,8144,3873,99
8235,1262,3260,2236,359,1430
8235,1262,3260,6326,7750,7011
8235,1262,3260,2641,3023,4877
8235,1262,3260,3646,1198,2631
8235,1262,3260,1689,1113,9861
8235,1262,3260,7621,5566,3818
8235,1262,3260,4938,5685,6832
8235,1262,3260,724,7733,2232
8235,1262,3260,3473,7845,2385
8235,1262,3260,464,3046,6241
8235,1262,3260,4656,3031,2506
8235,1262,3260,1417,6432,1760
8235,1262,3260,8633,6708,3002
8235,1262,3260,1202,6335,4968
8235,1262,3260,477,4982,3057
8235,1262,3260,5947,9996,2426
8235,1262,3260,7723,6920,8580
8235,1262,3260,5569,439,4073
8235,1262,3260,3125,7466,7499
8235,1262,3260,364,7541,5699
8235,1262,3260,8986,7656,1621
8235,1262,3260,6353,2524,2365
8235,1262,3260,1059,4836,374
8235,1262,3260,9251,6392,9279
8235,1262,3260,9281,5576,2693
8235,1262,3260,8982,4899,2232
8235,1262,3260,6731,2436,9203
8235,1262,3260,9860,90,9662
8235,1262,3260,4284,5692,8854
8235,1262,3260,8133,1828,1288
8235,1262,3260,487,1582,931
8235,1262,3260,4123,958,6641
8235,1262,3260,6094,6897,2765
8235,1262,3260,780,6615,8401
8235,1262,3260,1386,2111,3399
8235,1262,3260,5535,6561,5892
8235,1262,3260,9622,6979,1878
8235,1262,3260,9579,8049,457
8235,1262,3260,46,4649,9324
8235,1262,3260,5677,9795,1553
8235,1262,3260,2123,7073,3560
8235,1262,3260,5562,3278,6403
8235,1262,3260,9417,8085,2715
8235,1262,3260,1274,244,4357
8235,1262,3260,4465,9399,4315
8235,1262,3260,8933,2966,5197
8235,1262,3260,1562,5176,3955
8235,1262,3260,7846,2144,2428
8235,1262,3260,4222,4720,6716
8235,1262,3260,9663,1898,200
8235,1262,3260,3372,9356,2167
8235,1262,3260,7362,4004,9533
8235,1262,3260,9063,7325,9434
8235,1262,3260,808,2663,3365
8235,1262,3260,4180,6089,43
8235,1262,3260,7955,3187,217
8235,1262,3260,564,9243,9946
8235,1262,3260,2334,3753,8533
8235,1262,3260,8883,6563,7782
8235,1262,3260,2363,2357,9460
8235,1262,3260,229,4233,131
8235,1262,3260,377,6852,9060
8235,1262,3260,5698,1275,2474
8235,1262,3260,1216,6952,8499
8235,1262,3260,4428,1249,7442
8235,1262,3260,7627,5627,2230
8235,1262,3260,2437,9110,687
8235,1262,3260,342,4634,839
8235,1262,3260,9308,2873,7205
8235,1262,3260,6091,9303,2096
8235,1262,3260,5645,438,7617
8235,1262,3260,4191,4216,9667
8235,1262,3260,6600,1874,1576
8235,1262,3260,2106,8838,9569
8235,1262,3260,6682,420,9176
8235,1262,3260,410,5384,417
8235,1262,3260,8582,7070,9911
8235,1262,3260,4601,3309,4253
8235,1262,3260,2615,9363,3218
8235,1262,3260,5145,5727,7837
8235,1262,3260,1598,6219,9819
8235,1262,3260,7209,5701,6334
8235,1262,3260,2249,7552,6024
8235,1262,3260,2225,9040,6772
8235,1262,3260,3289,2005,5467
8235,1262,3260,8424,6196,7745
8235,1262,3260,1273,10000,9748
8235,1262,3260,3667,8698,7410
8235,1262,3260,3805,5332,8546
8235,1262,3260,940,4961,9382
8235,1262,3260,3522,2103,8588
8235,1262,3260,667,7244,1989
8235,1262,3260,6592,6965,3195
8235,1262,3260,8634,7764,1563
8235,1262,3260,5773,632,4753
8235,1262,3260,7014,4159,5880
8235,1262,3260,6740,3655,6426
8235,1262,3260,8994,7121,7181
8235,1262,3260,121,2710,9888
8235,1262,3260,9946,9524,3123
8235,1262,3260,9660,4311,6340
8235,1262,3260,8244,8412,5164
8235,1262,3260,1581,4562,6435
8235,1262,3260,5136,153,547
8235,1262,3260,55,5513,7765
8235,1262,3260,2335,779,9852
8235,1262,3260,7602,3778,5327
8235,1262,3260,1763,3024,7076
8235,1262,3260,3025,9488,8341
8235,1262,3260,3694,2463,7365
8235,1262,3260,9000,4369,2200
8235,1262,3260,6514,6005,2495
8235,1262,3260,5844,1256,3110
8235,1262,3260,743,6455,7447
8235,1262,3260,5007,496,8402
8235,1262,3260,6339,966,2685
8235,1262,3260,7971,8346,2045
8235,1262,3260,1193,2954,9928
8235,1262,3260,8409,6428,6866
8235,1262,3260,9093,715,6305
8235,1262,3260,5645,6096,1854
8235,1262,3260,9272,6620,8123
8235,1262,3260,3110,6022,2777
8235,1262,3260,2919,7354,4348
8235,1262,3260,3300,9382,6363
8235,1262,3260,474,6081,3787
8235,1262,3260,9476,3621,7292
8235,1262,3260,1259,7427,1836
8235,1262,3260,6707,7026,8812
8235,1262,3260,6028,297,4813
8235,1262,3260,564,9108,7453
8235,1262,3260,6619,6166,7871
8235,1262,3260,7601,3825,6410
8235,1262,3260,3051,4185,6615
8235,1262,3260,1179,1496,4701
8235,1262,3260,5490,7115,3495
8235,1262,3260,3358,6313,882
8235,1262,3260,5253,6337,9949
8235,1262,3260,3570,4686,4217
8235,1262,3260,1824,2117,7099
8235,1262,3260,3365,2302,1388
8235,1262,3260,3554,5363,2812
8235,1262,3260,2119,4587,1559
8235,1262,3260,8887,3363,3835
8235,1262,3260,2446,3417,7881
8235,1262,3260,7041,8736,8569
8235,1262,3260,7166,7727,3672
8235,1262,3260,2541,4609,1136
8235,1262,3260,4327,717,7996
8235,1262,3260,5308,1568,4374
8235,1262,3260,5750,932,900
8235,1262,3260,7581,8076,2325
8235,1262,3260,7928,8974,9474
8235,1262,3260,7213,127,9989
8235,1262,3260,3833,5253,5775
8235,1262,3260,5994,6203,9811
8235,1262,3260,4105,1991,6062
8235,1262,3260,8886,2543,3115
8235,1262,3260,7706,1613,4854
8235,1262,3260,8014,3343,6945
8235,1262,3260,9299,6265,1429
8235,1262,3260,3260,2057,174
8235,1262,3260,3891,8359,5567
8235,1262,3260,4176,12,3083
8235,1262,3260,7258,4939,6314
8235,1262,3260,6239,6387,6282
8235,1262,3260,6197,553,4010
8235,1262,3260,6434,5103,835
8235,1262,3260,2386,917,8750
8235,1262,3260,484,556,8326
8235,1262,3260,8281,7677,2912
8235,1262,3260,7714,7213,6400
8235,1262,3260,3617,1107,3091
8235,1262,3260,5190,7722,9773
8235,1262,3260,3160,5295,6844
8235,1262,3260,9514,4874,4377
8235,1262,3260,4929,5075,9312
8235,1262,3260,8122,2120,1131
8235,1262,3260,5044,6888,8171
8235,1262,3260,2459,5166,3574
8235,1262,3260,946,4924,5063
8235,1262,3260,600,428,278
8235,1262,3260,9641,1755,2916
8235,1262,3260,9120,4199,142
8235,1262,3260,3486,5877,6284
8235,1262,3260,720,451,7485
8235,1262,3260,8611,9485,35
8235,1262,3260,3084,9332,8636
8235,1262,3260,8614,3822,7598
8235,1262,3260,6572,3016,8723
8235,1262,3260,1893,2780,5694
8235,1262,3260,56,3822,368
8235,1262,3260,896,1800,5617
8235,1262,3260,7365,3462,2033
8235,1262,3260,3231,4504,7531
8235,1262,3260,9643,1993,7774
8235,1262,3260,3398,6988,4277
8235,1262,3260,3746,6595,8529
8235,1262,3260,7558,7211,6440
8235,1262,3260,6321,3602,157
8235,1262,3260,9238,6389,1022
8235,1262,3260,648,1846,6912
8235,1262,3260,5379,9207,8089
8235,1262,3260,494,1942,2560
8235,1262,3260,4775,3910,6223
8235,1262,3260,7641,5977,8991
8235,1262,3260,9529,5184,9860
8235,1262,3260,7632,8978,4530
8235,1262,3260,5621,7279,491
8235,1262,3260,6199,3058,5543
8235,1262,3260,1747,810,6082
8235,1262,3260,9301,4148,6115
8235,1262,3260,5427,6602,9201
8235,1262,3260,9311,2714,8038
8235,1262,3260,3510,1492,3548
8235,1262,3260,1948,3057,5651
8235,1262,3260,8928,564,207
8235,1262,3260,9157,6343,5025
8235,1262,3260,3869,7283,7442
8235,1262,3260,6276,1181,4609
8235,1262,3260,7780,1217,740
8235,1262,3260,2043,4013,3837
8235,1262,3260,8932,6463,8632
8235,1262,3260,3821,8224,1474
8235,1262,3260,878,9067,1598
8235,1262,3260,7507,5801,1325
8235,1262,3260,1681,2074,2949
8235,1262,3260,5316,9124,7216
8235,1262,3260,1721,6333,3619
8235,1262,3260,516,2956,7074
8235,1262,3260,9838,8654,5963
8235,1262,3260,4469,651,940
8235,1262,3260,1064,9927,7297
8235,1262,3260,1516,2982,3495
8235,1262,3260,3433,5488,4603
8235,1262,3260,2405,531,1272
8235,1262,3260,1721,4109,5787
8235,1262,3260,7476,8845,3987
8235,1262,3260,7367,1524,5931
8235,1262,3260,8359,6580,9303
8235,1262,3260,7429,6183,5161
8235,1262,3260,241,4208,2286
8235,1262,3260,1233,2068,3585
8235,1262,3260,567,4310,4847
8235,1262,3260,6995,4460,3140
8235,1262,3260,1380,9373,865
8235,1262,3260,5810,9766,7675
8235,1262,3260,5320,5032,8627
8235,1262,3260,746,7777,8637
8235,1262,3260,4564,1994,472
8235,1262,3260,9930,8415,6377
8235,1262,3260,6602,4362,7381
8235,1262,3260,237,411,2656
8235,1262,3260,6870,2591,8067
8235,1262,3260,3590,2108,9307
8235,1262,3260,3337,8784,274
8235,1262,3260,794,3565,3562
8235,1262,3260,8725,6886,2768
8235,1262,3260,1170,2531,9129
8235,1262,3260,7834,8237,4004
8235,1262,3260,5049,5169,924
8235,1262,3260,2603,2124,477
8235,1262,3260,3389,662,1630
8235,1262,3260,3200,9969,3250
8235,1262,3260,2048,5269,664
8235,1262,3260,3935,5742,829
8235,1262,3260,2988,7946,6922
8235,1262,3260,6026,4192,6238
8235,1262,3260,4838,2967,1042
8235,1262,3260,1927,1112,210
8235,1262,3260,2150,1298,5278
8235,1262,3260,516,7434,3573
8235,1262,3260,7842,6478,5281
8235,1262,3260,2442,6786,5429
8235,1262,3260,1070,56,9532
8235,1262,3260,1624,4219,8134
8235,1262,3260,1832,6059,6296
8235,1262,3260,7214,8607,4956
8235,1262,3260,301,7354,9027
8235,1262,3260,3269,3030,4547
8235,1262,3260,7643,3683,3108
8235,1262,3260,1633,6476,6722
8235,1262,3260,1638,1645,4415
8235,1262,3260,1531,6843,3471
8235,1262,3260,6111,782,4873
8235,1262,3260,2049,7740,3963
8235,1262,3260,989,1032,7413
8235,1262,3260,7932,9971,3033
8235,1262,3260,125,5119,5570
8235,1262,3260,9049,6666,9784
8235,1262,3260,5261,4148,9033
8235,1262,3260,2232,4281,2989
8235,1262,3260,3917,8898,7038
8235,1262,3260,6279,9408,9433
8235,1262,3260,219,1150,835
8235,1262,3260,8254,1107,7605
8235,1262,3260,5928,2108,1485
8235,1262,3260,8133,982,3171
8235,1262,3260,5825,2891,7541
8235,1262,3260,9811,357,233
8235,1262,3260,1070,9365,5911
8235,1262,3260,5006,3357,3633
8235,1262,3260,9969,4693,1671
8235,1262,3260,2073,4306,9415
8235,1262,3260,2077,576,1137
8235,1262,3260,8172,968,7106
8235,1262,3260,8950,5541,340
8235,1262,3260,560,7486,2547
8235,1262,3260,3694,1383,4564
8235,1262,3260,6668,6546,5872
8235,1262,3260,4448,3483,7645
8235,1262,3260,8751,650,6023
8235,1262,3260,5079,252,4202
8235,1262,3260,9112,3251,3202
8235,1262,3260,1824,620,6182
8235,1262,3260,6411,8298,8767
8235,1262,3260,8730,2978,4059
8235,1262,3260,7122,3185,5814
8235,1262,3260,2529,3029,5561
8235,1262,3260,9239,7909,8566
8235,1262,3260,7761,2021,2490
8235,1262,3260,7497,4445,7478
8235,1262,3260,9244,5070,7602
8235,1262,3260,8703,370,954
8235,1262,3260,3860,2170,5851
8235,1262,3260,1822,8548,3638
8235,1262,3260,5632,730,1111
8235,1262,3260,2051,6591,2584
8235,1262,3260,6287,8957,651
8235,1262,3260,3024,9129,2759
8235,1262,3260,323,4980,5033
8235,1262,3260,6328,8737,7465
8235,1262,3260,2924,6870,77
8235,1262,3260,7248,4192,1113
8235,1262,3260,5813,8367,868
8235,1262,3260,5495,4291,7363
8235,1262,3260,5712,5589,2462
8235,1262,3260,9371,2245,9018
8235,1262,3260,5463,6360,5459
8235,1262,3260,3606,563,7161
8235,1262,3260,4001,595,5310
8235,1262,3260,113,115,3467
8235,1262,3260,8796,7813,7564
8235,1262,3260,8488,7373,149
8235,1262,3260,5772,2314,8219
8235,1262,3260,9465,6682,2253
8235,1262,3260,2546,118,1724
8235,1262,3260,3339,3292,6446
8235,1262,3260,4890,5553,5757
8235,1262,3260,6540,2772,4818
8235,1262,3260,2382,6306,5591
8235,1262,3260,8145,7275,5382
8235,1262,3260,8976,9265,683
8235,1262,3260,2580,7567,807
8235,1262,3260,8483,6277,3847
8235,1262,3260,1880,8373,946
8235,1262,3260,3076,1331,3761
8235,1262,3260,2951,9710,5088
8235,1262,3260,5507,730,2009
8235,1262,3260,1815,9131,9004
8235,1262,3260,916,1172,9822
8235,1262,3260,4673,6091,4522
8235,1262,3260,7972,6275,5850
8235,1262,3260,2573,6410,9246
8235,1262,3260,5846,2131,7105
8235,1262,3260,4918,591,4236
8235,1262,3260,9018,8338,6048
