6767,2899,2817,8642,9633,7154
6767,2899,2817,9443,8027,8221
6767,2899,2817,3716,8944,2856
6767,2899,2817,9603,7879,1249
6767,2899,2817,5341,5587,8403
6767,2899,2817,3818,2897,9645
6767,2899,2817,6959,4202,6957
6767,2899,2817,7652,137,2718
6767,2899,2817,1091,8036,5284
6767,2899,2817,7792,7528,9099
6767,2899,2817,2562,2231,787
6767,2899,2817,6076,5932,6322
6767,2899,2817,680,3088,751
6767,2899,2817,7367,7931,5291
6767,2899,2817,1087,9401,415
6767,2899,2817,9432,1533,9923
6767,2899,2817,7210,4694,9749
6767,2899,2817,9226,7874,5988
6767,2899,2817,5531,4751,3549
6767,2899,2817,2525,7907,8256
6767,2899,2817,9588,4281,5892
6767,2899,2817,9594,3917,5107
6767,2899,2817,3951,4463,4338
6767,2899,2817,5427,7911,4388
6767,2899,2817,2607,2051,1069
6767,2899,2817,3520,5389,5567
6767,2899,2817,4128,1019,5608
6767,2899,2817,6665,4035,1766
6767,2899,2817,4043,302,8940
6767,2899,2817,2836,2755,9111
6767,2899,2817,5719,7799,5789
6767,2899,2817,307,3512,3231
6767,2899,2817,7702,7683,5383
6767,2899,2817,2569,2846,6728
6767,2899,2817,6323,4072,7145
6767,2899,2817,6104,8278,4032
6767,2899,2817,2762,1180,1533
6767,2899,2817,1275,4940,5765
6767,2899,2817,494,9501,9165
6767,2899,2817,7474,5459,6824
6767,2899,2817,7216,4106,4936
6767,2899,2817,8858,2256,2533
6767,2899,2817,1869,269,7204
6767,2899,2817,5608,7916,1812
6767,2899,2817,3479,2892,573
6767,2899,2817,8583,4116,2051
6767,2899,2817,333,3950,7036
6767,2899,2817,6887,9564,189
6767,2899,2817,1253,2210,8001
6767,2899,2817,1550,6778,9754
6767,2899,2817,3419,727,8684
6767,2899,2817,4453,7897,6903
6767,2899,2817,4200,1636,5474
6767,2899,2817,5319,7361,7102
6767,2899,2817,8982,4883,2621
6767,2899,2817,8179,5123,6015
6767,2899,2817,1458,6315,4042
6767,2899,2817,4093,7585,858
6767,2899,2817,714,1374,7246
6767,2899,2817,745,7267,1875
6767,2899,2817,1985,461,381
6767,2899,2817,2735,6025,5661
6767,2899,2817,4047,7242,817
6767,2899,2817,2871,1296,1433
6767,2899,2817,8623,8894,5279
6767,2899,2817,4187,1707,5093
6767,2899,2817,1883,2293,8375
6767,2899,2817,7101,1941,6551
6767,2899,2817,6205,2108,9522
6767,2899,2817,3238,5638,9713
6767,2899,2817,5808,3824,348
6767,2899,2817,203,3223,1155
6767,2899,2817,841,7792,1293
6767,2899,2817,8657,6416,9850
6767,2899,2817,2188,223,71
6767,2899,2817,4413,9775,4130
6767,2899,2817,4894,9574,9122
6767,2899,2817,4077,212,2587
6767,2899,2817,9091,8198,3526
6767,2899,2817,2010,3096,4684
6767,2899,2817,2,2956,3580
6767,2899,2817,2296,1454,9640
6767,2899,2817,1370,6132,8705
6767,2899,2817,8795,6210,3750
6767,2899,2817,4099,2408,6820
6767,2899,2817,3903,3972,8800
6767,2899,2817,2005,90,8067
6767,2899,2817,5643,8866,3592
6767,2899,2817,5903,9371,4379
6767,2899,2817,3539,5787,6342
6767,2899,2817,4328,2419,2304
6767,2899,2817,8421,9944,4906
6767,2899,2817,6718,2485,7646
6767,2899,2817,6197,4013,2648
6767,2899,2817,5704,4277,1654
6767,2899,2817,7922,12,3250
6767,2899,2817,8880,5401,3983
6767,2899,2817,1772,381,3201
6767,2899,2817,9654,5530,6544
6767,2899,2817,7570,9936,8397
6767,2899,2817,9093,3115,7030
6767,2899,2817,3567,2492,4687
6767,2899,2817,3452,1535,7739
6767,2899,2817,7498,886,5219
6767,2899,2817,3998,9454,2141
6767,2899,2817,8561,3237,7784
6767,2899,2817,8218,8869,4980
6767,2899,2817,4485,5592,4330
6767,2899,2817,4172,5000,9953
6767,2899,2817,5878,61,6960
6767,2899,2817,8283,7812,4045
6767,2899,2817,6327,3457,3131
6767,2899,2817,2949,2639,825
6767,2899,2817,9957,2711,5019
6767,2899,2817,2950,8494,2811
6767,2899,2817,8975,2867,9289
6767,2899,2817,5417,1654,5396
6767,2899,2817,237,2878,494
6767,2899,2817,2636,1420,3884
6767,2899,2817,9198,5049,3905
6767,2899,2817,3489,852,6516
6767,2899,2817,6665,3830,7150
6767,2899,2817,4066,3225,9803
6767,2899,2817,7998,6579,1991
6767,2899,2817,6924,8197,5329
6767,2899,2817,8151,7223,5336
6767,2899,2817,245,2623,6852
6767,2899,2817,1473,1874,1588
6767,2899,2817,4325,2303,7620
6767,2899,2817,636,5531,4336
6767,2899,2817,3240,9592,544
6767,2899,2817,1299,2541,197
6767,2899,2817,9939,6157,1793
6767,2899,2817,7460,6432,8991
6767,2899,2817,2911,7609,2880
6767,2899,2817,3060,4467,2029
6767,2899,2817,4549,2716,7182
6767,2899,2817,7383,7732,5401
6767,2899,2817,9299,6640,4238
6767,2899,2817,9860,5042,8708
6767,2899,2817,8691,5583,4418
6767,2899,2817,5012,839,3901
6767,2899,2817,3234,1850,7025
6767,2899,2817,1903,2898,1406
6767,2899,2817,1395,6271,6734
6767,2899,2817,6618,7249,47
6767,2899,2817,213,1061,7590
6767,2899,2817,5439,6093,146
6767,2899,2817,3142,7209,6111
6767,2899,2817,5564,2503,1667
6767,2899,2817,6774,3391,1192
6767,2899,2817,6632,112,3610
6767,2899,2817,9001,5317,4082
6767,2899,2817,9636,2457,4063
6767,2899,2817,171,361,8258
6767,2899,2817,6584,8319,451
6767,2899,2817,2836,863,1609
6767,2899,2817,2009,9637,433
6767,2899,2817,6112,1519,9415
6767,2899,2817,6387,5886,8941
6767,2899,2817,9225,5427,1360
6767,2899,2817,2990,3895,419
6767,2899,2817,6216,1265,7864
6767,2899,2817,6844,1033,9830
6767,2899,2817,4425,8323,533
6767,2899,2817,9970,2578,6533
6767,2899,2817,331,9103,4144
6767,2899,2817,3838,9341,1154
6767,2899,2817,6777,6242,2369
6767,2899,2817,7228,6283,1833
6767,2899,2817,7276,1492,2995
6767,2899,2817,8141,6940,5782
6767,2899,2817,7368,7161,6881
6767,2899,2817,8197,219,7465
6767,2899,2817,9511,2727,1786
6767,2899,2817,9360,7176,3062
6767,2899,2817,3753,1177,7396
6767,2899,2817,6280,3344,8639
6767,2899,2817,6595,5490,2147
6767,2899,2817,8717,7817,6858
6767,2899,2817,5844,575,1409
6767,2899,2817,359,1832,5057
6767,2899,2817,3769,2761,9737
6767,2899,2817,7384,3253,4322
6767,2899,2817,4625,8656,7505
6767,2899,2817,2470,6794,5285
6767,2899,2817,5004,4743,7530
6767,2899,2817,6252,1440,3735
6767,2899,2817,924,1932,6593
6767,2899,2817,7032,7468,1105
6767,2899,2817,8506,9872,8384
6767,2899,2817,8705,9542,4818
6767,2899,2817,7910,3769,6839
6767,2899,2817,9225,8301,6888
6767,2899,2817,426,9482,4372
6767,2899,2817,4047,3967,7293
6767,2899,2817,8482,3688,2777
6767,2899,2817,460,7701,9529
6767,2899,2817,34,9804,5955
6767,2899,2817,250,1760,317
6767,2899,2817,6830,7590,3561
6767,2899,2817,4946,1214,9002
6767,2899,2817,1678,5644,4958
6767,2899,2817,6867,4863,6129
6767,2899,2817,8299,3466,8956
6767,2899,2817,1712,7003,3007
6767,2899,2817,8825,4406,7852
6767,2899,2817,9163,2083,9089
6767,2899,2817,6312,1199,3730
6767,2899,2817,5728,3977,6742
6767,2899,2817,7409,8409,6387
6767,2899,2817,4448,2927,7090
6767,2899,2817,337,4802,7611
6767,2899,2817,1595,7608,23
6767,2899,2817,1506,5985,9749
6767,2899,2817,5257,6741,1475
6767,2899,2817,9422,6921,9382
6767,2899,2817,705,1263,2425
6767,2899,2817,3800,4387,892
6767,2899,2817,4776,9629,8359
6767,2899,2817,5877,4632,2745
6767,2899,2817,4538,904,5751
6767,2899,2817,8728,2192,9724
6767,2899,2817,1626,2,2313
6767,2899,2817,8492,799,8681
6767,2899,2817,7447,8997,6842
6767,2899,2817,6836,5012,8949
6767,2899,2817,1837,7552,8904
6767,2899,2817,9454,7382,7069
6767,2899,2817,6074,5589,236
6767,2899,2817,5336,936,6543
6767,2899,2817,1834,5032,9817
6767,2899,2817,536,6681,5772
6767,2899,2817,4456,1769,5349
6767,2899,2817,6655,5892,7576
6767,2899,2817,9353,7468,7663
6767,2899,2817,6467,5599,4266
6767,2899,2817,6096,2136,4604
6767,2899,2817,4266,8984,6333
6767,2899,2817,7936,1731,70
6767,2899,2817,694,9853,1002
6767,2899,2817,4552,8829,7951
6767,2899,2817,2425,4408,4452
6767,2899,2817,4911,7535,7727
6767,2899,2817,6726,1363,2367
6767,2899,2817,995,2499,4471
6767,2899,2817,6798,1178,4523
6767,2899,2817,2273,1214,940
6767,2899,2817,8730,3211,4711
6767,2899,2817,6656,3988,1361
6767,2899,2817,9183,3256,6870
6767,2899,2817,4105,956,4173
6767,2899,2817,813,3793,8609
6767,2899,2817,4784,1457,6082
6767,2899,2817,8054,4900,9293
6767,2899,2817,8914,5960,4433
6767,2899,2817,59,1513,1910
6767,2899,2817,9829,5838,4543
6767,2899,2817,4454,716,9573
6767,2899,2817,1986,1031,4192
6767,2899,2817,6097,4657,490
6767,2899,2817,4938,4520,7044
6767,2899,2817,6669,9952,534
6767,2899,2817,6242,8553,7967
6767,2899,2817,4225,9496,1743
6767,2899,2817,7119,65,4558
6767,2899,2817,1991,1127,7623
6767,2899,2817,5670,1654,545
6767,2899,2817,3244,4518,3306
6767,2899,2817,9385,4563,2877
6767,2899,2817,9895,6107,1858
6767,2899,2817,5608,6457,1470
6767,2899,2817,6000,365,9018
6767,2899,2817,8779,9411,1308
6767,2899,2817,6060,9397,239
6767,2899,2817,350,9918,1333
6767,2899,2817,9053,6199,1164
6767,2899,2817,5226,0,6054
6767,2899,2817,167,4964,9812
6767,2899,2817,14,8771,5892
6767,2899,2817,2097,4027,2404
6767,2899,2817,1231,9715,5442
6767,2899,2817,3301,8169,235
6767,2899,2817,1542,2461,7595
6767,2899,2817,3429,2825,2156
6767,2899,2817,1034,5261,6519
6767,2899,2817,7675,6863,9722
6767,2899,2817,7314,38,5754
6767,2899,2817,6246,3744,4955
6767,2899,2817,1529,686,7109
6767,2899,2817,2092,3560,9642
6767,2899,2817,8750,7517,5624
6767,2899,2817,3737,5125,1644
6767,2899,2817,9474,4782,4197
6767,2899,2817,4702,2635,6256
6767,2899,2817,1209,5553,4456
6767,2899,2817,7323,8623,1812
6767,2899,2817,2980,5914,8522
6767,2899,2817,208,4504,3294
6767,2899,2817,7712,6111,9408
6767,2899,2817,9474,3735,194
6767,2899,2817,4127,9329,8564
6767,2899,2817,3200,5095,4120
6767,2899,2817,3258,5717,3172
6767,2899,2817,9499,7627,6090
6767,2899,2817,9058,1979,5690
6767,2899,2817,2876,6331,4834
6767,2899,2817,6516,5857,5001
6767,2899,2817,4967,4744,1405
6767,2899,2817,2768,5988,3324
6767,2899,2817,9774,3824,9626
6767,2899,2817,9153,258,5739
6767,2899,2817,2224,2316,7063
6767,2899,2817,6131,9268,2202
6767,2899,2817,9114,2874,1698
6767,2899,2817,3478,3737,5721
6767,2899,2817,358,7697,9600
6767,2899,2817,8902,6575,728
6767,2899,2817,3975,16,2623
6767,2899,2817,8912,8665,6291
6767,2899,2817,9341,7669,2728
6767,2899,2817,9674,7129,9082
6767,2899,2817,6841,3148,1150
6767,2899,2817,3388,2282,7801
6767,2899,2817,5506,4445,9398
6767,2899,2817,8073,1832,4514
6767,2899,2817,473,341,331
6767,2899,2817,4762,7506,399
6767,2899,2817,8246,1110,4948
6767,2899,2817,3303,7393,6371
6767,2899,2817,2047,3088,6405
6767,2899,2817,8804,4485,6852
6767,2899,2817,4961,1800,603
6767,2899,2817,1866,809,2188
6767,2899,2817,9481,3131,7022
6767,2899,2817,3962,8463,3238
6767,2899,2817,7698,816,4486
6767,2899,2817,3826,5747,1762
6767,2899,2817,8541,7510,3864
6767,2899,2817,3665,9908,8968
6767,2899,2817,1300,5047,1512
6767,2899,2817,9486,1607,1258
6767,2899,2817,3735,9250,5327
6767,2899,2817,490,2518,1286
6767,2899,2817,3509,3513,2027
6767,2899,2817,9031,5881,1343
6767,2899,2817,3908,5882,9974
6767,2899,2817,242,5673,8803
6767,2899,2817,4243,3756,5187
6767,2899,2817,7483,3997,2719
6767,2899,2817,2313,4514,1164
6767,2899,2817,6307,2464,3916
6767,2899,2817,8319,4967,7178
6767,2899,2817,9783,2577,582
6767,2899,2817,4286,671,5155
6767,2899,2817,1048,525,3804
6767,2899,2817,7659,4698,476
6767,2899,2817,5795,590,1716
6767,2899,2817,7277,3801,1587
6767,2899,2817,4589,4791,3378
6767,2899,2817,998,5312,1391
6767,2899,2817,1805,7058,6973
6767,2899,2817,6172,6204,8953
6767,2899,2817,5836,3225,8304
6767,2899,2817,2043,7936,4528
6767,2899,2817,6286,7118,5952
6767,2899,2817,9357,2923,9310
6767,2899,2817,7856,7119,2976
6767,2899,2817,9492,5218,7769
6767,2899,2817,5945,6720,9743
6767,2899,2817,8253,3850,8643
6767,2899,2817,9039,257,2226
6767,2899,2817,5109,958,4094
6767,2899,2817,3820,4686,4853
6767,2899,2817,6210,5249,1127
6767,2899,2817,4191,9533,298
6767,2899,2817,4839,9052,9461
6767,2899,2817,9169,5104,3272
6767,2899,2817,597,3000,2849
6767,2899,2817,8914,3112,655
6767,2899,2817,9020,9561,2944
6767,2899,2817,6561,123,8607
6767,2899,2817,9668,122,3958
6767,2899,2817,7735,5209,87
6767,2899,2817,6339,6179,5765
6767,2899,2817,2780,2293,795
6767,2899,2817,7898,4075,3403
6767,2899,2817,6046,3975,1008
6767,2899,2817,5874,8696,6071
6767,2899,2817,8042,7515,4081
6767,2899,2817,6330,7438,1960
6767,2899,2817,7009,800,6425
6767,2899,2817,6139,4753,2137
6767,2899,2817,7195,5272,2585
6767,2899,2817,3728,8294,5464
6767,2899,2817,4559,5833,4898
6767,2899,2817,3987,2352,818
6767,2899,2817,1084,4738,2003
6767,2899,2817,4696,2119,1726
6767,2899,2817,9912,3945,3472
6767,2899,2817,3697,2846,692
6767,2899,2817,7267,7900,6601
6767,2899,2817,8470,1012,6439
6767,2899,2817,8638,7076,7618
6767,2899,2817,642,9081,5199
6767,2899,2817,1264,3849,9276
6767,2899,2817,791,726,4248
6767,2899,2817,4338,7343,952
6767,2899,2817,7672,3180,7096
6767,2899,2817,3461,6981,2641
6767,2899,2817,6145,9329,5733
6767,2899,2817,6957,5595,8218
6767,2899,2817,2218,3541,473
6767,2899,2817,3731,2839,5085
6767,2899,2817,6292,4908,1180
6767,2899,2817,5786,3292,3329
6767,2899,2817,3235,2320,8768
6767,2899,2817,5413,2258,3376
6767,2899,2817,3116,5288,8044
6767,2899,2817,8139,9110,810
6767,2899,2817,7501,2677,805
6767,2899,2817,11,3823,1524
6767,2899,2817,8513,4858,3488
6767,2899,2817,2956,4441,5527
6767,2899,2817,1373,8047,8366
6767,2899,2817,8723,9961,5192
6767,2899,2817,366,4509,6178
6767,2899,2817,1729,5016,9086
6767,2899,2817,1784,9425,3805
6767,2899,2817,1134,7067,8335
6767,2899,2817,8756,818,2701
6767,2899,2817,856,8551,2663
6767,2899,2817,5738,93,1797
6767,2899,2817,3726,7289,2579
6767,2899,2817,7181,6530,2383
6767,2899,2817,9527,1222,6359
6767,2899,2817,7462,3356,6562
6767,2899,2817,4645,2240,2382
6767,2899,2817,4135,688,1189
6767,2899,2817,3263,9061,4325
6767,2899,2817,5133,6153,1226
6767,2899,2817,3311,2883,3033
6767,2899,2817,3949,2705,7322
6767,2899,2817,8705,2026,1488
6767,2899,2817,6860,3365,2541
6767,2899,2817,7297,7601,6130
6767,2899,2817,6808,4469,8771
6767,2899,2817,9607,5906,8960
6767,2899,2817,8557,2246,2067
6767,2899,2817,2327,6425,7768
6767,2899,2817,7640,165,1722
6767,2899,2817,6419,2065,4291
6767,2899,2817,6939,4602,1799
6767,2899,2817,2080,9730,9417
6767,2899,2817,4487,7025,7981
6767,2899,2817,5717,9331,6759
6767,2899,2817,7311,3373,9374
6767,2899,2817,2240,2411,9394
6767,2899,2817,7717,6800,9544
6767,2899,2817,9331,9091,6621
6767,2899,2817,1952,6632,1978
6767,2899,2817,797,7510,3210
6767,2899,2817,9318,6530,6751
6767,2899,2817,7857,5346,1703
6767,2899,2817,9788,8218,4520
6767,2899,2817,4830,7932,6090
6767,2899,2817,4243,6239,3441
6767,2899,2817,3312,8593,8820
6767,2899,2817,8790,169,5009
6767,2899,2817,9367,5017,2712
6767,2899,2817,5041,1539,6513
6767,2899,2817,9329,6089,3401
6767,2899,2817,9339,437,2549
6767,2899,2817,5184,3832,8804
6767,2899,2817,2572,932,4918
6767,2899,2817,3470,9402,8022
6767,2899,2817,8990,9998,9174
6767,2899,2817,3705,5171,1302
6767,2899,2817,5701,331,2703
6767,2899,2817,9618,1443,6591
6767,2899,2817,2053,6715,926
6767,2899,2817,2351,7126,4598
6767,2899,2817,9668,1273,3585
6767,2899,2817,7431,8407,2089
6767,2899,2817,7260,7306,3339
6767,2899,2817,173,9037,4442
6767,2899,2817,5212,5117,9242
6767,2899,2817,2153,4908,6248
6767,2899,2817,5575,7942,4768
6767,2899,2817,2224,859,7980
6767,2899,2817,8801,9189,3098
6767,2899,2817,4853,9526,2919
6767,2899,2817,9005,5569,6611
6767,2899,2817,9559,4034,5055
6767,2899,2817,2536,2906,4932
6767,2899,2817,3440,9207,3742
6767,2899,2817,4086,5748,1797
6767,2899,2817,8280,7916,4392
6767,2899,2817,6740,1718,9998
6767,2899,2817,2299,6989,7677
6767,2899,2817,7784,5694,2709
6767,2899,2817,5836,6460,3393
6767,2899,2817,6698,7360,1254
6767,2899,2817,169,1889,4931
6767,2899,2817,3554,5756,5303
6767,2899,2817,6191,1804,8849
6767,2899,2817,3816,2619,2263
6767,2899,2817,4335,4874,8862
6767,2899,2817,8048,3670,7561
6767,2899,2817,3980,3300,7384
