8728,6179,3397,932,4911,3809
8728,6179,3397,8965,6251,2567
8728,6179,3397,5794,2527,5773
8728,6179,3397,5125,8145,397
8728,6179,3397,9998,7078,3156
8728,6179,3397,3581,1415,3324
8728,6179,3397,8797,7809,3405
8728,6179,3397,8035,2598,1173
8728,6179,3397,6764,2089,790
8728,6179,3397,965,701,9695
8728,6179,3397,3252,2750,8212
8728,6179,3397,2358,3155,665
8728,6179,3397,9126,2504,115
8728,6179,3397,702,5483,6916
8728,6179,3397,6371,840,2078
8728,6179,3397,6630,6505,4655
8728,6179,3397,5387,7102,1539
8728,6179,3397,2766,5317,1280
8728,6179,3397,7962,3830,5929
8728,6179,3397,3024,3309,5314
8728,6179,3397,6804,7385,9568
8728,6179,3397,414,8074,7444
8728,6179,3397,3041,7090,9868
8728,6179,3397,8372,6069,2551
8728,6179,3397,1003,720,8074
8728,6179,3397,8590,3259,1712
8728,6179,3397,2351,7403,5270
8728,6179,3397,5042,1679,2311
8728,6179,3397,4721,3741,2177
8728,6179,3397,5422,7439,4869
8728,6179,3397,8192,5369,4766
8728,6179,3397,6573,8109,332
8728,6179,3397,7577,4184,3147
8728,6179,3397,5733,6538,5219
8728,6179,3397,6463,3057,2140
8728,6179,3397,9080,4522,3434
8728,6179,3397,9446,9005,839
8728,6179,3397,4592,1191,7331
8728,6179,3397,1118,2173,1528
8728,6179,3397,7723,6278,3955
8728,6179,3397,6996,953,780
8728,6179,3397,8128,9677,9434
8728,6179,3397,694,6098,6214
8728,6179,3397,8208,9971,7721
8728,6179,3397,9635,4534,7237
8728,6179,3397,6241,6315,6893
8728,6179,3397,3,7984,781
8728,6179,3397,3371,3930,8336
8728,6179,3397,2896,9304,603
8728,6179,3397,5434,6288,5585
8728,6179,3397,7519,320,1370
8728,6179,3397,9520,4440,4386
8728,6179,3397,6417,4794,402
8728,6179,3397,4811,8065,6761
8728,6179,3397,2061,7739,7048
8728,6179,3397,5177,2039,1635
8728,6179,3397,9573,2829,8992
8728,6179,3397,4097,5325,7129
8728,6179,3397,3923,4424,92
8728,6179,3397,9963,5473,799
8728,6179,3397,5657,6414,3229
8728,6179,3397,23,4552,7165
8728,6179,3397,6689,8261,1087
8728,6179,3397,8532,9687,8683
8728,6179,3397,3424,2975,9650
8728,6179,3397,641,4204,6268
8728,6179,3397,3834,1767,2312
8728,6179,3397,4999,8644,4897
8728,6179,3397,5890,4787,3165
8728,6179,3397,9526,9810,6871
8728,6179,3397,2541,1566,3032
8728,6179,3397,4321,0,8264
8728,6179,3397,6413,3474,4654
8728,6179,3397,4636,9566,2346
8728,6179,3397,2874,6720,3871
8728,6179,3397,4333,2646,6775
8728,6179,3397,3650,4126,6105
8728,6179,3397,2932,7995,3748
8728,6179,3397,1363,4103,8813
8728,6179,3397,7418,7807,5979
8728,6179,3397,8436,7305,1992
8728,6179,3397,516,8793,8524
8728,6179,3397,7841,423,4541
8728,6179,3397,5701,3217,6846
8728,6179,3397,6620,9392,7206
8728,6179,3397,8508,1129,5
8728,6179,3397,6274,1826,4716
8728,6179,3397,4390,4908,6680
8728,6179,3397,5777,851,8369
8728,6179,3397,8523,4016,7380
8728,6179,3397,8415,5907,3217
8728,6179,3397,1756,2275,3338
8728,6179,3397,8931,4551,8582
8728,6179,3397,3450,9384,3544
8728,6179,3397,3843,3652,6177
8728,6179,3397,6137,7181,8644
8728,6179,3397,7216,7483,8298
8728,6179,3397,8906,9881,1426
8728,6179,3397,3476,8130,5850
8728,6179,3397,9874,3330,4608
8728,6179,3397,241,3761,9749
8728,6179,3397,8332,8152,1241
8728,6179,3397,2461,2297,3595
8728,6179,3397,4781,6520,508
8728,6179,3397,7455,7221,9336
8728,6179,3397,4015,5961,8133
8728,6179,3397,9889,2983,5135
8728,6179,3397,2981,6348,553
8728,6179,3397,3663,5661,4419
8728,6179,3397,6071,6531,1345
8728,6179,3397,1324,9256,5882
8728,6179,3397,1123,3366,8054
8728,6179,3397,411,2643,49
8728,6179,3397,9804,1570,1970
8728,6179,3397,9574,6511,6477
8728,6179,3397,240,7917,4678
8728,6179,3397,8686,7106,8755
8728,6179,3397,931,4891,5463
8728,6179,3397,2232,8660,4982
8728,6179,3397,851,9091,2045
8728,6179,3397,826,7732,3552
8728,6179,3397,3597,6362,612
8728,6179,3397,8315,6450,2540
8728,6179,3397,8945,7020,8695
8728,6179,3397,61,7014,8858
8728,6179,3397,8004,748,4096
8728,6179,3397,9199,6627,4082
8728,6179,3397,9820,9646,6599
8728,6179,3397,634,8729,2020
8728,6179,3397,1870,674,6334
8728,6179,3397,4262,9062,5840
8728,6179,3397,2933,9521,4255
8728,6179,3397,4671,9490,7593
8728,6179,3397,8360,9491,2889
8728,6179,3397,1339,9978,7470
8728,6179,3397,1856,2291,8536
8728,6179,3397,6586,5804,4873
8728,6179,3397,6528,8858,8535
8728,6179,3397,2138,8951,4981
8728,6179,3397,3905,6359,3347
8728,6179,3397,1689,8142,6253
8728,6179,3397,1454,7025,2947
8728,6179,3397,3911,57,6278
8728,6179,3397,7626,6230,3043
8728,6179,3397,5750,4739,242
8728,6179,3397,6783,6868,3102
8728,6179,3397,9875,249,2005
8728,6179,3397,4897,8855,9190
8728,6179,3397,9644,6188,7474
8728,6179,3397,7873,5545,7844
8728,6179,3397,7633,6011,1232
8728,6179,3397,3716,4521,8976
8728,6179,3397,6665,3507,2000
8728,6179,3397,6992,6123,4859
8728,6179,3397,8658,5829,8682
8728,6179,3397,5329,1117,3034
8728,6179,3397,8943,8620,9756
8728,6179,3397,8011,4320,7594
8728,6179,3397,265,687,7112
8728,6179,3397,2386,7069,2178
8728,6179,3397,1104,6221,5209
8728,6179,3397,6778,182,7947
8728,6179,3397,1341,8501,2594
8728,6179,3397,1827,830,1066
8728,6179,3397,1,1517,5260
8728,6179,3397,1679,8418,1353
8728,6179,3397,5249,2946,6998
8728,6179,3397,532,5963,6227
8728,6179,3397,7966,708,3425
8728,6179,3397,7126,5237,8430
8728,6179,3397,5845,7058,5367
8728,6179,3397,3638,6438,7482
8728,6179,3397,8002,4961,1242
8728,6179,3397,9971,3293,3173
8728,6179,3397,4632,503,9087
8728,6179,3397,4681,6049,240
8728,6179,3397,5055,8898,1326
8728,6179,3397,6306,2511,5517
8728,6179,3397,3407,9298,5336
8728,6179,3397,4891,9613,2399
8728,6179,3397,5549,6391,2584
8728,6179,3397,6997,362,8709
8728,6179,3397,6817,3430,8170
8728,6179,3397,9077,9758,3480
8728,6179,3397,5681,2901,301
8728,6179,3397,7979,2091,5169
8728,6179,3397,5677,3090,531
8728,6179,3397,7325,7486,2435
8728,6179,3397,8147,1491,2673
8728,6179,3397,1499,6764,4082
8728,6179,3397,429,3245,256
8728,6179,3397,745,9422,4316
8728,6179,3397,3134,3700,8078
8728,6179,3397,1088,766,2305
8728,6179,3397,9783,2752,4674
8728,6179,3397,4118,4977,6807
8728,6179,3397,9782,1347,4505
8728,6179,3397,6791,8304,7890
8728,6179,3397,3128,8854,6997
8728,6179,3397,6211,8276,9432
8728,6179,3397,5970,8907,1567
8728,6179,3397,8699,6346,1610
8728,6179,3397,8654,9163,6359
8728,6179,3397,5633,3270,7710
8728,6179,3397,377,4826,1562
8728,6179,3397,8393,5443,3252
8728,6179,3397,3670,5814,7909
8728,6179,3397,6105,3445,4903
8728,6179,3397,9369,1629,7895
8728,6179,3397,1853,7127,3044
8728,6179,3397,9434,380,5730
8728,6179,3397,6284,7106,2229
8728,6179,3397,4230,832,7311
8728,6179,3397,7276,3350,7908
8728,6179,3397,5453,2255,62
8728,6179,3397,1721,8123,6742
8728,6179,3397,4197,4481,2228
8728,6179,3397,3822,1423,8208
8728,6179,3397,8890,5804,1472
8728,6179,3397,1970,6391,5016
8728,6179,3397,3148,4634,1860
8728,6179,3397,6747,7641,1887
8728,6179,3397,9100,2882,9241
8728,6179,3397,9382,1503,9990
8728,6179,3397,521,950,6337
8728,6179,3397,6107,5258,2687
8728,6179,3397,2178,1744,7062
8728,6179,3397,3154,3884,1752
8728,6179,3397,8473,6815,9543
8728,6179,3397,255,61,7706
8728,6179,3397,8709,9938,5812
8728,6179,3397,6686,7477,8574
8728,6179,3397,2400,5309,1439
8728,6179,3397,8031,5517,2209
8728,6179,3397,8232,5830,9622
8728,6179,3397,5531,5580,745
8728,6179,3397,206,5844,4959
8728,6179,3397,3494,4252,1598
8728,6179,3397,8688,27,8627
8728,6179,3397,2826,9817,8594
8728,6179,3397,5957,2049,2083
8728,6179,3397,278,2671,2085
8728,6179,3397,1892,2127,7413
8728,6179,3397,3743,3890,2681
8728,6179,3397,1940,2254,6183
8728,6179,3397,1906,6352,7557
8728,6179,3397,1113,8464,8936
8728,6179,3397,4525,7877,7635
8728,6179,3397,6934,5782,1131
8728,6179,3397,4373,98,9860
8728,6179,3397,4051,4142,7994
8728,6179,3397,394,3243,4502
8728,6179,3397,6764,5138,2263
8728,6179,3397,8728,8154,832
8728,6179,3397,8256,9592,1263
8728,6179,3397,2692,8311,5520
8728,6179,3397,1987,3091,3075
8728,6179,3397,5438,4153,3848
8728,6179,3397,429,9002,8022
8728,6179,3397,336,8491,2612
8728,6179,3397,2277,4223,1903
8728,6179,3397,3794,2384,4750
8728,6179,3397,1613,7911,2323
8728,6179,3397,3709,7230,6414
8728,6179,3397,2545,1294,8738
8728,6179,3397,5670,4516,3243
8728,6179,3397,9875,466,1682
8728,6179,3397,1606,423,2440
8728,6179,3397,5298,5362,4183
8728,6179,3397,6391,7824,5231
8728,6179,3397,9239,3375,8035
8728,6179,3397,5883,6418,802
8728,6179,3397,3823,8730,7519
8728,6179,3397,4159,6876,6362
8728,6179,3397,6944,765,1235
8728,6179,3397,6681,8237,3778
8728,6179,3397,266,5496,8553
8728,6179,3397,3265,4403,9461
8728,6179,3397,1952,3593,8824
8728,6179,3397,995,5433,3737
8728,6179,3397,8504,8641,9225
8728,6179,3397,3360,5165,4899
8728,6179,3397,9258,7679,7622
8728,6179,3397,3829,452,1750
8728,6179,3397,4158,6822,2234
8728,6179,3397,6117,8749,7997
8728,6179,3397,2883,1900,8583
8728,6179,3397,1227,2162,8688
8728,6179,3397,8462,2693,3219
8728,6179,3397,9239,5478,168
8728,6179,3397,1505,6742,7435
8728,6179,3397,2842,1160,5435
8728,6179,3397,9476,8860,5082
8728,6179,3397,6982,2502,8419
8728,6179,3397,9905,3245,8540
8728,6179,3397,1576,7086,2980
8728,6179,3397,3767,8087,1711
8728,6179,3397,8794,3366,4329
8728,6179,3397,6019,9529,4370
8728,6179,3397,5730,7090,1166
8728,6179,3397,8742,815,2493
8728,6179,3397,4814,9362,2482
8728,6179,3397,6190,965,6998
8728,6179,3397,2542,1713,351
8728,6179,3397,113,9103,1931
8728,6179,3397,8377,6241,9401
8728,6179,3397,4580,965,9201
8728,6179,3397,3330,9963,1610
8728,6179,3397,7239,1133,8194
8728,6179,3397,4597,842,5869
8728,6179,3397,7752,5767,3490
8728,6179,3397,1421,2316,1998
8728,6179,3397,4502,9689,7682
8728,6179,3397,9463,4901,1814
8728,6179,3397,1114,9171,1680
8728,6179,3397,2627,443,3398
8728,6179,3397,5593,8049,2913
8728,6179,3397,356,316,6173
8728,6179,3397,5370,5106,1559
8728,6179,3397,31,5471,950
8728,6179,3397,570,450,9411
8728,6179,3397,57,4744,2351
8728,6179,3397,3855,2929,2728
8728,6179,3397,189,1721,4904
8728,6179,3397,9887,6519,173
8728,6179,3397,4050,7046,2322
8728,6179,3397,8559,825,7355
8728,6179,3397,7472,4877,1633
8728,6179,3397,9417,6982,3472
8728,6179,3397,4478,7625,2717
8728,6179,3397,6932,1111,217
8728,6179,3397,1964,912,1588
8728,6179,3397,3406,6045,8007
8728,6179,3397,2369,7504,6277
8728,6179,3397,6290,4769,1235
8728,6179,3397,9764,9075,2405
8728,6179,3397,5181,6464,2796
8728,6179,3397,787,3258,4811
8728,6179,3397,6332,7676,8290
8728,6179,3397,3195,8355,3027
8728,6179,3397,848,4737,6370
8728,6179,3397,4528,5584,7205
8728,6179,3397,442,6917,3158
8728,6179,3397,29,7893,5463
8728,6179,3397,6681,7537,2827
8728,6179,3397,58,7825,5111
8728,6179,3397,8386,5952,9526
8728,6179,3397,572,283,913
8728,6179,3397,4335,9150,1385
8728,6179,3397,7434,8570,7017
8728,6179,3397,1337,9633,7483
8728,6179,3397,7656,946,4806
8728,6179,3397,6685,6232,7230
8728,6179,3397,5542,2979,9584
8728,6179,3397,3761,4520,4137
8728,6179,3397,575,9728,4012
8728,6179,3397,9798,3414,2659
8728,6179,3397,3048,9107,2231
8728,6179,3397,9103,2148,5315
8728,6179,3397,3440,7636,2295
8728,6179,3397,958,4721,2356
8728,6179,3397,4867,8349,6214
8728,6179,3397,2222,9317,4749
8728,6179,3397,2148,4402,4062
8728,6179,3397,7886,9982,584
8728,6179,3397,5726,5334,6533
8728,6179,3397,6052,3673,7714
8728,6179,3397,4312,588,6342
8728,6179,3397,975,1992,9192
8728,6179,3397,7410,4475,791
8728,6179,3397,8421,664,6665
8728,6179,3397,965,1239,4764
8728,6179,3397,2171,2500,4508
8728,6179,3397,4572,9920,4204
8728,6179,3397,219,4710,1754
8728,6179,3397,8685,2035,8066
8728,6179,3397,8807,5414,6095
8728,6179,3397,7988,7163,3049
8728,6179,3397,4626,8809,7620
8728,6179,3397,2978,3155,789
8728,6179,3397,2816,4699,8069
8728,6179,3397,641,5551,9334
8728,6179,3397,5408,495,1304
8728,6179,3397,2953,4203,9382
8728,6179,3397,1178,9275,3695
8728,6179,3397,4904,7287,5449
8728,6179,3397,694,516,2944
8728,6179,3397,1449,8493,4446
8728,6179,3397,2216,3842,9903
8728,6179,3397,475,8936,9320
8728,6179,3397,3308,6059,839
8728,6179,3397,1183,6604,9839
8728,6179,3397,1104,323,2087
8728,6179,3397,9513,2455,224
8728,6179,3397,3530,5922,6964
8728,6179,3397,6951,2616,102
8728,6179,3397,9150,1885,7574
8728,6179,3397,5270,9794,2046
8728,6179,3397,2939,7643,6496
8728,6179,3397,8841,1218,8147
8728,6179,3397,4579,8677,6191
8728,6179,3397,4936,2486,550
8728,6179,3397,6383,3287,9662
8728,6179,3397,7435,1829,6910
8728,6179,3397,1180,4341,1717
8728,6179,3397,1040,4481,1344
8728,6179,3397,5458,6877,8563
8728,6179,3397,4036,319,9224
8728,6179,3397,8460,7755,9287
8728,6179,3397,4231,5247,1483
8728,6179,3397,438,4446,2227
8728,6179,3397,7917,8993,3292
8728,6179,3397,3451,5394,3570
8728,6179,3397,5255,8619,706
8728,6179,3397,8123,3650,3530
8728,6179,3397,1171,7050,8714
8728,6179,3397,5399,8168,3249
8728,6179,3397,9003,5954,2246
8728,6179,3397,9661,6606,5816
8728,6179,3397,4466,735,7635
8728,6179,3397,1791,9483,7630
8728,6179,3397,7989,4865,5319
8728,6179,3397,4526,9269,9895
8728,6179,3397,8492,8315,222
8728,6179,3397,5956,5402,9693
8728,6179,3397,702,1460,5603
8728,6179,3397,9117,7045,9156
8728,6179,3397,9608,3963,3768
8728,6179,3397,2334,4345,6686
8728,6179,3397,1529,1924,2595
8728,6179,3397,5085,1301,9293
8728,6179,3397,8164,7997,1509
8728,6179,3397,9664,2407,5961
8728,6179,3397,9629,9071,4500
8728,6179,3397,838,4248,604
8728,6179,3397,5412,9169,5716
8728,6179,3397,2953,7690,7017
8728,6179,3397,6712,8050,2811
8728,6179,3397,6061,3749,9024
8728,6179,3397,6911,524,3547
8728,6179,3397,9813,7132,7916
8728,6179,3397,4969,4747,7760
8728,6179,3397,412,4352,2639
8728,6179,3397,1241,4415,4491
8728,6179,3397,946,5868,2995
8728,6179,3397,4709,889,6695
8728,6179,3397,626,4243,5116
8728,6179,3397,5674,9934,3669
8728,6179,3397,5616,5667,4574
8728,6179,3397,6353,412,6607
8728,6179,3397,3627,9895,8889
8728,6179,3397,2511,8156,9750
8728,6179,3397,2903,2139,4180
8728,6179,3397,6729,9231,4849
8728,6179,3397,5226,3537,8993
8728,6179,3397,2824,55,5816
8728,6179,3397,1671,2987,4875
8728,6179,3397,9183,5218,6302
8728,6179,3397,6394,54,3559
8728,6179,3397,9439,3887,8829
8728,6179,3397,1843,6358,4205
8728,6179,3397,7507,8886,513
8728,6179,3397,3412,5941,8861
8728,6179,3397,2558,8194,6685
8728,6179,3397,3886,3915,615
8728,6179,3397,1967,9809,831
8728,6179,3397,6884,1139,2791
8728,6179,3397,3715,9293,3692
8728,6179,3397,7946,1211,7771
8728,6179,3397,5039,7362,3794
8728,6179,3397,1976,1337,2675
8728,6179,3397,5932,9217,7112
8728,6179,3397,191,4064,3086
8728,6179,3397,7498,3848,1780
8728,6179,3397,7240,1284,9099
8728,6179,3397,7981,735,84
8728,6179,3397,3288,3192,3253
8728,6179,3397,3568,5131,7697
8728,6179,3397,8356,6637,7370
8728,6179,3397,2491,4780,1433
8728,6179,3397,6924,4668,1643
8728,6179,3397,9514,4478,4107
8728,6179,3397,8337,4937,98
8728,6179,3397,4353,9386,7073
8728,6179,3397,2128,5660,2072
8728,6179,3397,5105,2371,2889
8728,6179,3397,5713,1268,9172
8728,6179,3397,4348,3566,5226
8728,6179,3397,4749,4445,7937
8728,6179,3397,1797,9427,9996
8728,6179,3397,1756,7922,6462
8728,6179,3397,1275,2909,6456
8728,6179,3397,9011,7408,8175
8728,6179,3397,3258,8675,2483
8728,6179,3397,3663,6638,3230
8728,6179,3397,4509,6338,3737
8728,6179,3397,181,2466,5006
8728,6179,3397,3860,9827,793
8728,6179,3397,5708,3742,4632
8728,6179,3397,3705,1363,2560
8728,6179,3397,2652,9195,7442
8728,6179,3397,2737,5609,8907
8728,6179,3397,9177,9890,2117
8728,6179,3397,1507,7480,3962
8728,6179,3397,9482,7673,7146
8728,6179,3397,9755,4239,1446
8728,6179,3397,2955,7044,7724
8728,6179,3397,6727,9908,2512
8728,6179,3397,6958,9146,5381
8728,6179,3397,5239,6376,6617
