3863,9473,4118,4841,4910,7451
3863,9473,4118,7300,3283,8208
3863,9473,4118,3259,132,1926
3863,9473,4118,1630,8264,5516
3863,9473,4118,4344,4177,5336
3863,9473,4118,8215,169,8129
3863,9473,4118,1328,8859,2397
3863,9473,4118,2467,2030,897
3863,9473,4118,7232,8934,6327
3863,9473,4118,1484,9577,558
3863,9473,4118,3174,4462,5015
3863,9473,4118,230,9659,3745
3863,9473,4118,1055,5165,8967
3863,9473,4118,9795,3551,1799
3863,9473,4118,958,2320,8608
3863,9473,4118,8607,2036,276
3863,9473,4118,704,3123,4992
3863,9473,4118,8951,6361,4161
3863,9473,4118,5938,6184,8834
3863,9473,4118,3297,5571,8991
3863,9473,4118,8046,195,8846
3863,9473,4118,1168,2018,3383
3863,9473,4118,7039,8300,6847
3863,9473,4118,1247,8372,2432
3863,9473,4118,3796,5628,2865
3863,9473,4118,6561,3935,8969
3863,9473,4118,6192,5089,7864
3863,9473,4118,1899,6489,8904
3863,9473,4118,5301,7124,3032
3863,9473,4118,551,7831,5366
3863,9473,4118,4949,1822,6557
3863,9473,4118,1468,5370,5919
3863,9473,4118,8081,8724,1044
3863,9473,4118,1190,7499,694
3863,9473,4118,5656,7020,4799
3863,9473,4118,3637,1860,9885
3863,9473,4118,596,4131,8852
3863,9473,4118,2579,766,3216
3863,9473,4118,5444,2416,956
3863,9473,4118,4860,6197,9279
3863,9473,4118,2289,2536,2567
3863,9473,4118,3376,868,3170
3863,9473,4118,3338,757,28
3863,9473,4118,2600,7707,7562
3863,9473,4118,205,37,3174
3863,9473,4118,6854,5823,3092
3863,9473,4118,8847,7244,2619
3863,9473,4118,163,9023,4714
3863,9473,4118,5495,1513,5964
3863,9473,4118,7585,2361,3392
3863,9473,4118,9926,2330,3595
3863,9473,4118,1634,1658,1068
3863,9473,4118,6479,6685,7404
3863,9473,4118,3080,6259,8586
3863,9473,4118,4462,2602,7098
3863,9473,4118,3804,7042,4468
3863,9473,4118,8799,1087,4674
3863,9473,4118,8826,9066,966
3863,9473,4118,5038,9213,4568
3863,9473,4118,3246,3513,7161
3863,9473,4118,4443,2852,2862
3863,9473,4118,5326,2788,1740
3863,9473,4118,3552,1856,3011
3863,9473,4118,5731,2748,142
3863,9473,4118,2574,8940,1541
3863,9473,4118,6624,8193,8450
3863,9473,4118,9696,5397,9030
3863,9473,4118,4645,8221,2980
3863,9473,4118,783,8693,5379
3863,9473,4118,6708,1124,7481
3863,9473,4118,3095,7643,9486
3863,9473,4118,2369,7484,3645
3863,9473,4118,77,4483,9343
3863,9473,4118,5507,6702,7442
3863,9473,4118,7951,9349,242
3863,9473,4118,3227,4324,9731
3863,9473,4118,9350,1141,5176
3863,9473,4118,5259,405,4132
3863,9473,4118,9032,9228,9834
3863,9473,4118,3314,6959,8464
3863,9473,4118,7179,5765,735
3863,9473,4118,4311,6506,4892
3863,9473,4118,5418,308,6105
3863,9473,4118,5173,2537,556
3863,9473,4118,627,5807,2545
3863,9473,4118,5838,754,1010
3863,9473,4118,1338,6421,1529
3863,9473,4118,297,7848,6278
3863,9473,4118,8739,3182,6003
3863,9473,4118,102,2243,2574
3863,9473,4118,418,2151,395
3863,9473,4118,4092,3522,8633
3863,9473,4118,3786,3934,6966
3863,9473,4118,7017,996,1706
3863,9473,4118,6577,6064,6577
3863,9473,4118,6445,2346,1244
3863,9473,4118,7414,8464,790
3863,9473,4118,8420,9675,5299
3863,9473,4118,1973,4671,8821
3863,9473,4118,581,9550,8476
3863,9473,4118,9891,1865,4247
3863,9473,4118,7102,7600,7103
3863,9473,4118,2,4052,6863
3863,9473,4118,7302,4882,5714
3863,9473,4118,4082,8623,1185
3863,9473,4118,9869,5441,2663
3863,9473,4118,6229,3274,2249
3863,9473,4118,136,5465,979
3863,9473,4118,7209,1188,6602
3863,9473,4118,6103,1745,6197
3863,9473,4118,4923,9403,3570
3863,9473,4118,2329,7003,9776
3863,9473,4118,623,5733,6988
3863,9473,4118,9253,759,315
3863,9473,4118,4517,7629,4645
3863,9473,4118,4318,3874,2645
3863,9473,4118,3849,6373,1466
3863,9473,4118,1066,7616,6513
3863,9473,4118,4492,9551,4749
3863,9473,4118,1757,5907,3378
3863,9473,4118,6760,4853,7140
3863,9473,4118,5282,875,3508
3863,9473,4118,5901,7629,4565
3863,9473,4118,9558,1809,2255
3863,9473,4118,3356,2758,8517
3863,9473,4118,7157,5487,4795
3863,9473,4118,6760,4942,3938
3863,9473,4118,4309,808,1876
3863,9473,4118,7714,9451,8104
3863,9473,4118,3458,4456,6248
3863,9473,4118,5924,8968,2872
3863,9473,4118,2881,4913,9863
3863,9473,4118,3878,4987,1640
3863,9473,4118,5355,3203,6607
3863,9473,4118,6958,6598,846
3863,9473,4118,717,6504,2426
3863,9473,4118,2138,8110,2843
3863,9473,4118,2454,5835,9416
3863,9473,4118,279,5191,8031
3863,9473,4118,7732,8463,2898
3863,9473,4118,3982,5516,6732
3863,9473,4118,6244,2250,455
3863,9473,4118,4811,1242,4096
3863,9473,4118,3962,2539,8446
3863,9473,4118,7698,3552,6656
3863,9473,4118,2664,5119,8926
3863,9473,4118,2851,2876,5959
3863,9473,4118,7805,4365,6154
3863,9473,4118,8673,5359,6270
3863,9473,4118,329,1183,3450
3863,9473,4118,9661,3221,658
3863,9473,4118,7512,7802,8777
3863,9473,4118,1219,8759,118
3863,9473,4118,2348,6156,3962
3863,9473,4118,1966,6962,7550
3863,9473,4118,6906,3646,9715
3863,9473,4118,3516,9350,8062
3863,9473,4118,4288,6120,2439
3863,9473,4118,921,6629,9207
3863,9473,4118,4842,3632,111
3863,9473,4118,7730,1233,6241
3863,9473,4118,4697,2841,8967
3863,9473,4118,4189,9726,3341
3863,9473,4118,8624,8836,697
3863,9473,4118,9547,8416,4797
3863,9473,4118,8798,9151,2128
3863,9473,4118,8998,7980,2680
3863,9473,4118,8630,691,6819
3863,9473,4118,6560,8415,1515
3863,9473,4118,1908,1914,6741
3863,9473,4118,5232,8286,5250
3863,9473,4118,9101,2254,7414
3863,9473,4118,9624,5033,3721
3863,9473,4118,8199,6570,7243
3863,9473,4118,8538,7797,8280
3863,9473,4118,8606,6067,4215
3863,9473,4118,5815,9443,8886
3863,9473,4118,1157,4766,5584
3863,9473,4118,2886,3429,1023
3863,9473,4118,561,9605,7341
3863,9473,4118,4547,4869,5741
3863,9473,4118,598,4850,6761
3863,9473,4118,8269,5964,5264
3863,9473,4118,2982,3959,6504
3863,9473,4118,8959,4184,1460
3863,9473,4118,2140,9705,6464
3863,9473,4118,42,6643,6481
3863,9473,4118,797,867,7885
3863,9473,4118,8830,7263,1840
3863,9473,4118,7284,8189,9753
3863,9473,4118,6990,6800,3284
3863,9473,4118,4497,3642,7450
3863,9473,4118,7003,6616,3798
3863,9473,4118,3585,5209,4131
3863,9473,4118,7997,2206,4413
3863,9473,4118,8728,9963,9687
3863,9473,4118,6649,6377,6579
3863,9473,4118,7993,1285,2440
3863,9473,4118,4979,394,5662
3863,9473,4118,5372,2721,1423
3863,9473,4118,4083,7489,2558
3863,9473,4118,5654,3838,208
3863,9473,4118,3961,6959,4532
3863,9473,4118,848,7687,7753
3863,9473,4118,362,3862,7587
3863,9473,4118,5975,3476,5415
3863,9473,4118,851,4697,8690
3863,9473,4118,8287,633,6980
3863,9473,4118,7960,4343,4603
3863,9473,4118,6450,5633,4184
3863,9473,4118,1042,2010,7825
3863,9473,4118,4569,6631,7797
3863,9473,4118,7071,1791,569
3863,9473,4118,695,6588,5023
3863,9473,4118,7946,5717,1879
3863,9473,4118,3398,9705,2577
3863,9473,4118,4949,8771,6843
3863,9473,4118,2370,8134,3335
3863,9473,4118,8787,4142,7556
3863,9473,4118,3859,7273,9832
3863,9473,4118,8906,1261,6213
3863,9473,4118,3836,6815,3700
3863,9473,4118,5858,8476,551
3863,9473,4118,402,9214,3052
3863,9473,4118,5948,7477,1194
3863,9473,4118,2861,3902,6430
3863,9473,4118,9365,9026,2035
3863,9473,4118,2999,1499,1838
3863,9473,4118,3759,7280,7535
3863,9473,4118,932,992,8681
3863,9473,4118,7694,8143,2985
3863,9473,4118,1054,2372,4815
3863,9473,4118,930,6776,7735
3863,9473,4118,9019,6490,6778
3863,9473,4118,1993,2218,8685
3863,9473,4118,9558,3428,6698
3863,9473,4118,7118,1813,4795
3863,9473,4118,8045,4436,2718
3863,9473,4118,9926,4480,7094
3863,9473,4118,4295,4869,4422
3863,9473,4118,1397,1879,702
3863,9473,4118,8358,467,1792
3863,9473,4118,5012,9784,3730
3863,9473,4118,7170,5172,9803
3863,9473,4118,1594,8147,6373
3863,9473,4118,458,2542,9767
3863,9473,4118,7148,1231,9177
3863,9473,4118,1125,7493,9750
3863,9473,4118,8490,8957,6468
3863,9473,4118,3395,1085,5306
3863,9473,4118,7352,3938,8358
3863,9473,4118,2411,4280,782
3863,9473,4118,6570,1229,9198
3863,9473,4118,9461,8630,5329
3863,9473,4118,3628,5913,3010
3863,9473,4118,8775,9668,4640
3863,9473,4118,4453,615,1983
3863,9473,4118,6955,1046,2284
3863,9473,4118,9247,2186,7579
3863,9473,4118,6193,1417,7402
3863,9473,4118,5309,1016,6458
3863,9473,4118,3297,3935,7225
3863,9473,4118,6823,6148,5216
3863,9473,4118,4608,1415,101
3863,9473,4118,9353,5069,1537
3863,9473,4118,6734,9710,1930
3863,9473,4118,519,7429,2443
3863,9473,4118,8618,5197,4749
3863,9473,4118,790,4796,7568
3863,9473,4118,6552,7345,54
3863,9473,4118,7945,2658,6319
3863,9473,4118,6252,5808,9295
3863,9473,4118,4617,9617,4467
3863,9473,4118,1401,5474,4710
3863,9473,4118,5183,3982,4568
3863,9473,4118,1012,357,7437
3863,9473,4118,7519,7363,3682
3863,9473,4118,9808,8547,7764
3863,9473,4118,1075,5411,1925
3863,9473,4118,2140,7794,1272
3863,9473,4118,7938,7416,7249
3863,9473,4118,2063,3169,1136
3863,9473,4118,6584,5789,7190
3863,9473,4118,261,9431,3744
3863,9473,4118,6254,3839,2441
3863,9473,4118,9214,4631,3488
3863,9473,4118,1926,3810,2035
3863,9473,4118,5891,1504,9668
3863,9473,4118,5318,6426,5605
3863,9473,4118,3870,4597,1176
3863,9473,4118,366,9692,2932
3863,9473,4118,3355,3657,9325
3863,9473,4118,1301,3588,1683
3863,9473,4118,7569,4363,8027
3863,9473,4118,3808,8258,3526
3863,9473,4118,8467,2237,1466
3863,9473,4118,4396,757,4653
3863,9473,4118,7138,8428,3017
3863,9473,4118,6864,9561,8754
3863,9473,4118,3149,2759,8254
3863,9473,4118,3770,2219,3705
3863,9473,4118,2292,1257,1076
3863,9473,4118,7931,506,2988
3863,9473,4118,7580,6688,3051
3863,9473,4118,6190,3169,3594
3863,9473,4118,9167,6084,9834
3863,9473,4118,7337,4230,4097
3863,9473,4118,2521,9189,1330
3863,9473,4118,203,5841,1422
3863,9473,4118,8356,9408,6943
3863,9473,4118,5505,6873,2417
3863,9473,4118,7215,3327,7927
3863,9473,4118,3354,7330,810
3863,9473,4118,4581,4766,9467
3863,9473,4118,1223,1078,5543
3863,9473,4118,4125,8944,2246
3863,9473,4118,6773,8304,2457
3863,9473,4118,7471,8170,8598
3863,9473,4118,9392,7649,9459
3863,9473,4118,663,5331,996
3863,9473,4118,6398,1058,7620
3863,9473,4118,47,8461,1818
3863,9473,4118,7653,662,8175
3863,9473,4118,6192,7724,1733
3863,9473,4118,8183,9800,1953
3863,9473,4118,8995,5370,7190
3863,9473,4118,4664,6847,9324
3863,9473,4118,7477,7189,6963
3863,9473,4118,6745,8292,7375
3863,9473,4118,4147,7967,6826
3863,9473,4118,4713,8627,682
3863,9473,4118,6682,6997,2029
3863,9473,4118,6439,2330,3575
3863,9473,4118,6997,9810,783
3863,9473,4118,8329,1754,1068
3863,9473,4118,4575,4386,2368
3863,9473,4118,795,5769,6157
3863,9473,4118,8763,9273,6877
3863,9473,4118,531,2027,9690
3863,9473,4118,5524,3860,5931
3863,9473,4118,7887,6933,5983
3863,9473,4118,334,9358,5779
3863,9473,4118,4866,4511,3215
3863,9473,4118,6554,8425,8403
3863,9473,4118,4167,4438,9672
3863,9473,4118,5583,753,3039
3863,9473,4118,7099,1688,7593
3863,9473,4118,2501,7453,2723
3863,9473,4118,8338,2822,4731
3863,9473,4118,9639,3040,45
3863,9473,4118,9373,3371,3305
3863,9473,4118,6835,9022,6363
3863,9473,4118,4335,7091,1393
3863,9473,4118,1318,8397,1648
3863,9473,4118,7392,3168,3916
3863,9473,4118,4116,4965,8009
3863,9473,4118,9959,7096,3707
3863,9473,4118,7464,916,682
3863,9473,4118,390,2492,2877
3863,9473,4118,5414,5830,2603
3863,9473,4118,5806,6275,2606
3863,9473,4118,5753,1106,8176
3863,9473,4118,8276,6160,164
3863,9473,4118,3459,438,6851
3863,9473,4118,8530,9148,3019
3863,9473,4118,3850,4560,5712
3863,9473,4118,4911,1670,610
3863,9473,4118,5110,4005,2003
3863,9473,4118,8237,8840,9408
3863,9473,4118,5193,3647,9114
3863,9473,4118,579,301,7021
3863,9473,4118,5565,9924,2861
3863,9473,4118,8363,3436,2993
3863,9473,4118,5744,3796,2572
3863,9473,4118,7164,296,8429
3863,9473,4118,5109,7707,4809
3863,9473,4118,7972,9178,7083
3863,9473,4118,6221,7602,4864
3863,9473,4118,7167,8814,1740
3863,9473,4118,7,1501,8347
3863,9473,4118,719,798,5743
3863,9473,4118,1635,7772,5516
3863,9473,4118,6632,9563,420
3863,9473,4118,1099,7257,8830
3863,9473,4118,1326,8756,7245
3863,9473,4118,83,902,374
3863,9473,4118,2893,9978,20
3863,9473,4118,5521,3246,2330
3863,9473,4118,8595,7962,890
3863,9473,4118,7314,7605,914
3863,9473,4118,7779,9270,1861
3863,9473,4118,38,4259,6221
3863,9473,4118,1013,7325,4493
3863,9473,4118,5386,616,9787
3863,9473,4118,2674,1578,2369
3863,9473,4118,8193,6488,1947
3863,9473,4118,6560,9485,4493
3863,9473,4118,5007,1343,3916
3863,9473,4118,5829,7613,2690
3863,9473,4118,8784,2595,843
3863,9473,4118,5304,8022,7734
3863,9473,4118,7183,7145,3909
3863,9473,4118,3306,9646,1772
3863,9473,4118,3698,3468,4344
3863,9473,4118,9897,9558,876
3863,9473,4118,4651,40,4387
3863,9473,4118,5576,3984,7684
3863,9473,4118,6468,680,5341
3863,9473,4118,2495,2560,7999
3863,9473,4118,6019,9181,6759
3863,9473,4118,6561,7834,7030
3863,9473,4118,3492,6179,5233
3863,9473,4118,1631,8046,4612
3863,9473,4118,2671,1102,5600
3863,9473,4118,4291,2501,8060
3863,9473,4118,8671,6216,8867
3863,9473,4118,8863,11,1980
3863,9473,4118,7492,2493,3314
3863,9473,4118,252,8676,7343
3863,9473,4118,8848,456,2689
3863,9473,4118,1131,2684,1759
3863,9473,4118,1671,5786,9072
3863,9473,4118,6441,5516,3209
3863,9473,4118,1160,6375,178
3863,9473,4118,4740,7694,672
3863,9473,4118,4416,3544,7492
3863,9473,4118,6405,2197,6904
3863,9473,4118,3603,2115,5871
3863,9473,4118,7490,8056,7661
3863,9473,4118,6566,6530,7327
3863,9473,4118,9960,1182,1201
3863,9473,4118,228,7280,2631
3863,9473,4118,8184,3431,3761
3863,9473,4118,1564,9281,8535
3863,9473,4118,6650,2968,5235
3863,9473,4118,4483,9895,8406
3863,9473,4118,8365,3267,8758
3863,9473,4118,3116,2610,483
3863,9473,4118,5540,388,9399
3863,9473,4118,931,2424,6113
3863,9473,4118,9477,1850,5354
3863,9473,4118,1569,9854,5803
3863,9473,4118,3550,2049,3767
3863,9473,4118,4984,5252,3833
3863,9473,4118,8911,9467,9417
3863,9473,4118,3349,5820,6516
3863,9473,4118,6838,6365,7268
3863,9473,4118,178,6521,7422
3863,9473,4118,9400,682,2654
3863,9473,4118,1852,3833,3101
3863,9473,4118,1409,8353,6152
3863,9473,4118,2000,2100,8735
3863,9473,4118,7167,9593,1160
3863,9473,4118,9338,6882,8149
3863,9473,4118,1920,9422,5974
3863,9473,4118,7240,7507,9544
3863,9473,4118,6392,6212,7203
3863,9473,4118,9964,679,6724
3863,9473,4118,1887,3292,7881
3863,9473,4118,3249,6300,3749
3863,9473,4118,7082,4023,9008
3863,9473,4118,7012,6306,1253
3863,9473,4118,7830,8312,2434
3863,9473,4118,5734,4685,1535
3863,9473,4118,163,7545,1856
3863,9473,4118,1552,8838,4397
3863,9473,4118,6064,2799,8006
3863,9473,4118,8859,5232,8457
3863,9473,4118,1865,2711,4791
3863,9473,4118,3347,5065,2173
3863,9473,4118,3120,3157,4608
3863,9473,4118,7858,3417,433
3863,9473,4118,9558,3230,430
3863,9473,4118,382,5209,3662
3863,9473,4118,3817,18,1169
3863,9473,4118,3187,9017,9751
3863,9473,4118,9972,6724,7459
3863,9473,4118,7360,6224,570
3863,9473,4118,9838,2574,331
3863,9473,4118,3858,5140,5221
3863,9473,4118,2272,4078,2569
3863,9473,4118,9890,235,1483
3863,9473,4118,5437,3875,5391
3863,9473,4118,482,3124,13
3863,9473,4118,1968,1051,3037
3863,9473,4118,2975,8172,9288
3863,9473,4118,3956,9798,5331
3863,9473,4118,5283,3216,8018
3863,9473,4118,1623,8673,348
3863,9473,4118,1107,3758,6793
3863,9473,4118,1619,5330,813
3863,9473,4118,4297,7039,8313
3863,9473,4118,2331,1029,2276
3863,9473,4118,7429,466,5679
3863,9473,4118,718,4192,1788
3863,9473,4118,6552,6137,5345
3863,9473,4118,956,6226,4771
3863,9473,4118,8982,8265,7935
3863,9473,4118,9550,9166,9448
3863,9473,4118,5831,929,336
3863,9473,4118,6165,878,6389
3863,9473,4118,3604,3429,6879
3863,9473,4118,1008,43,9307
3863,9473,4118,2981,6824,8330
3863,9473,4118,5854,2378,6366
3863,9473,4118,3440,1158,8726
3863,9473,4118,3883,4215,7063
3863,9473,4118,9356,8897,4351
3863,9473,4118,7515,9997,206
3863,9473,4118,8203,7197,3640
