3398,298,88,5549,6391,2584
3398,298,88,6997,362,8709
3398,298,88,6817,3430,8170
3398,298,88,9077,9758,3480
3398,298,88,5681,2901,301
3398,298,88,7979,2091,5169
3398,298,88,5677,3090,531
3398,298,88,7325,7486,2435
3398,298,88,8147,1491,2673
3398,298,88,1499,6764,4082
3398,298,88,429,3245,256
3398,298,88,745,9422,4316
3398,298,88,3134,3700,8078
3398,298,88,1088,766,2305
3398,298,88,9783,2752,4674
3398,298,88,4118,4977,6807
3398,298,88,9782,1347,4505
3398,298,88,6791,8304,7890
3398,298,88,3128,8854,6997
3398,298,88,6211,8276,9432
3398,298,88,5970,8907,1567
3398,298,88,8699,6346,1610
3398,298,88,8654,9163,6359
3398,298,88,5633,3270,7710
3398,298,88,377,4826,1562
3398,298,88,8393,5443,3252
3398,298,88,3670,5814,7909
3398,298,88,6105,3445,4903
3398,298,88,9369,1629,7895
3398,298,88,1853,7127,3044
3398,298,88,9434,380,5730
3398,298,88,6284,7106,2229
3398,298,88,4230,832,7311
3398,298,88,7276,3350,7908
3398,298,88,5453,2255,62
3398,298,88,1721,8123,6742
3398,298,88,4197,4481,2228
3398,298,88,3822,1423,8208
3398,298,88,8890,5804,1472
3398,298,88,1970,6391,5016
3398,298,88,3148,4634,1860
3398,298,88,6747,7641,1887
3398,298,88,9100,2882,9241
3398,298,88,9382,1503,9990
3398,298,88,521,950,6337
3398,298,88,6107,5258,2687
3398,298,88,2178,1744,7062
3398,298,88,3154,3884,1752
3398,298,88,8473,6815,9543
3398,298,88,255,61,7706
3398,298,88,8709,9938,5812
3398,298,88,6686,7477,8574
3398,298,88,2400,5309,1439
3398,298,88,8031,5517,2209
3398,298,88,8232,5830,9622
3398,298,88,5531,5580,745
3398,298,88,206,5844,4959
3398,298,88,3494,4252,1598
3398,298,88,8688,27,8627
3398,298,88,2826,9817,8594
3398,298,88,5957,2049,2083
3398,298,88,278,2671,2085
3398,298,88,1892,2127,7413
3398,298,88,3743,3890,2681
3398,298,88,1940,2254,6183
3398,298,88,1906,6352,7557
3398,298,88,1113,8464,8936
3398,298,88,4525,7877,7635
3398,298,88,6934,5782,1131
3398,298,88,4373,98,9860
3398,298,88,4051,4142,7994
3398,298,88,394,3243,4502
3398,298,88,6764,5138,2263
3398,298,88,8728,8154,832
3398,298,88,8256,9592,1263
3398,298,88,2692,8311,5520
3398,298,88,1987,3091,3075
3398,298,88,5438,4153,3848
3398,298,88,429,9002,8022
3398,298,88,336,8491,2612
3398,298,88,2277,4223,1903
3398,298,88,3794,2384,4750
3398,298,88,1613,7911,2323
3398,298,88,3709,7230,6414
3398,298,88,2545,1294,8738
3398,298,88,5670,4516,3243
3398,298,88,9875,466,1682
3398,298,88,1606,423,2440
3398,298,88,5298,5362,4183
3398,298,88,6391,7824,5231
3398,298,88,9239,3375,8035
3398,298,88,5883,6418,802
3398,298,88,3823,8730,7519
3398,298,88,4159,6876,6362
3398,298,88,6944,765,1235
3398,298,88,6681,8237,3778
3398,298,88,266,5496,8553
3398,298,88,3265,4403,9461
3398,298,88,1952,3593,8824
3398,298,88,995,5433,3737
3398,298,88,8504,8641,9225
3398,298,88,3360,5165,4899
3398,298,88,9258,7679,7622
3398,298,88,3829,452,1750
3398,298,88,4158,6822,2234
3398,298,88,6117,8749,7997
3398,298,88,2883,1900,8583
3398,298,88,1227,2162,8688
3398,298,88,8462,2693,3219
3398,298,88,9239,5478,168
3398,298,88,1505,6742,7435
3398,298,88,2842,1160,5435
3398,298,88,9476,8860,5082
3398,298,88,6982,2502,8419
3398,298,88,9905,3245,8540
3398,298,88,1576,7086,2980
3398,298,88,3767,8087,1711
3398,298,88,8794,3366,4329
3398,298,88,6019,9529,4370
3398,298,88,5730,7090,1166
3398,298,88,8742,815,2493
3398,298,88,4814,9362,2482
3398,298,88,6190,965,6998
3398,298,88,2542,1713,351
3398,298,88,113,9103,1931
3398,298,88,8377,6241,9401
3398,298,88,4580,965,9201
3398,298,88,3330,9963,1610
3398,298,88,7239,1133,8194
3398,298,88,4597,842,5869
3398,298,88,7752,5767,3490
3398,298,88,1421,2316,1998
3398,298,88,4502,9689,7682
3398,298,88,9463,4901,1814
3398,298,88,1114,9171,1680
3398,298,88,2627,443,3398
3398,298,88,5593,8049,2913
3398,298,88,356,316,6173
3398,298,88,5370,5106,1559
3398,298,88,31,5471,950
3398,298,88,570,450,9411
3398,298,88,57,4744,2351
3398,298,88,3855,2929,2728
3398,298,88,189,1721,4904
3398,298,88,9887,6519,173
3398,298,88,4050,7046,2322
3398,298,88,8559,825,7355
3398,298,88,7472,4877,1633
3398,298,88,9417,6982,3472
3398,298,88,4478,7625,2717
3398,298,88,6932,1111,217
3398,298,88,1964,912,1588
3398,298,88,3406,6045,8007
3398,298,88,2369,7504,6277
3398,298,88,6290,4769,1235
3398,298,88,9764,9075,2405
3398,298,88,5181,6464,2796
3398,298,88,787,3258,4811
3398,298,88,6332,7676,8290
3398,298,88,3195,8355,3027
3398,298,88,848,4737,6370
3398,298,88,4528,5584,7205
3398,298,88,442,6917,3158
3398,298,88,29,7893,5463
3398,298,88,6681,7537,2827
3398,298,88,58,7825,5111
3398,298,88,8386,5952,9526
3398,298,88,572,283,913
3398,298,88,4335,9150,1385
3398,298,88,7434,8570,7017
3398,298,88,1337,9633,7483
3398,298,88,7656,946,4806
3398,298,88,6685,6232,7230
3398,298,88,5542,2979,9584
3398,298,88,3761,4520,4137
3398,298,88,575,9728,4012
3398,298,88,9798,3414,2659
3398,298,88,3048,9107,2231
3398,298,88,9103,2148,5315
3398,298,88,3440,7636,2295
3398,298,88,958,4721,2356
3398,298,88,4867,8349,6214
3398,298,88,2222,9317,4749
3398,298,88,2148,4402,4062
3398,298,88,7886,9982,584
3398,298,88,5726,5334,6533
3398,298,88,6052,3673,7714
3398,298,88,4312,588,6342
3398,298,88,975,1992,9192
3398,298,88,7410,4475,791
3398,298,88,8421,664,6665
3398,298,88,965,1239,4764
3398,298,88,2171,2500,4508
3398,298,88,4572,9920,4204
3398,298,88,219,4710,1754
3398,298,88,8685,2035,8066
3398,298,88,8807,5414,6095
3398,298,88,7988,7163,3049
3398,298,88,4626,8809,7620
3398,298,88,2978,3155,789
3398,298,88,2816,4699,8069
3398,298,88,641,5551,9334
3398,298,88,5408,495,1304
3398,298,88,2953,4203,9382
3398,298,88,1178,9275,3695
3398,298,88,4904,7287,5449
3398,298,88,694,516,2944
3398,298,88,1449,8493,4446
3398,298,88,2216,3842,9903
3398,298,88,475,8936,9320
3398,298,88,3308,6059,839
3398,298,88,1183,6604,9839
3398,298,88,1104,323,2087
3398,298,88,9513,2455,224
3398,298,88,3530,5922,6964
3398,298,88,6951,2616,102
3398,298,88,9150,1885,7574
3398,298,88,5270,9794,2046
3398,298,88,2939,7643,6496
3398,298,88,8841,1218,8147
3398,298,88,4579,8677,6191
3398,298,88,4936,2486,550
3398,298,88,6383,3287,9662
3398,298,88,7435,1829,6910
3398,298,88,1180,4341,1717
3398,298,88,1040,4481,1344
3398,298,88,5458,6877,8563
3398,298,88,4036,319,9224
3398,298,88,8460,7755,9287
3398,298,88,4231,5247,1483
3398,298,88,438,4446,2227
3398,298,88,7917,8993,3292
3398,298,88,3451,5394,3570
3398,298,88,5255,8619,706
3398,298,88,8123,3650,3530
3398,298,88,1171,7050,8714
3398,298,88,5399,8168,3249
3398,298,88,9003,5954,2246
3398,298,88,9661,6606,5816
3398,298,88,4466,735,7635
3398,298,88,1791,9483,7630
3398,298,88,7989,4865,5319
3398,298,88,4526,9269,9895
3398,298,88,8492,8315,222
3398,298,88,5956,5402,9693
3398,298,88,702,1460,5603
3398,298,88,9117,7045,9156
3398,298,88,9608,3963,3768
3398,298,88,2334,4345,6686
3398,298,88,1529,1924,2595
3398,298,88,5085,1301,9293
3398,298,88,8164,7997,1509
3398,298,88,9664,2407,5961
3398,298,88,9629,9071,4500
3398,298,88,838,4248,604
3398,298,88,5412,9169,5716
3398,298,88,2953,7690,7017
3398,298,88,6712,8050,2811
3398,298,88,6061,3749,9024
3398,298,88,6911,524,3547
3398,298,88,9813,7132,7916
3398,298,88,4969,4747,7760
3398,298,88,412,4352,2639
3398,298,88,1241,4415,4491
3398,298,88,946,5868,2995
3398,298,88,4709,889,6695
3398,298,88,626,4243,5116
3398,298,88,5674,9934,3669
3398,298,88,5616,5667,4574
3398,298,88,6353,412,6607
3398,298,88,3627,9895,8889
3398,298,88,2511,8156,9750
3398,298,88,2903,2139,4180
3398,298,88,6729,9231,4849
3398,298,88,5226,3537,8993
3398,298,88,2824,55,5816
3398,298,88,1671,2987,4875
3398,298,88,9183,5218,6302
3398,298,88,6394,54,3559
3398,298,88,9439,3887,8829
3398,298,88,1843,6358,4205
3398,298,88,7507,8886,513
3398,298,88,3412,5941,8861
3398,298,88,2558,8194,6685
3398,298,88,3886,3915,615
3398,298,88,1967,9809,831
3398,298,88,6884,1139,2791
3398,298,88,3715,9293,3692
3398,298,88,7946,1211,7771
3398,298,88,5039,7362,3794
3398,298,88,1976,1337,2675
3398,298,88,5932,9217,7112
3398,298,88,191,4064,3086
3398,298,88,7498,3848,1780
3398,298,88,7240,1284,9099
3398,298,88,7981,735,84
3398,298,88,3288,3192,3253
3398,298,88,3568,5131,7697
3398,298,88,8356,6637,7370
3398,298,88,2491,4780,1433
3398,298,88,6924,4668,1643
3398,298,88,9514,4478,4107
3398,298,88,8337,4937,98
3398,298,88,4353,9386,7073
3398,298,88,2128,5660,2072
3398,298,88,5105,2371,2889
3398,298,88,5713,1268,9172
3398,298,88,4348,3566,5226
3398,298,88,4749,4445,7937
3398,298,88,1797,9427,9996
3398,298,88,1756,7922,6462
3398,298,88,1275,2909,6456
3398,298,88,9011,7408,8175
3398,298,88,3258,8675,2483
3398,298,88,3663,6638,3230
3398,298,88,4509,6338,3737
3398,298,88,181,2466,5006
3398,298,88,3860,9827,793
3398,298,88,5708,3742,4632
3398,298,88,3705,1363,2560
3398,298,88,2652,9195,7442
3398,298,88,2737,5609,8907
3398,298,88,9177,9890,2117
3398,298,88,1507,7480,3962
3398,298,88,9482,7673,7146
3398,298,88,9755,4239,1446
3398,298,88,2955,7044,7724
3398,298,88,6727,9908,2512
3398,298,88,6958,9146,5381
3398,298,88,5239,6376,6617
3398,298,88,5726,6053,3746
3398,298,88,4807,9737,1591
3398,298,88,1950,7642,8859
3398,298,88,2792,9862,5964
3398,298,88,5042,6627,7742
3398,298,88,3518,4028,8057
3398,298,88,2804,6985,876
3398,298,88,6352,7009,4317
3398,298,88,7676,9933,1609
3398,298,88,9668,9577,4761
3398,298,88,6555,11,1310
3398,298,88,4129,9220,9578
3398,298,88,788,5975,4250
3398,298,88,6056,1066,7320
3398,298,88,9490,9462,445
3398,298,88,2857,2292,5418
3398,298,88,4347,9957,3731
3398,298,88,7081,6407,25
3398,298,88,2620,5804,9112
3398,298,88,1609,7804,4808
3398,298,88,5522,1258,8695
3398,298,88,965,8836,1351
3398,298,88,6200,205,6823
3398,298,88,7077,4087,550
3398,298,88,2166,5422,6951
3398,298,88,5931,7812,4058
3398,298,88,9293,3310,5707
3398,298,88,1918,606,2031
3398,298,88,6271,3266,427
3398,298,88,4431,3148,9863
3398,298,88,545,5334,4459
3398,298,88,8639,8270,1246
3398,298,88,6585,4141,3920
3398,298,88,6752,6160,8702
3398,298,88,5525,3991,3939
3398,298,88,6013,9258,115
3398,298,88,2395,1147,8641
3398,298,88,9396,2918,8701
3398,298,88,1012,7749,6609
3398,298,88,3846,719,4782
3398,298,88,7045,9503,3150
3398,298,88,3638,6284,8431
3398,298,88,1450,2017,3169
3398,298,88,1525,5444,8707
3398,298,88,6573,1493,7216
3398,298,88,5951,7505,2349
3398,298,88,4757,4288,8796
3398,298,88,8496,8907,5490
3398,298,88,1863,4308,290
3398,298,88,46,3140,5595
3398,298,88,2931,4004,1444
3398,298,88,7411,6790,3578
3398,298,88,2254,7152,1466
3398,298,88,5990,4511,587
3398,298,88,5470,9640,6233
3398,298,88,477,1470,3044
3398,298,88,1804,3506,5505
3398,298,88,5207,3394,6859
3398,298,88,9290,2910,9926
3398,298,88,3782,772,2376
3398,298,88,8912,1056,6150
3398,298,88,4474,9947,510
3398,298,88,1502,8841,6700
3398,298,88,5283,3829,3647
3398,298,88,1064,5378,8666
3398,298,88,3106,5074,9590
3398,298,88,9560,9792,9208
3398,298,88,9607,302,7916
3398,298,88,565,5932,3629
3398,298,88,9043,4461,4619
3398,298,88,6609,2259,2931
3398,298,88,4056,3381,9320
3398,298,88,1391,8723,6984
3398,298,88,788,5421,7707
3398,298,88,9471,2025,7887
3398,298,88,6204,2702,3915
3398,298,88,5424,597,2048
3398,298,88,4176,1072,3291
3398,298,88,5220,7611,661
3398,298,88,5606,8974,9396
3398,298,88,7526,3628,538
3398,298,88,5495,9616,9283
3398,298,88,6984,2020,5290
3398,298,88,4950,2977,1605
3398,298,88,3096,6836,1327
3398,298,88,5402,5234,8081
3398,298,88,2908,9273,9823
3398,298,88,9014,9462,204
3398,298,88,9360,1421,174
3398,298,88,6994,6671,8505
3398,298,88,4060,7705,1905
3398,298,88,9895,575,7971
3398,298,88,6177,7458,1397
3398,298,88,7306,8094,1413
3398,298,88,4823,7200,7374
3398,298,88,3973,3960,5597
3398,298,88,7401,6027,7593
3398,298,88,3415,4289,4406
3398,298,88,2008,8691,6032
3398,298,88,8996,7608,8746
3398,298,88,2360,934,9109
3398,298,88,3670,438,4556
3398,298,88,8918,4180,1616
3398,298,88,6167,9187,3680
3398,298,88,6641,9780,789
3398,298,88,8363,4423,5221
3398,298,88,7987,2524,4250
3398,298,88,5197,2250,4007
3398,298,88,8274,3085,8564
3398,298,88,2591,672,5167
3398,298,88,3691,2106,6644
3398,298,88,1588,9844,9840
3398,298,88,3907,2070,9414
3398,298,88,5500,2577,3022
3398,298,88,5462,2630,7338
3398,298,88,588,223,7368
3398,298,88,1965,8365,3221
3398,298,88,3568,1268,8955
3398,298,88,5809,3375,3014
3398,298,88,3326,4989,4096
3398,298,88,1566,395,5439
3398,298,88,7823,2162,4633
3398,298,88,5282,5030,6046
3398,298,88,6932,4009,8693
3398,298,88,7569,4786,4547
3398,298,88,1917,1143,5683
3398,298,88,5655,5270,7271
3398,298,88,7251,5277,9970
3398,298,88,3104,2848,3593
3398,298,88,9066,1173,2676
3398,298,88,6825,6265,5795
3398,298,88,8149,9779,4255
3398,298,88,6578,2427,528
3398,298,88,9064,5735,2458
3398,298,88,9122,3891,6961
3398,298,88,7173,7167,946
3398,298,88,8608,4254,8958
3398,298,88,4356,2659,4982
3398,298,88,3312,8220,2395
3398,298,88,6533,965,1695
3398,298,88,7040,4561,526
3398,298,88,3970,2009,4212
3398,298,88,971,3714,8863
3398,298,88,8298,7952,804
3398,298,88,8485,9053,9340
3398,298,88,641,7836,6575
3398,298,88,3409,3737,9925
3398,298,88,7568,660,218
3398,298,88,3504,4897,950
3398,298,88,6892,7759,9436
3398,298,88,3981,1032,3412
3398,298,88,1291,9079,2923
3398,298,88,1123,9463,4598
3398,298,88,8879,7510,1398
3398,298,88,126,9658,6462
3398,298,88,4534,9174,1561
3398,298,88,7060,3556,3773
3398,298,88,2611,9350,1637
3398,298,88,8440,5746,7558
3398,298,88,6550,6476,2500
3398,298,88,3553,3288,6104
3398,298,88,3406,5013,6659
3398,298,88,4775,4756,485
3398,298,88,2424,7446,816
3398,298,88,7270,5657,7631
3398,298,88,8226,4286,3156
3398,298,88,5663,244,3509
3398,298,88,9049,2744,1934
3398,298,88,8958,3953,9040
3398,298,88,8254,5131,9766
3398,298,88,4835,1881,3400
3398,298,88,5957,3013,4400
3398,298,88,8296,2485,6671
3398,298,88,9906,9495,7717
3398,298,88,9644,6796,7224
3398,298,88,4322,9982,2733
3398,298,88,4446,1798,6305
3398,298,88,302,8534,8296
3398,298,88,3689,1476,1361
3398,298,88,905,7218,6887
