3398,298,88,3095,7643,9486
3398,298,88,2369,7484,3645
3398,298,88,77,4483,9343
3398,298,88,5507,6702,7442
3398,298,88,7951,9349,242
3398,298,88,3227,4324,9731
3398,298,88,9350,1141,5176
3398,298,88,5259,405,4132
3398,298,88,9032,9228,9834
3398,298,88,3314,6959,8464
3398,298,88,7179,5765,735
3398,298,88,4311,6506,4892
3398,298,88,5418,308,6105
3398,298,88,5173,2537,556
3398,298,88,627,5807,2545
3398,298,88,5838,754,1010
3398,298,88,1338,6421,1529
3398,298,88,297,7848,6278
3398,298,88,8739,3182,6003
3398,298,88,102,2243,2574
3398,298,88,418,2151,395
3398,298,88,4092,3522,8633
3398,298,88,3786,3934,6966
3398,298,88,7017,996,1706
3398,298,88,6577,6064,6577
3398,298,88,6445,2346,1244
3398,298,88,7414,8464,790
3398,298,88,8420,9675,5299
3398,298,88,1973,4671,8821
3398,298,88,581,9550,8476
3398,298,88,9891,1865,4247
3398,298,88,7102,7600,7103
3398,298,88,2,4052,6863
3398,298,88,7302,4882,5714
3398,298,88,4082,8623,1185
3398,298,88,9869,5441,2663
3398,298,88,6229,3274,2249
3398,298,88,136,5465,979
3398,298,88,7209,1188,6602
3398,298,88,6103,1745,6197
3398,298,88,4923,9403,3570
3398,298,88,2329,7003,9776
3398,298,88,623,5733,6988
3398,298,88,9253,759,315
3398,298,88,4517,7629,4645
3398,298,88,4318,3874,2645
3398,298,88,3849,6373,1466
3398,298,88,1066,7616,6513
3398,298,88,4492,9551,4749
3398,298,88,1757,5907,3378
3398,298,88,6760,4853,7140
3398,298,88,5282,875,3508
3398,298,88,5901,7629,4565
3398,298,88,9558,1809,2255
3398,298,88,3356,2758,8517
3398,298,88,7157,5487,4795
3398,298,88,6760,4942,3938
3398,298,88,4309,808,1876
3398,298,88,7714,9451,8104
3398,298,88,3458,4456,6248
3398,298,88,5924,8968,2872
3398,298,88,2881,4913,9863
3398,298,88,3878,4987,1640
3398,298,88,5355,3203,6607
3398,298,88,6958,6598,846
3398,298,88,717,6504,2426
3398,298,88,2138,8110,2843
3398,298,88,2454,5835,9416
3398,298,88,279,5191,8031
3398,298,88,7732,8463,2898
3398,298,88,3982,5516,6732
3398,298,88,6244,2250,455
3398,298,88,4811,1242,4096
3398,298,88,3962,2539,8446
3398,298,88,7698,3552,6656
3398,298,88,2664,5119,8926
3398,298,88,2851,2876,5959
3398,298,88,7805,4365,6154
3398,298,88,8673,5359,6270
3398,298,88,329,1183,3450
3398,298,88,9661,3221,658
3398,298,88,7512,7802,8777
3398,298,88,1219,8759,118
3398,298,88,2348,6156,3962
3398,298,88,1966,6962,7550
3398,298,88,6906,3646,9715
3398,298,88,3516,9350,8062
3398,298,88,4288,6120,2439
3398,298,88,921,6629,9207
3398,298,88,4842,3632,111
3398,298,88,7730,1233,6241
3398,298,88,4697,2841,8967
3398,298,88,4189,9726,3341
3398,298,88,8624,8836,697
3398,298,88,9547,8416,4797
3398,298,88,8798,9151,2128
3398,298,88,8998,7980,2680
3398,298,88,8630,691,6819
3398,298,88,6560,8415,1515
3398,298,88,1908,1914,6741
3398,298,88,5232,8286,5250
3398,298,88,9101,2254,7414
3398,298,88,9624,5033,3721
3398,298,88,8199,6570,7243
3398,298,88,8538,7797,8280
3398,298,88,8606,6067,4215
3398,298,88,5815,9443,8886
3398,298,88,1157,4766,5584
3398,298,88,2886,3429,1023
3398,298,88,561,9605,7341
3398,298,88,4547,4869,5741
3398,298,88,598,4850,6761
3398,298,88,8269,5964,5264
3398,298,88,2982,3959,6504
3398,298,88,8959,4184,1460
3398,298,88,2140,9705,6464
3398,298,88,42,6643,6481
3398,298,88,797,867,7885
3398,298,88,8830,7263,1840
3398,298,88,7284,8189,9753
3398,298,88,6990,6800,3284
3398,298,88,4497,3642,7450
3398,298,88,7003,6616,3798
3398,298,88,3585,5209,4131
3398,298,88,7997,2206,4413
3398,298,88,8728,9963,9687
3398,298,88,6649,6377,6579
3398,298,88,7993,1285,2440
3398,298,88,4979,394,5662
3398,298,88,5372,2721,1423
3398,298,88,4083,7489,2558
3398,298,88,5654,3838,208
3398,298,88,3961,6959,4532
3398,298,88,848,7687,7753
3398,298,88,362,3862,7587
3398,298,88,5975,3476,5415
3398,298,88,851,4697,8690
3398,298,88,8287,633,6980
3398,298,88,7960,4343,4603
3398,298,88,6450,5633,4184
3398,298,88,1042,2010,7825
3398,298,88,4569,6631,7797
3398,298,88,7071,1791,569
3398,298,88,695,6588,5023
3398,298,88,7946,5717,1879
3398,298,88,3398,9705,2577
3398,298,88,4949,8771,6843
3398,298,88,2370,8134,3335
3398,298,88,8787,4142,7556
3398,298,88,3859,7273,9832
3398,298,88,8906,1261,6213
3398,298,88,3836,6815,3700
3398,298,88,5858,8476,551
3398,298,88,402,9214,3052
3398,298,88,5948,7477,1194
3398,298,88,2861,3902,6430
3398,298,88,9365,9026,2035
3398,298,88,2999,1499,1838
3398,298,88,3759,7280,7535
3398,298,88,932,992,8681
3398,298,88,7694,8143,2985
3398,298,88,1054,2372,4815
3398,298,88,930,6776,7735
3398,298,88,9019,6490,6778
3398,298,88,1993,2218,8685
3398,298,88,9558,3428,6698
3398,298,88,7118,1813,4795
3398,298,88,8045,4436,2718
3398,298,88,9926,4480,7094
3398,298,88,4295,4869,4422
3398,298,88,1397,1879,702
3398,298,88,8358,467,1792
3398,298,88,5012,9784,3730
3398,298,88,7170,5172,9803
3398,298,88,1594,8147,6373
3398,298,88,458,2542,9767
3398,298,88,7148,1231,9177
3398,298,88,1125,7493,9750
3398,298,88,8490,8957,6468
3398,298,88,3395,1085,5306
3398,298,88,7352,3938,8358
3398,298,88,2411,4280,782
3398,298,88,6570,1229,9198
3398,298,88,9461,8630,5329
3398,298,88,3628,5913,3010
3398,298,88,8775,9668,4640
3398,298,88,4453,615,1983
3398,298,88,6955,1046,2284
3398,298,88,9247,2186,7579
3398,298,88,6193,1417,7402
3398,298,88,5309,1016,6458
3398,298,88,3297,3935,7225
3398,298,88,6823,6148,5216
3398,298,88,4608,1415,101
3398,298,88,9353,5069,1537
3398,298,88,6734,9710,1930
3398,298,88,519,7429,2443
3398,298,88,8618,5197,4749
3398,298,88,790,4796,7568
3398,298,88,6552,7345,54
3398,298,88,7945,2658,6319
3398,298,88,6252,5808,9295
3398,298,88,4617,9617,4467
3398,298,88,1401,5474,4710
3398,298,88,5183,3982,4568
3398,298,88,1012,357,7437
3398,298,88,7519,7363,3682
3398,298,88,9808,8547,7764
3398,298,88,1075,5411,1925
3398,298,88,2140,7794,1272
3398,298,88,7938,7416,7249
3398,298,88,2063,3169,1136
3398,298,88,6584,5789,7190
3398,298,88,261,9431,3744
3398,298,88,6254,3839,2441
3398,298,88,9214,4631,3488
3398,298,88,1926,3810,2035
3398,298,88,5891,1504,9668
3398,298,88,5318,6426,5605
3398,298,88,3870,4597,1176
3398,298,88,366,9692,2932
3398,298,88,3355,3657,9325
3398,298,88,1301,3588,1683
3398,298,88,7569,4363,8027
3398,298,88,3808,8258,3526
3398,298,88,8467,2237,1466
3398,298,88,4396,757,4653
3398,298,88,7138,8428,3017
3398,298,88,6864,9561,8754
3398,298,88,3149,2759,8254
3398,298,88,3770,2219,3705
3398,298,88,2292,1257,1076
3398,298,88,7931,506,2988
3398,298,88,7580,6688,3051
3398,298,88,6190,3169,3594
3398,298,88,9167,6084,9834
3398,298,88,7337,4230,4097
3398,298,88,2521,9189,1330
3398,298,88,203,5841,1422
3398,298,88,8356,9408,6943
3398,298,88,5505,6873,2417
3398,298,88,7215,3327,7927
3398,298,88,3354,7330,810
3398,298,88,4581,4766,9467
3398,298,88,1223,1078,5543
3398,298,88,4125,8944,2246
3398,298,88,6773,8304,2457
3398,298,88,7471,8170,8598
3398,298,88,9392,7649,9459
3398,298,88,663,5331,996
3398,298,88,6398,1058,7620
3398,298,88,47,8461,1818
3398,298,88,7653,662,8175
3398,298,88,6192,7724,1733
3398,298,88,8183,9800,1953
3398,298,88,8995,5370,7190
3398,298,88,4664,6847,9324
3398,298,88,7477,7189,6963
3398,298,88,6745,8292,7375
3398,298,88,4147,7967,6826
3398,298,88,4713,8627,682
3398,298,88,6682,6997,2029
3398,298,88,6439,2330,3575
3398,298,88,6997,9810,783
3398,298,88,8329,1754,1068
3398,298,88,4575,4386,2368
3398,298,88,795,5769,6157
3398,298,88,8763,9273,6877
3398,298,88,531,2027,9690
3398,298,88,5524,3860,5931
3398,298,88,7887,6933,5983
3398,298,88,334,9358,5779
3398,298,88,4866,4511,3215
3398,298,88,6554,8425,8403
3398,298,88,4167,4438,9672
3398,298,88,5583,753,3039
3398,298,88,7099,1688,7593
3398,298,88,2501,7453,2723
3398,298,88,8338,2822,4731
3398,298,88,9639,3040,45
3398,298,88,9373,3371,3305
3398,298,88,6835,9022,6363
3398,298,88,4335,7091,1393
3398,298,88,1318,8397,1648
3398,298,88,7392,3168,3916
3398,298,88,4116,4965,8009
3398,298,88,9959,7096,3707
3398,298,88,7464,916,682
3398,298,88,390,2492,2877
3398,298,88,5414,5830,2603
3398,298,88,5806,6275,2606
3398,298,88,5753,1106,8176
3398,298,88,8276,6160,164
3398,298,88,3459,438,6851
3398,298,88,8530,9148,3019
3398,298,88,3850,4560,5712
3398,298,88,4911,1670,610
3398,298,88,5110,4005,2003
3398,298,88,8237,8840,9408
3398,298,88,5193,3647,9114
3398,298,88,579,301,7021
3398,298,88,5565,9924,2861
3398,298,88,8363,3436,2993
3398,298,88,5744,3796,2572
3398,298,88,7164,296,8429
3398,298,88,5109,7707,4809
3398,298,88,7972,9178,7083
3398,298,88,6221,7602,4864
3398,298,88,7167,8814,1740
3398,298,88,7,1501,8347
3398,298,88,719,798,5743
3398,298,88,1635,7772,5516
3398,298,88,6632,9563,420
3398,298,88,1099,7257,8830
3398,298,88,1326,8756,7245
3398,298,88,83,902,374
3398,298,88,2893,9978,20
3398,298,88,5521,3246,2330
3398,298,88,8595,7962,890
3398,298,88,7314,7605,914
3398,298,88,7779,9270,1861
3398,298,88,38,4259,6221
3398,298,88,1013,7325,4493
3398,298,88,5386,616,9787
3398,298,88,2674,1578,2369
3398,298,88,8193,6488,1947
3398,298,88,6560,9485,4493
3398,298,88,5007,1343,3916
3398,298,88,5829,7613,2690
3398,298,88,8784,2595,843
3398,298,88,5304,8022,7734
3398,298,88,7183,7145,3909
3398,298,88,3306,9646,1772
3398,298,88,3698,3468,4344
3398,298,88,9897,9558,876
3398,298,88,4651,40,4387
3398,298,88,5576,3984,7684
3398,298,88,6468,680,5341
3398,298,88,2495,2560,7999
3398,298,88,6019,9181,6759
3398,298,88,6561,7834,7030
3398,298,88,3492,6179,5233
3398,298,88,1631,8046,4612
3398,298,88,2671,1102,5600
3398,298,88,4291,2501,8060
3398,298,88,8671,6216,8867
3398,298,88,8863,11,1980
3398,298,88,7492,2493,3314
3398,298,88,252,8676,7343
3398,298,88,8848,456,2689
3398,298,88,1131,2684,1759
3398,298,88,1671,5786,9072
3398,298,88,6441,5516,3209
3398,298,88,1160,6375,178
3398,298,88,4740,7694,672
3398,298,88,4416,3544,7492
3398,298,88,6405,2197,6904
3398,298,88,3603,2115,5871
3398,298,88,7490,8056,7661
3398,298,88,6566,6530,7327
3398,298,88,9960,1182,1201
3398,298,88,228,7280,2631
3398,298,88,8184,3431,3761
3398,298,88,1564,9281,8535
3398,298,88,6650,2968,5235
3398,298,88,4483,9895,8406
3398,298,88,8365,3267,8758
3398,298,88,3116,2610,483
3398,298,88,5540,388,9399
3398,298,88,931,2424,6113
3398,298,88,9477,1850,5354
3398,298,88,1569,9854,5803
3398,298,88,3550,2049,3767
3398,298,88,4984,5252,3833
3398,298,88,8911,9467,9417
3398,298,88,3349,5820,6516
3398,298,88,6838,6365,7268
3398,298,88,178,6521,7422
3398,298,88,9400,682,2654
3398,298,88,1852,3833,3101
3398,298,88,1409,8353,6152
3398,298,88,2000,2100,8735
3398,298,88,7167,9593,1160
3398,298,88,9338,6882,8149
3398,298,88,1920,9422,5974
3398,298,88,7240,7507,9544
3398,298,88,6392,6212,7203
3398,298,88,9964,679,6724
3398,298,88,1887,3292,7881
3398,298,88,3249,6300,3749
3398,298,88,7082,4023,9008
3398,298,88,7012,6306,1253
3398,298,88,7830,8312,2434
3398,298,88,5734,4685,1535
3398,298,88,163,7545,1856
3398,298,88,1552,8838,4397
3398,298,88,6064,2799,8006
3398,298,88,8859,5232,8457
3398,298,88,1865,2711,4791
3398,298,88,3347,5065,2173
3398,298,88,3120,3157,4608
3398,298,88,7858,3417,433
3398,298,88,9558,3230,430
3398,298,88,382,5209,3662
3398,298,88,3817,18,1169
3398,298,88,3187,9017,9751
3398,298,88,9972,6724,7459
3398,298,88,7360,6224,570
3398,298,88,9838,2574,331
3398,298,88,3858,5140,5221
3398,298,88,2272,4078,2569
3398,298,88,9890,235,1483
3398,298,88,5437,3875,5391
3398,298,88,482,3124,13
3398,298,88,1968,1051,3037
3398,298,88,2975,8172,9288
3398,298,88,3956,9798,5331
3398,298,88,5283,3216,8018
3398,298,88,1623,8673,348
3398,298,88,1107,3758,6793
3398,298,88,1619,5330,813
3398,298,88,4297,7039,8313
3398,298,88,2331,1029,2276
3398,298,88,7429,466,5679
3398,298,88,718,4192,1788
3398,298,88,6552,6137,5345
3398,298,88,956,6226,4771
3398,298,88,8982,8265,7935
3398,298,88,9550,9166,9448
3398,298,88,5831,929,336
3398,298,88,6165,878,6389
3398,298,88,3604,3429,6879
3398,298,88,1008,43,9307
3398,298,88,2981,6824,8330
3398,298,88,5854,2378,6366
3398,298,88,3440,1158,8726
3398,298,88,3883,4215,7063
3398,298,88,9356,8897,4351
3398,298,88,7515,9997,206
3398,298,88,8203,7197,3640
3398,298,88,1401,1840,6771
3398,298,88,5828,5262,7083
3398,298,88,4584,1892,5339
3398,298,88,8538,2405,3794
3398,298,88,8995,5946,9423
3398,298,88,6832,4894,9829
3398,298,88,4569,2626,4388
3398,298,88,8454,276,9113
3398,298,88,6210,8441,7593
3398,298,88,6836,465,3658
3398,298,88,7342,2621,7523
3398,298,88,7463,779,1541
3398,298,88,8101,967,5140
3398,298,88,4503,875,7003
3398,298,88,6440,4364,2526
3398,298,88,4392,1385,8300
3398,298,88,6651,6432,3955
3398,298,88,3361,926,4882
3398,298,88,7805,1988,8372
3398,298,88,1512,1077,7751
3398,298,88,6286,4443,7695
3398,298,88,4419,102,9134
3398,298,88,845,4019,5765
3398,298,88,9603,2652,3512
3398,298,88,3670,3308,5663
3398,298,88,7052,1410,1060
3398,298,88,7449,6076,4674
3398,298,88,9659,8508,4356
3398,298,88,5695,2206,1374
3398,298,88,7407,9764,8828
3398,298,88,4077,8271,7856
3398,298,88,585,2285,3639
3398,298,88,4670,5058,6940
3398,298,88,5655,1893,7368
3398,298,88,9581,7056,1968
3398,298,88,9588,4339,4598
3398,298,88,694,2776,4821
3398,298,88,5821,3461,5464
3398,298,88,114,9071,9161
3398,298,88,7958,1018,7920
3398,298,88,8989,1196,8523
3398,298,88,8342,9647,5879
3398,298,88,4789,4054,4292
3398,298,88,2919,2594,5926
3398,298,88,150,5971,4662
3398,298,88,5905,1274,7760
3398,298,88,6778,6993,9363
3398,298,88,7871,7209,8573
3398,298,88,9979,3842,7796
3398,298,88,651,7209,6433
3398,298,88,3878,2558,9510
3398,298,88,5163,4089,2453
3398,298,88,1354,3379,8948
3398,298,88,6587,4303,4839
3398,298,88,1982,8615,6016
3398,298,88,567,6805,9315
3398,298,88,2263,4058,8826
3398,298,88,3476,5144,5089
3398,298,88,1294,6617,1675
3398,298,88,7196,9137,7495
3398,298,88,3885,8859,8141
3398,298,88,6248,5751,8337
3398,298,88,3417,4010,2889
3398,298,88,660,1242,1682
3398,298,88,9897,5045,8481
3398,298,88,5408,6496,7981
3398,298,88,9709,8183,7077
3398,298,88,6241,976,9252
3398,298,88,9243,4599,4645
3398,298,88,5277,8097,2664
