4727,6622,174,4304,7463,2071
4727,6622,174,9655,230,3655
4727,6622,174,5643,431,8571
4727,6622,174,3809,3680,5972
4727,6622,174,6508,3062,3628
4727,6622,174,335,2973,6133
4727,6622,174,7935,5658,7888
4727,6622,174,2878,1517,3604
4727,6622,174,3193,5419,9951
4727,6622,174,1057,9375,9316
4727,6622,174,7666,4829,5678
4727,6622,174,8905,6685,8492
4727,6622,174,2460,9145,811
4727,6622,174,456,2819,9677
4727,6622,174,3379,9587,4943
4727,6622,174,2478,5115,2419
4727,6622,174,8800,7937,8447
4727,6622,174,8166,1094,4128
4727,6622,174,2618,7655,6502
4727,6622,174,9590,4514,5729
4727,6622,174,6742,6014,6748
4727,6622,174,8411,7744,6735
4727,6622,174,2384,2127,8842
4727,6622,174,4874,418,6115
4727,6622,174,5749,1098,6551
4727,6622,174,3874,2027,2027
4727,6622,174,194,4959,1238
4727,6622,174,4405,3376,1686
4727,6622,174,6775,1043,8308
4727,6622,174,9679,6453,4181
4727,6622,174,5568,5561,9434
4727,6622,174,3202,9232,9137
4727,6622,174,2850,3610,976
4727,6622,174,4251,3105,613
4727,6622,174,9886,5157,1755
4727,6622,174,1836,5553,5658
4727,6622,174,3954,7242,2228
4727,6622,174,2838,3286,8448
4727,6622,174,8421,1622,5054
4727,6622,174,7711,1766,8307
4727,6622,174,7917,5642,6874
4727,6622,174,5862,7332,8999
4727,6622,174,6664,2048,7308
4727,6622,174,633,4702,2398
4727,6622,174,3707,6735,4699
4727,6622,174,4855,5262,2127
4727,6622,174,8340,3271,7322
4727,6622,174,6648,7720,7207
4727,6622,174,9592,3317,3304
4727,6622,174,4290,4857,2766
4727,6622,174,9002,4226,452
4727,6622,174,6035,8727,3833
4727,6622,174,3751,3710,3093
4727,6622,174,7225,9641,257
4727,6622,174,9689,9940,8213
4727,6622,174,3664,7431,9865
4727,6622,174,6598,1145,5074
4727,6622,174,720,368,2324
4727,6622,174,1902,9058,8897
4727,6622,174,3870,6359,3254
4727,6622,174,9997,9654,1765
4727,6622,174,9314,7612,5079
4727,6622,174,477,2472,7341
4727,6622,174,253,7012,4631
4727,6622,174,8131,4027,5311
4727,6622,174,8627,6045,6172
4727,6622,174,5299,2920,3189
4727,6622,174,3213,9123,2100
4727,6622,174,4295,5275,7944
4727,6622,174,2095,3786,491
4727,6622,174,3599,4528,5985
4727,6622,174,8951,6858,1819
4727,6622,174,2015,1017,7098
4727,6622,174,9785,5115,3897
4727,6622,174,1970,5488,5846
4727,6622,174,715,8721,6131
4727,6622,174,7321,2057,1065
4727,6622,174,5773,8369,5968
4727,6622,174,6304,6379,6183
4727,6622,174,593,2847,9067
4727,6622,174,2198,4659,7766
4727,6622,174,5076,6123,9094
4727,6622,174,5505,5209,3119
4727,6622,174,8509,153,4531
4727,6622,174,1287,1453,7604
4727,6622,174,8951,6039,4984
4727,6622,174,3134,9814,8694
4727,6622,174,3818,437,817
4727,6622,174,4411,2272,5269
4727,6622,174,266,4166,2549
4727,6622,174,8038,343,7335
4727,6622,174,9025,1871,1541
4727,6622,174,1540,4855,3732
4727,6622,174,7657,6447,1808
4727,6622,174,4992,3754,764
4727,6622,174,3322,8257,3644
4727,6622,174,5315,2905,3733
4727,6622,174,2262,7716,3340
4727,6622,174,644,9716,1028
4727,6622,174,1129,3189,3918
4727,6622,174,3900,9747,181
4727,6622,174,8407,7176,6208
4727,6622,174,7309,1206,6987
4727,6622,174,8530,5749,9789
4727,6622,174,7660,6348,3404
4727,6622,174,2524,9811,1463
4727,6622,174,1220,197,7965
4727,6622,174,5860,3507,7370
4727,6622,174,4222,7411,6316
4727,6622,174,4863,9180,8535
4727,6622,174,9852,1966,22
4727,6622,174,3741,4237,5946
4727,6622,174,3455,3960,9408
4727,6622,174,9651,9006,5647
4727,6622,174,782,356,251
4727,6622,174,6682,7899,73
4727,6622,174,9715,5896,2289
4727,6622,174,6763,9434,5898
4727,6622,174,4845,8183,3461
4727,6622,174,8709,2508,8950
4727,6622,174,1408,9775,6263
4727,6622,174,6609,2944,9588
4727,6622,174,4588,668,2416
4727,6622,174,9337,303,1715
4727,6622,174,7900,2307,8615
4727,6622,174,9660,4853,7148
4727,6622,174,5278,7861,5756
4727,6622,174,7131,2003,7395
4727,6622,174,6347,7022,1059
4727,6622,174,3130,6247,4875
4727,6622,174,9051,6266,738
4727,6622,174,6264,3816,1710
4727,6622,174,4151,4455,8398
4727,6622,174,5863,6397,317
4727,6622,174,36,8379,4819
4727,6622,174,1356,8266,1675
4727,6622,174,1072,9975,4754
4727,6622,174,7546,4862,1445
4727,6622,174,2737,1276,5677
4727,6622,174,4701,6906,4022
4727,6622,174,866,5795,5575
4727,6622,174,2103,696,4623
4727,6622,174,3368,8665,5757
4727,6622,174,8179,2734,7968
4727,6622,174,1201,7221,6037
4727,6622,174,8808,9412,4793
4727,6622,174,7829,5032,7425
4727,6622,174,6387,6459,895
4727,6622,174,432,4539,9713
4727,6622,174,1549,5070,1314
4727,6622,174,9031,8910,8763
4727,6622,174,6516,1387,4998
4727,6622,174,9587,8141,4085
4727,6622,174,7877,7207,5107
4727,6622,174,8243,3135,1379
4727,6622,174,789,5454,1848
4727,6622,174,3085,3651,2858
4727,6622,174,1597,554,3805
4727,6622,174,6942,6077,455
4727,6622,174,5583,3934,9312
4727,6622,174,8790,9814,6493
4727,6622,174,3755,4135,9461
4727,6622,174,2208,1654,988
4727,6622,174,757,8679,6325
4727,6622,174,2197,9259,1967
4727,6622,174,7269,9908,7894
4727,6622,174,6946,2685,9104
4727,6622,174,2238,506,4208
4727,6622,174,3926,7101,9368
4727,6622,174,8326,7402,3177
4727,6622,174,6897,1833,9416
4727,6622,174,3320,9058,7606
4727,6622,174,8395,5795,3412
4727,6622,174,4427,7718,2071
4727,6622,174,3794,4270,6773
4727,6622,174,1563,3780,5351
4727,6622,174,384,1470,6397
4727,6622,174,5419,6918,7405
4727,6622,174,5446,8200,1982
4727,6622,174,7325,1790,7006
4727,6622,174,3272,9255,8286
4727,6622,174,1321,567,1864
4727,6622,174,4483,3049,6375
4727,6622,174,5805,3082,6098
4727,6622,174,7705,9179,8169
4727,6622,174,2351,1174,6097
4727,6622,174,7354,2869,6876
4727,6622,174,237,4244,8951
4727,6622,174,5210,5411,5865
4727,6622,174,2356,823,3132
4727,6622,174,1492,6750,5644
4727,6622,174,9498,3297,6833
4727,6622,174,4300,9372,5742
4727,6622,174,5059,1717,6270
4727,6622,174,490,2881,5188
4727,6622,174,3353,8094,5685
4727,6622,174,8539,4085,4455
4727,6622,174,8986,4099,5090
4727,6622,174,4583,634,1901
4727,6622,174,3022,9376,1518
4727,6622,174,9759,5346,346
4727,6622,174,3123,3177,7386
4727,6622,174,1585,9185,8731
4727,6622,174,3476,6148,2689
4727,6622,174,8620,1740,1436
4727,6622,174,1207,5210,823
4727,6622,174,9569,2651,3828
4727,6622,174,3370,831,5036
4727,6622,174,5274,3109,2641
4727,6622,174,8936,8267,7005
4727,6622,174,1942,9385,1521
4727,6622,174,6385,4085,8847
4727,6622,174,5357,7704,1794
4727,6622,174,3029,9763,4504
4727,6622,174,6583,3459,594
4727,6622,174,5469,598,2734
4727,6622,174,9891,4072,4238
4727,6622,174,5300,690,2419
4727,6622,174,5419,2331,7854
4727,6622,174,9046,9426,7387
4727,6622,174,9734,297,4860
4727,6622,174,33,2583,9598
4727,6622,174,6409,4538,915
4727,6622,174,2891,6357,1146
4727,6622,174,88,518,8473
4727,6622,174,1966,6384,2378
4727,6622,174,240,7738,1533
4727,6622,174,4288,4454,7679
4727,6622,174,6387,7632,5163
4727,6622,174,9100,7508,105
4727,6622,174,3664,9404,3510
4727,6622,174,885,5531,5039
4727,6622,174,6146,5610,7506
4727,6622,174,3544,3426,9928
4727,6622,174,6190,3742,142
4727,6622,174,2614,7771,9820
4727,6622,174,6412,8445,8878
4727,6622,174,2125,9669,518
4727,6622,174,4297,6856,7103
4727,6622,174,4895,227,7525
4727,6622,174,5873,9571,7671
4727,6622,174,93,6939,6285
4727,6622,174,5222,4682,920
4727,6622,174,1820,8769,2075
4727,6622,174,2348,6541,1631
4727,6622,174,3985,3874,5197
4727,6622,174,103,1165,4229
4727,6622,174,1830,1986,1754
4727,6622,174,7082,5672,5106
4727,6622,174,5392,1037,417
4727,6622,174,2650,4237,9304
4727,6622,174,4514,2680,8129
4727,6622,174,9431,1804,4437
4727,6622,174,1533,5034,9197
4727,6622,174,7618,8036,3684
4727,6622,174,1473,536,6682
4727,6622,174,5393,32,7204
4727,6622,174,4929,5269,1795
4727,6622,174,506,6053,8706
4727,6622,174,4888,6180,2984
4727,6622,174,5107,5524,8330
4727,6622,174,9027,1381,5592
4727,6622,174,9175,9722,8657
4727,6622,174,7938,8998,5190
4727,6622,174,1112,4089,9306
4727,6622,174,9767,1491,5146
4727,6622,174,6431,3199,444
4727,6622,174,5000,5290,6968
4727,6622,174,6771,2603,4633
4727,6622,174,3266,8418,4003
4727,6622,174,9698,1717,5406
4727,6622,174,8568,3835,3501
4727,6622,174,1818,2574,6681
4727,6622,174,9429,8953,1259
4727,6622,174,796,3105,2973
4727,6622,174,1951,8038,1036
4727,6622,174,9000,5462,4617
4727,6622,174,2748,115,3374
4727,6622,174,431,599,9910
4727,6622,174,9518,6479,8237
4727,6622,174,9781,8235,7572
4727,6622,174,9690,9913,7558
4727,6622,174,6543,7948,5602
4727,6622,174,5997,5323,3338
4727,6622,174,9659,1195,6027
4727,6622,174,7472,1618,2839
4727,6622,174,9397,3783,7055
4727,6622,174,6173,7249,6399
4727,6622,174,160,3491,9373
4727,6622,174,4005,9866,4393
4727,6622,174,3703,1021,3600
4727,6622,174,2017,1453,6886
4727,6622,174,342,8553,1759
4727,6622,174,5987,3420,9935
4727,6622,174,7924,3121,3525
4727,6622,174,2754,7791,3892
4727,6622,174,9312,2055,6387
4727,6622,174,8182,4916,9296
4727,6622,174,7738,1272,2566
4727,6622,174,4342,9216,6601
4727,6622,174,7507,125,2016
4727,6622,174,7757,518,4475
4727,6622,174,4651,3740,4385
4727,6622,174,734,1002,4986
4727,6622,174,8802,5789,8187
4727,6622,174,9519,3672,8085
4727,6622,174,9708,1191,1880
4727,6622,174,4729,9242,8311
4727,6622,174,5627,4702,7070
4727,6622,174,2559,860,476
4727,6622,174,2862,2275,3921
4727,6622,174,4410,9444,2360
4727,6622,174,2577,6326,8295
4727,6622,174,6837,2481,2344
4727,6622,174,516,9161,1939
4727,6622,174,4765,7252,4235
4727,6622,174,8760,2115,4982
4727,6622,174,1165,3417,1226
4727,6622,174,2080,9746,8361
4727,6622,174,232,9744,4651
4727,6622,174,1684,6351,847
4727,6622,174,4538,3313,5882
4727,6622,174,2197,767,1181
4727,6622,174,8887,487,9169
4727,6622,174,373,2529,940
4727,6622,174,1377,4826,5658
4727,6622,174,7715,3437,3175
4727,6622,174,5662,8631,8088
4727,6622,174,575,9733,6571
4727,6622,174,8939,4539,6824
4727,6622,174,2702,1741,2566
4727,6622,174,5097,3551,6680
4727,6622,174,624,9556,3097
4727,6622,174,5709,4827,1292
4727,6622,174,6465,7538,6492
4727,6622,174,7272,1816,7646
4727,6622,174,4152,8396,1118
4727,6622,174,9946,1907,7213
4727,6622,174,1934,4136,3570
4727,6622,174,8586,7040,495
4727,6622,174,2508,6319,7115
4727,6622,174,4523,7028,550
4727,6622,174,6566,2470,4281
4727,6622,174,6823,1599,4042
4727,6622,174,9987,1959,6063
4727,6622,174,9120,506,8789
4727,6622,174,9409,605,1208
4727,6622,174,7993,2119,7816
4727,6622,174,5339,2186,3282
4727,6622,174,761,8945,5779
4727,6622,174,4748,6238,8727
4727,6622,174,6739,6397,8013
4727,6622,174,6976,6936,8296
4727,6622,174,2143,5030,6893
4727,6622,174,2057,7052,5295
4727,6622,174,9347,6789,6245
4727,6622,174,6711,671,7994
4727,6622,174,2171,330,7782
4727,6622,174,446,6989,6270
4727,6622,174,9503,162,1650
4727,6622,174,6880,6065,5782
4727,6622,174,798,7505,2104
4727,6622,174,9524,1940,8107
4727,6622,174,6917,1020,5412
4727,6622,174,2854,4165,1149
4727,6622,174,8706,9674,5882
4727,6622,174,8527,3575,739
4727,6622,174,4832,9362,7337
4727,6622,174,5723,7671,8447
4727,6622,174,6792,6575,3751
4727,6622,174,5387,8699,1344
4727,6622,174,9539,4860,2528
4727,6622,174,1288,7852,9504
4727,6622,174,108,5547,5725
4727,6622,174,7417,844,1344
4727,6622,174,5675,587,4724
4727,6622,174,807,4713,2760
4727,6622,174,2437,1397,8810
4727,6622,174,881,2814,5740
4727,6622,174,9227,3195,3055
4727,6622,174,2059,7914,5541
4727,6622,174,2219,476,3503
4727,6622,174,3834,6327,5468
4727,6622,174,8352,5781,9085
4727,6622,174,2012,2284,7309
4727,6622,174,9024,7993,5551
4727,6622,174,9776,4999,516
4727,6622,174,9333,3437,1058
4727,6622,174,7692,7312,8842
4727,6622,174,7913,8793,4695
4727,6622,174,2818,2693,3724
4727,6622,174,8157,7988,1519
4727,6622,174,6274,134,8277
4727,6622,174,996,9121,1096
4727,6622,174,6394,9889,3451
4727,6622,174,7204,4191,5320
4727,6622,174,3801,6598,5916
4727,6622,174,350,5077,4950
4727,6622,174,1262,5992,5590
4727,6622,174,4916,6828,256
4727,6622,174,2098,9629,7677
4727,6622,174,5428,9876,1621
4727,6622,174,2542,3728,210
4727,6622,174,5275,3359,9312
4727,6622,174,3519,3288,8387
4727,6622,174,1742,2901,1582
4727,6622,174,4139,7802,6958
4727,6622,174,2917,7882,473
4727,6622,174,7042,6265,8558
4727,6622,174,5422,6734,7614
4727,6622,174,4761,4820,3425
4727,6622,174,9442,3305,1915
4727,6622,174,908,608,7089
4727,6622,174,4069,1388,8702
4727,6622,174,5365,4767,6864
4727,6622,174,5881,7185,5298
4727,6622,174,4277,6997,2629
4727,6622,174,8794,7981,8576
4727,6622,174,6948,9175,2809
4727,6622,174,9140,4033,9048
4727,6622,174,7670,3353,6795
4727,6622,174,6721,5688,6038
4727,6622,174,9585,4390,5733
4727,6622,174,9756,33,2528
4727,6622,174,5222,5239,4950
4727,6622,174,7020,9723,4624
4727,6622,174,7170,4399,6240
4727,6622,174,4935,9925,8627
4727,6622,174,7557,6516,1588
4727,6622,174,5690,9814,2998
4727,6622,174,1638,5251,4860
4727,6622,174,5736,9302,8408
4727,6622,174,2082,832,4626
4727,6622,174,8324,1944,6367
4727,6622,174,4833,2751,7904
4727,6622,174,7635,347,4793
4727,6622,174,6995,1800,6907
4727,6622,174,7607,6283,7697
4727,6622,174,1424,9500,3985
4727,6622,174,3,206,9771
4727,6622,174,1332,6041,9326
4727,6622,174,2957,5306,4559
4727,6622,174,4758,610,9755
4727,6622,174,8909,1929,4162
4727,6622,174,7926,3745,5375
4727,6622,174,1928,8944,6754
4727,6622,174,6642,6396,9491
4727,6622,174,8498,4773,1496
4727,6622,174,9219,4143,889
4727,6622,174,4782,863,1850
4727,6622,174,3616,7160,3372
4727,6622,174,6865,826,507
4727,6622,174,3242,1673,5720
4727,6622,174,2292,8625,4971
4727,6622,174,7646,8195,5966
4727,6622,174,4145,6971,5084
4727,6622,174,2234,1377,952
4727,6622,174,4472,4994,4039
4727,6622,174,1905,1274,5882
4727,6622,174,436,5118,5473
4727,6622,174,4382,2157,3007
4727,6622,174,4523,8083,8905
4727,6622,174,1357,5982,8925
4727,6622,174,3678,4419,4064
4727,6622,174,8446,6117,5445
4727,6622,174,6460,1117,5015
4727,6622,174,9275,1428,1368
4727,6622,174,4241,5558,3760
4727,6622,174,4906,4873,5045
4727,6622,174,8062,2994,3171
4727,6622,174,7463,9364,1156
4727,6622,174,1390,8747,9379
4727,6622,174,4644,7757,5836
4727,6622,174,8844,1323,227
4727,6622,174,2730,5216,9938
4727,6622,174,3166,688,1308
4727,6622,174,5385,5658,3736
4727,6622,174,1867,4854,6600
4727,6622,174,176,5521,2534
4727,6622,174,8463,3176,6440
4727,6622,174,2958,5355,5742
4727,6622,174,4414,757,6282
4727,6622,174,3864,7034,6692
4727,6622,174,8084,744,1173
4727,6622,174,7515,4276,3151
4727,6622,174,2053,2298,6364
4727,6622,174,2991,5599,1979
4727,6622,174,9625,9744,2905
4727,6622,174,7746,4426,9227
4727,6622,174,379,5593,8794
4727,6622,174,9456,3269,8631
4727,6622,174,2614,6842,6988
4727,6622,174,3396,9207,5936
4727,6622,174,4671,9653,7998
4727,6622,174,1735,1014,2460
4727,6622,174,3621,5846,3076
4727,6622,174,8807,7478,7021
4727,6622,174,1433,3812,2121
4727,6622,174,6088,4139,7475
4727,6622,174,977,4717,6760
4727,6622,174,2794,4723,7225
4727,6622,174,8933,3125,4399
4727,6622,174,3841,2935,437
4727,6622,174,1162,6885,4900
4727,6622,174,1096,3831,9496
4727,6622,174,8536,5476,2516
4727,6622,174,2090,5478,4486
4727,6622,174,3041,9811,8963
4727,6622,174,7747,3668,333
4727,6622,174,9708,2079,5599
