7393,5693,147,2051,9829,638
7393,5693,147,6488,3001,3604
7393,5693,147,4331,9225,1849
7393,5693,147,8397,5719,5439
7393,5693,147,5660,3654,7164
7393,5693,147,6594,9090,3718
7393,5693,147,6180,7545,144
7393,5693,147,433,9340,6604
7393,5693,147,7020,355,2463
7393,5693,147,9827,5066,6132
7393,5693,147,9906,4387,8814
7393,5693,147,6458,7557,1247
7393,5693,147,7666,2532,9319
7393,5693,147,1176,9732,2686
7393,5693,147,595,4945,8194
7393,5693,147,2322,6048,1686
7393,5693,147,5755,3154,873
7393,5693,147,7755,5394,590
7393,5693,147,1855,5765,8159
7393,5693,147,5223,9611,5121
7393,5693,147,2019,3456,2171
7393,5693,147,8933,2583,4145
7393,5693,147,7068,2118,931
7393,5693,147,1719,6793,1989
7393,5693,147,7442,1999,4100
7393,5693,147,1257,2745,6184
7393,5693,147,6288,338,5861
7393,5693,147,1606,9448,4652
7393,5693,147,2416,7537,6461
7393,5693,147,6048,8458,9043
7393,5693,147,1745,184,6325
7393,5693,147,6836,6738,3590
7393,5693,147,3486,6386,5928
7393,5693,147,6181,1674,1240
7393,5693,147,6110,8663,2494
7393,5693,147,4258,2828,8767
7393,5693,147,3727,126,844
7393,5693,147,3400,6972,2974
7393,5693,147,6520,4413,4311
7393,5693,147,3347,1181,7507
7393,5693,147,7546,3205,2996
7393,5693,147,8238,7019,675
7393,5693,147,3241,7483,491
7393,5693,147,7155,5192,2568
7393,5693,147,818,7774,8332
7393,5693,147,8416,7437,3126
7393,5693,147,334,8699,8832
7393,5693,147,7569,7186,6082
7393,5693,147,5394,2750,2203
7393,5693,147,2841,6158,4294
7393,5693,147,2373,6030,5811
7393,5693,147,2995,1680,8311
7393,5693,147,2778,9906,5102
7393,5693,147,5127,85,8397
7393,5693,147,6683,9793,4982
7393,5693,147,2116,7569,5184
7393,5693,147,3394,6621,4461
7393,5693,147,7554,3712,8000
7393,5693,147,8566,498,5219
7393,5693,147,4658,7050,7974
7393,5693,147,9625,3797,9332
7393,5693,147,517,138,2681
7393,5693,147,5048,9111,7727
7393,5693,147,787,877,3309
7393,5693,147,6887,4710,5677
7393,5693,147,1173,5904,2941
7393,5693,147,4101,979,6471
7393,5693,147,6717,9048,2842
7393,5693,147,6584,8287,953
7393,5693,147,6578,8187,7966
7393,5693,147,4176,3710,8133
7393,5693,147,5894,3319,4872
7393,5693,147,2969,1475,3202
7393,5693,147,9265,2525,1643
7393,5693,147,1497,7873,4174
7393,5693,147,8380,3678,5557
7393,5693,147,1182,8312,5899
7393,5693,147,6855,8221,567
7393,5693,147,4789,3229,3197
7393,5693,147,3606,2010,3339
7393,5693,147,9038,8573,6060
7393,5693,147,7321,1926,7728
7393,5693,147,3866,3018,6188
7393,5693,147,7566,8597,8714
7393,5693,147,2483,6903,9161
7393,5693,147,9982,2040,2975
7393,5693,147,4171,8590,4315
7393,5693,147,205,3575,7636
7393,5693,147,5740,5960,3411
7393,5693,147,9498,3608,2432
7393,5693,147,313,3359,8459
7393,5693,147,7246,666,5538
7393,5693,147,9396,3640,1630
7393,5693,147,7661,485,6835
7393,5693,147,8249,8659,8793
7393,5693,147,7054,6726,1216
7393,5693,147,65,9163,4945
7393,5693,147,360,658,2185
7393,5693,147,6681,3819,7985
7393,5693,147,8681,9615,5614
7393,5693,147,7145,4091,8500
7393,5693,147,5749,8277,4871
7393,5693,147,4699,4246,8304
7393,5693,147,6118,3941,8535
7393,5693,147,3876,9656,8504
7393,5693,147,3721,1105,9458
7393,5693,147,4447,3827,7325
7393,5693,147,2602,3388,1440
7393,5693,147,2397,4685,6964
7393,5693,147,7533,6322,8141
7393,5693,147,1236,6003,9475
7393,5693,147,662,8020,7986
7393,5693,147,7483,8376,3727
7393,5693,147,1922,18,507
7393,5693,147,8273,5483,4894
7393,5693,147,2078,9840,3741
7393,5693,147,8629,1546,145
7393,5693,147,8458,2604,842
7393,5693,147,6485,8527,7281
7393,5693,147,2077,4044,8890
7393,5693,147,4241,4119,7970
7393,5693,147,7526,6208,1161
7393,5693,147,7823,8133,8346
7393,5693,147,3671,521,6106
7393,5693,147,7982,105,8093
7393,5693,147,227,4655,9707
7393,5693,147,4241,9158,5293
7393,5693,147,7618,546,548
7393,5693,147,6548,8754,1054
7393,5693,147,9564,9886,8727
7393,5693,147,4530,1802,4047
7393,5693,147,9603,1533,7388
7393,5693,147,5647,2516,6800
7393,5693,147,6207,7677,4656
7393,5693,147,9484,7938,9173
7393,5693,147,411,9107,6998
7393,5693,147,4972,3800,6639
7393,5693,147,5736,705,5274
7393,5693,147,7921,7445,4810
7393,5693,147,805,7894,9837
7393,5693,147,4207,4657,8452
7393,5693,147,2639,3503,8788
7393,5693,147,6063,2793,5923
7393,5693,147,659,6631,2404
7393,5693,147,621,3845,2209
7393,5693,147,4905,6568,4839
7393,5693,147,5719,6754,2877
7393,5693,147,5462,273,9643
7393,5693,147,863,7911,7886
7393,5693,147,2028,2350,8657
7393,5693,147,5088,8332,5537
7393,5693,147,1003,8541,2656
7393,5693,147,519,8214,450
7393,5693,147,5164,7747,9213
7393,5693,147,5453,6917,8244
7393,5693,147,5537,1618,7554
7393,5693,147,7847,7432,818
7393,5693,147,6441,1208,8820
7393,5693,147,6135,8625,4944
7393,5693,147,2530,2812,4902
7393,5693,147,7356,3126,2777
7393,5693,147,7228,2589,1839
7393,5693,147,9576,2191,8102
7393,5693,147,1984,5512,426
7393,5693,147,4786,4258,7318
7393,5693,147,7400,9001,7656
7393,5693,147,9361,3622,3999
7393,5693,147,9192,5015,2133
7393,5693,147,8045,132,4168
7393,5693,147,1098,4787,2240
7393,5693,147,1770,2799,921
7393,5693,147,1777,613,8992
7393,5693,147,1075,7154,282
7393,5693,147,9714,281,6312
7393,5693,147,2304,7664,9945
7393,5693,147,5042,8944,6168
7393,5693,147,4799,3399,7474
7393,5693,147,732,947,1701
7393,5693,147,7028,736,7601
7393,5693,147,206,7186,1627
7393,5693,147,6152,2993,4727
7393,5693,147,1525,7432,8435
7393,5693,147,8837,6824,7519
7393,5693,147,7599,4223,8320
7393,5693,147,6435,9796,6073
7393,5693,147,7882,5746,264
7393,5693,147,4713,1506,9080
7393,5693,147,1845,3038,6234
7393,5693,147,7555,1627,3236
7393,5693,147,3919,2133,1649
7393,5693,147,8992,778,8352
7393,5693,147,7458,7090,6991
7393,5693,147,3938,6147,5278
7393,5693,147,4362,1290,7942
7393,5693,147,2154,2479,5222
7393,5693,147,7348,4581,7889
7393,5693,147,9532,16,1114
7393,5693,147,5189,2709,2971
7393,5693,147,9516,4511,1233
7393,5693,147,8486,838,8732
7393,5693,147,980,6216,4130
7393,5693,147,3530,6737,5299
7393,5693,147,7133,6461,3764
7393,5693,147,7781,1661,5494
7393,5693,147,116,3659,1221
7393,5693,147,3306,3678,2801
7393,5693,147,6961,3216,7378
7393,5693,147,3009,7271,3611
7393,5693,147,3779,5660,3257
7393,5693,147,2812,2111,5451
7393,5693,147,3401,6148,9545
7393,5693,147,1290,8330,3431
7393,5693,147,2182,2444,2409
7393,5693,147,3581,7737,840
7393,5693,147,3679,7167,7044
7393,5693,147,1909,3465,3290
7393,5693,147,2681,7892,9898
7393,5693,147,7232,5769,7877
7393,5693,147,316,8866,7944
7393,5693,147,9331,2370,1030
7393,5693,147,4798,2055,8939
7393,5693,147,5998,797,5386
7393,5693,147,8405,1780,3722
7393,5693,147,584,6380,2251
7393,5693,147,2098,8046,5755
7393,5693,147,8866,2250,6449
7393,5693,147,7341,3581,811
7393,5693,147,8567,2172,2814
7393,5693,147,9044,7029,4694
7393,5693,147,3723,1297,2868
7393,5693,147,8311,6458,8700
7393,5693,147,8062,1464,6583
7393,5693,147,4571,1705,9620
7393,5693,147,3632,8188,4292
7393,5693,147,6689,4564,4034
7393,5693,147,4312,9591,2057
7393,5693,147,9542,6919,5905
7393,5693,147,2097,9992,8740
7393,5693,147,3311,2103,9996
7393,5693,147,3498,8747,5767
7393,5693,147,5949,5019,9834
7393,5693,147,7404,5943,6784
7393,5693,147,2920,8533,8297
7393,5693,147,8561,2506,3433
7393,5693,147,1615,6207,3946
7393,5693,147,1618,1443,9181
7393,5693,147,5233,4425,3091
7393,5693,147,6971,9868,6353
7393,5693,147,6554,4892,2741
7393,5693,147,2318,5159,7395
7393,5693,147,9266,4853,9508
7393,5693,147,3168,6720,411
7393,5693,147,2449,7423,1800
7393,5693,147,9810,1204,3246
7393,5693,147,1469,725,9037
7393,5693,147,3090,9996,8979
7393,5693,147,8163,3788,2689
7393,5693,147,4087,4560,2951
7393,5693,147,2721,7106,4891
7393,5693,147,6771,8738,4272
7393,5693,147,4338,7223,2535
7393,5693,147,5694,9125,4663
7393,5693,147,970,9572,644
7393,5693,147,82,8926,2017
7393,5693,147,9691,7370,3914
7393,5693,147,5472,348,2379
7393,5693,147,9931,9028,486
7393,5693,147,1922,2543,5070
7393,5693,147,7209,9263,3463
7393,5693,147,5636,7611,2441
7393,5693,147,9755,5580,4815
7393,5693,147,1879,3333,1329
7393,5693,147,825,5431,3459
7393,5693,147,7286,1292,3329
7393,5693,147,991,9721,2904
7393,5693,147,2129,2531,4533
7393,5693,147,3488,7173,1438
7393,5693,147,1217,7486,217
7393,5693,147,4953,1969,6869
7393,5693,147,4579,1893,6177
7393,5693,147,5319,8363,6118
7393,5693,147,7639,8725,4569
7393,5693,147,1225,5242,1234
7393,5693,147,72,6976,5254
7393,5693,147,200,4434,3423
7393,5693,147,2138,870,6398
7393,5693,147,3508,3448,2609
7393,5693,147,2794,6518,4090
7393,5693,147,5062,9204,1182
7393,5693,147,8825,5590,3360
7393,5693,147,7489,3338,3706
7393,5693,147,2454,5680,6522
7393,5693,147,7266,4667,781
7393,5693,147,8672,5379,4643
7393,5693,147,7166,7407,527
7393,5693,147,2944,6691,4920
7393,5693,147,4705,1232,3282
7393,5693,147,3684,3561,8836
7393,5693,147,5425,4917,9494
7393,5693,147,6437,5376,6393
7393,5693,147,5388,6069,1923
7393,5693,147,6540,4572,3548
7393,5693,147,6898,6266,1604
7393,5693,147,8552,7721,1973
7393,5693,147,7182,9038,2820
7393,5693,147,118,1321,9390
7393,5693,147,6237,6149,5042
7393,5693,147,436,431,5190
7393,5693,147,848,41,3781
7393,5693,147,3269,9028,9700
7393,5693,147,9164,9018,1427
7393,5693,147,3614,2721,9747
7393,5693,147,129,8153,9392
7393,5693,147,6077,9249,1613
7393,5693,147,8979,2836,2495
7393,5693,147,6090,9743,1133
7393,5693,147,9222,839,3719
7393,5693,147,275,7162,1349
7393,5693,147,1511,1175,1094
7393,5693,147,2967,1905,6803
7393,5693,147,4965,3355,1901
7393,5693,147,7747,4225,9400
7393,5693,147,4077,7120,8798
7393,5693,147,8204,4583,6697
7393,5693,147,6033,3558,3305
7393,5693,147,1200,5124,1647
7393,5693,147,7488,873,9918
7393,5693,147,1305,2941,1962
7393,5693,147,2972,1119,5256
7393,5693,147,7132,4467,6084
7393,5693,147,4076,980,7269
7393,5693,147,6937,9428,5213
7393,5693,147,5605,4247,3135
7393,5693,147,8002,752,5835
7393,5693,147,5482,674,4938
7393,5693,147,6256,1183,235
7393,5693,147,7253,1361,8315
7393,5693,147,6266,7079,8999
7393,5693,147,3858,1095,5362
7393,5693,147,5651,7489,1768
7393,5693,147,4768,2910,5707
7393,5693,147,6405,1314,5808
7393,5693,147,2761,5665,5830
7393,5693,147,4896,8032,1632
7393,5693,147,3089,2673,5464
7393,5693,147,6131,9165,6741
7393,5693,147,2043,4326,8547
7393,5693,147,8155,6847,5603
7393,5693,147,1047,3034,5584
7393,5693,147,8786,6170,790
7393,5693,147,7934,9253,6681
7393,5693,147,4580,9069,6844
7393,5693,147,3199,9451,4250
7393,5693,147,6776,4786,1842
7393,5693,147,2475,5514,6910
7393,5693,147,2902,6991,9027
7393,5693,147,9877,4140,790
7393,5693,147,3603,6425,9151
7393,5693,147,4404,5906,9611
7393,5693,147,6995,5326,2379
7393,5693,147,5171,5116,2830
7393,5693,147,4164,7885,2185
7393,5693,147,5856,8399,2662
7393,5693,147,2120,7183,5519
7393,5693,147,9720,472,8573
7393,5693,147,1062,3727,7334
7393,5693,147,7160,8915,4957
7393,5693,147,665,5950,2541
7393,5693,147,6076,9462,4823
7393,5693,147,7012,5004,567
7393,5693,147,5232,8222,7275
7393,5693,147,1438,5429,8025
7393,5693,147,5371,6906,748
7393,5693,147,2315,8380,3280
7393,5693,147,3636,6896,3513
7393,5693,147,5354,1867,7505
7393,5693,147,7321,1248,3489
7393,5693,147,1839,1074,849
7393,5693,147,2809,1864,2735
7393,5693,147,6805,1711,2480
7393,5693,147,2996,6171,563
7393,5693,147,4219,6421,4217
7393,5693,147,5522,6104,935
7393,5693,147,2652,7211,9222
7393,5693,147,3033,3353,2554
7393,5693,147,5662,5490,3206
7393,5693,147,2471,9843,7363
7393,5693,147,8918,8406,2696
7393,5693,147,3809,8087,9252
7393,5693,147,7464,8015,6214
7393,5693,147,726,5059,2808
7393,5693,147,9061,8231,6129
7393,5693,147,5248,6267,8732
7393,5693,147,7963,1966,7565
7393,5693,147,8599,243,5849
7393,5693,147,907,8505,3053
7393,5693,147,6768,6588,8405
7393,5693,147,6121,2510,831
7393,5693,147,717,907,1880
7393,5693,147,783,2276,1836
7393,5693,147,942,5581,1910
7393,5693,147,63,192,6726
7393,5693,147,8802,6590,1454
7393,5693,147,7573,2168,2080
7393,5693,147,6000,3143,1793
7393,5693,147,2792,893,2718
7393,5693,147,6071,8672,608
7393,5693,147,875,7192,8483
7393,5693,147,7726,6223,6089
7393,5693,147,9383,4038,7975
7393,5693,147,9083,7929,6296
7393,5693,147,4823,1654,58
7393,5693,147,5674,6380,5365
7393,5693,147,8180,227,7697
7393,5693,147,1424,5802,5681
7393,5693,147,7119,1545,278
7393,5693,147,4993,652,1386
7393,5693,147,7667,2991,4387
7393,5693,147,6138,590,7823
7393,5693,147,761,683,8673
7393,5693,147,3297,3176,8039
7393,5693,147,108,9795,6659
7393,5693,147,7966,3942,8089
7393,5693,147,9585,8301,2444
7393,5693,147,7382,1962,3157
7393,5693,147,7501,3765,3958
7393,5693,147,573,5913,4647
7393,5693,147,6040,9595,1692
7393,5693,147,44,5843,6832
7393,5693,147,3131,3871,7371
7393,5693,147,1941,1153,2747
7393,5693,147,6915,3139,4009
7393,5693,147,6274,7782,5355
7393,5693,147,8696,9274,3589
7393,5693,147,5822,8345,7781
7393,5693,147,2019,78,1903
7393,5693,147,7928,3139,667
7393,5693,147,7496,9333,7627
7393,5693,147,9460,8416,1400
7393,5693,147,6329,5886,4330
7393,5693,147,432,1935,5757
7393,5693,147,1785,3319,2892
7393,5693,147,9150,279,7965
7393,5693,147,4090,7631,5242
7393,5693,147,9157,108,9068
7393,5693,147,4812,6634,5571
7393,5693,147,5848,5181,1312
7393,5693,147,8872,2493,8447
7393,5693,147,8110,4562,366
7393,5693,147,7525,682,7524
7393,5693,147,5295,209,6739
7393,5693,147,6737,2953,476
7393,5693,147,6076,670,3753
7393,5693,147,6110,3583,625
7393,5693,147,4640,9427,7675
7393,5693,147,8353,6493,6751
7393,5693,147,1458,9708,9436
7393,5693,147,7811,4255,5146
7393,5693,147,2372,9820,8307
7393,5693,147,7591,5399,6872
7393,5693,147,4869,3057,8245
7393,5693,147,8190,6534,2296
7393,5693,147,9998,4045,9183
7393,5693,147,3060,4986,3909
7393,5693,147,762,2041,7986
7393,5693,147,8181,8467,3348
7393,5693,147,2798,4352,448
7393,5693,147,9861,957,8281
7393,5693,147,4681,5459,8556
7393,5693,147,7488,751,7419
7393,5693,147,2486,6484,4326
7393,5693,147,4257,2087,3966
7393,5693,147,4024,6670,7932
7393,5693,147,8137,4525,1119
7393,5693,147,2161,3446,9309
7393,5693,147,3468,3926,6198
7393,5693,147,5579,957,1476
7393,5693,147,9097,5823,9137
7393,5693,147,1875,8881,7828
7393,5693,147,2473,4478,8942
7393,5693,147,4912,210,4868
7393,5693,147,1914,4933,1993
7393,5693,147,2456,2017,651
7393,5693,147,5298,8786,4415
7393,5693,147,4682,2774,8550
7393,5693,147,5449,9158,5436
7393,5693,147,3393,1323,9002
7393,5693,147,2211,3280,4146
7393,5693,147,6039,5429,4521
7393,5693,147,4785,4341,2358
7393,5693,147,8547,3378,9505
7393,5693,147,1346,5318,581
7393,5693,147,6577,7788,7785
7393,5693,147,6652,5804,4284
7393,5693,147,204,4476,8753
7393,5693,147,9047,282,8678
7393,5693,147,8863,3504,5656
7393,5693,147,2619,6440,5709
7393,5693,147,157,2503,8070
7393,5693,147,1062,3528,615
7393,5693,147,140,9061,8176
7393,5693,147,6816,5181,8457
7393,5693,147,7224,5270,4817
7393,5693,147,5051,7116,4818
7393,5693,147,6209,5020,2
7393,5693,147,4429,7966,1746
7393,5693,147,2121,1971,9870
7393,5693,147,1659,7740,6055
7393,5693,147,3929,9335,7565
7393,5693,147,9560,3458,9427
