3746,745,9910,3323,3332,7908
3746,745,9910,2556,5655,777
3746,745,9910,9905,8481,4525
3746,745,9910,6190,9355,3948
3746,745,9910,9360,6256,4286
3746,745,9910,3052,4118,6812
3746,745,9910,6257,4131,3374
3746,745,9910,6899,6282,7020
3746,745,9910,522,7087,9166
3746,745,9910,3711,2803,7484
3746,745,9910,9129,3670,8269
3746,745,9910,2964,1515,7426
3746,745,9910,6583,5972,2463
3746,745,9910,9912,5284,7224
3746,745,9910,1995,431,8353
3746,745,9910,7445,2856,9198
3746,745,9910,491,3377,2928
3746,745,9910,5401,7273,6856
3746,745,9910,328,9461,9358
3746,745,9910,7545,9389,4799
3746,745,9910,6762,2969,2245
3746,745,9910,8766,2552,6969
3746,745,9910,1520,6316,2387
3746,745,9910,3560,2944,5854
3746,745,9910,6164,2645,669
3746,745,9910,3354,5538,9346
3746,745,9910,1591,3080,2386
3746,745,9910,7381,3535,2427
3746,745,9910,6919,5993,1330
3746,745,9910,1555,1120,1112
3746,745,9910,9914,2212,5620
3746,745,9910,1261,7745,2682
3746,745,9910,1483,90,5504
3746,745,9910,8424,4433,2639
3746,745,9910,7286,3906,9530
3746,745,9910,8840,6305,1456
3746,745,9910,2618,3998,7889
3746,745,9910,7069,9529,1073
3746,745,9910,7515,2414,6802
3746,745,9910,3384,9556,2473
3746,745,9910,4225,6560,8866
3746,745,9910,9989,5892,4375
3746,745,9910,987,6897,8836
3746,745,9910,1036,9202,6202
3746,745,9910,7339,882,9925
3746,745,9910,9825,5347,2066
3746,745,9910,726,7058,793
3746,745,9910,9031,2588,8431
3746,745,9910,2034,6120,5159
3746,745,9910,6716,9481,1014
3746,745,9910,494,7513,659
3746,745,9910,2613,5165,1945
3746,745,9910,7997,8122,5624
3746,745,9910,4153,9710,8945
3746,745,9910,2308,9024,5633
3746,745,9910,8011,3190,4724
3746,745,9910,8914,6955,9792
3746,745,9910,1710,9985,3158
3746,745,9910,9778,5619,2682
3746,745,9910,5651,9003,4221
3746,745,9910,3074,1612,3382
3746,745,9910,4268,1288,7559
3746,745,9910,8801,1078,5534
3746,745,9910,7783,7309,3705
3746,745,9910,384,8846,9613
3746,745,9910,9810,1902,424
3746,745,9910,1566,4500,37
3746,745,9910,5831,7389,4716
3746,745,9910,453,3599,7765
3746,745,9910,7561,8501,3907
3746,745,9910,5621,1416,187
3746,745,9910,8392,2106,701
3746,745,9910,8444,4764,1619
3746,745,9910,9646,2617,4805
3746,745,9910,7456,1112,1784
3746,745,9910,9209,51,6840
3746,745,9910,3610,4378,4479
3746,745,9910,2718,5364,9049
3746,745,9910,4744,7410,6179
3746,745,9910,2027,576,9338
3746,745,9910,5661,9224,9633
3746,745,9910,2995,14,564
3746,745,9910,9425,370,2153
3746,745,9910,9367,1756,9484
3746,745,9910,2840,3568,8790
3746,745,9910,3026,5333,2796
3746,745,9910,8448,702,3840
3746,745,9910,8133,2853,2489
3746,745,9910,493,6940,4405
3746,745,9910,8425,626,8622
3746,745,9910,5229,9004,5054
3746,745,9910,291,3787,9924
3746,745,9910,513,4788,4634
3746,745,9910,3896,5824,2248
3746,745,9910,3195,9485,7085
3746,745,9910,5148,9577,4365
3746,745,9910,7812,974,3793
3746,745,9910,5622,4746,9150
3746,745,9910,9606,9368,9073
3746,745,9910,8455,6012,7678
3746,745,9910,2907,622,8161
3746,745,9910,7265,6273,8209
3746,745,9910,5294,7278,3255
3746,745,9910,9438,9945,5423
3746,745,9910,448,5177,1113
3746,745,9910,8219,3547,1152
3746,745,9910,2083,1560,7828
3746,745,9910,4562,4531,3197
3746,745,9910,6295,3778,6352
3746,745,9910,7842,7062,8184
3746,745,9910,3209,7028,3379
3746,745,9910,8989,2033,2616
3746,745,9910,421,4749,8521
3746,745,9910,8161,5615,8049
3746,745,9910,4922,6391,4456
3746,745,9910,496,5600,170
3746,745,9910,1710,4263,7287
3746,745,9910,352,1275,302
3746,745,9910,6074,6494,2322
3746,745,9910,6581,7279,6681
3746,745,9910,7213,5459,8329
3746,745,9910,9636,7193,355
3746,745,9910,4941,7468,6999
3746,745,9910,6720,1775,5227
3746,745,9910,9156,7455,706
3746,745,9910,8914,6688,405
3746,745,9910,1156,5758,8530
3746,745,9910,7772,5170,6421
3746,745,9910,1355,1712,994
3746,745,9910,8694,2665,513
3746,745,9910,318,8676,5495
3746,745,9910,8616,5471,1694
3746,745,9910,1595,6296,2431
3746,745,9910,4831,6887,1927
3746,745,9910,8012,753,2117
3746,745,9910,7827,3374,4020
3746,745,9910,7467,7260,8108
3746,745,9910,5264,3464,7792
3746,745,9910,3427,1639,6807
3746,745,9910,6627,3325,1822
3746,745,9910,9376,9465,3325
3746,745,9910,8438,8802,3471
3746,745,9910,6253,8262,1465
3746,745,9910,3281,3801,4137
3746,745,9910,6457,5832,9617
3746,745,9910,8326,8897,4969
3746,745,9910,6005,6262,7903
3746,745,9910,6405,6251,2221
3746,745,9910,4062,2814,7150
3746,745,9910,2086,5767,9127
3746,745,9910,3672,8157,7926
3746,745,9910,7051,9714,6746
3746,745,9910,289,2658,8275
3746,745,9910,5764,2926,1023
3746,745,9910,2579,9760,5622
3746,745,9910,7368,7415,128
3746,745,9910,7440,986,2045
3746,745,9910,1025,1094,8463
3746,745,9910,1506,4745,678
3746,745,9910,5146,3684,6001
3746,745,9910,7844,3850,581
3746,745,9910,2790,8190,2086
3746,745,9910,4783,8365,5717
3746,745,9910,6737,7032,4580
3746,745,9910,8426,5044,2352
3746,745,9910,2993,2121,5747
3746,745,9910,1299,1251,887
3746,745,9910,3177,909,3610
3746,745,9910,3444,1406,4018
3746,745,9910,6608,1751,766
3746,745,9910,7402,1331,3983
3746,745,9910,4389,5667,9672
3746,745,9910,7960,2755,2292
3746,745,9910,9919,6618,6432
3746,745,9910,1136,8018,2343
3746,745,9910,5176,2181,4581
3746,745,9910,9242,6129,8326
3746,745,9910,3908,6354,3169
3746,745,9910,6735,4533,1395
3746,745,9910,6691,4346,7338
3746,745,9910,3604,4307,9623
3746,745,9910,6761,8856,3284
3746,745,9910,2347,8008,3001
3746,745,9910,3932,5541,2316
3746,745,9910,4184,2054,7162
3746,745,9910,3511,6685,2898
3746,745,9910,6569,1765,7039
3746,745,9910,1964,2715,45
3746,745,9910,4712,3208,8591
3746,745,9910,1998,2599,7623
3746,745,9910,2501,4216,2176
3746,745,9910,9219,9545,951
3746,745,9910,1327,2582,5597
3746,745,9910,5382,7495,1047
3746,745,9910,9481,802,9204
3746,745,9910,525,2402,4833
3746,745,9910,3003,5683,7964
3746,745,9910,7271,8360,2966
3746,745,9910,3034,8176,2617
3746,745,9910,9734,7087,5194
3746,745,9910,1421,6895,9654
3746,745,9910,65,8980,9525
3746,745,9910,9242,4187,8539
3746,745,9910,8137,4224,4469
3746,745,9910,6401,3865,1657
3746,745,9910,7672,250,7708
3746,745,9910,4024,7592,1164
3746,745,9910,6644,5185,8981
3746,745,9910,531,6229,2655
3746,745,9910,8603,2599,4610
3746,745,9910,2422,1227,9166
3746,745,9910,4489,9960,1570
3746,745,9910,366,3820,1825
3746,745,9910,3924,7767,1542
3746,745,9910,4460,8907,665
3746,745,9910,1116,159,8010
3746,745,9910,4404,501,9359
3746,745,9910,5753,9731,8260
3746,745,9910,6541,7529,1842
3746,745,9910,6501,1699,2867
3746,745,9910,4304,7463,2071
3746,745,9910,9655,230,3655
3746,745,9910,5643,431,8571
3746,745,9910,3809,3680,5972
3746,745,9910,6508,3062,3628
3746,745,9910,335,2973,6133
3746,745,9910,7935,5658,7888
3746,745,9910,2878,1517,3604
3746,745,9910,3193,5419,9951
3746,745,9910,1057,9375,9316
3746,745,9910,7666,4829,5678
3746,745,9910,8905,6685,8492
3746,745,9910,2460,9145,811
3746,745,9910,456,2819,9677
3746,745,9910,3379,9587,4943
3746,745,9910,2478,5115,2419
3746,745,9910,8800,7937,8447
3746,745,9910,8166,1094,4128
3746,745,9910,2618,7655,6502
3746,745,9910,9590,4514,5729
3746,745,9910,6742,6014,6748
3746,745,9910,8411,7744,6735
3746,745,9910,2384,2127,8842
3746,745,9910,4874,418,6115
3746,745,9910,5749,1098,6551
3746,745,9910,3874,2027,2027
3746,745,9910,194,4959,1238
3746,745,9910,4405,3376,1686
3746,745,9910,6775,1043,8308
3746,745,9910,9679,6453,4181
3746,745,9910,5568,5561,9434
3746,745,9910,3202,9232,9137
3746,745,9910,2850,3610,976
3746,745,9910,4251,3105,613
3746,745,9910,9886,5157,1755
3746,745,9910,1836,5553,5658
3746,745,9910,3954,7242,2228
3746,745,9910,2838,3286,8448
3746,745,9910,8421,1622,5054
3746,745,9910,7711,1766,8307
3746,745,9910,7917,5642,6874
3746,745,9910,5862,7332,8999
3746,745,9910,6664,2048,7308
3746,745,9910,633,4702,2398
3746,745,9910,3707,6735,4699
3746,745,9910,4855,5262,2127
3746,745,9910,8340,3271,7322
3746,745,9910,6648,7720,7207
3746,745,9910,9592,3317,3304
3746,745,9910,4290,4857,2766
3746,745,9910,9002,4226,452
3746,745,9910,6035,8727,3833
3746,745,9910,3751,3710,3093
3746,745,9910,7225,9641,257
3746,745,9910,9689,9940,8213
3746,745,9910,3664,7431,9865
3746,745,9910,6598,1145,5074
3746,745,9910,720,368,2324
3746,745,9910,1902,9058,8897
3746,745,9910,3870,6359,3254
3746,745,9910,9997,9654,1765
3746,745,9910,9314,7612,5079
3746,745,9910,477,2472,7341
3746,745,9910,253,7012,4631
3746,745,9910,8131,4027,5311
3746,745,9910,8627,6045,6172
3746,745,9910,5299,2920,3189
3746,745,9910,3213,9123,2100
3746,745,9910,4295,5275,7944
3746,745,9910,2095,3786,491
3746,745,9910,3599,4528,5985
3746,745,9910,8951,6858,1819
3746,745,9910,2015,1017,7098
3746,745,9910,9785,5115,3897
3746,745,9910,1970,5488,5846
3746,745,9910,715,8721,6131
3746,745,9910,7321,2057,1065
3746,745,9910,5773,8369,5968
3746,745,9910,6304,6379,6183
3746,745,9910,593,2847,9067
3746,745,9910,2198,4659,7766
3746,745,9910,5076,6123,9094
3746,745,9910,5505,5209,3119
3746,745,9910,8509,153,4531
3746,745,9910,1287,1453,7604
3746,745,9910,8951,6039,4984
3746,745,9910,3134,9814,8694
3746,745,9910,3818,437,817
3746,745,9910,4411,2272,5269
3746,745,9910,266,4166,2549
3746,745,9910,8038,343,7335
3746,745,9910,9025,1871,1541
3746,745,9910,1540,4855,3732
3746,745,9910,7657,6447,1808
3746,745,9910,4992,3754,764
3746,745,9910,3322,8257,3644
3746,745,9910,5315,2905,3733
3746,745,9910,2262,7716,3340
3746,745,9910,644,9716,1028
3746,745,9910,1129,3189,3918
3746,745,9910,3900,9747,181
3746,745,9910,8407,7176,6208
3746,745,9910,7309,1206,6987
3746,745,9910,8530,5749,9789
3746,745,9910,7660,6348,3404
3746,745,9910,2524,9811,1463
3746,745,9910,1220,197,7965
3746,745,9910,5860,3507,7370
3746,745,9910,4222,7411,6316
3746,745,9910,4863,9180,8535
3746,745,9910,9852,1966,22
3746,745,9910,3741,4237,5946
3746,745,9910,3455,3960,9408
3746,745,9910,9651,9006,5647
3746,745,9910,782,356,251
3746,745,9910,6682,7899,73
3746,745,9910,9715,5896,2289
3746,745,9910,6763,9434,5898
3746,745,9910,4845,8183,3461
3746,745,9910,8709,2508,8950
3746,745,9910,1408,9775,6263
3746,745,9910,6609,2944,9588
3746,745,9910,4588,668,2416
3746,745,9910,9337,303,1715
3746,745,9910,7900,2307,8615
3746,745,9910,9660,4853,7148
3746,745,9910,5278,7861,5756
3746,745,9910,7131,2003,7395
3746,745,9910,6347,7022,1059
3746,745,9910,3130,6247,4875
3746,745,9910,9051,6266,738
3746,745,9910,6264,3816,1710
3746,745,9910,4151,4455,8398
3746,745,9910,5863,6397,317
3746,745,9910,36,8379,4819
3746,745,9910,1356,8266,1675
3746,745,9910,1072,9975,4754
3746,745,9910,7546,4862,1445
3746,745,9910,2737,1276,5677
3746,745,9910,4701,6906,4022
3746,745,9910,866,5795,5575
3746,745,9910,2103,696,4623
3746,745,9910,3368,8665,5757
3746,745,9910,8179,2734,7968
3746,745,9910,1201,7221,6037
3746,745,9910,8808,9412,4793
3746,745,9910,7829,5032,7425
3746,745,9910,6387,6459,895
3746,745,9910,432,4539,9713
3746,745,9910,1549,5070,1314
3746,745,9910,9031,8910,8763
3746,745,9910,6516,1387,4998
3746,745,9910,9587,8141,4085
3746,745,9910,7877,7207,5107
3746,745,9910,8243,3135,1379
3746,745,9910,789,5454,1848
3746,745,9910,3085,3651,2858
3746,745,9910,1597,554,3805
3746,745,9910,6942,6077,455
3746,745,9910,5583,3934,9312
3746,745,9910,8790,9814,6493
3746,745,9910,3755,4135,9461
3746,745,9910,2208,1654,988
3746,745,9910,757,8679,6325
3746,745,9910,2197,9259,1967
3746,745,9910,7269,9908,7894
3746,745,9910,6946,2685,9104
3746,745,9910,2238,506,4208
3746,745,9910,3926,7101,9368
3746,745,9910,8326,7402,3177
3746,745,9910,6897,1833,9416
3746,745,9910,3320,9058,7606
3746,745,9910,8395,5795,3412
3746,745,9910,4427,7718,2071
3746,745,9910,3794,4270,6773
3746,745,9910,1563,3780,5351
3746,745,9910,384,1470,6397
3746,745,9910,5419,6918,7405
3746,745,9910,5446,8200,1982
3746,745,9910,7325,1790,7006
3746,745,9910,3272,9255,8286
3746,745,9910,1321,567,1864
3746,745,9910,4483,3049,6375
3746,745,9910,5805,3082,6098
3746,745,9910,7705,9179,8169
3746,745,9910,2351,1174,6097
3746,745,9910,7354,2869,6876
3746,745,9910,237,4244,8951
3746,745,9910,5210,5411,5865
3746,745,9910,2356,823,3132
3746,745,9910,1492,6750,5644
3746,745,9910,9498,3297,6833
3746,745,9910,4300,9372,5742
3746,745,9910,5059,1717,6270
3746,745,9910,490,2881,5188
3746,745,9910,3353,8094,5685
3746,745,9910,8539,4085,4455
3746,745,9910,8986,4099,5090
3746,745,9910,4583,634,1901
3746,745,9910,3022,9376,1518
3746,745,9910,9759,5346,346
3746,745,9910,3123,3177,7386
3746,745,9910,1585,9185,8731
3746,745,9910,3476,6148,2689
3746,745,9910,8620,1740,1436
3746,745,9910,1207,5210,823
3746,745,9910,9569,2651,3828
3746,745,9910,3370,831,5036
3746,745,9910,5274,3109,2641
3746,745,9910,8936,8267,7005
3746,745,9910,1942,9385,1521
3746,745,9910,6385,4085,8847
3746,745,9910,5357,7704,1794
3746,745,9910,3029,9763,4504
3746,745,9910,6583,3459,594
3746,745,9910,5469,598,2734
3746,745,9910,9891,4072,4238
3746,745,9910,5300,690,2419
3746,745,9910,5419,2331,7854
3746,745,9910,9046,9426,7387
3746,745,9910,9734,297,4860
3746,745,9910,33,2583,9598
3746,745,9910,6409,4538,915
3746,745,9910,2891,6357,1146
3746,745,9910,88,518,8473
3746,745,9910,1966,6384,2378
3746,745,9910,240,7738,1533
3746,745,9910,4288,4454,7679
3746,745,9910,6387,7632,5163
3746,745,9910,9100,7508,105
3746,745,9910,3664,9404,3510
3746,745,9910,885,5531,5039
3746,745,9910,6146,5610,7506
3746,745,9910,3544,3426,9928
3746,745,9910,6190,3742,142
3746,745,9910,2614,7771,9820
3746,745,9910,6412,8445,8878
3746,745,9910,2125,9669,518
3746,745,9910,4297,6856,7103
3746,745,9910,4895,227,7525
3746,745,9910,5873,9571,7671
3746,745,9910,93,6939,6285
3746,745,9910,5222,4682,920
3746,745,9910,1820,8769,2075
3746,745,9910,2348,6541,1631
3746,745,9910,3985,3874,5197
3746,745,9910,103,1165,4229
3746,745,9910,1830,1986,1754
3746,745,9910,7082,5672,5106
3746,745,9910,5392,1037,417
3746,745,9910,2650,4237,9304
3746,745,9910,4514,2680,8129
3746,745,9910,9431,1804,4437
3746,745,9910,1533,5034,9197
3746,745,9910,7618,8036,3684
3746,745,9910,1473,536,6682
3746,745,9910,5393,32,7204
3746,745,9910,4929,5269,1795
3746,745,9910,506,6053,8706
3746,745,9910,4888,6180,2984
3746,745,9910,5107,5524,8330
3746,745,9910,9027,1381,5592
3746,745,9910,9175,9722,8657
3746,745,9910,7938,8998,5190
3746,745,9910,1112,4089,9306
3746,745,9910,9767,1491,5146
3746,745,9910,6431,3199,444
3746,745,9910,5000,5290,6968
3746,745,9910,6771,2603,4633
3746,745,9910,3266,8418,4003
3746,745,9910,9698,1717,5406
3746,745,9910,8568,3835,3501
3746,745,9910,1818,2574,6681
3746,745,9910,9429,8953,1259
3746,745,9910,796,3105,2973
3746,745,9910,1951,8038,1036
3746,745,9910,9000,5462,4617
3746,745,9910,2748,115,3374
3746,745,9910,431,599,9910
3746,745,9910,9518,6479,8237
3746,745,9910,9781,8235,7572
3746,745,9910,9690,9913,7558
3746,745,9910,6543,7948,5602
3746,745,9910,5997,5323,3338
3746,745,9910,9659,1195,6027
3746,745,9910,7472,1618,2839
3746,745,9910,9397,3783,7055
3746,745,9910,6173,7249,6399
3746,745,9910,160,3491,9373
3746,745,9910,4005,9866,4393
