3746,745,9910,6535,6809,2392
3746,745,9910,3539,3696,47
3746,745,9910,4598,2131,7437
3746,745,9910,5375,8775,7673
3746,745,9910,3988,7224,3107
3746,745,9910,1606,6843,591
3746,745,9910,7315,3869,8356
3746,745,9910,1280,9723,762
3746,745,9910,7393,2820,1857
3746,745,9910,8516,355,3459
3746,745,9910,8083,1824,6022
3746,745,9910,5368,7821,8932
3746,745,9910,5843,829,3489
3746,745,9910,7292,7506,4764
3746,745,9910,5850,1343,8495
3746,745,9910,1803,6373,879
3746,745,9910,3537,7922,7373
3746,745,9910,7938,3503,6703
3746,745,9910,2194,457,8719
3746,745,9910,2435,1903,324
3746,745,9910,332,7037,9263
3746,745,9910,1428,3502,6176
3746,745,9910,4381,7759,3889
3746,745,9910,5631,7814,3521
3746,745,9910,8431,8307,5652
3746,745,9910,4148,2932,8263
3746,745,9910,9720,5166,4663
3746,745,9910,8403,9469,1875
3746,745,9910,6054,2041,7773
3746,745,9910,583,714,1837
3746,745,9910,5188,7760,5119
3746,745,9910,8765,3299,3698
3746,745,9910,772,5683,664
3746,745,9910,5838,4574,7754
3746,745,9910,4641,6474,499
3746,745,9910,2557,8525,1089
3746,745,9910,6066,913,6545
3746,745,9910,1647,1614,5776
3746,745,9910,5896,5446,3615
3746,745,9910,5951,4549,628
3746,745,9910,7973,9776,4863
3746,745,9910,4393,6793,9878
3746,745,9910,3695,8378,3509
3746,745,9910,2856,5867,182
3746,745,9910,5203,345,5370
3746,745,9910,7006,5147,555
3746,745,9910,4757,6580,3297
3746,745,9910,64,9346,9508
3746,745,9910,9695,8179,3303
3746,745,9910,2307,1611,8620
3746,745,9910,1175,5521,7230
3746,745,9910,7537,9591,607
3746,745,9910,3218,6229,6339
3746,745,9910,2290,7119,30
3746,745,9910,4763,7807,9791
3746,745,9910,7193,2285,3065
3746,745,9910,7073,2713,7199
3746,745,9910,6186,3518,1752
3746,745,9910,1304,5672,4783
3746,745,9910,879,2781,1317
3746,745,9910,5464,5373,7766
3746,745,9910,1409,8449,2920
3746,745,9910,6345,6763,8007
3746,745,9910,7449,5893,4076
3746,745,9910,5133,5065,5990
3746,745,9910,2754,3874,8038
3746,745,9910,4735,418,4402
3746,745,9910,1123,1636,7367
3746,745,9910,4185,1696,9486
3746,745,9910,3412,9761,771
3746,745,9910,9719,7600,4362
3746,745,9910,947,9043,8887
3746,745,9910,4416,773,6836
3746,745,9910,124,2706,9702
3746,745,9910,8868,959,4293
3746,745,9910,7588,8408,9821
3746,745,9910,6500,4739,153
3746,745,9910,2387,4041,1991
3746,745,9910,2626,1221,8004
3746,745,9910,6562,3794,8553
3746,745,9910,9476,6520,5131
3746,745,9910,6758,4524,6166
3746,745,9910,2007,5683,887
3746,745,9910,814,7990,1109
3746,745,9910,7531,5144,9400
3746,745,9910,861,5711,8989
3746,745,9910,4302,5420,7346
3746,745,9910,6001,7933,5195
3746,745,9910,2918,3647,4651
3746,745,9910,7527,8628,1307
3746,745,9910,1869,6685,6265
3746,745,9910,8884,5971,6111
3746,745,9910,826,8528,5847
3746,745,9910,7597,3878,9859
3746,745,9910,1450,1142,6472
3746,745,9910,9314,4948,9794
3746,745,9910,2719,8668,7128
3746,745,9910,5940,1027,4596
3746,745,9910,6282,3383,5480
3746,745,9910,9729,3333,2948
3746,745,9910,1495,6292,9737
3746,745,9910,7692,2142,7476
3746,745,9910,147,439,662
3746,745,9910,8722,9612,5947
3746,745,9910,2887,4563,1463
3746,745,9910,3351,9878,882
3746,745,9910,9600,8113,4504
3746,745,9910,9417,3940,2444
3746,745,9910,6822,699,3798
3746,745,9910,1935,3565,5511
3746,745,9910,6287,4703,4754
3746,745,9910,7235,7315,2645
3746,745,9910,5072,3097,5920
3746,745,9910,3682,3122,2918
3746,745,9910,9966,811,5887
3746,745,9910,3191,6657,7823
3746,745,9910,1412,429,5922
3746,745,9910,6084,4564,6119
3746,745,9910,4534,2869,5284
3746,745,9910,6367,789,8466
3746,745,9910,660,2626,796
3746,745,9910,8760,3957,1400
3746,745,9910,7531,1250,5651
3746,745,9910,1409,7376,6221
3746,745,9910,9922,5884,9947
3746,745,9910,6182,7003,6520
3746,745,9910,9640,7827,6007
3746,745,9910,1588,7655,8890
3746,745,9910,6031,8684,2022
3746,745,9910,3510,8133,9927
3746,745,9910,2072,3186,5003
3746,745,9910,3702,5728,7811
3746,745,9910,665,3403,6747
3746,745,9910,5982,6284,8355
3746,745,9910,1824,1344,283
3746,745,9910,667,1324,3647
3746,745,9910,5956,9132,5391
3746,745,9910,3837,7297,3347
3746,745,9910,8796,4967,3679
3746,745,9910,8578,3357,744
3746,745,9910,7468,4462,1678
3746,745,9910,2474,9227,1077
3746,745,9910,7540,8092,4527
3746,745,9910,474,5577,3532
3746,745,9910,4014,1815,6812
3746,745,9910,7314,5393,9105
3746,745,9910,1209,7408,2068
3746,745,9910,3091,3927,1767
3746,745,9910,3104,3669,8138
3746,745,9910,9482,8776,689
3746,745,9910,4831,8514,6598
3746,745,9910,1907,6883,7771
3746,745,9910,5618,2986,8944
3746,745,9910,2741,6823,6265
3746,745,9910,2380,8626,2029
3746,745,9910,7972,1204,6730
3746,745,9910,5743,2417,6566
3746,745,9910,7036,7078,3089
3746,745,9910,2862,6832,1483
3746,745,9910,9940,4505,3281
3746,745,9910,6013,5250,7222
3746,745,9910,4678,5394,4740
3746,745,9910,3842,8070,6833
3746,745,9910,8420,6769,9687
3746,745,9910,9141,5492,1155
3746,745,9910,2712,9,647
3746,745,9910,2366,4154,7763
3746,745,9910,4793,8670,9403
3746,745,9910,4684,5046,6669
3746,745,9910,3783,3449,7198
3746,745,9910,8519,1592,7593
3746,745,9910,5381,9440,4494
3746,745,9910,7744,6243,7459
3746,745,9910,8037,5469,2697
3746,745,9910,9246,8235,8621
3746,745,9910,1130,5653,8539
3746,745,9910,1487,6743,7701
3746,745,9910,7315,1747,1379
3746,745,9910,1150,5904,3210
3746,745,9910,1857,9875,4153
3746,745,9910,5472,1057,5073
3746,745,9910,1437,2931,93
3746,745,9910,2905,7570,4900
3746,745,9910,820,402,4828
3746,745,9910,5853,641,6008
3746,745,9910,2052,4018,8141
3746,745,9910,7888,5003,7891
3746,745,9910,3272,6592,573
3746,745,9910,656,3855,7688
3746,745,9910,9937,4996,4777
3746,745,9910,2931,4959,7287
3746,745,9910,3001,176,5268
3746,745,9910,5499,6151,4430
3746,745,9910,4895,7703,6392
3746,745,9910,2832,7573,7921
3746,745,9910,7217,6157,1431
3746,745,9910,783,6803,708
3746,745,9910,3571,980,489
3746,745,9910,7798,903,4819
3746,745,9910,4737,60,7804
3746,745,9910,5679,5163,7402
3746,745,9910,9325,3005,1159
3746,745,9910,6341,364,1771
3746,745,9910,8910,8740,3950
3746,745,9910,6553,3033,9412
3746,745,9910,8813,2243,3329
3746,745,9910,6881,9500,986
3746,745,9910,4148,7999,8209
3746,745,9910,7347,4474,5082
3746,745,9910,737,6720,8184
3746,745,9910,5051,8500,4803
3746,745,9910,5393,1680,6109
3746,745,9910,763,6989,6659
3746,745,9910,933,5146,3097
3746,745,9910,7061,7421,4082
3746,745,9910,1830,2409,5067
3746,745,9910,3894,457,3662
3746,745,9910,657,3617,2059
3746,745,9910,4338,6875,1306
3746,745,9910,2548,7218,8722
3746,745,9910,4634,1982,2211
3746,745,9910,2317,4657,6616
3746,745,9910,7887,3604,8925
3746,745,9910,9883,9583,1364
3746,745,9910,2260,6899,1322
3746,745,9910,2933,673,9978
3746,745,9910,5340,9652,2871
3746,745,9910,5840,7520,308
3746,745,9910,5428,5921,3954
3746,745,9910,62,5266,4643
3746,745,9910,3787,1941,2027
3746,745,9910,58,1059,5393
3746,745,9910,9951,278,9876
3746,745,9910,5782,3255,3864
3746,745,9910,4844,3550,7232
3746,745,9910,2725,7367,4528
3746,745,9910,2977,1477,5132
3746,745,9910,5407,9035,6493
3746,745,9910,9223,2994,5100
3746,745,9910,2585,9620,9533
3746,745,9910,5521,1017,7791
3746,745,9910,2520,2576,6459
3746,745,9910,9927,8465,5420
3746,745,9910,9725,3208,9072
3746,745,9910,4970,3581,5462
3746,745,9910,8603,5052,2377
3746,745,9910,7302,7316,9585
3746,745,9910,853,4551,6729
3746,745,9910,7919,547,1128
3746,745,9910,9671,7144,551
3746,745,9910,5465,847,4162
3746,745,9910,3474,9748,9238
3746,745,9910,4181,2015,3160
3746,745,9910,9124,7510,5569
3746,745,9910,4871,7372,844
3746,745,9910,8069,894,5873
3746,745,9910,8593,5664,4099
3746,745,9910,4660,6460,1390
3746,745,9910,3432,1236,4588
3746,745,9910,1734,8646,3674
3746,745,9910,9143,544,5701
3746,745,9910,7193,7495,6465
3746,745,9910,3704,8894,8604
3746,745,9910,319,6732,7486
3746,745,9910,4282,66,3383
3746,745,9910,4361,3097,3517
3746,745,9910,9814,8816,4765
3746,745,9910,7715,8865,3434
3746,745,9910,4934,1772,3408
3746,745,9910,1802,4831,4714
3746,745,9910,6375,8782,597
3746,745,9910,9081,8829,9432
3746,745,9910,561,2765,9630
3746,745,9910,8384,97,1782
3746,745,9910,2210,7515,9102
3746,745,9910,7408,2672,2668
3746,745,9910,1351,3030,5881
3746,745,9910,5700,2919,1913
3746,745,9910,55,1515,4053
3746,745,9910,5096,6850,8517
3746,745,9910,100,1102,3872
3746,745,9910,9482,6755,2743
3746,745,9910,2669,8245,8478
3746,745,9910,9036,671,839
3746,745,9910,7502,3762,2371
3746,745,9910,1478,5003,4393
3746,745,9910,3887,347,8971
3746,745,9910,8329,3435,5021
3746,745,9910,533,1819,7827
3746,745,9910,7963,7646,4413
3746,745,9910,2816,9652,3015
3746,745,9910,3114,2570,1175
3746,745,9910,2401,8667,5947
3746,745,9910,345,6803,1350
3746,745,9910,2763,8163,6411
3746,745,9910,5537,5173,2795
3746,745,9910,9301,9962,1566
3746,745,9910,3419,2263,5494
3746,745,9910,6193,2511,7617
3746,745,9910,5176,3556,9744
3746,745,9910,5755,1146,453
3746,745,9910,9310,5524,4660
3746,745,9910,6918,9084,8758
3746,745,9910,4657,2563,8146
3746,745,9910,2266,7381,8807
3746,745,9910,860,8045,9060
3746,745,9910,3979,8190,5654
3746,745,9910,9714,7454,8958
3746,745,9910,6506,9135,5563
3746,745,9910,2853,1633,1226
3746,745,9910,4499,2227,8622
3746,745,9910,1404,5101,7320
3746,745,9910,2254,6531,9922
3746,745,9910,588,341,7679
3746,745,9910,8410,2126,359
3746,745,9910,6670,7372,9951
3746,745,9910,3874,535,3685
3746,745,9910,9615,8815,6056
3746,745,9910,7293,7186,6991
3746,745,9910,4912,7945,2707
3746,745,9910,4671,2561,389
3746,745,9910,7592,3664,4380
3746,745,9910,8311,6107,535
3746,745,9910,1487,6434,6287
3746,745,9910,4649,1977,7326
3746,745,9910,8822,840,222
3746,745,9910,6250,3740,8030
3746,745,9910,726,6637,8718
3746,745,9910,6249,2251,9089
3746,745,9910,2249,4745,1855
3746,745,9910,1358,6568,2210
3746,745,9910,1359,555,3470
3746,745,9910,3150,1595,6254
3746,745,9910,4903,6187,8836
3746,745,9910,2698,5278,1001
3746,745,9910,3411,8531,7484
3746,745,9910,394,2003,8076
3746,745,9910,2340,4387,1752
3746,745,9910,8763,8915,3031
3746,745,9910,9653,4068,6608
3746,745,9910,500,4104,5369
3746,745,9910,7178,5211,2309
3746,745,9910,8675,5988,9172
3746,745,9910,8230,3129,157
3746,745,9910,4332,3220,5027
3746,745,9910,5121,7620,2335
3746,745,9910,3199,8535,6150
3746,745,9910,4065,6500,9506
3746,745,9910,5746,4005,1169
3746,745,9910,5,2230,9911
3746,745,9910,6937,284,4414
3746,745,9910,6774,928,1997
3746,745,9910,9205,2081,1280
3746,745,9910,6857,1469,979
3746,745,9910,794,7885,3016
3746,745,9910,9947,1490,3590
3746,745,9910,1091,5945,6818
3746,745,9910,5313,1250,1427
3746,745,9910,9817,6245,7696
3746,745,9910,6814,9519,4717
3746,745,9910,9659,4188,9913
3746,745,9910,1869,4339,5556
3746,745,9910,4000,2081,6985
3746,745,9910,100,7427,8882
3746,745,9910,3649,4760,957
3746,745,9910,4868,8338,2092
3746,745,9910,1365,4021,3276
3746,745,9910,2389,8828,1134
3746,745,9910,6677,7059,8664
3746,745,9910,5270,1619,5188
3746,745,9910,9155,237,8715
3746,745,9910,4615,3911,5455
3746,745,9910,3861,5327,3717
3746,745,9910,9175,2619,9093
3746,745,9910,2898,9045,9001
3746,745,9910,1342,3871,6992
3746,745,9910,2373,8449,6526
3746,745,9910,8129,8165,1408
3746,745,9910,4225,5037,8068
3746,745,9910,9058,4423,5067
3746,745,9910,2883,3567,4484
3746,745,9910,8141,7133,7346
3746,745,9910,6737,9037,9181
3746,745,9910,5458,6766,9802
3746,745,9910,148,9089,5872
3746,745,9910,21,5792,7906
3746,745,9910,3913,8293,8302
3746,745,9910,5704,3035,5377
3746,745,9910,3719,9690,8426
3746,745,9910,4998,451,2251
3746,745,9910,3851,5885,5223
3746,745,9910,7793,3023,9317
3746,745,9910,5208,4626,4105
3746,745,9910,506,1154,1961
3746,745,9910,1697,9752,7907
3746,745,9910,2579,1436,5730
3746,745,9910,4,1047,2743
3746,745,9910,4987,4803,6851
3746,745,9910,2232,391,5330
3746,745,9910,4901,9480,9841
3746,745,9910,9057,1995,3322
3746,745,9910,6416,7078,6244
3746,745,9910,4783,807,3475
3746,745,9910,3856,915,3454
3746,745,9910,8628,3101,9471
3746,745,9910,3100,3519,4991
3746,745,9910,6479,3447,9711
3746,745,9910,7187,6109,4523
3746,745,9910,7937,8442,2025
3746,745,9910,3102,5044,3942
3746,745,9910,2180,8897,8529
3746,745,9910,8071,675,3485
3746,745,9910,7068,1657,9851
3746,745,9910,4125,6467,7033
3746,745,9910,3194,5163,7719
3746,745,9910,776,6066,1922
3746,745,9910,8536,8762,3437
3746,745,9910,9674,1197,7352
3746,745,9910,7945,5302,2011
3746,745,9910,5147,6880,1553
3746,745,9910,7799,3610,7953
3746,745,9910,3312,6652,7263
3746,745,9910,9631,3503,1700
3746,745,9910,7487,9925,3321
3746,745,9910,1318,7972,1366
3746,745,9910,2544,1605,2900
3746,745,9910,9192,2694,1588
3746,745,9910,1653,7657,3644
3746,745,9910,8104,4035,9764
3746,745,9910,3876,7927,2866
3746,745,9910,4207,2030,5881
3746,745,9910,5779,8202,8630
3746,745,9910,7556,1718,9636
3746,745,9910,8291,5469,7113
3746,745,9910,4830,3454,3829
3746,745,9910,5602,675,770
3746,745,9910,4890,1851,1655
3746,745,9910,4461,1475,2990
3746,745,9910,8209,5952,7707
3746,745,9910,5675,3544,59
3746,745,9910,808,6210,815
3746,745,9910,1569,3917,6354
3746,745,9910,5898,5775,7769
3746,745,9910,8138,6416,2395
3746,745,9910,1024,2207,9741
3746,745,9910,3131,9073,9642
3746,745,9910,7818,427,4155
3746,745,9910,1483,8540,8028
3746,745,9910,9554,4129,4481
3746,745,9910,8050,8049,2125
3746,745,9910,6663,8746,9421
3746,745,9910,6673,1438,1315
3746,745,9910,7194,321,6304
3746,745,9910,1963,1247,9513
3746,745,9910,1994,4762,4957
3746,745,9910,3930,9532,8806
3746,745,9910,8384,971,4445
3746,745,9910,2461,8782,8030
3746,745,9910,5648,9344,5589
3746,745,9910,6845,7305,2277
3746,745,9910,3308,987,4928
3746,745,9910,8554,6739,3819
3746,745,9910,4883,6573,2947
3746,745,9910,7918,9174,6759
3746,745,9910,8056,939,8930
3746,745,9910,4349,8275,842
3746,745,9910,8172,1788,6878
3746,745,9910,5769,2270,5179
3746,745,9910,6294,4182,9596
3746,745,9910,7153,1547,7336
3746,745,9910,8011,8433,6473
3746,745,9910,1694,1974,8253
3746,745,9910,2891,693,1180
3746,745,9910,8000,1760,3364
3746,745,9910,3334,9432,2015
3746,745,9910,5818,6180,1180
3746,745,9910,2202,1024,915
3746,745,9910,2704,7837,2961
3746,745,9910,5337,2570,8849
3746,745,9910,7857,7814,5926
3746,745,9910,5891,8924,2316
3746,745,9910,9795,1921,9378
3746,745,9910,2444,5418,8959
3746,745,9910,7911,4193,2435
3746,745,9910,7319,906,6258
3746,745,9910,2257,5528,430
3746,745,9910,2720,1048,1106
3746,745,9910,3063,7223,2959
3746,745,9910,6843,3290,3883
3746,745,9910,5468,6892,6579
3746,745,9910,469,4122,3371
3746,745,9910,364,5080,5698
3746,745,9910,3647,8645,9087
3746,745,9910,707,6386,3850
3746,745,9910,5225,1639,1954
3746,745,9910,1842,3578,6184
3746,745,9910,8769,2452,4648
3746,745,9910,7028,4286,5557
3746,745,9910,4043,5040,9538
3746,745,9910,1983,1846,1871
3746,745,9910,9660,4387,4471
3746,745,9910,2348,8565,4242
3746,745,9910,4501,7863,2308
3746,745,9910,7139,400,5730
3746,745,9910,2932,3821,2088
3746,745,9910,9872,8105,3169
3746,745,9910,4959,587,6045
3746,745,9910,2143,332,2476
3746,745,9910,3230,2256,885
3746,745,9910,6293,4533,288
