7287,469,2560,6686,9577,5470
7287,469,2560,5671,2470,181
7287,469,2560,2013,8653,2922
7287,469,2560,2025,8501,5035
7287,469,2560,2926,2239,540
7287,469,2560,6433,318,390
7287,469,2560,3586,918,5063
7287,469,2560,5963,3396,1705
7287,469,2560,9678,655,8782
7287,469,2560,2160,7201,5176
7287,469,2560,7364,3020,8800
7287,469,2560,6615,2733,2560
7287,469,2560,8727,5458,6143
7287,469,2560,5630,7716,5614
7287,469,2560,254,7999,9967
7287,469,2560,9190,538,6049
7287,469,2560,391,8136,6325
7287,469,2560,8580,62,6516
7287,469,2560,2442,4548,5789
7287,469,2560,3476,2785,8735
7287,469,2560,5527,686,8781
7287,469,2560,6275,1624,5256
7287,469,2560,9000,8246,4661
7287,469,2560,5793,7977,4729
7287,469,2560,7890,3334,3123
7287,469,2560,5457,7953,328
7287,469,2560,9426,220,1097
7287,469,2560,8124,8627,6135
7287,469,2560,5333,1365,3520
7287,469,2560,4831,1983,8477
7287,469,2560,1402,1292,7400
7287,469,2560,9314,612,5152
7287,469,2560,800,7027,5844
7287,469,2560,4081,2900,3146
7287,469,2560,6760,9897,784
7287,469,2560,5461,5672,3568
7287,469,2560,1310,723,5322
7287,469,2560,1225,8589,6079
7287,469,2560,3839,6946,8379
7287,469,2560,8583,9074,2460
7287,469,2560,2939,7691,840
7287,469,2560,9226,1509,6656
7287,469,2560,60,3855,6938
7287,469,2560,8716,9952,7711
7287,469,2560,6608,4619,9317
7287,469,2560,7420,5771,7279
7287,469,2560,138,4966,1721
7287,469,2560,432,2150,9896
7287,469,2560,2539,6568,3834
7287,469,2560,3608,232,314
7287,469,2560,3320,7390,6433
7287,469,2560,214,3435,8038
7287,469,2560,994,5023,1227
7287,469,2560,9561,957,1850
7287,469,2560,352,2658,7260
7287,469,2560,2808,6402,6134
7287,469,2560,3855,1498,1761
7287,469,2560,9281,2298,9802
7287,469,2560,5315,6933,6125
7287,469,2560,8818,5356,2488
7287,469,2560,1736,2556,9888
7287,469,2560,5871,6030,7276
7287,469,2560,1938,2059,4576
7287,469,2560,3672,7138,3295
7287,469,2560,6117,724,5875
7287,469,2560,6916,1718,1450
7287,469,2560,6355,1563,7322
7287,469,2560,9699,13,3132
7287,469,2560,4438,2200,6376
7287,469,2560,3050,2090,3406
7287,469,2560,3808,9290,2330
7287,469,2560,7446,7494,3555
7287,469,2560,482,3559,7260
7287,469,2560,9257,9455,4520
7287,469,2560,7694,6295,1186
7287,469,2560,5578,8051,9295
7287,469,2560,9839,6222,990
7287,469,2560,7970,6561,281
7287,469,2560,2695,817,929
7287,469,2560,1306,6572,4758
7287,469,2560,3664,6240,9148
7287,469,2560,2354,3866,4421
7287,469,2560,499,6970,6734
7287,469,2560,4432,1984,2100
7287,469,2560,9369,9925,6448
7287,469,2560,3335,8944,4621
7287,469,2560,4738,9866,1092
7287,469,2560,548,6331,5418
7287,469,2560,4495,1137,5182
7287,469,2560,448,7420,1240
7287,469,2560,1497,3580,8316
7287,469,2560,4777,8438,2679
7287,469,2560,8797,8214,5062
7287,469,2560,2922,9929,1874
7287,469,2560,1949,5133,6574
7287,469,2560,1316,7337,6941
7287,469,2560,1503,2282,1649
7287,469,2560,9541,1715,5486
7287,469,2560,1569,9060,1707
7287,469,2560,1769,4970,9411
7287,469,2560,5826,6925,1391
7287,469,2560,8754,964,6931
7287,469,2560,3745,7856,2601
7287,469,2560,7074,441,4908
7287,469,2560,5652,4650,5464
7287,469,2560,7232,3287,8837
7287,469,2560,5922,8569,961
7287,469,2560,7093,5955,507
7287,469,2560,2245,9213,4731
7287,469,2560,202,8091,1786
7287,469,2560,5689,3120,1497
7287,469,2560,9443,3663,9542
7287,469,2560,2987,8987,1002
7287,469,2560,2219,1662,2152
7287,469,2560,4550,9901,544
7287,469,2560,2368,6279,5176
7287,469,2560,7350,1030,5187
7287,469,2560,2029,119,3932
7287,469,2560,8590,7663,2051
7287,469,2560,596,1167,6356
7287,469,2560,9523,5040,735
7287,469,2560,9860,1245,9481
7287,469,2560,6415,9456,3117
7287,469,2560,9427,198,3875
7287,469,2560,6456,1416,9254
7287,469,2560,9982,5944,9970
7287,469,2560,2319,4059,1670
7287,469,2560,7410,5557,74
7287,469,2560,3121,9133,5399
7287,469,2560,1202,5344,3167
7287,469,2560,1994,3062,6447
7287,469,2560,2577,7743,8622
7287,469,2560,6194,74,2343
7287,469,2560,6566,4430,6380
7287,469,2560,8108,7929,4517
7287,469,2560,420,2074,6516
7287,469,2560,177,8260,7599
7287,469,2560,93,5441,8926
7287,469,2560,6536,9197,6169
7287,469,2560,2117,3743,2359
7287,469,2560,4166,212,4278
7287,469,2560,4419,1297,158
7287,469,2560,5900,90,9036
7287,469,2560,9887,3343,1895
7287,469,2560,1572,9612,4007
7287,469,2560,118,6553,5453
7287,469,2560,9810,5636,2818
7287,469,2560,1918,181,2706
7287,469,2560,497,9141,6579
7287,469,2560,826,4634,6660
7287,469,2560,5497,2451,6392
7287,469,2560,7827,2540,7831
7287,469,2560,9706,7824,8427
7287,469,2560,8179,3663,9035
7287,469,2560,5490,1253,7594
7287,469,2560,5348,3326,9896
7287,469,2560,1545,4603,2063
7287,469,2560,3033,3763,3273
7287,469,2560,6853,9813,5136
7287,469,2560,5473,8110,6138
7287,469,2560,1318,5137,6887
7287,469,2560,1858,5031,4773
7287,469,2560,341,3139,4855
7287,469,2560,2954,4670,6863
7287,469,2560,5951,5146,8256
7287,469,2560,3784,238,6430
7287,469,2560,2915,3900,3343
7287,469,2560,8770,2106,8196
7287,469,2560,545,7071,8942
7287,469,2560,6986,6030,6831
7287,469,2560,5391,782,7083
7287,469,2560,1628,98,2291
7287,469,2560,9006,2460,7011
7287,469,2560,3532,9444,8614
7287,469,2560,3028,19,167
7287,469,2560,6867,567,3660
7287,469,2560,2940,7744,5910
7287,469,2560,9970,6529,875
7287,469,2560,880,5215,9889
7287,469,2560,719,9752,6573
7287,469,2560,1119,4539,6162
7287,469,2560,7541,4504,7714
7287,469,2560,657,5469,3364
7287,469,2560,6040,8765,9752
7287,469,2560,5890,6750,2127
7287,469,2560,874,59,4078
7287,469,2560,4636,7992,6649
7287,469,2560,5911,7625,3694
7287,469,2560,548,5019,5372
7287,469,2560,5484,9938,1216
7287,469,2560,1765,8259,6291
7287,469,2560,8598,7204,7831
7287,469,2560,3890,7113,3343
7287,469,2560,9697,5293,2676
7287,469,2560,2523,5004,7685
7287,469,2560,2074,6365,8772
7287,469,2560,8799,7708,5253
7287,469,2560,542,8524,8277
7287,469,2560,263,6879,7418
7287,469,2560,6788,3090,4800
7287,469,2560,3501,5684,9783
7287,469,2560,6331,1660,1533
7287,469,2560,734,5733,8008
7287,469,2560,1169,334,7453
7287,469,2560,4950,8198,96
7287,469,2560,8857,8978,8359
7287,469,2560,8619,6925,6842
7287,469,2560,5180,385,6557
7287,469,2560,3603,3496,9733
7287,469,2560,2864,942,6242
7287,469,2560,9835,7773,602
7287,469,2560,4770,884,850
7287,469,2560,3011,4352,7677
7287,469,2560,9504,2414,6106
7287,469,2560,2519,4909,8860
7287,469,2560,9054,5846,8304
7287,469,2560,8545,301,9186
7287,469,2560,1800,4333,1148
7287,469,2560,5082,3384,5793
7287,469,2560,8692,5587,3463
7287,469,2560,4110,685,617
7287,469,2560,5829,8009,8569
7287,469,2560,4634,8468,9315
7287,469,2560,1452,8512,3451
7287,469,2560,1256,8975,3010
7287,469,2560,8426,2744,1573
7287,469,2560,7963,9977,3371
7287,469,2560,6433,3554,3482
7287,469,2560,5744,8178,5306
7287,469,2560,4097,4790,8202
7287,469,2560,2295,6584,6918
7287,469,2560,4429,2212,3026
7287,469,2560,7495,3556,1990
7287,469,2560,2825,4324,3823
7287,469,2560,8852,4064,9752
7287,469,2560,9989,1392,537
7287,469,2560,2301,6241,5955
7287,469,2560,4424,625,1924
7287,469,2560,8270,9831,9336
7287,469,2560,7021,7532,6103
7287,469,2560,444,2714,9811
7287,469,2560,5164,1011,8635
7287,469,2560,9156,3895,7060
7287,469,2560,1742,421,5975
7287,469,2560,4254,2572,4766
7287,469,2560,6498,3224,6776
7287,469,2560,8309,3990,4502
7287,469,2560,1720,9014,2036
7287,469,2560,8474,7317,2106
7287,469,2560,9466,2891,4981
7287,469,2560,4738,1680,4132
7287,469,2560,494,5760,6796
7287,469,2560,3961,4615,3817
7287,469,2560,4470,9794,5449
7287,469,2560,9887,174,891
7287,469,2560,7497,6335,5313
7287,469,2560,3895,3945,6157
7287,469,2560,956,5751,7128
7287,469,2560,8431,5925,4196
7287,469,2560,6580,2680,9905
7287,469,2560,6713,2505,7370
7287,469,2560,4297,9446,8213
7287,469,2560,3699,7119,6829
7287,469,2560,5063,7187,1543
7287,469,2560,5417,1854,9340
7287,469,2560,4225,3751,5709
7287,469,2560,3915,2051,9910
7287,469,2560,6722,7702,299
7287,469,2560,7340,9754,6869
7287,469,2560,9693,1938,9221
7287,469,2560,9938,5032,6419
7287,469,2560,4617,421,8218
7287,469,2560,5866,7385,8380
7287,469,2560,6835,1365,9819
7287,469,2560,1866,2445,2984
7287,469,2560,5613,5181,9895
7287,469,2560,6582,1259,1845
7287,469,2560,584,9680,8822
7287,469,2560,8906,2173,8833
7287,469,2560,6406,8951,1869
7287,469,2560,9133,6329,9699
7287,469,2560,9382,8116,4901
7287,469,2560,9796,2813,3906
7287,469,2560,916,1401,1718
7287,469,2560,7273,629,7926
7287,469,2560,2762,8432,3399
7287,469,2560,4829,7777,9965
7287,469,2560,8852,5933,8227
7287,469,2560,7667,3321,2926
7287,469,2560,3911,3061,8058
7287,469,2560,8980,9045,8235
7287,469,2560,7936,4362,7141
7287,469,2560,9331,2168,8595
7287,469,2560,7718,4028,1523
7287,469,2560,2000,4076,3403
7287,469,2560,2918,2053,9971
7287,469,2560,1120,8684,2242
7287,469,2560,794,9055,5320
7287,469,2560,1626,1088,4116
7287,469,2560,9915,4806,5693
7287,469,2560,4744,8119,1068
7287,469,2560,6469,2240,276
7287,469,2560,7692,2283,3117
7287,469,2560,4279,4566,7293
7287,469,2560,5164,6439,5784
7287,469,2560,1237,2549,6238
7287,469,2560,9565,7455,5226
7287,469,2560,6277,9361,5764
7287,469,2560,648,6564,9202
7287,469,2560,8721,6224,1935
7287,469,2560,841,1821,2865
7287,469,2560,4000,2872,7341
7287,469,2560,3649,7619,8136
7287,469,2560,6955,369,7884
7287,469,2560,7475,4851,3479
7287,469,2560,8603,5070,4705
7287,469,2560,6654,655,9711
7287,469,2560,5531,4446,4943
7287,469,2560,63,6425,3535
7287,469,2560,8715,9925,5162
7287,469,2560,3557,9765,6505
7287,469,2560,1771,4519,6921
7287,469,2560,931,6329,6125
7287,469,2560,8292,5140,5303
7287,469,2560,4230,5025,77
7287,469,2560,7276,4276,3058
7287,469,2560,9912,4169,4523
7287,469,2560,3207,3836,6077
7287,469,2560,9388,5184,7310
7287,469,2560,3158,4637,157
7287,469,2560,3542,356,1081
7287,469,2560,3709,904,7934
7287,469,2560,3602,100,7182
7287,469,2560,8547,9317,9896
7287,469,2560,478,3394,4570
7287,469,2560,9491,8735,8030
7287,469,2560,2762,3068,3671
7287,469,2560,1905,3485,1050
7287,469,2560,5763,940,6119
7287,469,2560,7247,1728,9564
7287,469,2560,5988,8081,5386
7287,469,2560,122,1335,7092
7287,469,2560,4688,9891,2041
7287,469,2560,9016,4911,1388
7287,469,2560,9903,9795,413
7287,469,2560,8899,542,7560
7287,469,2560,1154,3293,5801
7287,469,2560,8202,9287,3395
7287,469,2560,6509,6071,3952
7287,469,2560,8271,5244,9193
7287,469,2560,9356,1704,246
7287,469,2560,5871,768,1107
7287,469,2560,8539,9596,4203
7287,469,2560,5389,4790,5442
7287,469,2560,8042,6429,1475
7287,469,2560,8023,6400,1467
7287,469,2560,7517,8220,528
7287,469,2560,2675,668,5377
7287,469,2560,5760,1568,7075
7287,469,2560,1576,2352,2907
7287,469,2560,8611,9219,530
7287,469,2560,8233,2143,5830
7287,469,2560,5475,6450,1547
7287,469,2560,2972,6943,5396
7287,469,2560,7370,8946,7703
7287,469,2560,2021,1449,4390
7287,469,2560,6335,8558,9650
7287,469,2560,5128,1913,5506
7287,469,2560,4199,3240,3189
7287,469,2560,1587,295,7205
7287,469,2560,4396,7654,8704
7287,469,2560,1283,5497,4556
7287,469,2560,910,4105,6781
7287,469,2560,8581,2559,5147
7287,469,2560,1081,3977,7171
7287,469,2560,1376,5654,1353
7287,469,2560,320,2611,8948
7287,469,2560,9213,9275,6368
7287,469,2560,5584,6307,9242
7287,469,2560,5692,5577,8461
7287,469,2560,5034,9165,1089
7287,469,2560,2121,1646,7713
7287,469,2560,4976,7879,2969
7287,469,2560,2020,7327,8422
7287,469,2560,4386,8551,2779
7287,469,2560,8749,7298,2834
7287,469,2560,2260,126,4727
7287,469,2560,7271,9818,6031
7287,469,2560,9772,7039,4487
7287,469,2560,2023,3941,6877
7287,469,2560,6773,5992,8237
7287,469,2560,8685,3319,5993
7287,469,2560,6908,2381,7155
7287,469,2560,2758,197,7463
7287,469,2560,4130,344,7782
7287,469,2560,2528,3546,1529
7287,469,2560,6342,928,5141
7287,469,2560,5379,3641,1328
7287,469,2560,8384,486,8500
7287,469,2560,4539,7607,5482
7287,469,2560,1279,1001,9897
7287,469,2560,7474,3211,9319
7287,469,2560,697,7119,4149
7287,469,2560,2233,9651,2146
7287,469,2560,4928,8065,1233
7287,469,2560,8437,4391,8906
7287,469,2560,5875,4466,7452
7287,469,2560,6116,6674,5002
7287,469,2560,5419,9703,9807
7287,469,2560,743,8595,8543
7287,469,2560,2025,8472,4976
7287,469,2560,6566,7147,6929
7287,469,2560,4733,15,2184
7287,469,2560,4609,7854,5069
7287,469,2560,6803,3260,5141
7287,469,2560,5521,2104,4707
7287,469,2560,8395,7313,590
7287,469,2560,4709,1173,6510
7287,469,2560,6499,7039,8771
7287,469,2560,9078,6742,7441
7287,469,2560,6521,1514,1681
7287,469,2560,1819,7796,1113
7287,469,2560,9352,731,7009
7287,469,2560,3813,3247,7546
7287,469,2560,4487,1858,6556
7287,469,2560,9225,6379,9829
7287,469,2560,1352,1032,5922
7287,469,2560,7681,8948,2679
7287,469,2560,5150,6915,9641
7287,469,2560,6735,5954,2420
7287,469,2560,5980,6279,9851
7287,469,2560,1766,1884,7543
7287,469,2560,4064,2832,4253
7287,469,2560,6245,3867,2288
7287,469,2560,475,9776,3424
7287,469,2560,9128,1295,7412
7287,469,2560,2486,9776,6987
7287,469,2560,903,5614,9568
7287,469,2560,3988,4580,5423
7287,469,2560,2707,7463,4141
7287,469,2560,6366,1088,6067
7287,469,2560,8861,5908,274
7287,469,2560,2684,3397,5668
7287,469,2560,232,218,8977
7287,469,2560,3175,8872,577
7287,469,2560,4928,3344,3432
7287,469,2560,6118,6004,9056
7287,469,2560,5795,7965,7065
7287,469,2560,185,9722,466
7287,469,2560,5763,8125,9321
7287,469,2560,7489,9779,3437
7287,469,2560,4886,7630,8695
7287,469,2560,2008,4662,3094
7287,469,2560,3019,2260,9754
7287,469,2560,8968,5665,4268
7287,469,2560,9288,6553,1820
7287,469,2560,3472,501,2428
7287,469,2560,4807,7557,4748
7287,469,2560,3074,2183,4541
7287,469,2560,5111,1306,5381
7287,469,2560,6009,7374,8207
7287,469,2560,7319,8973,789
7287,469,2560,2533,7094,5484
7287,469,2560,1243,6910,7397
7287,469,2560,6034,4973,6678
7287,469,2560,2067,9899,1647
7287,469,2560,3913,3629,8430
7287,469,2560,2952,827,3489
7287,469,2560,6778,7866,5098
7287,469,2560,2182,7329,5559
7287,469,2560,8587,7595,763
7287,469,2560,4465,7347,7563
7287,469,2560,9140,5304,56
7287,469,2560,1788,3926,6399
7287,469,2560,8313,7021,8542
7287,469,2560,5904,8716,6185
7287,469,2560,6594,8273,4381
7287,469,2560,6065,4391,6985
7287,469,2560,7181,9474,8196
7287,469,2560,1992,7691,445
7287,469,2560,7970,1844,1852
7287,469,2560,2398,6929,4278
7287,469,2560,7302,1893,7114
7287,469,2560,5203,7288,8689
7287,469,2560,9045,1694,9551
7287,469,2560,4883,2080,7446
7287,469,2560,3819,1293,7371
7287,469,2560,2857,3663,7166
7287,469,2560,5337,7144,7183
7287,469,2560,1886,1095,5062
7287,469,2560,8321,77,5766
7287,469,2560,2039,5559,2493
7287,469,2560,6205,3935,1860
7287,469,2560,4848,5210,24
7287,469,2560,1438,949,2316
7287,469,2560,5089,5759,4176
7287,469,2560,9599,9293,6513
7287,469,2560,9012,704,2305
7287,469,2560,4534,7462,892
7287,469,2560,1648,7049,5735
7287,469,2560,8098,2426,3136
7287,469,2560,3797,9075,4682
7287,469,2560,615,3828,910
7287,469,2560,22,8720,8053
7287,469,2560,3391,9433,7173
7287,469,2560,1188,6985,6692
7287,469,2560,489,4674,6222
7287,469,2560,1758,5447,18
7287,469,2560,4796,7725,2136
7287,469,2560,3622,4267,388
