3181,3534,3995,2512,5204,1668
3181,3534,3995,6977,949,7566
3181,3534,3995,6070,7469,9985
3181,3534,3995,5703,8465,4983
3181,3534,3995,1559,3643,9684
3181,3534,3995,9270,6791,2421
3181,3534,3995,6464,7673,370
3181,3534,3995,5610,9400,585
3181,3534,3995,1240,5836,4508
3181,3534,3995,3524,8337,2857
3181,3534,3995,2531,3202,8384
3181,3534,3995,1444,6373,9214
3181,3534,3995,2903,5376,635
3181,3534,3995,3387,9526,6200
3181,3534,3995,6331,6098,3490
3181,3534,3995,222,8763,6429
3181,3534,3995,1396,8426,2078
3181,3534,3995,6612,4412,5583
3181,3534,3995,2250,294,306
3181,3534,3995,9576,28,2274
3181,3534,3995,4797,6315,1241
3181,3534,3995,1929,2671,5159
3181,3534,3995,8867,6746,711
3181,3534,3995,9110,1317,96
3181,3534,3995,3977,8458,2600
3181,3534,3995,5491,4491,2259
3181,3534,3995,4599,6499,6440
3181,3534,3995,1629,8737,6613
3181,3534,3995,88,8809,523
3181,3534,3995,6808,3447,638
3181,3534,3995,4376,7967,951
3181,3534,3995,3988,3005,5544
3181,3534,3995,308,950,8356
3181,3534,3995,2740,2100,9278
3181,3534,3995,620,5522,8510
3181,3534,3995,2465,9820,465
3181,3534,3995,9119,3402,1440
3181,3534,3995,7717,3954,6967
3181,3534,3995,1542,1664,7405
3181,3534,3995,1289,6625,5827
3181,3534,3995,4775,3081,6874
3181,3534,3995,7042,6033,4692
3181,3534,3995,1342,2818,9786
3181,3534,3995,3296,4059,7552
3181,3534,3995,1099,7408,1467
3181,3534,3995,6685,8330,3412
3181,3534,3995,8373,799,1432
3181,3534,3995,819,1912,8135
3181,3534,3995,7376,9362,1096
3181,3534,3995,7808,6349,5351
3181,3534,3995,5207,5786,9726
3181,3534,3995,5520,916,1522
3181,3534,3995,5135,4227,2403
3181,3534,3995,4832,2948,2795
3181,3534,3995,8130,5847,7956
3181,3534,3995,4225,2022,70
3181,3534,3995,1056,3492,8426
3181,3534,3995,2357,8259,4475
3181,3534,3995,9770,2469,5848
3181,3534,3995,487,1854,7986
3181,3534,3995,4387,8190,7544
3181,3534,3995,8716,7928,3284
3181,3534,3995,4250,3886,4180
3181,3534,3995,8104,678,2018
3181,3534,3995,2859,5282,650
3181,3534,3995,1038,1592,9316
3181,3534,3995,4565,1610,4822
3181,3534,3995,3038,2707,2627
3181,3534,3995,2970,3271,5651
3181,3534,3995,7179,1658,8057
3181,3534,3995,364,9590,6962
3181,3534,3995,7246,2010,3657
3181,3534,3995,5808,658,2724
3181,3534,3995,9716,9607,7
3181,3534,3995,7107,8342,4387
3181,3534,3995,3149,3615,6718
3181,3534,3995,1230,8683,5539
3181,3534,3995,8896,6796,5707
3181,3534,3995,9981,9390,4731
3181,3534,3995,4167,911,6384
3181,3534,3995,7631,3183,9940
3181,3534,3995,3481,68,7968
3181,3534,3995,5690,590,1148
3181,3534,3995,877,3328,1802
3181,3534,3995,9180,4208,317
3181,3534,3995,4043,9898,8451
3181,3534,3995,1020,4321,2994
3181,3534,3995,2413,5823,8689
3181,3534,3995,9300,2994,4755
3181,3534,3995,3184,3368,2465
3181,3534,3995,6911,3568,1173
3181,3534,3995,1080,4135,300
3181,3534,3995,9366,1658,7767
3181,3534,3995,2311,3556,4840
3181,3534,3995,2566,8793,1826
3181,3534,3995,481,3816,897
3181,3534,3995,3071,85,4990
3181,3534,3995,5334,6759,2390
3181,3534,3995,7083,9609,2317
3181,3534,3995,9275,9054,8597
3181,3534,3995,9993,1567,7764
3181,3534,3995,2258,3969,109
3181,3534,3995,2626,7175,2441
3181,3534,3995,5697,9449,60
3181,3534,3995,9925,8946,7650
3181,3534,3995,3134,6451,9453
3181,3534,3995,3847,1731,8916
3181,3534,3995,893,168,2483
3181,3534,3995,1226,1487,8342
3181,3534,3995,5799,3311,5377
3181,3534,3995,2287,2870,7572
3181,3534,3995,936,714,37
3181,3534,3995,2348,5537,715
3181,3534,3995,2795,8404,612
3181,3534,3995,4592,4935,5216
3181,3534,3995,8413,1938,3269
3181,3534,3995,847,9369,9959
3181,3534,3995,4901,9733,2068
3181,3534,3995,2783,5951,7078
3181,3534,3995,2524,7261,2827
3181,3534,3995,8038,5646,1032
3181,3534,3995,595,4007,2160
3181,3534,3995,6731,6924,9274
3181,3534,3995,1061,8577,7211
3181,3534,3995,1197,8164,1463
3181,3534,3995,7666,1474,6983
3181,3534,3995,1838,7582,1747
3181,3534,3995,1420,862,3815
3181,3534,3995,512,7483,1492
3181,3534,3995,2115,7275,4386
3181,3534,3995,2723,2908,9744
3181,3534,3995,3810,3959,5221
3181,3534,3995,6241,1077,9804
3181,3534,3995,3065,1328,6419
3181,3534,3995,4921,7828,3203
3181,3534,3995,5477,1679,1728
3181,3534,3995,9511,1603,6083
3181,3534,3995,7192,8496,3761
3181,3534,3995,7010,3575,8430
3181,3534,3995,1804,8596,4360
3181,3534,3995,7604,3577,8093
3181,3534,3995,3718,3681,6661
3181,3534,3995,1776,686,9036
3181,3534,3995,141,2147,508
3181,3534,3995,1632,5206,7161
3181,3534,3995,5811,7960,2357
3181,3534,3995,9196,3738,1465
3181,3534,3995,6451,1854,6687
3181,3534,3995,7566,3289,3361
3181,3534,3995,5403,2258,8813
3181,3534,3995,1657,2589,4361
3181,3534,3995,509,7653,6548
3181,3534,3995,3531,6547,8008
3181,3534,3995,5542,453,2548
3181,3534,3995,2428,1044,6677
3181,3534,3995,9565,315,1932
3181,3534,3995,3730,4362,1090
3181,3534,3995,7468,651,9771
3181,3534,3995,9772,1837,9925
3181,3534,3995,434,7513,6528
3181,3534,3995,8623,2430,5493
3181,3534,3995,9429,7965,9059
3181,3534,3995,3716,8032,6376
3181,3534,3995,4109,9390,1801
3181,3534,3995,7417,6596,6357
3181,3534,3995,4600,1539,2941
3181,3534,3995,7012,4974,5629
3181,3534,3995,7176,7022,4574
3181,3534,3995,2571,2500,6005
3181,3534,3995,3087,7858,9557
3181,3534,3995,6921,9221,4646
3181,3534,3995,5212,1621,2971
3181,3534,3995,189,3293,8285
3181,3534,3995,146,3906,4946
3181,3534,3995,6815,310,4721
3181,3534,3995,3671,5211,1843
3181,3534,3995,5490,2137,7315
3181,3534,3995,8505,5646,2150
3181,3534,3995,770,7365,757
3181,3534,3995,1582,4336,3585
3181,3534,3995,330,187,6101
3181,3534,3995,8533,8513,9058
3181,3534,3995,4263,2669,4083
3181,3534,3995,2595,9404,259
3181,3534,3995,9218,6813,4021
3181,3534,3995,4666,4134,4901
3181,3534,3995,6436,4888,5978
3181,3534,3995,8232,6121,4811
3181,3534,3995,9849,2063,9092
3181,3534,3995,147,8105,5355
3181,3534,3995,1818,5144,6738
3181,3534,3995,1438,4793,5945
3181,3534,3995,5345,930,6257
3181,3534,3995,7762,7506,7757
3181,3534,3995,5888,2963,2802
3181,3534,3995,3190,5466,276
3181,3534,3995,5869,9766,4318
3181,3534,3995,4360,6243,329
3181,3534,3995,7436,4755,1333
3181,3534,3995,196,1564,6929
3181,3534,3995,3323,3332,7908
3181,3534,3995,2556,5655,777
3181,3534,3995,9905,8481,4525
3181,3534,3995,6190,9355,3948
3181,3534,3995,9360,6256,4286
3181,3534,3995,3052,4118,6812
3181,3534,3995,6257,4131,3374
3181,3534,3995,6899,6282,7020
3181,3534,3995,522,7087,9166
3181,3534,3995,3711,2803,7484
3181,3534,3995,9129,3670,8269
3181,3534,3995,2964,1515,7426
3181,3534,3995,6583,5972,2463
3181,3534,3995,9912,5284,7224
3181,3534,3995,1995,431,8353
3181,3534,3995,7445,2856,9198
3181,3534,3995,491,3377,2928
3181,3534,3995,5401,7273,6856
3181,3534,3995,328,9461,9358
3181,3534,3995,7545,9389,4799
3181,3534,3995,6762,2969,2245
3181,3534,3995,8766,2552,6969
3181,3534,3995,1520,6316,2387
3181,3534,3995,3560,2944,5854
3181,3534,3995,6164,2645,669
3181,3534,3995,3354,5538,9346
3181,3534,3995,1591,3080,2386
3181,3534,3995,7381,3535,2427
3181,3534,3995,6919,5993,1330
3181,3534,3995,1555,1120,1112
3181,3534,3995,9914,2212,5620
3181,3534,3995,1261,7745,2682
3181,3534,3995,1483,90,5504
3181,3534,3995,8424,4433,2639
3181,3534,3995,7286,3906,9530
3181,3534,3995,8840,6305,1456
3181,3534,3995,2618,3998,7889
3181,3534,3995,7069,9529,1073
3181,3534,3995,7515,2414,6802
3181,3534,3995,3384,9556,2473
3181,3534,3995,4225,6560,8866
3181,3534,3995,9989,5892,4375
3181,3534,3995,987,6897,8836
3181,3534,3995,1036,9202,6202
3181,3534,3995,7339,882,9925
3181,3534,3995,9825,5347,2066
3181,3534,3995,726,7058,793
3181,3534,3995,9031,2588,8431
3181,3534,3995,2034,6120,5159
3181,3534,3995,6716,9481,1014
3181,3534,3995,494,7513,659
3181,3534,3995,2613,5165,1945
3181,3534,3995,7997,8122,5624
3181,3534,3995,4153,9710,8945
3181,3534,3995,2308,9024,5633
3181,3534,3995,8011,3190,4724
3181,3534,3995,8914,6955,9792
3181,3534,3995,1710,9985,3158
3181,3534,3995,9778,5619,2682
3181,3534,3995,5651,9003,4221
3181,3534,3995,3074,1612,3382
3181,3534,3995,4268,1288,7559
3181,3534,3995,8801,1078,5534
3181,3534,3995,7783,7309,3705
3181,3534,3995,384,8846,9613
3181,3534,3995,9810,1902,424
3181,3534,3995,1566,4500,37
3181,3534,3995,5831,7389,4716
3181,3534,3995,453,3599,7765
3181,3534,3995,7561,8501,3907
3181,3534,3995,5621,1416,187
3181,3534,3995,8392,2106,701
3181,3534,3995,8444,4764,1619
3181,3534,3995,9646,2617,4805
3181,3534,3995,7456,1112,1784
3181,3534,3995,9209,51,6840
3181,3534,3995,3610,4378,4479
3181,3534,3995,2718,5364,9049
3181,3534,3995,4744,7410,6179
3181,3534,3995,2027,576,9338
3181,3534,3995,5661,9224,9633
3181,3534,3995,2995,14,564
3181,3534,3995,9425,370,2153
3181,3534,3995,9367,1756,9484
3181,3534,3995,2840,3568,8790
3181,3534,3995,3026,5333,2796
3181,3534,3995,8448,702,3840
3181,3534,3995,8133,2853,2489
3181,3534,3995,493,6940,4405
3181,3534,3995,8425,626,8622
3181,3534,3995,5229,9004,5054
3181,3534,3995,291,3787,9924
3181,3534,3995,513,4788,4634
3181,3534,3995,3896,5824,2248
3181,3534,3995,3195,9485,7085
3181,3534,3995,5148,9577,4365
3181,3534,3995,7812,974,3793
3181,3534,3995,5622,4746,9150
3181,3534,3995,9606,9368,9073
3181,3534,3995,8455,6012,7678
3181,3534,3995,2907,622,8161
3181,3534,3995,7265,6273,8209
3181,3534,3995,5294,7278,3255
3181,3534,3995,9438,9945,5423
3181,3534,3995,448,5177,1113
3181,3534,3995,8219,3547,1152
3181,3534,3995,2083,1560,7828
3181,3534,3995,4562,4531,3197
3181,3534,3995,6295,3778,6352
3181,3534,3995,7842,7062,8184
3181,3534,3995,3209,7028,3379
3181,3534,3995,8989,2033,2616
3181,3534,3995,421,4749,8521
3181,3534,3995,8161,5615,8049
3181,3534,3995,4922,6391,4456
3181,3534,3995,496,5600,170
3181,3534,3995,1710,4263,7287
3181,3534,3995,352,1275,302
3181,3534,3995,6074,6494,2322
3181,3534,3995,6581,7279,6681
3181,3534,3995,7213,5459,8329
3181,3534,3995,9636,7193,355
3181,3534,3995,4941,7468,6999
3181,3534,3995,6720,1775,5227
3181,3534,3995,9156,7455,706
3181,3534,3995,8914,6688,405
3181,3534,3995,1156,5758,8530
3181,3534,3995,7772,5170,6421
3181,3534,3995,1355,1712,994
3181,3534,3995,8694,2665,513
3181,3534,3995,318,8676,5495
3181,3534,3995,8616,5471,1694
3181,3534,3995,1595,6296,2431
3181,3534,3995,4831,6887,1927
3181,3534,3995,8012,753,2117
3181,3534,3995,7827,3374,4020
3181,3534,3995,7467,7260,8108
3181,3534,3995,5264,3464,7792
3181,3534,3995,3427,1639,6807
3181,3534,3995,6627,3325,1822
3181,3534,3995,9376,9465,3325
3181,3534,3995,8438,8802,3471
3181,3534,3995,6253,8262,1465
3181,3534,3995,3281,3801,4137
3181,3534,3995,6457,5832,9617
3181,3534,3995,8326,8897,4969
3181,3534,3995,6005,6262,7903
3181,3534,3995,6405,6251,2221
3181,3534,3995,4062,2814,7150
3181,3534,3995,2086,5767,9127
3181,3534,3995,3672,8157,7926
3181,3534,3995,7051,9714,6746
3181,3534,3995,289,2658,8275
3181,3534,3995,5764,2926,1023
3181,3534,3995,2579,9760,5622
3181,3534,3995,7368,7415,128
3181,3534,3995,7440,986,2045
3181,3534,3995,1025,1094,8463
3181,3534,3995,1506,4745,678
3181,3534,3995,5146,3684,6001
3181,3534,3995,7844,3850,581
3181,3534,3995,2790,8190,2086
3181,3534,3995,4783,8365,5717
3181,3534,3995,6737,7032,4580
3181,3534,3995,8426,5044,2352
3181,3534,3995,2993,2121,5747
3181,3534,3995,1299,1251,887
3181,3534,3995,3177,909,3610
3181,3534,3995,3444,1406,4018
3181,3534,3995,6608,1751,766
3181,3534,3995,7402,1331,3983
3181,3534,3995,4389,5667,9672
3181,3534,3995,7960,2755,2292
3181,3534,3995,9919,6618,6432
3181,3534,3995,1136,8018,2343
3181,3534,3995,5176,2181,4581
3181,3534,3995,9242,6129,8326
3181,3534,3995,3908,6354,3169
3181,3534,3995,6735,4533,1395
3181,3534,3995,6691,4346,7338
3181,3534,3995,3604,4307,9623
3181,3534,3995,6761,8856,3284
3181,3534,3995,2347,8008,3001
3181,3534,3995,3932,5541,2316
3181,3534,3995,4184,2054,7162
3181,3534,3995,3511,6685,2898
3181,3534,3995,6569,1765,7039
3181,3534,3995,1964,2715,45
3181,3534,3995,4712,3208,8591
3181,3534,3995,1998,2599,7623
3181,3534,3995,2501,4216,2176
3181,3534,3995,9219,9545,951
3181,3534,3995,1327,2582,5597
3181,3534,3995,5382,7495,1047
3181,3534,3995,9481,802,9204
3181,3534,3995,525,2402,4833
3181,3534,3995,3003,5683,7964
3181,3534,3995,7271,8360,2966
3181,3534,3995,3034,8176,2617
3181,3534,3995,9734,7087,5194
3181,3534,3995,1421,6895,9654
3181,3534,3995,65,8980,9525
3181,3534,3995,9242,4187,8539
3181,3534,3995,8137,4224,4469
3181,3534,3995,6401,3865,1657
3181,3534,3995,7672,250,7708
3181,3534,3995,4024,7592,1164
3181,3534,3995,6644,5185,8981
3181,3534,3995,531,6229,2655
3181,3534,3995,8603,2599,4610
3181,3534,3995,2422,1227,9166
3181,3534,3995,4489,9960,1570
3181,3534,3995,366,3820,1825
3181,3534,3995,3924,7767,1542
3181,3534,3995,4460,8907,665
3181,3534,3995,1116,159,8010
3181,3534,3995,4404,501,9359
3181,3534,3995,5753,9731,8260
3181,3534,3995,6541,7529,1842
3181,3534,3995,6501,1699,2867
3181,3534,3995,4304,7463,2071
3181,3534,3995,9655,230,3655
3181,3534,3995,5643,431,8571
3181,3534,3995,3809,3680,5972
3181,3534,3995,6508,3062,3628
3181,3534,3995,335,2973,6133
3181,3534,3995,7935,5658,7888
3181,3534,3995,2878,1517,3604
3181,3534,3995,3193,5419,9951
3181,3534,3995,1057,9375,9316
3181,3534,3995,7666,4829,5678
3181,3534,3995,8905,6685,8492
3181,3534,3995,2460,9145,811
3181,3534,3995,456,2819,9677
3181,3534,3995,3379,9587,4943
3181,3534,3995,2478,5115,2419
3181,3534,3995,8800,7937,8447
3181,3534,3995,8166,1094,4128
3181,3534,3995,2618,7655,6502
3181,3534,3995,9590,4514,5729
3181,3534,3995,6742,6014,6748
3181,3534,3995,8411,7744,6735
3181,3534,3995,2384,2127,8842
3181,3534,3995,4874,418,6115
3181,3534,3995,5749,1098,6551
3181,3534,3995,3874,2027,2027
3181,3534,3995,194,4959,1238
3181,3534,3995,4405,3376,1686
3181,3534,3995,6775,1043,8308
3181,3534,3995,9679,6453,4181
3181,3534,3995,5568,5561,9434
3181,3534,3995,3202,9232,9137
3181,3534,3995,2850,3610,976
3181,3534,3995,4251,3105,613
3181,3534,3995,9886,5157,1755
3181,3534,3995,1836,5553,5658
3181,3534,3995,3954,7242,2228
3181,3534,3995,2838,3286,8448
3181,3534,3995,8421,1622,5054
3181,3534,3995,7711,1766,8307
3181,3534,3995,7917,5642,6874
3181,3534,3995,5862,7332,8999
3181,3534,3995,6664,2048,7308
3181,3534,3995,633,4702,2398
3181,3534,3995,3707,6735,4699
3181,3534,3995,4855,5262,2127
3181,3534,3995,8340,3271,7322
3181,3534,3995,6648,7720,7207
3181,3534,3995,9592,3317,3304
3181,3534,3995,4290,4857,2766
3181,3534,3995,9002,4226,452
3181,3534,3995,6035,8727,3833
3181,3534,3995,3751,3710,3093
3181,3534,3995,7225,9641,257
3181,3534,3995,9689,9940,8213
3181,3534,3995,3664,7431,9865
3181,3534,3995,6598,1145,5074
3181,3534,3995,720,368,2324
3181,3534,3995,1902,9058,8897
3181,3534,3995,3870,6359,3254
3181,3534,3995,9997,9654,1765
3181,3534,3995,9314,7612,5079
3181,3534,3995,477,2472,7341
3181,3534,3995,253,7012,4631
3181,3534,3995,8131,4027,5311
3181,3534,3995,8627,6045,6172
3181,3534,3995,5299,2920,3189
3181,3534,3995,3213,9123,2100
3181,3534,3995,4295,5275,7944
3181,3534,3995,2095,3786,491
3181,3534,3995,3599,4528,5985
3181,3534,3995,8951,6858,1819
3181,3534,3995,2015,1017,7098
3181,3534,3995,9785,5115,3897
3181,3534,3995,1970,5488,5846
3181,3534,3995,715,8721,6131
3181,3534,3995,7321,2057,1065
3181,3534,3995,5773,8369,5968
3181,3534,3995,6304,6379,6183
3181,3534,3995,593,2847,9067
3181,3534,3995,2198,4659,7766
3181,3534,3995,5076,6123,9094
3181,3534,3995,5505,5209,3119
3181,3534,3995,8509,153,4531
3181,3534,3995,1287,1453,7604
3181,3534,3995,8951,6039,4984
3181,3534,3995,3134,9814,8694
3181,3534,3995,3818,437,817
3181,3534,3995,4411,2272,5269
3181,3534,3995,266,4166,2549
