1470,2148,2685,932,8786,4908
1470,2148,2685,4919,8048,8100
1470,2148,2685,1920,1561,3144
1470,2148,2685,6273,9819,7677
1470,2148,2685,2623,9968,5986
1470,2148,2685,841,5502,3032
1470,2148,2685,7519,4866,5081
1470,2148,2685,9115,2914,4511
1470,2148,2685,3633,5704,9678
1470,2148,2685,2228,2039,7836
1470,2148,2685,4456,8617,9114
1470,2148,2685,1113,6523,7187
1470,2148,2685,2189,1132,9899
1470,2148,2685,5336,8296,7193
1470,2148,2685,2735,7616,8724
1470,2148,2685,6099,6704,8256
1470,2148,2685,433,360,3268
1470,2148,2685,861,9456,2951
1470,2148,2685,5100,8891,8321
1470,2148,2685,8316,2527,1927
1470,2148,2685,308,1101,8302
1470,2148,2685,6066,2993,2701
1470,2148,2685,2586,8064,8286
1470,2148,2685,1853,3244,5020
1470,2148,2685,7614,1725,4183
1470,2148,2685,2734,6712,8255
1470,2148,2685,7277,7772,1038
1470,2148,2685,5395,5462,6837
1470,2148,2685,7531,8150,5238
1470,2148,2685,3603,4218,1610
1470,2148,2685,712,656,1476
1470,2148,2685,2719,3781,5257
1470,2148,2685,9997,924,2393
1470,2148,2685,4483,7543,7676
1470,2148,2685,8062,4831,1917
1470,2148,2685,89,6460,6455
1470,2148,2685,2028,29,1663
1470,2148,2685,8989,5466,7926
1470,2148,2685,5977,8852,1797
1470,2148,2685,9816,7528,3978
1470,2148,2685,1333,6577,3085
1470,2148,2685,3134,2439,11
1470,2148,2685,5430,5334,829
1470,2148,2685,9143,3594,5280
1470,2148,2685,584,249,277
1470,2148,2685,1725,9215,3548
1470,2148,2685,7195,1289,4323
1470,2148,2685,9746,4780,1418
1470,2148,2685,7243,8121,6405
1470,2148,2685,8951,284,3385
1470,2148,2685,980,3747,460
1470,2148,2685,5116,5097,1268
1470,2148,2685,869,7200,3002
1470,2148,2685,8253,3316,7054
1470,2148,2685,566,6766,713
1470,2148,2685,1973,5848,6443
1470,2148,2685,4473,9243,9063
1470,2148,2685,753,2529,1134
1470,2148,2685,2642,4629,4547
1470,2148,2685,3,9406,1086
1470,2148,2685,8802,1645,7185
1470,2148,2685,5355,3167,451
1470,2148,2685,9933,90,8932
1470,2148,2685,9835,1639,1286
1470,2148,2685,4008,8655,7496
1470,2148,2685,7914,3895,6453
1470,2148,2685,6726,6010,9946
1470,2148,2685,179,7556,97
1470,2148,2685,5685,1193,9662
1470,2148,2685,3387,457,1447
1470,2148,2685,904,5262,9857
1470,2148,2685,5370,8316,3289
1470,2148,2685,9845,7471,5716
1470,2148,2685,5624,8615,7920
1470,2148,2685,7209,2035,9560
1470,2148,2685,1223,6294,7168
1470,2148,2685,474,6850,5063
1470,2148,2685,3554,8345,8078
1470,2148,2685,5027,8060,3688
1470,2148,2685,4263,6476,5175
1470,2148,2685,3147,8586,4649
1470,2148,2685,8075,9972,956
1470,2148,2685,4144,8987,8136
1470,2148,2685,215,1113,8359
1470,2148,2685,7744,6322,5105
1470,2148,2685,1688,6959,2983
1470,2148,2685,9220,9158,1458
1470,2148,2685,6027,3941,4198
1470,2148,2685,8223,9501,6601
1470,2148,2685,2539,9209,7866
1470,2148,2685,9256,259,3526
1470,2148,2685,3202,8418,9318
1470,2148,2685,6918,5212,6043
1470,2148,2685,3083,4531,7139
1470,2148,2685,7303,6493,1937
1470,2148,2685,5742,2343,8051
1470,2148,2685,1358,9913,4479
1470,2148,2685,8436,4088,4299
1470,2148,2685,2047,9325,4077
1470,2148,2685,4549,4523,5715
1470,2148,2685,1966,9101,9838
1470,2148,2685,7374,4202,7276
1470,2148,2685,3665,675,7786
1470,2148,2685,2524,10000,8960
1470,2148,2685,5263,1064,2649
1470,2148,2685,3417,770,3133
1470,2148,2685,2826,9562,1690
1470,2148,2685,9876,2703,1742
1470,2148,2685,888,330,3784
1470,2148,2685,167,814,8850
1470,2148,2685,5159,341,4961
1470,2148,2685,1710,2716,76
1470,2148,2685,3433,4534,4935
1470,2148,2685,9105,7772,3505
1470,2148,2685,2308,4192,6056
1470,2148,2685,7208,5916,8492
1470,2148,2685,6353,7289,3754
1470,2148,2685,9867,7119,214
1470,2148,2685,5616,7879,4780
1470,2148,2685,3973,1167,8699
1470,2148,2685,3230,8392,5799
1470,2148,2685,6869,6605,5868
1470,2148,2685,7183,5212,8536
1470,2148,2685,5920,8911,434
1470,2148,2685,2244,7393,9661
1470,2148,2685,5966,9009,1288
1470,2148,2685,8935,9908,1793
1470,2148,2685,2787,8726,5828
1470,2148,2685,2342,790,8825
1470,2148,2685,9053,7663,6847
1470,2148,2685,9800,2441,8483
1470,2148,2685,5208,1964,3892
1470,2148,2685,8314,1078,939
1470,2148,2685,660,7239,9916
1470,2148,2685,3522,608,9527
1470,2148,2685,5908,1919,6057
1470,2148,2685,6972,5709,8891
1470,2148,2685,2709,1007,2353
1470,2148,2685,9535,3643,6200
1470,2148,2685,4801,3265,4148
1470,2148,2685,7226,5650,5827
1470,2148,2685,4128,7100,8063
1470,2148,2685,9901,2657,962
1470,2148,2685,9348,7770,6858
1470,2148,2685,5245,8932,5596
1470,2148,2685,8512,3436,9519
1470,2148,2685,6055,7319,8585
1470,2148,2685,6900,6840,8113
1470,2148,2685,4886,4049,3587
1470,2148,2685,7317,6670,3683
1470,2148,2685,2434,521,6140
1470,2148,2685,2432,4540,3132
1470,2148,2685,3463,8592,663
1470,2148,2685,7349,1403,6879
1470,2148,2685,6681,1634,5264
1470,2148,2685,7323,2893,1828
1470,2148,2685,4664,7602,3839
1470,2148,2685,5138,9720,6414
1470,2148,2685,4462,2589,9084
1470,2148,2685,8536,3533,6619
1470,2148,2685,5931,8999,2006
1470,2148,2685,2036,1644,7579
1470,2148,2685,8869,6353,8347
1470,2148,2685,2451,3993,5911
1470,2148,2685,4603,4440,5903
1470,2148,2685,9898,7660,9779
1470,2148,2685,6848,5865,3788
1470,2148,2685,5321,8547,3131
1470,2148,2685,8828,5354,9495
1470,2148,2685,9824,6817,1663
1470,2148,2685,3306,7103,2903
1470,2148,2685,8410,7980,6414
1470,2148,2685,1037,2721,5203
1470,2148,2685,9497,5249,1304
1470,2148,2685,4851,4489,1246
1470,2148,2685,1078,2172,2604
1470,2148,2685,404,9183,7813
1470,2148,2685,6182,2042,94
1470,2148,2685,2967,6467,1933
1470,2148,2685,4695,9411,9781
1470,2148,2685,35,953,7756
1470,2148,2685,5284,8010,2658
1470,2148,2685,9371,4797,8351
1470,2148,2685,1251,4520,2423
1470,2148,2685,938,5513,5153
1470,2148,2685,5637,3402,2488
1470,2148,2685,3499,4607,7115
1470,2148,2685,1616,8278,9881
1470,2148,2685,1853,5857,7789
1470,2148,2685,3246,7209,5712
1470,2148,2685,5926,2514,5605
1470,2148,2685,8199,836,8054
1470,2148,2685,6778,7215,3447
1470,2148,2685,630,6144,6305
1470,2148,2685,8654,2729,9002
1470,2148,2685,6580,2766,1517
1470,2148,2685,3209,3792,9381
1470,2148,2685,4242,4693,8378
1470,2148,2685,4569,3145,8079
1470,2148,2685,5539,5617,8903
1470,2148,2685,9488,1696,993
1470,2148,2685,9087,7703,7025
1470,2148,2685,8474,4008,7534
1470,2148,2685,4645,6102,6933
1470,2148,2685,3863,2046,7573
1470,2148,2685,2026,556,2450
1470,2148,2685,4619,9505,1780
1470,2148,2685,1300,9104,9335
1470,2148,2685,3366,1912,837
1470,2148,2685,2545,6860,5157
1470,2148,2685,8594,6503,8094
1470,2148,2685,8981,9305,8592
1470,2148,2685,9543,8239,8903
1470,2148,2685,3319,7158,8121
1470,2148,2685,2315,5632,1338
1470,2148,2685,3199,435,1826
1470,2148,2685,1485,5818,3553
1470,2148,2685,7377,8186,5447
1470,2148,2685,8569,3083,9559
1470,2148,2685,2282,9075,724
1470,2148,2685,8693,6915,7626
1470,2148,2685,3303,5190,8976
1470,2148,2685,125,6325,238
1470,2148,2685,6030,8767,5224
1470,2148,2685,623,3770,1468
1470,2148,2685,9603,7755,3861
1470,2148,2685,3316,3201,6842
1470,2148,2685,8800,1730,8468
1470,2148,2685,511,7010,8445
1470,2148,2685,6071,377,6178
1470,2148,2685,3082,9087,3438
1470,2148,2685,8226,4643,2128
1470,2148,2685,9605,9501,3197
1470,2148,2685,2948,4519,5772
1470,2148,2685,8852,4041,1059
1470,2148,2685,7424,7638,5394
1470,2148,2685,6843,6722,4259
1470,2148,2685,3601,5014,2772
1470,2148,2685,5344,6697,3771
1470,2148,2685,5891,9766,9234
1470,2148,2685,361,2155,41
1470,2148,2685,3790,9552,6805
1470,2148,2685,6742,6848,9803
1470,2148,2685,2821,4246,5585
1470,2148,2685,523,2676,9093
1470,2148,2685,9285,6831,6664
1470,2148,2685,1217,6797,3227
1470,2148,2685,8819,94,9892
1470,2148,2685,2579,7833,2639
1470,2148,2685,5875,6651,718
1470,2148,2685,4380,8,1487
1470,2148,2685,2733,2019,6291
1470,2148,2685,8474,1387,5820
1470,2148,2685,8070,6943,2979
1470,2148,2685,5358,7757,5351
1470,2148,2685,681,5384,6753
1470,2148,2685,9135,7554,3069
1470,2148,2685,4498,3625,1816
1470,2148,2685,5479,7478,4320
1470,2148,2685,7402,4608,1046
1470,2148,2685,1580,9940,3636
1470,2148,2685,4545,6519,6238
1470,2148,2685,8303,4247,5708
1470,2148,2685,3122,6270,1064
1470,2148,2685,5995,8747,7409
1470,2148,2685,5861,560,3565
1470,2148,2685,6450,8025,5545
1470,2148,2685,6401,1669,9809
1470,2148,2685,9499,4993,2333
1470,2148,2685,2117,6084,2745
1470,2148,2685,4101,9787,8249
1470,2148,2685,4813,8682,8780
1470,2148,2685,3968,9823,1985
1470,2148,2685,7762,286,6911
1470,2148,2685,5222,2242,5876
1470,2148,2685,4503,5202,7718
1470,2148,2685,4335,3833,3099
1470,2148,2685,7709,6226,8628
1470,2148,2685,1115,153,3182
1470,2148,2685,1681,7188,5658
1470,2148,2685,7411,4516,3298
1470,2148,2685,3097,435,4179
1470,2148,2685,7127,8021,2654
1470,2148,2685,1160,8761,1672
1470,2148,2685,5233,2344,6240
1470,2148,2685,9530,7349,8111
1470,2148,2685,8684,6294,660
1470,2148,2685,7372,1561,3396
1470,2148,2685,1779,3761,5656
1470,2148,2685,6497,7914,5178
1470,2148,2685,3242,1230,7005
1470,2148,2685,4200,6650,3305
1470,2148,2685,8455,2996,8596
1470,2148,2685,1872,2975,1313
1470,2148,2685,8589,1015,2107
1470,2148,2685,260,8799,4240
1470,2148,2685,4832,5634,7448
1470,2148,2685,8233,2425,9106
1470,2148,2685,8132,9061,8075
1470,2148,2685,6166,6459,6829
1470,2148,2685,3492,7026,9244
1470,2148,2685,4529,2288,6409
1470,2148,2685,1587,5581,5988
1470,2148,2685,1580,1235,4136
1470,2148,2685,5628,9502,3096
1470,2148,2685,7942,4389,7539
1470,2148,2685,9353,362,7848
1470,2148,2685,2757,3187,507
1470,2148,2685,5063,3334,1424
1470,2148,2685,3328,3798,5707
1470,2148,2685,2154,4830,5562
1470,2148,2685,8001,3383,6702
1470,2148,2685,7489,3732,8534
1470,2148,2685,5675,9295,2139
1470,2148,2685,6326,798,9485
1470,2148,2685,7190,2333,8565
1470,2148,2685,2487,7810,3290
1470,2148,2685,4282,6375,4430
1470,2148,2685,8668,1881,5485
1470,2148,2685,4014,2404,2255
1470,2148,2685,657,8187,7597
1470,2148,2685,5967,4333,396
1470,2148,2685,5584,5766,1193
1470,2148,2685,8408,2709,9910
1470,2148,2685,5127,5999,1119
1470,2148,2685,8097,7706,1336
1470,2148,2685,4017,3413,8962
1470,2148,2685,4699,7685,540
1470,2148,2685,1821,9044,2784
1470,2148,2685,1701,3421,7255
1470,2148,2685,7716,4829,2001
1470,2148,2685,3548,5318,9843
1470,2148,2685,2317,857,9989
1470,2148,2685,2597,5973,5472
1470,2148,2685,5510,3832,3469
1470,2148,2685,7850,5740,3266
1470,2148,2685,5463,8324,3501
1470,2148,2685,9191,8616,4243
1470,2148,2685,9252,7232,1311
1470,2148,2685,2698,1851,7525
1470,2148,2685,1294,1891,4026
1470,2148,2685,4058,9194,5226
1470,2148,2685,2466,768,4456
1470,2148,2685,6657,3105,3569
1470,2148,2685,704,1363,3388
1470,2148,2685,6357,6538,8803
1470,2148,2685,6959,6463,6967
1470,2148,2685,577,4582,7090
1470,2148,2685,8499,7671,4180
1470,2148,2685,2850,2497,8306
1470,2148,2685,496,7133,2756
1470,2148,2685,9842,2430,7540
1470,2148,2685,5613,9127,1015
1470,2148,2685,3797,9998,4695
1470,2148,2685,5675,9914,9280
1470,2148,2685,7534,2474,9045
1470,2148,2685,2597,1869,9546
1470,2148,2685,2121,7351,4661
1470,2148,2685,8075,247,1201
1470,2148,2685,7963,4536,3838
1470,2148,2685,312,3699,6344
1470,2148,2685,166,6738,3442
1470,2148,2685,3860,3337,4097
1470,2148,2685,2973,1013,6833
1470,2148,2685,7844,9619,1285
1470,2148,2685,2381,7991,3819
1470,2148,2685,9914,5772,7414
1470,2148,2685,4882,973,6874
1470,2148,2685,3856,980,1231
1470,2148,2685,496,7494,3260
1470,2148,2685,2733,2512,4250
1470,2148,2685,3195,6750,7671
1470,2148,2685,1532,9338,4279
1470,2148,2685,2376,3870,3907
1470,2148,2685,1406,1129,3072
1470,2148,2685,6812,8697,743
1470,2148,2685,8713,354,7717
1470,2148,2685,7240,1313,3177
1470,2148,2685,463,449,3241
1470,2148,2685,3087,8160,155
1470,2148,2685,7932,2952,7456
1470,2148,2685,4612,6794,1708
1470,2148,2685,3638,3433,3589
1470,2148,2685,7987,2535,3710
1470,2148,2685,5530,9981,4205
1470,2148,2685,8173,3182,4529
1470,2148,2685,7678,5065,7826
1470,2148,2685,5720,863,4507
1470,2148,2685,7397,3454,5985
1470,2148,2685,6362,364,5864
1470,2148,2685,4331,9077,6250
1470,2148,2685,9553,5217,5062
1470,2148,2685,5320,2312,9319
1470,2148,2685,9976,1463,8926
1470,2148,2685,2021,6308,9041
1470,2148,2685,4225,9175,2781
1470,2148,2685,5235,6565,5037
1470,2148,2685,1833,9851,3627
1470,2148,2685,6855,7943,5367
1470,2148,2685,7692,703,5278
1470,2148,2685,5430,1438,5606
1470,2148,2685,7040,7127,5408
1470,2148,2685,1201,6608,841
1470,2148,2685,7424,8239,3902
1470,2148,2685,3678,4881,6077
1470,2148,2685,1544,573,1527
1470,2148,2685,7823,1232,266
1470,2148,2685,5933,8760,761
1470,2148,2685,5455,9364,6273
1470,2148,2685,7071,1904,688
1470,2148,2685,123,5538,6732
1470,2148,2685,2897,4586,7285
1470,2148,2685,46,6557,1427
1470,2148,2685,2041,8055,6685
1470,2148,2685,5114,9432,9290
1470,2148,2685,283,6403,4377
1470,2148,2685,9122,4848,7640
1470,2148,2685,1287,3489,3997
1470,2148,2685,8813,6455,8784
1470,2148,2685,9097,4789,6913
1470,2148,2685,9103,3834,5147
1470,2148,2685,5762,9899,833
1470,2148,2685,2571,2733,8902
1470,2148,2685,5454,8228,7446
1470,2148,2685,5475,3058,3601
1470,2148,2685,196,9142,2444
1470,2148,2685,3859,4144,7639
1470,2148,2685,2874,1321,2916
1470,2148,2685,2560,1380,4198
1470,2148,2685,8605,228,3252
1470,2148,2685,9425,9829,2689
1470,2148,2685,9574,4461,292
1470,2148,2685,7243,6119,4519
1470,2148,2685,3072,934,2213
1470,2148,2685,3015,5499,9322
1470,2148,2685,7789,4585,7868
1470,2148,2685,7652,2222,7950
1470,2148,2685,8656,5034,4075
1470,2148,2685,8383,8493,1629
1470,2148,2685,1094,7454,1341
1470,2148,2685,8532,5192,5172
1470,2148,2685,6013,4779,3165
1470,2148,2685,974,264,8716
1470,2148,2685,616,5003,3429
1470,2148,2685,7883,397,1292
1470,2148,2685,871,1509,6815
1470,2148,2685,694,5011,8529
1470,2148,2685,4136,1928,7612
1470,2148,2685,7016,1895,3931
1470,2148,2685,1516,6989,1298
1470,2148,2685,3244,2203,7246
1470,2148,2685,3974,2636,9487
1470,2148,2685,3470,7010,8657
1470,2148,2685,8281,6782,1950
1470,2148,2685,2867,8529,1369
1470,2148,2685,2114,1129,2455
1470,2148,2685,7369,1720,7974
1470,2148,2685,2035,8873,3014
1470,2148,2685,4443,8244,5621
1470,2148,2685,7436,7963,494
1470,2148,2685,8499,3501,2250
1470,2148,2685,7328,8369,9964
1470,2148,2685,1431,4909,8832
1470,2148,2685,6091,3147,5777
1470,2148,2685,7219,2988,3344
1470,2148,2685,303,990,3348
1470,2148,2685,5541,3072,2875
1470,2148,2685,1071,7323,3274
1470,2148,2685,1504,9502,6787
1470,2148,2685,6251,6514,4637
1470,2148,2685,7983,3513,4483
1470,2148,2685,6087,9140,5659
1470,2148,2685,8972,206,1356
1470,2148,2685,7723,7112,3527
1470,2148,2685,1963,2633,2464
1470,2148,2685,3223,7001,194
1470,2148,2685,7227,5363,9126
1470,2148,2685,8470,9147,1679
1470,2148,2685,4173,4702,5981
1470,2148,2685,251,9938,534
1470,2148,2685,6063,9418,5694
1470,2148,2685,4428,532,9757
1470,2148,2685,6920,6442,676
1470,2148,2685,3418,8253,1879
1470,2148,2685,6728,5882,3887
1470,2148,2685,1614,4409,1336
1470,2148,2685,5867,9230,7849
1470,2148,2685,7410,7525,7023
1470,2148,2685,1345,7007,2229
1470,2148,2685,1867,1865,6959
1470,2148,2685,725,7053,4020
1470,2148,2685,254,2694,1127
1470,2148,2685,1782,6131,5367
1470,2148,2685,6816,3505,132
1470,2148,2685,877,4137,4634
1470,2148,2685,6997,9020,8593
1470,2148,2685,3279,8581,7462
1470,2148,2685,628,9134,8752
1470,2148,2685,4666,1966,3493
1470,2148,2685,6598,6834,829
1470,2148,2685,959,6562,3176
1470,2148,2685,6464,5974,3779
1470,2148,2685,222,5414,6640
1470,2148,2685,717,6926,8080
1470,2148,2685,4441,7072,8138
1470,2148,2685,4576,3687,3161
1470,2148,2685,2624,7604,5664
1470,2148,2685,5797,608,2340
1470,2148,2685,4113,1992,9304
1470,2148,2685,1100,917,8317
