815,9246,7735,9183,3256,6870
815,9246,7735,4105,956,4173
815,9246,7735,813,3793,8609
815,9246,7735,4784,1457,6082
815,9246,7735,8054,4900,9293
815,9246,7735,8914,5960,4433
815,9246,7735,59,1513,1910
815,9246,7735,9829,5838,4543
815,9246,7735,4454,716,9573
815,9246,7735,1986,1031,4192
815,9246,7735,6097,4657,490
815,9246,7735,4938,4520,7044
815,9246,7735,6669,9952,534
815,9246,7735,6242,8553,7967
815,9246,7735,4225,9496,1743
815,9246,7735,7119,65,4558
815,9246,7735,1991,1127,7623
815,9246,7735,5670,1654,545
815,9246,7735,3244,4518,3306
815,9246,7735,9385,4563,2877
815,9246,7735,9895,6107,1858
815,9246,7735,5608,6457,1470
815,9246,7735,6000,365,9018
815,9246,7735,8779,9411,1308
815,9246,7735,6060,9397,239
815,9246,7735,350,9918,1333
815,9246,7735,9053,6199,1164
815,9246,7735,5226,0,6054
815,9246,7735,167,4964,9812
815,9246,7735,14,8771,5892
815,9246,7735,2097,4027,2404
815,9246,7735,1231,9715,5442
815,9246,7735,3301,8169,235
815,9246,7735,1542,2461,7595
815,9246,7735,3429,2825,2156
815,9246,7735,1034,5261,6519
815,9246,7735,7675,6863,9722
815,9246,7735,7314,38,5754
815,9246,7735,6246,3744,4955
815,9246,7735,1529,686,7109
815,9246,7735,2092,3560,9642
815,9246,7735,8750,7517,5624
815,9246,7735,3737,5125,1644
815,9246,7735,9474,4782,4197
815,9246,7735,4702,2635,6256
815,9246,7735,1209,5553,4456
815,9246,7735,7323,8623,1812
815,9246,7735,2980,5914,8522
815,9246,7735,208,4504,3294
815,9246,7735,7712,6111,9408
815,9246,7735,9474,3735,194
815,9246,7735,4127,9329,8564
815,9246,7735,3200,5095,4120
815,9246,7735,3258,5717,3172
815,9246,7735,9499,7627,6090
815,9246,7735,9058,1979,5690
815,9246,7735,2876,6331,4834
815,9246,7735,6516,5857,5001
815,9246,7735,4967,4744,1405
815,9246,7735,2768,5988,3324
815,9246,7735,9774,3824,9626
815,9246,7735,9153,258,5739
815,9246,7735,2224,2316,7063
815,9246,7735,6131,9268,2202
815,9246,7735,9114,2874,1698
815,9246,7735,3478,3737,5721
815,9246,7735,358,7697,9600
815,9246,7735,8902,6575,728
815,9246,7735,3975,16,2623
815,9246,7735,8912,8665,6291
815,9246,7735,9341,7669,2728
815,9246,7735,9674,7129,9082
815,9246,7735,6841,3148,1150
815,9246,7735,3388,2282,7801
815,9246,7735,5506,4445,9398
815,9246,7735,8073,1832,4514
815,9246,7735,473,341,331
815,9246,7735,4762,7506,399
815,9246,7735,8246,1110,4948
815,9246,7735,3303,7393,6371
815,9246,7735,2047,3088,6405
815,9246,7735,8804,4485,6852
815,9246,7735,4961,1800,603
815,9246,7735,1866,809,2188
815,9246,7735,9481,3131,7022
815,9246,7735,3962,8463,3238
815,9246,7735,7698,816,4486
815,9246,7735,3826,5747,1762
815,9246,7735,8541,7510,3864
815,9246,7735,3665,9908,8968
815,9246,7735,1300,5047,1512
815,9246,7735,9486,1607,1258
815,9246,7735,3735,9250,5327
815,9246,7735,490,2518,1286
815,9246,7735,3509,3513,2027
815,9246,7735,9031,5881,1343
815,9246,7735,3908,5882,9974
815,9246,7735,242,5673,8803
815,9246,7735,4243,3756,5187
815,9246,7735,7483,3997,2719
815,9246,7735,2313,4514,1164
815,9246,7735,6307,2464,3916
815,9246,7735,8319,4967,7178
815,9246,7735,9783,2577,582
815,9246,7735,4286,671,5155
815,9246,7735,1048,525,3804
815,9246,7735,7659,4698,476
815,9246,7735,5795,590,1716
815,9246,7735,7277,3801,1587
815,9246,7735,4589,4791,3378
815,9246,7735,998,5312,1391
815,9246,7735,1805,7058,6973
815,9246,7735,6172,6204,8953
815,9246,7735,5836,3225,8304
815,9246,7735,2043,7936,4528
815,9246,7735,6286,7118,5952
815,9246,7735,9357,2923,9310
815,9246,7735,7856,7119,2976
815,9246,7735,9492,5218,7769
815,9246,7735,5945,6720,9743
815,9246,7735,8253,3850,8643
815,9246,7735,9039,257,2226
815,9246,7735,5109,958,4094
815,9246,7735,3820,4686,4853
815,9246,7735,6210,5249,1127
815,9246,7735,4191,9533,298
815,9246,7735,4839,9052,9461
815,9246,7735,9169,5104,3272
815,9246,7735,597,3000,2849
815,9246,7735,8914,3112,655
815,9246,7735,9020,9561,2944
815,9246,7735,6561,123,8607
815,9246,7735,9668,122,3958
815,9246,7735,7735,5209,87
815,9246,7735,6339,6179,5765
815,9246,7735,2780,2293,795
815,9246,7735,7898,4075,3403
815,9246,7735,6046,3975,1008
815,9246,7735,5874,8696,6071
815,9246,7735,8042,7515,4081
815,9246,7735,6330,7438,1960
815,9246,7735,7009,800,6425
815,9246,7735,6139,4753,2137
815,9246,7735,7195,5272,2585
815,9246,7735,3728,8294,5464
815,9246,7735,4559,5833,4898
815,9246,7735,3987,2352,818
815,9246,7735,1084,4738,2003
815,9246,7735,4696,2119,1726
815,9246,7735,9912,3945,3472
815,9246,7735,3697,2846,692
815,9246,7735,7267,7900,6601
815,9246,7735,8470,1012,6439
815,9246,7735,8638,7076,7618
815,9246,7735,642,9081,5199
815,9246,7735,1264,3849,9276
815,9246,7735,791,726,4248
815,9246,7735,4338,7343,952
815,9246,7735,7672,3180,7096
815,9246,7735,3461,6981,2641
815,9246,7735,6145,9329,5733
815,9246,7735,6957,5595,8218
815,9246,7735,2218,3541,473
815,9246,7735,3731,2839,5085
815,9246,7735,6292,4908,1180
815,9246,7735,5786,3292,3329
815,9246,7735,3235,2320,8768
815,9246,7735,5413,2258,3376
815,9246,7735,3116,5288,8044
815,9246,7735,8139,9110,810
815,9246,7735,7501,2677,805
815,9246,7735,11,3823,1524
815,9246,7735,8513,4858,3488
815,9246,7735,2956,4441,5527
815,9246,7735,1373,8047,8366
815,9246,7735,8723,9961,5192
815,9246,7735,366,4509,6178
815,9246,7735,1729,5016,9086
815,9246,7735,1784,9425,3805
815,9246,7735,1134,7067,8335
815,9246,7735,8756,818,2701
815,9246,7735,856,8551,2663
815,9246,7735,5738,93,1797
815,9246,7735,3726,7289,2579
815,9246,7735,7181,6530,2383
815,9246,7735,9527,1222,6359
815,9246,7735,7462,3356,6562
815,9246,7735,4645,2240,2382
815,9246,7735,4135,688,1189
815,9246,7735,3263,9061,4325
815,9246,7735,5133,6153,1226
815,9246,7735,3311,2883,3033
815,9246,7735,3949,2705,7322
815,9246,7735,8705,2026,1488
815,9246,7735,6860,3365,2541
815,9246,7735,7297,7601,6130
815,9246,7735,6808,4469,8771
815,9246,7735,9607,5906,8960
815,9246,7735,8557,2246,2067
815,9246,7735,2327,6425,7768
815,9246,7735,7640,165,1722
815,9246,7735,6419,2065,4291
815,9246,7735,6939,4602,1799
815,9246,7735,2080,9730,9417
815,9246,7735,4487,7025,7981
815,9246,7735,5717,9331,6759
815,9246,7735,7311,3373,9374
815,9246,7735,2240,2411,9394
815,9246,7735,7717,6800,9544
815,9246,7735,9331,9091,6621
815,9246,7735,1952,6632,1978
815,9246,7735,797,7510,3210
815,9246,7735,9318,6530,6751
815,9246,7735,7857,5346,1703
815,9246,7735,9788,8218,4520
815,9246,7735,4830,7932,6090
815,9246,7735,4243,6239,3441
815,9246,7735,3312,8593,8820
815,9246,7735,8790,169,5009
815,9246,7735,9367,5017,2712
815,9246,7735,5041,1539,6513
815,9246,7735,9329,6089,3401
815,9246,7735,9339,437,2549
815,9246,7735,5184,3832,8804
815,9246,7735,2572,932,4918
815,9246,7735,3470,9402,8022
815,9246,7735,8990,9998,9174
815,9246,7735,3705,5171,1302
815,9246,7735,5701,331,2703
815,9246,7735,9618,1443,6591
815,9246,7735,2053,6715,926
815,9246,7735,2351,7126,4598
815,9246,7735,9668,1273,3585
815,9246,7735,7431,8407,2089
815,9246,7735,7260,7306,3339
815,9246,7735,173,9037,4442
815,9246,7735,5212,5117,9242
815,9246,7735,2153,4908,6248
815,9246,7735,5575,7942,4768
815,9246,7735,2224,859,7980
815,9246,7735,8801,9189,3098
815,9246,7735,4853,9526,2919
815,9246,7735,9005,5569,6611
815,9246,7735,9559,4034,5055
815,9246,7735,2536,2906,4932
815,9246,7735,3440,9207,3742
815,9246,7735,4086,5748,1797
815,9246,7735,8280,7916,4392
815,9246,7735,6740,1718,9998
815,9246,7735,2299,6989,7677
815,9246,7735,7784,5694,2709
815,9246,7735,5836,6460,3393
815,9246,7735,6698,7360,1254
815,9246,7735,169,1889,4931
815,9246,7735,3554,5756,5303
815,9246,7735,6191,1804,8849
815,9246,7735,3816,2619,2263
815,9246,7735,4335,4874,8862
815,9246,7735,8048,3670,7561
815,9246,7735,3980,3300,7384
815,9246,7735,4420,4865,2412
815,9246,7735,3552,3508,4150
815,9246,7735,2252,5769,1687
815,9246,7735,1323,943,9936
815,9246,7735,5289,9351,1063
815,9246,7735,7377,1720,7765
815,9246,7735,5760,5884,1631
815,9246,7735,7458,4453,1013
815,9246,7735,2989,1182,1505
815,9246,7735,282,5315,9771
815,9246,7735,9639,5534,7033
815,9246,7735,6759,7680,5417
815,9246,7735,9959,4633,3959
815,9246,7735,5529,5178,116
815,9246,7735,4026,9503,6451
815,9246,7735,1879,2875,6581
815,9246,7735,3305,5632,6938
815,9246,7735,2036,770,6897
815,9246,7735,5539,1284,1629
815,9246,7735,5472,7810,5098
815,9246,7735,1159,1336,308
815,9246,7735,4961,3225,68
815,9246,7735,7274,230,3495
815,9246,7735,4109,4088,4741
815,9246,7735,5763,2137,4640
815,9246,7735,1258,5990,5362
815,9246,7735,5526,8208,333
815,9246,7735,204,8512,2145
815,9246,7735,7152,5319,9457
815,9246,7735,5329,6780,410
815,9246,7735,3456,4555,4159
815,9246,7735,9311,3847,7297
815,9246,7735,6109,6441,8613
815,9246,7735,4723,3953,757
815,9246,7735,2489,6327,7705
815,9246,7735,9929,8816,3917
815,9246,7735,2233,868,815
815,9246,7735,4234,5223,5364
815,9246,7735,4947,9147,1930
815,9246,7735,6710,5430,3758
815,9246,7735,7510,7293,6899
815,9246,7735,3877,6675,6255
815,9246,7735,4483,1977,7857
815,9246,7735,6319,6516,5894
815,9246,7735,8573,8920,6322
815,9246,7735,9701,4154,370
815,9246,7735,5761,854,1865
815,9246,7735,1904,1545,1905
815,9246,7735,8479,3458,4161
815,9246,7735,6122,4562,1491
815,9246,7735,6399,3606,1534
815,9246,7735,1043,2957,6699
815,9246,7735,5212,7996,6078
815,9246,7735,4869,1691,448
815,9246,7735,3107,5866,4346
815,9246,7735,5221,4837,4644
815,9246,7735,6760,1122,5722
815,9246,7735,4531,6211,698
815,9246,7735,259,6077,9011
815,9246,7735,8977,2555,6585
815,9246,7735,5936,2688,2953
815,9246,7735,2539,4400,6378
815,9246,7735,7777,3976,7656
815,9246,7735,3183,5215,4809
815,9246,7735,4388,8664,1637
815,9246,7735,4059,1490,5835
815,9246,7735,1793,4176,9667
815,9246,7735,3746,2970,8225
815,9246,7735,7889,1806,3283
815,9246,7735,9648,528,7244
815,9246,7735,708,694,5756
815,9246,7735,5079,3765,3008
815,9246,7735,2440,7887,5873
815,9246,7735,6366,4580,7692
815,9246,7735,349,1152,3172
815,9246,7735,9541,5466,6050
815,9246,7735,3778,451,6415
815,9246,7735,9184,3430,5830
815,9246,7735,6731,1978,3388
815,9246,7735,9160,4242,4677
815,9246,7735,3097,8555,8717
815,9246,7735,3217,1355,9345
815,9246,7735,2897,4911,2889
815,9246,7735,5746,1540,3151
815,9246,7735,7247,1564,900
815,9246,7735,2465,3929,7346
815,9246,7735,4194,7892,1872
815,9246,7735,3073,1483,9309
815,9246,7735,4392,2732,2637
815,9246,7735,6940,2503,1515
815,9246,7735,7491,9433,6757
815,9246,7735,9482,9737,363
815,9246,7735,769,5694,90
815,9246,7735,2514,8833,4567
815,9246,7735,986,2768,1545
815,9246,7735,7267,9951,2997
815,9246,7735,4094,8760,6335
815,9246,7735,1136,4883,4914
815,9246,7735,3219,2651,7213
815,9246,7735,7242,6732,105
815,9246,7735,2597,6741,4534
815,9246,7735,5050,4320,3939
815,9246,7735,8860,2992,2635
815,9246,7735,7088,4683,6358
815,9246,7735,237,1404,189
815,9246,7735,3116,8904,2933
815,9246,7735,9636,1373,3328
815,9246,7735,7983,3441,4690
815,9246,7735,7086,5205,149
815,9246,7735,9571,1789,9167
815,9246,7735,9699,4795,4335
815,9246,7735,9109,6546,3803
815,9246,7735,5441,6321,9121
815,9246,7735,1118,4942,1931
815,9246,7735,7903,7552,9832
815,9246,7735,4159,7798,6701
815,9246,7735,7755,6926,4158
815,9246,7735,1377,5642,7302
815,9246,7735,9403,4138,9631
815,9246,7735,1146,9755,7170
815,9246,7735,3327,9004,1777
815,9246,7735,6625,886,6501
815,9246,7735,5869,6694,4186
815,9246,7735,5967,6064,6666
815,9246,7735,9259,5005,6932
815,9246,7735,2445,447,7278
815,9246,7735,4550,175,6785
815,9246,7735,2780,7939,8485
815,9246,7735,4980,2502,8263
815,9246,7735,8679,4954,9807
815,9246,7735,5958,8164,3559
815,9246,7735,6439,2226,1994
815,9246,7735,7505,2781,66
815,9246,7735,1865,1107,9683
815,9246,7735,7287,2137,3012
815,9246,7735,7075,283,1855
815,9246,7735,739,3527,5072
815,9246,7735,1947,686,1145
815,9246,7735,4637,7412,1973
815,9246,7735,3754,2585,7993
815,9246,7735,798,4842,1453
815,9246,7735,1524,1592,6169
815,9246,7735,8093,3430,4867
815,9246,7735,9007,7123,3129
815,9246,7735,192,2346,6234
815,9246,7735,4275,8319,4894
815,9246,7735,9556,1741,3452
815,9246,7735,8167,6693,3098
815,9246,7735,8482,3188,3459
815,9246,7735,5123,6595,4861
815,9246,7735,1434,8866,4771
815,9246,7735,4081,1664,3963
815,9246,7735,506,1494,4590
815,9246,7735,7935,1433,6556
815,9246,7735,3484,2839,1096
815,9246,7735,1752,6064,2280
815,9246,7735,3982,5279,9269
815,9246,7735,882,6373,5182
815,9246,7735,2015,7454,1902
815,9246,7735,2076,4467,527
815,9246,7735,7378,6905,5656
815,9246,7735,9594,9299,3026
815,9246,7735,1377,4570,4670
815,9246,7735,6899,178,6312
815,9246,7735,637,5582,5112
815,9246,7735,9475,4387,3206
815,9246,7735,8348,236,2454
815,9246,7735,8503,8466,4321
815,9246,7735,9363,1296,3103
815,9246,7735,3892,6635,7000
815,9246,7735,603,2099,2226
815,9246,7735,4284,8173,7377
815,9246,7735,9866,4886,7625
815,9246,7735,5687,4947,7026
815,9246,7735,6483,3838,1698
815,9246,7735,1065,597,5772
815,9246,7735,5028,2375,3715
815,9246,7735,561,1836,7126
815,9246,7735,401,8129,8391
815,9246,7735,8527,4526,8876
815,9246,7735,4691,7724,6842
815,9246,7735,6495,3622,4354
815,9246,7735,7265,1340,8742
815,9246,7735,5158,3857,6934
815,9246,7735,9241,7877,6445
815,9246,7735,9741,7430,2023
815,9246,7735,5910,6448,229
815,9246,7735,1424,6246,5975
815,9246,7735,9324,2782,9678
815,9246,7735,2382,4560,9413
815,9246,7735,2926,1218,2889
815,9246,7735,1384,7421,4794
815,9246,7735,4059,834,1622
815,9246,7735,9622,8767,6285
815,9246,7735,8513,3307,1716
815,9246,7735,6865,1628,8318
815,9246,7735,7824,5887,7971
815,9246,7735,2949,1227,9085
815,9246,7735,4414,3867,253
815,9246,7735,2712,5305,1926
815,9246,7735,3382,5885,827
815,9246,7735,4923,3541,5501
815,9246,7735,711,8969,487
815,9246,7735,2392,9183,3157
815,9246,7735,3988,3606,9971
815,9246,7735,6436,6559,2628
815,9246,7735,2069,7508,7395
815,9246,7735,8468,7712,4556
815,9246,7735,5613,6959,4417
815,9246,7735,9189,3715,8067
815,9246,7735,4165,7812,3643
815,9246,7735,1112,4524,4258
815,9246,7735,1525,2157,9213
815,9246,7735,2723,5737,2040
815,9246,7735,9099,316,3303
815,9246,7735,5414,1875,8835
815,9246,7735,1511,8315,3421
815,9246,7735,9081,6146,8023
815,9246,7735,6266,828,9570
815,9246,7735,6809,339,4047
815,9246,7735,4841,4910,7451
815,9246,7735,7300,3283,8208
815,9246,7735,3259,132,1926
815,9246,7735,1630,8264,5516
815,9246,7735,4344,4177,5336
815,9246,7735,8215,169,8129
815,9246,7735,1328,8859,2397
815,9246,7735,2467,2030,897
815,9246,7735,7232,8934,6327
815,9246,7735,1484,9577,558
815,9246,7735,3174,4462,5015
815,9246,7735,230,9659,3745
815,9246,7735,1055,5165,8967
815,9246,7735,9795,3551,1799
815,9246,7735,958,2320,8608
815,9246,7735,8607,2036,276
815,9246,7735,704,3123,4992
815,9246,7735,8951,6361,4161
815,9246,7735,5938,6184,8834
815,9246,7735,3297,5571,8991
815,9246,7735,8046,195,8846
815,9246,7735,1168,2018,3383
815,9246,7735,7039,8300,6847
815,9246,7735,1247,8372,2432
815,9246,7735,3796,5628,2865
815,9246,7735,6561,3935,8969
815,9246,7735,6192,5089,7864
815,9246,7735,1899,6489,8904
815,9246,7735,5301,7124,3032
815,9246,7735,551,7831,5366
