8983,8108,3413,2319,5678,9752
8983,8108,3413,7932,1652,387
8983,8108,3413,5687,3458,6470
8983,8108,3413,1865,9690,9199
8983,8108,3413,8470,2252,6656
8983,8108,3413,5402,7952,4747
8983,8108,3413,8319,479,6449
8983,8108,3413,6727,8814,7009
8983,8108,3413,9434,5468,6226
8983,8108,3413,3220,5104,3600
8983,8108,3413,1515,5522,7069
8983,8108,3413,3811,874,9818
8983,8108,3413,9693,562,9131
8983,8108,3413,9702,9230,8447
8983,8108,3413,2642,6645,5164
8983,8108,3413,6360,2046,3774
8983,8108,3413,146,4587,4159
8983,8108,3413,1979,5104,78
8983,8108,3413,5100,7048,9747
8983,8108,3413,9848,5242,9857
8983,8108,3413,439,6207,8454
8983,8108,3413,682,2665,7079
8983,8108,3413,7361,8910,9031
8983,8108,3413,7910,9591,9617
8983,8108,3413,7607,8702,4537
8983,8108,3413,4783,4673,9377
8983,8108,3413,2525,2864,7909
8983,8108,3413,5651,342,5702
8983,8108,3413,3241,7592,2989
8983,8108,3413,9909,9616,6141
8983,8108,3413,4130,3797,5667
8983,8108,3413,5807,4149,3204
8983,8108,3413,700,9823,3714
8983,8108,3413,5500,9192,9707
8983,8108,3413,9681,9360,9501
8983,8108,3413,9376,9354,2451
8983,8108,3413,9228,5533,6772
8983,8108,3413,394,7553,4833
8983,8108,3413,1994,1008,3303
8983,8108,3413,8865,9950,2162
8983,8108,3413,5107,2241,840
8983,8108,3413,4136,6746,5363
8983,8108,3413,5087,6439,4536
8983,8108,3413,4794,9834,922
8983,8108,3413,4938,389,9270
8983,8108,3413,1825,5649,1129
8983,8108,3413,3074,8729,8476
8983,8108,3413,5744,9679,4451
8983,8108,3413,939,9598,7604
8983,8108,3413,1435,6750,7702
8983,8108,3413,7764,3023,1725
8983,8108,3413,279,5412,6986
8983,8108,3413,4725,4511,4215
8983,8108,3413,3631,961,7960
8983,8108,3413,717,6165,9759
8983,8108,3413,5377,7839,6640
8983,8108,3413,9390,1363,4094
8983,8108,3413,185,1997,221
8983,8108,3413,6036,5185,7032
8983,8108,3413,4679,2130,430
8983,8108,3413,792,3068,3996
8983,8108,3413,9631,6832,9041
8983,8108,3413,4263,3356,4273
8983,8108,3413,1903,4994,297
8983,8108,3413,7166,4634,1178
8983,8108,3413,9312,6186,1583
8983,8108,3413,7860,8553,495
8983,8108,3413,4826,645,6652
8983,8108,3413,6625,9163,7237
8983,8108,3413,1079,8428,6552
8983,8108,3413,1003,984,5386
8983,8108,3413,250,8186,4994
8983,8108,3413,121,3828,5189
8983,8108,3413,7897,2289,8241
8983,8108,3413,9215,3271,1785
8983,8108,3413,897,7079,5690
8983,8108,3413,7436,7548,5001
8983,8108,3413,6506,767,285
8983,8108,3413,2128,8312,5121
8983,8108,3413,3510,3277,8036
8983,8108,3413,1080,1209,3542
8983,8108,3413,5204,3357,710
8983,8108,3413,9940,1123,9276
8983,8108,3413,3952,1053,804
8983,8108,3413,1378,3381,868
8983,8108,3413,4926,1254,9879
8983,8108,3413,494,5483,4496
8983,8108,3413,9191,1499,4330
8983,8108,3413,8501,3907,6376
8983,8108,3413,3473,5347,2415
8983,8108,3413,2372,8701,3593
8983,8108,3413,9998,9702,728
8983,8108,3413,5687,5886,948
8983,8108,3413,5905,9061,5218
8983,8108,3413,1540,8708,7214
8983,8108,3413,8459,3505,9462
8983,8108,3413,237,8711,2197
8983,8108,3413,21,2378,8692
8983,8108,3413,4220,6442,7461
8983,8108,3413,3009,541,9828
8983,8108,3413,6468,2150,8037
8983,8108,3413,5415,9702,4950
8983,8108,3413,9205,907,422
8983,8108,3413,8112,8632,9763
8983,8108,3413,508,5718,4384
8983,8108,3413,4406,1553,8832
8983,8108,3413,8743,5727,9519
8983,8108,3413,7901,9430,4164
8983,8108,3413,8598,9800,6952
8983,8108,3413,4379,4724,5737
8983,8108,3413,6042,4511,4290
8983,8108,3413,8192,7012,5841
8983,8108,3413,6812,7859,4280
8983,8108,3413,7218,1644,4109
8983,8108,3413,5851,386,796
8983,8108,3413,9086,2211,9617
8983,8108,3413,6995,9890,3449
8983,8108,3413,9668,132,8430
8983,8108,3413,2076,3050,5107
8983,8108,3413,3021,7385,2644
8983,8108,3413,5974,6504,4975
8983,8108,3413,7371,6069,3355
8983,8108,3413,3578,8686,3403
8983,8108,3413,6968,1261,2985
8983,8108,3413,8531,995,3623
8983,8108,3413,768,2419,7218
8983,8108,3413,2683,3333,900
8983,8108,3413,4477,8873,2230
8983,8108,3413,7407,3428,5213
8983,8108,3413,1414,1399,5371
8983,8108,3413,4022,788,4566
8983,8108,3413,9229,7851,6265
8983,8108,3413,7700,3420,404
8983,8108,3413,3477,2485,5762
8983,8108,3413,390,1801,6644
8983,8108,3413,835,6376,6093
8983,8108,3413,912,6444,5029
8983,8108,3413,7015,5093,229
8983,8108,3413,5984,3651,1231
8983,8108,3413,8364,41,8633
8983,8108,3413,7828,1587,5313
8983,8108,3413,8335,3434,7993
8983,8108,3413,8771,3699,8212
8983,8108,3413,8811,5772,3668
8983,8108,3413,692,4265,7734
8983,8108,3413,4008,8517,1738
8983,8108,3413,6964,8545,4804
8983,8108,3413,7482,8810,8039
8983,8108,3413,9612,1762,6594
8983,8108,3413,4280,9196,1781
8983,8108,3413,2289,8502,5469
8983,8108,3413,1558,6566,5923
8983,8108,3413,7244,1963,3005
8983,8108,3413,6291,6355,5130
8983,8108,3413,5976,2428,3134
8983,8108,3413,9977,8531,5426
8983,8108,3413,486,2103,3160
8983,8108,3413,3420,2256,6384
8983,8108,3413,6911,8113,1953
8983,8108,3413,8167,9021,5030
8983,8108,3413,3005,5350,3602
8983,8108,3413,3372,2992,5692
8983,8108,3413,1541,4708,1986
8983,8108,3413,6372,5246,6938
8983,8108,3413,6158,4853,861
8983,8108,3413,7734,3093,3494
8983,8108,3413,9704,3070,1285
8983,8108,3413,4931,1442,5019
8983,8108,3413,2088,5254,766
8983,8108,3413,9964,7138,4280
8983,8108,3413,2269,1121,1004
8983,8108,3413,1210,9024,1142
8983,8108,3413,8978,6500,437
8983,8108,3413,9817,7279,2658
8983,8108,3413,9187,9522,8595
8983,8108,3413,7087,1589,8777
8983,8108,3413,1804,4050,2150
8983,8108,3413,8800,6869,7167
8983,8108,3413,1478,7366,4730
8983,8108,3413,2575,8737,1127
8983,8108,3413,2179,8632,2314
8983,8108,3413,2219,7211,8939
8983,8108,3413,3157,5256,4477
8983,8108,3413,4585,4726,4496
8983,8108,3413,2278,7609,8853
8983,8108,3413,7679,4385,8494
8983,8108,3413,961,1675,8466
8983,8108,3413,7292,8167,3190
8983,8108,3413,4848,3696,5454
8983,8108,3413,9033,8637,5472
8983,8108,3413,3180,2790,3529
8983,8108,3413,5953,6603,5571
8983,8108,3413,9980,8138,261
8983,8108,3413,9989,6720,7915
8983,8108,3413,5435,200,1355
8983,8108,3413,5190,181,8284
8983,8108,3413,9953,4432,4098
8983,8108,3413,8954,626,4053
8983,8108,3413,1894,7337,4865
8983,8108,3413,2065,8101,8472
8983,8108,3413,1234,5114,981
8983,8108,3413,5440,6782,3121
8983,8108,3413,2325,141,4748
8983,8108,3413,8783,4102,6297
8983,8108,3413,8440,9804,9057
8983,8108,3413,3052,9865,7382
8983,8108,3413,2198,6532,998
8983,8108,3413,5580,1685,179
8983,8108,3413,8038,8135,3520
8983,8108,3413,4880,7793,6179
8983,8108,3413,6175,9138,5331
8983,8108,3413,6204,318,5533
8983,8108,3413,3667,4283,1527
8983,8108,3413,7281,2070,2878
8983,8108,3413,2815,8645,6204
8983,8108,3413,3121,8000,6521
8983,8108,3413,5349,8770,3826
8983,8108,3413,636,7856,459
8983,8108,3413,5437,9909,5521
8983,8108,3413,759,322,5493
8983,8108,3413,1947,1783,2943
8983,8108,3413,3456,8688,6085
8983,8108,3413,9808,9776,4815
8983,8108,3413,4801,5393,9941
8983,8108,3413,1908,8969,6765
8983,8108,3413,2390,8960,2724
8983,8108,3413,2183,986,9922
8983,8108,3413,3393,8145,9997
8983,8108,3413,6592,1286,5628
8983,8108,3413,1391,3107,5899
8983,8108,3413,4425,1534,9995
8983,8108,3413,3095,9972,3926
8983,8108,3413,425,4984,8499
8983,8108,3413,8252,6298,4370
8983,8108,3413,6738,4892,8898
8983,8108,3413,6107,6017,3227
8983,8108,3413,6371,5980,4096
8983,8108,3413,2261,4562,4261
8983,8108,3413,5805,6215,9742
8983,8108,3413,7879,1342,7292
8983,8108,3413,298,1501,7379
8983,8108,3413,8615,7768,1509
8983,8108,3413,7151,2781,9511
8983,8108,3413,6665,2553,8694
8983,8108,3413,4393,8976,9218
8983,8108,3413,8390,324,657
8983,8108,3413,9734,7181,6593
8983,8108,3413,3659,5787,3741
8983,8108,3413,4872,4333,3444
8983,8108,3413,3558,6806,9206
8983,8108,3413,9845,2932,2214
8983,8108,3413,4808,676,1771
8983,8108,3413,252,1916,5717
8983,8108,3413,8497,1946,8058
8983,8108,3413,8178,4998,3815
8983,8108,3413,7697,3963,8077
8983,8108,3413,8628,1199,3811
8983,8108,3413,5913,1379,1377
8983,8108,3413,8532,1270,6298
8983,8108,3413,5287,2341,9819
8983,8108,3413,5750,5444,1905
8983,8108,3413,3317,2299,6818
8983,8108,3413,2804,2819,2720
8983,8108,3413,4341,2735,4663
8983,8108,3413,4940,2827,7208
8983,8108,3413,4432,7713,3736
8983,8108,3413,3722,2357,7676
8983,8108,3413,7635,723,1775
8983,8108,3413,6317,2492,6594
8983,8108,3413,47,1110,3417
8983,8108,3413,9906,8781,1039
8983,8108,3413,1986,563,3764
8983,8108,3413,8784,5449,2217
8983,8108,3413,9290,3624,9954
8983,8108,3413,9662,1108,1639
8983,8108,3413,6859,2975,2907
8983,8108,3413,6820,7078,4429
8983,8108,3413,3069,5438,551
8983,8108,3413,3011,3281,8392
8983,8108,3413,161,7973,4251
8983,8108,3413,7790,5781,3857
8983,8108,3413,5243,9140,6123
8983,8108,3413,8285,9697,3398
8983,8108,3413,2,9310,7776
8983,8108,3413,2657,5927,4826
8983,8108,3413,3860,5295,3666
8983,8108,3413,1277,5412,4379
8983,8108,3413,1356,8084,4539
8983,8108,3413,9942,181,8977
8983,8108,3413,7382,9469,9005
8983,8108,3413,4930,4885,5699
8983,8108,3413,5339,7882,3018
8983,8108,3413,7317,8118,6201
8983,8108,3413,5743,2754,8635
8983,8108,3413,1855,5346,5968
8983,8108,3413,6536,9685,877
8983,8108,3413,3993,9265,541
8983,8108,3413,4216,7291,4518
8983,8108,3413,7887,9175,4554
8983,8108,3413,5908,7700,6477
8983,8108,3413,3372,3472,6893
8983,8108,3413,4155,10000,5551
8983,8108,3413,4279,5483,2069
8983,8108,3413,3586,4186,9674
8983,8108,3413,5505,1740,4051
8983,8108,3413,6727,4362,7708
8983,8108,3413,4691,6624,5599
8983,8108,3413,9120,6806,1464
8983,8108,3413,5192,4771,9579
8983,8108,3413,8075,7647,7240
8983,8108,3413,4901,857,1536
8983,8108,3413,6894,4518,8873
8983,8108,3413,786,8291,2981
8983,8108,3413,2053,7615,3797
8983,8108,3413,4087,2111,7285
8983,8108,3413,8351,5502,1710
8983,8108,3413,2207,2419,3542
8983,8108,3413,4572,328,2697
8983,8108,3413,1721,8444,3294
8983,8108,3413,3854,8559,3073
8983,8108,3413,5099,3459,6253
8983,8108,3413,8620,7936,8613
8983,8108,3413,9361,3897,2166
8983,8108,3413,4442,2682,4267
8983,8108,3413,4007,3754,7037
8983,8108,3413,3257,3869,590
8983,8108,3413,8419,2657,7955
8983,8108,3413,8178,1059,706
8983,8108,3413,4610,8435,4777
8983,8108,3413,4639,6702,9911
8983,8108,3413,465,3501,1498
8983,8108,3413,9057,168,6121
8983,8108,3413,9643,7183,4409
8983,8108,3413,3533,8003,4588
8983,8108,3413,9698,4266,5029
8983,8108,3413,9567,8233,5662
8983,8108,3413,4560,1154,2591
8983,8108,3413,2210,4265,9953
8983,8108,3413,5428,7402,1200
8983,8108,3413,1205,9126,5630
8983,8108,3413,7396,3074,8914
8983,8108,3413,3313,4197,6469
8983,8108,3413,6966,507,691
8983,8108,3413,7053,7288,3758
8983,8108,3413,2219,212,7852
8983,8108,3413,6402,7363,8985
8983,8108,3413,2852,485,1353
8983,8108,3413,1000,8294,324
8983,8108,3413,2224,8429,5147
8983,8108,3413,5852,594,4510
8983,8108,3413,6751,4288,5935
8983,8108,3413,8795,4534,7537
8983,8108,3413,9567,1658,5342
8983,8108,3413,8474,7249,6996
8983,8108,3413,5400,7300,865
8983,8108,3413,394,6893,8808
8983,8108,3413,6804,5559,5906
8983,8108,3413,5215,1559,2509
8983,8108,3413,5092,2296,2700
8983,8108,3413,2632,6520,7800
8983,8108,3413,3585,8418,9674
8983,8108,3413,1904,2596,342
8983,8108,3413,2241,6634,2916
8983,8108,3413,231,7385,5719
8983,8108,3413,5021,2314,2368
8983,8108,3413,1408,3635,3626
8983,8108,3413,7910,8085,7122
8983,8108,3413,3002,1863,8669
8983,8108,3413,2968,8256,7215
8983,8108,3413,415,3948,7873
8983,8108,3413,5362,423,8059
8983,8108,3413,8981,1574,6933
8983,8108,3413,2928,8773,3050
8983,8108,3413,5870,4137,3951
8983,8108,3413,7667,6163,4722
8983,8108,3413,3902,4264,2005
8983,8108,3413,9026,6193,5899
8983,8108,3413,4240,5960,8286
8983,8108,3413,3102,4725,8163
8983,8108,3413,640,3753,9369
8983,8108,3413,3420,2672,4634
8983,8108,3413,8068,186,4484
8983,8108,3413,8701,2575,889
8983,8108,3413,7249,5194,4757
8983,8108,3413,1596,8078,4100
8983,8108,3413,2941,7333,3515
8983,8108,3413,7414,3767,308
8983,8108,3413,3234,8260,9547
8983,8108,3413,939,6306,8
8983,8108,3413,4715,5681,4187
8983,8108,3413,8940,8196,1992
8983,8108,3413,1795,1401,7430
8983,8108,3413,133,8859,3633
8983,8108,3413,4444,4232,7636
8983,8108,3413,1161,2874,9043
8983,8108,3413,5578,9638,2396
8983,8108,3413,5266,9150,5714
8983,8108,3413,6587,6220,4498
8983,8108,3413,9370,3319,8777
8983,8108,3413,49,184,6374
8983,8108,3413,8175,8411,5898
8983,8108,3413,9252,1621,9631
8983,8108,3413,7071,1457,3242
8983,8108,3413,4860,9126,7846
8983,8108,3413,6896,1747,1587
8983,8108,3413,1935,248,4321
8983,8108,3413,1141,3371,5770
8983,8108,3413,2313,9519,2567
8983,8108,3413,2182,328,1069
8983,8108,3413,7384,8626,2039
8983,8108,3413,9018,81,1727
8983,8108,3413,2267,7230,8601
8983,8108,3413,6487,2913,966
8983,8108,3413,1303,3294,8243
8983,8108,3413,5099,822,3147
8983,8108,3413,9473,6141,5617
8983,8108,3413,9613,4954,2616
8983,8108,3413,9209,9949,5391
8983,8108,3413,6483,8032,51
8983,8108,3413,188,6006,2860
8983,8108,3413,1965,4799,7205
8983,8108,3413,9815,1098,3790
8983,8108,3413,2599,6373,2964
8983,8108,3413,5963,8262,9440
8983,8108,3413,4765,8174,8936
8983,8108,3413,2517,6278,1258
8983,8108,3413,3719,5914,8345
8983,8108,3413,4430,1000,7506
8983,8108,3413,1852,8469,5852
8983,8108,3413,671,1348,2495
8983,8108,3413,6593,9791,4548
8983,8108,3413,3693,5602,6473
8983,8108,3413,7488,9933,3948
8983,8108,3413,9633,8761,7701
8983,8108,3413,9396,3779,4999
8983,8108,3413,7258,3252,6989
8983,8108,3413,132,8845,8260
8983,8108,3413,1281,3373,8344
8983,8108,3413,3093,9333,5647
8983,8108,3413,7616,7434,1706
8983,8108,3413,7932,3755,7111
8983,8108,3413,7298,2455,9845
8983,8108,3413,9696,813,3015
8983,8108,3413,2962,3383,93
8983,8108,3413,4129,896,5704
8983,8108,3413,3243,6175,1633
8983,8108,3413,3736,9409,7353
8983,8108,3413,8986,6316,1309
8983,8108,3413,3994,1362,6115
8983,8108,3413,8079,2563,6937
8983,8108,3413,2368,3182,6450
8983,8108,3413,3321,356,4137
8983,8108,3413,1574,4363,605
8983,8108,3413,6329,6650,3540
8983,8108,3413,5468,9466,2526
8983,8108,3413,5642,4373,4051
8983,8108,3413,7473,2542,7980
8983,8108,3413,8501,6131,1108
8983,8108,3413,6725,5627,153
8983,8108,3413,6968,8324,9128
8983,8108,3413,3749,2096,1023
8983,8108,3413,4601,9949,9618
8983,8108,3413,9294,1935,5498
8983,8108,3413,3726,6000,7109
8983,8108,3413,8215,1723,2181
8983,8108,3413,9638,8453,8292
8983,8108,3413,3143,4503,2716
8983,8108,3413,5809,4092,9202
8983,8108,3413,8289,2563,7709
8983,8108,3413,8266,4959,6957
8983,8108,3413,2191,1317,7527
8983,8108,3413,2199,6215,373
8983,8108,3413,1086,113,2465
8983,8108,3413,4511,7933,4308
8983,8108,3413,4809,8389,314
8983,8108,3413,8675,912,6467
8983,8108,3413,6115,5708,7571
8983,8108,3413,8039,6566,9566
8983,8108,3413,7077,8331,2049
8983,8108,3413,7521,5009,3795
8983,8108,3413,2636,4564,7336
8983,8108,3413,8155,9025,3944
8983,8108,3413,2183,4436,8196
8983,8108,3413,2470,9802,9884
8983,8108,3413,3520,9150,3209
8983,8108,3413,2589,3742,7656
8983,8108,3413,6491,278,2024
8983,8108,3413,3894,4506,3423
8983,8108,3413,1074,3118,8219
8983,8108,3413,1554,4262,8067
8983,8108,3413,4996,5689,2288
8983,8108,3413,3808,918,9732
8983,8108,3413,8803,5504,7821
8983,8108,3413,21,515,4836
8983,8108,3413,4641,1594,7779
8983,8108,3413,9267,1179,5083
8983,8108,3413,10,4957,6258
8983,8108,3413,3202,5970,5460
8983,8108,3413,581,9474,9715
8983,8108,3413,9740,9290,4439
8983,8108,3413,3014,22,9098
8983,8108,3413,6468,9843,9242
8983,8108,3413,6424,873,8186
8983,8108,3413,1591,2408,894
8983,8108,3413,862,55,6927
8983,8108,3413,6245,846,6400
8983,8108,3413,8955,7619,7363
8983,8108,3413,5989,6715,9199
8983,8108,3413,2700,6579,5846
8983,8108,3413,3881,408,6001
