2764,3658,9325,7713,7430,5219
2764,3658,9325,4742,6484,9132
2764,3658,9325,1481,5066,5657
2764,3658,9325,9964,1876,1917
2764,3658,9325,7536,6961,1712
2764,3658,9325,5786,7200,3446
2764,3658,9325,6447,7028,6689
2764,3658,9325,416,8298,4963
2764,3658,9325,7140,3122,726
2764,3658,9325,5240,4015,1805
2764,3658,9325,6258,59,6432
2764,3658,9325,1636,4190,4724
2764,3658,9325,8493,268,2817
2764,3658,9325,286,9725,3160
2764,3658,9325,191,3803,4064
2764,3658,9325,9250,6544,2089
2764,3658,9325,8510,4493,4609
2764,3658,9325,7548,9620,6269
2764,3658,9325,3385,2214,3064
2764,3658,9325,5536,6116,3125
2764,3658,9325,4803,4660,1429
2764,3658,9325,7897,3896,2534
2764,3658,9325,9708,9455,4807
2764,3658,9325,5325,3148,1058
2764,3658,9325,1125,5959,1319
2764,3658,9325,4679,1738,3866
2764,3658,9325,8676,404,985
2764,3658,9325,766,7191,8919
2764,3658,9325,3493,265,8021
2764,3658,9325,5735,8883,9844
2764,3658,9325,2929,4270,4369
2764,3658,9325,7459,7023,5622
2764,3658,9325,7290,8884,6129
2764,3658,9325,5738,2681,3218
2764,3658,9325,6055,8523,416
2764,3658,9325,4320,8001,1885
2764,3658,9325,4734,4519,2037
2764,3658,9325,4937,3651,8141
2764,3658,9325,6800,7191,5699
2764,3658,9325,3580,4173,9375
2764,3658,9325,1472,628,9668
2764,3658,9325,2815,6,6213
2764,3658,9325,9065,5300,615
2764,3658,9325,1022,2767,1959
2764,3658,9325,6449,3687,6026
2764,3658,9325,1074,7299,757
2764,3658,9325,352,2231,8803
2764,3658,9325,9106,8542,2602
2764,3658,9325,2754,9762,5793
2764,3658,9325,8332,1068,4444
2764,3658,9325,4119,4234,7389
2764,3658,9325,3569,8437,4269
2764,3658,9325,7845,1745,7947
2764,3658,9325,475,7765,7493
2764,3658,9325,6960,9546,5882
2764,3658,9325,9001,6597,840
2764,3658,9325,9957,9298,7512
2764,3658,9325,1184,8496,8824
2764,3658,9325,8460,3982,5203
2764,3658,9325,8251,6628,6961
2764,3658,9325,7813,8819,1387
2764,3658,9325,9028,1943,9688
2764,3658,9325,8792,1022,3492
2764,3658,9325,2866,8371,8417
2764,3658,9325,461,839,470
2764,3658,9325,5438,5708,3008
2764,3658,9325,1776,7620,6451
2764,3658,9325,5754,1348,8734
2764,3658,9325,6466,3236,1665
2764,3658,9325,1449,1144,1541
2764,3658,9325,4148,7933,3990
2764,3658,9325,3783,5165,9754
2764,3658,9325,1093,9486,5486
2764,3658,9325,6877,7681,4974
2764,3658,9325,9083,3021,2091
2764,3658,9325,3779,5034,315
2764,3658,9325,9963,2076,5427
2764,3658,9325,738,9602,8381
2764,3658,9325,4574,4720,8231
2764,3658,9325,8004,4314,569
2764,3658,9325,1542,1235,4236
2764,3658,9325,9532,4680,825
2764,3658,9325,8303,4210,7287
2764,3658,9325,3032,8927,727
2764,3658,9325,5382,636,2222
2764,3658,9325,8444,1803,2374
2764,3658,9325,9367,4308,9652
2764,3658,9325,9351,2843,4841
2764,3658,9325,1765,9525,7693
2764,3658,9325,1640,3622,3469
2764,3658,9325,5608,4070,1374
2764,3658,9325,5978,4399,9519
2764,3658,9325,3224,9686,2808
2764,3658,9325,3658,4590,9654
2764,3658,9325,1701,9540,1292
2764,3658,9325,6952,9507,1223
2764,3658,9325,5568,1750,6398
2764,3658,9325,9531,2815,4638
2764,3658,9325,4895,2517,9865
2764,3658,9325,4126,6023,9660
2764,3658,9325,1246,8562,6961
2764,3658,9325,7720,9977,7044
2764,3658,9325,6128,4940,6696
2764,3658,9325,6418,8159,7964
2764,3658,9325,4830,3554,4560
2764,3658,9325,3726,6638,3821
2764,3658,9325,190,8533,3195
2764,3658,9325,5566,2748,400
2764,3658,9325,340,5744,6236
2764,3658,9325,6550,4343,1376
2764,3658,9325,3113,954,2866
2764,3658,9325,453,5368,426
2764,3658,9325,5938,7874,7016
2764,3658,9325,5872,6226,6616
2764,3658,9325,9250,2787,9193
2764,3658,9325,6114,3878,8289
2764,3658,9325,7442,4395,6646
2764,3658,9325,614,9871,1273
2764,3658,9325,6574,8334,2013
2764,3658,9325,7876,2046,1155
2764,3658,9325,2469,7833,3160
2764,3658,9325,3039,7847,609
2764,3658,9325,1028,6760,217
2764,3658,9325,8264,9271,8609
2764,3658,9325,1556,8251,6873
2764,3658,9325,5354,8976,4900
2764,3658,9325,3169,8797,2544
2764,3658,9325,6712,9861,1489
2764,3658,9325,5006,2368,1967
2764,3658,9325,4209,486,6374
2764,3658,9325,5325,7163,390
2764,3658,9325,1533,6864,8176
2764,3658,9325,2918,4148,7029
2764,3658,9325,7491,4100,61
2764,3658,9325,3370,6025,6430
2764,3658,9325,5348,8421,3630
2764,3658,9325,2879,3662,394
2764,3658,9325,4227,9264,5866
2764,3658,9325,3619,6015,1008
2764,3658,9325,6710,6039,1994
2764,3658,9325,5191,7510,5943
2764,3658,9325,9706,898,4034
2764,3658,9325,5705,8244,2796
2764,3658,9325,5881,4349,1194
2764,3658,9325,484,6439,5959
2764,3658,9325,3066,64,5603
2764,3658,9325,9451,6257,988
2764,3658,9325,3947,3941,28
2764,3658,9325,4493,2537,2935
2764,3658,9325,2266,8289,9397
2764,3658,9325,2842,4442,2301
2764,3658,9325,5054,8089,2024
2764,3658,9325,8079,1301,7802
2764,3658,9325,9228,9931,8295
2764,3658,9325,8929,2801,290
2764,3658,9325,7267,8282,5886
2764,3658,9325,4869,5596,6845
2764,3658,9325,8033,8839,1722
2764,3658,9325,7616,9405,5893
2764,3658,9325,3645,4391,4005
2764,3658,9325,1257,1703,2936
2764,3658,9325,3474,319,5991
2764,3658,9325,9771,7159,332
2764,3658,9325,354,5415,9786
2764,3658,9325,2663,1900,7596
2764,3658,9325,8878,4366,7786
2764,3658,9325,9145,2874,5134
2764,3658,9325,8864,3919,765
2764,3658,9325,321,9137,9707
2764,3658,9325,9157,6850,7480
2764,3658,9325,2097,7971,4103
2764,3658,9325,253,6835,9124
2764,3658,9325,58,8482,7971
2764,3658,9325,6050,6247,6932
2764,3658,9325,5116,6493,4674
2764,3658,9325,6440,59,5259
2764,3658,9325,1587,2590,3813
2764,3658,9325,9334,9516,5886
2764,3658,9325,9274,6145,6354
2764,3658,9325,8061,1364,9126
2764,3658,9325,7800,5284,5575
2764,3658,9325,4496,9411,5508
2764,3658,9325,7335,8830,9466
2764,3658,9325,3574,8306,8
2764,3658,9325,5611,9985,9894
2764,3658,9325,1798,9598,8781
2764,3658,9325,7916,7100,300
2764,3658,9325,9373,1751,2968
2764,3658,9325,8816,3696,45
2764,3658,9325,8591,8870,9560
2764,3658,9325,3349,8647,7511
2764,3658,9325,6234,6180,4814
2764,3658,9325,6852,8313,8679
2764,3658,9325,8537,6352,1324
2764,3658,9325,7382,7427,8669
2764,3658,9325,5032,2260,5128
2764,3658,9325,8012,6268,7558
2764,3658,9325,8826,277,5832
2764,3658,9325,2747,1936,6756
2764,3658,9325,9566,4009,4437
2764,3658,9325,568,4336,2105
2764,3658,9325,4445,2874,6702
2764,3658,9325,1443,7663,2572
2764,3658,9325,84,3008,1997
2764,3658,9325,4608,9581,3405
2764,3658,9325,260,6997,1108
2764,3658,9325,6357,7282,5279
2764,3658,9325,1086,3030,3545
2764,3658,9325,8294,1736,2948
2764,3658,9325,2356,83,1065
2764,3658,9325,968,6772,4599
2764,3658,9325,5600,6359,9565
2764,3658,9325,1393,1563,1191
2764,3658,9325,7977,3745,5665
2764,3658,9325,934,782,1561
2764,3658,9325,6100,4384,3955
2764,3658,9325,2901,890,8898
2764,3658,9325,6320,384,75
2764,3658,9325,3095,3171,8255
2764,3658,9325,5514,2533,5424
2764,3658,9325,6562,3449,7318
2764,3658,9325,4179,1068,740
2764,3658,9325,881,5411,8377
2764,3658,9325,3593,5878,1345
2764,3658,9325,6555,1964,3989
2764,3658,9325,4663,178,5491
2764,3658,9325,3488,3621,1520
2764,3658,9325,890,8819,3500
2764,3658,9325,9162,8006,399
2764,3658,9325,5835,6309,7082
2764,3658,9325,5448,4769,5240
2764,3658,9325,1253,6369,12
2764,3658,9325,4574,29,7550
2764,3658,9325,6677,6820,3247
2764,3658,9325,5636,9778,7988
2764,3658,9325,1442,5795,7018
2764,3658,9325,5657,1641,1728
2764,3658,9325,9053,5772,2954
2764,3658,9325,1457,7768,9594
2764,3658,9325,9252,5915,1842
2764,3658,9325,9432,2746,4299
2764,3658,9325,4795,5975,9373
2764,3658,9325,3209,5003,6110
2764,3658,9325,8165,8952,469
2764,3658,9325,7963,4671,7226
2764,3658,9325,5386,3209,5965
2764,3658,9325,1602,8741,6857
2764,3658,9325,7424,241,3039
2764,3658,9325,2915,5833,7113
2764,3658,9325,5395,3651,4289
2764,3658,9325,9025,6943,72
2764,3658,9325,3118,9475,6816
2764,3658,9325,2317,4037,9647
2764,3658,9325,7453,890,8797
2764,3658,9325,8224,8619,3174
2764,3658,9325,5326,4925,4005
2764,3658,9325,5951,4147,5466
2764,3658,9325,5801,5359,7435
2764,3658,9325,9878,394,9641
2764,3658,9325,8848,9542,2775
2764,3658,9325,9059,2450,5828
2764,3658,9325,5205,7517,7702
2764,3658,9325,4497,6167,4428
2764,3658,9325,9743,5843,8918
2764,3658,9325,2422,5152,9268
2764,3658,9325,1722,6222,1846
2764,3658,9325,1483,8102,9599
2764,3658,9325,8279,6855,8545
2764,3658,9325,6126,5854,2567
2764,3658,9325,5962,2024,2387
2764,3658,9325,9905,3292,5433
2764,3658,9325,272,5526,283
2764,3658,9325,9615,6799,7765
2764,3658,9325,5250,7027,5004
2764,3658,9325,5557,9630,8164
2764,3658,9325,2267,4277,4224
2764,3658,9325,9599,8431,5466
2764,3658,9325,9623,9417,5517
2764,3658,9325,590,3864,9321
2764,3658,9325,866,5387,9016
2764,3658,9325,8318,8632,3097
2764,3658,9325,6268,8984,1005
2764,3658,9325,720,5228,5051
2764,3658,9325,9027,7294,2656
2764,3658,9325,8161,4342,3475
2764,3658,9325,8333,1449,4521
2764,3658,9325,573,4469,8796
2764,3658,9325,6859,1609,1841
2764,3658,9325,7633,39,6233
2764,3658,9325,9889,2059,389
2764,3658,9325,6676,2048,9045
2764,3658,9325,4216,9250,5378
2764,3658,9325,796,2668,107
2764,3658,9325,8507,5690,3698
2764,3658,9325,8598,670,8386
2764,3658,9325,7739,3994,4022
2764,3658,9325,8235,180,7979
2764,3658,9325,8231,3865,416
2764,3658,9325,2457,4955,7212
2764,3658,9325,543,9407,3838
2764,3658,9325,833,3859,7026
2764,3658,9325,7014,3179,9886
2764,3658,9325,47,4820,7993
2764,3658,9325,2935,7244,738
2764,3658,9325,1325,3703,7446
2764,3658,9325,7775,6762,2789
2764,3658,9325,1007,3456,382
2764,3658,9325,9088,3344,6930
2764,3658,9325,4614,4835,9482
2764,3658,9325,2551,7699,563
2764,3658,9325,1795,8872,5728
2764,3658,9325,7189,8797,1650
2764,3658,9325,3784,1292,2387
2764,3658,9325,1730,8188,423
2764,3658,9325,1703,3043,5092
2764,3658,9325,5129,2811,3849
2764,3658,9325,197,2451,6700
2764,3658,9325,8918,8888,6277
2764,3658,9325,4538,9619,2008
2764,3658,9325,5302,6281,7225
2764,3658,9325,8388,3645,6313
2764,3658,9325,6255,5309,265
2764,3658,9325,2938,3267,2182
2764,3658,9325,8661,1161,3897
2764,3658,9325,4157,4967,5227
2764,3658,9325,3136,2352,4144
2764,3658,9325,6857,9293,9894
2764,3658,9325,1193,9479,9091
2764,3658,9325,1775,8443,1584
2764,3658,9325,3963,9682,1850
2764,3658,9325,755,7636,5998
2764,3658,9325,8605,1726,1128
2764,3658,9325,3603,356,9743
2764,3658,9325,4752,3447,8672
2764,3658,9325,756,2634,4469
2764,3658,9325,4283,561,2760
2764,3658,9325,751,7381,4815
2764,3658,9325,3604,6539,8301
2764,3658,9325,4143,2054,3013
2764,3658,9325,3395,501,5312
2764,3658,9325,7343,528,1232
2764,3658,9325,8748,6159,3151
2764,3658,9325,1966,9282,2840
2764,3658,9325,6676,2586,3446
2764,3658,9325,726,3344,3225
2764,3658,9325,3418,5693,8560
2764,3658,9325,1464,2865,2166
2764,3658,9325,9291,4358,6806
2764,3658,9325,4764,159,4149
2764,3658,9325,1102,7960,3446
2764,3658,9325,1060,9375,7806
2764,3658,9325,6480,4804,5665
2764,3658,9325,9398,4378,8907
2764,3658,9325,9389,3193,8423
2764,3658,9325,8841,9297,3037
2764,3658,9325,7610,3013,9224
2764,3658,9325,3013,1426,1088
2764,3658,9325,5806,4453,7899
2764,3658,9325,546,2193,5549
2764,3658,9325,4033,5603,8944
2764,3658,9325,8257,3642,9388
2764,3658,9325,2971,7794,7119
2764,3658,9325,2060,2013,3382
2764,3658,9325,4085,910,3023
2764,3658,9325,7987,1031,2689
2764,3658,9325,4504,6210,1438
2764,3658,9325,7290,543,8608
2764,3658,9325,999,9664,8520
2764,3658,9325,4015,1557,7815
2764,3658,9325,6825,2997,9429
2764,3658,9325,7376,3069,3758
2764,3658,9325,6384,4491,9487
2764,3658,9325,208,3975,9434
2764,3658,9325,4092,8305,7725
2764,3658,9325,9455,8263,3745
2764,3658,9325,4521,7270,3517
2764,3658,9325,1915,9872,2824
2764,3658,9325,2727,2257,3013
2764,3658,9325,3501,8411,7081
2764,3658,9325,4379,9705,9807
2764,3658,9325,7207,4776,2957
2764,3658,9325,8423,5258,3340
2764,3658,9325,4251,4546,1535
2764,3658,9325,4635,9307,3866
2764,3658,9325,4194,7110,8289
2764,3658,9325,8329,5714,5741
2764,3658,9325,101,224,3062
2764,3658,9325,6517,8467,8615
2764,3658,9325,7254,3717,2222
2764,3658,9325,9930,442,9152
2764,3658,9325,4831,482,5804
2764,3658,9325,49,6552,448
2764,3658,9325,1036,7770,1788
2764,3658,9325,4233,3953,7671
2764,3658,9325,8517,3423,1378
2764,3658,9325,8903,2526,4111
2764,3658,9325,4974,1640,7537
2764,3658,9325,8721,823,7911
2764,3658,9325,6341,950,5026
2764,3658,9325,9761,9756,9825
2764,3658,9325,5796,10,9243
2764,3658,9325,3337,3745,2818
2764,3658,9325,6020,5148,2826
2764,3658,9325,6585,2385,1380
2764,3658,9325,3379,7957,1390
2764,3658,9325,2595,3951,4699
2764,3658,9325,7334,8497,1039
2764,3658,9325,3988,4661,5867
2764,3658,9325,2047,9466,7554
2764,3658,9325,5484,1038,6478
2764,3658,9325,8949,3882,14
2764,3658,9325,9643,3925,1720
2764,3658,9325,6387,9171,7123
2764,3658,9325,4129,4804,669
2764,3658,9325,3232,870,9254
2764,3658,9325,1149,5780,9397
2764,3658,9325,8545,2297,1945
2764,3658,9325,5366,6832,8633
2764,3658,9325,9113,7155,6431
2764,3658,9325,3359,3380,7373
2764,3658,9325,6946,709,1032
2764,3658,9325,1259,8739,1351
2764,3658,9325,5463,9657,5130
2764,3658,9325,8857,5393,4210
2764,3658,9325,2804,334,194
2764,3658,9325,5460,1351,3458
2764,3658,9325,1178,3345,8561
2764,3658,9325,9930,1906,2833
2764,3658,9325,6193,6227,6530
2764,3658,9325,3561,4078,4501
2764,3658,9325,5289,7990,518
2764,3658,9325,6923,5462,2753
2764,3658,9325,1864,5658,4011
2764,3658,9325,4060,7421,6668
2764,3658,9325,3914,4461,2228
2764,3658,9325,96,5257,2766
2764,3658,9325,5886,579,2289
2764,3658,9325,1604,1249,3831
2764,3658,9325,8303,93,3772
2764,3658,9325,7479,2371,9259
2764,3658,9325,9293,4107,435
2764,3658,9325,5319,6694,5416
2764,3658,9325,4605,5293,7752
2764,3658,9325,4502,4414,6685
2764,3658,9325,2848,5878,5498
2764,3658,9325,2409,1866,9978
2764,3658,9325,9902,2496,5389
2764,3658,9325,9175,68,5057
2764,3658,9325,2414,1725,8156
2764,3658,9325,3898,1483,6350
2764,3658,9325,4283,8174,9372
2764,3658,9325,1351,1679,7989
2764,3658,9325,5045,4905,3133
2764,3658,9325,9291,1485,5073
2764,3658,9325,5720,7563,72
2764,3658,9325,6557,6157,8185
2764,3658,9325,9661,428,2398
2764,3658,9325,7572,3591,262
2764,3658,9325,1458,142,3171
2764,3658,9325,8058,1816,7550
2764,3658,9325,3301,5912,2998
2764,3658,9325,9224,3931,1565
2764,3658,9325,8473,7212,4849
2764,3658,9325,8268,6857,5742
2764,3658,9325,9698,5571,1683
2764,3658,9325,7887,7691,546
2764,3658,9325,1894,7328,8678
2764,3658,9325,3494,7803,5197
2764,3658,9325,8370,4068,5795
2764,3658,9325,1709,9728,1343
2764,3658,9325,7205,1992,7714
2764,3658,9325,5088,7010,2567
2764,3658,9325,7090,4653,4712
2764,3658,9325,6974,5768,5125
2764,3658,9325,8422,7260,522
2764,3658,9325,3326,738,8988
2764,3658,9325,7018,9157,8958
2764,3658,9325,9080,721,9260
2764,3658,9325,8621,8315,9712
2764,3658,9325,2964,5316,3004
2764,3658,9325,1694,7866,2125
2764,3658,9325,2352,9306,513
2764,3658,9325,8238,4544,6941
2764,3658,9325,1137,8250,5357
2764,3658,9325,8313,4048,3532
2764,3658,9325,2892,4718,7791
2764,3658,9325,3729,7519,2321
2764,3658,9325,7228,7690,8748
2764,3658,9325,154,4717,1125
2764,3658,9325,2964,2507,6178
2764,3658,9325,8811,3431,4777
2764,3658,9325,4237,188,5792
2764,3658,9325,5036,6035,7938
2764,3658,9325,3609,5435,7353
2764,3658,9325,1983,8722,3131
2764,3658,9325,1603,1877,8527
2764,3658,9325,554,3749,7583
2764,3658,9325,2129,3770,4810
2764,3658,9325,1711,2592,1030
2764,3658,9325,7126,8327,1428
2764,3658,9325,1898,3940,1813
2764,3658,9325,714,5246,8197
2764,3658,9325,6686,4814,9377
2764,3658,9325,1355,3600,3887
2764,3658,9325,8005,5018,6885
2764,3658,9325,7812,6858,9948
2764,3658,9325,2900,5391,6624
2764,3658,9325,3989,4578,3108
2764,3658,9325,2438,1395,7474
2764,3658,9325,9742,6322,5191
