5130,6506,9733,7089,9827,8464
5130,6506,9733,1419,6240,268
5130,6506,9733,4201,3131,3349
5130,6506,9733,9865,6988,1457
5130,6506,9733,5074,7266,3175
5130,6506,9733,8874,1545,466
5130,6506,9733,3676,4108,9420
5130,6506,9733,3057,314,50
5130,6506,9733,4892,4206,3960
5130,6506,9733,8883,9538,8762
5130,6506,9733,4505,7369,8223
5130,6506,9733,191,8091,63
5130,6506,9733,1189,7759,5506
5130,6506,9733,5458,648,9880
5130,6506,9733,9535,2423,1600
5130,6506,9733,8747,871,8697
5130,6506,9733,4770,6596,6293
5130,6506,9733,3509,3671,9930
5130,6506,9733,7721,3398,1213
5130,6506,9733,8506,8885,2240
5130,6506,9733,2373,2828,8724
5130,6506,9733,3701,6189,3962
5130,6506,9733,4694,5995,5531
5130,6506,9733,2549,9985,2041
5130,6506,9733,6335,3209,8911
5130,6506,9733,3000,6358,3822
5130,6506,9733,2724,6664,3468
5130,6506,9733,9839,1978,7652
5130,6506,9733,6456,2574,8632
5130,6506,9733,7874,2139,5401
5130,6506,9733,4709,7145,178
5130,6506,9733,2280,2958,2262
5130,6506,9733,2712,9564,5364
5130,6506,9733,4155,4091,3770
5130,6506,9733,371,6067,8093
5130,6506,9733,6140,2182,4630
5130,6506,9733,7648,571,9179
5130,6506,9733,2749,8692,6975
5130,6506,9733,7529,8200,8563
5130,6506,9733,4053,1486,5710
5130,6506,9733,920,1893,9521
5130,6506,9733,3872,4297,3357
5130,6506,9733,2444,8643,6881
5130,6506,9733,600,3025,1005
5130,6506,9733,810,8499,1259
5130,6506,9733,6606,7807,1815
5130,6506,9733,1132,5041,8707
5130,6506,9733,4222,6111,5797
5130,6506,9733,8851,9903,3993
5130,6506,9733,7417,8073,5022
5130,6506,9733,1681,4010,9756
5130,6506,9733,8639,9830,7623
5130,6506,9733,8223,3788,6990
5130,6506,9733,9526,5229,3454
5130,6506,9733,7673,7794,5333
5130,6506,9733,8930,5700,1687
5130,6506,9733,9469,8019,996
5130,6506,9733,8936,1931,9537
5130,6506,9733,610,9081,154
5130,6506,9733,9455,3498,1496
5130,6506,9733,9749,5857,8060
5130,6506,9733,1391,8788,8550
5130,6506,9733,1177,8328,6184
5130,6506,9733,4156,5887,593
5130,6506,9733,4534,2980,2938
5130,6506,9733,6083,2605,5127
5130,6506,9733,5740,654,5875
5130,6506,9733,9029,2491,4451
5130,6506,9733,9205,1926,5135
5130,6506,9733,6216,2961,5407
5130,6506,9733,7837,9343,1452
5130,6506,9733,9151,9476,78
5130,6506,9733,6252,8066,8987
5130,6506,9733,7768,729,7952
5130,6506,9733,7324,8790,6658
5130,6506,9733,3794,6254,9487
5130,6506,9733,7020,4506,242
5130,6506,9733,2163,7445,8939
5130,6506,9733,1316,9838,2268
5130,6506,9733,4771,9295,4562
5130,6506,9733,7916,5214,6525
5130,6506,9733,198,8007,5366
5130,6506,9733,3437,6250,3931
5130,6506,9733,2507,8710,7668
5130,6506,9733,8686,1251,2676
5130,6506,9733,4675,1801,2114
5130,6506,9733,5721,2272,7706
5130,6506,9733,9051,4190,3624
5130,6506,9733,6321,3356,5272
5130,6506,9733,7772,1655,1439
5130,6506,9733,8932,6532,8297
5130,6506,9733,6490,946,5362
5130,6506,9733,8839,9949,5900
5130,6506,9733,5046,2684,3523
5130,6506,9733,825,8055,3966
5130,6506,9733,7854,9625,8861
5130,6506,9733,4593,6139,7049
5130,6506,9733,3094,6201,8472
5130,6506,9733,9600,8728,2870
5130,6506,9733,3645,2367,4503
5130,6506,9733,1847,1071,2824
5130,6506,9733,5440,6463,2818
5130,6506,9733,695,6576,9536
5130,6506,9733,67,6379,9220
5130,6506,9733,6524,2277,8381
5130,6506,9733,5517,1694,8641
5130,6506,9733,429,9119,7788
5130,6506,9733,6187,9643,8825
5130,6506,9733,1745,5131,9273
5130,6506,9733,7507,3938,9553
5130,6506,9733,5467,9078,3123
5130,6506,9733,6616,8848,2202
5130,6506,9733,1903,3313,2189
5130,6506,9733,9895,9641,7418
5130,6506,9733,5580,7852,4600
5130,6506,9733,1195,7212,2003
5130,6506,9733,2711,3949,907
5130,6506,9733,7743,2054,8768
5130,6506,9733,3555,7840,3266
5130,6506,9733,6276,5410,2017
5130,6506,9733,8115,4374,1962
5130,6506,9733,1416,8560,3673
5130,6506,9733,206,6578,5046
5130,6506,9733,1187,8410,9157
5130,6506,9733,7596,3098,5899
5130,6506,9733,6837,2816,6865
5130,6506,9733,4106,3247,2912
5130,6506,9733,3698,5928,4203
5130,6506,9733,8759,1497,8036
5130,6506,9733,8295,6051,9109
5130,6506,9733,7814,248,9229
5130,6506,9733,2035,2708,1844
5130,6506,9733,9581,9155,4068
5130,6506,9733,5241,5326,4703
5130,6506,9733,5801,624,2996
5130,6506,9733,7975,128,6982
5130,6506,9733,2281,2844,100
5130,6506,9733,2336,9453,3764
5130,6506,9733,7778,8040,9122
5130,6506,9733,4393,9859,2032
5130,6506,9733,5892,4254,5589
5130,6506,9733,8104,5765,6418
5130,6506,9733,306,7321,484
5130,6506,9733,8589,1640,7334
5130,6506,9733,991,4976,1716
5130,6506,9733,7520,2760,15
5130,6506,9733,6270,6036,9539
5130,6506,9733,104,3867,445
5130,6506,9733,3935,4418,9670
5130,6506,9733,3819,3932,634
5130,6506,9733,6489,9170,2521
5130,6506,9733,5304,3040,9312
5130,6506,9733,2047,9359,9597
5130,6506,9733,4506,3384,8924
5130,6506,9733,7413,4696,6396
5130,6506,9733,2926,9321,2982
5130,6506,9733,1086,3870,547
5130,6506,9733,786,8237,1994
5130,6506,9733,5637,861,9230
5130,6506,9733,4230,2697,4966
5130,6506,9733,1793,2639,108
5130,6506,9733,770,9447,266
5130,6506,9733,4742,5575,1812
5130,6506,9733,5518,9156,612
5130,6506,9733,2124,5082,5238
5130,6506,9733,6338,2117,919
5130,6506,9733,8716,1071,4697
5130,6506,9733,1446,58,6319
5130,6506,9733,1221,59,2573
5130,6506,9733,7717,2201,3593
5130,6506,9733,4129,2096,4968
5130,6506,9733,8961,4315,1897
5130,6506,9733,2782,1270,2375
5130,6506,9733,2772,9234,5613
5130,6506,9733,5800,6781,9064
5130,6506,9733,1516,39,9748
5130,6506,9733,400,1107,6312
5130,6506,9733,6173,7249,419
5130,6506,9733,2257,727,9745
5130,6506,9733,8713,3324,174
5130,6506,9733,56,6932,1290
5130,6506,9733,9152,5635,7297
5130,6506,9733,613,3044,6772
5130,6506,9733,9402,6408,4954
5130,6506,9733,8812,6814,9003
5130,6506,9733,7069,1905,464
5130,6506,9733,1269,5363,8821
5130,6506,9733,4148,2879,5852
5130,6506,9733,7965,1872,7596
5130,6506,9733,2693,4459,7810
5130,6506,9733,7543,3771,5853
5130,6506,9733,3761,1693,508
5130,6506,9733,9740,4006,2960
5130,6506,9733,4894,5074,7794
5130,6506,9733,615,9792,7318
5130,6506,9733,145,770,7537
5130,6506,9733,3106,4117,1697
5130,6506,9733,8958,9566,3546
5130,6506,9733,3070,7799,511
5130,6506,9733,8806,7640,6946
5130,6506,9733,2960,9172,4586
5130,6506,9733,5836,7616,5973
5130,6506,9733,7383,1568,4783
5130,6506,9733,6494,247,1747
5130,6506,9733,9519,3388,1464
5130,6506,9733,7786,2451,6408
5130,6506,9733,1619,7694,1790
5130,6506,9733,8106,9025,7190
5130,6506,9733,6639,3601,8235
5130,6506,9733,5612,8253,7025
5130,6506,9733,2307,4466,9687
5130,6506,9733,2395,4744,7290
5130,6506,9733,1225,8288,9836
5130,6506,9733,4647,9522,8578
5130,6506,9733,5171,3960,3557
5130,6506,9733,164,2478,3722
5130,6506,9733,13,2347,5827
5130,6506,9733,9890,1755,6440
5130,6506,9733,8519,8910,7613
5130,6506,9733,7591,410,1117
5130,6506,9733,5717,8555,6608
5130,6506,9733,2729,3162,1364
5130,6506,9733,4238,2536,9069
5130,6506,9733,918,5853,787
5130,6506,9733,1129,1176,3774
5130,6506,9733,6315,3469,6454
5130,6506,9733,6996,2964,2411
5130,6506,9733,5056,4936,9988
5130,6506,9733,7088,1301,6309
5130,6506,9733,703,1429,6034
5130,6506,9733,3142,2002,5870
5130,6506,9733,2531,8961,190
5130,6506,9733,4511,1912,7370
5130,6506,9733,3868,7856,7248
5130,6506,9733,3213,3340,8303
5130,6506,9733,4610,7865,8140
5130,6506,9733,9657,481,5626
5130,6506,9733,8125,3223,1514
5130,6506,9733,4565,2451,3095
5130,6506,9733,7524,9108,3599
5130,6506,9733,5856,4106,9152
5130,6506,9733,595,8207,1858
5130,6506,9733,9005,2389,1158
5130,6506,9733,1572,1059,5049
5130,6506,9733,8970,2657,6734
5130,6506,9733,1004,9950,9740
5130,6506,9733,6715,5828,1093
5130,6506,9733,1352,2383,4602
5130,6506,9733,154,9598,3286
5130,6506,9733,2411,6996,6530
5130,6506,9733,1056,4294,7757
5130,6506,9733,3740,7783,4427
5130,6506,9733,8614,1162,2382
5130,6506,9733,132,9656,7225
5130,6506,9733,3303,190,3660
5130,6506,9733,2970,2225,4494
5130,6506,9733,5514,1811,1153
5130,6506,9733,8200,1223,1222
5130,6506,9733,916,8938,6993
5130,6506,9733,5018,8043,8889
5130,6506,9733,5000,6823,4341
5130,6506,9733,2934,3300,9199
5130,6506,9733,6362,2544,8402
5130,6506,9733,1296,6393,9892
5130,6506,9733,6915,6705,8336
5130,6506,9733,7784,4008,6197
5130,6506,9733,4390,2964,306
5130,6506,9733,6364,7441,5324
5130,6506,9733,2416,753,1564
5130,6506,9733,4968,8562,2181
5130,6506,9733,9192,3645,2394
5130,6506,9733,5308,9598,5420
5130,6506,9733,1775,8412,8870
5130,6506,9733,3611,5394,8384
5130,6506,9733,1241,1073,8126
5130,6506,9733,7523,4917,8663
5130,6506,9733,9808,7139,3103
5130,6506,9733,822,1961,1375
5130,6506,9733,5966,8034,1867
5130,6506,9733,3882,8810,9267
5130,6506,9733,368,3416,1006
5130,6506,9733,3633,306,8696
5130,6506,9733,2525,4425,6116
5130,6506,9733,4540,5306,5144
5130,6506,9733,6344,7538,6763
5130,6506,9733,1489,4738,618
5130,6506,9733,9968,8034,1231
5130,6506,9733,3136,6376,5079
5130,6506,9733,535,9025,5428
5130,6506,9733,7674,8505,8820
5130,6506,9733,3580,5745,946
5130,6506,9733,3995,6696,146
5130,6506,9733,4097,1909,7055
5130,6506,9733,9545,1626,2239
5130,6506,9733,8357,5920,3565
5130,6506,9733,5148,145,8628
5130,6506,9733,3163,4180,6391
5130,6506,9733,8206,9565,8356
5130,6506,9733,1709,5548,8376
5130,6506,9733,9374,5077,1918
5130,6506,9733,2127,5133,2997
5130,6506,9733,7100,2423,5529
5130,6506,9733,1543,8055,2751
5130,6506,9733,5795,6890,6146
5130,6506,9733,1125,2765,3994
5130,6506,9733,1374,5339,6135
5130,6506,9733,7253,973,9208
5130,6506,9733,913,865,5386
5130,6506,9733,4006,5694,8148
5130,6506,9733,8815,4188,6900
5130,6506,9733,6737,831,9241
5130,6506,9733,7053,371,3266
5130,6506,9733,9468,4353,4379
5130,6506,9733,9861,485,3992
5130,6506,9733,3594,3078,3989
5130,6506,9733,3002,9380,304
5130,6506,9733,2406,6535,48
5130,6506,9733,38,9712,9406
5130,6506,9733,6893,5802,7337
5130,6506,9733,6148,2700,2887
5130,6506,9733,9837,1403,8432
5130,6506,9733,3606,7876,6394
5130,6506,9733,9113,3476,1571
5130,6506,9733,8012,404,633
5130,6506,9733,920,8024,7369
5130,6506,9733,7202,5129,8727
5130,6506,9733,6064,9970,7438
5130,6506,9733,5076,1156,4310
5130,6506,9733,5895,3250,1051
5130,6506,9733,5115,4414,4717
5130,6506,9733,2857,7792,4580
5130,6506,9733,1468,8874,7696
5130,6506,9733,2353,328,2871
5130,6506,9733,9630,7522,2409
5130,6506,9733,990,7772,3758
5130,6506,9733,3705,5752,1097
5130,6506,9733,6497,1783,8052
5130,6506,9733,1398,3835,1452
5130,6506,9733,8041,5269,3604
5130,6506,9733,247,4516,8220
5130,6506,9733,5217,9462,6708
5130,6506,9733,6836,1235,4752
5130,6506,9733,8,7260,262
5130,6506,9733,6615,374,7894
5130,6506,9733,8604,9213,9715
5130,6506,9733,8679,1880,6855
5130,6506,9733,393,831,9612
5130,6506,9733,1511,549,8504
5130,6506,9733,5063,8200,2952
5130,6506,9733,2884,1758,9072
5130,6506,9733,8063,4212,5039
5130,6506,9733,2482,9447,9507
5130,6506,9733,7356,5139,736
5130,6506,9733,8897,7517,9367
5130,6506,9733,3257,9159,464
5130,6506,9733,5018,476,9471
5130,6506,9733,4179,4931,3916
5130,6506,9733,3664,902,7915
5130,6506,9733,9553,8767,1430
5130,6506,9733,7896,4662,1018
5130,6506,9733,8266,618,9608
5130,6506,9733,2332,3536,4056
5130,6506,9733,9350,7195,5073
5130,6506,9733,8881,5149,9638
5130,6506,9733,8577,9831,8596
5130,6506,9733,5554,6158,3198
5130,6506,9733,8915,2953,2041
5130,6506,9733,2276,8373,4735
5130,6506,9733,5618,9084,3988
5130,6506,9733,8804,8501,3967
5130,6506,9733,5162,5836,3560
5130,6506,9733,5456,1199,1399
5130,6506,9733,144,9777,4740
5130,6506,9733,257,5971,6815
5130,6506,9733,1942,1438,4739
5130,6506,9733,9066,4428,7210
5130,6506,9733,8934,6150,6681
5130,6506,9733,5478,5101,3455
5130,6506,9733,267,5849,4561
5130,6506,9733,6838,3301,4459
5130,6506,9733,9125,1421,4632
5130,6506,9733,2753,9741,4081
5130,6506,9733,9636,2678,3742
5130,6506,9733,3297,2875,9581
5130,6506,9733,7859,9597,4041
5130,6506,9733,8722,4657,1032
5130,6506,9733,1056,3695,5123
5130,6506,9733,6994,5780,1696
5130,6506,9733,1719,4804,2863
5130,6506,9733,4319,3990,4754
5130,6506,9733,6519,4198,8756
5130,6506,9733,4422,4605,997
5130,6506,9733,1645,2994,6232
5130,6506,9733,8691,2996,7471
5130,6506,9733,4927,2407,2245
5130,6506,9733,8217,462,4864
5130,6506,9733,2631,7589,2107
5130,6506,9733,21,8634,4898
5130,6506,9733,7145,1721,7364
5130,6506,9733,6228,2880,1748
5130,6506,9733,215,7353,9985
5130,6506,9733,1041,6560,556
5130,6506,9733,1856,9944,6772
5130,6506,9733,9260,3743,1632
5130,6506,9733,4486,5407,5328
5130,6506,9733,3755,8054,3999
5130,6506,9733,5958,2813,211
5130,6506,9733,3877,2444,5457
5130,6506,9733,6128,1232,1135
5130,6506,9733,5109,1536,130
5130,6506,9733,6359,1797,6863
5130,6506,9733,4126,7662,5370
5130,6506,9733,8426,1657,6955
5130,6506,9733,3060,653,7653
5130,6506,9733,4894,3713,3659
5130,6506,9733,220,8584,2397
5130,6506,9733,1696,1747,2095
5130,6506,9733,2202,3411,243
5130,6506,9733,2312,9057,3520
5130,6506,9733,2583,9037,2635
5130,6506,9733,932,4911,3809
5130,6506,9733,8965,6251,2567
5130,6506,9733,5794,2527,5773
5130,6506,9733,5125,8145,397
5130,6506,9733,9998,7078,3156
5130,6506,9733,3581,1415,3324
5130,6506,9733,8797,7809,3405
5130,6506,9733,8035,2598,1173
5130,6506,9733,6764,2089,790
5130,6506,9733,965,701,9695
5130,6506,9733,3252,2750,8212
5130,6506,9733,2358,3155,665
5130,6506,9733,9126,2504,115
5130,6506,9733,702,5483,6916
5130,6506,9733,6371,840,2078
5130,6506,9733,6630,6505,4655
5130,6506,9733,5387,7102,1539
5130,6506,9733,2766,5317,1280
5130,6506,9733,7962,3830,5929
5130,6506,9733,3024,3309,5314
5130,6506,9733,6804,7385,9568
5130,6506,9733,414,8074,7444
5130,6506,9733,3041,7090,9868
5130,6506,9733,8372,6069,2551
5130,6506,9733,1003,720,8074
5130,6506,9733,8590,3259,1712
5130,6506,9733,2351,7403,5270
5130,6506,9733,5042,1679,2311
5130,6506,9733,4721,3741,2177
5130,6506,9733,5422,7439,4869
5130,6506,9733,8192,5369,4766
5130,6506,9733,6573,8109,332
5130,6506,9733,7577,4184,3147
5130,6506,9733,5733,6538,5219
5130,6506,9733,6463,3057,2140
5130,6506,9733,9080,4522,3434
5130,6506,9733,9446,9005,839
5130,6506,9733,4592,1191,7331
5130,6506,9733,1118,2173,1528
5130,6506,9733,7723,6278,3955
5130,6506,9733,6996,953,780
5130,6506,9733,8128,9677,9434
5130,6506,9733,694,6098,6214
5130,6506,9733,8208,9971,7721
5130,6506,9733,9635,4534,7237
5130,6506,9733,6241,6315,6893
5130,6506,9733,3,7984,781
5130,6506,9733,3371,3930,8336
5130,6506,9733,2896,9304,603
5130,6506,9733,5434,6288,5585
5130,6506,9733,7519,320,1370
5130,6506,9733,9520,4440,4386
5130,6506,9733,6417,4794,402
5130,6506,9733,4811,8065,6761
5130,6506,9733,2061,7739,7048
5130,6506,9733,5177,2039,1635
5130,6506,9733,9573,2829,8992
5130,6506,9733,4097,5325,7129
5130,6506,9733,3923,4424,92
5130,6506,9733,9963,5473,799
5130,6506,9733,5657,6414,3229
5130,6506,9733,23,4552,7165
5130,6506,9733,6689,8261,1087
5130,6506,9733,8532,9687,8683
5130,6506,9733,3424,2975,9650
5130,6506,9733,641,4204,6268
5130,6506,9733,3834,1767,2312
5130,6506,9733,4999,8644,4897
5130,6506,9733,5890,4787,3165
5130,6506,9733,9526,9810,6871
5130,6506,9733,2541,1566,3032
5130,6506,9733,4321,0,8264
5130,6506,9733,6413,3474,4654
5130,6506,9733,4636,9566,2346
5130,6506,9733,2874,6720,3871
5130,6506,9733,4333,2646,6775
5130,6506,9733,3650,4126,6105
5130,6506,9733,2932,7995,3748
5130,6506,9733,1363,4103,8813
5130,6506,9733,7418,7807,5979
5130,6506,9733,8436,7305,1992
5130,6506,9733,516,8793,8524
5130,6506,9733,7841,423,4541
5130,6506,9733,5701,3217,6846
5130,6506,9733,6620,9392,7206
5130,6506,9733,8508,1129,5
5130,6506,9733,6274,1826,4716
5130,6506,9733,4390,4908,6680
5130,6506,9733,5777,851,8369
5130,6506,9733,8523,4016,7380
