6231,4279,5739,568,4336,2105
6231,4279,5739,4445,2874,6702
6231,4279,5739,1443,7663,2572
6231,4279,5739,84,3008,1997
6231,4279,5739,4608,9581,3405
6231,4279,5739,260,6997,1108
6231,4279,5739,6357,7282,5279
6231,4279,5739,1086,3030,3545
6231,4279,5739,8294,1736,2948
6231,4279,5739,2356,83,1065
6231,4279,5739,968,6772,4599
6231,4279,5739,5600,6359,9565
6231,4279,5739,1393,1563,1191
6231,4279,5739,7977,3745,5665
6231,4279,5739,934,782,1561
6231,4279,5739,6100,4384,3955
6231,4279,5739,2901,890,8898
6231,4279,5739,6320,384,75
6231,4279,5739,3095,3171,8255
6231,4279,5739,5514,2533,5424
6231,4279,5739,6562,3449,7318
6231,4279,5739,4179,1068,740
6231,4279,5739,881,5411,8377
6231,4279,5739,3593,5878,1345
6231,4279,5739,6555,1964,3989
6231,4279,5739,4663,178,5491
6231,4279,5739,3488,3621,1520
6231,4279,5739,890,8819,3500
6231,4279,5739,9162,8006,399
6231,4279,5739,5835,6309,7082
6231,4279,5739,5448,4769,5240
6231,4279,5739,1253,6369,12
6231,4279,5739,4574,29,7550
6231,4279,5739,6677,6820,3247
6231,4279,5739,5636,9778,7988
6231,4279,5739,1442,5795,7018
6231,4279,5739,5657,1641,1728
6231,4279,5739,9053,5772,2954
6231,4279,5739,1457,7768,9594
6231,4279,5739,9252,5915,1842
6231,4279,5739,9432,2746,4299
6231,4279,5739,4795,5975,9373
6231,4279,5739,3209,5003,6110
6231,4279,5739,8165,8952,469
6231,4279,5739,7963,4671,7226
6231,4279,5739,5386,3209,5965
6231,4279,5739,1602,8741,6857
6231,4279,5739,7424,241,3039
6231,4279,5739,2915,5833,7113
6231,4279,5739,5395,3651,4289
6231,4279,5739,9025,6943,72
6231,4279,5739,3118,9475,6816
6231,4279,5739,2317,4037,9647
6231,4279,5739,7453,890,8797
6231,4279,5739,8224,8619,3174
6231,4279,5739,5326,4925,4005
6231,4279,5739,5951,4147,5466
6231,4279,5739,5801,5359,7435
6231,4279,5739,9878,394,9641
6231,4279,5739,8848,9542,2775
6231,4279,5739,9059,2450,5828
6231,4279,5739,5205,7517,7702
6231,4279,5739,4497,6167,4428
6231,4279,5739,9743,5843,8918
6231,4279,5739,2422,5152,9268
6231,4279,5739,1722,6222,1846
6231,4279,5739,1483,8102,9599
6231,4279,5739,8279,6855,8545
6231,4279,5739,6126,5854,2567
6231,4279,5739,5962,2024,2387
6231,4279,5739,9905,3292,5433
6231,4279,5739,272,5526,283
6231,4279,5739,9615,6799,7765
6231,4279,5739,5250,7027,5004
6231,4279,5739,5557,9630,8164
6231,4279,5739,2267,4277,4224
6231,4279,5739,9599,8431,5466
6231,4279,5739,9623,9417,5517
6231,4279,5739,590,3864,9321
6231,4279,5739,866,5387,9016
6231,4279,5739,8318,8632,3097
6231,4279,5739,6268,8984,1005
6231,4279,5739,720,5228,5051
6231,4279,5739,9027,7294,2656
6231,4279,5739,8161,4342,3475
6231,4279,5739,8333,1449,4521
6231,4279,5739,573,4469,8796
6231,4279,5739,6859,1609,1841
6231,4279,5739,7633,39,6233
6231,4279,5739,9889,2059,389
6231,4279,5739,6676,2048,9045
6231,4279,5739,4216,9250,5378
6231,4279,5739,796,2668,107
6231,4279,5739,8507,5690,3698
6231,4279,5739,8598,670,8386
6231,4279,5739,7739,3994,4022
6231,4279,5739,8235,180,7979
6231,4279,5739,8231,3865,416
6231,4279,5739,2457,4955,7212
6231,4279,5739,543,9407,3838
6231,4279,5739,833,3859,7026
6231,4279,5739,7014,3179,9886
6231,4279,5739,47,4820,7993
6231,4279,5739,2935,7244,738
6231,4279,5739,1325,3703,7446
6231,4279,5739,7775,6762,2789
6231,4279,5739,1007,3456,382
6231,4279,5739,9088,3344,6930
6231,4279,5739,4614,4835,9482
6231,4279,5739,2551,7699,563
6231,4279,5739,1795,8872,5728
6231,4279,5739,7189,8797,1650
6231,4279,5739,3784,1292,2387
6231,4279,5739,1730,8188,423
6231,4279,5739,1703,3043,5092
6231,4279,5739,5129,2811,3849
6231,4279,5739,197,2451,6700
6231,4279,5739,8918,8888,6277
6231,4279,5739,4538,9619,2008
6231,4279,5739,5302,6281,7225
6231,4279,5739,8388,3645,6313
6231,4279,5739,6255,5309,265
6231,4279,5739,2938,3267,2182
6231,4279,5739,8661,1161,3897
6231,4279,5739,4157,4967,5227
6231,4279,5739,3136,2352,4144
6231,4279,5739,6857,9293,9894
6231,4279,5739,1193,9479,9091
6231,4279,5739,1775,8443,1584
6231,4279,5739,3963,9682,1850
6231,4279,5739,755,7636,5998
6231,4279,5739,8605,1726,1128
6231,4279,5739,3603,356,9743
6231,4279,5739,4752,3447,8672
6231,4279,5739,756,2634,4469
6231,4279,5739,4283,561,2760
6231,4279,5739,751,7381,4815
6231,4279,5739,3604,6539,8301
6231,4279,5739,4143,2054,3013
6231,4279,5739,3395,501,5312
6231,4279,5739,7343,528,1232
6231,4279,5739,8748,6159,3151
6231,4279,5739,1966,9282,2840
6231,4279,5739,6676,2586,3446
6231,4279,5739,726,3344,3225
6231,4279,5739,3418,5693,8560
6231,4279,5739,1464,2865,2166
6231,4279,5739,9291,4358,6806
6231,4279,5739,4764,159,4149
6231,4279,5739,1102,7960,3446
6231,4279,5739,1060,9375,7806
6231,4279,5739,6480,4804,5665
6231,4279,5739,9398,4378,8907
6231,4279,5739,9389,3193,8423
6231,4279,5739,8841,9297,3037
6231,4279,5739,7610,3013,9224
6231,4279,5739,3013,1426,1088
6231,4279,5739,5806,4453,7899
6231,4279,5739,546,2193,5549
6231,4279,5739,4033,5603,8944
6231,4279,5739,8257,3642,9388
6231,4279,5739,2971,7794,7119
6231,4279,5739,2060,2013,3382
6231,4279,5739,4085,910,3023
6231,4279,5739,7987,1031,2689
6231,4279,5739,4504,6210,1438
6231,4279,5739,7290,543,8608
6231,4279,5739,999,9664,8520
6231,4279,5739,4015,1557,7815
6231,4279,5739,6825,2997,9429
6231,4279,5739,7376,3069,3758
6231,4279,5739,6384,4491,9487
6231,4279,5739,208,3975,9434
6231,4279,5739,4092,8305,7725
6231,4279,5739,9455,8263,3745
6231,4279,5739,4521,7270,3517
6231,4279,5739,1915,9872,2824
6231,4279,5739,2727,2257,3013
6231,4279,5739,3501,8411,7081
6231,4279,5739,4379,9705,9807
6231,4279,5739,7207,4776,2957
6231,4279,5739,8423,5258,3340
6231,4279,5739,4251,4546,1535
6231,4279,5739,4635,9307,3866
6231,4279,5739,4194,7110,8289
6231,4279,5739,8329,5714,5741
6231,4279,5739,101,224,3062
6231,4279,5739,6517,8467,8615
6231,4279,5739,7254,3717,2222
6231,4279,5739,9930,442,9152
6231,4279,5739,4831,482,5804
6231,4279,5739,49,6552,448
6231,4279,5739,1036,7770,1788
6231,4279,5739,4233,3953,7671
6231,4279,5739,8517,3423,1378
6231,4279,5739,8903,2526,4111
6231,4279,5739,4974,1640,7537
6231,4279,5739,8721,823,7911
6231,4279,5739,6341,950,5026
6231,4279,5739,9761,9756,9825
6231,4279,5739,5796,10,9243
6231,4279,5739,3337,3745,2818
6231,4279,5739,6020,5148,2826
6231,4279,5739,6585,2385,1380
6231,4279,5739,3379,7957,1390
6231,4279,5739,2595,3951,4699
6231,4279,5739,7334,8497,1039
6231,4279,5739,3988,4661,5867
6231,4279,5739,2047,9466,7554
6231,4279,5739,5484,1038,6478
6231,4279,5739,8949,3882,14
6231,4279,5739,9643,3925,1720
6231,4279,5739,6387,9171,7123
6231,4279,5739,4129,4804,669
6231,4279,5739,3232,870,9254
6231,4279,5739,1149,5780,9397
6231,4279,5739,8545,2297,1945
6231,4279,5739,5366,6832,8633
6231,4279,5739,9113,7155,6431
6231,4279,5739,3359,3380,7373
6231,4279,5739,6946,709,1032
6231,4279,5739,1259,8739,1351
6231,4279,5739,5463,9657,5130
6231,4279,5739,8857,5393,4210
6231,4279,5739,2804,334,194
6231,4279,5739,5460,1351,3458
6231,4279,5739,1178,3345,8561
6231,4279,5739,9930,1906,2833
6231,4279,5739,6193,6227,6530
6231,4279,5739,3561,4078,4501
6231,4279,5739,5289,7990,518
6231,4279,5739,6923,5462,2753
6231,4279,5739,1864,5658,4011
6231,4279,5739,4060,7421,6668
6231,4279,5739,3914,4461,2228
6231,4279,5739,96,5257,2766
6231,4279,5739,5886,579,2289
6231,4279,5739,1604,1249,3831
6231,4279,5739,8303,93,3772
6231,4279,5739,7479,2371,9259
6231,4279,5739,9293,4107,435
6231,4279,5739,5319,6694,5416
6231,4279,5739,4605,5293,7752
6231,4279,5739,4502,4414,6685
6231,4279,5739,2848,5878,5498
6231,4279,5739,2409,1866,9978
6231,4279,5739,9902,2496,5389
6231,4279,5739,9175,68,5057
6231,4279,5739,2414,1725,8156
6231,4279,5739,3898,1483,6350
6231,4279,5739,4283,8174,9372
6231,4279,5739,1351,1679,7989
6231,4279,5739,5045,4905,3133
6231,4279,5739,9291,1485,5073
6231,4279,5739,5720,7563,72
6231,4279,5739,6557,6157,8185
6231,4279,5739,9661,428,2398
6231,4279,5739,7572,3591,262
6231,4279,5739,1458,142,3171
6231,4279,5739,8058,1816,7550
6231,4279,5739,3301,5912,2998
6231,4279,5739,9224,3931,1565
6231,4279,5739,8473,7212,4849
6231,4279,5739,8268,6857,5742
6231,4279,5739,9698,5571,1683
6231,4279,5739,7887,7691,546
6231,4279,5739,1894,7328,8678
6231,4279,5739,3494,7803,5197
6231,4279,5739,8370,4068,5795
6231,4279,5739,1709,9728,1343
6231,4279,5739,7205,1992,7714
6231,4279,5739,5088,7010,2567
6231,4279,5739,7090,4653,4712
6231,4279,5739,6974,5768,5125
6231,4279,5739,8422,7260,522
6231,4279,5739,3326,738,8988
6231,4279,5739,7018,9157,8958
6231,4279,5739,9080,721,9260
6231,4279,5739,8621,8315,9712
6231,4279,5739,2964,5316,3004
6231,4279,5739,1694,7866,2125
6231,4279,5739,2352,9306,513
6231,4279,5739,8238,4544,6941
6231,4279,5739,1137,8250,5357
6231,4279,5739,8313,4048,3532
6231,4279,5739,2892,4718,7791
6231,4279,5739,3729,7519,2321
6231,4279,5739,7228,7690,8748
6231,4279,5739,154,4717,1125
6231,4279,5739,2964,2507,6178
6231,4279,5739,8811,3431,4777
6231,4279,5739,4237,188,5792
6231,4279,5739,5036,6035,7938
6231,4279,5739,3609,5435,7353
6231,4279,5739,1983,8722,3131
6231,4279,5739,1603,1877,8527
6231,4279,5739,554,3749,7583
6231,4279,5739,2129,3770,4810
6231,4279,5739,1711,2592,1030
6231,4279,5739,7126,8327,1428
6231,4279,5739,1898,3940,1813
6231,4279,5739,714,5246,8197
6231,4279,5739,6686,4814,9377
6231,4279,5739,1355,3600,3887
6231,4279,5739,8005,5018,6885
6231,4279,5739,7812,6858,9948
6231,4279,5739,2900,5391,6624
6231,4279,5739,3989,4578,3108
6231,4279,5739,2438,1395,7474
6231,4279,5739,9742,6322,5191
6231,4279,5739,3977,8834,2685
6231,4279,5739,8510,7787,8963
6231,4279,5739,6623,9925,2957
6231,4279,5739,4819,9819,7823
6231,4279,5739,9623,1883,6826
6231,4279,5739,2123,4955,1613
6231,4279,5739,4339,6940,1944
6231,4279,5739,4933,7347,8665
6231,4279,5739,3245,6754,1548
6231,4279,5739,5899,1580,3390
6231,4279,5739,1818,7973,6467
6231,4279,5739,7987,5594,8176
6231,4279,5739,3395,5742,3542
6231,4279,5739,4531,6110,3103
6231,4279,5739,4762,1706,3281
6231,4279,5739,6494,7067,354
6231,4279,5739,4401,9321,5539
6231,4279,5739,1282,177,1012
6231,4279,5739,2084,5216,7018
6231,4279,5739,8400,2722,9191
6231,4279,5739,7116,389,8878
6231,4279,5739,8658,4055,5507
6231,4279,5739,7315,4884,1540
6231,4279,5739,9078,276,6151
6231,4279,5739,8021,2090,125
6231,4279,5739,7056,5566,8643
6231,4279,5739,9219,4906,9356
6231,4279,5739,1423,5313,172
6231,4279,5739,7052,7388,6649
6231,4279,5739,4174,6671,160
6231,4279,5739,8753,8553,8817
6231,4279,5739,925,4808,2259
6231,4279,5739,5085,9432,1210
6231,4279,5739,2404,7400,1590
6231,4279,5739,1830,7817,8102
6231,4279,5739,197,9991,3899
6231,4279,5739,1620,5590,3043
6231,4279,5739,2200,4756,271
6231,4279,5739,8,4437,838
6231,4279,5739,4380,8716,6316
6231,4279,5739,2672,8133,6780
6231,4279,5739,971,6471,2252
6231,4279,5739,5907,7377,5510
6231,4279,5739,4590,441,3805
6231,4279,5739,1148,1049,5097
6231,4279,5739,9697,6946,4281
6231,4279,5739,282,8181,940
6231,4279,5739,5662,55,788
6231,4279,5739,2819,2417,2620
6231,4279,5739,2647,6322,8968
6231,4279,5739,5346,5713,2694
6231,4279,5739,4890,1525,4519
6231,4279,5739,7939,1450,8924
6231,4279,5739,5129,6807,7584
6231,4279,5739,2831,4067,5850
6231,4279,5739,9121,5312,8506
6231,4279,5739,2933,6975,6202
6231,4279,5739,1344,2292,9012
6231,4279,5739,9772,2606,3316
6231,4279,5739,7778,160,2720
6231,4279,5739,7333,4062,7939
6231,4279,5739,3328,7657,8692
6231,4279,5739,4312,6417,9324
6231,4279,5739,5471,7346,2147
6231,4279,5739,4427,3851,4907
6231,4279,5739,9565,3101,8988
6231,4279,5739,4446,681,2160
6231,4279,5739,1288,9735,6276
6231,4279,5739,2985,8806,8816
6231,4279,5739,7403,5433,3523
6231,4279,5739,967,1418,7210
6231,4279,5739,5233,6043,7305
6231,4279,5739,4303,437,7536
6231,4279,5739,566,3984,6965
6231,4279,5739,4229,1812,167
6231,4279,5739,4043,2005,5921
6231,4279,5739,3846,9809,289
6231,4279,5739,5939,5083,392
6231,4279,5739,8474,6408,9627
6231,4279,5739,8152,1631,9401
6231,4279,5739,5880,4780,8535
6231,4279,5739,7014,4414,1513
6231,4279,5739,7244,2723,9268
6231,4279,5739,8420,9832,5774
6231,4279,5739,3792,7407,639
6231,4279,5739,7406,9390,6310
6231,4279,5739,8917,4098,4794
6231,4279,5739,1396,9915,8910
6231,4279,5739,9497,3010,5600
6231,4279,5739,3836,793,3426
6231,4279,5739,8657,944,8306
6231,4279,5739,8202,1748,7422
6231,4279,5739,7137,2574,3751
6231,4279,5739,3731,7795,812
6231,4279,5739,6392,8348,600
6231,4279,5739,5999,4178,3496
6231,4279,5739,3241,6524,5231
6231,4279,5739,2701,4603,5455
6231,4279,5739,7366,8999,6415
6231,4279,5739,6724,4692,4724
6231,4279,5739,4704,5210,1502
6231,4279,5739,535,8162,6375
6231,4279,5739,1944,7165,2770
6231,4279,5739,7243,9664,2983
6231,4279,5739,3946,1647,2139
6231,4279,5739,7257,8887,3418
6231,4279,5739,662,3556,8180
6231,4279,5739,7647,7978,1468
6231,4279,5739,8621,9491,7592
6231,4279,5739,5876,2290,7682
6231,4279,5739,8936,6646,7727
6231,4279,5739,9152,4506,4037
6231,4279,5739,8582,8611,683
6231,4279,5739,7653,2356,5443
6231,4279,5739,4930,2089,9498
6231,4279,5739,7472,6808,1496
6231,4279,5739,2913,9479,7255
6231,4279,5739,7188,2351,563
6231,4279,5739,7891,2344,9068
6231,4279,5739,1585,1368,8881
6231,4279,5739,2265,2825,7331
6231,4279,5739,3224,4371,6596
6231,4279,5739,7615,3008,641
6231,4279,5739,5826,4347,2776
6231,4279,5739,5278,3923,1863
6231,4279,5739,6137,5978,3473
6231,4279,5739,7499,8155,3985
6231,4279,5739,4274,913,4363
6231,4279,5739,2808,5144,8372
6231,4279,5739,656,1921,2456
6231,4279,5739,2148,3414,4864
6231,4279,5739,6358,3121,710
6231,4279,5739,9187,6219,7007
6231,4279,5739,524,8151,5327
6231,4279,5739,7298,4565,811
6231,4279,5739,6993,7562,3818
6231,4279,5739,2946,4588,3925
6231,4279,5739,2106,3311,6754
6231,4279,5739,2602,2805,9872
6231,4279,5739,6000,7277,6033
6231,4279,5739,3259,4854,9296
6231,4279,5739,5282,5852,602
6231,4279,5739,3551,6460,7197
6231,4279,5739,7878,7043,8434
6231,4279,5739,67,753,7245
6231,4279,5739,6618,6174,2700
6231,4279,5739,6716,3798,9125
6231,4279,5739,9328,5732,3456
6231,4279,5739,7401,8941,4665
6231,4279,5739,9138,1752,6316
6231,4279,5739,2190,3427,1222
6231,4279,5739,1311,14,4472
6231,4279,5739,8,7075,8898
6231,4279,5739,2591,7039,407
6231,4279,5739,6144,8871,676
6231,4279,5739,4890,3790,4859
6231,4279,5739,858,1566,6807
6231,4279,5739,5318,3586,7509
6231,4279,5739,4962,4452,7702
6231,4279,5739,8370,3963,1818
6231,4279,5739,9841,7454,5298
6231,4279,5739,7117,8819,6305
6231,4279,5739,6575,7951,2063
6231,4279,5739,576,6841,5851
6231,4279,5739,2629,4090,2412
6231,4279,5739,8290,1999,2519
6231,4279,5739,8096,7716,6381
6231,4279,5739,9691,3685,4246
6231,4279,5739,7347,6373,6776
6231,4279,5739,7099,7083,7830
6231,4279,5739,3852,2439,6994
6231,4279,5739,4474,5265,9420
6231,4279,5739,7725,9698,6557
6231,4279,5739,831,6924,9189
6231,4279,5739,7214,6193,7536
6231,4279,5739,5987,3972,9266
6231,4279,5739,9369,6148,2204
6231,4279,5739,4425,3976,2245
6231,4279,5739,620,6601,9333
6231,4279,5739,7097,2370,530
6231,4279,5739,68,876,6248
6231,4279,5739,8806,229,7430
6231,4279,5739,577,2378,6180
6231,4279,5739,4601,4072,8704
6231,4279,5739,4162,8364,3724
6231,4279,5739,2637,1410,8860
6231,4279,5739,1219,9931,7062
6231,4279,5739,4720,4092,4910
6231,4279,5739,1447,9984,5864
6231,4279,5739,762,4120,6449
6231,4279,5739,5551,5844,2566
6231,4279,5739,2200,5763,9636
6231,4279,5739,9939,2893,2345
6231,4279,5739,8479,2473,1124
6231,4279,5739,7241,1581,2083
6231,4279,5739,4155,6569,8
6231,4279,5739,197,9433,542
6231,4279,5739,9316,1714,3336
6231,4279,5739,4523,2676,5004
6231,4279,5739,1026,6628,2841
