6301,4653,5998,438,4446,2227
6301,4653,5998,7917,8993,3292
6301,4653,5998,3451,5394,3570
6301,4653,5998,5255,8619,706
6301,4653,5998,8123,3650,3530
6301,4653,5998,1171,7050,8714
6301,4653,5998,5399,8168,3249
6301,4653,5998,9003,5954,2246
6301,4653,5998,9661,6606,5816
6301,4653,5998,4466,735,7635
6301,4653,5998,1791,9483,7630
6301,4653,5998,7989,4865,5319
6301,4653,5998,4526,9269,9895
6301,4653,5998,8492,8315,222
6301,4653,5998,5956,5402,9693
6301,4653,5998,702,1460,5603
6301,4653,5998,9117,7045,9156
6301,4653,5998,9608,3963,3768
6301,4653,5998,2334,4345,6686
6301,4653,5998,1529,1924,2595
6301,4653,5998,5085,1301,9293
6301,4653,5998,8164,7997,1509
6301,4653,5998,9664,2407,5961
6301,4653,5998,9629,9071,4500
6301,4653,5998,838,4248,604
6301,4653,5998,5412,9169,5716
6301,4653,5998,2953,7690,7017
6301,4653,5998,6712,8050,2811
6301,4653,5998,6061,3749,9024
6301,4653,5998,6911,524,3547
6301,4653,5998,9813,7132,7916
6301,4653,5998,4969,4747,7760
6301,4653,5998,412,4352,2639
6301,4653,5998,1241,4415,4491
6301,4653,5998,946,5868,2995
6301,4653,5998,4709,889,6695
6301,4653,5998,626,4243,5116
6301,4653,5998,5674,9934,3669
6301,4653,5998,5616,5667,4574
6301,4653,5998,6353,412,6607
6301,4653,5998,3627,9895,8889
6301,4653,5998,2511,8156,9750
6301,4653,5998,2903,2139,4180
6301,4653,5998,6729,9231,4849
6301,4653,5998,5226,3537,8993
6301,4653,5998,2824,55,5816
6301,4653,5998,1671,2987,4875
6301,4653,5998,9183,5218,6302
6301,4653,5998,6394,54,3559
6301,4653,5998,9439,3887,8829
6301,4653,5998,1843,6358,4205
6301,4653,5998,7507,8886,513
6301,4653,5998,3412,5941,8861
6301,4653,5998,2558,8194,6685
6301,4653,5998,3886,3915,615
6301,4653,5998,1967,9809,831
6301,4653,5998,6884,1139,2791
6301,4653,5998,3715,9293,3692
6301,4653,5998,7946,1211,7771
6301,4653,5998,5039,7362,3794
6301,4653,5998,1976,1337,2675
6301,4653,5998,5932,9217,7112
6301,4653,5998,191,4064,3086
6301,4653,5998,7498,3848,1780
6301,4653,5998,7240,1284,9099
6301,4653,5998,7981,735,84
6301,4653,5998,3288,3192,3253
6301,4653,5998,3568,5131,7697
6301,4653,5998,8356,6637,7370
6301,4653,5998,2491,4780,1433
6301,4653,5998,6924,4668,1643
6301,4653,5998,9514,4478,4107
6301,4653,5998,8337,4937,98
6301,4653,5998,4353,9386,7073
6301,4653,5998,2128,5660,2072
6301,4653,5998,5105,2371,2889
6301,4653,5998,5713,1268,9172
6301,4653,5998,4348,3566,5226
6301,4653,5998,4749,4445,7937
6301,4653,5998,1797,9427,9996
6301,4653,5998,1756,7922,6462
6301,4653,5998,1275,2909,6456
6301,4653,5998,9011,7408,8175
6301,4653,5998,3258,8675,2483
6301,4653,5998,3663,6638,3230
6301,4653,5998,4509,6338,3737
6301,4653,5998,181,2466,5006
6301,4653,5998,3860,9827,793
6301,4653,5998,5708,3742,4632
6301,4653,5998,3705,1363,2560
6301,4653,5998,2652,9195,7442
6301,4653,5998,2737,5609,8907
6301,4653,5998,9177,9890,2117
6301,4653,5998,1507,7480,3962
6301,4653,5998,9482,7673,7146
6301,4653,5998,9755,4239,1446
6301,4653,5998,2955,7044,7724
6301,4653,5998,6727,9908,2512
6301,4653,5998,6958,9146,5381
6301,4653,5998,5239,6376,6617
6301,4653,5998,5726,6053,3746
6301,4653,5998,4807,9737,1591
6301,4653,5998,1950,7642,8859
6301,4653,5998,2792,9862,5964
6301,4653,5998,5042,6627,7742
6301,4653,5998,3518,4028,8057
6301,4653,5998,2804,6985,876
6301,4653,5998,6352,7009,4317
6301,4653,5998,7676,9933,1609
6301,4653,5998,9668,9577,4761
6301,4653,5998,6555,11,1310
6301,4653,5998,4129,9220,9578
6301,4653,5998,788,5975,4250
6301,4653,5998,6056,1066,7320
6301,4653,5998,9490,9462,445
6301,4653,5998,2857,2292,5418
6301,4653,5998,4347,9957,3731
6301,4653,5998,7081,6407,25
6301,4653,5998,2620,5804,9112
6301,4653,5998,1609,7804,4808
6301,4653,5998,5522,1258,8695
6301,4653,5998,965,8836,1351
6301,4653,5998,6200,205,6823
6301,4653,5998,7077,4087,550
6301,4653,5998,2166,5422,6951
6301,4653,5998,5931,7812,4058
6301,4653,5998,9293,3310,5707
6301,4653,5998,1918,606,2031
6301,4653,5998,6271,3266,427
6301,4653,5998,4431,3148,9863
6301,4653,5998,545,5334,4459
6301,4653,5998,8639,8270,1246
6301,4653,5998,6585,4141,3920
6301,4653,5998,6752,6160,8702
6301,4653,5998,5525,3991,3939
6301,4653,5998,6013,9258,115
6301,4653,5998,2395,1147,8641
6301,4653,5998,9396,2918,8701
6301,4653,5998,1012,7749,6609
6301,4653,5998,3846,719,4782
6301,4653,5998,7045,9503,3150
6301,4653,5998,3638,6284,8431
6301,4653,5998,1450,2017,3169
6301,4653,5998,1525,5444,8707
6301,4653,5998,6573,1493,7216
6301,4653,5998,5951,7505,2349
6301,4653,5998,4757,4288,8796
6301,4653,5998,8496,8907,5490
6301,4653,5998,1863,4308,290
6301,4653,5998,46,3140,5595
6301,4653,5998,2931,4004,1444
6301,4653,5998,7411,6790,3578
6301,4653,5998,2254,7152,1466
6301,4653,5998,5990,4511,587
6301,4653,5998,5470,9640,6233
6301,4653,5998,477,1470,3044
6301,4653,5998,1804,3506,5505
6301,4653,5998,5207,3394,6859
6301,4653,5998,9290,2910,9926
6301,4653,5998,3782,772,2376
6301,4653,5998,8912,1056,6150
6301,4653,5998,4474,9947,510
6301,4653,5998,1502,8841,6700
6301,4653,5998,5283,3829,3647
6301,4653,5998,1064,5378,8666
6301,4653,5998,3106,5074,9590
6301,4653,5998,9560,9792,9208
6301,4653,5998,9607,302,7916
6301,4653,5998,565,5932,3629
6301,4653,5998,9043,4461,4619
6301,4653,5998,6609,2259,2931
6301,4653,5998,4056,3381,9320
6301,4653,5998,1391,8723,6984
6301,4653,5998,788,5421,7707
6301,4653,5998,9471,2025,7887
6301,4653,5998,6204,2702,3915
6301,4653,5998,5424,597,2048
6301,4653,5998,4176,1072,3291
6301,4653,5998,5220,7611,661
6301,4653,5998,5606,8974,9396
6301,4653,5998,7526,3628,538
6301,4653,5998,5495,9616,9283
6301,4653,5998,6984,2020,5290
6301,4653,5998,4950,2977,1605
6301,4653,5998,3096,6836,1327
6301,4653,5998,5402,5234,8081
6301,4653,5998,2908,9273,9823
6301,4653,5998,9014,9462,204
6301,4653,5998,9360,1421,174
6301,4653,5998,6994,6671,8505
6301,4653,5998,4060,7705,1905
6301,4653,5998,9895,575,7971
6301,4653,5998,6177,7458,1397
6301,4653,5998,7306,8094,1413
6301,4653,5998,4823,7200,7374
6301,4653,5998,3973,3960,5597
6301,4653,5998,7401,6027,7593
6301,4653,5998,3415,4289,4406
6301,4653,5998,2008,8691,6032
6301,4653,5998,8996,7608,8746
6301,4653,5998,2360,934,9109
6301,4653,5998,3670,438,4556
6301,4653,5998,8918,4180,1616
6301,4653,5998,6167,9187,3680
6301,4653,5998,6641,9780,789
6301,4653,5998,8363,4423,5221
6301,4653,5998,7987,2524,4250
6301,4653,5998,5197,2250,4007
6301,4653,5998,8274,3085,8564
6301,4653,5998,2591,672,5167
6301,4653,5998,3691,2106,6644
6301,4653,5998,1588,9844,9840
6301,4653,5998,3907,2070,9414
6301,4653,5998,5500,2577,3022
6301,4653,5998,5462,2630,7338
6301,4653,5998,588,223,7368
6301,4653,5998,1965,8365,3221
6301,4653,5998,3568,1268,8955
6301,4653,5998,5809,3375,3014
6301,4653,5998,3326,4989,4096
6301,4653,5998,1566,395,5439
6301,4653,5998,7823,2162,4633
6301,4653,5998,5282,5030,6046
6301,4653,5998,6932,4009,8693
6301,4653,5998,7569,4786,4547
6301,4653,5998,1917,1143,5683
6301,4653,5998,5655,5270,7271
6301,4653,5998,7251,5277,9970
6301,4653,5998,3104,2848,3593
6301,4653,5998,9066,1173,2676
6301,4653,5998,6825,6265,5795
6301,4653,5998,8149,9779,4255
6301,4653,5998,6578,2427,528
6301,4653,5998,9064,5735,2458
6301,4653,5998,9122,3891,6961
6301,4653,5998,7173,7167,946
6301,4653,5998,8608,4254,8958
6301,4653,5998,4356,2659,4982
6301,4653,5998,3312,8220,2395
6301,4653,5998,6533,965,1695
6301,4653,5998,7040,4561,526
6301,4653,5998,3970,2009,4212
6301,4653,5998,971,3714,8863
6301,4653,5998,8298,7952,804
6301,4653,5998,8485,9053,9340
6301,4653,5998,641,7836,6575
6301,4653,5998,3409,3737,9925
6301,4653,5998,7568,660,218
6301,4653,5998,3504,4897,950
6301,4653,5998,6892,7759,9436
6301,4653,5998,3981,1032,3412
6301,4653,5998,1291,9079,2923
6301,4653,5998,1123,9463,4598
6301,4653,5998,8879,7510,1398
6301,4653,5998,126,9658,6462
6301,4653,5998,4534,9174,1561
6301,4653,5998,7060,3556,3773
6301,4653,5998,2611,9350,1637
6301,4653,5998,8440,5746,7558
6301,4653,5998,6550,6476,2500
6301,4653,5998,3553,3288,6104
6301,4653,5998,3406,5013,6659
6301,4653,5998,4775,4756,485
6301,4653,5998,2424,7446,816
6301,4653,5998,7270,5657,7631
6301,4653,5998,8226,4286,3156
6301,4653,5998,5663,244,3509
6301,4653,5998,9049,2744,1934
6301,4653,5998,8958,3953,9040
6301,4653,5998,8254,5131,9766
6301,4653,5998,4835,1881,3400
6301,4653,5998,5957,3013,4400
6301,4653,5998,8296,2485,6671
6301,4653,5998,9906,9495,7717
6301,4653,5998,9644,6796,7224
6301,4653,5998,4322,9982,2733
6301,4653,5998,4446,1798,6305
6301,4653,5998,302,8534,8296
6301,4653,5998,3689,1476,1361
6301,4653,5998,905,7218,6887
6301,4653,5998,9791,8296,8918
6301,4653,5998,3887,8715,5660
6301,4653,5998,248,8550,9948
6301,4653,5998,6914,8446,9002
6301,4653,5998,5460,768,4863
6301,4653,5998,4302,129,4287
6301,4653,5998,3284,9215,2009
6301,4653,5998,2977,8117,3263
6301,4653,5998,4496,3977,5498
6301,4653,5998,4951,2849,7610
6301,4653,5998,4592,5886,3162
6301,4653,5998,3427,2929,5153
6301,4653,5998,8847,4339,7858
6301,4653,5998,2673,7462,5874
6301,4653,5998,6321,5285,4137
6301,4653,5998,9506,3835,4844
6301,4653,5998,647,1414,2399
6301,4653,5998,3948,4351,9343
6301,4653,5998,7705,6234,452
6301,4653,5998,308,5644,9822
6301,4653,5998,888,1942,7670
6301,4653,5998,5688,8083,3949
6301,4653,5998,7991,3024,7296
6301,4653,5998,8953,4352,2181
6301,4653,5998,9485,9230,5520
6301,4653,5998,5543,6984,3665
6301,4653,5998,2706,9365,8077
6301,4653,5998,5627,7660,1018
6301,4653,5998,2334,6081,7874
6301,4653,5998,5178,9163,2011
6301,4653,5998,6366,4449,2322
6301,4653,5998,1277,7153,8811
6301,4653,5998,8021,9596,113
6301,4653,5998,399,1710,5459
6301,4653,5998,9042,8857,3924
6301,4653,5998,387,4058,4508
6301,4653,5998,2304,5119,1468
6301,4653,5998,6969,3954,2690
6301,4653,5998,7974,9524,2478
6301,4653,5998,9404,9550,5818
6301,4653,5998,6925,4257,4022
6301,4653,5998,529,3500,9609
6301,4653,5998,6421,1404,7004
6301,4653,5998,7324,9047,4198
6301,4653,5998,6712,3961,3387
6301,4653,5998,3481,1219,8145
6301,4653,5998,7804,7205,5266
6301,4653,5998,707,2333,5247
6301,4653,5998,2495,76,4457
6301,4653,5998,2221,1081,1570
6301,4653,5998,2686,1211,7965
6301,4653,5998,6403,1281,4235
6301,4653,5998,6776,1982,3153
6301,4653,5998,8233,7179,5678
6301,4653,5998,1938,9280,1583
6301,4653,5998,6538,9936,1306
6301,4653,5998,7535,2291,9339
6301,4653,5998,9944,9368,7957
6301,4653,5998,8766,1476,6189
6301,4653,5998,592,9073,5189
6301,4653,5998,8544,6607,4652
6301,4653,5998,8038,2737,4254
6301,4653,5998,6021,5112,3254
6301,4653,5998,7453,426,4969
6301,4653,5998,6599,1694,4629
6301,4653,5998,2749,8635,5153
6301,4653,5998,7833,6687,7715
6301,4653,5998,1153,1335,6521
6301,4653,5998,1370,4680,4160
6301,4653,5998,7865,1005,2552
6301,4653,5998,4888,1085,8086
6301,4653,5998,3640,836,1724
6301,4653,5998,7545,6403,3048
6301,4653,5998,2294,9758,6602
6301,4653,5998,951,6580,3550
6301,4653,5998,7257,2872,8817
6301,4653,5998,1815,1176,6995
6301,4653,5998,2995,8169,737
6301,4653,5998,4807,1988,4459
6301,4653,5998,5769,9818,9827
6301,4653,5998,1064,6326,2704
6301,4653,5998,7737,9784,7689
6301,4653,5998,5175,4875,8070
6301,4653,5998,3424,2530,3873
6301,4653,5998,8794,33,776
6301,4653,5998,9004,1410,6919
6301,4653,5998,1471,7857,3852
6301,4653,5998,6067,226,1424
6301,4653,5998,9521,8268,3248
6301,4653,5998,5448,7014,8189
6301,4653,5998,9909,7222,474
6301,4653,5998,3126,4697,8172
6301,4653,5998,1432,3455,2615
6301,4653,5998,5627,2061,2207
6301,4653,5998,969,645,300
6301,4653,5998,4959,4771,4753
6301,4653,5998,1904,9497,4714
6301,4653,5998,2501,6082,7974
6301,4653,5998,4786,2904,9964
6301,4653,5998,8099,4875,4153
6301,4653,5998,400,216,6227
6301,4653,5998,4026,7365,8023
6301,4653,5998,1986,1660,2583
6301,4653,5998,4434,6101,6862
6301,4653,5998,9962,3154,8379
6301,4653,5998,555,5604,7861
6301,4653,5998,8625,3686,4576
6301,4653,5998,6514,910,91
6301,4653,5998,830,9795,3266
6301,4653,5998,269,48,6647
6301,4653,5998,2635,2600,4040
6301,4653,5998,5068,4541,7728
6301,4653,5998,9119,4886,3026
6301,4653,5998,3753,1872,1771
6301,4653,5998,4419,5626,7432
6301,4653,5998,7128,5262,6447
6301,4653,5998,3937,1222,2336
6301,4653,5998,9065,7115,9319
6301,4653,5998,4982,1072,4624
6301,4653,5998,2861,6084,5429
6301,4653,5998,8966,7524,733
6301,4653,5998,783,275,6894
6301,4653,5998,6424,5279,7646
6301,4653,5998,464,7795,860
6301,4653,5998,7813,5997,5645
6301,4653,5998,3418,7967,3880
6301,4653,5998,7960,1271,97
6301,4653,5998,2806,5904,7702
6301,4653,5998,8071,3839,3297
6301,4653,5998,7289,420,7767
6301,4653,5998,7592,293,7655
6301,4653,5998,7853,6189,7135
6301,4653,5998,6523,1173,1597
6301,4653,5998,5756,9370,3341
6301,4653,5998,1734,9213,4756
6301,4653,5998,2034,4685,9625
6301,4653,5998,360,3767,4379
6301,4653,5998,7387,9568,9006
6301,4653,5998,7583,2955,6405
6301,4653,5998,485,5183,7002
6301,4653,5998,6352,8662,1649
6301,4653,5998,2711,6142,181
6301,4653,5998,1519,9849,3978
6301,4653,5998,7184,5461,5836
6301,4653,5998,1736,7705,84
6301,4653,5998,4055,5833,7084
6301,4653,5998,4265,1790,2234
6301,4653,5998,3105,5344,8222
6301,4653,5998,8490,7503,4348
6301,4653,5998,4252,6660,2271
6301,4653,5998,2078,4414,5649
6301,4653,5998,9008,7580,9403
6301,4653,5998,7129,8020,1369
6301,4653,5998,1521,6855,545
6301,4653,5998,9591,4137,9044
6301,4653,5998,8754,5202,2145
6301,4653,5998,7832,7178,5691
6301,4653,5998,9058,7044,2805
6301,4653,5998,5255,1567,2781
6301,4653,5998,8313,1680,1621
6301,4653,5998,6369,2101,4737
6301,4653,5998,7289,8472,9722
6301,4653,5998,4499,8503,861
6301,4653,5998,4830,268,5409
6301,4653,5998,3852,7064,5263
6301,4653,5998,4559,5581,8327
6301,4653,5998,5365,947,9530
6301,4653,5998,6894,616,6447
6301,4653,5998,3916,9575,8669
6301,4653,5998,7403,8578,905
6301,4653,5998,6353,4306,3682
6301,4653,5998,8289,5905,9572
6301,4653,5998,3048,4461,4666
6301,4653,5998,5582,8406,8492
6301,4653,5998,5422,6658,2312
6301,4653,5998,3900,8574,5543
6301,4653,5998,1901,6764,9793
6301,4653,5998,7908,7642,1780
6301,4653,5998,7185,442,8809
6301,4653,5998,3632,1562,5194
6301,4653,5998,6112,9705,2358
6301,4653,5998,9279,6153,4917
6301,4653,5998,4003,3771,6283
6301,4653,5998,3775,899,3875
6301,4653,5998,4838,7365,1697
6301,4653,5998,3498,7854,1259
6301,4653,5998,7801,6176,277
6301,4653,5998,3615,39,2097
6301,4653,5998,1623,4211,7177
6301,4653,5998,2189,650,6834
6301,4653,5998,5006,4630,3078
6301,4653,5998,2147,9540,3549
6301,4653,5998,4065,1507,412
6301,4653,5998,4806,6900,6391
6301,4653,5998,6523,1223,4660
6301,4653,5998,9375,7328,176
6301,4653,5998,5606,3561,3146
6301,4653,5998,4679,3283,573
6301,4653,5998,9193,260,694
6301,4653,5998,5488,5090,6014
6301,4653,5998,4204,1916,571
6301,4653,5998,4768,3285,2170
6301,4653,5998,3996,3930,8149
6301,4653,5998,2139,8845,4697
6301,4653,5998,503,7507,9102
6301,4653,5998,1235,2227,534
6301,4653,5998,9377,1209,5052
6301,4653,5998,4354,5487,4828
6301,4653,5998,9702,6187,2337
6301,4653,5998,9546,6476,1880
6301,4653,5998,7426,4773,7121
6301,4653,5998,782,8929,2013
6301,4653,5998,2636,7036,7463
6301,4653,5998,90,1047,64
6301,4653,5998,3707,6573,7185
6301,4653,5998,1479,8076,68
6301,4653,5998,1169,25,9121
6301,4653,5998,7096,6981,4259
6301,4653,5998,6719,440,1890
6301,4653,5998,2801,3739,2769
6301,4653,5998,8642,9633,7154
6301,4653,5998,9443,8027,8221
6301,4653,5998,3716,8944,2856
6301,4653,5998,9603,7879,1249
6301,4653,5998,5341,5587,8403
6301,4653,5998,3818,2897,9645
6301,4653,5998,6959,4202,6957
6301,4653,5998,7652,137,2718
6301,4653,5998,1091,8036,5284
6301,4653,5998,7792,7528,9099
