1952,1903,4232,3489,852,6516
1952,1903,4232,6665,3830,7150
1952,1903,4232,4066,3225,9803
1952,1903,4232,7998,6579,1991
1952,1903,4232,6924,8197,5329
1952,1903,4232,8151,7223,5336
1952,1903,4232,245,2623,6852
1952,1903,4232,1473,1874,1588
1952,1903,4232,4325,2303,7620
1952,1903,4232,636,5531,4336
1952,1903,4232,3240,9592,544
1952,1903,4232,1299,2541,197
1952,1903,4232,9939,6157,1793
1952,1903,4232,7460,6432,8991
1952,1903,4232,2911,7609,2880
1952,1903,4232,3060,4467,2029
1952,1903,4232,4549,2716,7182
1952,1903,4232,7383,7732,5401
1952,1903,4232,9299,6640,4238
1952,1903,4232,9860,5042,8708
1952,1903,4232,8691,5583,4418
1952,1903,4232,5012,839,3901
1952,1903,4232,3234,1850,7025
1952,1903,4232,1903,2898,1406
1952,1903,4232,1395,6271,6734
1952,1903,4232,6618,7249,47
1952,1903,4232,213,1061,7590
1952,1903,4232,5439,6093,146
1952,1903,4232,3142,7209,6111
1952,1903,4232,5564,2503,1667
1952,1903,4232,6774,3391,1192
1952,1903,4232,6632,112,3610
1952,1903,4232,9001,5317,4082
1952,1903,4232,9636,2457,4063
1952,1903,4232,171,361,8258
1952,1903,4232,6584,8319,451
1952,1903,4232,2836,863,1609
1952,1903,4232,2009,9637,433
1952,1903,4232,6112,1519,9415
1952,1903,4232,6387,5886,8941
1952,1903,4232,9225,5427,1360
1952,1903,4232,2990,3895,419
1952,1903,4232,6216,1265,7864
1952,1903,4232,6844,1033,9830
1952,1903,4232,4425,8323,533
1952,1903,4232,9970,2578,6533
1952,1903,4232,331,9103,4144
1952,1903,4232,3838,9341,1154
1952,1903,4232,6777,6242,2369
1952,1903,4232,7228,6283,1833
1952,1903,4232,7276,1492,2995
1952,1903,4232,8141,6940,5782
1952,1903,4232,7368,7161,6881
1952,1903,4232,8197,219,7465
1952,1903,4232,9511,2727,1786
1952,1903,4232,9360,7176,3062
1952,1903,4232,3753,1177,7396
1952,1903,4232,6280,3344,8639
1952,1903,4232,6595,5490,2147
1952,1903,4232,8717,7817,6858
1952,1903,4232,5844,575,1409
1952,1903,4232,359,1832,5057
1952,1903,4232,3769,2761,9737
1952,1903,4232,7384,3253,4322
1952,1903,4232,4625,8656,7505
1952,1903,4232,2470,6794,5285
1952,1903,4232,5004,4743,7530
1952,1903,4232,6252,1440,3735
1952,1903,4232,924,1932,6593
1952,1903,4232,7032,7468,1105
1952,1903,4232,8506,9872,8384
1952,1903,4232,8705,9542,4818
1952,1903,4232,7910,3769,6839
1952,1903,4232,9225,8301,6888
1952,1903,4232,426,9482,4372
1952,1903,4232,4047,3967,7293
1952,1903,4232,8482,3688,2777
1952,1903,4232,460,7701,9529
1952,1903,4232,34,9804,5955
1952,1903,4232,250,1760,317
1952,1903,4232,6830,7590,3561
1952,1903,4232,4946,1214,9002
1952,1903,4232,1678,5644,4958
1952,1903,4232,6867,4863,6129
1952,1903,4232,8299,3466,8956
1952,1903,4232,1712,7003,3007
1952,1903,4232,8825,4406,7852
1952,1903,4232,9163,2083,9089
1952,1903,4232,6312,1199,3730
1952,1903,4232,5728,3977,6742
1952,1903,4232,7409,8409,6387
1952,1903,4232,4448,2927,7090
1952,1903,4232,337,4802,7611
1952,1903,4232,1595,7608,23
1952,1903,4232,1506,5985,9749
1952,1903,4232,5257,6741,1475
1952,1903,4232,9422,6921,9382
1952,1903,4232,705,1263,2425
1952,1903,4232,3800,4387,892
1952,1903,4232,4776,9629,8359
1952,1903,4232,5877,4632,2745
1952,1903,4232,4538,904,5751
1952,1903,4232,8728,2192,9724
1952,1903,4232,1626,2,2313
1952,1903,4232,8492,799,8681
1952,1903,4232,7447,8997,6842
1952,1903,4232,6836,5012,8949
1952,1903,4232,1837,7552,8904
1952,1903,4232,9454,7382,7069
1952,1903,4232,6074,5589,236
1952,1903,4232,5336,936,6543
1952,1903,4232,1834,5032,9817
1952,1903,4232,536,6681,5772
1952,1903,4232,4456,1769,5349
1952,1903,4232,6655,5892,7576
1952,1903,4232,9353,7468,7663
1952,1903,4232,6467,5599,4266
1952,1903,4232,6096,2136,4604
1952,1903,4232,4266,8984,6333
1952,1903,4232,7936,1731,70
1952,1903,4232,694,9853,1002
1952,1903,4232,4552,8829,7951
1952,1903,4232,2425,4408,4452
1952,1903,4232,4911,7535,7727
1952,1903,4232,6726,1363,2367
1952,1903,4232,995,2499,4471
1952,1903,4232,6798,1178,4523
1952,1903,4232,2273,1214,940
1952,1903,4232,8730,3211,4711
1952,1903,4232,6656,3988,1361
1952,1903,4232,9183,3256,6870
1952,1903,4232,4105,956,4173
1952,1903,4232,813,3793,8609
1952,1903,4232,4784,1457,6082
1952,1903,4232,8054,4900,9293
1952,1903,4232,8914,5960,4433
1952,1903,4232,59,1513,1910
1952,1903,4232,9829,5838,4543
1952,1903,4232,4454,716,9573
1952,1903,4232,1986,1031,4192
1952,1903,4232,6097,4657,490
1952,1903,4232,4938,4520,7044
1952,1903,4232,6669,9952,534
1952,1903,4232,6242,8553,7967
1952,1903,4232,4225,9496,1743
1952,1903,4232,7119,65,4558
1952,1903,4232,1991,1127,7623
1952,1903,4232,5670,1654,545
1952,1903,4232,3244,4518,3306
1952,1903,4232,9385,4563,2877
1952,1903,4232,9895,6107,1858
1952,1903,4232,5608,6457,1470
1952,1903,4232,6000,365,9018
1952,1903,4232,8779,9411,1308
1952,1903,4232,6060,9397,239
1952,1903,4232,350,9918,1333
1952,1903,4232,9053,6199,1164
1952,1903,4232,5226,0,6054
1952,1903,4232,167,4964,9812
1952,1903,4232,14,8771,5892
1952,1903,4232,2097,4027,2404
1952,1903,4232,1231,9715,5442
1952,1903,4232,3301,8169,235
1952,1903,4232,1542,2461,7595
1952,1903,4232,3429,2825,2156
1952,1903,4232,1034,5261,6519
1952,1903,4232,7675,6863,9722
1952,1903,4232,7314,38,5754
1952,1903,4232,6246,3744,4955
1952,1903,4232,1529,686,7109
1952,1903,4232,2092,3560,9642
1952,1903,4232,8750,7517,5624
1952,1903,4232,3737,5125,1644
1952,1903,4232,9474,4782,4197
1952,1903,4232,4702,2635,6256
1952,1903,4232,1209,5553,4456
1952,1903,4232,7323,8623,1812
1952,1903,4232,2980,5914,8522
1952,1903,4232,208,4504,3294
1952,1903,4232,7712,6111,9408
1952,1903,4232,9474,3735,194
1952,1903,4232,4127,9329,8564
1952,1903,4232,3200,5095,4120
1952,1903,4232,3258,5717,3172
1952,1903,4232,9499,7627,6090
1952,1903,4232,9058,1979,5690
1952,1903,4232,2876,6331,4834
1952,1903,4232,6516,5857,5001
1952,1903,4232,4967,4744,1405
1952,1903,4232,2768,5988,3324
1952,1903,4232,9774,3824,9626
1952,1903,4232,9153,258,5739
1952,1903,4232,2224,2316,7063
1952,1903,4232,6131,9268,2202
1952,1903,4232,9114,2874,1698
1952,1903,4232,3478,3737,5721
1952,1903,4232,358,7697,9600
1952,1903,4232,8902,6575,728
1952,1903,4232,3975,16,2623
1952,1903,4232,8912,8665,6291
1952,1903,4232,9341,7669,2728
1952,1903,4232,9674,7129,9082
1952,1903,4232,6841,3148,1150
1952,1903,4232,3388,2282,7801
1952,1903,4232,5506,4445,9398
1952,1903,4232,8073,1832,4514
1952,1903,4232,473,341,331
1952,1903,4232,4762,7506,399
1952,1903,4232,8246,1110,4948
1952,1903,4232,3303,7393,6371
1952,1903,4232,2047,3088,6405
1952,1903,4232,8804,4485,6852
1952,1903,4232,4961,1800,603
1952,1903,4232,1866,809,2188
1952,1903,4232,9481,3131,7022
1952,1903,4232,3962,8463,3238
1952,1903,4232,7698,816,4486
1952,1903,4232,3826,5747,1762
1952,1903,4232,8541,7510,3864
1952,1903,4232,3665,9908,8968
1952,1903,4232,1300,5047,1512
1952,1903,4232,9486,1607,1258
1952,1903,4232,3735,9250,5327
1952,1903,4232,490,2518,1286
1952,1903,4232,3509,3513,2027
1952,1903,4232,9031,5881,1343
1952,1903,4232,3908,5882,9974
1952,1903,4232,242,5673,8803
1952,1903,4232,4243,3756,5187
1952,1903,4232,7483,3997,2719
1952,1903,4232,2313,4514,1164
1952,1903,4232,6307,2464,3916
1952,1903,4232,8319,4967,7178
1952,1903,4232,9783,2577,582
1952,1903,4232,4286,671,5155
1952,1903,4232,1048,525,3804
1952,1903,4232,7659,4698,476
1952,1903,4232,5795,590,1716
1952,1903,4232,7277,3801,1587
1952,1903,4232,4589,4791,3378
1952,1903,4232,998,5312,1391
1952,1903,4232,1805,7058,6973
1952,1903,4232,6172,6204,8953
1952,1903,4232,5836,3225,8304
1952,1903,4232,2043,7936,4528
1952,1903,4232,6286,7118,5952
1952,1903,4232,9357,2923,9310
1952,1903,4232,7856,7119,2976
1952,1903,4232,9492,5218,7769
1952,1903,4232,5945,6720,9743
1952,1903,4232,8253,3850,8643
1952,1903,4232,9039,257,2226
1952,1903,4232,5109,958,4094
1952,1903,4232,3820,4686,4853
1952,1903,4232,6210,5249,1127
1952,1903,4232,4191,9533,298
1952,1903,4232,4839,9052,9461
1952,1903,4232,9169,5104,3272
1952,1903,4232,597,3000,2849
1952,1903,4232,8914,3112,655
1952,1903,4232,9020,9561,2944
1952,1903,4232,6561,123,8607
1952,1903,4232,9668,122,3958
1952,1903,4232,7735,5209,87
1952,1903,4232,6339,6179,5765
1952,1903,4232,2780,2293,795
1952,1903,4232,7898,4075,3403
1952,1903,4232,6046,3975,1008
1952,1903,4232,5874,8696,6071
1952,1903,4232,8042,7515,4081
1952,1903,4232,6330,7438,1960
1952,1903,4232,7009,800,6425
1952,1903,4232,6139,4753,2137
1952,1903,4232,7195,5272,2585
1952,1903,4232,3728,8294,5464
1952,1903,4232,4559,5833,4898
1952,1903,4232,3987,2352,818
1952,1903,4232,1084,4738,2003
1952,1903,4232,4696,2119,1726
1952,1903,4232,9912,3945,3472
1952,1903,4232,3697,2846,692
1952,1903,4232,7267,7900,6601
1952,1903,4232,8470,1012,6439
1952,1903,4232,8638,7076,7618
1952,1903,4232,642,9081,5199
1952,1903,4232,1264,3849,9276
1952,1903,4232,791,726,4248
1952,1903,4232,4338,7343,952
1952,1903,4232,7672,3180,7096
1952,1903,4232,3461,6981,2641
1952,1903,4232,6145,9329,5733
1952,1903,4232,6957,5595,8218
1952,1903,4232,2218,3541,473
1952,1903,4232,3731,2839,5085
1952,1903,4232,6292,4908,1180
1952,1903,4232,5786,3292,3329
1952,1903,4232,3235,2320,8768
1952,1903,4232,5413,2258,3376
1952,1903,4232,3116,5288,8044
1952,1903,4232,8139,9110,810
1952,1903,4232,7501,2677,805
1952,1903,4232,11,3823,1524
1952,1903,4232,8513,4858,3488
1952,1903,4232,2956,4441,5527
1952,1903,4232,1373,8047,8366
1952,1903,4232,8723,9961,5192
1952,1903,4232,366,4509,6178
1952,1903,4232,1729,5016,9086
1952,1903,4232,1784,9425,3805
1952,1903,4232,1134,7067,8335
1952,1903,4232,8756,818,2701
1952,1903,4232,856,8551,2663
1952,1903,4232,5738,93,1797
1952,1903,4232,3726,7289,2579
1952,1903,4232,7181,6530,2383
1952,1903,4232,9527,1222,6359
1952,1903,4232,7462,3356,6562
1952,1903,4232,4645,2240,2382
1952,1903,4232,4135,688,1189
1952,1903,4232,3263,9061,4325
1952,1903,4232,5133,6153,1226
1952,1903,4232,3311,2883,3033
1952,1903,4232,3949,2705,7322
1952,1903,4232,8705,2026,1488
1952,1903,4232,6860,3365,2541
1952,1903,4232,7297,7601,6130
1952,1903,4232,6808,4469,8771
1952,1903,4232,9607,5906,8960
1952,1903,4232,8557,2246,2067
1952,1903,4232,2327,6425,7768
1952,1903,4232,7640,165,1722
1952,1903,4232,6419,2065,4291
1952,1903,4232,6939,4602,1799
1952,1903,4232,2080,9730,9417
1952,1903,4232,4487,7025,7981
1952,1903,4232,5717,9331,6759
1952,1903,4232,7311,3373,9374
1952,1903,4232,2240,2411,9394
1952,1903,4232,7717,6800,9544
1952,1903,4232,9331,9091,6621
1952,1903,4232,1952,6632,1978
1952,1903,4232,797,7510,3210
1952,1903,4232,9318,6530,6751
1952,1903,4232,7857,5346,1703
1952,1903,4232,9788,8218,4520
1952,1903,4232,4830,7932,6090
1952,1903,4232,4243,6239,3441
1952,1903,4232,3312,8593,8820
1952,1903,4232,8790,169,5009
1952,1903,4232,9367,5017,2712
1952,1903,4232,5041,1539,6513
1952,1903,4232,9329,6089,3401
1952,1903,4232,9339,437,2549
1952,1903,4232,5184,3832,8804
1952,1903,4232,2572,932,4918
1952,1903,4232,3470,9402,8022
1952,1903,4232,8990,9998,9174
1952,1903,4232,3705,5171,1302
1952,1903,4232,5701,331,2703
1952,1903,4232,9618,1443,6591
1952,1903,4232,2053,6715,926
1952,1903,4232,2351,7126,4598
1952,1903,4232,9668,1273,3585
1952,1903,4232,7431,8407,2089
1952,1903,4232,7260,7306,3339
1952,1903,4232,173,9037,4442
1952,1903,4232,5212,5117,9242
1952,1903,4232,2153,4908,6248
1952,1903,4232,5575,7942,4768
1952,1903,4232,2224,859,7980
1952,1903,4232,8801,9189,3098
1952,1903,4232,4853,9526,2919
1952,1903,4232,9005,5569,6611
1952,1903,4232,9559,4034,5055
1952,1903,4232,2536,2906,4932
1952,1903,4232,3440,9207,3742
1952,1903,4232,4086,5748,1797
1952,1903,4232,8280,7916,4392
1952,1903,4232,6740,1718,9998
1952,1903,4232,2299,6989,7677
1952,1903,4232,7784,5694,2709
1952,1903,4232,5836,6460,3393
1952,1903,4232,6698,7360,1254
1952,1903,4232,169,1889,4931
1952,1903,4232,3554,5756,5303
1952,1903,4232,6191,1804,8849
1952,1903,4232,3816,2619,2263
1952,1903,4232,4335,4874,8862
1952,1903,4232,8048,3670,7561
1952,1903,4232,3980,3300,7384
1952,1903,4232,4420,4865,2412
1952,1903,4232,3552,3508,4150
1952,1903,4232,2252,5769,1687
1952,1903,4232,1323,943,9936
1952,1903,4232,5289,9351,1063
1952,1903,4232,7377,1720,7765
1952,1903,4232,5760,5884,1631
1952,1903,4232,7458,4453,1013
1952,1903,4232,2989,1182,1505
1952,1903,4232,282,5315,9771
1952,1903,4232,9639,5534,7033
1952,1903,4232,6759,7680,5417
1952,1903,4232,9959,4633,3959
1952,1903,4232,5529,5178,116
1952,1903,4232,4026,9503,6451
1952,1903,4232,1879,2875,6581
1952,1903,4232,3305,5632,6938
1952,1903,4232,2036,770,6897
1952,1903,4232,5539,1284,1629
1952,1903,4232,5472,7810,5098
1952,1903,4232,1159,1336,308
1952,1903,4232,4961,3225,68
1952,1903,4232,7274,230,3495
1952,1903,4232,4109,4088,4741
1952,1903,4232,5763,2137,4640
1952,1903,4232,1258,5990,5362
1952,1903,4232,5526,8208,333
1952,1903,4232,204,8512,2145
1952,1903,4232,7152,5319,9457
1952,1903,4232,5329,6780,410
1952,1903,4232,3456,4555,4159
1952,1903,4232,9311,3847,7297
1952,1903,4232,6109,6441,8613
1952,1903,4232,4723,3953,757
1952,1903,4232,2489,6327,7705
1952,1903,4232,9929,8816,3917
1952,1903,4232,2233,868,815
1952,1903,4232,4234,5223,5364
1952,1903,4232,4947,9147,1930
1952,1903,4232,6710,5430,3758
1952,1903,4232,7510,7293,6899
1952,1903,4232,3877,6675,6255
1952,1903,4232,4483,1977,7857
1952,1903,4232,6319,6516,5894
1952,1903,4232,8573,8920,6322
1952,1903,4232,9701,4154,370
1952,1903,4232,5761,854,1865
1952,1903,4232,1904,1545,1905
1952,1903,4232,8479,3458,4161
1952,1903,4232,6122,4562,1491
1952,1903,4232,6399,3606,1534
1952,1903,4232,1043,2957,6699
1952,1903,4232,5212,7996,6078
1952,1903,4232,4869,1691,448
1952,1903,4232,3107,5866,4346
1952,1903,4232,5221,4837,4644
1952,1903,4232,6760,1122,5722
1952,1903,4232,4531,6211,698
1952,1903,4232,259,6077,9011
1952,1903,4232,8977,2555,6585
1952,1903,4232,5936,2688,2953
1952,1903,4232,2539,4400,6378
1952,1903,4232,7777,3976,7656
1952,1903,4232,3183,5215,4809
1952,1903,4232,4388,8664,1637
1952,1903,4232,4059,1490,5835
1952,1903,4232,1793,4176,9667
1952,1903,4232,3746,2970,8225
1952,1903,4232,7889,1806,3283
1952,1903,4232,9648,528,7244
1952,1903,4232,708,694,5756
1952,1903,4232,5079,3765,3008
1952,1903,4232,2440,7887,5873
1952,1903,4232,6366,4580,7692
1952,1903,4232,349,1152,3172
1952,1903,4232,9541,5466,6050
1952,1903,4232,3778,451,6415
1952,1903,4232,9184,3430,5830
1952,1903,4232,6731,1978,3388
1952,1903,4232,9160,4242,4677
1952,1903,4232,3097,8555,8717
1952,1903,4232,3217,1355,9345
1952,1903,4232,2897,4911,2889
1952,1903,4232,5746,1540,3151
1952,1903,4232,7247,1564,900
1952,1903,4232,2465,3929,7346
1952,1903,4232,4194,7892,1872
1952,1903,4232,3073,1483,9309
1952,1903,4232,4392,2732,2637
1952,1903,4232,6940,2503,1515
1952,1903,4232,7491,9433,6757
1952,1903,4232,9482,9737,363
1952,1903,4232,769,5694,90
1952,1903,4232,2514,8833,4567
1952,1903,4232,986,2768,1545
1952,1903,4232,7267,9951,2997
1952,1903,4232,4094,8760,6335
1952,1903,4232,1136,4883,4914
1952,1903,4232,3219,2651,7213
1952,1903,4232,7242,6732,105
1952,1903,4232,2597,6741,4534
1952,1903,4232,5050,4320,3939
1952,1903,4232,8860,2992,2635
1952,1903,4232,7088,4683,6358
1952,1903,4232,237,1404,189
1952,1903,4232,3116,8904,2933
1952,1903,4232,9636,1373,3328
1952,1903,4232,7983,3441,4690
1952,1903,4232,7086,5205,149
1952,1903,4232,9571,1789,9167
1952,1903,4232,9699,4795,4335
1952,1903,4232,9109,6546,3803
1952,1903,4232,5441,6321,9121
1952,1903,4232,1118,4942,1931
1952,1903,4232,7903,7552,9832
1952,1903,4232,4159,7798,6701
1952,1903,4232,7755,6926,4158
1952,1903,4232,1377,5642,7302
1952,1903,4232,9403,4138,9631
1952,1903,4232,1146,9755,7170
