1952,1903,4232,6555,11,1310
1952,1903,4232,4129,9220,9578
1952,1903,4232,788,5975,4250
1952,1903,4232,6056,1066,7320
1952,1903,4232,9490,9462,445
1952,1903,4232,2857,2292,5418
1952,1903,4232,4347,9957,3731
1952,1903,4232,7081,6407,25
1952,1903,4232,2620,5804,9112
1952,1903,4232,1609,7804,4808
1952,1903,4232,5522,1258,8695
1952,1903,4232,965,8836,1351
1952,1903,4232,6200,205,6823
1952,1903,4232,7077,4087,550
1952,1903,4232,2166,5422,6951
1952,1903,4232,5931,7812,4058
1952,1903,4232,9293,3310,5707
1952,1903,4232,1918,606,2031
1952,1903,4232,6271,3266,427
1952,1903,4232,4431,3148,9863
1952,1903,4232,545,5334,4459
1952,1903,4232,8639,8270,1246
1952,1903,4232,6585,4141,3920
1952,1903,4232,6752,6160,8702
1952,1903,4232,5525,3991,3939
1952,1903,4232,6013,9258,115
1952,1903,4232,2395,1147,8641
1952,1903,4232,9396,2918,8701
1952,1903,4232,1012,7749,6609
1952,1903,4232,3846,719,4782
1952,1903,4232,7045,9503,3150
1952,1903,4232,3638,6284,8431
1952,1903,4232,1450,2017,3169
1952,1903,4232,1525,5444,8707
1952,1903,4232,6573,1493,7216
1952,1903,4232,5951,7505,2349
1952,1903,4232,4757,4288,8796
1952,1903,4232,8496,8907,5490
1952,1903,4232,1863,4308,290
1952,1903,4232,46,3140,5595
1952,1903,4232,2931,4004,1444
1952,1903,4232,7411,6790,3578
1952,1903,4232,2254,7152,1466
1952,1903,4232,5990,4511,587
1952,1903,4232,5470,9640,6233
1952,1903,4232,477,1470,3044
1952,1903,4232,1804,3506,5505
1952,1903,4232,5207,3394,6859
1952,1903,4232,9290,2910,9926
1952,1903,4232,3782,772,2376
1952,1903,4232,8912,1056,6150
1952,1903,4232,4474,9947,510
1952,1903,4232,1502,8841,6700
1952,1903,4232,5283,3829,3647
1952,1903,4232,1064,5378,8666
1952,1903,4232,3106,5074,9590
1952,1903,4232,9560,9792,9208
1952,1903,4232,9607,302,7916
1952,1903,4232,565,5932,3629
1952,1903,4232,9043,4461,4619
1952,1903,4232,6609,2259,2931
1952,1903,4232,4056,3381,9320
1952,1903,4232,1391,8723,6984
1952,1903,4232,788,5421,7707
1952,1903,4232,9471,2025,7887
1952,1903,4232,6204,2702,3915
1952,1903,4232,5424,597,2048
1952,1903,4232,4176,1072,3291
1952,1903,4232,5220,7611,661
1952,1903,4232,5606,8974,9396
1952,1903,4232,7526,3628,538
1952,1903,4232,5495,9616,9283
1952,1903,4232,6984,2020,5290
1952,1903,4232,4950,2977,1605
1952,1903,4232,3096,6836,1327
1952,1903,4232,5402,5234,8081
1952,1903,4232,2908,9273,9823
1952,1903,4232,9014,9462,204
1952,1903,4232,9360,1421,174
1952,1903,4232,6994,6671,8505
1952,1903,4232,4060,7705,1905
1952,1903,4232,9895,575,7971
1952,1903,4232,6177,7458,1397
1952,1903,4232,7306,8094,1413
1952,1903,4232,4823,7200,7374
1952,1903,4232,3973,3960,5597
1952,1903,4232,7401,6027,7593
1952,1903,4232,3415,4289,4406
1952,1903,4232,2008,8691,6032
1952,1903,4232,8996,7608,8746
1952,1903,4232,2360,934,9109
1952,1903,4232,3670,438,4556
1952,1903,4232,8918,4180,1616
1952,1903,4232,6167,9187,3680
1952,1903,4232,6641,9780,789
1952,1903,4232,8363,4423,5221
1952,1903,4232,7987,2524,4250
1952,1903,4232,5197,2250,4007
1952,1903,4232,8274,3085,8564
1952,1903,4232,2591,672,5167
1952,1903,4232,3691,2106,6644
1952,1903,4232,1588,9844,9840
1952,1903,4232,3907,2070,9414
1952,1903,4232,5500,2577,3022
1952,1903,4232,5462,2630,7338
1952,1903,4232,588,223,7368
1952,1903,4232,1965,8365,3221
1952,1903,4232,3568,1268,8955
1952,1903,4232,5809,3375,3014
1952,1903,4232,3326,4989,4096
1952,1903,4232,1566,395,5439
1952,1903,4232,7823,2162,4633
1952,1903,4232,5282,5030,6046
1952,1903,4232,6932,4009,8693
1952,1903,4232,7569,4786,4547
1952,1903,4232,1917,1143,5683
1952,1903,4232,5655,5270,7271
1952,1903,4232,7251,5277,9970
1952,1903,4232,3104,2848,3593
1952,1903,4232,9066,1173,2676
1952,1903,4232,6825,6265,5795
1952,1903,4232,8149,9779,4255
1952,1903,4232,6578,2427,528
1952,1903,4232,9064,5735,2458
1952,1903,4232,9122,3891,6961
1952,1903,4232,7173,7167,946
1952,1903,4232,8608,4254,8958
1952,1903,4232,4356,2659,4982
1952,1903,4232,3312,8220,2395
1952,1903,4232,6533,965,1695
1952,1903,4232,7040,4561,526
1952,1903,4232,3970,2009,4212
1952,1903,4232,971,3714,8863
1952,1903,4232,8298,7952,804
1952,1903,4232,8485,9053,9340
1952,1903,4232,641,7836,6575
1952,1903,4232,3409,3737,9925
1952,1903,4232,7568,660,218
1952,1903,4232,3504,4897,950
1952,1903,4232,6892,7759,9436
1952,1903,4232,3981,1032,3412
1952,1903,4232,1291,9079,2923
1952,1903,4232,1123,9463,4598
1952,1903,4232,8879,7510,1398
1952,1903,4232,126,9658,6462
1952,1903,4232,4534,9174,1561
1952,1903,4232,7060,3556,3773
1952,1903,4232,2611,9350,1637
1952,1903,4232,8440,5746,7558
1952,1903,4232,6550,6476,2500
1952,1903,4232,3553,3288,6104
1952,1903,4232,3406,5013,6659
1952,1903,4232,4775,4756,485
1952,1903,4232,2424,7446,816
1952,1903,4232,7270,5657,7631
1952,1903,4232,8226,4286,3156
1952,1903,4232,5663,244,3509
1952,1903,4232,9049,2744,1934
1952,1903,4232,8958,3953,9040
1952,1903,4232,8254,5131,9766
1952,1903,4232,4835,1881,3400
1952,1903,4232,5957,3013,4400
1952,1903,4232,8296,2485,6671
1952,1903,4232,9906,9495,7717
1952,1903,4232,9644,6796,7224
1952,1903,4232,4322,9982,2733
1952,1903,4232,4446,1798,6305
1952,1903,4232,302,8534,8296
1952,1903,4232,3689,1476,1361
1952,1903,4232,905,7218,6887
1952,1903,4232,9791,8296,8918
1952,1903,4232,3887,8715,5660
1952,1903,4232,248,8550,9948
1952,1903,4232,6914,8446,9002
1952,1903,4232,5460,768,4863
1952,1903,4232,4302,129,4287
1952,1903,4232,3284,9215,2009
1952,1903,4232,2977,8117,3263
1952,1903,4232,4496,3977,5498
1952,1903,4232,4951,2849,7610
1952,1903,4232,4592,5886,3162
1952,1903,4232,3427,2929,5153
1952,1903,4232,8847,4339,7858
1952,1903,4232,2673,7462,5874
1952,1903,4232,6321,5285,4137
1952,1903,4232,9506,3835,4844
1952,1903,4232,647,1414,2399
1952,1903,4232,3948,4351,9343
1952,1903,4232,7705,6234,452
1952,1903,4232,308,5644,9822
1952,1903,4232,888,1942,7670
1952,1903,4232,5688,8083,3949
1952,1903,4232,7991,3024,7296
1952,1903,4232,8953,4352,2181
1952,1903,4232,9485,9230,5520
1952,1903,4232,5543,6984,3665
1952,1903,4232,2706,9365,8077
1952,1903,4232,5627,7660,1018
1952,1903,4232,2334,6081,7874
1952,1903,4232,5178,9163,2011
1952,1903,4232,6366,4449,2322
1952,1903,4232,1277,7153,8811
1952,1903,4232,8021,9596,113
1952,1903,4232,399,1710,5459
1952,1903,4232,9042,8857,3924
1952,1903,4232,387,4058,4508
1952,1903,4232,2304,5119,1468
1952,1903,4232,6969,3954,2690
1952,1903,4232,7974,9524,2478
1952,1903,4232,9404,9550,5818
1952,1903,4232,6925,4257,4022
1952,1903,4232,529,3500,9609
1952,1903,4232,6421,1404,7004
1952,1903,4232,7324,9047,4198
1952,1903,4232,6712,3961,3387
1952,1903,4232,3481,1219,8145
1952,1903,4232,7804,7205,5266
1952,1903,4232,707,2333,5247
1952,1903,4232,2495,76,4457
1952,1903,4232,2221,1081,1570
1952,1903,4232,2686,1211,7965
1952,1903,4232,6403,1281,4235
1952,1903,4232,6776,1982,3153
1952,1903,4232,8233,7179,5678
1952,1903,4232,1938,9280,1583
1952,1903,4232,6538,9936,1306
1952,1903,4232,7535,2291,9339
1952,1903,4232,9944,9368,7957
1952,1903,4232,8766,1476,6189
1952,1903,4232,592,9073,5189
1952,1903,4232,8544,6607,4652
1952,1903,4232,8038,2737,4254
1952,1903,4232,6021,5112,3254
1952,1903,4232,7453,426,4969
1952,1903,4232,6599,1694,4629
1952,1903,4232,2749,8635,5153
1952,1903,4232,7833,6687,7715
1952,1903,4232,1153,1335,6521
1952,1903,4232,1370,4680,4160
1952,1903,4232,7865,1005,2552
1952,1903,4232,4888,1085,8086
1952,1903,4232,3640,836,1724
1952,1903,4232,7545,6403,3048
1952,1903,4232,2294,9758,6602
1952,1903,4232,951,6580,3550
1952,1903,4232,7257,2872,8817
1952,1903,4232,1815,1176,6995
1952,1903,4232,2995,8169,737
1952,1903,4232,4807,1988,4459
1952,1903,4232,5769,9818,9827
1952,1903,4232,1064,6326,2704
1952,1903,4232,7737,9784,7689
1952,1903,4232,5175,4875,8070
1952,1903,4232,3424,2530,3873
1952,1903,4232,8794,33,776
1952,1903,4232,9004,1410,6919
1952,1903,4232,1471,7857,3852
1952,1903,4232,6067,226,1424
1952,1903,4232,9521,8268,3248
1952,1903,4232,5448,7014,8189
1952,1903,4232,9909,7222,474
1952,1903,4232,3126,4697,8172
1952,1903,4232,1432,3455,2615
1952,1903,4232,5627,2061,2207
1952,1903,4232,969,645,300
1952,1903,4232,4959,4771,4753
1952,1903,4232,1904,9497,4714
1952,1903,4232,2501,6082,7974
1952,1903,4232,4786,2904,9964
1952,1903,4232,8099,4875,4153
1952,1903,4232,400,216,6227
1952,1903,4232,4026,7365,8023
1952,1903,4232,1986,1660,2583
1952,1903,4232,4434,6101,6862
1952,1903,4232,9962,3154,8379
1952,1903,4232,555,5604,7861
1952,1903,4232,8625,3686,4576
1952,1903,4232,6514,910,91
1952,1903,4232,830,9795,3266
1952,1903,4232,269,48,6647
1952,1903,4232,2635,2600,4040
1952,1903,4232,5068,4541,7728
1952,1903,4232,9119,4886,3026
1952,1903,4232,3753,1872,1771
1952,1903,4232,4419,5626,7432
1952,1903,4232,7128,5262,6447
1952,1903,4232,3937,1222,2336
1952,1903,4232,9065,7115,9319
1952,1903,4232,4982,1072,4624
1952,1903,4232,2861,6084,5429
1952,1903,4232,8966,7524,733
1952,1903,4232,783,275,6894
1952,1903,4232,6424,5279,7646
1952,1903,4232,464,7795,860
1952,1903,4232,7813,5997,5645
1952,1903,4232,3418,7967,3880
1952,1903,4232,7960,1271,97
1952,1903,4232,2806,5904,7702
1952,1903,4232,8071,3839,3297
1952,1903,4232,7289,420,7767
1952,1903,4232,7592,293,7655
1952,1903,4232,7853,6189,7135
1952,1903,4232,6523,1173,1597
1952,1903,4232,5756,9370,3341
1952,1903,4232,1734,9213,4756
1952,1903,4232,2034,4685,9625
1952,1903,4232,360,3767,4379
1952,1903,4232,7387,9568,9006
1952,1903,4232,7583,2955,6405
1952,1903,4232,485,5183,7002
1952,1903,4232,6352,8662,1649
1952,1903,4232,2711,6142,181
1952,1903,4232,1519,9849,3978
1952,1903,4232,7184,5461,5836
1952,1903,4232,1736,7705,84
1952,1903,4232,4055,5833,7084
1952,1903,4232,4265,1790,2234
1952,1903,4232,3105,5344,8222
1952,1903,4232,8490,7503,4348
1952,1903,4232,4252,6660,2271
1952,1903,4232,2078,4414,5649
1952,1903,4232,9008,7580,9403
1952,1903,4232,7129,8020,1369
1952,1903,4232,1521,6855,545
1952,1903,4232,9591,4137,9044
1952,1903,4232,8754,5202,2145
1952,1903,4232,7832,7178,5691
1952,1903,4232,9058,7044,2805
1952,1903,4232,5255,1567,2781
1952,1903,4232,8313,1680,1621
1952,1903,4232,6369,2101,4737
1952,1903,4232,7289,8472,9722
1952,1903,4232,4499,8503,861
1952,1903,4232,4830,268,5409
1952,1903,4232,3852,7064,5263
1952,1903,4232,4559,5581,8327
1952,1903,4232,5365,947,9530
1952,1903,4232,6894,616,6447
1952,1903,4232,3916,9575,8669
1952,1903,4232,7403,8578,905
1952,1903,4232,6353,4306,3682
1952,1903,4232,8289,5905,9572
1952,1903,4232,3048,4461,4666
1952,1903,4232,5582,8406,8492
1952,1903,4232,5422,6658,2312
1952,1903,4232,3900,8574,5543
1952,1903,4232,1901,6764,9793
1952,1903,4232,7908,7642,1780
1952,1903,4232,7185,442,8809
1952,1903,4232,3632,1562,5194
1952,1903,4232,6112,9705,2358
1952,1903,4232,9279,6153,4917
1952,1903,4232,4003,3771,6283
1952,1903,4232,3775,899,3875
1952,1903,4232,4838,7365,1697
1952,1903,4232,3498,7854,1259
1952,1903,4232,7801,6176,277
1952,1903,4232,3615,39,2097
1952,1903,4232,1623,4211,7177
1952,1903,4232,2189,650,6834
1952,1903,4232,5006,4630,3078
1952,1903,4232,2147,9540,3549
1952,1903,4232,4065,1507,412
1952,1903,4232,4806,6900,6391
1952,1903,4232,6523,1223,4660
1952,1903,4232,9375,7328,176
1952,1903,4232,5606,3561,3146
1952,1903,4232,4679,3283,573
1952,1903,4232,9193,260,694
1952,1903,4232,5488,5090,6014
1952,1903,4232,4204,1916,571
1952,1903,4232,4768,3285,2170
1952,1903,4232,3996,3930,8149
1952,1903,4232,2139,8845,4697
1952,1903,4232,503,7507,9102
1952,1903,4232,1235,2227,534
1952,1903,4232,9377,1209,5052
1952,1903,4232,4354,5487,4828
1952,1903,4232,9702,6187,2337
1952,1903,4232,9546,6476,1880
1952,1903,4232,7426,4773,7121
1952,1903,4232,782,8929,2013
1952,1903,4232,2636,7036,7463
1952,1903,4232,90,1047,64
1952,1903,4232,3707,6573,7185
1952,1903,4232,1479,8076,68
1952,1903,4232,1169,25,9121
1952,1903,4232,7096,6981,4259
1952,1903,4232,6719,440,1890
1952,1903,4232,2801,3739,2769
1952,1903,4232,8642,9633,7154
1952,1903,4232,9443,8027,8221
1952,1903,4232,3716,8944,2856
1952,1903,4232,9603,7879,1249
1952,1903,4232,5341,5587,8403
1952,1903,4232,3818,2897,9645
1952,1903,4232,6959,4202,6957
1952,1903,4232,7652,137,2718
1952,1903,4232,1091,8036,5284
1952,1903,4232,7792,7528,9099
1952,1903,4232,2562,2231,787
1952,1903,4232,6076,5932,6322
1952,1903,4232,680,3088,751
1952,1903,4232,7367,7931,5291
1952,1903,4232,1087,9401,415
1952,1903,4232,9432,1533,9923
1952,1903,4232,7210,4694,9749
1952,1903,4232,9226,7874,5988
1952,1903,4232,5531,4751,3549
1952,1903,4232,2525,7907,8256
1952,1903,4232,9588,4281,5892
1952,1903,4232,9594,3917,5107
1952,1903,4232,3951,4463,4338
1952,1903,4232,5427,7911,4388
1952,1903,4232,2607,2051,1069
1952,1903,4232,3520,5389,5567
1952,1903,4232,4128,1019,5608
1952,1903,4232,6665,4035,1766
1952,1903,4232,4043,302,8940
1952,1903,4232,2836,2755,9111
1952,1903,4232,5719,7799,5789
1952,1903,4232,307,3512,3231
1952,1903,4232,7702,7683,5383
1952,1903,4232,2569,2846,6728
1952,1903,4232,6323,4072,7145
1952,1903,4232,6104,8278,4032
1952,1903,4232,2762,1180,1533
1952,1903,4232,1275,4940,5765
1952,1903,4232,494,9501,9165
1952,1903,4232,7474,5459,6824
1952,1903,4232,7216,4106,4936
1952,1903,4232,8858,2256,2533
1952,1903,4232,1869,269,7204
1952,1903,4232,5608,7916,1812
1952,1903,4232,3479,2892,573
1952,1903,4232,8583,4116,2051
1952,1903,4232,333,3950,7036
1952,1903,4232,6887,9564,189
1952,1903,4232,1253,2210,8001
1952,1903,4232,1550,6778,9754
1952,1903,4232,3419,727,8684
1952,1903,4232,4453,7897,6903
1952,1903,4232,4200,1636,5474
1952,1903,4232,5319,7361,7102
1952,1903,4232,8982,4883,2621
1952,1903,4232,8179,5123,6015
1952,1903,4232,1458,6315,4042
1952,1903,4232,4093,7585,858
1952,1903,4232,714,1374,7246
1952,1903,4232,745,7267,1875
1952,1903,4232,1985,461,381
1952,1903,4232,2735,6025,5661
1952,1903,4232,4047,7242,817
1952,1903,4232,2871,1296,1433
1952,1903,4232,8623,8894,5279
1952,1903,4232,4187,1707,5093
1952,1903,4232,1883,2293,8375
1952,1903,4232,7101,1941,6551
1952,1903,4232,6205,2108,9522
1952,1903,4232,3238,5638,9713
1952,1903,4232,5808,3824,348
1952,1903,4232,203,3223,1155
1952,1903,4232,841,7792,1293
1952,1903,4232,8657,6416,9850
1952,1903,4232,2188,223,71
1952,1903,4232,4413,9775,4130
1952,1903,4232,4894,9574,9122
1952,1903,4232,4077,212,2587
1952,1903,4232,9091,8198,3526
1952,1903,4232,2010,3096,4684
1952,1903,4232,2,2956,3580
1952,1903,4232,2296,1454,9640
1952,1903,4232,1370,6132,8705
1952,1903,4232,8795,6210,3750
1952,1903,4232,4099,2408,6820
1952,1903,4232,3903,3972,8800
1952,1903,4232,2005,90,8067
1952,1903,4232,5643,8866,3592
1952,1903,4232,5903,9371,4379
1952,1903,4232,3539,5787,6342
1952,1903,4232,4328,2419,2304
1952,1903,4232,8421,9944,4906
1952,1903,4232,6718,2485,7646
1952,1903,4232,6197,4013,2648
1952,1903,4232,5704,4277,1654
1952,1903,4232,7922,12,3250
1952,1903,4232,8880,5401,3983
1952,1903,4232,1772,381,3201
1952,1903,4232,9654,5530,6544
1952,1903,4232,7570,9936,8397
1952,1903,4232,9093,3115,7030
1952,1903,4232,3567,2492,4687
1952,1903,4232,3452,1535,7739
1952,1903,4232,7498,886,5219
1952,1903,4232,3998,9454,2141
1952,1903,4232,8561,3237,7784
1952,1903,4232,8218,8869,4980
1952,1903,4232,4485,5592,4330
1952,1903,4232,4172,5000,9953
1952,1903,4232,5878,61,6960
1952,1903,4232,8283,7812,4045
1952,1903,4232,6327,3457,3131
1952,1903,4232,2949,2639,825
1952,1903,4232,9957,2711,5019
1952,1903,4232,2950,8494,2811
1952,1903,4232,8975,2867,9289
1952,1903,4232,5417,1654,5396
1952,1903,4232,237,2878,494
1952,1903,4232,2636,1420,3884
1952,1903,4232,9198,5049,3905
