4792,8309,3759,2131,293,7630
4792,8309,3759,6484,7193,8519
4792,8309,3759,5021,8387,3639
4792,8309,3759,4644,2644,2194
4792,8309,3759,1005,3861,9114
4792,8309,3759,3004,1782,2286
4792,8309,3759,3266,7560,4115
4792,8309,3759,1655,4734,2073
4792,8309,3759,311,8067,7510
4792,8309,3759,31,5075,385
4792,8309,3759,9930,9150,536
4792,8309,3759,5098,6022,5207
4792,8309,3759,9780,2369,823
4792,8309,3759,4751,9312,1800
4792,8309,3759,4432,8,3299
4792,8309,3759,23,14,5885
4792,8309,3759,3663,7658,3817
4792,8309,3759,5932,5443,1070
4792,8309,3759,1983,7555,1550
4792,8309,3759,1420,1762,4598
4792,8309,3759,9404,7069,4885
4792,8309,3759,3552,2998,795
4792,8309,3759,4495,3163,1341
4792,8309,3759,5976,4717,1969
4792,8309,3759,797,9656,7845
4792,8309,3759,4198,1478,2838
4792,8309,3759,6802,9868,6451
4792,8309,3759,8353,6300,2823
4792,8309,3759,512,8285,9247
4792,8309,3759,8395,1678,5954
4792,8309,3759,7811,9636,3168
4792,8309,3759,9722,3031,2836
4792,8309,3759,1653,9235,1205
4792,8309,3759,8510,8239,6486
4792,8309,3759,8063,3105,6939
4792,8309,3759,5643,4944,8195
4792,8309,3759,6416,8973,9717
4792,8309,3759,9156,3258,4299
4792,8309,3759,4443,1130,2780
4792,8309,3759,5349,7535,746
4792,8309,3759,3940,4132,5212
4792,8309,3759,5025,5344,951
4792,8309,3759,3771,6822,7788
4792,8309,3759,9430,8120,4572
4792,8309,3759,9587,9290,5410
4792,8309,3759,5373,5961,5626
4792,8309,3759,9162,9569,9209
4792,8309,3759,8839,8694,1696
4792,8309,3759,874,8849,9476
4792,8309,3759,1533,4011,1977
4792,8309,3759,9647,1640,6243
4792,8309,3759,9514,6171,6792
4792,8309,3759,9281,929,4699
4792,8309,3759,112,2225,3961
4792,8309,3759,9875,6934,6142
4792,8309,3759,8280,5013,6848
4792,8309,3759,2881,4322,6411
4792,8309,3759,3273,176,5635
4792,8309,3759,3536,4988,4659
4792,8309,3759,7542,5792,6391
4792,8309,3759,4587,7551,8713
4792,8309,3759,7743,2432,6287
4792,8309,3759,4070,3771,3573
4792,8309,3759,7087,1182,5495
4792,8309,3759,3487,4685,1782
4792,8309,3759,5986,4825,4183
4792,8309,3759,1124,5101,8528
4792,8309,3759,9334,580,3287
4792,8309,3759,3618,5403,3822
4792,8309,3759,9495,2736,4769
4792,8309,3759,1143,3087,3148
4792,8309,3759,1945,7304,3856
4792,8309,3759,6749,7196,1454
4792,8309,3759,7444,2400,6367
4792,8309,3759,5854,2452,2176
4792,8309,3759,7597,9304,7542
4792,8309,3759,8999,7289,7117
4792,8309,3759,6052,336,1581
4792,8309,3759,317,4956,3273
4792,8309,3759,374,7826,3539
4792,8309,3759,7188,4372,4930
4792,8309,3759,230,596,3676
4792,8309,3759,8440,2596,9422
4792,8309,3759,4308,2718,6765
4792,8309,3759,556,3692,8964
4792,8309,3759,4101,2053,2398
4792,8309,3759,2051,4303,4666
4792,8309,3759,3937,9008,2296
4792,8309,3759,4754,8262,6680
4792,8309,3759,6312,7848,5485
4792,8309,3759,9523,8239,7783
4792,8309,3759,3549,7767,5464
4792,8309,3759,4500,1970,6074
4792,8309,3759,5681,7890,4938
4792,8309,3759,6553,777,9025
4792,8309,3759,8666,8636,330
4792,8309,3759,4895,7976,8183
4792,8309,3759,1868,7533,9854
4792,8309,3759,8743,7046,9261
4792,8309,3759,1422,7468,8720
4792,8309,3759,9705,9277,1661
4792,8309,3759,404,2420,2065
4792,8309,3759,8087,3672,5713
4792,8309,3759,6450,2874,6972
4792,8309,3759,5930,9035,3085
4792,8309,3759,5122,8776,4961
4792,8309,3759,910,9650,8798
4792,8309,3759,9642,3332,9124
4792,8309,3759,591,2339,7873
4792,8309,3759,6755,7082,5240
4792,8309,3759,7021,2983,84
4792,8309,3759,9317,4763,8721
4792,8309,3759,4995,7700,5402
4792,8309,3759,2779,7548,3191
4792,8309,3759,9936,2228,7034
4792,8309,3759,2022,9413,5262
4792,8309,3759,493,2266,7249
4792,8309,3759,9101,4878,2785
4792,8309,3759,3159,2088,1786
4792,8309,3759,7448,7759,2595
4792,8309,3759,9065,5970,2708
4792,8309,3759,7512,3178,641
4792,8309,3759,6498,9244,4301
4792,8309,3759,1911,6291,730
4792,8309,3759,1480,7811,4567
4792,8309,3759,1697,5695,5580
4792,8309,3759,1199,2240,373
4792,8309,3759,4444,1018,8570
4792,8309,3759,2809,7496,6122
4792,8309,3759,9701,8375,2781
4792,8309,3759,8007,7092,8541
4792,8309,3759,5997,1485,1356
4792,8309,3759,1043,9805,3462
4792,8309,3759,666,2221,1446
4792,8309,3759,4885,2223,4618
4792,8309,3759,6586,2466,7553
4792,8309,3759,8,3868,6975
4792,8309,3759,1116,9698,5920
4792,8309,3759,6847,7773,1518
4792,8309,3759,6356,8796,4425
4792,8309,3759,2746,6841,5461
4792,8309,3759,6369,112,4869
4792,8309,3759,7166,8536,9826
4792,8309,3759,3304,4711,2425
4792,8309,3759,4614,7999,9316
4792,8309,3759,438,4493,3238
4792,8309,3759,7962,1713,7272
4792,8309,3759,6906,7433,8128
4792,8309,3759,3706,4011,3271
4792,8309,3759,6262,5191,2922
4792,8309,3759,6803,8038,6014
4792,8309,3759,8118,4171,6
4792,8309,3759,8691,1490,206
4792,8309,3759,3986,6525,9178
4792,8309,3759,3365,2281,2279
4792,8309,3759,1663,8059,6862
4792,8309,3759,215,8063,5411
4792,8309,3759,673,5503,7741
4792,8309,3759,8498,5417,6405
4792,8309,3759,4080,7467,5033
4792,8309,3759,5812,4747,1814
4792,8309,3759,6548,1983,2596
4792,8309,3759,3449,4055,4111
4792,8309,3759,6239,8508,3739
4792,8309,3759,1676,7581,6163
4792,8309,3759,8115,6770,1072
4792,8309,3759,3609,5317,8804
4792,8309,3759,5462,4850,5317
4792,8309,3759,4737,2744,3993
4792,8309,3759,962,8208,3860
4792,8309,3759,9742,9285,5318
4792,8309,3759,3549,2802,4903
4792,8309,3759,2135,5309,2319
4792,8309,3759,3826,5719,8848
4792,8309,3759,136,2716,1506
4792,8309,3759,9919,8134,2426
4792,8309,3759,8740,8980,6048
4792,8309,3759,562,4342,7557
4792,8309,3759,457,980,704
4792,8309,3759,1084,2883,7947
4792,8309,3759,2742,4151,6582
4792,8309,3759,8962,6454,4547
4792,8309,3759,6881,9753,9899
4792,8309,3759,9534,2332,2284
4792,8309,3759,2522,7300,881
4792,8309,3759,4288,9225,6975
4792,8309,3759,3069,2139,5448
4792,8309,3759,5026,6100,6784
4792,8309,3759,159,18,5418
4792,8309,3759,9263,5336,1943
4792,8309,3759,7472,189,8646
4792,8309,3759,9458,526,3977
4792,8309,3759,4,4005,1168
4792,8309,3759,8467,4866,4048
4792,8309,3759,10,4685,5770
4792,8309,3759,8158,8061,694
4792,8309,3759,403,3716,2053
4792,8309,3759,8942,7564,5327
4792,8309,3759,6717,8493,8445
4792,8309,3759,3983,5798,6557
4792,8309,3759,1236,9534,2939
4792,8309,3759,6155,7295,2056
4792,8309,3759,5055,9667,9638
4792,8309,3759,9189,2862,821
4792,8309,3759,1981,7536,1983
4792,8309,3759,7739,7884,5468
4792,8309,3759,1005,4439,9365
4792,8309,3759,1431,1316,7090
4792,8309,3759,2683,610,2278
4792,8309,3759,6716,9346,8813
4792,8309,3759,2474,7857,3565
4792,8309,3759,4781,1867,7149
4792,8309,3759,6601,5720,7389
4792,8309,3759,9868,4220,9768
4792,8309,3759,7108,6934,2536
4792,8309,3759,3707,3264,6394
4792,8309,3759,7341,8943,5159
4792,8309,3759,9171,3465,6854
4792,8309,3759,9527,6363,8429
4792,8309,3759,6272,7402,6508
4792,8309,3759,4280,5549,7466
4792,8309,3759,7284,1266,1865
4792,8309,3759,4996,8706,8581
4792,8309,3759,1786,5227,5912
4792,8309,3759,4209,5442,1993
4792,8309,3759,5424,9355,625
4792,8309,3759,3628,9164,8837
4792,8309,3759,2075,1192,474
4792,8309,3759,9182,2127,5185
4792,8309,3759,4337,9817,7753
4792,8309,3759,7686,9763,9804
4792,8309,3759,131,1559,9285
4792,8309,3759,2198,8684,7758
4792,8309,3759,4791,2707,5179
4792,8309,3759,312,2463,4723
4792,8309,3759,3357,7023,4877
4792,8309,3759,7014,9667,4962
4792,8309,3759,3524,467,2495
4792,8309,3759,4481,737,8251
4792,8309,3759,5786,6695,8711
4792,8309,3759,821,2730,1141
4792,8309,3759,3949,4,3780
4792,8309,3759,9570,3308,7892
4792,8309,3759,1389,5482,5189
4792,8309,3759,7923,2188,5938
4792,8309,3759,6524,8090,5271
4792,8309,3759,591,3074,9500
4792,8309,3759,5155,5641,8777
4792,8309,3759,518,4689,2064
4792,8309,3759,5800,4818,3793
4792,8309,3759,7439,8665,3432
4792,8309,3759,6968,468,3690
4792,8309,3759,7589,5594,6114
4792,8309,3759,1319,4071,9318
4792,8309,3759,8707,8162,7993
4792,8309,3759,5547,3438,3572
4792,8309,3759,4154,6960,6905
4792,8309,3759,4936,3183,1482
4792,8309,3759,5878,8981,187
4792,8309,3759,4970,6434,9507
4792,8309,3759,9123,9142,5389
4792,8309,3759,9502,1988,6977
4792,8309,3759,9561,5045,2127
4792,8309,3759,157,3328,7999
4792,8309,3759,5714,7520,8234
4792,8309,3759,605,5228,6375
4792,8309,3759,466,5801,54
4792,8309,3759,1393,3768,7437
4792,8309,3759,3416,9818,3332
4792,8309,3759,7667,8363,2051
4792,8309,3759,3564,1894,4336
4792,8309,3759,3965,8805,141
4792,8309,3759,8535,5844,6244
4792,8309,3759,9390,2377,4621
4792,8309,3759,6650,2115,9727
4792,8309,3759,9691,4893,1027
4792,8309,3759,5970,2339,404
4792,8309,3759,2870,2368,3368
4792,8309,3759,3355,9696,2422
4792,8309,3759,6910,5380,3700
4792,8309,3759,5577,9863,6407
4792,8309,3759,3131,8870,3443
4792,8309,3759,6761,2237,5329
4792,8309,3759,5291,6794,7545
4792,8309,3759,2830,289,3919
4792,8309,3759,8723,7848,9474
4792,8309,3759,5529,3844,2789
4792,8309,3759,4049,7097,7219
4792,8309,3759,6288,2224,1680
4792,8309,3759,8979,2963,741
4792,8309,3759,5960,4897,2953
4792,8309,3759,575,7523,6781
4792,8309,3759,6436,1926,1149
4792,8309,3759,5669,2179,890
4792,8309,3759,1585,8126,1880
4792,8309,3759,9084,4696,1453
4792,8309,3759,415,3547,6137
4792,8309,3759,9444,9808,6296
4792,8309,3759,1503,3754,2832
4792,8309,3759,1701,760,7548
4792,8309,3759,7622,5616,6918
4792,8309,3759,4370,916,3114
4792,8309,3759,5804,4202,3736
4792,8309,3759,8208,1069,8114
4792,8309,3759,4960,1659,7910
4792,8309,3759,5046,3141,9616
4792,8309,3759,2901,3180,4948
4792,8309,3759,7690,942,2322
4792,8309,3759,136,2138,8278
4792,8309,3759,1144,3102,6509
4792,8309,3759,8700,4057,8170
4792,8309,3759,283,6378,7366
4792,8309,3759,9365,6191,8817
4792,8309,3759,5048,4539,3500
4792,8309,3759,3579,9622,6800
4792,8309,3759,7116,4724,4643
4792,8309,3759,9467,3313,746
4792,8309,3759,8149,3444,3248
4792,8309,3759,8912,689,1040
4792,8309,3759,6150,7795,6139
4792,8309,3759,1649,9567,6770
4792,8309,3759,8243,6523,2266
4792,8309,3759,1033,4062,8396
4792,8309,3759,2500,8437,9969
4792,8309,3759,1664,6412,3321
4792,8309,3759,4498,737,7340
4792,8309,3759,9454,3326,9031
4792,8309,3759,9588,2756,1112
4792,8309,3759,9603,9833,2677
4792,8309,3759,2762,2295,501
4792,8309,3759,7809,6239,5801
4792,8309,3759,4881,893,5555
4792,8309,3759,4426,8738,7118
4792,8309,3759,6893,6473,6376
4792,8309,3759,1026,7260,2131
4792,8309,3759,7681,1446,4176
4792,8309,3759,4770,8648,9964
4792,8309,3759,5635,1964,6733
4792,8309,3759,1873,2530,8563
4792,8309,3759,8698,4905,5902
4792,8309,3759,7671,2663,570
4792,8309,3759,2166,8424,6478
4792,8309,3759,7169,7532,7953
4792,8309,3759,3325,699,2249
4792,8309,3759,3451,2590,624
4792,8309,3759,8196,6391,1607
4792,8309,3759,7518,1416,6193
4792,8309,3759,7648,2618,7427
4792,8309,3759,125,1076,9458
4792,8309,3759,786,1978,4514
4792,8309,3759,8436,6762,8810
4792,8309,3759,4572,8777,1628
4792,8309,3759,5850,4348,7203
4792,8309,3759,745,4257,8670
4792,8309,3759,7727,8573,7526
4792,8309,3759,2942,5583,5508
4792,8309,3759,4540,9419,3379
4792,8309,3759,9020,6189,4146
4792,8309,3759,5002,7311,3898
4792,8309,3759,5887,3852,1537
4792,8309,3759,7760,3215,4656
4792,8309,3759,3183,4108,9099
4792,8309,3759,9926,2381,5427
4792,8309,3759,474,9345,9334
4792,8309,3759,7466,3534,7713
4792,8309,3759,9907,5169,751
4792,8309,3759,8523,1342,9856
4792,8309,3759,3925,2442,7720
4792,8309,3759,5861,2741,3358
4792,8309,3759,3226,2420,6379
4792,8309,3759,4710,6239,833
4792,8309,3759,7154,3497,6038
4792,8309,3759,4594,2295,9804
4792,8309,3759,3852,5281,6764
4792,8309,3759,9228,9625,2501
4792,8309,3759,4609,9627,3686
4792,8309,3759,3621,4209,4040
4792,8309,3759,4047,2261,5032
4792,8309,3759,149,8289,1435
4792,8309,3759,7276,4409,1563
4792,8309,3759,831,3687,6469
4792,8309,3759,4578,8281,7714
4792,8309,3759,8416,9293,3727
4792,8309,3759,6475,1921,3744
4792,8309,3759,2630,1690,9169
4792,8309,3759,5914,4519,691
4792,8309,3759,1415,2906,7449
4792,8309,3759,3334,7290,9044
4792,8309,3759,7528,4100,2521
4792,8309,3759,7722,913,8878
4792,8309,3759,4623,4675,4984
4792,8309,3759,2481,6212,7144
4792,8309,3759,389,3848,8687
4792,8309,3759,9217,965,9071
4792,8309,3759,686,5649,8329
4792,8309,3759,1006,4708,5080
4792,8309,3759,5487,9403,364
4792,8309,3759,1436,1182,3328
4792,8309,3759,4924,9314,3676
4792,8309,3759,1603,6450,6902
4792,8309,3759,2041,6577,5730
4792,8309,3759,6914,5907,7269
4792,8309,3759,8235,4175,6879
4792,8309,3759,2398,7478,9378
4792,8309,3759,2190,7422,9456
4792,8309,3759,2426,5943,4218
4792,8309,3759,7850,3439,408
4792,8309,3759,6298,623,6970
4792,8309,3759,8185,8300,8273
4792,8309,3759,4583,9879,5800
4792,8309,3759,3472,7225,5264
4792,8309,3759,3656,4456,9831
4792,8309,3759,2522,1838,1124
4792,8309,3759,8070,9032,9234
4792,8309,3759,1830,3697,2040
4792,8309,3759,5619,2024,3047
4792,8309,3759,1370,228,2845
4792,8309,3759,2444,968,8364
4792,8309,3759,482,4953,982
4792,8309,3759,5998,5069,1486
4792,8309,3759,4997,6853,692
4792,8309,3759,4118,5550,3640
4792,8309,3759,8498,8067,8725
4792,8309,3759,334,5870,597
4792,8309,3759,527,2957,7349
4792,8309,3759,5290,940,2370
4792,8309,3759,7129,9516,3464
4792,8309,3759,3351,37,4455
4792,8309,3759,8832,1570,7894
4792,8309,3759,2298,285,3700
4792,8309,3759,3705,1842,1874
4792,8309,3759,8722,5465,9216
4792,8309,3759,270,6043,3483
4792,8309,3759,7939,9783,2551
4792,8309,3759,791,7410,8494
4792,8309,3759,8354,5870,9057
4792,8309,3759,6988,2001,1788
4792,8309,3759,4012,1178,5259
4792,8309,3759,7644,598,4995
4792,8309,3759,4689,1146,9933
4792,8309,3759,5470,4324,1713
4792,8309,3759,4658,963,838
4792,8309,3759,173,1090,1928
4792,8309,3759,4198,2641,4549
4792,8309,3759,8507,5467,7791
4792,8309,3759,485,7586,2406
4792,8309,3759,5693,7607,1744
4792,8309,3759,6785,5493,5042
4792,8309,3759,6815,8383,527
4792,8309,3759,5454,3680,9309
4792,8309,3759,9147,4050,6687
4792,8309,3759,162,1885,1629
4792,8309,3759,6758,3220,8912
4792,8309,3759,8670,4213,5005
4792,8309,3759,4231,2383,3183
4792,8309,3759,77,5140,7869
4792,8309,3759,2409,8979,2332
4792,8309,3759,3380,5200,2096
4792,8309,3759,1863,5677,8248
4792,8309,3759,7394,2295,5992
4792,8309,3759,9547,8864,3324
4792,8309,3759,504,9020,7922
4792,8309,3759,8592,1773,3569
4792,8309,3759,1370,7488,8886
4792,8309,3759,8572,761,6275
4792,8309,3759,5802,7433,5541
4792,8309,3759,7266,268,1598
4792,8309,3759,2820,2121,9497
4792,8309,3759,2490,6426,375
4792,8309,3759,1377,1850,5383
4792,8309,3759,4673,8421,7582
4792,8309,3759,9756,5917,3596
4792,8309,3759,3375,3835,3892
4792,8309,3759,9844,2446,1099
4792,8309,3759,8568,4866,1172
4792,8309,3759,1834,920,1939
4792,8309,3759,5070,787,3235
4792,8309,3759,1718,5639,6561
4792,8309,3759,663,7887,9775
4792,8309,3759,7471,4469,2846
4792,8309,3759,7347,8413,1294
4792,8309,3759,4962,622,9903
4792,8309,3759,2030,2324,1872
4792,8309,3759,6549,3567,4656
4792,8309,3759,1540,4489,150
4792,8309,3759,2656,7647,1408
4792,8309,3759,5326,9971,1499
4792,8309,3759,6966,6838,1404
4792,8309,3759,8003,8107,6283
4792,8309,3759,6434,508,8750
4792,8309,3759,1594,9560,6897
4792,8309,3759,2308,9549,2856
4792,8309,3759,8474,6935,6996
4792,8309,3759,3463,9950,9009
4792,8309,3759,2136,428,3799
4792,8309,3759,7944,3778,6338
4792,8309,3759,9580,5397,7561
4792,8309,3759,627,5496,7062
4792,8309,3759,9691,7111,9446
4792,8309,3759,6706,7244,4190
4792,8309,3759,2536,9855,2084
4792,8309,3759,9689,1781,7832
4792,8309,3759,8210,3294,4659
4792,8309,3759,296,3198,748
4792,8309,3759,2694,271,8892
4792,8309,3759,3409,7037,16
4792,8309,3759,9320,8438,7717
4792,8309,3759,6878,6870,9926
4792,8309,3759,9691,4485,9174
4792,8309,3759,7176,5912,494
