5130,6506,9733,7622,5616,6918
5130,6506,9733,4370,916,3114
5130,6506,9733,5804,4202,3736
5130,6506,9733,8208,1069,8114
5130,6506,9733,4960,1659,7910
5130,6506,9733,5046,3141,9616
5130,6506,9733,2901,3180,4948
5130,6506,9733,7690,942,2322
5130,6506,9733,136,2138,8278
5130,6506,9733,1144,3102,6509
5130,6506,9733,8700,4057,8170
5130,6506,9733,283,6378,7366
5130,6506,9733,9365,6191,8817
5130,6506,9733,5048,4539,3500
5130,6506,9733,3579,9622,6800
5130,6506,9733,7116,4724,4643
5130,6506,9733,9467,3313,746
5130,6506,9733,8149,3444,3248
5130,6506,9733,8912,689,1040
5130,6506,9733,6150,7795,6139
5130,6506,9733,1649,9567,6770
5130,6506,9733,8243,6523,2266
5130,6506,9733,1033,4062,8396
5130,6506,9733,2500,8437,9969
5130,6506,9733,1664,6412,3321
5130,6506,9733,4498,737,7340
5130,6506,9733,9454,3326,9031
5130,6506,9733,9588,2756,1112
5130,6506,9733,9603,9833,2677
5130,6506,9733,2762,2295,501
5130,6506,9733,7809,6239,5801
5130,6506,9733,4881,893,5555
5130,6506,9733,4426,8738,7118
5130,6506,9733,6893,6473,6376
5130,6506,9733,1026,7260,2131
5130,6506,9733,7681,1446,4176
5130,6506,9733,4770,8648,9964
5130,6506,9733,5635,1964,6733
5130,6506,9733,1873,2530,8563
5130,6506,9733,8698,4905,5902
5130,6506,9733,7671,2663,570
5130,6506,9733,2166,8424,6478
5130,6506,9733,7169,7532,7953
5130,6506,9733,3325,699,2249
5130,6506,9733,3451,2590,624
5130,6506,9733,8196,6391,1607
5130,6506,9733,7518,1416,6193
5130,6506,9733,7648,2618,7427
5130,6506,9733,125,1076,9458
5130,6506,9733,786,1978,4514
5130,6506,9733,8436,6762,8810
5130,6506,9733,4572,8777,1628
5130,6506,9733,5850,4348,7203
5130,6506,9733,745,4257,8670
5130,6506,9733,7727,8573,7526
5130,6506,9733,2942,5583,5508
5130,6506,9733,4540,9419,3379
5130,6506,9733,9020,6189,4146
5130,6506,9733,5002,7311,3898
5130,6506,9733,5887,3852,1537
5130,6506,9733,7760,3215,4656
5130,6506,9733,3183,4108,9099
5130,6506,9733,9926,2381,5427
5130,6506,9733,474,9345,9334
5130,6506,9733,7466,3534,7713
5130,6506,9733,9907,5169,751
5130,6506,9733,8523,1342,9856
5130,6506,9733,3925,2442,7720
5130,6506,9733,5861,2741,3358
5130,6506,9733,3226,2420,6379
5130,6506,9733,4710,6239,833
5130,6506,9733,7154,3497,6038
5130,6506,9733,4594,2295,9804
5130,6506,9733,3852,5281,6764
5130,6506,9733,9228,9625,2501
5130,6506,9733,4609,9627,3686
5130,6506,9733,3621,4209,4040
5130,6506,9733,4047,2261,5032
5130,6506,9733,149,8289,1435
5130,6506,9733,7276,4409,1563
5130,6506,9733,831,3687,6469
5130,6506,9733,4578,8281,7714
5130,6506,9733,8416,9293,3727
5130,6506,9733,6475,1921,3744
5130,6506,9733,2630,1690,9169
5130,6506,9733,5914,4519,691
5130,6506,9733,1415,2906,7449
5130,6506,9733,3334,7290,9044
5130,6506,9733,7528,4100,2521
5130,6506,9733,7722,913,8878
5130,6506,9733,4623,4675,4984
5130,6506,9733,2481,6212,7144
5130,6506,9733,389,3848,8687
5130,6506,9733,9217,965,9071
5130,6506,9733,686,5649,8329
5130,6506,9733,1006,4708,5080
5130,6506,9733,5487,9403,364
5130,6506,9733,1436,1182,3328
5130,6506,9733,4924,9314,3676
5130,6506,9733,1603,6450,6902
5130,6506,9733,2041,6577,5730
5130,6506,9733,6914,5907,7269
5130,6506,9733,8235,4175,6879
5130,6506,9733,2398,7478,9378
5130,6506,9733,2190,7422,9456
5130,6506,9733,2426,5943,4218
5130,6506,9733,7850,3439,408
5130,6506,9733,6298,623,6970
5130,6506,9733,8185,8300,8273
5130,6506,9733,4583,9879,5800
5130,6506,9733,3472,7225,5264
5130,6506,9733,3656,4456,9831
5130,6506,9733,2522,1838,1124
5130,6506,9733,8070,9032,9234
5130,6506,9733,1830,3697,2040
5130,6506,9733,5619,2024,3047
5130,6506,9733,1370,228,2845
5130,6506,9733,2444,968,8364
5130,6506,9733,482,4953,982
5130,6506,9733,5998,5069,1486
5130,6506,9733,4997,6853,692
5130,6506,9733,4118,5550,3640
5130,6506,9733,8498,8067,8725
5130,6506,9733,334,5870,597
5130,6506,9733,527,2957,7349
5130,6506,9733,5290,940,2370
5130,6506,9733,7129,9516,3464
5130,6506,9733,3351,37,4455
5130,6506,9733,8832,1570,7894
5130,6506,9733,2298,285,3700
5130,6506,9733,3705,1842,1874
5130,6506,9733,8722,5465,9216
5130,6506,9733,270,6043,3483
5130,6506,9733,7939,9783,2551
5130,6506,9733,791,7410,8494
5130,6506,9733,8354,5870,9057
5130,6506,9733,6988,2001,1788
5130,6506,9733,4012,1178,5259
5130,6506,9733,7644,598,4995
5130,6506,9733,4689,1146,9933
5130,6506,9733,5470,4324,1713
5130,6506,9733,4658,963,838
5130,6506,9733,173,1090,1928
5130,6506,9733,4198,2641,4549
5130,6506,9733,8507,5467,7791
5130,6506,9733,485,7586,2406
5130,6506,9733,5693,7607,1744
5130,6506,9733,6785,5493,5042
5130,6506,9733,6815,8383,527
5130,6506,9733,5454,3680,9309
5130,6506,9733,9147,4050,6687
5130,6506,9733,162,1885,1629
5130,6506,9733,6758,3220,8912
5130,6506,9733,8670,4213,5005
5130,6506,9733,4231,2383,3183
5130,6506,9733,77,5140,7869
5130,6506,9733,2409,8979,2332
5130,6506,9733,3380,5200,2096
5130,6506,9733,1863,5677,8248
5130,6506,9733,7394,2295,5992
5130,6506,9733,9547,8864,3324
5130,6506,9733,504,9020,7922
5130,6506,9733,8592,1773,3569
5130,6506,9733,1370,7488,8886
5130,6506,9733,8572,761,6275
5130,6506,9733,5802,7433,5541
5130,6506,9733,7266,268,1598
5130,6506,9733,2820,2121,9497
5130,6506,9733,2490,6426,375
5130,6506,9733,1377,1850,5383
5130,6506,9733,4673,8421,7582
5130,6506,9733,9756,5917,3596
5130,6506,9733,3375,3835,3892
5130,6506,9733,9844,2446,1099
5130,6506,9733,8568,4866,1172
5130,6506,9733,1834,920,1939
5130,6506,9733,5070,787,3235
5130,6506,9733,1718,5639,6561
5130,6506,9733,663,7887,9775
5130,6506,9733,7471,4469,2846
5130,6506,9733,7347,8413,1294
5130,6506,9733,4962,622,9903
5130,6506,9733,2030,2324,1872
5130,6506,9733,6549,3567,4656
5130,6506,9733,1540,4489,150
5130,6506,9733,2656,7647,1408
5130,6506,9733,5326,9971,1499
5130,6506,9733,6966,6838,1404
5130,6506,9733,8003,8107,6283
5130,6506,9733,6434,508,8750
5130,6506,9733,1594,9560,6897
5130,6506,9733,2308,9549,2856
5130,6506,9733,8474,6935,6996
5130,6506,9733,3463,9950,9009
5130,6506,9733,2136,428,3799
5130,6506,9733,7944,3778,6338
5130,6506,9733,9580,5397,7561
5130,6506,9733,627,5496,7062
5130,6506,9733,9691,7111,9446
5130,6506,9733,6706,7244,4190
5130,6506,9733,2536,9855,2084
5130,6506,9733,9689,1781,7832
5130,6506,9733,8210,3294,4659
5130,6506,9733,296,3198,748
5130,6506,9733,2694,271,8892
5130,6506,9733,3409,7037,16
5130,6506,9733,9320,8438,7717
5130,6506,9733,6878,6870,9926
5130,6506,9733,9691,4485,9174
5130,6506,9733,7176,5912,494
5130,6506,9733,7505,2365,2831
5130,6506,9733,5076,9976,9321
5130,6506,9733,5483,546,2055
5130,6506,9733,8265,6927,46
5130,6506,9733,1902,9805,1707
5130,6506,9733,9845,460,5841
5130,6506,9733,5926,8366,3804
5130,6506,9733,4123,2305,1081
5130,6506,9733,1121,8824,6330
5130,6506,9733,8542,9681,8880
5130,6506,9733,7436,9190,7022
5130,6506,9733,154,7666,5942
5130,6506,9733,9409,9460,4086
5130,6506,9733,4150,2256,8403
5130,6506,9733,9998,9268,9155
5130,6506,9733,1625,210,1958
5130,6506,9733,6831,6583,1759
5130,6506,9733,1895,9274,8540
5130,6506,9733,5836,3825,7531
5130,6506,9733,3278,82,8876
5130,6506,9733,557,1317,367
5130,6506,9733,7475,6271,1732
5130,6506,9733,6123,1849,529
5130,6506,9733,2021,9034,176
5130,6506,9733,2393,6314,9615
5130,6506,9733,2104,219,7201
5130,6506,9733,58,6379,8231
5130,6506,9733,5540,8753,8485
5130,6506,9733,7925,6851,6155
5130,6506,9733,9426,6251,9732
5130,6506,9733,7494,2766,6581
5130,6506,9733,6862,3040,7839
5130,6506,9733,4539,2691,3340
5130,6506,9733,3,9901,4977
5130,6506,9733,4755,1949,3765
5130,6506,9733,9028,4521,8935
5130,6506,9733,9949,3923,1304
5130,6506,9733,1902,4381,435
5130,6506,9733,3502,4964,7350
5130,6506,9733,9574,4425,6373
5130,6506,9733,6959,3942,1318
5130,6506,9733,4051,2672,1426
5130,6506,9733,9368,9511,5083
5130,6506,9733,9805,7095,7263
5130,6506,9733,2851,1900,822
5130,6506,9733,9213,9861,6710
5130,6506,9733,7582,5798,6295
5130,6506,9733,7749,6920,2861
5130,6506,9733,8136,7391,5585
5130,6506,9733,6710,3062,8463
5130,6506,9733,6414,1685,9668
5130,6506,9733,6323,9065,7647
5130,6506,9733,5753,4687,2069
5130,6506,9733,373,4636,1312
5130,6506,9733,3055,3158,6812
5130,6506,9733,9565,7101,9761
5130,6506,9733,1980,4041,8068
5130,6506,9733,7720,7603,6066
5130,6506,9733,7113,1540,5514
5130,6506,9733,2480,5639,9759
5130,6506,9733,7888,8775,7823
5130,6506,9733,5982,1776,9842
5130,6506,9733,9938,7854,6235
5130,6506,9733,2052,3029,9287
5130,6506,9733,3028,9454,128
5130,6506,9733,4824,8754,7795
5130,6506,9733,8527,2237,9708
5130,6506,9733,3529,4170,902
5130,6506,9733,6275,2776,1743
5130,6506,9733,382,420,4141
5130,6506,9733,3501,9317,6193
5130,6506,9733,3150,2958,1839
5130,6506,9733,1498,4135,3837
5130,6506,9733,8724,5567,3640
5130,6506,9733,6818,4912,7935
5130,6506,9733,8915,6338,1230
5130,6506,9733,3893,7379,7495
5130,6506,9733,5152,9301,7680
5130,6506,9733,3436,7445,1904
5130,6506,9733,9787,3424,9010
5130,6506,9733,2512,5204,1668
5130,6506,9733,6977,949,7566
5130,6506,9733,6070,7469,9985
5130,6506,9733,5703,8465,4983
5130,6506,9733,1559,3643,9684
5130,6506,9733,9270,6791,2421
5130,6506,9733,6464,7673,370
5130,6506,9733,5610,9400,585
5130,6506,9733,1240,5836,4508
5130,6506,9733,3524,8337,2857
5130,6506,9733,2531,3202,8384
5130,6506,9733,1444,6373,9214
5130,6506,9733,2903,5376,635
5130,6506,9733,3387,9526,6200
5130,6506,9733,6331,6098,3490
5130,6506,9733,222,8763,6429
5130,6506,9733,1396,8426,2078
5130,6506,9733,6612,4412,5583
5130,6506,9733,2250,294,306
5130,6506,9733,9576,28,2274
5130,6506,9733,4797,6315,1241
5130,6506,9733,1929,2671,5159
5130,6506,9733,8867,6746,711
5130,6506,9733,9110,1317,96
5130,6506,9733,3977,8458,2600
5130,6506,9733,5491,4491,2259
5130,6506,9733,4599,6499,6440
5130,6506,9733,1629,8737,6613
5130,6506,9733,88,8809,523
5130,6506,9733,6808,3447,638
5130,6506,9733,4376,7967,951
5130,6506,9733,3988,3005,5544
5130,6506,9733,308,950,8356
5130,6506,9733,2740,2100,9278
5130,6506,9733,620,5522,8510
5130,6506,9733,2465,9820,465
5130,6506,9733,9119,3402,1440
5130,6506,9733,7717,3954,6967
5130,6506,9733,1542,1664,7405
5130,6506,9733,1289,6625,5827
5130,6506,9733,4775,3081,6874
5130,6506,9733,7042,6033,4692
5130,6506,9733,1342,2818,9786
5130,6506,9733,3296,4059,7552
5130,6506,9733,1099,7408,1467
5130,6506,9733,6685,8330,3412
5130,6506,9733,8373,799,1432
5130,6506,9733,819,1912,8135
5130,6506,9733,7376,9362,1096
5130,6506,9733,7808,6349,5351
5130,6506,9733,5207,5786,9726
5130,6506,9733,5520,916,1522
5130,6506,9733,5135,4227,2403
5130,6506,9733,4832,2948,2795
5130,6506,9733,8130,5847,7956
5130,6506,9733,4225,2022,70
5130,6506,9733,1056,3492,8426
5130,6506,9733,2357,8259,4475
5130,6506,9733,9770,2469,5848
5130,6506,9733,487,1854,7986
5130,6506,9733,4387,8190,7544
5130,6506,9733,8716,7928,3284
5130,6506,9733,4250,3886,4180
5130,6506,9733,8104,678,2018
5130,6506,9733,2859,5282,650
5130,6506,9733,1038,1592,9316
5130,6506,9733,4565,1610,4822
5130,6506,9733,3038,2707,2627
5130,6506,9733,2970,3271,5651
5130,6506,9733,7179,1658,8057
5130,6506,9733,364,9590,6962
5130,6506,9733,7246,2010,3657
5130,6506,9733,5808,658,2724
5130,6506,9733,9716,9607,7
5130,6506,9733,7107,8342,4387
5130,6506,9733,3149,3615,6718
5130,6506,9733,1230,8683,5539
5130,6506,9733,8896,6796,5707
5130,6506,9733,9981,9390,4731
5130,6506,9733,4167,911,6384
5130,6506,9733,7631,3183,9940
5130,6506,9733,3481,68,7968
5130,6506,9733,5690,590,1148
5130,6506,9733,877,3328,1802
5130,6506,9733,9180,4208,317
5130,6506,9733,4043,9898,8451
5130,6506,9733,1020,4321,2994
5130,6506,9733,2413,5823,8689
5130,6506,9733,9300,2994,4755
5130,6506,9733,3184,3368,2465
5130,6506,9733,6911,3568,1173
5130,6506,9733,1080,4135,300
5130,6506,9733,9366,1658,7767
5130,6506,9733,2311,3556,4840
5130,6506,9733,2566,8793,1826
5130,6506,9733,481,3816,897
5130,6506,9733,3071,85,4990
5130,6506,9733,5334,6759,2390
5130,6506,9733,7083,9609,2317
5130,6506,9733,9275,9054,8597
5130,6506,9733,9993,1567,7764
5130,6506,9733,2258,3969,109
5130,6506,9733,2626,7175,2441
5130,6506,9733,5697,9449,60
5130,6506,9733,9925,8946,7650
5130,6506,9733,3134,6451,9453
5130,6506,9733,3847,1731,8916
5130,6506,9733,893,168,2483
5130,6506,9733,1226,1487,8342
5130,6506,9733,5799,3311,5377
5130,6506,9733,2287,2870,7572
5130,6506,9733,936,714,37
5130,6506,9733,2348,5537,715
5130,6506,9733,2795,8404,612
5130,6506,9733,4592,4935,5216
5130,6506,9733,8413,1938,3269
5130,6506,9733,847,9369,9959
5130,6506,9733,4901,9733,2068
5130,6506,9733,2783,5951,7078
5130,6506,9733,2524,7261,2827
5130,6506,9733,8038,5646,1032
5130,6506,9733,595,4007,2160
5130,6506,9733,6731,6924,9274
5130,6506,9733,1061,8577,7211
5130,6506,9733,1197,8164,1463
5130,6506,9733,7666,1474,6983
5130,6506,9733,1838,7582,1747
5130,6506,9733,1420,862,3815
5130,6506,9733,512,7483,1492
5130,6506,9733,2115,7275,4386
5130,6506,9733,2723,2908,9744
5130,6506,9733,3810,3959,5221
5130,6506,9733,6241,1077,9804
5130,6506,9733,3065,1328,6419
5130,6506,9733,4921,7828,3203
5130,6506,9733,5477,1679,1728
5130,6506,9733,9511,1603,6083
5130,6506,9733,7192,8496,3761
5130,6506,9733,7010,3575,8430
5130,6506,9733,1804,8596,4360
5130,6506,9733,7604,3577,8093
5130,6506,9733,3718,3681,6661
5130,6506,9733,1776,686,9036
5130,6506,9733,141,2147,508
5130,6506,9733,1632,5206,7161
5130,6506,9733,5811,7960,2357
5130,6506,9733,9196,3738,1465
5130,6506,9733,6451,1854,6687
5130,6506,9733,7566,3289,3361
5130,6506,9733,5403,2258,8813
5130,6506,9733,1657,2589,4361
5130,6506,9733,509,7653,6548
5130,6506,9733,3531,6547,8008
5130,6506,9733,5542,453,2548
5130,6506,9733,2428,1044,6677
5130,6506,9733,9565,315,1932
5130,6506,9733,3730,4362,1090
5130,6506,9733,7468,651,9771
5130,6506,9733,9772,1837,9925
5130,6506,9733,434,7513,6528
5130,6506,9733,8623,2430,5493
5130,6506,9733,9429,7965,9059
5130,6506,9733,3716,8032,6376
5130,6506,9733,4109,9390,1801
5130,6506,9733,7417,6596,6357
5130,6506,9733,4600,1539,2941
5130,6506,9733,7012,4974,5629
5130,6506,9733,7176,7022,4574
5130,6506,9733,2571,2500,6005
5130,6506,9733,3087,7858,9557
5130,6506,9733,6921,9221,4646
5130,6506,9733,5212,1621,2971
5130,6506,9733,189,3293,8285
5130,6506,9733,146,3906,4946
5130,6506,9733,6815,310,4721
5130,6506,9733,3671,5211,1843
5130,6506,9733,5490,2137,7315
5130,6506,9733,8505,5646,2150
5130,6506,9733,770,7365,757
5130,6506,9733,1582,4336,3585
5130,6506,9733,330,187,6101
5130,6506,9733,8533,8513,9058
5130,6506,9733,4263,2669,4083
5130,6506,9733,2595,9404,259
5130,6506,9733,9218,6813,4021
5130,6506,9733,4666,4134,4901
5130,6506,9733,6436,4888,5978
5130,6506,9733,8232,6121,4811
5130,6506,9733,9849,2063,9092
5130,6506,9733,147,8105,5355
5130,6506,9733,1818,5144,6738
5130,6506,9733,1438,4793,5945
5130,6506,9733,5345,930,6257
5130,6506,9733,7762,7506,7757
5130,6506,9733,5888,2963,2802
5130,6506,9733,3190,5466,276
5130,6506,9733,5869,9766,4318
5130,6506,9733,4360,6243,329
5130,6506,9733,7436,4755,1333
5130,6506,9733,196,1564,6929
5130,6506,9733,3323,3332,7908
5130,6506,9733,2556,5655,777
5130,6506,9733,9905,8481,4525
5130,6506,9733,6190,9355,3948
5130,6506,9733,9360,6256,4286
5130,6506,9733,3052,4118,6812
5130,6506,9733,6257,4131,3374
5130,6506,9733,6899,6282,7020
5130,6506,9733,522,7087,9166
5130,6506,9733,3711,2803,7484
5130,6506,9733,9129,3670,8269
5130,6506,9733,2964,1515,7426
5130,6506,9733,6583,5972,2463
5130,6506,9733,9912,5284,7224
5130,6506,9733,1995,431,8353
5130,6506,9733,7445,2856,9198
5130,6506,9733,491,3377,2928
5130,6506,9733,5401,7273,6856
5130,6506,9733,328,9461,9358
5130,6506,9733,7545,9389,4799
