1584,5345,127,2097,7971,4103
1584,5345,127,253,6835,9124
1584,5345,127,58,8482,7971
1584,5345,127,6050,6247,6932
1584,5345,127,5116,6493,4674
1584,5345,127,6440,59,5259
1584,5345,127,1587,2590,3813
1584,5345,127,9334,9516,5886
1584,5345,127,9274,6145,6354
1584,5345,127,8061,1364,9126
1584,5345,127,7800,5284,5575
1584,5345,127,4496,9411,5508
1584,5345,127,7335,8830,9466
1584,5345,127,3574,8306,8
1584,5345,127,5611,9985,9894
1584,5345,127,1798,9598,8781
1584,5345,127,7916,7100,300
1584,5345,127,9373,1751,2968
1584,5345,127,8816,3696,45
1584,5345,127,8591,8870,9560
1584,5345,127,3349,8647,7511
1584,5345,127,6234,6180,4814
1584,5345,127,6852,8313,8679
1584,5345,127,8537,6352,1324
1584,5345,127,7382,7427,8669
1584,5345,127,5032,2260,5128
1584,5345,127,8012,6268,7558
1584,5345,127,8826,277,5832
1584,5345,127,2747,1936,6756
1584,5345,127,9566,4009,4437
1584,5345,127,568,4336,2105
1584,5345,127,4445,2874,6702
1584,5345,127,1443,7663,2572
1584,5345,127,84,3008,1997
1584,5345,127,4608,9581,3405
1584,5345,127,260,6997,1108
1584,5345,127,6357,7282,5279
1584,5345,127,1086,3030,3545
1584,5345,127,8294,1736,2948
1584,5345,127,2356,83,1065
1584,5345,127,968,6772,4599
1584,5345,127,5600,6359,9565
1584,5345,127,1393,1563,1191
1584,5345,127,7977,3745,5665
1584,5345,127,934,782,1561
1584,5345,127,6100,4384,3955
1584,5345,127,2901,890,8898
1584,5345,127,6320,384,75
1584,5345,127,3095,3171,8255
1584,5345,127,5514,2533,5424
1584,5345,127,6562,3449,7318
1584,5345,127,4179,1068,740
1584,5345,127,881,5411,8377
1584,5345,127,3593,5878,1345
1584,5345,127,6555,1964,3989
1584,5345,127,4663,178,5491
1584,5345,127,3488,3621,1520
1584,5345,127,890,8819,3500
1584,5345,127,9162,8006,399
1584,5345,127,5835,6309,7082
1584,5345,127,5448,4769,5240
1584,5345,127,1253,6369,12
1584,5345,127,4574,29,7550
1584,5345,127,6677,6820,3247
1584,5345,127,5636,9778,7988
1584,5345,127,1442,5795,7018
1584,5345,127,5657,1641,1728
1584,5345,127,9053,5772,2954
1584,5345,127,1457,7768,9594
1584,5345,127,9252,5915,1842
1584,5345,127,9432,2746,4299
1584,5345,127,4795,5975,9373
1584,5345,127,3209,5003,6110
1584,5345,127,8165,8952,469
1584,5345,127,7963,4671,7226
1584,5345,127,5386,3209,5965
1584,5345,127,1602,8741,6857
1584,5345,127,7424,241,3039
1584,5345,127,2915,5833,7113
1584,5345,127,5395,3651,4289
1584,5345,127,9025,6943,72
1584,5345,127,3118,9475,6816
1584,5345,127,2317,4037,9647
1584,5345,127,7453,890,8797
1584,5345,127,8224,8619,3174
1584,5345,127,5326,4925,4005
1584,5345,127,5951,4147,5466
1584,5345,127,5801,5359,7435
1584,5345,127,9878,394,9641
1584,5345,127,8848,9542,2775
1584,5345,127,9059,2450,5828
1584,5345,127,5205,7517,7702
1584,5345,127,4497,6167,4428
1584,5345,127,9743,5843,8918
1584,5345,127,2422,5152,9268
1584,5345,127,1722,6222,1846
1584,5345,127,1483,8102,9599
1584,5345,127,8279,6855,8545
1584,5345,127,6126,5854,2567
1584,5345,127,5962,2024,2387
1584,5345,127,9905,3292,5433
1584,5345,127,272,5526,283
1584,5345,127,9615,6799,7765
1584,5345,127,5250,7027,5004
1584,5345,127,5557,9630,8164
1584,5345,127,2267,4277,4224
1584,5345,127,9599,8431,5466
1584,5345,127,9623,9417,5517
1584,5345,127,590,3864,9321
1584,5345,127,866,5387,9016
1584,5345,127,8318,8632,3097
1584,5345,127,6268,8984,1005
1584,5345,127,720,5228,5051
1584,5345,127,9027,7294,2656
1584,5345,127,8161,4342,3475
1584,5345,127,8333,1449,4521
1584,5345,127,573,4469,8796
1584,5345,127,6859,1609,1841
1584,5345,127,7633,39,6233
1584,5345,127,9889,2059,389
1584,5345,127,6676,2048,9045
1584,5345,127,4216,9250,5378
1584,5345,127,796,2668,107
1584,5345,127,8507,5690,3698
1584,5345,127,8598,670,8386
1584,5345,127,7739,3994,4022
1584,5345,127,8235,180,7979
1584,5345,127,8231,3865,416
1584,5345,127,2457,4955,7212
1584,5345,127,543,9407,3838
1584,5345,127,833,3859,7026
1584,5345,127,7014,3179,9886
1584,5345,127,47,4820,7993
1584,5345,127,2935,7244,738
1584,5345,127,1325,3703,7446
1584,5345,127,7775,6762,2789
1584,5345,127,1007,3456,382
1584,5345,127,9088,3344,6930
1584,5345,127,4614,4835,9482
1584,5345,127,2551,7699,563
1584,5345,127,1795,8872,5728
1584,5345,127,7189,8797,1650
1584,5345,127,3784,1292,2387
1584,5345,127,1730,8188,423
1584,5345,127,1703,3043,5092
1584,5345,127,5129,2811,3849
1584,5345,127,197,2451,6700
1584,5345,127,8918,8888,6277
1584,5345,127,4538,9619,2008
1584,5345,127,5302,6281,7225
1584,5345,127,8388,3645,6313
1584,5345,127,6255,5309,265
1584,5345,127,2938,3267,2182
1584,5345,127,8661,1161,3897
1584,5345,127,4157,4967,5227
1584,5345,127,3136,2352,4144
1584,5345,127,6857,9293,9894
1584,5345,127,1193,9479,9091
1584,5345,127,1775,8443,1584
1584,5345,127,3963,9682,1850
1584,5345,127,755,7636,5998
1584,5345,127,8605,1726,1128
1584,5345,127,3603,356,9743
1584,5345,127,4752,3447,8672
1584,5345,127,756,2634,4469
1584,5345,127,4283,561,2760
1584,5345,127,751,7381,4815
1584,5345,127,3604,6539,8301
1584,5345,127,4143,2054,3013
1584,5345,127,3395,501,5312
1584,5345,127,7343,528,1232
1584,5345,127,8748,6159,3151
1584,5345,127,1966,9282,2840
1584,5345,127,6676,2586,3446
1584,5345,127,726,3344,3225
1584,5345,127,3418,5693,8560
1584,5345,127,1464,2865,2166
1584,5345,127,9291,4358,6806
1584,5345,127,4764,159,4149
1584,5345,127,1102,7960,3446
1584,5345,127,1060,9375,7806
1584,5345,127,6480,4804,5665
1584,5345,127,9398,4378,8907
1584,5345,127,9389,3193,8423
1584,5345,127,8841,9297,3037
1584,5345,127,7610,3013,9224
1584,5345,127,3013,1426,1088
1584,5345,127,5806,4453,7899
1584,5345,127,546,2193,5549
1584,5345,127,4033,5603,8944
1584,5345,127,8257,3642,9388
1584,5345,127,2971,7794,7119
1584,5345,127,2060,2013,3382
1584,5345,127,4085,910,3023
1584,5345,127,7987,1031,2689
1584,5345,127,4504,6210,1438
1584,5345,127,7290,543,8608
1584,5345,127,999,9664,8520
1584,5345,127,4015,1557,7815
1584,5345,127,6825,2997,9429
1584,5345,127,7376,3069,3758
1584,5345,127,6384,4491,9487
1584,5345,127,208,3975,9434
1584,5345,127,4092,8305,7725
1584,5345,127,9455,8263,3745
1584,5345,127,4521,7270,3517
1584,5345,127,1915,9872,2824
1584,5345,127,2727,2257,3013
1584,5345,127,3501,8411,7081
1584,5345,127,4379,9705,9807
1584,5345,127,7207,4776,2957
1584,5345,127,8423,5258,3340
1584,5345,127,4251,4546,1535
1584,5345,127,4635,9307,3866
1584,5345,127,4194,7110,8289
1584,5345,127,8329,5714,5741
1584,5345,127,101,224,3062
1584,5345,127,6517,8467,8615
1584,5345,127,7254,3717,2222
1584,5345,127,9930,442,9152
1584,5345,127,4831,482,5804
1584,5345,127,49,6552,448
1584,5345,127,1036,7770,1788
1584,5345,127,4233,3953,7671
1584,5345,127,8517,3423,1378
1584,5345,127,8903,2526,4111
1584,5345,127,4974,1640,7537
1584,5345,127,8721,823,7911
1584,5345,127,6341,950,5026
1584,5345,127,9761,9756,9825
1584,5345,127,5796,10,9243
1584,5345,127,3337,3745,2818
1584,5345,127,6020,5148,2826
1584,5345,127,6585,2385,1380
1584,5345,127,3379,7957,1390
1584,5345,127,2595,3951,4699
1584,5345,127,7334,8497,1039
1584,5345,127,3988,4661,5867
1584,5345,127,2047,9466,7554
1584,5345,127,5484,1038,6478
1584,5345,127,8949,3882,14
1584,5345,127,9643,3925,1720
1584,5345,127,6387,9171,7123
1584,5345,127,4129,4804,669
1584,5345,127,3232,870,9254
1584,5345,127,1149,5780,9397
1584,5345,127,8545,2297,1945
1584,5345,127,5366,6832,8633
1584,5345,127,9113,7155,6431
1584,5345,127,3359,3380,7373
1584,5345,127,6946,709,1032
1584,5345,127,1259,8739,1351
1584,5345,127,5463,9657,5130
1584,5345,127,8857,5393,4210
1584,5345,127,2804,334,194
1584,5345,127,5460,1351,3458
1584,5345,127,1178,3345,8561
1584,5345,127,9930,1906,2833
1584,5345,127,6193,6227,6530
1584,5345,127,3561,4078,4501
1584,5345,127,5289,7990,518
1584,5345,127,6923,5462,2753
1584,5345,127,1864,5658,4011
1584,5345,127,4060,7421,6668
1584,5345,127,3914,4461,2228
1584,5345,127,96,5257,2766
1584,5345,127,5886,579,2289
1584,5345,127,1604,1249,3831
1584,5345,127,8303,93,3772
1584,5345,127,7479,2371,9259
1584,5345,127,9293,4107,435
1584,5345,127,5319,6694,5416
1584,5345,127,4605,5293,7752
1584,5345,127,4502,4414,6685
1584,5345,127,2848,5878,5498
1584,5345,127,2409,1866,9978
1584,5345,127,9902,2496,5389
1584,5345,127,9175,68,5057
1584,5345,127,2414,1725,8156
1584,5345,127,3898,1483,6350
1584,5345,127,4283,8174,9372
1584,5345,127,1351,1679,7989
1584,5345,127,5045,4905,3133
1584,5345,127,9291,1485,5073
1584,5345,127,5720,7563,72
1584,5345,127,6557,6157,8185
1584,5345,127,9661,428,2398
1584,5345,127,7572,3591,262
1584,5345,127,1458,142,3171
1584,5345,127,8058,1816,7550
1584,5345,127,3301,5912,2998
1584,5345,127,9224,3931,1565
1584,5345,127,8473,7212,4849
1584,5345,127,8268,6857,5742
1584,5345,127,9698,5571,1683
1584,5345,127,7887,7691,546
1584,5345,127,1894,7328,8678
1584,5345,127,3494,7803,5197
1584,5345,127,8370,4068,5795
1584,5345,127,1709,9728,1343
1584,5345,127,7205,1992,7714
1584,5345,127,5088,7010,2567
1584,5345,127,7090,4653,4712
1584,5345,127,6974,5768,5125
1584,5345,127,8422,7260,522
1584,5345,127,3326,738,8988
1584,5345,127,7018,9157,8958
1584,5345,127,9080,721,9260
1584,5345,127,8621,8315,9712
1584,5345,127,2964,5316,3004
1584,5345,127,1694,7866,2125
1584,5345,127,2352,9306,513
1584,5345,127,8238,4544,6941
1584,5345,127,1137,8250,5357
1584,5345,127,8313,4048,3532
1584,5345,127,2892,4718,7791
1584,5345,127,3729,7519,2321
1584,5345,127,7228,7690,8748
1584,5345,127,154,4717,1125
1584,5345,127,2964,2507,6178
1584,5345,127,8811,3431,4777
1584,5345,127,4237,188,5792
1584,5345,127,5036,6035,7938
1584,5345,127,3609,5435,7353
1584,5345,127,1983,8722,3131
1584,5345,127,1603,1877,8527
1584,5345,127,554,3749,7583
1584,5345,127,2129,3770,4810
1584,5345,127,1711,2592,1030
1584,5345,127,7126,8327,1428
1584,5345,127,1898,3940,1813
1584,5345,127,714,5246,8197
1584,5345,127,6686,4814,9377
1584,5345,127,1355,3600,3887
1584,5345,127,8005,5018,6885
1584,5345,127,7812,6858,9948
1584,5345,127,2900,5391,6624
1584,5345,127,3989,4578,3108
1584,5345,127,2438,1395,7474
1584,5345,127,9742,6322,5191
1584,5345,127,3977,8834,2685
1584,5345,127,8510,7787,8963
1584,5345,127,6623,9925,2957
1584,5345,127,4819,9819,7823
1584,5345,127,9623,1883,6826
1584,5345,127,2123,4955,1613
1584,5345,127,4339,6940,1944
1584,5345,127,4933,7347,8665
1584,5345,127,3245,6754,1548
1584,5345,127,5899,1580,3390
1584,5345,127,1818,7973,6467
1584,5345,127,7987,5594,8176
1584,5345,127,3395,5742,3542
1584,5345,127,4531,6110,3103
1584,5345,127,4762,1706,3281
1584,5345,127,6494,7067,354
1584,5345,127,4401,9321,5539
1584,5345,127,1282,177,1012
1584,5345,127,2084,5216,7018
1584,5345,127,8400,2722,9191
1584,5345,127,7116,389,8878
1584,5345,127,8658,4055,5507
1584,5345,127,7315,4884,1540
1584,5345,127,9078,276,6151
1584,5345,127,8021,2090,125
1584,5345,127,7056,5566,8643
1584,5345,127,9219,4906,9356
1584,5345,127,1423,5313,172
1584,5345,127,7052,7388,6649
1584,5345,127,4174,6671,160
1584,5345,127,8753,8553,8817
1584,5345,127,925,4808,2259
1584,5345,127,5085,9432,1210
1584,5345,127,2404,7400,1590
1584,5345,127,1830,7817,8102
1584,5345,127,197,9991,3899
1584,5345,127,1620,5590,3043
1584,5345,127,2200,4756,271
1584,5345,127,8,4437,838
1584,5345,127,4380,8716,6316
1584,5345,127,2672,8133,6780
1584,5345,127,971,6471,2252
1584,5345,127,5907,7377,5510
1584,5345,127,4590,441,3805
1584,5345,127,1148,1049,5097
1584,5345,127,9697,6946,4281
1584,5345,127,282,8181,940
1584,5345,127,5662,55,788
1584,5345,127,2819,2417,2620
1584,5345,127,2647,6322,8968
1584,5345,127,5346,5713,2694
1584,5345,127,4890,1525,4519
1584,5345,127,7939,1450,8924
1584,5345,127,5129,6807,7584
1584,5345,127,2831,4067,5850
1584,5345,127,9121,5312,8506
1584,5345,127,2933,6975,6202
1584,5345,127,1344,2292,9012
1584,5345,127,9772,2606,3316
1584,5345,127,7778,160,2720
1584,5345,127,7333,4062,7939
1584,5345,127,3328,7657,8692
1584,5345,127,4312,6417,9324
1584,5345,127,5471,7346,2147
1584,5345,127,4427,3851,4907
1584,5345,127,9565,3101,8988
1584,5345,127,4446,681,2160
1584,5345,127,1288,9735,6276
1584,5345,127,2985,8806,8816
1584,5345,127,7403,5433,3523
1584,5345,127,967,1418,7210
1584,5345,127,5233,6043,7305
1584,5345,127,4303,437,7536
1584,5345,127,566,3984,6965
1584,5345,127,4229,1812,167
1584,5345,127,4043,2005,5921
1584,5345,127,3846,9809,289
1584,5345,127,5939,5083,392
1584,5345,127,8474,6408,9627
1584,5345,127,8152,1631,9401
1584,5345,127,5880,4780,8535
1584,5345,127,7014,4414,1513
1584,5345,127,7244,2723,9268
1584,5345,127,8420,9832,5774
1584,5345,127,3792,7407,639
1584,5345,127,7406,9390,6310
1584,5345,127,8917,4098,4794
1584,5345,127,1396,9915,8910
1584,5345,127,9497,3010,5600
1584,5345,127,3836,793,3426
1584,5345,127,8657,944,8306
1584,5345,127,8202,1748,7422
1584,5345,127,7137,2574,3751
1584,5345,127,3731,7795,812
1584,5345,127,6392,8348,600
1584,5345,127,5999,4178,3496
1584,5345,127,3241,6524,5231
1584,5345,127,2701,4603,5455
1584,5345,127,7366,8999,6415
1584,5345,127,6724,4692,4724
1584,5345,127,4704,5210,1502
1584,5345,127,535,8162,6375
1584,5345,127,1944,7165,2770
1584,5345,127,7243,9664,2983
1584,5345,127,3946,1647,2139
1584,5345,127,7257,8887,3418
1584,5345,127,662,3556,8180
1584,5345,127,7647,7978,1468
1584,5345,127,8621,9491,7592
1584,5345,127,5876,2290,7682
1584,5345,127,8936,6646,7727
1584,5345,127,9152,4506,4037
1584,5345,127,8582,8611,683
1584,5345,127,7653,2356,5443
1584,5345,127,4930,2089,9498
1584,5345,127,7472,6808,1496
1584,5345,127,2913,9479,7255
1584,5345,127,7188,2351,563
1584,5345,127,7891,2344,9068
1584,5345,127,1585,1368,8881
1584,5345,127,2265,2825,7331
1584,5345,127,3224,4371,6596
1584,5345,127,7615,3008,641
1584,5345,127,5826,4347,2776
1584,5345,127,5278,3923,1863
1584,5345,127,6137,5978,3473
1584,5345,127,7499,8155,3985
1584,5345,127,4274,913,4363
1584,5345,127,2808,5144,8372
1584,5345,127,656,1921,2456
1584,5345,127,2148,3414,4864
1584,5345,127,6358,3121,710
1584,5345,127,9187,6219,7007
1584,5345,127,524,8151,5327
1584,5345,127,7298,4565,811
1584,5345,127,6993,7562,3818
1584,5345,127,2946,4588,3925
1584,5345,127,2106,3311,6754
1584,5345,127,2602,2805,9872
1584,5345,127,6000,7277,6033
1584,5345,127,3259,4854,9296
1584,5345,127,5282,5852,602
1584,5345,127,3551,6460,7197
1584,5345,127,7878,7043,8434
1584,5345,127,67,753,7245
1584,5345,127,6618,6174,2700
1584,5345,127,6716,3798,9125
1584,5345,127,9328,5732,3456
1584,5345,127,7401,8941,4665
1584,5345,127,9138,1752,6316
1584,5345,127,2190,3427,1222
1584,5345,127,1311,14,4472
1584,5345,127,8,7075,8898
1584,5345,127,2591,7039,407
1584,5345,127,6144,8871,676
1584,5345,127,4890,3790,4859
1584,5345,127,858,1566,6807
1584,5345,127,5318,3586,7509
1584,5345,127,4962,4452,7702
1584,5345,127,8370,3963,1818
1584,5345,127,9841,7454,5298
1584,5345,127,7117,8819,6305
1584,5345,127,6575,7951,2063
1584,5345,127,576,6841,5851
1584,5345,127,2629,4090,2412
1584,5345,127,8290,1999,2519
1584,5345,127,8096,7716,6381
1584,5345,127,9691,3685,4246
1584,5345,127,7347,6373,6776
1584,5345,127,7099,7083,7830
