1577,9396,238,6898,7828,252
1577,9396,238,7037,2321,952
1577,9396,238,7746,3260,3574
1577,9396,238,701,798,7747
1577,9396,238,5550,3476,279
1577,9396,238,1564,4280,2334
1577,9396,238,1127,1021,2678
1577,9396,238,515,1579,4483
1577,9396,238,8178,5237,2487
1577,9396,238,6106,544,582
1577,9396,238,6221,7312,6306
1577,9396,238,2134,8565,9192
1577,9396,238,8813,8839,3592
1577,9396,238,7934,7392,1037
1577,9396,238,4553,1752,3225
1577,9396,238,8951,4769,9236
1577,9396,238,8325,2055,1070
1577,9396,238,1000,9671,5044
1577,9396,238,1596,3197,7245
1577,9396,238,7002,8852,5231
1577,9396,238,2773,3717,208
1577,9396,238,2799,2786,826
1577,9396,238,8696,5155,9824
1577,9396,238,4978,56,5474
1577,9396,238,2997,5920,4042
1577,9396,238,791,73,4300
1577,9396,238,4369,3074,2444
1577,9396,238,9004,5593,1406
1577,9396,238,2097,8068,6560
1577,9396,238,8000,3972,4289
1577,9396,238,8796,9449,8545
1577,9396,238,6306,1179,137
1577,9396,238,2751,2211,7039
1577,9396,238,7708,8688,448
1577,9396,238,7776,4470,4053
1577,9396,238,1615,2750,96
1577,9396,238,7502,4955,6616
1577,9396,238,59,4559,7012
1577,9396,238,3346,8357,236
1577,9396,238,1960,3929,6445
1577,9396,238,3161,2096,8072
1577,9396,238,7475,8116,9674
1577,9396,238,3170,2316,6617
1577,9396,238,9628,1793,270
1577,9396,238,2187,9104,6928
1577,9396,238,1848,3315,1648
1577,9396,238,1698,7384,7933
1577,9396,238,1742,1116,609
1577,9396,238,5610,9608,2655
1577,9396,238,6393,5076,8175
1577,9396,238,3774,2625,3072
1577,9396,238,7137,1565,4004
1577,9396,238,3064,5855,8012
1577,9396,238,7983,8456,7415
1577,9396,238,5718,484,1187
1577,9396,238,4349,551,1923
1577,9396,238,7921,5737,4280
1577,9396,238,9541,1223,4608
1577,9396,238,498,9647,3696
1577,9396,238,3575,9986,5481
1577,9396,238,9763,8041,5995
1577,9396,238,8125,6447,3573
1577,9396,238,3097,9652,5068
1577,9396,238,7496,5889,4240
1577,9396,238,9272,9599,7701
1577,9396,238,8948,8725,9350
1577,9396,238,5799,5982,2453
1577,9396,238,3091,6252,8452
1577,9396,238,2692,8385,9912
1577,9396,238,827,8485,3827
1577,9396,238,7412,96,1725
1577,9396,238,2864,9748,6400
1577,9396,238,1917,3276,4066
1577,9396,238,5900,3808,6734
1577,9396,238,1464,4456,6193
1577,9396,238,9859,3814,496
1577,9396,238,1090,8872,8642
1577,9396,238,3040,3149,9341
1577,9396,238,1794,2608,3689
1577,9396,238,9885,908,5466
1577,9396,238,4733,7873,7093
1577,9396,238,2688,4719,3971
1577,9396,238,8668,4496,1939
1577,9396,238,5884,4321,8740
1577,9396,238,6814,5883,3979
1577,9396,238,3674,9598,4217
1577,9396,238,3668,2007,2850
1577,9396,238,739,810,7892
1577,9396,238,9891,7535,6585
1577,9396,238,8161,5942,9985
1577,9396,238,3868,2753,6383
1577,9396,238,1310,2580,6000
1577,9396,238,965,8797,4765
1577,9396,238,2526,830,9360
1577,9396,238,800,9771,1378
1577,9396,238,9541,768,6578
1577,9396,238,6448,7164,6529
1577,9396,238,1370,3778,5976
1577,9396,238,3435,7391,1492
1577,9396,238,1988,9396,839
1577,9396,238,888,4095,4805
1577,9396,238,3297,1634,6155
1577,9396,238,9296,7907,9198
1577,9396,238,6925,6248,7523
1577,9396,238,2556,3582,7031
1577,9396,238,9229,1942,6335
1577,9396,238,1508,3063,4503
1577,9396,238,2948,1372,8382
1577,9396,238,5403,2872,1050
1577,9396,238,8049,9067,515
1577,9396,238,8539,8699,4944
1577,9396,238,8405,3162,8574
1577,9396,238,5636,5075,7526
1577,9396,238,2363,1710,813
1577,9396,238,3737,6926,280
1577,9396,238,3067,9600,6471
1577,9396,238,2000,3982,1277
1577,9396,238,5574,6273,22
1577,9396,238,3461,8472,4874
1577,9396,238,7589,931,4309
1577,9396,238,6711,2736,872
1577,9396,238,4652,2990,197
1577,9396,238,8021,8009,7112
1577,9396,238,52,3213,2082
1577,9396,238,5950,2429,8244
1577,9396,238,2128,5096,5172
1577,9396,238,8734,5921,1175
1577,9396,238,6702,6792,5913
1577,9396,238,7366,2022,550
1577,9396,238,5605,6276,5159
1577,9396,238,6034,1382,554
1577,9396,238,7072,9463,4143
1577,9396,238,3488,3943,1272
1577,9396,238,1962,8284,5373
1577,9396,238,4802,6245,2950
1577,9396,238,9974,5378,6263
1577,9396,238,8959,7431,6632
1577,9396,238,8021,62,3210
1577,9396,238,2249,1659,1849
1577,9396,238,8362,3160,469
1577,9396,238,8184,541,307
1577,9396,238,907,4055,8915
1577,9396,238,9199,8288,9356
1577,9396,238,9296,6747,5888
1577,9396,238,4416,7981,7864
1577,9396,238,1809,6004,9148
1577,9396,238,8095,1756,3561
1577,9396,238,370,1563,6712
1577,9396,238,7293,4133,6483
1577,9396,238,3426,3665,1375
1577,9396,238,2319,5678,9752
1577,9396,238,7932,1652,387
1577,9396,238,5687,3458,6470
1577,9396,238,1865,9690,9199
1577,9396,238,8470,2252,6656
1577,9396,238,5402,7952,4747
1577,9396,238,8319,479,6449
1577,9396,238,6727,8814,7009
1577,9396,238,9434,5468,6226
1577,9396,238,3220,5104,3600
1577,9396,238,1515,5522,7069
1577,9396,238,3811,874,9818
1577,9396,238,9693,562,9131
1577,9396,238,9702,9230,8447
1577,9396,238,2642,6645,5164
1577,9396,238,6360,2046,3774
1577,9396,238,146,4587,4159
1577,9396,238,1979,5104,78
1577,9396,238,5100,7048,9747
1577,9396,238,9848,5242,9857
1577,9396,238,439,6207,8454
1577,9396,238,682,2665,7079
1577,9396,238,7361,8910,9031
1577,9396,238,7910,9591,9617
1577,9396,238,7607,8702,4537
1577,9396,238,4783,4673,9377
1577,9396,238,2525,2864,7909
1577,9396,238,5651,342,5702
1577,9396,238,3241,7592,2989
1577,9396,238,9909,9616,6141
1577,9396,238,4130,3797,5667
1577,9396,238,5807,4149,3204
1577,9396,238,700,9823,3714
1577,9396,238,5500,9192,9707
1577,9396,238,9681,9360,9501
1577,9396,238,9376,9354,2451
1577,9396,238,9228,5533,6772
1577,9396,238,394,7553,4833
1577,9396,238,1994,1008,3303
1577,9396,238,8865,9950,2162
1577,9396,238,5107,2241,840
1577,9396,238,4136,6746,5363
1577,9396,238,5087,6439,4536
1577,9396,238,4794,9834,922
1577,9396,238,4938,389,9270
1577,9396,238,1825,5649,1129
1577,9396,238,3074,8729,8476
1577,9396,238,5744,9679,4451
1577,9396,238,939,9598,7604
1577,9396,238,1435,6750,7702
1577,9396,238,7764,3023,1725
1577,9396,238,279,5412,6986
1577,9396,238,4725,4511,4215
1577,9396,238,3631,961,7960
1577,9396,238,717,6165,9759
1577,9396,238,5377,7839,6640
1577,9396,238,9390,1363,4094
1577,9396,238,185,1997,221
1577,9396,238,6036,5185,7032
1577,9396,238,4679,2130,430
1577,9396,238,792,3068,3996
1577,9396,238,9631,6832,9041
1577,9396,238,4263,3356,4273
1577,9396,238,1903,4994,297
1577,9396,238,7166,4634,1178
1577,9396,238,9312,6186,1583
1577,9396,238,7860,8553,495
1577,9396,238,4826,645,6652
1577,9396,238,6625,9163,7237
1577,9396,238,1079,8428,6552
1577,9396,238,1003,984,5386
1577,9396,238,250,8186,4994
1577,9396,238,121,3828,5189
1577,9396,238,7897,2289,8241
1577,9396,238,9215,3271,1785
1577,9396,238,897,7079,5690
1577,9396,238,7436,7548,5001
1577,9396,238,6506,767,285
1577,9396,238,2128,8312,5121
1577,9396,238,3510,3277,8036
1577,9396,238,1080,1209,3542
1577,9396,238,5204,3357,710
1577,9396,238,9940,1123,9276
1577,9396,238,3952,1053,804
1577,9396,238,1378,3381,868
1577,9396,238,4926,1254,9879
1577,9396,238,494,5483,4496
1577,9396,238,9191,1499,4330
1577,9396,238,8501,3907,6376
1577,9396,238,3473,5347,2415
1577,9396,238,2372,8701,3593
1577,9396,238,9998,9702,728
1577,9396,238,5687,5886,948
1577,9396,238,5905,9061,5218
1577,9396,238,1540,8708,7214
1577,9396,238,8459,3505,9462
1577,9396,238,237,8711,2197
1577,9396,238,21,2378,8692
1577,9396,238,4220,6442,7461
1577,9396,238,3009,541,9828
1577,9396,238,6468,2150,8037
1577,9396,238,5415,9702,4950
1577,9396,238,9205,907,422
1577,9396,238,8112,8632,9763
1577,9396,238,508,5718,4384
1577,9396,238,4406,1553,8832
1577,9396,238,8743,5727,9519
1577,9396,238,7901,9430,4164
1577,9396,238,8598,9800,6952
1577,9396,238,4379,4724,5737
1577,9396,238,6042,4511,4290
1577,9396,238,8192,7012,5841
1577,9396,238,6812,7859,4280
1577,9396,238,7218,1644,4109
1577,9396,238,5851,386,796
1577,9396,238,9086,2211,9617
1577,9396,238,6995,9890,3449
1577,9396,238,9668,132,8430
1577,9396,238,2076,3050,5107
1577,9396,238,3021,7385,2644
1577,9396,238,5974,6504,4975
1577,9396,238,7371,6069,3355
1577,9396,238,3578,8686,3403
1577,9396,238,6968,1261,2985
1577,9396,238,8531,995,3623
1577,9396,238,768,2419,7218
1577,9396,238,2683,3333,900
1577,9396,238,4477,8873,2230
1577,9396,238,7407,3428,5213
1577,9396,238,1414,1399,5371
1577,9396,238,4022,788,4566
1577,9396,238,9229,7851,6265
1577,9396,238,7700,3420,404
1577,9396,238,3477,2485,5762
1577,9396,238,390,1801,6644
1577,9396,238,835,6376,6093
1577,9396,238,912,6444,5029
1577,9396,238,7015,5093,229
1577,9396,238,5984,3651,1231
1577,9396,238,8364,41,8633
1577,9396,238,7828,1587,5313
1577,9396,238,8335,3434,7993
1577,9396,238,8771,3699,8212
1577,9396,238,8811,5772,3668
1577,9396,238,692,4265,7734
1577,9396,238,4008,8517,1738
1577,9396,238,6964,8545,4804
1577,9396,238,7482,8810,8039
1577,9396,238,9612,1762,6594
1577,9396,238,4280,9196,1781
1577,9396,238,2289,8502,5469
1577,9396,238,1558,6566,5923
1577,9396,238,7244,1963,3005
1577,9396,238,6291,6355,5130
1577,9396,238,5976,2428,3134
1577,9396,238,9977,8531,5426
1577,9396,238,486,2103,3160
1577,9396,238,3420,2256,6384
1577,9396,238,6911,8113,1953
1577,9396,238,8167,9021,5030
1577,9396,238,3005,5350,3602
1577,9396,238,3372,2992,5692
1577,9396,238,1541,4708,1986
1577,9396,238,6372,5246,6938
1577,9396,238,6158,4853,861
1577,9396,238,7734,3093,3494
1577,9396,238,9704,3070,1285
1577,9396,238,4931,1442,5019
1577,9396,238,2088,5254,766
1577,9396,238,9964,7138,4280
1577,9396,238,2269,1121,1004
1577,9396,238,1210,9024,1142
1577,9396,238,8978,6500,437
1577,9396,238,9817,7279,2658
1577,9396,238,9187,9522,8595
1577,9396,238,7087,1589,8777
1577,9396,238,1804,4050,2150
1577,9396,238,8800,6869,7167
1577,9396,238,1478,7366,4730
1577,9396,238,2575,8737,1127
1577,9396,238,2179,8632,2314
1577,9396,238,2219,7211,8939
1577,9396,238,3157,5256,4477
1577,9396,238,4585,4726,4496
1577,9396,238,2278,7609,8853
1577,9396,238,7679,4385,8494
1577,9396,238,961,1675,8466
1577,9396,238,7292,8167,3190
1577,9396,238,4848,3696,5454
1577,9396,238,9033,8637,5472
1577,9396,238,3180,2790,3529
1577,9396,238,5953,6603,5571
1577,9396,238,9980,8138,261
1577,9396,238,9989,6720,7915
1577,9396,238,5435,200,1355
1577,9396,238,5190,181,8284
1577,9396,238,9953,4432,4098
1577,9396,238,8954,626,4053
1577,9396,238,1894,7337,4865
1577,9396,238,2065,8101,8472
1577,9396,238,1234,5114,981
1577,9396,238,5440,6782,3121
1577,9396,238,2325,141,4748
1577,9396,238,8783,4102,6297
1577,9396,238,8440,9804,9057
1577,9396,238,3052,9865,7382
1577,9396,238,2198,6532,998
1577,9396,238,5580,1685,179
1577,9396,238,8038,8135,3520
1577,9396,238,4880,7793,6179
1577,9396,238,6175,9138,5331
1577,9396,238,6204,318,5533
1577,9396,238,3667,4283,1527
1577,9396,238,7281,2070,2878
1577,9396,238,2815,8645,6204
1577,9396,238,3121,8000,6521
1577,9396,238,5349,8770,3826
1577,9396,238,636,7856,459
1577,9396,238,5437,9909,5521
1577,9396,238,759,322,5493
1577,9396,238,1947,1783,2943
1577,9396,238,3456,8688,6085
1577,9396,238,9808,9776,4815
1577,9396,238,4801,5393,9941
1577,9396,238,1908,8969,6765
1577,9396,238,2390,8960,2724
1577,9396,238,2183,986,9922
1577,9396,238,3393,8145,9997
1577,9396,238,6592,1286,5628
1577,9396,238,1391,3107,5899
1577,9396,238,4425,1534,9995
1577,9396,238,3095,9972,3926
1577,9396,238,425,4984,8499
1577,9396,238,8252,6298,4370
1577,9396,238,6738,4892,8898
1577,9396,238,6107,6017,3227
1577,9396,238,6371,5980,4096
1577,9396,238,2261,4562,4261
1577,9396,238,5805,6215,9742
1577,9396,238,7879,1342,7292
1577,9396,238,298,1501,7379
1577,9396,238,8615,7768,1509
1577,9396,238,7151,2781,9511
1577,9396,238,6665,2553,8694
1577,9396,238,4393,8976,9218
1577,9396,238,8390,324,657
1577,9396,238,9734,7181,6593
1577,9396,238,3659,5787,3741
1577,9396,238,4872,4333,3444
1577,9396,238,3558,6806,9206
1577,9396,238,9845,2932,2214
1577,9396,238,4808,676,1771
1577,9396,238,252,1916,5717
1577,9396,238,8497,1946,8058
1577,9396,238,8178,4998,3815
1577,9396,238,7697,3963,8077
1577,9396,238,8628,1199,3811
1577,9396,238,5913,1379,1377
1577,9396,238,8532,1270,6298
1577,9396,238,5287,2341,9819
1577,9396,238,5750,5444,1905
1577,9396,238,3317,2299,6818
1577,9396,238,2804,2819,2720
1577,9396,238,4341,2735,4663
1577,9396,238,4940,2827,7208
1577,9396,238,4432,7713,3736
1577,9396,238,3722,2357,7676
1577,9396,238,7635,723,1775
1577,9396,238,6317,2492,6594
1577,9396,238,47,1110,3417
1577,9396,238,9906,8781,1039
1577,9396,238,1986,563,3764
1577,9396,238,8784,5449,2217
1577,9396,238,9290,3624,9954
1577,9396,238,9662,1108,1639
1577,9396,238,6859,2975,2907
1577,9396,238,6820,7078,4429
1577,9396,238,3069,5438,551
1577,9396,238,3011,3281,8392
1577,9396,238,161,7973,4251
1577,9396,238,7790,5781,3857
1577,9396,238,5243,9140,6123
1577,9396,238,8285,9697,3398
1577,9396,238,2,9310,7776
1577,9396,238,2657,5927,4826
1577,9396,238,3860,5295,3666
1577,9396,238,1277,5412,4379
1577,9396,238,1356,8084,4539
1577,9396,238,9942,181,8977
1577,9396,238,7382,9469,9005
1577,9396,238,4930,4885,5699
1577,9396,238,5339,7882,3018
1577,9396,238,7317,8118,6201
1577,9396,238,5743,2754,8635
1577,9396,238,1855,5346,5968
1577,9396,238,6536,9685,877
1577,9396,238,3993,9265,541
1577,9396,238,4216,7291,4518
1577,9396,238,7887,9175,4554
1577,9396,238,5908,7700,6477
1577,9396,238,3372,3472,6893
1577,9396,238,4155,10000,5551
1577,9396,238,4279,5483,2069
1577,9396,238,3586,4186,9674
1577,9396,238,5505,1740,4051
1577,9396,238,6727,4362,7708
1577,9396,238,4691,6624,5599
1577,9396,238,9120,6806,1464
1577,9396,238,5192,4771,9579
1577,9396,238,8075,7647,7240
1577,9396,238,4901,857,1536
1577,9396,238,6894,4518,8873
1577,9396,238,786,8291,2981
1577,9396,238,2053,7615,3797
1577,9396,238,4087,2111,7285
1577,9396,238,8351,5502,1710
1577,9396,238,2207,2419,3542
1577,9396,238,4572,328,2697
1577,9396,238,1721,8444,3294
1577,9396,238,3854,8559,3073
1577,9396,238,5099,3459,6253
1577,9396,238,8620,7936,8613
1577,9396,238,9361,3897,2166
1577,9396,238,4442,2682,4267
1577,9396,238,4007,3754,7037
1577,9396,238,3257,3869,590
1577,9396,238,8419,2657,7955
1577,9396,238,8178,1059,706
1577,9396,238,4610,8435,4777
1577,9396,238,4639,6702,9911
1577,9396,238,465,3501,1498
1577,9396,238,9057,168,6121
1577,9396,238,9643,7183,4409
1577,9396,238,3533,8003,4588
1577,9396,238,9698,4266,5029
1577,9396,238,9567,8233,5662
1577,9396,238,4560,1154,2591
1577,9396,238,2210,4265,9953
1577,9396,238,5428,7402,1200
1577,9396,238,1205,9126,5630
1577,9396,238,7396,3074,8914
1577,9396,238,3313,4197,6469
1577,9396,238,6966,507,691
1577,9396,238,7053,7288,3758
1577,9396,238,2219,212,7852
1577,9396,238,6402,7363,8985
1577,9396,238,2852,485,1353
1577,9396,238,1000,8294,324
1577,9396,238,2224,8429,5147
1577,9396,238,5852,594,4510
1577,9396,238,6751,4288,5935
1577,9396,238,8795,4534,7537
1577,9396,238,9567,1658,5342
1577,9396,238,8474,7249,6996
1577,9396,238,5400,7300,865
1577,9396,238,394,6893,8808
1577,9396,238,6804,5559,5906
1577,9396,238,5215,1559,2509
1577,9396,238,5092,2296,2700
1577,9396,238,2632,6520,7800
