4097,4405,4287,2180,8897,8529
4097,4405,4287,8071,675,3485
4097,4405,4287,7068,1657,9851
4097,4405,4287,4125,6467,7033
4097,4405,4287,3194,5163,7719
4097,4405,4287,776,6066,1922
4097,4405,4287,8536,8762,3437
4097,4405,4287,9674,1197,7352
4097,4405,4287,7945,5302,2011
4097,4405,4287,5147,6880,1553
4097,4405,4287,7799,3610,7953
4097,4405,4287,3312,6652,7263
4097,4405,4287,9631,3503,1700
4097,4405,4287,7487,9925,3321
4097,4405,4287,1318,7972,1366
4097,4405,4287,2544,1605,2900
4097,4405,4287,9192,2694,1588
4097,4405,4287,1653,7657,3644
4097,4405,4287,8104,4035,9764
4097,4405,4287,3876,7927,2866
4097,4405,4287,4207,2030,5881
4097,4405,4287,5779,8202,8630
4097,4405,4287,7556,1718,9636
4097,4405,4287,8291,5469,7113
4097,4405,4287,4830,3454,3829
4097,4405,4287,5602,675,770
4097,4405,4287,4890,1851,1655
4097,4405,4287,4461,1475,2990
4097,4405,4287,8209,5952,7707
4097,4405,4287,5675,3544,59
4097,4405,4287,808,6210,815
4097,4405,4287,1569,3917,6354
4097,4405,4287,5898,5775,7769
4097,4405,4287,8138,6416,2395
4097,4405,4287,1024,2207,9741
4097,4405,4287,3131,9073,9642
4097,4405,4287,7818,427,4155
4097,4405,4287,1483,8540,8028
4097,4405,4287,9554,4129,4481
4097,4405,4287,8050,8049,2125
4097,4405,4287,6663,8746,9421
4097,4405,4287,6673,1438,1315
4097,4405,4287,7194,321,6304
4097,4405,4287,1963,1247,9513
4097,4405,4287,1994,4762,4957
4097,4405,4287,3930,9532,8806
4097,4405,4287,8384,971,4445
4097,4405,4287,2461,8782,8030
4097,4405,4287,5648,9344,5589
4097,4405,4287,6845,7305,2277
4097,4405,4287,3308,987,4928
4097,4405,4287,8554,6739,3819
4097,4405,4287,4883,6573,2947
4097,4405,4287,7918,9174,6759
4097,4405,4287,8056,939,8930
4097,4405,4287,4349,8275,842
4097,4405,4287,8172,1788,6878
4097,4405,4287,5769,2270,5179
4097,4405,4287,6294,4182,9596
4097,4405,4287,7153,1547,7336
4097,4405,4287,8011,8433,6473
4097,4405,4287,1694,1974,8253
4097,4405,4287,2891,693,1180
4097,4405,4287,8000,1760,3364
4097,4405,4287,3334,9432,2015
4097,4405,4287,5818,6180,1180
4097,4405,4287,2202,1024,915
4097,4405,4287,2704,7837,2961
4097,4405,4287,5337,2570,8849
4097,4405,4287,7857,7814,5926
4097,4405,4287,5891,8924,2316
4097,4405,4287,9795,1921,9378
4097,4405,4287,2444,5418,8959
4097,4405,4287,7911,4193,2435
4097,4405,4287,7319,906,6258
4097,4405,4287,2257,5528,430
4097,4405,4287,2720,1048,1106
4097,4405,4287,3063,7223,2959
4097,4405,4287,6843,3290,3883
4097,4405,4287,5468,6892,6579
4097,4405,4287,469,4122,3371
4097,4405,4287,364,5080,5698
4097,4405,4287,3647,8645,9087
4097,4405,4287,707,6386,3850
4097,4405,4287,5225,1639,1954
4097,4405,4287,1842,3578,6184
4097,4405,4287,8769,2452,4648
4097,4405,4287,7028,4286,5557
4097,4405,4287,4043,5040,9538
4097,4405,4287,1983,1846,1871
4097,4405,4287,9660,4387,4471
4097,4405,4287,2348,8565,4242
4097,4405,4287,4501,7863,2308
4097,4405,4287,7139,400,5730
4097,4405,4287,2932,3821,2088
4097,4405,4287,9872,8105,3169
4097,4405,4287,4959,587,6045
4097,4405,4287,2143,332,2476
4097,4405,4287,3230,2256,885
4097,4405,4287,6293,4533,288
4097,4405,4287,4894,7955,9600
4097,4405,4287,7611,5857,1164
4097,4405,4287,7348,8510,8551
4097,4405,4287,1127,9588,3326
4097,4405,4287,6803,9489,5315
4097,4405,4287,5325,251,1255
4097,4405,4287,8003,162,8546
4097,4405,4287,8327,5458,8556
4097,4405,4287,9057,3792,5854
4097,4405,4287,3569,8794,5843
4097,4405,4287,4254,3370,5603
4097,4405,4287,9609,9321,3947
4097,4405,4287,7797,2012,7520
4097,4405,4287,1646,8112,2541
4097,4405,4287,1868,34,572
4097,4405,4287,9790,1924,2003
4097,4405,4287,9450,5979,6055
4097,4405,4287,9794,5286,4108
4097,4405,4287,3563,869,640
4097,4405,4287,4170,1910,4773
4097,4405,4287,6793,4212,144
4097,4405,4287,6771,7809,6235
4097,4405,4287,1108,6667,6981
4097,4405,4287,7016,4113,8514
4097,4405,4287,9404,2404,9065
4097,4405,4287,5175,1883,6444
4097,4405,4287,4086,9656,2370
4097,4405,4287,7649,1308,5916
4097,4405,4287,2916,6780,6569
4097,4405,4287,3375,4831,6520
4097,4405,4287,5076,8148,1646
4097,4405,4287,9315,128,4619
4097,4405,4287,551,3506,6788
4097,4405,4287,1558,1006,2683
4097,4405,4287,6025,6590,2035
4097,4405,4287,3680,4429,2526
4097,4405,4287,7817,1611,5242
4097,4405,4287,2811,7725,7037
4097,4405,4287,7213,2839,8459
4097,4405,4287,1695,5465,6665
4097,4405,4287,5404,1998,1897
4097,4405,4287,1025,5683,2694
4097,4405,4287,6900,8081,5498
4097,4405,4287,9167,6935,6828
4097,4405,4287,8768,7088,7326
4097,4405,4287,7511,9296,4711
4097,4405,4287,1092,9199,8538
4097,4405,4287,64,4665,1213
4097,4405,4287,6467,3738,6086
4097,4405,4287,8518,944,1611
4097,4405,4287,4444,595,4322
4097,4405,4287,5837,8500,9920
4097,4405,4287,4398,8912,8762
4097,4405,4287,1725,1812,7793
4097,4405,4287,2586,3876,1836
4097,4405,4287,5271,7732,850
4097,4405,4287,1114,8947,9872
4097,4405,4287,1505,8327,7086
4097,4405,4287,4184,6068,2411
4097,4405,4287,2068,7333,8578
4097,4405,4287,4240,606,9726
4097,4405,4287,3186,1979,6035
4097,4405,4287,1984,8123,3199
4097,4405,4287,1146,999,7984
4097,4405,4287,9893,2123,3059
4097,4405,4287,2899,4247,566
4097,4405,4287,9921,1355,3586
4097,4405,4287,4737,2720,7519
4097,4405,4287,9746,1189,7282
4097,4405,4287,229,1675,3498
4097,4405,4287,8225,2903,388
4097,4405,4287,2509,9524,4506
4097,4405,4287,7991,9653,1761
4097,4405,4287,752,7176,3681
4097,4405,4287,5784,3047,7161
4097,4405,4287,3062,3825,5045
4097,4405,4287,7870,625,4922
4097,4405,4287,557,3322,6452
4097,4405,4287,698,767,3737
4097,4405,4287,2318,7978,3838
4097,4405,4287,5147,2545,9506
4097,4405,4287,6583,8729,9890
4097,4405,4287,9015,3558,4342
4097,4405,4287,4112,8796,6504
4097,4405,4287,1368,4417,6633
4097,4405,4287,852,6252,8700
4097,4405,4287,4014,5876,7269
4097,4405,4287,7200,3279,2639
4097,4405,4287,5120,2716,4348
4097,4405,4287,7871,5811,6725
4097,4405,4287,6686,9577,5470
4097,4405,4287,5671,2470,181
4097,4405,4287,2013,8653,2922
4097,4405,4287,2025,8501,5035
4097,4405,4287,2926,2239,540
4097,4405,4287,6433,318,390
4097,4405,4287,3586,918,5063
4097,4405,4287,5963,3396,1705
4097,4405,4287,9678,655,8782
4097,4405,4287,2160,7201,5176
4097,4405,4287,7364,3020,8800
4097,4405,4287,6615,2733,2560
4097,4405,4287,8727,5458,6143
4097,4405,4287,5630,7716,5614
4097,4405,4287,254,7999,9967
4097,4405,4287,9190,538,6049
4097,4405,4287,391,8136,6325
4097,4405,4287,8580,62,6516
4097,4405,4287,2442,4548,5789
4097,4405,4287,3476,2785,8735
4097,4405,4287,5527,686,8781
4097,4405,4287,6275,1624,5256
4097,4405,4287,9000,8246,4661
4097,4405,4287,5793,7977,4729
4097,4405,4287,7890,3334,3123
4097,4405,4287,5457,7953,328
4097,4405,4287,9426,220,1097
4097,4405,4287,8124,8627,6135
4097,4405,4287,5333,1365,3520
4097,4405,4287,4831,1983,8477
4097,4405,4287,1402,1292,7400
4097,4405,4287,9314,612,5152
4097,4405,4287,800,7027,5844
4097,4405,4287,4081,2900,3146
4097,4405,4287,6760,9897,784
4097,4405,4287,5461,5672,3568
4097,4405,4287,1310,723,5322
4097,4405,4287,1225,8589,6079
4097,4405,4287,3839,6946,8379
4097,4405,4287,8583,9074,2460
4097,4405,4287,2939,7691,840
4097,4405,4287,9226,1509,6656
4097,4405,4287,60,3855,6938
4097,4405,4287,8716,9952,7711
4097,4405,4287,6608,4619,9317
4097,4405,4287,7420,5771,7279
4097,4405,4287,138,4966,1721
4097,4405,4287,432,2150,9896
4097,4405,4287,2539,6568,3834
4097,4405,4287,3608,232,314
4097,4405,4287,3320,7390,6433
4097,4405,4287,214,3435,8038
4097,4405,4287,994,5023,1227
4097,4405,4287,9561,957,1850
4097,4405,4287,352,2658,7260
4097,4405,4287,2808,6402,6134
4097,4405,4287,3855,1498,1761
4097,4405,4287,9281,2298,9802
4097,4405,4287,5315,6933,6125
4097,4405,4287,8818,5356,2488
4097,4405,4287,1736,2556,9888
4097,4405,4287,5871,6030,7276
4097,4405,4287,1938,2059,4576
4097,4405,4287,3672,7138,3295
4097,4405,4287,6117,724,5875
4097,4405,4287,6916,1718,1450
4097,4405,4287,6355,1563,7322
4097,4405,4287,9699,13,3132
4097,4405,4287,4438,2200,6376
4097,4405,4287,3050,2090,3406
4097,4405,4287,3808,9290,2330
4097,4405,4287,7446,7494,3555
4097,4405,4287,482,3559,7260
4097,4405,4287,9257,9455,4520
4097,4405,4287,7694,6295,1186
4097,4405,4287,5578,8051,9295
4097,4405,4287,9839,6222,990
4097,4405,4287,7970,6561,281
4097,4405,4287,2695,817,929
4097,4405,4287,1306,6572,4758
4097,4405,4287,3664,6240,9148
4097,4405,4287,2354,3866,4421
4097,4405,4287,499,6970,6734
4097,4405,4287,4432,1984,2100
4097,4405,4287,9369,9925,6448
4097,4405,4287,3335,8944,4621
4097,4405,4287,4738,9866,1092
4097,4405,4287,548,6331,5418
4097,4405,4287,4495,1137,5182
4097,4405,4287,448,7420,1240
4097,4405,4287,1497,3580,8316
4097,4405,4287,4777,8438,2679
4097,4405,4287,8797,8214,5062
4097,4405,4287,2922,9929,1874
4097,4405,4287,1949,5133,6574
4097,4405,4287,1316,7337,6941
4097,4405,4287,1503,2282,1649
4097,4405,4287,9541,1715,5486
4097,4405,4287,1569,9060,1707
4097,4405,4287,1769,4970,9411
4097,4405,4287,5826,6925,1391
4097,4405,4287,8754,964,6931
4097,4405,4287,3745,7856,2601
4097,4405,4287,7074,441,4908
4097,4405,4287,5652,4650,5464
4097,4405,4287,7232,3287,8837
4097,4405,4287,5922,8569,961
4097,4405,4287,7093,5955,507
4097,4405,4287,2245,9213,4731
4097,4405,4287,202,8091,1786
4097,4405,4287,5689,3120,1497
4097,4405,4287,9443,3663,9542
4097,4405,4287,2987,8987,1002
4097,4405,4287,2219,1662,2152
4097,4405,4287,4550,9901,544
4097,4405,4287,2368,6279,5176
4097,4405,4287,7350,1030,5187
4097,4405,4287,2029,119,3932
4097,4405,4287,8590,7663,2051
4097,4405,4287,596,1167,6356
4097,4405,4287,9523,5040,735
4097,4405,4287,9860,1245,9481
4097,4405,4287,6415,9456,3117
4097,4405,4287,9427,198,3875
4097,4405,4287,6456,1416,9254
4097,4405,4287,9982,5944,9970
4097,4405,4287,2319,4059,1670
4097,4405,4287,7410,5557,74
4097,4405,4287,3121,9133,5399
4097,4405,4287,1202,5344,3167
4097,4405,4287,1994,3062,6447
4097,4405,4287,2577,7743,8622
4097,4405,4287,6194,74,2343
4097,4405,4287,6566,4430,6380
4097,4405,4287,8108,7929,4517
4097,4405,4287,420,2074,6516
4097,4405,4287,177,8260,7599
4097,4405,4287,93,5441,8926
4097,4405,4287,6536,9197,6169
4097,4405,4287,2117,3743,2359
4097,4405,4287,4166,212,4278
4097,4405,4287,4419,1297,158
4097,4405,4287,5900,90,9036
4097,4405,4287,9887,3343,1895
4097,4405,4287,1572,9612,4007
4097,4405,4287,118,6553,5453
4097,4405,4287,9810,5636,2818
4097,4405,4287,1918,181,2706
4097,4405,4287,497,9141,6579
4097,4405,4287,826,4634,6660
4097,4405,4287,5497,2451,6392
4097,4405,4287,7827,2540,7831
4097,4405,4287,9706,7824,8427
4097,4405,4287,8179,3663,9035
4097,4405,4287,5490,1253,7594
4097,4405,4287,5348,3326,9896
4097,4405,4287,1545,4603,2063
4097,4405,4287,3033,3763,3273
4097,4405,4287,6853,9813,5136
4097,4405,4287,5473,8110,6138
4097,4405,4287,1318,5137,6887
4097,4405,4287,1858,5031,4773
4097,4405,4287,341,3139,4855
4097,4405,4287,2954,4670,6863
4097,4405,4287,5951,5146,8256
4097,4405,4287,3784,238,6430
4097,4405,4287,2915,3900,3343
4097,4405,4287,8770,2106,8196
4097,4405,4287,545,7071,8942
4097,4405,4287,6986,6030,6831
4097,4405,4287,5391,782,7083
4097,4405,4287,1628,98,2291
4097,4405,4287,9006,2460,7011
4097,4405,4287,3532,9444,8614
4097,4405,4287,3028,19,167
4097,4405,4287,6867,567,3660
4097,4405,4287,2940,7744,5910
4097,4405,4287,9970,6529,875
4097,4405,4287,880,5215,9889
4097,4405,4287,719,9752,6573
4097,4405,4287,1119,4539,6162
4097,4405,4287,7541,4504,7714
4097,4405,4287,657,5469,3364
4097,4405,4287,6040,8765,9752
4097,4405,4287,5890,6750,2127
4097,4405,4287,874,59,4078
4097,4405,4287,4636,7992,6649
4097,4405,4287,5911,7625,3694
4097,4405,4287,548,5019,5372
4097,4405,4287,5484,9938,1216
4097,4405,4287,1765,8259,6291
4097,4405,4287,8598,7204,7831
4097,4405,4287,3890,7113,3343
4097,4405,4287,9697,5293,2676
4097,4405,4287,2523,5004,7685
4097,4405,4287,2074,6365,8772
4097,4405,4287,8799,7708,5253
4097,4405,4287,542,8524,8277
4097,4405,4287,263,6879,7418
4097,4405,4287,6788,3090,4800
4097,4405,4287,3501,5684,9783
4097,4405,4287,6331,1660,1533
4097,4405,4287,734,5733,8008
4097,4405,4287,1169,334,7453
4097,4405,4287,4950,8198,96
4097,4405,4287,8857,8978,8359
4097,4405,4287,8619,6925,6842
4097,4405,4287,5180,385,6557
4097,4405,4287,3603,3496,9733
4097,4405,4287,2864,942,6242
4097,4405,4287,9835,7773,602
4097,4405,4287,4770,884,850
4097,4405,4287,3011,4352,7677
4097,4405,4287,9504,2414,6106
4097,4405,4287,2519,4909,8860
4097,4405,4287,9054,5846,8304
4097,4405,4287,8545,301,9186
4097,4405,4287,1800,4333,1148
4097,4405,4287,5082,3384,5793
4097,4405,4287,8692,5587,3463
4097,4405,4287,4110,685,617
4097,4405,4287,5829,8009,8569
4097,4405,4287,4634,8468,9315
4097,4405,4287,1452,8512,3451
4097,4405,4287,1256,8975,3010
4097,4405,4287,8426,2744,1573
4097,4405,4287,7963,9977,3371
4097,4405,4287,6433,3554,3482
4097,4405,4287,5744,8178,5306
4097,4405,4287,4097,4790,8202
4097,4405,4287,2295,6584,6918
4097,4405,4287,4429,2212,3026
4097,4405,4287,7495,3556,1990
4097,4405,4287,2825,4324,3823
4097,4405,4287,8852,4064,9752
4097,4405,4287,9989,1392,537
4097,4405,4287,2301,6241,5955
4097,4405,4287,4424,625,1924
4097,4405,4287,8270,9831,9336
4097,4405,4287,7021,7532,6103
4097,4405,4287,444,2714,9811
4097,4405,4287,5164,1011,8635
4097,4405,4287,9156,3895,7060
4097,4405,4287,1742,421,5975
4097,4405,4287,4254,2572,4766
4097,4405,4287,6498,3224,6776
4097,4405,4287,8309,3990,4502
4097,4405,4287,1720,9014,2036
4097,4405,4287,8474,7317,2106
4097,4405,4287,9466,2891,4981
4097,4405,4287,4738,1680,4132
4097,4405,4287,494,5760,6796
4097,4405,4287,3961,4615,3817
4097,4405,4287,4470,9794,5449
4097,4405,4287,9887,174,891
4097,4405,4287,7497,6335,5313
4097,4405,4287,3895,3945,6157
4097,4405,4287,956,5751,7128
4097,4405,4287,8431,5925,4196
4097,4405,4287,6580,2680,9905
4097,4405,4287,6713,2505,7370
4097,4405,4287,4297,9446,8213
4097,4405,4287,3699,7119,6829
4097,4405,4287,5063,7187,1543
4097,4405,4287,5417,1854,9340
4097,4405,4287,4225,3751,5709
4097,4405,4287,3915,2051,9910
4097,4405,4287,6722,7702,299
4097,4405,4287,7340,9754,6869
4097,4405,4287,9693,1938,9221
4097,4405,4287,9938,5032,6419
4097,4405,4287,4617,421,8218
4097,4405,4287,5866,7385,8380
4097,4405,4287,6835,1365,9819
4097,4405,4287,1866,2445,2984
4097,4405,4287,5613,5181,9895
4097,4405,4287,6582,1259,1845
4097,4405,4287,584,9680,8822
4097,4405,4287,8906,2173,8833
4097,4405,4287,6406,8951,1869
4097,4405,4287,9133,6329,9699
4097,4405,4287,9382,8116,4901
4097,4405,4287,9796,2813,3906
4097,4405,4287,916,1401,1718
4097,4405,4287,7273,629,7926
4097,4405,4287,2762,8432,3399
4097,4405,4287,4829,7777,9965
4097,4405,4287,8852,5933,8227
4097,4405,4287,7667,3321,2926
4097,4405,4287,3911,3061,8058
4097,4405,4287,8980,9045,8235
4097,4405,4287,7936,4362,7141
4097,4405,4287,9331,2168,8595
4097,4405,4287,7718,4028,1523
4097,4405,4287,2000,4076,3403
4097,4405,4287,2918,2053,9971
4097,4405,4287,1120,8684,2242
4097,4405,4287,794,9055,5320
4097,4405,4287,1626,1088,4116
4097,4405,4287,9915,4806,5693
4097,4405,4287,4744,8119,1068
4097,4405,4287,6469,2240,276
4097,4405,4287,7692,2283,3117
4097,4405,4287,4279,4566,7293
4097,4405,4287,5164,6439,5784
4097,4405,4287,1237,2549,6238
4097,4405,4287,9565,7455,5226
4097,4405,4287,6277,9361,5764
4097,4405,4287,648,6564,9202
4097,4405,4287,8721,6224,1935
4097,4405,4287,841,1821,2865
4097,4405,4287,4000,2872,7341
4097,4405,4287,3649,7619,8136
4097,4405,4287,6955,369,7884
4097,4405,4287,7475,4851,3479
4097,4405,4287,8603,5070,4705
4097,4405,4287,6654,655,9711
4097,4405,4287,5531,4446,4943
4097,4405,4287,63,6425,3535
4097,4405,4287,8715,9925,5162
