8335,1280,5560,585,8601,9876
8335,1280,5560,5066,8457,241
8335,1280,5560,4480,128,1818
8335,1280,5560,9650,5524,9238
8335,1280,5560,1424,3560,2792
8335,1280,5560,7194,7820,6022
8335,1280,5560,5276,1331,4444
8335,1280,5560,8498,1306,516
8335,1280,5560,9176,3738,9799
8335,1280,5560,3931,9332,3274
8335,1280,5560,6959,9602,7004
8335,1280,5560,4829,5934,9213
8335,1280,5560,6476,4568,3139
8335,1280,5560,2629,1887,4588
8335,1280,5560,4787,2346,4429
8335,1280,5560,1907,192,4511
8335,1280,5560,8250,8488,5877
8335,1280,5560,4315,4268,3760
8335,1280,5560,2052,9747,4691
8335,1280,5560,6335,2216,6864
8335,1280,5560,4971,714,9864
8335,1280,5560,9142,5009,4311
8335,1280,5560,7237,388,2997
8335,1280,5560,2596,3612,4062
8335,1280,5560,7204,5145,7994
8335,1280,5560,116,6600,5865
8335,1280,5560,8986,4584,3240
8335,1280,5560,8907,6376,318
8335,1280,5560,6945,9747,3236
8335,1280,5560,5547,7837,3818
8335,1280,5560,3555,6445,3717
8335,1280,5560,3293,5345,2280
8335,1280,5560,7545,1316,6236
8335,1280,5560,1262,4247,669
8335,1280,5560,8757,4535,7190
8335,1280,5560,4738,5165,5981
8335,1280,5560,9848,4550,644
8335,1280,5560,7177,1152,6738
8335,1280,5560,1156,5260,2180
8335,1280,5560,1618,4131,3146
8335,1280,5560,2256,6668,30
8335,1280,5560,4229,9173,7132
8335,1280,5560,1349,9293,7663
8335,1280,5560,881,9918,4726
8335,1280,5560,6913,3527,6565
8335,1280,5560,2736,6556,7913
8335,1280,5560,9601,4613,8140
8335,1280,5560,7625,4798,8756
8335,1280,5560,8137,9631,5537
8335,1280,5560,1281,2885,5083
8335,1280,5560,5102,3426,2454
8335,1280,5560,5294,2276,6792
8335,1280,5560,7315,7971,1605
8335,1280,5560,6779,9366,6901
8335,1280,5560,9314,8533,1877
8335,1280,5560,1541,8783,6257
8335,1280,5560,2528,8285,4402
8335,1280,5560,2888,855,9002
8335,1280,5560,4265,9622,9471
8335,1280,5560,2747,5920,2030
8335,1280,5560,7868,4730,3340
8335,1280,5560,8519,9687,2017
8335,1280,5560,814,7023,6676
8335,1280,5560,9849,8518,6528
8335,1280,5560,2518,7786,6596
8335,1280,5560,6292,3259,3861
8335,1280,5560,2533,8614,7573
8335,1280,5560,7769,1823,5826
8335,1280,5560,8546,3408,4290
8335,1280,5560,5857,6501,2033
8335,1280,5560,932,8786,4908
8335,1280,5560,4919,8048,8100
8335,1280,5560,1920,1561,3144
8335,1280,5560,6273,9819,7677
8335,1280,5560,2623,9968,5986
8335,1280,5560,841,5502,3032
8335,1280,5560,7519,4866,5081
8335,1280,5560,9115,2914,4511
8335,1280,5560,3633,5704,9678
8335,1280,5560,2228,2039,7836
8335,1280,5560,4456,8617,9114
8335,1280,5560,1113,6523,7187
8335,1280,5560,2189,1132,9899
8335,1280,5560,5336,8296,7193
8335,1280,5560,2735,7616,8724
8335,1280,5560,6099,6704,8256
8335,1280,5560,433,360,3268
8335,1280,5560,861,9456,2951
8335,1280,5560,5100,8891,8321
8335,1280,5560,8316,2527,1927
8335,1280,5560,308,1101,8302
8335,1280,5560,6066,2993,2701
8335,1280,5560,2586,8064,8286
8335,1280,5560,1853,3244,5020
8335,1280,5560,7614,1725,4183
8335,1280,5560,2734,6712,8255
8335,1280,5560,7277,7772,1038
8335,1280,5560,5395,5462,6837
8335,1280,5560,7531,8150,5238
8335,1280,5560,3603,4218,1610
8335,1280,5560,712,656,1476
8335,1280,5560,2719,3781,5257
8335,1280,5560,9997,924,2393
8335,1280,5560,4483,7543,7676
8335,1280,5560,8062,4831,1917
8335,1280,5560,89,6460,6455
8335,1280,5560,2028,29,1663
8335,1280,5560,8989,5466,7926
8335,1280,5560,5977,8852,1797
8335,1280,5560,9816,7528,3978
8335,1280,5560,1333,6577,3085
8335,1280,5560,3134,2439,11
8335,1280,5560,5430,5334,829
8335,1280,5560,9143,3594,5280
8335,1280,5560,584,249,277
8335,1280,5560,1725,9215,3548
8335,1280,5560,7195,1289,4323
8335,1280,5560,9746,4780,1418
8335,1280,5560,7243,8121,6405
8335,1280,5560,8951,284,3385
8335,1280,5560,980,3747,460
8335,1280,5560,5116,5097,1268
8335,1280,5560,869,7200,3002
8335,1280,5560,8253,3316,7054
8335,1280,5560,566,6766,713
8335,1280,5560,1973,5848,6443
8335,1280,5560,4473,9243,9063
8335,1280,5560,753,2529,1134
8335,1280,5560,2642,4629,4547
8335,1280,5560,3,9406,1086
8335,1280,5560,8802,1645,7185
8335,1280,5560,5355,3167,451
8335,1280,5560,9933,90,8932
8335,1280,5560,9835,1639,1286
8335,1280,5560,4008,8655,7496
8335,1280,5560,7914,3895,6453
8335,1280,5560,6726,6010,9946
8335,1280,5560,179,7556,97
8335,1280,5560,5685,1193,9662
8335,1280,5560,3387,457,1447
8335,1280,5560,904,5262,9857
8335,1280,5560,5370,8316,3289
8335,1280,5560,9845,7471,5716
8335,1280,5560,5624,8615,7920
8335,1280,5560,7209,2035,9560
8335,1280,5560,1223,6294,7168
8335,1280,5560,474,6850,5063
8335,1280,5560,3554,8345,8078
8335,1280,5560,5027,8060,3688
8335,1280,5560,4263,6476,5175
8335,1280,5560,3147,8586,4649
8335,1280,5560,8075,9972,956
8335,1280,5560,4144,8987,8136
8335,1280,5560,215,1113,8359
8335,1280,5560,7744,6322,5105
8335,1280,5560,1688,6959,2983
8335,1280,5560,9220,9158,1458
8335,1280,5560,6027,3941,4198
8335,1280,5560,8223,9501,6601
8335,1280,5560,2539,9209,7866
8335,1280,5560,9256,259,3526
8335,1280,5560,3202,8418,9318
8335,1280,5560,6918,5212,6043
8335,1280,5560,3083,4531,7139
8335,1280,5560,7303,6493,1937
8335,1280,5560,5742,2343,8051
8335,1280,5560,1358,9913,4479
8335,1280,5560,8436,4088,4299
8335,1280,5560,2047,9325,4077
8335,1280,5560,4549,4523,5715
8335,1280,5560,1966,9101,9838
8335,1280,5560,7374,4202,7276
8335,1280,5560,3665,675,7786
8335,1280,5560,2524,10000,8960
8335,1280,5560,5263,1064,2649
8335,1280,5560,3417,770,3133
8335,1280,5560,2826,9562,1690
8335,1280,5560,9876,2703,1742
8335,1280,5560,888,330,3784
8335,1280,5560,167,814,8850
8335,1280,5560,5159,341,4961
8335,1280,5560,1710,2716,76
8335,1280,5560,3433,4534,4935
8335,1280,5560,9105,7772,3505
8335,1280,5560,2308,4192,6056
8335,1280,5560,7208,5916,8492
8335,1280,5560,6353,7289,3754
8335,1280,5560,9867,7119,214
8335,1280,5560,5616,7879,4780
8335,1280,5560,3973,1167,8699
8335,1280,5560,3230,8392,5799
8335,1280,5560,6869,6605,5868
8335,1280,5560,7183,5212,8536
8335,1280,5560,5920,8911,434
8335,1280,5560,2244,7393,9661
8335,1280,5560,5966,9009,1288
8335,1280,5560,8935,9908,1793
8335,1280,5560,2787,8726,5828
8335,1280,5560,2342,790,8825
8335,1280,5560,9053,7663,6847
8335,1280,5560,9800,2441,8483
8335,1280,5560,5208,1964,3892
8335,1280,5560,8314,1078,939
8335,1280,5560,660,7239,9916
8335,1280,5560,3522,608,9527
8335,1280,5560,5908,1919,6057
8335,1280,5560,6972,5709,8891
8335,1280,5560,2709,1007,2353
8335,1280,5560,9535,3643,6200
8335,1280,5560,4801,3265,4148
8335,1280,5560,7226,5650,5827
8335,1280,5560,4128,7100,8063
8335,1280,5560,9901,2657,962
8335,1280,5560,9348,7770,6858
8335,1280,5560,5245,8932,5596
8335,1280,5560,8512,3436,9519
8335,1280,5560,6055,7319,8585
8335,1280,5560,6900,6840,8113
8335,1280,5560,4886,4049,3587
8335,1280,5560,7317,6670,3683
8335,1280,5560,2434,521,6140
8335,1280,5560,2432,4540,3132
8335,1280,5560,3463,8592,663
8335,1280,5560,7349,1403,6879
8335,1280,5560,6681,1634,5264
8335,1280,5560,7323,2893,1828
8335,1280,5560,4664,7602,3839
8335,1280,5560,5138,9720,6414
8335,1280,5560,4462,2589,9084
8335,1280,5560,8536,3533,6619
8335,1280,5560,5931,8999,2006
8335,1280,5560,2036,1644,7579
8335,1280,5560,8869,6353,8347
8335,1280,5560,2451,3993,5911
8335,1280,5560,4603,4440,5903
8335,1280,5560,9898,7660,9779
8335,1280,5560,6848,5865,3788
8335,1280,5560,5321,8547,3131
8335,1280,5560,8828,5354,9495
8335,1280,5560,9824,6817,1663
8335,1280,5560,3306,7103,2903
8335,1280,5560,8410,7980,6414
8335,1280,5560,1037,2721,5203
8335,1280,5560,9497,5249,1304
8335,1280,5560,4851,4489,1246
8335,1280,5560,1078,2172,2604
8335,1280,5560,404,9183,7813
8335,1280,5560,6182,2042,94
8335,1280,5560,2967,6467,1933
8335,1280,5560,4695,9411,9781
8335,1280,5560,35,953,7756
8335,1280,5560,5284,8010,2658
8335,1280,5560,9371,4797,8351
8335,1280,5560,1251,4520,2423
8335,1280,5560,938,5513,5153
8335,1280,5560,5637,3402,2488
8335,1280,5560,3499,4607,7115
8335,1280,5560,1616,8278,9881
8335,1280,5560,1853,5857,7789
8335,1280,5560,3246,7209,5712
8335,1280,5560,5926,2514,5605
8335,1280,5560,8199,836,8054
8335,1280,5560,6778,7215,3447
8335,1280,5560,630,6144,6305
8335,1280,5560,8654,2729,9002
8335,1280,5560,6580,2766,1517
8335,1280,5560,3209,3792,9381
8335,1280,5560,4242,4693,8378
8335,1280,5560,4569,3145,8079
8335,1280,5560,5539,5617,8903
8335,1280,5560,9488,1696,993
8335,1280,5560,9087,7703,7025
8335,1280,5560,8474,4008,7534
8335,1280,5560,4645,6102,6933
8335,1280,5560,3863,2046,7573
8335,1280,5560,2026,556,2450
8335,1280,5560,4619,9505,1780
8335,1280,5560,1300,9104,9335
8335,1280,5560,3366,1912,837
8335,1280,5560,2545,6860,5157
8335,1280,5560,8594,6503,8094
8335,1280,5560,8981,9305,8592
8335,1280,5560,9543,8239,8903
8335,1280,5560,3319,7158,8121
8335,1280,5560,2315,5632,1338
8335,1280,5560,3199,435,1826
8335,1280,5560,1485,5818,3553
8335,1280,5560,7377,8186,5447
8335,1280,5560,8569,3083,9559
8335,1280,5560,2282,9075,724
8335,1280,5560,8693,6915,7626
8335,1280,5560,3303,5190,8976
8335,1280,5560,125,6325,238
8335,1280,5560,6030,8767,5224
8335,1280,5560,623,3770,1468
8335,1280,5560,9603,7755,3861
8335,1280,5560,3316,3201,6842
8335,1280,5560,8800,1730,8468
8335,1280,5560,511,7010,8445
8335,1280,5560,6071,377,6178
8335,1280,5560,3082,9087,3438
8335,1280,5560,8226,4643,2128
8335,1280,5560,9605,9501,3197
8335,1280,5560,2948,4519,5772
8335,1280,5560,8852,4041,1059
8335,1280,5560,7424,7638,5394
8335,1280,5560,6843,6722,4259
8335,1280,5560,3601,5014,2772
8335,1280,5560,5344,6697,3771
8335,1280,5560,5891,9766,9234
8335,1280,5560,361,2155,41
8335,1280,5560,3790,9552,6805
8335,1280,5560,6742,6848,9803
8335,1280,5560,2821,4246,5585
8335,1280,5560,523,2676,9093
8335,1280,5560,9285,6831,6664
8335,1280,5560,1217,6797,3227
8335,1280,5560,8819,94,9892
8335,1280,5560,2579,7833,2639
8335,1280,5560,5875,6651,718
8335,1280,5560,4380,8,1487
8335,1280,5560,2733,2019,6291
8335,1280,5560,8474,1387,5820
8335,1280,5560,8070,6943,2979
8335,1280,5560,5358,7757,5351
8335,1280,5560,681,5384,6753
8335,1280,5560,9135,7554,3069
8335,1280,5560,4498,3625,1816
8335,1280,5560,5479,7478,4320
8335,1280,5560,7402,4608,1046
8335,1280,5560,1580,9940,3636
8335,1280,5560,4545,6519,6238
8335,1280,5560,8303,4247,5708
8335,1280,5560,3122,6270,1064
8335,1280,5560,5995,8747,7409
8335,1280,5560,5861,560,3565
8335,1280,5560,6450,8025,5545
8335,1280,5560,6401,1669,9809
8335,1280,5560,9499,4993,2333
8335,1280,5560,2117,6084,2745
8335,1280,5560,4101,9787,8249
8335,1280,5560,4813,8682,8780
8335,1280,5560,3968,9823,1985
8335,1280,5560,7762,286,6911
8335,1280,5560,5222,2242,5876
8335,1280,5560,4503,5202,7718
8335,1280,5560,4335,3833,3099
8335,1280,5560,7709,6226,8628
8335,1280,5560,1115,153,3182
8335,1280,5560,1681,7188,5658
8335,1280,5560,7411,4516,3298
8335,1280,5560,3097,435,4179
8335,1280,5560,7127,8021,2654
8335,1280,5560,1160,8761,1672
8335,1280,5560,5233,2344,6240
8335,1280,5560,9530,7349,8111
8335,1280,5560,8684,6294,660
8335,1280,5560,7372,1561,3396
8335,1280,5560,1779,3761,5656
8335,1280,5560,6497,7914,5178
8335,1280,5560,3242,1230,7005
8335,1280,5560,4200,6650,3305
8335,1280,5560,8455,2996,8596
8335,1280,5560,1872,2975,1313
8335,1280,5560,8589,1015,2107
8335,1280,5560,260,8799,4240
8335,1280,5560,4832,5634,7448
8335,1280,5560,8233,2425,9106
8335,1280,5560,8132,9061,8075
8335,1280,5560,6166,6459,6829
8335,1280,5560,3492,7026,9244
8335,1280,5560,4529,2288,6409
8335,1280,5560,1587,5581,5988
8335,1280,5560,1580,1235,4136
8335,1280,5560,5628,9502,3096
8335,1280,5560,7942,4389,7539
8335,1280,5560,9353,362,7848
8335,1280,5560,2757,3187,507
8335,1280,5560,5063,3334,1424
8335,1280,5560,3328,3798,5707
8335,1280,5560,2154,4830,5562
8335,1280,5560,8001,3383,6702
8335,1280,5560,7489,3732,8534
8335,1280,5560,5675,9295,2139
8335,1280,5560,6326,798,9485
8335,1280,5560,7190,2333,8565
8335,1280,5560,2487,7810,3290
8335,1280,5560,4282,6375,4430
8335,1280,5560,8668,1881,5485
8335,1280,5560,4014,2404,2255
8335,1280,5560,657,8187,7597
8335,1280,5560,5967,4333,396
8335,1280,5560,5584,5766,1193
8335,1280,5560,8408,2709,9910
8335,1280,5560,5127,5999,1119
8335,1280,5560,8097,7706,1336
8335,1280,5560,4017,3413,8962
8335,1280,5560,4699,7685,540
8335,1280,5560,1821,9044,2784
8335,1280,5560,1701,3421,7255
8335,1280,5560,7716,4829,2001
8335,1280,5560,3548,5318,9843
8335,1280,5560,2317,857,9989
8335,1280,5560,2597,5973,5472
8335,1280,5560,5510,3832,3469
8335,1280,5560,7850,5740,3266
8335,1280,5560,5463,8324,3501
8335,1280,5560,9191,8616,4243
8335,1280,5560,9252,7232,1311
8335,1280,5560,2698,1851,7525
8335,1280,5560,1294,1891,4026
8335,1280,5560,4058,9194,5226
8335,1280,5560,2466,768,4456
8335,1280,5560,6657,3105,3569
8335,1280,5560,704,1363,3388
8335,1280,5560,6357,6538,8803
8335,1280,5560,6959,6463,6967
8335,1280,5560,577,4582,7090
8335,1280,5560,8499,7671,4180
8335,1280,5560,2850,2497,8306
8335,1280,5560,496,7133,2756
8335,1280,5560,9842,2430,7540
8335,1280,5560,5613,9127,1015
8335,1280,5560,3797,9998,4695
8335,1280,5560,5675,9914,9280
8335,1280,5560,7534,2474,9045
8335,1280,5560,2597,1869,9546
8335,1280,5560,2121,7351,4661
8335,1280,5560,8075,247,1201
8335,1280,5560,7963,4536,3838
8335,1280,5560,312,3699,6344
8335,1280,5560,166,6738,3442
8335,1280,5560,3860,3337,4097
8335,1280,5560,2973,1013,6833
8335,1280,5560,7844,9619,1285
8335,1280,5560,2381,7991,3819
8335,1280,5560,9914,5772,7414
8335,1280,5560,4882,973,6874
8335,1280,5560,3856,980,1231
8335,1280,5560,496,7494,3260
8335,1280,5560,2733,2512,4250
8335,1280,5560,3195,6750,7671
8335,1280,5560,1532,9338,4279
8335,1280,5560,2376,3870,3907
8335,1280,5560,1406,1129,3072
8335,1280,5560,6812,8697,743
8335,1280,5560,8713,354,7717
8335,1280,5560,7240,1313,3177
8335,1280,5560,463,449,3241
8335,1280,5560,3087,8160,155
8335,1280,5560,7932,2952,7456
8335,1280,5560,4612,6794,1708
8335,1280,5560,3638,3433,3589
8335,1280,5560,7987,2535,3710
8335,1280,5560,5530,9981,4205
8335,1280,5560,8173,3182,4529
8335,1280,5560,7678,5065,7826
8335,1280,5560,5720,863,4507
8335,1280,5560,7397,3454,5985
8335,1280,5560,6362,364,5864
8335,1280,5560,4331,9077,6250
8335,1280,5560,9553,5217,5062
8335,1280,5560,5320,2312,9319
8335,1280,5560,9976,1463,8926
8335,1280,5560,2021,6308,9041
8335,1280,5560,4225,9175,2781
8335,1280,5560,5235,6565,5037
8335,1280,5560,1833,9851,3627
8335,1280,5560,6855,7943,5367
8335,1280,5560,7692,703,5278
8335,1280,5560,5430,1438,5606
8335,1280,5560,7040,7127,5408
8335,1280,5560,1201,6608,841
8335,1280,5560,7424,8239,3902
8335,1280,5560,3678,4881,6077
8335,1280,5560,1544,573,1527
8335,1280,5560,7823,1232,266
8335,1280,5560,5933,8760,761
8335,1280,5560,5455,9364,6273
8335,1280,5560,7071,1904,688
8335,1280,5560,123,5538,6732
8335,1280,5560,2897,4586,7285
8335,1280,5560,46,6557,1427
8335,1280,5560,2041,8055,6685
8335,1280,5560,5114,9432,9290
8335,1280,5560,283,6403,4377
8335,1280,5560,9122,4848,7640
8335,1280,5560,1287,3489,3997
8335,1280,5560,8813,6455,8784
8335,1280,5560,9097,4789,6913
8335,1280,5560,9103,3834,5147
8335,1280,5560,5762,9899,833
8335,1280,5560,2571,2733,8902
8335,1280,5560,5454,8228,7446
8335,1280,5560,5475,3058,3601
8335,1280,5560,196,9142,2444
8335,1280,5560,3859,4144,7639
8335,1280,5560,2874,1321,2916
8335,1280,5560,2560,1380,4198
8335,1280,5560,8605,228,3252
8335,1280,5560,9425,9829,2689
8335,1280,5560,9574,4461,292
8335,1280,5560,7243,6119,4519
8335,1280,5560,3072,934,2213
8335,1280,5560,3015,5499,9322
8335,1280,5560,7789,4585,7868
8335,1280,5560,7652,2222,7950
8335,1280,5560,8656,5034,4075
8335,1280,5560,8383,8493,1629
8335,1280,5560,1094,7454,1341
