1738,2195,4609,2368,3182,6450
1738,2195,4609,3321,356,4137
1738,2195,4609,1574,4363,605
1738,2195,4609,6329,6650,3540
1738,2195,4609,5468,9466,2526
1738,2195,4609,5642,4373,4051
1738,2195,4609,7473,2542,7980
1738,2195,4609,8501,6131,1108
1738,2195,4609,6725,5627,153
1738,2195,4609,6968,8324,9128
1738,2195,4609,3749,2096,1023
1738,2195,4609,4601,9949,9618
1738,2195,4609,9294,1935,5498
1738,2195,4609,3726,6000,7109
1738,2195,4609,8215,1723,2181
1738,2195,4609,9638,8453,8292
1738,2195,4609,3143,4503,2716
1738,2195,4609,5809,4092,9202
1738,2195,4609,8289,2563,7709
1738,2195,4609,8266,4959,6957
1738,2195,4609,2191,1317,7527
1738,2195,4609,2199,6215,373
1738,2195,4609,1086,113,2465
1738,2195,4609,4511,7933,4308
1738,2195,4609,4809,8389,314
1738,2195,4609,8675,912,6467
1738,2195,4609,6115,5708,7571
1738,2195,4609,8039,6566,9566
1738,2195,4609,7077,8331,2049
1738,2195,4609,7521,5009,3795
1738,2195,4609,2636,4564,7336
1738,2195,4609,8155,9025,3944
1738,2195,4609,2183,4436,8196
1738,2195,4609,2470,9802,9884
1738,2195,4609,3520,9150,3209
1738,2195,4609,2589,3742,7656
1738,2195,4609,6491,278,2024
1738,2195,4609,3894,4506,3423
1738,2195,4609,1074,3118,8219
1738,2195,4609,1554,4262,8067
1738,2195,4609,4996,5689,2288
1738,2195,4609,3808,918,9732
1738,2195,4609,8803,5504,7821
1738,2195,4609,21,515,4836
1738,2195,4609,4641,1594,7779
1738,2195,4609,9267,1179,5083
1738,2195,4609,10,4957,6258
1738,2195,4609,3202,5970,5460
1738,2195,4609,581,9474,9715
1738,2195,4609,9740,9290,4439
1738,2195,4609,3014,22,9098
1738,2195,4609,6468,9843,9242
1738,2195,4609,6424,873,8186
1738,2195,4609,1591,2408,894
1738,2195,4609,862,55,6927
1738,2195,4609,6245,846,6400
1738,2195,4609,8955,7619,7363
1738,2195,4609,5989,6715,9199
1738,2195,4609,2700,6579,5846
1738,2195,4609,3881,408,6001
1738,2195,4609,4868,2650,4791
1738,2195,4609,8806,763,7897
1738,2195,4609,1189,5436,983
1738,2195,4609,1353,352,7973
1738,2195,4609,6692,6961,3155
1738,2195,4609,4129,7232,60
1738,2195,4609,2512,6796,5420
1738,2195,4609,5789,6864,9739
1738,2195,4609,2433,8472,891
1738,2195,4609,8752,9944,7154
1738,2195,4609,3863,2878,7320
1738,2195,4609,3778,156,3252
1738,2195,4609,8354,4056,9992
1738,2195,4609,5508,8929,2052
1738,2195,4609,3514,3124,9701
1738,2195,4609,5658,9257,6419
1738,2195,4609,6559,4119,1329
1738,2195,4609,734,2880,8751
1738,2195,4609,2250,4860,5174
1738,2195,4609,4274,2824,4378
1738,2195,4609,6979,8212,8750
1738,2195,4609,4467,8030,5373
1738,2195,4609,5065,4875,5950
1738,2195,4609,7700,5887,9380
1738,2195,4609,8484,233,1227
1738,2195,4609,3383,2272,3108
1738,2195,4609,4191,3334,2075
1738,2195,4609,7519,4728,1211
1738,2195,4609,3760,4082,5552
1738,2195,4609,6288,5254,5777
1738,2195,4609,4593,372,5083
1738,2195,4609,1571,8961,3082
1738,2195,4609,3157,4317,5008
1738,2195,4609,4580,4700,6242
1738,2195,4609,4915,9212,6566
1738,2195,4609,2637,2348,6595
1738,2195,4609,352,1343,7440
1738,2195,4609,7775,285,2165
1738,2195,4609,2135,9176,6138
1738,2195,4609,277,6176,9169
1738,2195,4609,5589,4102,2698
1738,2195,4609,9109,4658,7847
1738,2195,4609,4175,8439,2407
1738,2195,4609,4554,6951,9642
1738,2195,4609,2094,2118,6030
1738,2195,4609,2913,9168,4449
1738,2195,4609,4885,2497,2043
1738,2195,4609,8244,5851,4507
1738,2195,4609,5839,2841,9384
1738,2195,4609,6827,7678,8984
1738,2195,4609,2535,4104,3368
1738,2195,4609,5503,5492,9287
1738,2195,4609,252,2017,1428
1738,2195,4609,9981,6635,2143
1738,2195,4609,3305,6263,393
1738,2195,4609,1698,4143,8636
1738,2195,4609,4452,7457,8409
1738,2195,4609,8364,7673,7365
1738,2195,4609,3707,218,3175
1738,2195,4609,1547,9074,8844
1738,2195,4609,7318,2722,8211
1738,2195,4609,2452,7638,2322
1738,2195,4609,7765,6857,8663
1738,2195,4609,6092,7826,4370
1738,2195,4609,3374,4845,2336
1738,2195,4609,6998,3278,9641
1738,2195,4609,6017,4909,3303
1738,2195,4609,2426,4677,4620
1738,2195,4609,9004,5574,6561
1738,2195,4609,4899,866,6337
1738,2195,4609,7901,8145,7514
1738,2195,4609,980,9868,3723
1738,2195,4609,5894,4321,8038
1738,2195,4609,9896,4483,6597
1738,2195,4609,2113,8283,6297
1738,2195,4609,9322,2764,7787
1738,2195,4609,3821,728,2696
1738,2195,4609,3902,8264,3398
1738,2195,4609,352,7879,4990
1738,2195,4609,879,4684,4664
1738,2195,4609,9573,9032,9160
1738,2195,4609,2812,2085,2081
1738,2195,4609,8056,5199,3053
1738,2195,4609,5637,7618,9226
1738,2195,4609,4828,1855,1699
1738,2195,4609,2046,3670,7190
1738,2195,4609,1835,5833,6066
1738,2195,4609,6076,5861,2783
1738,2195,4609,5622,7287,5475
1738,2195,4609,6389,2067,211
1738,2195,4609,3514,4826,2984
1738,2195,4609,3614,2712,3242
1738,2195,4609,5977,9892,8968
1738,2195,4609,408,8354,8587
1738,2195,4609,3727,9744,2586
1738,2195,4609,555,7454,5350
1738,2195,4609,6727,6527,8105
1738,2195,4609,6795,9294,5425
1738,2195,4609,3953,4680,9119
1738,2195,4609,1578,9719,8313
1738,2195,4609,6679,4959,1267
1738,2195,4609,5487,5338,4078
1738,2195,4609,3932,5057,8973
1738,2195,4609,6309,2605,2268
1738,2195,4609,4638,141,7642
1738,2195,4609,3970,1284,5802
1738,2195,4609,6125,8903,7819
1738,2195,4609,3311,5032,1744
1738,2195,4609,2378,1965,1445
1738,2195,4609,6658,5723,2233
1738,2195,4609,1166,3478,2326
1738,2195,4609,274,605,9532
1738,2195,4609,2200,216,3372
1738,2195,4609,4108,8374,2118
1738,2195,4609,1334,187,1242
1738,2195,4609,8208,9053,917
1738,2195,4609,651,6146,9737
1738,2195,4609,3051,6330,3997
1738,2195,4609,7612,6967,8667
1738,2195,4609,6472,820,6214
1738,2195,4609,7350,7525,8260
1738,2195,4609,7968,2102,6150
1738,2195,4609,8258,9920,1346
1738,2195,4609,5321,788,2935
1738,2195,4609,4551,2254,4340
1738,2195,4609,8898,6828,9492
1738,2195,4609,7884,9329,7024
1738,2195,4609,4237,9865,3437
1738,2195,4609,5442,7729,9046
1738,2195,4609,7843,5268,1522
1738,2195,4609,1224,478,320
1738,2195,4609,6112,5349,1397
1738,2195,4609,5748,3354,1145
1738,2195,4609,438,9573,4262
1738,2195,4609,2336,7438,4097
1738,2195,4609,4042,5416,6631
1738,2195,4609,1502,981,973
1738,2195,4609,1923,135,2184
1738,2195,4609,4877,4396,4512
1738,2195,4609,1075,3685,5571
1738,2195,4609,991,2082,1983
1738,2195,4609,1489,7538,1335
1738,2195,4609,6025,5369,8942
1738,2195,4609,7106,6925,7924
1738,2195,4609,6947,7511,763
1738,2195,4609,3354,447,9841
1738,2195,4609,4506,8265,3483
1738,2195,4609,6769,8361,4805
1738,2195,4609,7991,8345,6361
1738,2195,4609,760,139,4545
1738,2195,4609,3240,131,1644
1738,2195,4609,1268,7409,2006
1738,2195,4609,9189,1899,3283
1738,2195,4609,583,4974,7476
1738,2195,4609,5652,3627,6694
1738,2195,4609,1221,3366,7555
1738,2195,4609,2112,5900,2861
1738,2195,4609,5951,9079,4442
1738,2195,4609,409,7079,8112
1738,2195,4609,1610,2827,6331
1738,2195,4609,6083,3782,1715
1738,2195,4609,6090,9672,8473
1738,2195,4609,1852,7404,2136
1738,2195,4609,4479,4236,7289
1738,2195,4609,512,7531,8019
1738,2195,4609,9280,5765,5698
1738,2195,4609,7563,7265,6215
1738,2195,4609,2389,9211,3043
1738,2195,4609,6432,3588,4257
1738,2195,4609,7804,3642,3897
1738,2195,4609,6139,8307,6182
1738,2195,4609,9316,3321,6010
1738,2195,4609,4669,2356,8207
1738,2195,4609,1629,2944,1327
1738,2195,4609,1368,4104,8643
1738,2195,4609,7413,6865,3391
1738,2195,4609,1327,5335,6088
1738,2195,4609,7067,8272,1796
1738,2195,4609,6610,409,407
1738,2195,4609,5738,3249,1768
1738,2195,4609,136,4426,7365
1738,2195,4609,829,8576,3135
1738,2195,4609,7247,3182,2264
1738,2195,4609,1893,8034,6793
1738,2195,4609,7726,6575,3230
1738,2195,4609,7223,5718,2347
1738,2195,4609,8792,7920,4413
1738,2195,4609,159,5489,2739
1738,2195,4609,805,5256,8138
1738,2195,4609,4969,963,8868
1738,2195,4609,2462,6426,1811
1738,2195,4609,3595,8599,6634
1738,2195,4609,4010,4907,8350
1738,2195,4609,8430,7701,135
1738,2195,4609,6998,1136,5616
1738,2195,4609,1064,3553,1233
1738,2195,4609,5486,2557,1998
1738,2195,4609,8419,2723,6695
1738,2195,4609,7779,8565,2810
1738,2195,4609,3725,8374,6790
1738,2195,4609,8351,3340,5064
1738,2195,4609,2766,7113,796
1738,2195,4609,9884,1067,6511
1738,2195,4609,3938,7154,4370
1738,2195,4609,8569,2486,7901
1738,2195,4609,3373,3105,3418
1738,2195,4609,6552,7871,5147
1738,2195,4609,1421,3717,4558
1738,2195,4609,3039,7198,4011
1738,2195,4609,9316,8829,617
1738,2195,4609,786,4385,5310
1738,2195,4609,5634,5830,4093
1738,2195,4609,804,5841,1031
1738,2195,4609,965,3548,4297
1738,2195,4609,3616,2381,2236
1738,2195,4609,3390,9820,2669
1738,2195,4609,5806,1806,5269
1738,2195,4609,990,8114,937
1738,2195,4609,4375,879,6031
1738,2195,4609,7125,4545,2183
1738,2195,4609,6733,9280,893
1738,2195,4609,7499,5831,293
1738,2195,4609,1977,9038,465
1738,2195,4609,1681,8250,6980
1738,2195,4609,2094,8645,5586
1738,2195,4609,546,4883,9690
1738,2195,4609,2679,9600,6476
1738,2195,4609,7923,121,6237
1738,2195,4609,6844,7873,2723
1738,2195,4609,5481,3898,691
1738,2195,4609,7705,5542,9719
1738,2195,4609,563,1810,2111
1738,2195,4609,883,9649,8203
1738,2195,4609,2190,8730,4767
1738,2195,4609,2716,9684,928
1738,2195,4609,6580,1037,5385
1738,2195,4609,627,5913,3613
1738,2195,4609,7354,2637,8916
1738,2195,4609,2148,1250,8046
1738,2195,4609,1540,2293,8147
1738,2195,4609,9630,7108,7572
1738,2195,4609,1472,7003,3367
1738,2195,4609,5566,5667,9938
1738,2195,4609,7156,8757,45
1738,2195,4609,8857,9930,3681
1738,2195,4609,9129,705,1691
1738,2195,4609,9601,4277,2249
1738,2195,4609,4876,4161,384
1738,2195,4609,2600,3982,8342
1738,2195,4609,567,5509,2257
1738,2195,4609,7457,1800,5278
1738,2195,4609,9509,6652,4541
1738,2195,4609,6292,1745,8186
1738,2195,4609,4241,5929,3117
1738,2195,4609,9108,9160,8977
1738,2195,4609,7796,2713,1417
1738,2195,4609,9494,6380,4335
1738,2195,4609,7646,3089,8048
1738,2195,4609,7088,1156,4619
1738,2195,4609,9207,1656,1060
1738,2195,4609,9637,7113,811
1738,2195,4609,956,2135,9664
1738,2195,4609,5516,7866,1706
1738,2195,4609,6071,8084,3156
1738,2195,4609,2472,4021,5223
1738,2195,4609,6403,3503,1841
1738,2195,4609,9751,6564,1451
1738,2195,4609,1051,7413,9375
1738,2195,4609,7316,6908,9730
1738,2195,4609,6491,5526,9716
1738,2195,4609,7727,9914,2725
1738,2195,4609,1817,455,9466
1738,2195,4609,5613,2441,6232
1738,2195,4609,5727,3776,7531
1738,2195,4609,381,9838,6987
1738,2195,4609,4257,1869,4363
1738,2195,4609,5077,1493,5180
1738,2195,4609,7989,9909,6482
1738,2195,4609,9280,9160,9194
1738,2195,4609,9484,6666,6613
1738,2195,4609,7894,655,8420
1738,2195,4609,975,7417,8783
1738,2195,4609,7230,4976,2815
1738,2195,4609,9285,1695,5329
1738,2195,4609,1070,979,4834
1738,2195,4609,7665,1744,7921
1738,2195,4609,7726,4808,8280
1738,2195,4609,2720,4805,6232
1738,2195,4609,9271,1635,1721
1738,2195,4609,4451,9364,2464
1738,2195,4609,292,5955,4517
1738,2195,4609,7655,3156,5525
1738,2195,4609,3064,5884,7234
1738,2195,4609,6211,6182,6839
1738,2195,4609,909,4037,6351
1738,2195,4609,345,9384,6665
1738,2195,4609,2693,4380,3847
1738,2195,4609,4871,3887,1139
1738,2195,4609,1631,9204,7786
1738,2195,4609,1702,1176,2966
1738,2195,4609,2571,1737,2882
1738,2195,4609,3141,6033,7963
1738,2195,4609,7087,5225,2027
1738,2195,4609,84,3810,5588
1738,2195,4609,5218,7035,6632
1738,2195,4609,1443,7878,9664
1738,2195,4609,847,8442,8661
1738,2195,4609,8229,8930,5596
1738,2195,4609,7045,3980,9748
1738,2195,4609,7451,2397,5622
1738,2195,4609,1346,9397,4556
1738,2195,4609,4980,848,857
1738,2195,4609,9087,9215,8115
1738,2195,4609,7038,646,7432
1738,2195,4609,5312,8192,2135
1738,2195,4609,4482,1719,2589
1738,2195,4609,4953,456,3400
1738,2195,4609,109,488,848
1738,2195,4609,3615,8107,3831
1738,2195,4609,1047,7187,3786
1738,2195,4609,8250,3819,9576
1738,2195,4609,8081,9320,5404
1738,2195,4609,796,6759,5199
1738,2195,4609,1031,4281,42
1738,2195,4609,7703,3595,9088
1738,2195,4609,683,5580,1794
1738,2195,4609,4008,1125,5390
1738,2195,4609,3394,654,9218
1738,2195,4609,5144,1756,8072
1738,2195,4609,4004,2811,6685
1738,2195,4609,7356,4706,4321
1738,2195,4609,2478,9012,5557
1738,2195,4609,3102,2671,3960
1738,2195,4609,7810,9386,2867
1738,2195,4609,7569,482,3231
1738,2195,4609,8333,6158,4915
1738,2195,4609,6125,3594,2354
1738,2195,4609,9608,437,6292
1738,2195,4609,1510,3368,7327
1738,2195,4609,2930,3213,6619
1738,2195,4609,8226,5354,1893
1738,2195,4609,8333,8025,988
1738,2195,4609,1289,4760,5793
1738,2195,4609,3864,1928,2409
1738,2195,4609,2713,9602,6989
1738,2195,4609,4605,3750,7258
1738,2195,4609,441,3135,5224
1738,2195,4609,7368,5516,799
1738,2195,4609,8698,3154,7165
1738,2195,4609,2692,360,9388
1738,2195,4609,7363,5712,1691
1738,2195,4609,2818,2086,9821
1738,2195,4609,3265,516,1759
1738,2195,4609,8823,5520,3014
1738,2195,4609,5857,7823,6772
1738,2195,4609,8469,3752,4617
1738,2195,4609,3239,5377,46
1738,2195,4609,2205,3787,7019
1738,2195,4609,36,7984,2602
1738,2195,4609,8476,8353,7309
1738,2195,4609,6241,4901,6547
1738,2195,4609,7342,7695,7118
1738,2195,4609,2518,6239,2303
1738,2195,4609,4683,642,6502
1738,2195,4609,7153,7154,6969
1738,2195,4609,8136,994,6190
1738,2195,4609,8979,9215,9731
1738,2195,4609,2247,952,5900
1738,2195,4609,5586,4950,3432
1738,2195,4609,2259,2794,6897
1738,2195,4609,8360,4405,8994
1738,2195,4609,1025,1312,1490
1738,2195,4609,839,3290,6008
1738,2195,4609,4892,4577,4603
1738,2195,4609,8879,5353,3186
1738,2195,4609,9840,6528,8013
1738,2195,4609,1902,4205,1332
1738,2195,4609,4476,1693,5668
1738,2195,4609,4622,2965,8608
1738,2195,4609,9772,1461,4227
1738,2195,4609,2131,293,7630
1738,2195,4609,6484,7193,8519
1738,2195,4609,5021,8387,3639
1738,2195,4609,4644,2644,2194
1738,2195,4609,1005,3861,9114
1738,2195,4609,3004,1782,2286
1738,2195,4609,3266,7560,4115
1738,2195,4609,1655,4734,2073
1738,2195,4609,311,8067,7510
1738,2195,4609,31,5075,385
1738,2195,4609,9930,9150,536
1738,2195,4609,5098,6022,5207
1738,2195,4609,9780,2369,823
1738,2195,4609,4751,9312,1800
1738,2195,4609,4432,8,3299
1738,2195,4609,23,14,5885
1738,2195,4609,3663,7658,3817
1738,2195,4609,5932,5443,1070
1738,2195,4609,1983,7555,1550
1738,2195,4609,1420,1762,4598
1738,2195,4609,9404,7069,4885
1738,2195,4609,3552,2998,795
1738,2195,4609,4495,3163,1341
1738,2195,4609,5976,4717,1969
1738,2195,4609,797,9656,7845
1738,2195,4609,4198,1478,2838
1738,2195,4609,6802,9868,6451
1738,2195,4609,8353,6300,2823
1738,2195,4609,512,8285,9247
1738,2195,4609,8395,1678,5954
1738,2195,4609,7811,9636,3168
1738,2195,4609,9722,3031,2836
1738,2195,4609,1653,9235,1205
1738,2195,4609,8510,8239,6486
1738,2195,4609,8063,3105,6939
1738,2195,4609,5643,4944,8195
1738,2195,4609,6416,8973,9717
1738,2195,4609,9156,3258,4299
1738,2195,4609,4443,1130,2780
1738,2195,4609,5349,7535,746
1738,2195,4609,3940,4132,5212
1738,2195,4609,5025,5344,951
1738,2195,4609,3771,6822,7788
1738,2195,4609,9430,8120,4572
1738,2195,4609,9587,9290,5410
1738,2195,4609,5373,5961,5626
1738,2195,4609,9162,9569,9209
1738,2195,4609,8839,8694,1696
1738,2195,4609,874,8849,9476
1738,2195,4609,1533,4011,1977
1738,2195,4609,9647,1640,6243
1738,2195,4609,9514,6171,6792
1738,2195,4609,9281,929,4699
1738,2195,4609,112,2225,3961
1738,2195,4609,9875,6934,6142
1738,2195,4609,8280,5013,6848
1738,2195,4609,2881,4322,6411
1738,2195,4609,3273,176,5635
1738,2195,4609,3536,4988,4659
1738,2195,4609,7542,5792,6391
1738,2195,4609,4587,7551,8713
1738,2195,4609,7743,2432,6287
1738,2195,4609,4070,3771,3573
1738,2195,4609,7087,1182,5495
1738,2195,4609,3487,4685,1782
1738,2195,4609,5986,4825,4183
1738,2195,4609,1124,5101,8528
1738,2195,4609,9334,580,3287
1738,2195,4609,3618,5403,3822
1738,2195,4609,9495,2736,4769
