8335,1280,5560,942,5581,1910
8335,1280,5560,63,192,6726
8335,1280,5560,8802,6590,1454
8335,1280,5560,7573,2168,2080
8335,1280,5560,6000,3143,1793
8335,1280,5560,2792,893,2718
8335,1280,5560,6071,8672,608
8335,1280,5560,875,7192,8483
8335,1280,5560,7726,6223,6089
8335,1280,5560,9383,4038,7975
8335,1280,5560,9083,7929,6296
8335,1280,5560,4823,1654,58
8335,1280,5560,5674,6380,5365
8335,1280,5560,8180,227,7697
8335,1280,5560,1424,5802,5681
8335,1280,5560,7119,1545,278
8335,1280,5560,4993,652,1386
8335,1280,5560,7667,2991,4387
8335,1280,5560,6138,590,7823
8335,1280,5560,761,683,8673
8335,1280,5560,3297,3176,8039
8335,1280,5560,108,9795,6659
8335,1280,5560,7966,3942,8089
8335,1280,5560,9585,8301,2444
8335,1280,5560,7382,1962,3157
8335,1280,5560,7501,3765,3958
8335,1280,5560,573,5913,4647
8335,1280,5560,6040,9595,1692
8335,1280,5560,44,5843,6832
8335,1280,5560,3131,3871,7371
8335,1280,5560,1941,1153,2747
8335,1280,5560,6915,3139,4009
8335,1280,5560,6274,7782,5355
8335,1280,5560,8696,9274,3589
8335,1280,5560,5822,8345,7781
8335,1280,5560,2019,78,1903
8335,1280,5560,7928,3139,667
8335,1280,5560,7496,9333,7627
8335,1280,5560,9460,8416,1400
8335,1280,5560,6329,5886,4330
8335,1280,5560,432,1935,5757
8335,1280,5560,1785,3319,2892
8335,1280,5560,9150,279,7965
8335,1280,5560,4090,7631,5242
8335,1280,5560,9157,108,9068
8335,1280,5560,4812,6634,5571
8335,1280,5560,5848,5181,1312
8335,1280,5560,8872,2493,8447
8335,1280,5560,8110,4562,366
8335,1280,5560,7525,682,7524
8335,1280,5560,5295,209,6739
8335,1280,5560,6737,2953,476
8335,1280,5560,6076,670,3753
8335,1280,5560,6110,3583,625
8335,1280,5560,4640,9427,7675
8335,1280,5560,8353,6493,6751
8335,1280,5560,1458,9708,9436
8335,1280,5560,7811,4255,5146
8335,1280,5560,2372,9820,8307
8335,1280,5560,7591,5399,6872
8335,1280,5560,4869,3057,8245
8335,1280,5560,8190,6534,2296
8335,1280,5560,9998,4045,9183
8335,1280,5560,3060,4986,3909
8335,1280,5560,762,2041,7986
8335,1280,5560,8181,8467,3348
8335,1280,5560,2798,4352,448
8335,1280,5560,9861,957,8281
8335,1280,5560,4681,5459,8556
8335,1280,5560,7488,751,7419
8335,1280,5560,2486,6484,4326
8335,1280,5560,4257,2087,3966
8335,1280,5560,4024,6670,7932
8335,1280,5560,8137,4525,1119
8335,1280,5560,2161,3446,9309
8335,1280,5560,3468,3926,6198
8335,1280,5560,5579,957,1476
8335,1280,5560,9097,5823,9137
8335,1280,5560,1875,8881,7828
8335,1280,5560,2473,4478,8942
8335,1280,5560,4912,210,4868
8335,1280,5560,1914,4933,1993
8335,1280,5560,2456,2017,651
8335,1280,5560,5298,8786,4415
8335,1280,5560,4682,2774,8550
8335,1280,5560,5449,9158,5436
8335,1280,5560,3393,1323,9002
8335,1280,5560,2211,3280,4146
8335,1280,5560,6039,5429,4521
8335,1280,5560,4785,4341,2358
8335,1280,5560,8547,3378,9505
8335,1280,5560,1346,5318,581
8335,1280,5560,6577,7788,7785
8335,1280,5560,6652,5804,4284
8335,1280,5560,204,4476,8753
8335,1280,5560,9047,282,8678
8335,1280,5560,8863,3504,5656
8335,1280,5560,2619,6440,5709
8335,1280,5560,157,2503,8070
8335,1280,5560,1062,3528,615
8335,1280,5560,140,9061,8176
8335,1280,5560,6816,5181,8457
8335,1280,5560,7224,5270,4817
8335,1280,5560,5051,7116,4818
8335,1280,5560,6209,5020,2
8335,1280,5560,4429,7966,1746
8335,1280,5560,2121,1971,9870
8335,1280,5560,1659,7740,6055
8335,1280,5560,3929,9335,7565
8335,1280,5560,9560,3458,9427
8335,1280,5560,6588,8139,65
8335,1280,5560,9734,9581,3729
8335,1280,5560,6991,3015,7278
8335,1280,5560,2003,6463,5279
8335,1280,5560,5375,4847,9255
8335,1280,5560,2236,802,8648
8335,1280,5560,5040,931,4049
8335,1280,5560,5169,533,4242
8335,1280,5560,3459,1509,7001
8335,1280,5560,6806,9010,4781
8335,1280,5560,9829,330,7122
8335,1280,5560,5755,40,3618
8335,1280,5560,1804,5068,8130
8335,1280,5560,6314,5313,1547
8335,1280,5560,5380,5731,1348
8335,1280,5560,9407,1463,167
8335,1280,5560,3812,3904,7634
8335,1280,5560,8149,1501,9325
8335,1280,5560,4547,3504,6848
8335,1280,5560,3372,5293,7555
8335,1280,5560,835,728,9396
8335,1280,5560,1557,6559,9421
8335,1280,5560,1947,1003,5131
8335,1280,5560,9290,9945,2119
8335,1280,5560,9777,6360,843
8335,1280,5560,8261,186,4098
8335,1280,5560,7665,3216,2392
8335,1280,5560,4028,9865,2965
8335,1280,5560,5041,3919,2350
8335,1280,5560,8148,8720,8
8335,1280,5560,7713,7430,5219
8335,1280,5560,4742,6484,9132
8335,1280,5560,1481,5066,5657
8335,1280,5560,9964,1876,1917
8335,1280,5560,7536,6961,1712
8335,1280,5560,5786,7200,3446
8335,1280,5560,6447,7028,6689
8335,1280,5560,416,8298,4963
8335,1280,5560,7140,3122,726
8335,1280,5560,5240,4015,1805
8335,1280,5560,6258,59,6432
8335,1280,5560,1636,4190,4724
8335,1280,5560,8493,268,2817
8335,1280,5560,286,9725,3160
8335,1280,5560,191,3803,4064
8335,1280,5560,9250,6544,2089
8335,1280,5560,8510,4493,4609
8335,1280,5560,7548,9620,6269
8335,1280,5560,3385,2214,3064
8335,1280,5560,5536,6116,3125
8335,1280,5560,4803,4660,1429
8335,1280,5560,7897,3896,2534
8335,1280,5560,9708,9455,4807
8335,1280,5560,5325,3148,1058
8335,1280,5560,1125,5959,1319
8335,1280,5560,4679,1738,3866
8335,1280,5560,8676,404,985
8335,1280,5560,766,7191,8919
8335,1280,5560,3493,265,8021
8335,1280,5560,5735,8883,9844
8335,1280,5560,2929,4270,4369
8335,1280,5560,7459,7023,5622
8335,1280,5560,7290,8884,6129
8335,1280,5560,5738,2681,3218
8335,1280,5560,6055,8523,416
8335,1280,5560,4320,8001,1885
8335,1280,5560,4734,4519,2037
8335,1280,5560,4937,3651,8141
8335,1280,5560,6800,7191,5699
8335,1280,5560,3580,4173,9375
8335,1280,5560,1472,628,9668
8335,1280,5560,2815,6,6213
8335,1280,5560,9065,5300,615
8335,1280,5560,1022,2767,1959
8335,1280,5560,6449,3687,6026
8335,1280,5560,1074,7299,757
8335,1280,5560,352,2231,8803
8335,1280,5560,9106,8542,2602
8335,1280,5560,2754,9762,5793
8335,1280,5560,8332,1068,4444
8335,1280,5560,4119,4234,7389
8335,1280,5560,3569,8437,4269
8335,1280,5560,7845,1745,7947
8335,1280,5560,475,7765,7493
8335,1280,5560,6960,9546,5882
8335,1280,5560,9001,6597,840
8335,1280,5560,9957,9298,7512
8335,1280,5560,1184,8496,8824
8335,1280,5560,8460,3982,5203
8335,1280,5560,8251,6628,6961
8335,1280,5560,7813,8819,1387
8335,1280,5560,9028,1943,9688
8335,1280,5560,8792,1022,3492
8335,1280,5560,2866,8371,8417
8335,1280,5560,461,839,470
8335,1280,5560,5438,5708,3008
8335,1280,5560,1776,7620,6451
8335,1280,5560,5754,1348,8734
8335,1280,5560,6466,3236,1665
8335,1280,5560,1449,1144,1541
8335,1280,5560,4148,7933,3990
8335,1280,5560,3783,5165,9754
8335,1280,5560,1093,9486,5486
8335,1280,5560,6877,7681,4974
8335,1280,5560,9083,3021,2091
8335,1280,5560,3779,5034,315
8335,1280,5560,9963,2076,5427
8335,1280,5560,738,9602,8381
8335,1280,5560,4574,4720,8231
8335,1280,5560,8004,4314,569
8335,1280,5560,1542,1235,4236
8335,1280,5560,9532,4680,825
8335,1280,5560,8303,4210,7287
8335,1280,5560,3032,8927,727
8335,1280,5560,5382,636,2222
8335,1280,5560,8444,1803,2374
8335,1280,5560,9367,4308,9652
8335,1280,5560,9351,2843,4841
8335,1280,5560,1765,9525,7693
8335,1280,5560,1640,3622,3469
8335,1280,5560,5608,4070,1374
8335,1280,5560,5978,4399,9519
8335,1280,5560,3224,9686,2808
8335,1280,5560,3658,4590,9654
8335,1280,5560,1701,9540,1292
8335,1280,5560,6952,9507,1223
8335,1280,5560,5568,1750,6398
8335,1280,5560,9531,2815,4638
8335,1280,5560,4895,2517,9865
8335,1280,5560,4126,6023,9660
8335,1280,5560,1246,8562,6961
8335,1280,5560,7720,9977,7044
8335,1280,5560,6128,4940,6696
8335,1280,5560,6418,8159,7964
8335,1280,5560,4830,3554,4560
8335,1280,5560,3726,6638,3821
8335,1280,5560,190,8533,3195
8335,1280,5560,5566,2748,400
8335,1280,5560,340,5744,6236
8335,1280,5560,6550,4343,1376
8335,1280,5560,3113,954,2866
8335,1280,5560,453,5368,426
8335,1280,5560,5938,7874,7016
8335,1280,5560,5872,6226,6616
8335,1280,5560,9250,2787,9193
8335,1280,5560,6114,3878,8289
8335,1280,5560,7442,4395,6646
8335,1280,5560,614,9871,1273
8335,1280,5560,6574,8334,2013
8335,1280,5560,7876,2046,1155
8335,1280,5560,2469,7833,3160
8335,1280,5560,3039,7847,609
8335,1280,5560,1028,6760,217
8335,1280,5560,8264,9271,8609
8335,1280,5560,1556,8251,6873
8335,1280,5560,5354,8976,4900
8335,1280,5560,3169,8797,2544
8335,1280,5560,6712,9861,1489
8335,1280,5560,5006,2368,1967
8335,1280,5560,4209,486,6374
8335,1280,5560,5325,7163,390
8335,1280,5560,1533,6864,8176
8335,1280,5560,2918,4148,7029
8335,1280,5560,7491,4100,61
8335,1280,5560,3370,6025,6430
8335,1280,5560,5348,8421,3630
8335,1280,5560,2879,3662,394
8335,1280,5560,4227,9264,5866
8335,1280,5560,3619,6015,1008
8335,1280,5560,6710,6039,1994
8335,1280,5560,5191,7510,5943
8335,1280,5560,9706,898,4034
8335,1280,5560,5705,8244,2796
8335,1280,5560,5881,4349,1194
8335,1280,5560,484,6439,5959
8335,1280,5560,3066,64,5603
8335,1280,5560,9451,6257,988
8335,1280,5560,3947,3941,28
8335,1280,5560,4493,2537,2935
8335,1280,5560,2266,8289,9397
8335,1280,5560,2842,4442,2301
8335,1280,5560,5054,8089,2024
8335,1280,5560,8079,1301,7802
8335,1280,5560,9228,9931,8295
8335,1280,5560,8929,2801,290
8335,1280,5560,7267,8282,5886
8335,1280,5560,4869,5596,6845
8335,1280,5560,8033,8839,1722
8335,1280,5560,7616,9405,5893
8335,1280,5560,3645,4391,4005
8335,1280,5560,1257,1703,2936
8335,1280,5560,3474,319,5991
8335,1280,5560,9771,7159,332
8335,1280,5560,354,5415,9786
8335,1280,5560,2663,1900,7596
8335,1280,5560,8878,4366,7786
8335,1280,5560,9145,2874,5134
8335,1280,5560,8864,3919,765
8335,1280,5560,321,9137,9707
8335,1280,5560,9157,6850,7480
8335,1280,5560,2097,7971,4103
8335,1280,5560,253,6835,9124
8335,1280,5560,58,8482,7971
8335,1280,5560,6050,6247,6932
8335,1280,5560,5116,6493,4674
8335,1280,5560,6440,59,5259
8335,1280,5560,1587,2590,3813
8335,1280,5560,9334,9516,5886
8335,1280,5560,9274,6145,6354
8335,1280,5560,8061,1364,9126
8335,1280,5560,7800,5284,5575
8335,1280,5560,4496,9411,5508
8335,1280,5560,7335,8830,9466
8335,1280,5560,3574,8306,8
8335,1280,5560,5611,9985,9894
8335,1280,5560,1798,9598,8781
8335,1280,5560,7916,7100,300
8335,1280,5560,9373,1751,2968
8335,1280,5560,8816,3696,45
8335,1280,5560,8591,8870,9560
8335,1280,5560,3349,8647,7511
8335,1280,5560,6234,6180,4814
8335,1280,5560,6852,8313,8679
8335,1280,5560,8537,6352,1324
8335,1280,5560,7382,7427,8669
8335,1280,5560,5032,2260,5128
8335,1280,5560,8012,6268,7558
8335,1280,5560,8826,277,5832
8335,1280,5560,2747,1936,6756
8335,1280,5560,9566,4009,4437
8335,1280,5560,568,4336,2105
8335,1280,5560,4445,2874,6702
8335,1280,5560,1443,7663,2572
8335,1280,5560,84,3008,1997
8335,1280,5560,4608,9581,3405
8335,1280,5560,260,6997,1108
8335,1280,5560,6357,7282,5279
8335,1280,5560,1086,3030,3545
8335,1280,5560,8294,1736,2948
8335,1280,5560,2356,83,1065
8335,1280,5560,968,6772,4599
8335,1280,5560,5600,6359,9565
8335,1280,5560,1393,1563,1191
8335,1280,5560,7977,3745,5665
8335,1280,5560,934,782,1561
8335,1280,5560,6100,4384,3955
8335,1280,5560,2901,890,8898
8335,1280,5560,6320,384,75
8335,1280,5560,3095,3171,8255
8335,1280,5560,5514,2533,5424
8335,1280,5560,6562,3449,7318
8335,1280,5560,4179,1068,740
8335,1280,5560,881,5411,8377
8335,1280,5560,3593,5878,1345
8335,1280,5560,6555,1964,3989
8335,1280,5560,4663,178,5491
8335,1280,5560,3488,3621,1520
8335,1280,5560,890,8819,3500
8335,1280,5560,9162,8006,399
8335,1280,5560,5835,6309,7082
8335,1280,5560,5448,4769,5240
8335,1280,5560,1253,6369,12
8335,1280,5560,4574,29,7550
8335,1280,5560,6677,6820,3247
8335,1280,5560,5636,9778,7988
8335,1280,5560,1442,5795,7018
8335,1280,5560,5657,1641,1728
8335,1280,5560,9053,5772,2954
8335,1280,5560,1457,7768,9594
8335,1280,5560,9252,5915,1842
8335,1280,5560,9432,2746,4299
8335,1280,5560,4795,5975,9373
8335,1280,5560,3209,5003,6110
8335,1280,5560,8165,8952,469
8335,1280,5560,7963,4671,7226
8335,1280,5560,5386,3209,5965
8335,1280,5560,1602,8741,6857
8335,1280,5560,7424,241,3039
8335,1280,5560,2915,5833,7113
8335,1280,5560,5395,3651,4289
8335,1280,5560,9025,6943,72
8335,1280,5560,3118,9475,6816
8335,1280,5560,2317,4037,9647
8335,1280,5560,7453,890,8797
8335,1280,5560,8224,8619,3174
8335,1280,5560,5326,4925,4005
8335,1280,5560,5951,4147,5466
8335,1280,5560,5801,5359,7435
8335,1280,5560,9878,394,9641
8335,1280,5560,8848,9542,2775
8335,1280,5560,9059,2450,5828
8335,1280,5560,5205,7517,7702
8335,1280,5560,4497,6167,4428
8335,1280,5560,9743,5843,8918
8335,1280,5560,2422,5152,9268
8335,1280,5560,1722,6222,1846
8335,1280,5560,1483,8102,9599
8335,1280,5560,8279,6855,8545
8335,1280,5560,6126,5854,2567
8335,1280,5560,5962,2024,2387
8335,1280,5560,9905,3292,5433
8335,1280,5560,272,5526,283
8335,1280,5560,9615,6799,7765
8335,1280,5560,5250,7027,5004
8335,1280,5560,5557,9630,8164
8335,1280,5560,2267,4277,4224
8335,1280,5560,9599,8431,5466
8335,1280,5560,9623,9417,5517
8335,1280,5560,590,3864,9321
8335,1280,5560,866,5387,9016
8335,1280,5560,8318,8632,3097
8335,1280,5560,6268,8984,1005
8335,1280,5560,720,5228,5051
8335,1280,5560,9027,7294,2656
8335,1280,5560,8161,4342,3475
8335,1280,5560,8333,1449,4521
8335,1280,5560,573,4469,8796
8335,1280,5560,6859,1609,1841
8335,1280,5560,7633,39,6233
8335,1280,5560,9889,2059,389
8335,1280,5560,6676,2048,9045
8335,1280,5560,4216,9250,5378
8335,1280,5560,796,2668,107
8335,1280,5560,8507,5690,3698
8335,1280,5560,8598,670,8386
8335,1280,5560,7739,3994,4022
8335,1280,5560,8235,180,7979
8335,1280,5560,8231,3865,416
8335,1280,5560,2457,4955,7212
8335,1280,5560,543,9407,3838
8335,1280,5560,833,3859,7026
8335,1280,5560,7014,3179,9886
8335,1280,5560,47,4820,7993
8335,1280,5560,2935,7244,738
8335,1280,5560,1325,3703,7446
8335,1280,5560,7775,6762,2789
8335,1280,5560,1007,3456,382
8335,1280,5560,9088,3344,6930
8335,1280,5560,4614,4835,9482
8335,1280,5560,2551,7699,563
8335,1280,5560,1795,8872,5728
8335,1280,5560,7189,8797,1650
8335,1280,5560,3784,1292,2387
8335,1280,5560,1730,8188,423
8335,1280,5560,1703,3043,5092
8335,1280,5560,5129,2811,3849
8335,1280,5560,197,2451,6700
8335,1280,5560,8918,8888,6277
8335,1280,5560,4538,9619,2008
8335,1280,5560,5302,6281,7225
8335,1280,5560,8388,3645,6313
8335,1280,5560,6255,5309,265
8335,1280,5560,2938,3267,2182
8335,1280,5560,8661,1161,3897
8335,1280,5560,4157,4967,5227
8335,1280,5560,3136,2352,4144
8335,1280,5560,6857,9293,9894
8335,1280,5560,1193,9479,9091
8335,1280,5560,1775,8443,1584
8335,1280,5560,3963,9682,1850
8335,1280,5560,755,7636,5998
8335,1280,5560,8605,1726,1128
8335,1280,5560,3603,356,9743
8335,1280,5560,4752,3447,8672
8335,1280,5560,756,2634,4469
8335,1280,5560,4283,561,2760
8335,1280,5560,751,7381,4815
8335,1280,5560,3604,6539,8301
8335,1280,5560,4143,2054,3013
8335,1280,5560,3395,501,5312
8335,1280,5560,7343,528,1232
8335,1280,5560,8748,6159,3151
8335,1280,5560,1966,9282,2840
8335,1280,5560,6676,2586,3446
8335,1280,5560,726,3344,3225
8335,1280,5560,3418,5693,8560
8335,1280,5560,1464,2865,2166
8335,1280,5560,9291,4358,6806
8335,1280,5560,4764,159,4149
8335,1280,5560,1102,7960,3446
8335,1280,5560,1060,9375,7806
8335,1280,5560,6480,4804,5665
8335,1280,5560,9398,4378,8907
8335,1280,5560,9389,3193,8423
8335,1280,5560,8841,9297,3037
8335,1280,5560,7610,3013,9224
8335,1280,5560,3013,1426,1088
8335,1280,5560,5806,4453,7899
8335,1280,5560,546,2193,5549
8335,1280,5560,4033,5603,8944
8335,1280,5560,8257,3642,9388
8335,1280,5560,2971,7794,7119
8335,1280,5560,2060,2013,3382
8335,1280,5560,4085,910,3023
8335,1280,5560,7987,1031,2689
8335,1280,5560,4504,6210,1438
8335,1280,5560,7290,543,8608
8335,1280,5560,999,9664,8520
8335,1280,5560,4015,1557,7815
8335,1280,5560,6825,2997,9429
