1073,5710,2471,4119,4234,7389
1073,5710,2471,3569,8437,4269
1073,5710,2471,7845,1745,7947
1073,5710,2471,475,7765,7493
1073,5710,2471,6960,9546,5882
1073,5710,2471,9001,6597,840
1073,5710,2471,9957,9298,7512
1073,5710,2471,1184,8496,8824
1073,5710,2471,8460,3982,5203
1073,5710,2471,8251,6628,6961
1073,5710,2471,7813,8819,1387
1073,5710,2471,9028,1943,9688
1073,5710,2471,8792,1022,3492
1073,5710,2471,2866,8371,8417
1073,5710,2471,461,839,470
1073,5710,2471,5438,5708,3008
1073,5710,2471,1776,7620,6451
1073,5710,2471,5754,1348,8734
1073,5710,2471,6466,3236,1665
1073,5710,2471,1449,1144,1541
1073,5710,2471,4148,7933,3990
1073,5710,2471,3783,5165,9754
1073,5710,2471,1093,9486,5486
1073,5710,2471,6877,7681,4974
1073,5710,2471,9083,3021,2091
1073,5710,2471,3779,5034,315
1073,5710,2471,9963,2076,5427
1073,5710,2471,738,9602,8381
1073,5710,2471,4574,4720,8231
1073,5710,2471,8004,4314,569
1073,5710,2471,1542,1235,4236
1073,5710,2471,9532,4680,825
1073,5710,2471,8303,4210,7287
1073,5710,2471,3032,8927,727
1073,5710,2471,5382,636,2222
1073,5710,2471,8444,1803,2374
1073,5710,2471,9367,4308,9652
1073,5710,2471,9351,2843,4841
1073,5710,2471,1765,9525,7693
1073,5710,2471,1640,3622,3469
1073,5710,2471,5608,4070,1374
1073,5710,2471,5978,4399,9519
1073,5710,2471,3224,9686,2808
1073,5710,2471,3658,4590,9654
1073,5710,2471,1701,9540,1292
1073,5710,2471,6952,9507,1223
1073,5710,2471,5568,1750,6398
1073,5710,2471,9531,2815,4638
1073,5710,2471,4895,2517,9865
1073,5710,2471,4126,6023,9660
1073,5710,2471,1246,8562,6961
1073,5710,2471,7720,9977,7044
1073,5710,2471,6128,4940,6696
1073,5710,2471,6418,8159,7964
1073,5710,2471,4830,3554,4560
1073,5710,2471,3726,6638,3821
1073,5710,2471,190,8533,3195
1073,5710,2471,5566,2748,400
1073,5710,2471,340,5744,6236
1073,5710,2471,6550,4343,1376
1073,5710,2471,3113,954,2866
1073,5710,2471,453,5368,426
1073,5710,2471,5938,7874,7016
1073,5710,2471,5872,6226,6616
1073,5710,2471,9250,2787,9193
1073,5710,2471,6114,3878,8289
1073,5710,2471,7442,4395,6646
1073,5710,2471,614,9871,1273
1073,5710,2471,6574,8334,2013
1073,5710,2471,7876,2046,1155
1073,5710,2471,2469,7833,3160
1073,5710,2471,3039,7847,609
1073,5710,2471,1028,6760,217
1073,5710,2471,8264,9271,8609
1073,5710,2471,1556,8251,6873
1073,5710,2471,5354,8976,4900
1073,5710,2471,3169,8797,2544
1073,5710,2471,6712,9861,1489
1073,5710,2471,5006,2368,1967
1073,5710,2471,4209,486,6374
1073,5710,2471,5325,7163,390
1073,5710,2471,1533,6864,8176
1073,5710,2471,2918,4148,7029
1073,5710,2471,7491,4100,61
1073,5710,2471,3370,6025,6430
1073,5710,2471,5348,8421,3630
1073,5710,2471,2879,3662,394
1073,5710,2471,4227,9264,5866
1073,5710,2471,3619,6015,1008
1073,5710,2471,6710,6039,1994
1073,5710,2471,5191,7510,5943
1073,5710,2471,9706,898,4034
1073,5710,2471,5705,8244,2796
1073,5710,2471,5881,4349,1194
1073,5710,2471,484,6439,5959
1073,5710,2471,3066,64,5603
1073,5710,2471,9451,6257,988
1073,5710,2471,3947,3941,28
1073,5710,2471,4493,2537,2935
1073,5710,2471,2266,8289,9397
1073,5710,2471,2842,4442,2301
1073,5710,2471,5054,8089,2024
1073,5710,2471,8079,1301,7802
1073,5710,2471,9228,9931,8295
1073,5710,2471,8929,2801,290
1073,5710,2471,7267,8282,5886
1073,5710,2471,4869,5596,6845
1073,5710,2471,8033,8839,1722
1073,5710,2471,7616,9405,5893
1073,5710,2471,3645,4391,4005
1073,5710,2471,1257,1703,2936
1073,5710,2471,3474,319,5991
1073,5710,2471,9771,7159,332
1073,5710,2471,354,5415,9786
1073,5710,2471,2663,1900,7596
1073,5710,2471,8878,4366,7786
1073,5710,2471,9145,2874,5134
1073,5710,2471,8864,3919,765
1073,5710,2471,321,9137,9707
1073,5710,2471,9157,6850,7480
1073,5710,2471,2097,7971,4103
1073,5710,2471,253,6835,9124
1073,5710,2471,58,8482,7971
1073,5710,2471,6050,6247,6932
1073,5710,2471,5116,6493,4674
1073,5710,2471,6440,59,5259
1073,5710,2471,1587,2590,3813
1073,5710,2471,9334,9516,5886
1073,5710,2471,9274,6145,6354
1073,5710,2471,8061,1364,9126
1073,5710,2471,7800,5284,5575
1073,5710,2471,4496,9411,5508
1073,5710,2471,7335,8830,9466
1073,5710,2471,3574,8306,8
1073,5710,2471,5611,9985,9894
1073,5710,2471,1798,9598,8781
1073,5710,2471,7916,7100,300
1073,5710,2471,9373,1751,2968
1073,5710,2471,8816,3696,45
1073,5710,2471,8591,8870,9560
1073,5710,2471,3349,8647,7511
1073,5710,2471,6234,6180,4814
1073,5710,2471,6852,8313,8679
1073,5710,2471,8537,6352,1324
1073,5710,2471,7382,7427,8669
1073,5710,2471,5032,2260,5128
1073,5710,2471,8012,6268,7558
1073,5710,2471,8826,277,5832
1073,5710,2471,2747,1936,6756
1073,5710,2471,9566,4009,4437
1073,5710,2471,568,4336,2105
1073,5710,2471,4445,2874,6702
1073,5710,2471,1443,7663,2572
1073,5710,2471,84,3008,1997
1073,5710,2471,4608,9581,3405
1073,5710,2471,260,6997,1108
1073,5710,2471,6357,7282,5279
1073,5710,2471,1086,3030,3545
1073,5710,2471,8294,1736,2948
1073,5710,2471,2356,83,1065
1073,5710,2471,968,6772,4599
1073,5710,2471,5600,6359,9565
1073,5710,2471,1393,1563,1191
1073,5710,2471,7977,3745,5665
1073,5710,2471,934,782,1561
1073,5710,2471,6100,4384,3955
1073,5710,2471,2901,890,8898
1073,5710,2471,6320,384,75
1073,5710,2471,3095,3171,8255
1073,5710,2471,5514,2533,5424
1073,5710,2471,6562,3449,7318
1073,5710,2471,4179,1068,740
1073,5710,2471,881,5411,8377
1073,5710,2471,3593,5878,1345
1073,5710,2471,6555,1964,3989
1073,5710,2471,4663,178,5491
1073,5710,2471,3488,3621,1520
1073,5710,2471,890,8819,3500
1073,5710,2471,9162,8006,399
1073,5710,2471,5835,6309,7082
1073,5710,2471,5448,4769,5240
1073,5710,2471,1253,6369,12
1073,5710,2471,4574,29,7550
1073,5710,2471,6677,6820,3247
1073,5710,2471,5636,9778,7988
1073,5710,2471,1442,5795,7018
1073,5710,2471,5657,1641,1728
1073,5710,2471,9053,5772,2954
1073,5710,2471,1457,7768,9594
1073,5710,2471,9252,5915,1842
1073,5710,2471,9432,2746,4299
1073,5710,2471,4795,5975,9373
1073,5710,2471,3209,5003,6110
1073,5710,2471,8165,8952,469
1073,5710,2471,7963,4671,7226
1073,5710,2471,5386,3209,5965
1073,5710,2471,1602,8741,6857
1073,5710,2471,7424,241,3039
1073,5710,2471,2915,5833,7113
1073,5710,2471,5395,3651,4289
1073,5710,2471,9025,6943,72
1073,5710,2471,3118,9475,6816
1073,5710,2471,2317,4037,9647
1073,5710,2471,7453,890,8797
1073,5710,2471,8224,8619,3174
1073,5710,2471,5326,4925,4005
1073,5710,2471,5951,4147,5466
1073,5710,2471,5801,5359,7435
1073,5710,2471,9878,394,9641
1073,5710,2471,8848,9542,2775
1073,5710,2471,9059,2450,5828
1073,5710,2471,5205,7517,7702
1073,5710,2471,4497,6167,4428
1073,5710,2471,9743,5843,8918
1073,5710,2471,2422,5152,9268
1073,5710,2471,1722,6222,1846
1073,5710,2471,1483,8102,9599
1073,5710,2471,8279,6855,8545
1073,5710,2471,6126,5854,2567
1073,5710,2471,5962,2024,2387
1073,5710,2471,9905,3292,5433
1073,5710,2471,272,5526,283
1073,5710,2471,9615,6799,7765
1073,5710,2471,5250,7027,5004
1073,5710,2471,5557,9630,8164
1073,5710,2471,2267,4277,4224
1073,5710,2471,9599,8431,5466
1073,5710,2471,9623,9417,5517
1073,5710,2471,590,3864,9321
1073,5710,2471,866,5387,9016
1073,5710,2471,8318,8632,3097
1073,5710,2471,6268,8984,1005
1073,5710,2471,720,5228,5051
1073,5710,2471,9027,7294,2656
1073,5710,2471,8161,4342,3475
1073,5710,2471,8333,1449,4521
1073,5710,2471,573,4469,8796
1073,5710,2471,6859,1609,1841
1073,5710,2471,7633,39,6233
1073,5710,2471,9889,2059,389
1073,5710,2471,6676,2048,9045
1073,5710,2471,4216,9250,5378
1073,5710,2471,796,2668,107
1073,5710,2471,8507,5690,3698
1073,5710,2471,8598,670,8386
1073,5710,2471,7739,3994,4022
1073,5710,2471,8235,180,7979
1073,5710,2471,8231,3865,416
1073,5710,2471,2457,4955,7212
1073,5710,2471,543,9407,3838
1073,5710,2471,833,3859,7026
1073,5710,2471,7014,3179,9886
1073,5710,2471,47,4820,7993
1073,5710,2471,2935,7244,738
1073,5710,2471,1325,3703,7446
1073,5710,2471,7775,6762,2789
1073,5710,2471,1007,3456,382
1073,5710,2471,9088,3344,6930
1073,5710,2471,4614,4835,9482
1073,5710,2471,2551,7699,563
1073,5710,2471,1795,8872,5728
1073,5710,2471,7189,8797,1650
1073,5710,2471,3784,1292,2387
1073,5710,2471,1730,8188,423
1073,5710,2471,1703,3043,5092
1073,5710,2471,5129,2811,3849
1073,5710,2471,197,2451,6700
1073,5710,2471,8918,8888,6277
1073,5710,2471,4538,9619,2008
1073,5710,2471,5302,6281,7225
1073,5710,2471,8388,3645,6313
1073,5710,2471,6255,5309,265
1073,5710,2471,2938,3267,2182
1073,5710,2471,8661,1161,3897
1073,5710,2471,4157,4967,5227
1073,5710,2471,3136,2352,4144
1073,5710,2471,6857,9293,9894
1073,5710,2471,1193,9479,9091
1073,5710,2471,1775,8443,1584
1073,5710,2471,3963,9682,1850
1073,5710,2471,755,7636,5998
1073,5710,2471,8605,1726,1128
1073,5710,2471,3603,356,9743
1073,5710,2471,4752,3447,8672
1073,5710,2471,756,2634,4469
1073,5710,2471,4283,561,2760
1073,5710,2471,751,7381,4815
1073,5710,2471,3604,6539,8301
1073,5710,2471,4143,2054,3013
1073,5710,2471,3395,501,5312
1073,5710,2471,7343,528,1232
1073,5710,2471,8748,6159,3151
1073,5710,2471,1966,9282,2840
1073,5710,2471,6676,2586,3446
1073,5710,2471,726,3344,3225
1073,5710,2471,3418,5693,8560
1073,5710,2471,1464,2865,2166
1073,5710,2471,9291,4358,6806
1073,5710,2471,4764,159,4149
1073,5710,2471,1102,7960,3446
1073,5710,2471,1060,9375,7806
1073,5710,2471,6480,4804,5665
1073,5710,2471,9398,4378,8907
1073,5710,2471,9389,3193,8423
1073,5710,2471,8841,9297,3037
1073,5710,2471,7610,3013,9224
1073,5710,2471,3013,1426,1088
1073,5710,2471,5806,4453,7899
1073,5710,2471,546,2193,5549
1073,5710,2471,4033,5603,8944
1073,5710,2471,8257,3642,9388
1073,5710,2471,2971,7794,7119
1073,5710,2471,2060,2013,3382
1073,5710,2471,4085,910,3023
1073,5710,2471,7987,1031,2689
1073,5710,2471,4504,6210,1438
1073,5710,2471,7290,543,8608
1073,5710,2471,999,9664,8520
1073,5710,2471,4015,1557,7815
1073,5710,2471,6825,2997,9429
1073,5710,2471,7376,3069,3758
1073,5710,2471,6384,4491,9487
1073,5710,2471,208,3975,9434
1073,5710,2471,4092,8305,7725
1073,5710,2471,9455,8263,3745
1073,5710,2471,4521,7270,3517
1073,5710,2471,1915,9872,2824
1073,5710,2471,2727,2257,3013
1073,5710,2471,3501,8411,7081
1073,5710,2471,4379,9705,9807
1073,5710,2471,7207,4776,2957
1073,5710,2471,8423,5258,3340
1073,5710,2471,4251,4546,1535
1073,5710,2471,4635,9307,3866
1073,5710,2471,4194,7110,8289
1073,5710,2471,8329,5714,5741
1073,5710,2471,101,224,3062
1073,5710,2471,6517,8467,8615
1073,5710,2471,7254,3717,2222
1073,5710,2471,9930,442,9152
1073,5710,2471,4831,482,5804
1073,5710,2471,49,6552,448
1073,5710,2471,1036,7770,1788
1073,5710,2471,4233,3953,7671
1073,5710,2471,8517,3423,1378
1073,5710,2471,8903,2526,4111
1073,5710,2471,4974,1640,7537
1073,5710,2471,8721,823,7911
1073,5710,2471,6341,950,5026
1073,5710,2471,9761,9756,9825
1073,5710,2471,5796,10,9243
1073,5710,2471,3337,3745,2818
1073,5710,2471,6020,5148,2826
1073,5710,2471,6585,2385,1380
1073,5710,2471,3379,7957,1390
1073,5710,2471,2595,3951,4699
1073,5710,2471,7334,8497,1039
1073,5710,2471,3988,4661,5867
1073,5710,2471,2047,9466,7554
1073,5710,2471,5484,1038,6478
1073,5710,2471,8949,3882,14
1073,5710,2471,9643,3925,1720
1073,5710,2471,6387,9171,7123
1073,5710,2471,4129,4804,669
1073,5710,2471,3232,870,9254
1073,5710,2471,1149,5780,9397
1073,5710,2471,8545,2297,1945
1073,5710,2471,5366,6832,8633
1073,5710,2471,9113,7155,6431
1073,5710,2471,3359,3380,7373
1073,5710,2471,6946,709,1032
1073,5710,2471,1259,8739,1351
1073,5710,2471,5463,9657,5130
1073,5710,2471,8857,5393,4210
1073,5710,2471,2804,334,194
1073,5710,2471,5460,1351,3458
1073,5710,2471,1178,3345,8561
1073,5710,2471,9930,1906,2833
1073,5710,2471,6193,6227,6530
1073,5710,2471,3561,4078,4501
1073,5710,2471,5289,7990,518
1073,5710,2471,6923,5462,2753
1073,5710,2471,1864,5658,4011
1073,5710,2471,4060,7421,6668
1073,5710,2471,3914,4461,2228
1073,5710,2471,96,5257,2766
1073,5710,2471,5886,579,2289
1073,5710,2471,1604,1249,3831
1073,5710,2471,8303,93,3772
1073,5710,2471,7479,2371,9259
1073,5710,2471,9293,4107,435
1073,5710,2471,5319,6694,5416
1073,5710,2471,4605,5293,7752
1073,5710,2471,4502,4414,6685
1073,5710,2471,2848,5878,5498
1073,5710,2471,2409,1866,9978
1073,5710,2471,9902,2496,5389
1073,5710,2471,9175,68,5057
1073,5710,2471,2414,1725,8156
1073,5710,2471,3898,1483,6350
1073,5710,2471,4283,8174,9372
1073,5710,2471,1351,1679,7989
1073,5710,2471,5045,4905,3133
1073,5710,2471,9291,1485,5073
1073,5710,2471,5720,7563,72
1073,5710,2471,6557,6157,8185
1073,5710,2471,9661,428,2398
1073,5710,2471,7572,3591,262
1073,5710,2471,1458,142,3171
1073,5710,2471,8058,1816,7550
1073,5710,2471,3301,5912,2998
1073,5710,2471,9224,3931,1565
1073,5710,2471,8473,7212,4849
1073,5710,2471,8268,6857,5742
1073,5710,2471,9698,5571,1683
1073,5710,2471,7887,7691,546
1073,5710,2471,1894,7328,8678
1073,5710,2471,3494,7803,5197
1073,5710,2471,8370,4068,5795
1073,5710,2471,1709,9728,1343
1073,5710,2471,7205,1992,7714
1073,5710,2471,5088,7010,2567
1073,5710,2471,7090,4653,4712
1073,5710,2471,6974,5768,5125
1073,5710,2471,8422,7260,522
1073,5710,2471,3326,738,8988
1073,5710,2471,7018,9157,8958
1073,5710,2471,9080,721,9260
1073,5710,2471,8621,8315,9712
1073,5710,2471,2964,5316,3004
1073,5710,2471,1694,7866,2125
1073,5710,2471,2352,9306,513
1073,5710,2471,8238,4544,6941
1073,5710,2471,1137,8250,5357
1073,5710,2471,8313,4048,3532
1073,5710,2471,2892,4718,7791
1073,5710,2471,3729,7519,2321
1073,5710,2471,7228,7690,8748
1073,5710,2471,154,4717,1125
1073,5710,2471,2964,2507,6178
1073,5710,2471,8811,3431,4777
1073,5710,2471,4237,188,5792
1073,5710,2471,5036,6035,7938
1073,5710,2471,3609,5435,7353
1073,5710,2471,1983,8722,3131
1073,5710,2471,1603,1877,8527
1073,5710,2471,554,3749,7583
1073,5710,2471,2129,3770,4810
1073,5710,2471,1711,2592,1030
1073,5710,2471,7126,8327,1428
1073,5710,2471,1898,3940,1813
1073,5710,2471,714,5246,8197
1073,5710,2471,6686,4814,9377
1073,5710,2471,1355,3600,3887
1073,5710,2471,8005,5018,6885
1073,5710,2471,7812,6858,9948
1073,5710,2471,2900,5391,6624
1073,5710,2471,3989,4578,3108
1073,5710,2471,2438,1395,7474
1073,5710,2471,9742,6322,5191
1073,5710,2471,3977,8834,2685
1073,5710,2471,8510,7787,8963
1073,5710,2471,6623,9925,2957
1073,5710,2471,4819,9819,7823
1073,5710,2471,9623,1883,6826
1073,5710,2471,2123,4955,1613
1073,5710,2471,4339,6940,1944
1073,5710,2471,4933,7347,8665
1073,5710,2471,3245,6754,1548
1073,5710,2471,5899,1580,3390
1073,5710,2471,1818,7973,6467
1073,5710,2471,7987,5594,8176
1073,5710,2471,3395,5742,3542
1073,5710,2471,4531,6110,3103
1073,5710,2471,4762,1706,3281
1073,5710,2471,6494,7067,354
1073,5710,2471,4401,9321,5539
1073,5710,2471,1282,177,1012
1073,5710,2471,2084,5216,7018
1073,5710,2471,8400,2722,9191
1073,5710,2471,7116,389,8878
1073,5710,2471,8658,4055,5507
1073,5710,2471,7315,4884,1540
1073,5710,2471,9078,276,6151
1073,5710,2471,8021,2090,125
1073,5710,2471,7056,5566,8643
1073,5710,2471,9219,4906,9356
1073,5710,2471,1423,5313,172
1073,5710,2471,7052,7388,6649
1073,5710,2471,4174,6671,160
1073,5710,2471,8753,8553,8817
1073,5710,2471,925,4808,2259
1073,5710,2471,5085,9432,1210
1073,5710,2471,2404,7400,1590
1073,5710,2471,1830,7817,8102
1073,5710,2471,197,9991,3899
1073,5710,2471,1620,5590,3043
1073,5710,2471,2200,4756,271
1073,5710,2471,8,4437,838
1073,5710,2471,4380,8716,6316
1073,5710,2471,2672,8133,6780
1073,5710,2471,971,6471,2252
1073,5710,2471,5907,7377,5510
1073,5710,2471,4590,441,3805
1073,5710,2471,1148,1049,5097
1073,5710,2471,9697,6946,4281
1073,5710,2471,282,8181,940
1073,5710,2471,5662,55,788
1073,5710,2471,2819,2417,2620
1073,5710,2471,2647,6322,8968
