5415,8602,1854,123,5538,6732
5415,8602,1854,2897,4586,7285
5415,8602,1854,46,6557,1427
5415,8602,1854,2041,8055,6685
5415,8602,1854,5114,9432,9290
5415,8602,1854,283,6403,4377
5415,8602,1854,9122,4848,7640
5415,8602,1854,1287,3489,3997
5415,8602,1854,8813,6455,8784
5415,8602,1854,9097,4789,6913
5415,8602,1854,9103,3834,5147
5415,8602,1854,5762,9899,833
5415,8602,1854,2571,2733,8902
5415,8602,1854,5454,8228,7446
5415,8602,1854,5475,3058,3601
5415,8602,1854,196,9142,2444
5415,8602,1854,3859,4144,7639
5415,8602,1854,2874,1321,2916
5415,8602,1854,2560,1380,4198
5415,8602,1854,8605,228,3252
5415,8602,1854,9425,9829,2689
5415,8602,1854,9574,4461,292
5415,8602,1854,7243,6119,4519
5415,8602,1854,3072,934,2213
5415,8602,1854,3015,5499,9322
5415,8602,1854,7789,4585,7868
5415,8602,1854,7652,2222,7950
5415,8602,1854,8656,5034,4075
5415,8602,1854,8383,8493,1629
5415,8602,1854,1094,7454,1341
5415,8602,1854,8532,5192,5172
5415,8602,1854,6013,4779,3165
5415,8602,1854,974,264,8716
5415,8602,1854,616,5003,3429
5415,8602,1854,7883,397,1292
5415,8602,1854,871,1509,6815
5415,8602,1854,694,5011,8529
5415,8602,1854,4136,1928,7612
5415,8602,1854,7016,1895,3931
5415,8602,1854,1516,6989,1298
5415,8602,1854,3244,2203,7246
5415,8602,1854,3974,2636,9487
5415,8602,1854,3470,7010,8657
5415,8602,1854,8281,6782,1950
5415,8602,1854,2867,8529,1369
5415,8602,1854,2114,1129,2455
5415,8602,1854,7369,1720,7974
5415,8602,1854,2035,8873,3014
5415,8602,1854,4443,8244,5621
5415,8602,1854,7436,7963,494
5415,8602,1854,8499,3501,2250
5415,8602,1854,7328,8369,9964
5415,8602,1854,1431,4909,8832
5415,8602,1854,6091,3147,5777
5415,8602,1854,7219,2988,3344
5415,8602,1854,303,990,3348
5415,8602,1854,5541,3072,2875
5415,8602,1854,1071,7323,3274
5415,8602,1854,1504,9502,6787
5415,8602,1854,6251,6514,4637
5415,8602,1854,7983,3513,4483
5415,8602,1854,6087,9140,5659
5415,8602,1854,8972,206,1356
5415,8602,1854,7723,7112,3527
5415,8602,1854,1963,2633,2464
5415,8602,1854,3223,7001,194
5415,8602,1854,7227,5363,9126
5415,8602,1854,8470,9147,1679
5415,8602,1854,4173,4702,5981
5415,8602,1854,251,9938,534
5415,8602,1854,6063,9418,5694
5415,8602,1854,4428,532,9757
5415,8602,1854,6920,6442,676
5415,8602,1854,3418,8253,1879
5415,8602,1854,6728,5882,3887
5415,8602,1854,1614,4409,1336
5415,8602,1854,5867,9230,7849
5415,8602,1854,7410,7525,7023
5415,8602,1854,1345,7007,2229
5415,8602,1854,1867,1865,6959
5415,8602,1854,725,7053,4020
5415,8602,1854,254,2694,1127
5415,8602,1854,1782,6131,5367
5415,8602,1854,6816,3505,132
5415,8602,1854,877,4137,4634
5415,8602,1854,6997,9020,8593
5415,8602,1854,3279,8581,7462
5415,8602,1854,628,9134,8752
5415,8602,1854,4666,1966,3493
5415,8602,1854,6598,6834,829
5415,8602,1854,959,6562,3176
5415,8602,1854,6464,5974,3779
5415,8602,1854,222,5414,6640
5415,8602,1854,717,6926,8080
5415,8602,1854,4441,7072,8138
5415,8602,1854,4576,3687,3161
5415,8602,1854,2624,7604,5664
5415,8602,1854,5797,608,2340
5415,8602,1854,4113,1992,9304
5415,8602,1854,1100,917,8317
5415,8602,1854,1027,2253,7494
5415,8602,1854,4891,8995,8162
5415,8602,1854,2202,6426,9806
5415,8602,1854,340,7524,8753
5415,8602,1854,4518,5588,6048
5415,8602,1854,4222,581,5339
5415,8602,1854,9012,9259,3954
5415,8602,1854,4917,1866,7725
5415,8602,1854,9156,4269,2102
5415,8602,1854,8166,421,9018
5415,8602,1854,5370,9169,140
5415,8602,1854,9892,3454,1476
5415,8602,1854,7825,6518,7958
5415,8602,1854,7578,4992,2414
5415,8602,1854,8442,3251,3586
5415,8602,1854,3791,9801,9664
5415,8602,1854,8723,8533,9688
5415,8602,1854,7613,9938,92
5415,8602,1854,7304,6336,7477
5415,8602,1854,42,942,2839
5415,8602,1854,6535,6809,2392
5415,8602,1854,3539,3696,47
5415,8602,1854,4598,2131,7437
5415,8602,1854,5375,8775,7673
5415,8602,1854,3988,7224,3107
5415,8602,1854,1606,6843,591
5415,8602,1854,7315,3869,8356
5415,8602,1854,1280,9723,762
5415,8602,1854,7393,2820,1857
5415,8602,1854,8516,355,3459
5415,8602,1854,8083,1824,6022
5415,8602,1854,5368,7821,8932
5415,8602,1854,5843,829,3489
5415,8602,1854,7292,7506,4764
5415,8602,1854,5850,1343,8495
5415,8602,1854,1803,6373,879
5415,8602,1854,3537,7922,7373
5415,8602,1854,7938,3503,6703
5415,8602,1854,2194,457,8719
5415,8602,1854,2435,1903,324
5415,8602,1854,332,7037,9263
5415,8602,1854,1428,3502,6176
5415,8602,1854,4381,7759,3889
5415,8602,1854,5631,7814,3521
5415,8602,1854,8431,8307,5652
5415,8602,1854,4148,2932,8263
5415,8602,1854,9720,5166,4663
5415,8602,1854,8403,9469,1875
5415,8602,1854,6054,2041,7773
5415,8602,1854,583,714,1837
5415,8602,1854,5188,7760,5119
5415,8602,1854,8765,3299,3698
5415,8602,1854,772,5683,664
5415,8602,1854,5838,4574,7754
5415,8602,1854,4641,6474,499
5415,8602,1854,2557,8525,1089
5415,8602,1854,6066,913,6545
5415,8602,1854,1647,1614,5776
5415,8602,1854,5896,5446,3615
5415,8602,1854,5951,4549,628
5415,8602,1854,7973,9776,4863
5415,8602,1854,4393,6793,9878
5415,8602,1854,3695,8378,3509
5415,8602,1854,2856,5867,182
5415,8602,1854,5203,345,5370
5415,8602,1854,7006,5147,555
5415,8602,1854,4757,6580,3297
5415,8602,1854,64,9346,9508
5415,8602,1854,9695,8179,3303
5415,8602,1854,2307,1611,8620
5415,8602,1854,1175,5521,7230
5415,8602,1854,7537,9591,607
5415,8602,1854,3218,6229,6339
5415,8602,1854,2290,7119,30
5415,8602,1854,4763,7807,9791
5415,8602,1854,7193,2285,3065
5415,8602,1854,7073,2713,7199
5415,8602,1854,6186,3518,1752
5415,8602,1854,1304,5672,4783
5415,8602,1854,879,2781,1317
5415,8602,1854,5464,5373,7766
5415,8602,1854,1409,8449,2920
5415,8602,1854,6345,6763,8007
5415,8602,1854,7449,5893,4076
5415,8602,1854,5133,5065,5990
5415,8602,1854,2754,3874,8038
5415,8602,1854,4735,418,4402
5415,8602,1854,1123,1636,7367
5415,8602,1854,4185,1696,9486
5415,8602,1854,3412,9761,771
5415,8602,1854,9719,7600,4362
5415,8602,1854,947,9043,8887
5415,8602,1854,4416,773,6836
5415,8602,1854,124,2706,9702
5415,8602,1854,8868,959,4293
5415,8602,1854,7588,8408,9821
5415,8602,1854,6500,4739,153
5415,8602,1854,2387,4041,1991
5415,8602,1854,2626,1221,8004
5415,8602,1854,6562,3794,8553
5415,8602,1854,9476,6520,5131
5415,8602,1854,6758,4524,6166
5415,8602,1854,2007,5683,887
5415,8602,1854,814,7990,1109
5415,8602,1854,7531,5144,9400
5415,8602,1854,861,5711,8989
5415,8602,1854,4302,5420,7346
5415,8602,1854,6001,7933,5195
5415,8602,1854,2918,3647,4651
5415,8602,1854,7527,8628,1307
5415,8602,1854,1869,6685,6265
5415,8602,1854,8884,5971,6111
5415,8602,1854,826,8528,5847
5415,8602,1854,7597,3878,9859
5415,8602,1854,1450,1142,6472
5415,8602,1854,9314,4948,9794
5415,8602,1854,2719,8668,7128
5415,8602,1854,5940,1027,4596
5415,8602,1854,6282,3383,5480
5415,8602,1854,9729,3333,2948
5415,8602,1854,1495,6292,9737
5415,8602,1854,7692,2142,7476
5415,8602,1854,147,439,662
5415,8602,1854,8722,9612,5947
5415,8602,1854,2887,4563,1463
5415,8602,1854,3351,9878,882
5415,8602,1854,9600,8113,4504
5415,8602,1854,9417,3940,2444
5415,8602,1854,6822,699,3798
5415,8602,1854,1935,3565,5511
5415,8602,1854,6287,4703,4754
5415,8602,1854,7235,7315,2645
5415,8602,1854,5072,3097,5920
5415,8602,1854,3682,3122,2918
5415,8602,1854,9966,811,5887
5415,8602,1854,3191,6657,7823
5415,8602,1854,1412,429,5922
5415,8602,1854,6084,4564,6119
5415,8602,1854,4534,2869,5284
5415,8602,1854,6367,789,8466
5415,8602,1854,660,2626,796
5415,8602,1854,8760,3957,1400
5415,8602,1854,7531,1250,5651
5415,8602,1854,1409,7376,6221
5415,8602,1854,9922,5884,9947
5415,8602,1854,6182,7003,6520
5415,8602,1854,9640,7827,6007
5415,8602,1854,1588,7655,8890
5415,8602,1854,6031,8684,2022
5415,8602,1854,3510,8133,9927
5415,8602,1854,2072,3186,5003
5415,8602,1854,3702,5728,7811
5415,8602,1854,665,3403,6747
5415,8602,1854,5982,6284,8355
5415,8602,1854,1824,1344,283
5415,8602,1854,667,1324,3647
5415,8602,1854,5956,9132,5391
5415,8602,1854,3837,7297,3347
5415,8602,1854,8796,4967,3679
5415,8602,1854,8578,3357,744
5415,8602,1854,7468,4462,1678
5415,8602,1854,2474,9227,1077
5415,8602,1854,7540,8092,4527
5415,8602,1854,474,5577,3532
5415,8602,1854,4014,1815,6812
5415,8602,1854,7314,5393,9105
5415,8602,1854,1209,7408,2068
5415,8602,1854,3091,3927,1767
5415,8602,1854,3104,3669,8138
5415,8602,1854,9482,8776,689
5415,8602,1854,4831,8514,6598
5415,8602,1854,1907,6883,7771
5415,8602,1854,5618,2986,8944
5415,8602,1854,2741,6823,6265
5415,8602,1854,2380,8626,2029
5415,8602,1854,7972,1204,6730
5415,8602,1854,5743,2417,6566
5415,8602,1854,7036,7078,3089
5415,8602,1854,2862,6832,1483
5415,8602,1854,9940,4505,3281
5415,8602,1854,6013,5250,7222
5415,8602,1854,4678,5394,4740
5415,8602,1854,3842,8070,6833
5415,8602,1854,8420,6769,9687
5415,8602,1854,9141,5492,1155
5415,8602,1854,2712,9,647
5415,8602,1854,2366,4154,7763
5415,8602,1854,4793,8670,9403
5415,8602,1854,4684,5046,6669
5415,8602,1854,3783,3449,7198
5415,8602,1854,8519,1592,7593
5415,8602,1854,5381,9440,4494
5415,8602,1854,7744,6243,7459
5415,8602,1854,8037,5469,2697
5415,8602,1854,9246,8235,8621
5415,8602,1854,1130,5653,8539
5415,8602,1854,1487,6743,7701
5415,8602,1854,7315,1747,1379
5415,8602,1854,1150,5904,3210
5415,8602,1854,1857,9875,4153
5415,8602,1854,5472,1057,5073
5415,8602,1854,1437,2931,93
5415,8602,1854,2905,7570,4900
5415,8602,1854,820,402,4828
5415,8602,1854,5853,641,6008
5415,8602,1854,2052,4018,8141
5415,8602,1854,7888,5003,7891
5415,8602,1854,3272,6592,573
5415,8602,1854,656,3855,7688
5415,8602,1854,9937,4996,4777
5415,8602,1854,2931,4959,7287
5415,8602,1854,3001,176,5268
5415,8602,1854,5499,6151,4430
5415,8602,1854,4895,7703,6392
5415,8602,1854,2832,7573,7921
5415,8602,1854,7217,6157,1431
5415,8602,1854,783,6803,708
5415,8602,1854,3571,980,489
5415,8602,1854,7798,903,4819
5415,8602,1854,4737,60,7804
5415,8602,1854,5679,5163,7402
5415,8602,1854,9325,3005,1159
5415,8602,1854,6341,364,1771
5415,8602,1854,8910,8740,3950
5415,8602,1854,6553,3033,9412
5415,8602,1854,8813,2243,3329
5415,8602,1854,6881,9500,986
5415,8602,1854,4148,7999,8209
5415,8602,1854,7347,4474,5082
5415,8602,1854,737,6720,8184
5415,8602,1854,5051,8500,4803
5415,8602,1854,5393,1680,6109
5415,8602,1854,763,6989,6659
5415,8602,1854,933,5146,3097
5415,8602,1854,7061,7421,4082
5415,8602,1854,1830,2409,5067
5415,8602,1854,3894,457,3662
5415,8602,1854,657,3617,2059
5415,8602,1854,4338,6875,1306
5415,8602,1854,2548,7218,8722
5415,8602,1854,4634,1982,2211
5415,8602,1854,2317,4657,6616
5415,8602,1854,7887,3604,8925
5415,8602,1854,9883,9583,1364
5415,8602,1854,2260,6899,1322
5415,8602,1854,2933,673,9978
5415,8602,1854,5340,9652,2871
5415,8602,1854,5840,7520,308
5415,8602,1854,5428,5921,3954
5415,8602,1854,62,5266,4643
5415,8602,1854,3787,1941,2027
5415,8602,1854,58,1059,5393
5415,8602,1854,9951,278,9876
5415,8602,1854,5782,3255,3864
5415,8602,1854,4844,3550,7232
5415,8602,1854,2725,7367,4528
5415,8602,1854,2977,1477,5132
5415,8602,1854,5407,9035,6493
5415,8602,1854,9223,2994,5100
5415,8602,1854,2585,9620,9533
5415,8602,1854,5521,1017,7791
5415,8602,1854,2520,2576,6459
5415,8602,1854,9927,8465,5420
5415,8602,1854,9725,3208,9072
5415,8602,1854,4970,3581,5462
5415,8602,1854,8603,5052,2377
5415,8602,1854,7302,7316,9585
5415,8602,1854,853,4551,6729
5415,8602,1854,7919,547,1128
5415,8602,1854,9671,7144,551
5415,8602,1854,5465,847,4162
5415,8602,1854,3474,9748,9238
5415,8602,1854,4181,2015,3160
5415,8602,1854,9124,7510,5569
5415,8602,1854,4871,7372,844
5415,8602,1854,8069,894,5873
5415,8602,1854,8593,5664,4099
5415,8602,1854,4660,6460,1390
5415,8602,1854,3432,1236,4588
5415,8602,1854,1734,8646,3674
5415,8602,1854,9143,544,5701
5415,8602,1854,7193,7495,6465
5415,8602,1854,3704,8894,8604
5415,8602,1854,319,6732,7486
5415,8602,1854,4282,66,3383
5415,8602,1854,4361,3097,3517
5415,8602,1854,9814,8816,4765
5415,8602,1854,7715,8865,3434
5415,8602,1854,4934,1772,3408
5415,8602,1854,1802,4831,4714
5415,8602,1854,6375,8782,597
5415,8602,1854,9081,8829,9432
5415,8602,1854,561,2765,9630
5415,8602,1854,8384,97,1782
5415,8602,1854,2210,7515,9102
5415,8602,1854,7408,2672,2668
5415,8602,1854,1351,3030,5881
5415,8602,1854,5700,2919,1913
5415,8602,1854,55,1515,4053
5415,8602,1854,5096,6850,8517
5415,8602,1854,100,1102,3872
5415,8602,1854,9482,6755,2743
5415,8602,1854,2669,8245,8478
5415,8602,1854,9036,671,839
5415,8602,1854,7502,3762,2371
5415,8602,1854,1478,5003,4393
5415,8602,1854,3887,347,8971
5415,8602,1854,8329,3435,5021
5415,8602,1854,533,1819,7827
5415,8602,1854,7963,7646,4413
5415,8602,1854,2816,9652,3015
5415,8602,1854,3114,2570,1175
5415,8602,1854,2401,8667,5947
5415,8602,1854,345,6803,1350
5415,8602,1854,2763,8163,6411
5415,8602,1854,5537,5173,2795
5415,8602,1854,9301,9962,1566
5415,8602,1854,3419,2263,5494
5415,8602,1854,6193,2511,7617
5415,8602,1854,5176,3556,9744
5415,8602,1854,5755,1146,453
5415,8602,1854,9310,5524,4660
5415,8602,1854,6918,9084,8758
5415,8602,1854,4657,2563,8146
5415,8602,1854,2266,7381,8807
5415,8602,1854,860,8045,9060
5415,8602,1854,3979,8190,5654
5415,8602,1854,9714,7454,8958
5415,8602,1854,6506,9135,5563
5415,8602,1854,2853,1633,1226
5415,8602,1854,4499,2227,8622
5415,8602,1854,1404,5101,7320
5415,8602,1854,2254,6531,9922
5415,8602,1854,588,341,7679
5415,8602,1854,8410,2126,359
5415,8602,1854,6670,7372,9951
5415,8602,1854,3874,535,3685
5415,8602,1854,9615,8815,6056
5415,8602,1854,7293,7186,6991
5415,8602,1854,4912,7945,2707
5415,8602,1854,4671,2561,389
5415,8602,1854,7592,3664,4380
5415,8602,1854,8311,6107,535
5415,8602,1854,1487,6434,6287
5415,8602,1854,4649,1977,7326
5415,8602,1854,8822,840,222
5415,8602,1854,6250,3740,8030
5415,8602,1854,726,6637,8718
5415,8602,1854,6249,2251,9089
5415,8602,1854,2249,4745,1855
5415,8602,1854,1358,6568,2210
5415,8602,1854,1359,555,3470
5415,8602,1854,3150,1595,6254
5415,8602,1854,4903,6187,8836
5415,8602,1854,2698,5278,1001
5415,8602,1854,3411,8531,7484
5415,8602,1854,394,2003,8076
5415,8602,1854,2340,4387,1752
5415,8602,1854,8763,8915,3031
5415,8602,1854,9653,4068,6608
5415,8602,1854,500,4104,5369
5415,8602,1854,7178,5211,2309
5415,8602,1854,8675,5988,9172
5415,8602,1854,8230,3129,157
5415,8602,1854,4332,3220,5027
5415,8602,1854,5121,7620,2335
5415,8602,1854,3199,8535,6150
5415,8602,1854,4065,6500,9506
5415,8602,1854,5746,4005,1169
5415,8602,1854,5,2230,9911
5415,8602,1854,6937,284,4414
5415,8602,1854,6774,928,1997
5415,8602,1854,9205,2081,1280
5415,8602,1854,6857,1469,979
5415,8602,1854,794,7885,3016
5415,8602,1854,9947,1490,3590
5415,8602,1854,1091,5945,6818
5415,8602,1854,5313,1250,1427
5415,8602,1854,9817,6245,7696
5415,8602,1854,6814,9519,4717
5415,8602,1854,9659,4188,9913
5415,8602,1854,1869,4339,5556
5415,8602,1854,4000,2081,6985
5415,8602,1854,100,7427,8882
5415,8602,1854,3649,4760,957
5415,8602,1854,4868,8338,2092
5415,8602,1854,1365,4021,3276
5415,8602,1854,2389,8828,1134
5415,8602,1854,6677,7059,8664
5415,8602,1854,5270,1619,5188
5415,8602,1854,9155,237,8715
5415,8602,1854,4615,3911,5455
5415,8602,1854,3861,5327,3717
5415,8602,1854,9175,2619,9093
5415,8602,1854,2898,9045,9001
5415,8602,1854,1342,3871,6992
5415,8602,1854,2373,8449,6526
5415,8602,1854,8129,8165,1408
5415,8602,1854,4225,5037,8068
5415,8602,1854,9058,4423,5067
5415,8602,1854,2883,3567,4484
5415,8602,1854,8141,7133,7346
5415,8602,1854,6737,9037,9181
5415,8602,1854,5458,6766,9802
5415,8602,1854,148,9089,5872
5415,8602,1854,21,5792,7906
5415,8602,1854,3913,8293,8302
5415,8602,1854,5704,3035,5377
5415,8602,1854,3719,9690,8426
5415,8602,1854,4998,451,2251
