8948,3732,6261,8235,1262,3260
8948,3732,6261,3587,1715,602
8948,3732,6261,1913,4806,2852
8948,3732,6261,3863,9473,4118
8948,3732,6261,4717,3346,5719
8948,3732,6261,8728,6179,3397
8948,3732,6261,3830,183,2424
8948,3732,6261,6767,2899,2817
8948,3732,6261,7393,5693,147
8948,3732,6261,4727,6622,174
8948,3732,6261,1555,2836,4848
8948,3732,6261,3398,298,88
8948,3732,6261,3181,3534,3995
8948,3732,6261,3746,745,9910
8948,3732,6261,8611,2934,240
8948,3732,6261,7239,8226,8988
8948,3732,6261,7287,469,2560
8948,3732,6261,7709,6094,5132
8948,3732,6261,1470,2148,2685
8948,3732,6261,6300,3876,4597
8948,3732,6261,9964,4277,2934
8948,3732,6261,815,9246,7735
8948,3732,6261,8974,595,7892
8948,3732,6261,5689,6368,5536
8948,3732,6261,4390,4898,8142
8948,3732,6261,8983,8108,3413
8948,3732,6261,2764,3658,9325
8948,3732,6261,6231,4279,5739
8948,3732,6261,1952,1903,4232
8948,3732,6261,162,446,209
8948,3732,6261,6301,4653,5998
8948,3732,6261,6171,9892,6090
8948,3732,6261,4792,8309,3759
8948,3732,6261,1798,1318,7947
8948,3732,6261,7308,5684,5475
8948,3732,6261,1044,7103,6224
8948,3732,6261,7762,3935,382
8948,3732,6261,1577,9396,238
8948,3732,6261,4097,4405,4287
8948,3732,6261,1073,5710,2471
8948,3732,6261,1738,2195,4609
8948,3732,6261,8831,4451,8622
8948,3732,6261,6931,3125,3341
8948,3732,6261,5415,8602,1854
8948,3732,6261,2217,3313,7665
8948,3732,6261,2832,3206,7703
8948,3732,6261,2048,9995,2847
8948,3732,6261,7075,9301,3756
8948,3732,6261,8948,3732,6261
8948,3732,6261,5261,702,9731
8948,3732,6261,585,8601,9876
8948,3732,6261,5066,8457,241
8948,3732,6261,4480,128,1818
8948,3732,6261,9650,5524,9238
8948,3732,6261,1424,3560,2792
8948,3732,6261,7194,7820,6022
8948,3732,6261,5276,1331,4444
8948,3732,6261,8498,1306,516
8948,3732,6261,9176,3738,9799
8948,3732,6261,3931,9332,3274
8948,3732,6261,6959,9602,7004
8948,3732,6261,4829,5934,9213
8948,3732,6261,6476,4568,3139
8948,3732,6261,2629,1887,4588
8948,3732,6261,4787,2346,4429
8948,3732,6261,1907,192,4511
8948,3732,6261,8250,8488,5877
8948,3732,6261,4315,4268,3760
8948,3732,6261,2052,9747,4691
8948,3732,6261,6335,2216,6864
8948,3732,6261,4971,714,9864
8948,3732,6261,9142,5009,4311
8948,3732,6261,7237,388,2997
8948,3732,6261,2596,3612,4062
8948,3732,6261,7204,5145,7994
8948,3732,6261,116,6600,5865
8948,3732,6261,8986,4584,3240
8948,3732,6261,8907,6376,318
8948,3732,6261,6945,9747,3236
8948,3732,6261,5547,7837,3818
8948,3732,6261,3555,6445,3717
8948,3732,6261,3293,5345,2280
8948,3732,6261,7545,1316,6236
8948,3732,6261,1262,4247,669
8948,3732,6261,8757,4535,7190
8948,3732,6261,4738,5165,5981
8948,3732,6261,9848,4550,644
8948,3732,6261,7177,1152,6738
8948,3732,6261,1156,5260,2180
8948,3732,6261,1618,4131,3146
8948,3732,6261,2256,6668,30
8948,3732,6261,4229,9173,7132
8948,3732,6261,1349,9293,7663
8948,3732,6261,881,9918,4726
8948,3732,6261,6913,3527,6565
8948,3732,6261,2736,6556,7913
8948,3732,6261,9601,4613,8140
8948,3732,6261,7625,4798,8756
8948,3732,6261,8137,9631,5537
8948,3732,6261,1281,2885,5083
8948,3732,6261,5102,3426,2454
8948,3732,6261,5294,2276,6792
8948,3732,6261,7315,7971,1605
8948,3732,6261,6779,9366,6901
8948,3732,6261,9314,8533,1877
8948,3732,6261,1541,8783,6257
8948,3732,6261,2528,8285,4402
8948,3732,6261,2888,855,9002
8948,3732,6261,4265,9622,9471
8948,3732,6261,2747,5920,2030
8948,3732,6261,7868,4730,3340
8948,3732,6261,8519,9687,2017
8948,3732,6261,814,7023,6676
8948,3732,6261,9849,8518,6528
8948,3732,6261,2518,7786,6596
8948,3732,6261,6292,3259,3861
8948,3732,6261,2533,8614,7573
8948,3732,6261,7769,1823,5826
8948,3732,6261,8546,3408,4290
8948,3732,6261,5857,6501,2033
8948,3732,6261,932,8786,4908
8948,3732,6261,4919,8048,8100
8948,3732,6261,1920,1561,3144
8948,3732,6261,6273,9819,7677
8948,3732,6261,2623,9968,5986
8948,3732,6261,841,5502,3032
8948,3732,6261,7519,4866,5081
8948,3732,6261,9115,2914,4511
8948,3732,6261,3633,5704,9678
8948,3732,6261,2228,2039,7836
8948,3732,6261,4456,8617,9114
8948,3732,6261,1113,6523,7187
8948,3732,6261,2189,1132,9899
8948,3732,6261,5336,8296,7193
8948,3732,6261,2735,7616,8724
8948,3732,6261,6099,6704,8256
8948,3732,6261,433,360,3268
8948,3732,6261,861,9456,2951
8948,3732,6261,5100,8891,8321
8948,3732,6261,8316,2527,1927
8948,3732,6261,308,1101,8302
8948,3732,6261,6066,2993,2701
8948,3732,6261,2586,8064,8286
8948,3732,6261,1853,3244,5020
8948,3732,6261,7614,1725,4183
8948,3732,6261,2734,6712,8255
8948,3732,6261,7277,7772,1038
8948,3732,6261,5395,5462,6837
8948,3732,6261,7531,8150,5238
8948,3732,6261,3603,4218,1610
8948,3732,6261,712,656,1476
8948,3732,6261,2719,3781,5257
8948,3732,6261,9997,924,2393
8948,3732,6261,4483,7543,7676
8948,3732,6261,8062,4831,1917
8948,3732,6261,89,6460,6455
8948,3732,6261,2028,29,1663
8948,3732,6261,8989,5466,7926
8948,3732,6261,5977,8852,1797
8948,3732,6261,9816,7528,3978
8948,3732,6261,1333,6577,3085
8948,3732,6261,3134,2439,11
8948,3732,6261,5430,5334,829
8948,3732,6261,9143,3594,5280
8948,3732,6261,584,249,277
8948,3732,6261,1725,9215,3548
8948,3732,6261,7195,1289,4323
8948,3732,6261,9746,4780,1418
8948,3732,6261,7243,8121,6405
8948,3732,6261,8951,284,3385
8948,3732,6261,980,3747,460
8948,3732,6261,5116,5097,1268
8948,3732,6261,869,7200,3002
8948,3732,6261,8253,3316,7054
8948,3732,6261,566,6766,713
8948,3732,6261,1973,5848,6443
8948,3732,6261,4473,9243,9063
8948,3732,6261,753,2529,1134
8948,3732,6261,2642,4629,4547
8948,3732,6261,3,9406,1086
8948,3732,6261,8802,1645,7185
8948,3732,6261,5355,3167,451
8948,3732,6261,9933,90,8932
8948,3732,6261,9835,1639,1286
8948,3732,6261,4008,8655,7496
8948,3732,6261,7914,3895,6453
8948,3732,6261,6726,6010,9946
8948,3732,6261,179,7556,97
8948,3732,6261,5685,1193,9662
8948,3732,6261,3387,457,1447
8948,3732,6261,904,5262,9857
8948,3732,6261,5370,8316,3289
8948,3732,6261,9845,7471,5716
8948,3732,6261,5624,8615,7920
8948,3732,6261,7209,2035,9560
8948,3732,6261,1223,6294,7168
8948,3732,6261,474,6850,5063
8948,3732,6261,3554,8345,8078
8948,3732,6261,5027,8060,3688
8948,3732,6261,4263,6476,5175
8948,3732,6261,3147,8586,4649
8948,3732,6261,8075,9972,956
8948,3732,6261,4144,8987,8136
8948,3732,6261,215,1113,8359
8948,3732,6261,7744,6322,5105
8948,3732,6261,1688,6959,2983
8948,3732,6261,9220,9158,1458
8948,3732,6261,6027,3941,4198
8948,3732,6261,8223,9501,6601
8948,3732,6261,2539,9209,7866
8948,3732,6261,9256,259,3526
8948,3732,6261,3202,8418,9318
8948,3732,6261,6918,5212,6043
8948,3732,6261,3083,4531,7139
8948,3732,6261,7303,6493,1937
8948,3732,6261,5742,2343,8051
8948,3732,6261,1358,9913,4479
8948,3732,6261,8436,4088,4299
8948,3732,6261,2047,9325,4077
8948,3732,6261,4549,4523,5715
8948,3732,6261,1966,9101,9838
8948,3732,6261,7374,4202,7276
8948,3732,6261,3665,675,7786
8948,3732,6261,2524,10000,8960
8948,3732,6261,5263,1064,2649
8948,3732,6261,3417,770,3133
8948,3732,6261,2826,9562,1690
8948,3732,6261,9876,2703,1742
8948,3732,6261,888,330,3784
8948,3732,6261,167,814,8850
8948,3732,6261,5159,341,4961
8948,3732,6261,1710,2716,76
8948,3732,6261,3433,4534,4935
8948,3732,6261,9105,7772,3505
8948,3732,6261,2308,4192,6056
8948,3732,6261,7208,5916,8492
8948,3732,6261,6353,7289,3754
8948,3732,6261,9867,7119,214
8948,3732,6261,5616,7879,4780
8948,3732,6261,3973,1167,8699
8948,3732,6261,3230,8392,5799
8948,3732,6261,6869,6605,5868
8948,3732,6261,7183,5212,8536
8948,3732,6261,5920,8911,434
8948,3732,6261,2244,7393,9661
8948,3732,6261,5966,9009,1288
8948,3732,6261,8935,9908,1793
8948,3732,6261,2787,8726,5828
8948,3732,6261,2342,790,8825
8948,3732,6261,9053,7663,6847
8948,3732,6261,9800,2441,8483
8948,3732,6261,5208,1964,3892
8948,3732,6261,8314,1078,939
8948,3732,6261,660,7239,9916
8948,3732,6261,3522,608,9527
8948,3732,6261,5908,1919,6057
8948,3732,6261,6972,5709,8891
8948,3732,6261,2709,1007,2353
8948,3732,6261,9535,3643,6200
8948,3732,6261,4801,3265,4148
8948,3732,6261,7226,5650,5827
8948,3732,6261,4128,7100,8063
8948,3732,6261,9901,2657,962
8948,3732,6261,9348,7770,6858
8948,3732,6261,5245,8932,5596
8948,3732,6261,8512,3436,9519
8948,3732,6261,6055,7319,8585
8948,3732,6261,6900,6840,8113
8948,3732,6261,4886,4049,3587
8948,3732,6261,7317,6670,3683
8948,3732,6261,2434,521,6140
8948,3732,6261,2432,4540,3132
8948,3732,6261,3463,8592,663
8948,3732,6261,7349,1403,6879
8948,3732,6261,6681,1634,5264
8948,3732,6261,7323,2893,1828
8948,3732,6261,4664,7602,3839
8948,3732,6261,5138,9720,6414
8948,3732,6261,4462,2589,9084
8948,3732,6261,8536,3533,6619
8948,3732,6261,5931,8999,2006
8948,3732,6261,2036,1644,7579
8948,3732,6261,8869,6353,8347
8948,3732,6261,2451,3993,5911
8948,3732,6261,4603,4440,5903
8948,3732,6261,9898,7660,9779
8948,3732,6261,6848,5865,3788
8948,3732,6261,5321,8547,3131
8948,3732,6261,8828,5354,9495
8948,3732,6261,9824,6817,1663
8948,3732,6261,3306,7103,2903
8948,3732,6261,8410,7980,6414
8948,3732,6261,1037,2721,5203
8948,3732,6261,9497,5249,1304
8948,3732,6261,4851,4489,1246
8948,3732,6261,1078,2172,2604
8948,3732,6261,404,9183,7813
8948,3732,6261,6182,2042,94
8948,3732,6261,2967,6467,1933
8948,3732,6261,4695,9411,9781
8948,3732,6261,35,953,7756
8948,3732,6261,5284,8010,2658
8948,3732,6261,9371,4797,8351
8948,3732,6261,1251,4520,2423
8948,3732,6261,938,5513,5153
8948,3732,6261,5637,3402,2488
8948,3732,6261,3499,4607,7115
8948,3732,6261,1616,8278,9881
8948,3732,6261,1853,5857,7789
8948,3732,6261,3246,7209,5712
8948,3732,6261,5926,2514,5605
8948,3732,6261,8199,836,8054
8948,3732,6261,6778,7215,3447
8948,3732,6261,630,6144,6305
8948,3732,6261,8654,2729,9002
8948,3732,6261,6580,2766,1517
8948,3732,6261,3209,3792,9381
8948,3732,6261,4242,4693,8378
8948,3732,6261,4569,3145,8079
8948,3732,6261,5539,5617,8903
8948,3732,6261,9488,1696,993
8948,3732,6261,9087,7703,7025
8948,3732,6261,8474,4008,7534
8948,3732,6261,4645,6102,6933
8948,3732,6261,3863,2046,7573
8948,3732,6261,2026,556,2450
8948,3732,6261,4619,9505,1780
8948,3732,6261,1300,9104,9335
8948,3732,6261,3366,1912,837
8948,3732,6261,2545,6860,5157
8948,3732,6261,8594,6503,8094
8948,3732,6261,8981,9305,8592
8948,3732,6261,9543,8239,8903
8948,3732,6261,3319,7158,8121
8948,3732,6261,2315,5632,1338
8948,3732,6261,3199,435,1826
8948,3732,6261,1485,5818,3553
8948,3732,6261,7377,8186,5447
8948,3732,6261,8569,3083,9559
8948,3732,6261,2282,9075,724
8948,3732,6261,8693,6915,7626
8948,3732,6261,3303,5190,8976
8948,3732,6261,125,6325,238
8948,3732,6261,6030,8767,5224
8948,3732,6261,623,3770,1468
8948,3732,6261,9603,7755,3861
8948,3732,6261,3316,3201,6842
8948,3732,6261,8800,1730,8468
8948,3732,6261,511,7010,8445
8948,3732,6261,6071,377,6178
8948,3732,6261,3082,9087,3438
8948,3732,6261,8226,4643,2128
8948,3732,6261,9605,9501,3197
8948,3732,6261,2948,4519,5772
8948,3732,6261,8852,4041,1059
8948,3732,6261,7424,7638,5394
8948,3732,6261,6843,6722,4259
8948,3732,6261,3601,5014,2772
8948,3732,6261,5344,6697,3771
8948,3732,6261,5891,9766,9234
8948,3732,6261,361,2155,41
8948,3732,6261,3790,9552,6805
8948,3732,6261,6742,6848,9803
8948,3732,6261,2821,4246,5585
8948,3732,6261,523,2676,9093
8948,3732,6261,9285,6831,6664
8948,3732,6261,1217,6797,3227
8948,3732,6261,8819,94,9892
8948,3732,6261,2579,7833,2639
8948,3732,6261,5875,6651,718
8948,3732,6261,4380,8,1487
8948,3732,6261,2733,2019,6291
8948,3732,6261,8474,1387,5820
8948,3732,6261,8070,6943,2979
8948,3732,6261,5358,7757,5351
8948,3732,6261,681,5384,6753
8948,3732,6261,9135,7554,3069
8948,3732,6261,4498,3625,1816
8948,3732,6261,5479,7478,4320
8948,3732,6261,7402,4608,1046
8948,3732,6261,1580,9940,3636
8948,3732,6261,4545,6519,6238
8948,3732,6261,8303,4247,5708
8948,3732,6261,3122,6270,1064
8948,3732,6261,5995,8747,7409
8948,3732,6261,5861,560,3565
8948,3732,6261,6450,8025,5545
8948,3732,6261,6401,1669,9809
8948,3732,6261,9499,4993,2333
8948,3732,6261,2117,6084,2745
8948,3732,6261,4101,9787,8249
8948,3732,6261,4813,8682,8780
8948,3732,6261,3968,9823,1985
8948,3732,6261,7762,286,6911
8948,3732,6261,5222,2242,5876
8948,3732,6261,4503,5202,7718
8948,3732,6261,4335,3833,3099
8948,3732,6261,7709,6226,8628
8948,3732,6261,1115,153,3182
8948,3732,6261,1681,7188,5658
8948,3732,6261,7411,4516,3298
8948,3732,6261,3097,435,4179
8948,3732,6261,7127,8021,2654
8948,3732,6261,1160,8761,1672
8948,3732,6261,5233,2344,6240
8948,3732,6261,9530,7349,8111
8948,3732,6261,8684,6294,660
8948,3732,6261,7372,1561,3396
8948,3732,6261,1779,3761,5656
8948,3732,6261,6497,7914,5178
8948,3732,6261,3242,1230,7005
8948,3732,6261,4200,6650,3305
8948,3732,6261,8455,2996,8596
8948,3732,6261,1872,2975,1313
8948,3732,6261,8589,1015,2107
8948,3732,6261,260,8799,4240
8948,3732,6261,4832,5634,7448
8948,3732,6261,8233,2425,9106
8948,3732,6261,8132,9061,8075
8948,3732,6261,6166,6459,6829
8948,3732,6261,3492,7026,9244
8948,3732,6261,4529,2288,6409
8948,3732,6261,1587,5581,5988
8948,3732,6261,1580,1235,4136
8948,3732,6261,5628,9502,3096
8948,3732,6261,7942,4389,7539
8948,3732,6261,9353,362,7848
8948,3732,6261,2757,3187,507
8948,3732,6261,5063,3334,1424
8948,3732,6261,3328,3798,5707
8948,3732,6261,2154,4830,5562
8948,3732,6261,8001,3383,6702
8948,3732,6261,7489,3732,8534
8948,3732,6261,5675,9295,2139
8948,3732,6261,6326,798,9485
8948,3732,6261,7190,2333,8565
8948,3732,6261,2487,7810,3290
8948,3732,6261,4282,6375,4430
8948,3732,6261,8668,1881,5485
8948,3732,6261,4014,2404,2255
8948,3732,6261,657,8187,7597
8948,3732,6261,5967,4333,396
8948,3732,6261,5584,5766,1193
8948,3732,6261,8408,2709,9910
8948,3732,6261,5127,5999,1119
8948,3732,6261,8097,7706,1336
8948,3732,6261,4017,3413,8962
8948,3732,6261,4699,7685,540
8948,3732,6261,1821,9044,2784
8948,3732,6261,1701,3421,7255
8948,3732,6261,7716,4829,2001
8948,3732,6261,3548,5318,9843
8948,3732,6261,2317,857,9989
8948,3732,6261,2597,5973,5472
8948,3732,6261,5510,3832,3469
8948,3732,6261,7850,5740,3266
8948,3732,6261,5463,8324,3501
8948,3732,6261,9191,8616,4243
8948,3732,6261,9252,7232,1311
8948,3732,6261,2698,1851,7525
8948,3732,6261,1294,1891,4026
8948,3732,6261,4058,9194,5226
8948,3732,6261,2466,768,4456
8948,3732,6261,6657,3105,3569
8948,3732,6261,704,1363,3388
8948,3732,6261,6357,6538,8803
8948,3732,6261,6959,6463,6967
8948,3732,6261,577,4582,7090
8948,3732,6261,8499,7671,4180
8948,3732,6261,2850,2497,8306
8948,3732,6261,496,7133,2756
8948,3732,6261,9842,2430,7540
8948,3732,6261,5613,9127,1015
8948,3732,6261,3797,9998,4695
8948,3732,6261,5675,9914,9280
8948,3732,6261,7534,2474,9045
8948,3732,6261,2597,1869,9546
8948,3732,6261,2121,7351,4661
8948,3732,6261,8075,247,1201
8948,3732,6261,7963,4536,3838
8948,3732,6261,312,3699,6344
8948,3732,6261,166,6738,3442
8948,3732,6261,3860,3337,4097
8948,3732,6261,2973,1013,6833
8948,3732,6261,7844,9619,1285
8948,3732,6261,2381,7991,3819
8948,3732,6261,9914,5772,7414
8948,3732,6261,4882,973,6874
8948,3732,6261,3856,980,1231
8948,3732,6261,496,7494,3260
8948,3732,6261,2733,2512,4250
8948,3732,6261,3195,6750,7671
8948,3732,6261,1532,9338,4279
8948,3732,6261,2376,3870,3907
8948,3732,6261,1406,1129,3072
8948,3732,6261,6812,8697,743
8948,3732,6261,8713,354,7717
8948,3732,6261,7240,1313,3177
8948,3732,6261,463,449,3241
8948,3732,6261,3087,8160,155
8948,3732,6261,7932,2952,7456
8948,3732,6261,4612,6794,1708
8948,3732,6261,3638,3433,3589
8948,3732,6261,7987,2535,3710
8948,3732,6261,5530,9981,4205
8948,3732,6261,8173,3182,4529
8948,3732,6261,7678,5065,7826
8948,3732,6261,5720,863,4507
8948,3732,6261,7397,3454,5985
8948,3732,6261,6362,364,5864
