2048,9995,2847,5974,6504,4975
2048,9995,2847,7371,6069,3355
2048,9995,2847,3578,8686,3403
2048,9995,2847,6968,1261,2985
2048,9995,2847,8531,995,3623
2048,9995,2847,768,2419,7218
2048,9995,2847,2683,3333,900
2048,9995,2847,4477,8873,2230
2048,9995,2847,7407,3428,5213
2048,9995,2847,1414,1399,5371
2048,9995,2847,4022,788,4566
2048,9995,2847,9229,7851,6265
2048,9995,2847,7700,3420,404
2048,9995,2847,3477,2485,5762
2048,9995,2847,390,1801,6644
2048,9995,2847,835,6376,6093
2048,9995,2847,912,6444,5029
2048,9995,2847,7015,5093,229
2048,9995,2847,5984,3651,1231
2048,9995,2847,8364,41,8633
2048,9995,2847,7828,1587,5313
2048,9995,2847,8335,3434,7993
2048,9995,2847,8771,3699,8212
2048,9995,2847,8811,5772,3668
2048,9995,2847,692,4265,7734
2048,9995,2847,4008,8517,1738
2048,9995,2847,6964,8545,4804
2048,9995,2847,7482,8810,8039
2048,9995,2847,9612,1762,6594
2048,9995,2847,4280,9196,1781
2048,9995,2847,2289,8502,5469
2048,9995,2847,1558,6566,5923
2048,9995,2847,7244,1963,3005
2048,9995,2847,6291,6355,5130
2048,9995,2847,5976,2428,3134
2048,9995,2847,9977,8531,5426
2048,9995,2847,486,2103,3160
2048,9995,2847,3420,2256,6384
2048,9995,2847,6911,8113,1953
2048,9995,2847,8167,9021,5030
2048,9995,2847,3005,5350,3602
2048,9995,2847,3372,2992,5692
2048,9995,2847,1541,4708,1986
2048,9995,2847,6372,5246,6938
2048,9995,2847,6158,4853,861
2048,9995,2847,7734,3093,3494
2048,9995,2847,9704,3070,1285
2048,9995,2847,4931,1442,5019
2048,9995,2847,2088,5254,766
2048,9995,2847,9964,7138,4280
2048,9995,2847,2269,1121,1004
2048,9995,2847,1210,9024,1142
2048,9995,2847,8978,6500,437
2048,9995,2847,9817,7279,2658
2048,9995,2847,9187,9522,8595
2048,9995,2847,7087,1589,8777
2048,9995,2847,1804,4050,2150
2048,9995,2847,8800,6869,7167
2048,9995,2847,1478,7366,4730
2048,9995,2847,2575,8737,1127
2048,9995,2847,2179,8632,2314
2048,9995,2847,2219,7211,8939
2048,9995,2847,3157,5256,4477
2048,9995,2847,4585,4726,4496
2048,9995,2847,2278,7609,8853
2048,9995,2847,7679,4385,8494
2048,9995,2847,961,1675,8466
2048,9995,2847,7292,8167,3190
2048,9995,2847,4848,3696,5454
2048,9995,2847,9033,8637,5472
2048,9995,2847,3180,2790,3529
2048,9995,2847,5953,6603,5571
2048,9995,2847,9980,8138,261
2048,9995,2847,9989,6720,7915
2048,9995,2847,5435,200,1355
2048,9995,2847,5190,181,8284
2048,9995,2847,9953,4432,4098
2048,9995,2847,8954,626,4053
2048,9995,2847,1894,7337,4865
2048,9995,2847,2065,8101,8472
2048,9995,2847,1234,5114,981
2048,9995,2847,5440,6782,3121
2048,9995,2847,2325,141,4748
2048,9995,2847,8783,4102,6297
2048,9995,2847,8440,9804,9057
2048,9995,2847,3052,9865,7382
2048,9995,2847,2198,6532,998
2048,9995,2847,5580,1685,179
2048,9995,2847,8038,8135,3520
2048,9995,2847,4880,7793,6179
2048,9995,2847,6175,9138,5331
2048,9995,2847,6204,318,5533
2048,9995,2847,3667,4283,1527
2048,9995,2847,7281,2070,2878
2048,9995,2847,2815,8645,6204
2048,9995,2847,3121,8000,6521
2048,9995,2847,5349,8770,3826
2048,9995,2847,636,7856,459
2048,9995,2847,5437,9909,5521
2048,9995,2847,759,322,5493
2048,9995,2847,1947,1783,2943
2048,9995,2847,3456,8688,6085
2048,9995,2847,9808,9776,4815
2048,9995,2847,4801,5393,9941
2048,9995,2847,1908,8969,6765
2048,9995,2847,2390,8960,2724
2048,9995,2847,2183,986,9922
2048,9995,2847,3393,8145,9997
2048,9995,2847,6592,1286,5628
2048,9995,2847,1391,3107,5899
2048,9995,2847,4425,1534,9995
2048,9995,2847,3095,9972,3926
2048,9995,2847,425,4984,8499
2048,9995,2847,8252,6298,4370
2048,9995,2847,6738,4892,8898
2048,9995,2847,6107,6017,3227
2048,9995,2847,6371,5980,4096
2048,9995,2847,2261,4562,4261
2048,9995,2847,5805,6215,9742
2048,9995,2847,7879,1342,7292
2048,9995,2847,298,1501,7379
2048,9995,2847,8615,7768,1509
2048,9995,2847,7151,2781,9511
2048,9995,2847,6665,2553,8694
2048,9995,2847,4393,8976,9218
2048,9995,2847,8390,324,657
2048,9995,2847,9734,7181,6593
2048,9995,2847,3659,5787,3741
2048,9995,2847,4872,4333,3444
2048,9995,2847,3558,6806,9206
2048,9995,2847,9845,2932,2214
2048,9995,2847,4808,676,1771
2048,9995,2847,252,1916,5717
2048,9995,2847,8497,1946,8058
2048,9995,2847,8178,4998,3815
2048,9995,2847,7697,3963,8077
2048,9995,2847,8628,1199,3811
2048,9995,2847,5913,1379,1377
2048,9995,2847,8532,1270,6298
2048,9995,2847,5287,2341,9819
2048,9995,2847,5750,5444,1905
2048,9995,2847,3317,2299,6818
2048,9995,2847,2804,2819,2720
2048,9995,2847,4341,2735,4663
2048,9995,2847,4940,2827,7208
2048,9995,2847,4432,7713,3736
2048,9995,2847,3722,2357,7676
2048,9995,2847,7635,723,1775
2048,9995,2847,6317,2492,6594
2048,9995,2847,47,1110,3417
2048,9995,2847,9906,8781,1039
2048,9995,2847,1986,563,3764
2048,9995,2847,8784,5449,2217
2048,9995,2847,9290,3624,9954
2048,9995,2847,9662,1108,1639
2048,9995,2847,6859,2975,2907
2048,9995,2847,6820,7078,4429
2048,9995,2847,3069,5438,551
2048,9995,2847,3011,3281,8392
2048,9995,2847,161,7973,4251
2048,9995,2847,7790,5781,3857
2048,9995,2847,5243,9140,6123
2048,9995,2847,8285,9697,3398
2048,9995,2847,2,9310,7776
2048,9995,2847,2657,5927,4826
2048,9995,2847,3860,5295,3666
2048,9995,2847,1277,5412,4379
2048,9995,2847,1356,8084,4539
2048,9995,2847,9942,181,8977
2048,9995,2847,7382,9469,9005
2048,9995,2847,4930,4885,5699
2048,9995,2847,5339,7882,3018
2048,9995,2847,7317,8118,6201
2048,9995,2847,5743,2754,8635
2048,9995,2847,1855,5346,5968
2048,9995,2847,6536,9685,877
2048,9995,2847,3993,9265,541
2048,9995,2847,4216,7291,4518
2048,9995,2847,7887,9175,4554
2048,9995,2847,5908,7700,6477
2048,9995,2847,3372,3472,6893
2048,9995,2847,4155,10000,5551
2048,9995,2847,4279,5483,2069
2048,9995,2847,3586,4186,9674
2048,9995,2847,5505,1740,4051
2048,9995,2847,6727,4362,7708
2048,9995,2847,4691,6624,5599
2048,9995,2847,9120,6806,1464
2048,9995,2847,5192,4771,9579
2048,9995,2847,8075,7647,7240
2048,9995,2847,4901,857,1536
2048,9995,2847,6894,4518,8873
2048,9995,2847,786,8291,2981
2048,9995,2847,2053,7615,3797
2048,9995,2847,4087,2111,7285
2048,9995,2847,8351,5502,1710
2048,9995,2847,2207,2419,3542
2048,9995,2847,4572,328,2697
2048,9995,2847,1721,8444,3294
2048,9995,2847,3854,8559,3073
2048,9995,2847,5099,3459,6253
2048,9995,2847,8620,7936,8613
2048,9995,2847,9361,3897,2166
2048,9995,2847,4442,2682,4267
2048,9995,2847,4007,3754,7037
2048,9995,2847,3257,3869,590
2048,9995,2847,8419,2657,7955
2048,9995,2847,8178,1059,706
2048,9995,2847,4610,8435,4777
2048,9995,2847,4639,6702,9911
2048,9995,2847,465,3501,1498
2048,9995,2847,9057,168,6121
2048,9995,2847,9643,7183,4409
2048,9995,2847,3533,8003,4588
2048,9995,2847,9698,4266,5029
2048,9995,2847,9567,8233,5662
2048,9995,2847,4560,1154,2591
2048,9995,2847,2210,4265,9953
2048,9995,2847,5428,7402,1200
2048,9995,2847,1205,9126,5630
2048,9995,2847,7396,3074,8914
2048,9995,2847,3313,4197,6469
2048,9995,2847,6966,507,691
2048,9995,2847,7053,7288,3758
2048,9995,2847,2219,212,7852
2048,9995,2847,6402,7363,8985
2048,9995,2847,2852,485,1353
2048,9995,2847,1000,8294,324
2048,9995,2847,2224,8429,5147
2048,9995,2847,5852,594,4510
2048,9995,2847,6751,4288,5935
2048,9995,2847,8795,4534,7537
2048,9995,2847,9567,1658,5342
2048,9995,2847,8474,7249,6996
2048,9995,2847,5400,7300,865
2048,9995,2847,394,6893,8808
2048,9995,2847,6804,5559,5906
2048,9995,2847,5215,1559,2509
2048,9995,2847,5092,2296,2700
2048,9995,2847,2632,6520,7800
2048,9995,2847,3585,8418,9674
2048,9995,2847,1904,2596,342
2048,9995,2847,2241,6634,2916
2048,9995,2847,231,7385,5719
2048,9995,2847,5021,2314,2368
2048,9995,2847,1408,3635,3626
2048,9995,2847,7910,8085,7122
2048,9995,2847,3002,1863,8669
2048,9995,2847,2968,8256,7215
2048,9995,2847,415,3948,7873
2048,9995,2847,5362,423,8059
2048,9995,2847,8981,1574,6933
2048,9995,2847,2928,8773,3050
2048,9995,2847,5870,4137,3951
2048,9995,2847,7667,6163,4722
2048,9995,2847,3902,4264,2005
2048,9995,2847,9026,6193,5899
2048,9995,2847,4240,5960,8286
2048,9995,2847,3102,4725,8163
2048,9995,2847,640,3753,9369
2048,9995,2847,3420,2672,4634
2048,9995,2847,8068,186,4484
2048,9995,2847,8701,2575,889
2048,9995,2847,7249,5194,4757
2048,9995,2847,1596,8078,4100
2048,9995,2847,2941,7333,3515
2048,9995,2847,7414,3767,308
2048,9995,2847,3234,8260,9547
2048,9995,2847,939,6306,8
2048,9995,2847,4715,5681,4187
2048,9995,2847,8940,8196,1992
2048,9995,2847,1795,1401,7430
2048,9995,2847,133,8859,3633
2048,9995,2847,4444,4232,7636
2048,9995,2847,1161,2874,9043
2048,9995,2847,5578,9638,2396
2048,9995,2847,5266,9150,5714
2048,9995,2847,6587,6220,4498
2048,9995,2847,9370,3319,8777
2048,9995,2847,49,184,6374
2048,9995,2847,8175,8411,5898
2048,9995,2847,9252,1621,9631
2048,9995,2847,7071,1457,3242
2048,9995,2847,4860,9126,7846
2048,9995,2847,6896,1747,1587
2048,9995,2847,1935,248,4321
2048,9995,2847,1141,3371,5770
2048,9995,2847,2313,9519,2567
2048,9995,2847,2182,328,1069
2048,9995,2847,7384,8626,2039
2048,9995,2847,9018,81,1727
2048,9995,2847,2267,7230,8601
2048,9995,2847,6487,2913,966
2048,9995,2847,1303,3294,8243
2048,9995,2847,5099,822,3147
2048,9995,2847,9473,6141,5617
2048,9995,2847,9613,4954,2616
2048,9995,2847,9209,9949,5391
2048,9995,2847,6483,8032,51
2048,9995,2847,188,6006,2860
2048,9995,2847,1965,4799,7205
2048,9995,2847,9815,1098,3790
2048,9995,2847,2599,6373,2964
2048,9995,2847,5963,8262,9440
2048,9995,2847,4765,8174,8936
2048,9995,2847,2517,6278,1258
2048,9995,2847,3719,5914,8345
2048,9995,2847,4430,1000,7506
2048,9995,2847,1852,8469,5852
2048,9995,2847,671,1348,2495
2048,9995,2847,6593,9791,4548
2048,9995,2847,3693,5602,6473
2048,9995,2847,7488,9933,3948
2048,9995,2847,9633,8761,7701
2048,9995,2847,9396,3779,4999
2048,9995,2847,7258,3252,6989
2048,9995,2847,132,8845,8260
2048,9995,2847,1281,3373,8344
2048,9995,2847,3093,9333,5647
2048,9995,2847,7616,7434,1706
2048,9995,2847,7932,3755,7111
2048,9995,2847,7298,2455,9845
2048,9995,2847,9696,813,3015
2048,9995,2847,2962,3383,93
2048,9995,2847,4129,896,5704
2048,9995,2847,3243,6175,1633
2048,9995,2847,3736,9409,7353
2048,9995,2847,8986,6316,1309
2048,9995,2847,3994,1362,6115
2048,9995,2847,8079,2563,6937
2048,9995,2847,2368,3182,6450
2048,9995,2847,3321,356,4137
2048,9995,2847,1574,4363,605
2048,9995,2847,6329,6650,3540
2048,9995,2847,5468,9466,2526
2048,9995,2847,5642,4373,4051
2048,9995,2847,7473,2542,7980
2048,9995,2847,8501,6131,1108
2048,9995,2847,6725,5627,153
2048,9995,2847,6968,8324,9128
2048,9995,2847,3749,2096,1023
2048,9995,2847,4601,9949,9618
2048,9995,2847,9294,1935,5498
2048,9995,2847,3726,6000,7109
2048,9995,2847,8215,1723,2181
2048,9995,2847,9638,8453,8292
2048,9995,2847,3143,4503,2716
2048,9995,2847,5809,4092,9202
2048,9995,2847,8289,2563,7709
2048,9995,2847,8266,4959,6957
2048,9995,2847,2191,1317,7527
2048,9995,2847,2199,6215,373
2048,9995,2847,1086,113,2465
2048,9995,2847,4511,7933,4308
2048,9995,2847,4809,8389,314
2048,9995,2847,8675,912,6467
2048,9995,2847,6115,5708,7571
2048,9995,2847,8039,6566,9566
2048,9995,2847,7077,8331,2049
2048,9995,2847,7521,5009,3795
2048,9995,2847,2636,4564,7336
2048,9995,2847,8155,9025,3944
2048,9995,2847,2183,4436,8196
2048,9995,2847,2470,9802,9884
2048,9995,2847,3520,9150,3209
2048,9995,2847,2589,3742,7656
2048,9995,2847,6491,278,2024
2048,9995,2847,3894,4506,3423
2048,9995,2847,1074,3118,8219
2048,9995,2847,1554,4262,8067
2048,9995,2847,4996,5689,2288
2048,9995,2847,3808,918,9732
2048,9995,2847,8803,5504,7821
2048,9995,2847,21,515,4836
2048,9995,2847,4641,1594,7779
2048,9995,2847,9267,1179,5083
2048,9995,2847,10,4957,6258
2048,9995,2847,3202,5970,5460
2048,9995,2847,581,9474,9715
2048,9995,2847,9740,9290,4439
2048,9995,2847,3014,22,9098
2048,9995,2847,6468,9843,9242
2048,9995,2847,6424,873,8186
2048,9995,2847,1591,2408,894
2048,9995,2847,862,55,6927
2048,9995,2847,6245,846,6400
2048,9995,2847,8955,7619,7363
2048,9995,2847,5989,6715,9199
2048,9995,2847,2700,6579,5846
2048,9995,2847,3881,408,6001
2048,9995,2847,4868,2650,4791
2048,9995,2847,8806,763,7897
2048,9995,2847,1189,5436,983
2048,9995,2847,1353,352,7973
2048,9995,2847,6692,6961,3155
2048,9995,2847,4129,7232,60
2048,9995,2847,2512,6796,5420
2048,9995,2847,5789,6864,9739
2048,9995,2847,2433,8472,891
2048,9995,2847,8752,9944,7154
2048,9995,2847,3863,2878,7320
2048,9995,2847,3778,156,3252
2048,9995,2847,8354,4056,9992
2048,9995,2847,5508,8929,2052
2048,9995,2847,3514,3124,9701
2048,9995,2847,5658,9257,6419
2048,9995,2847,6559,4119,1329
2048,9995,2847,734,2880,8751
2048,9995,2847,2250,4860,5174
2048,9995,2847,4274,2824,4378
2048,9995,2847,6979,8212,8750
2048,9995,2847,4467,8030,5373
2048,9995,2847,5065,4875,5950
2048,9995,2847,7700,5887,9380
2048,9995,2847,8484,233,1227
2048,9995,2847,3383,2272,3108
2048,9995,2847,4191,3334,2075
2048,9995,2847,7519,4728,1211
2048,9995,2847,3760,4082,5552
2048,9995,2847,6288,5254,5777
2048,9995,2847,4593,372,5083
2048,9995,2847,1571,8961,3082
2048,9995,2847,3157,4317,5008
2048,9995,2847,4580,4700,6242
2048,9995,2847,4915,9212,6566
2048,9995,2847,2637,2348,6595
2048,9995,2847,352,1343,7440
2048,9995,2847,7775,285,2165
2048,9995,2847,2135,9176,6138
2048,9995,2847,277,6176,9169
2048,9995,2847,5589,4102,2698
2048,9995,2847,9109,4658,7847
2048,9995,2847,4175,8439,2407
2048,9995,2847,4554,6951,9642
2048,9995,2847,2094,2118,6030
2048,9995,2847,2913,9168,4449
2048,9995,2847,4885,2497,2043
2048,9995,2847,8244,5851,4507
2048,9995,2847,5839,2841,9384
2048,9995,2847,6827,7678,8984
2048,9995,2847,2535,4104,3368
2048,9995,2847,5503,5492,9287
2048,9995,2847,252,2017,1428
2048,9995,2847,9981,6635,2143
2048,9995,2847,3305,6263,393
2048,9995,2847,1698,4143,8636
2048,9995,2847,4452,7457,8409
2048,9995,2847,8364,7673,7365
2048,9995,2847,3707,218,3175
2048,9995,2847,1547,9074,8844
2048,9995,2847,7318,2722,8211
2048,9995,2847,2452,7638,2322
2048,9995,2847,7765,6857,8663
2048,9995,2847,6092,7826,4370
2048,9995,2847,3374,4845,2336
2048,9995,2847,6998,3278,9641
2048,9995,2847,6017,4909,3303
2048,9995,2847,2426,4677,4620
2048,9995,2847,9004,5574,6561
2048,9995,2847,4899,866,6337
2048,9995,2847,7901,8145,7514
2048,9995,2847,980,9868,3723
2048,9995,2847,5894,4321,8038
2048,9995,2847,9896,4483,6597
2048,9995,2847,2113,8283,6297
2048,9995,2847,9322,2764,7787
2048,9995,2847,3821,728,2696
2048,9995,2847,3902,8264,3398
2048,9995,2847,352,7879,4990
2048,9995,2847,879,4684,4664
2048,9995,2847,9573,9032,9160
2048,9995,2847,2812,2085,2081
2048,9995,2847,8056,5199,3053
2048,9995,2847,5637,7618,9226
2048,9995,2847,4828,1855,1699
2048,9995,2847,2046,3670,7190
2048,9995,2847,1835,5833,6066
2048,9995,2847,6076,5861,2783
2048,9995,2847,5622,7287,5475
2048,9995,2847,6389,2067,211
2048,9995,2847,3514,4826,2984
2048,9995,2847,3614,2712,3242
2048,9995,2847,5977,9892,8968
2048,9995,2847,408,8354,8587
2048,9995,2847,3727,9744,2586
2048,9995,2847,555,7454,5350
2048,9995,2847,6727,6527,8105
2048,9995,2847,6795,9294,5425
2048,9995,2847,3953,4680,9119
2048,9995,2847,1578,9719,8313
2048,9995,2847,6679,4959,1267
2048,9995,2847,5487,5338,4078
2048,9995,2847,3932,5057,8973
2048,9995,2847,6309,2605,2268
2048,9995,2847,4638,141,7642
2048,9995,2847,3970,1284,5802
2048,9995,2847,6125,8903,7819
2048,9995,2847,3311,5032,1744
2048,9995,2847,2378,1965,1445
2048,9995,2847,6658,5723,2233
2048,9995,2847,1166,3478,2326
2048,9995,2847,274,605,9532
2048,9995,2847,2200,216,3372
2048,9995,2847,4108,8374,2118
2048,9995,2847,1334,187,1242
2048,9995,2847,8208,9053,917
2048,9995,2847,651,6146,9737
2048,9995,2847,3051,6330,3997
2048,9995,2847,7612,6967,8667
2048,9995,2847,6472,820,6214
