2217,3313,7665,8098,2426,3136
2217,3313,7665,3797,9075,4682
2217,3313,7665,615,3828,910
2217,3313,7665,22,8720,8053
2217,3313,7665,3391,9433,7173
2217,3313,7665,1188,6985,6692
2217,3313,7665,489,4674,6222
2217,3313,7665,1758,5447,18
2217,3313,7665,4796,7725,2136
2217,3313,7665,3622,4267,388
2217,3313,7665,550,482,5830
2217,3313,7665,6629,6533,2971
2217,3313,7665,7655,3423,1520
2217,3313,7665,7851,3519,1789
2217,3313,7665,3591,7876,6459
2217,3313,7665,2331,6924,7489
2217,3313,7665,4012,876,8081
2217,3313,7665,4114,2243,4927
2217,3313,7665,1046,9128,5448
2217,3313,7665,1966,6455,4921
2217,3313,7665,2569,540,9222
2217,3313,7665,225,3054,3431
2217,3313,7665,8320,1039,1832
2217,3313,7665,9581,6518,958
2217,3313,7665,5349,9781,1173
2217,3313,7665,2567,7347,9761
2217,3313,7665,7593,7148,6243
2217,3313,7665,4038,7326,1204
2217,3313,7665,1267,7247,1542
2217,3313,7665,3695,9728,4154
2217,3313,7665,8087,6427,4271
2217,3313,7665,7514,495,7190
2217,3313,7665,417,2355,5596
2217,3313,7665,9322,9159,9710
2217,3313,7665,123,770,7797
2217,3313,7665,8117,5271,4706
2217,3313,7665,2612,7391,9958
2217,3313,7665,7746,4663,8415
2217,3313,7665,2766,8235,8733
2217,3313,7665,3134,5853,9614
2217,3313,7665,3528,2140,9318
2217,3313,7665,7169,7684,1935
2217,3313,7665,666,4372,9817
2217,3313,7665,2403,8696,9369
2217,3313,7665,4650,5088,7582
2217,3313,7665,1251,1942,6524
2217,3313,7665,4978,6947,4031
2217,3313,7665,7198,9063,3222
2217,3313,7665,3941,7520,5915
2217,3313,7665,5313,981,2964
2217,3313,7665,530,1726,4928
2217,3313,7665,5972,8203,4229
2217,3313,7665,2268,3823,5493
2217,3313,7665,1803,4301,1214
2217,3313,7665,9975,3380,4990
2217,3313,7665,1122,2478,1924
2217,3313,7665,7171,9827,9737
2217,3313,7665,8466,5636,3339
2217,3313,7665,5155,3243,6537
2217,3313,7665,4122,7921,2052
2217,3313,7665,9324,4817,2492
2217,3313,7665,9670,6831,1725
2217,3313,7665,9039,8005,2030
2217,3313,7665,2816,235,6265
2217,3313,7665,1122,7241,2064
2217,3313,7665,2249,7692,4066
2217,3313,7665,1188,5140,9244
2217,3313,7665,1216,8292,5785
2217,3313,7665,6848,8280,2084
2217,3313,7665,812,9629,6307
2217,3313,7665,6483,3036,8949
2217,3313,7665,8317,4440,8421
2217,3313,7665,5700,9884,9356
2217,3313,7665,1526,4991,8027
2217,3313,7665,1642,16,5030
2217,3313,7665,2913,6512,2752
2217,3313,7665,5287,891,6949
2217,3313,7665,4204,6299,6511
2217,3313,7665,6808,1064,2136
2217,3313,7665,9611,849,6414
2217,3313,7665,3834,4205,2828
2217,3313,7665,2897,7452,9927
2217,3313,7665,954,167,3594
2217,3313,7665,269,4389,9864
2217,3313,7665,7190,3664,8296
2217,3313,7665,5438,3631,6510
2217,3313,7665,5422,203,5280
2217,3313,7665,6470,8318,5739
2217,3313,7665,10000,8661,5994
2217,3313,7665,5846,8136,5235
2217,3313,7665,4925,3926,7994
2217,3313,7665,8060,7554,853
2217,3313,7665,2513,6619,1312
2217,3313,7665,6074,3360,5330
2217,3313,7665,2388,5455,1389
2217,3313,7665,5650,9678,6521
2217,3313,7665,8978,8543,5928
2217,3313,7665,3493,12,5279
2217,3313,7665,5395,6726,8921
2217,3313,7665,5695,7680,6585
2217,3313,7665,5931,8964,6424
2217,3313,7665,2769,4952,6661
2217,3313,7665,1132,7016,3512
2217,3313,7665,9334,2975,3682
2217,3313,7665,2512,7533,5232
2217,3313,7665,3819,4929,477
2217,3313,7665,56,7049,1713
2217,3313,7665,5473,9534,5594
2217,3313,7665,9847,2290,2579
2217,3313,7665,1172,7081,8917
2217,3313,7665,1472,235,8633
2217,3313,7665,1238,5108,9965
2217,3313,7665,4195,7399,7600
2217,3313,7665,2473,9347,5881
2217,3313,7665,3459,7150,269
2217,3313,7665,9429,9901,7349
2217,3313,7665,3344,1825,1384
2217,3313,7665,9173,9583,111
2217,3313,7665,1051,9973,582
2217,3313,7665,1901,962,5776
2217,3313,7665,4718,6398,3025
2217,3313,7665,2702,7359,9188
2217,3313,7665,2561,1373,3334
2217,3313,7665,5626,8304,359
2217,3313,7665,9895,6390,4453
2217,3313,7665,2343,3284,7038
2217,3313,7665,2008,5161,2070
2217,3313,7665,5101,2894,5432
2217,3313,7665,4173,1790,2402
2217,3313,7665,27,6633,659
2217,3313,7665,9994,8743,2045
2217,3313,7665,6236,3475,9507
2217,3313,7665,3883,3968,2732
2217,3313,7665,2050,9957,8859
2217,3313,7665,2351,8247,2607
2217,3313,7665,4369,7851,1528
2217,3313,7665,5606,5612,4504
2217,3313,7665,2907,8219,3764
2217,3313,7665,8911,6558,8218
2217,3313,7665,9979,9548,5506
2217,3313,7665,8438,3133,7413
2217,3313,7665,9755,6340,6682
2217,3313,7665,6164,5004,9233
2217,3313,7665,5275,875,9026
2217,3313,7665,964,4609,8208
2217,3313,7665,6910,3821,319
2217,3313,7665,4310,5860,3022
2217,3313,7665,2246,1676,12
2217,3313,7665,6120,9549,3067
2217,3313,7665,1657,4942,2778
2217,3313,7665,3988,78,2102
2217,3313,7665,7550,6006,7413
2217,3313,7665,3082,5237,6685
2217,3313,7665,286,6800,6390
2217,3313,7665,3183,8587,122
2217,3313,7665,7663,908,4253
2217,3313,7665,1966,6933,7762
2217,3313,7665,7759,5940,5183
2217,3313,7665,4301,9305,4033
2217,3313,7665,3400,9956,4164
2217,3313,7665,4440,7002,2002
2217,3313,7665,7765,50,1053
2217,3313,7665,1371,2429,7192
2217,3313,7665,7074,5622,5319
2217,3313,7665,320,9905,4017
2217,3313,7665,5201,2305,980
2217,3313,7665,2581,2850,89
2217,3313,7665,9789,3814,7855
2217,3313,7665,6657,7808,7348
2217,3313,7665,6743,6757,8636
2217,3313,7665,733,3708,6417
2217,3313,7665,962,9530,518
2217,3313,7665,8497,2572,8366
2217,3313,7665,5064,5874,9692
2217,3313,7665,9501,7609,7450
2217,3313,7665,4781,313,7890
2217,3313,7665,5369,6060,1823
2217,3313,7665,1863,7550,8559
2217,3313,7665,5173,4765,8702
2217,3313,7665,416,1285,884
2217,3313,7665,4030,4328,472
2217,3313,7665,7777,242,1796
2217,3313,7665,5871,6023,6722
2217,3313,7665,6386,728,2331
2217,3313,7665,7529,6099,2767
2217,3313,7665,498,8204,1149
2217,3313,7665,2214,7449,3618
2217,3313,7665,2298,8826,4742
2217,3313,7665,4840,3995,6371
2217,3313,7665,7562,2412,2355
2217,3313,7665,8390,9989,1308
2217,3313,7665,8469,2206,7417
2217,3313,7665,14,3636,7646
2217,3313,7665,2048,3468,4375
2217,3313,7665,8598,2194,612
2217,3313,7665,6394,438,9076
2217,3313,7665,8995,6134,3610
2217,3313,7665,4362,4300,6113
2217,3313,7665,441,6682,7578
2217,3313,7665,544,4712,9715
2217,3313,7665,2897,8413,5597
2217,3313,7665,6420,1996,5667
2217,3313,7665,2148,1663,3686
2217,3313,7665,1379,1265,9946
2217,3313,7665,8365,4666,7822
2217,3313,7665,471,6702,2475
2217,3313,7665,983,3833,456
2217,3313,7665,6348,6466,2952
2217,3313,7665,6763,9861,1786
2217,3313,7665,6006,9810,7464
2217,3313,7665,3470,4933,4220
2217,3313,7665,7738,5892,7896
2217,3313,7665,3152,9229,1881
2217,3313,7665,7869,3966,2880
2217,3313,7665,7041,7920,5866
2217,3313,7665,7583,5023,9331
2217,3313,7665,9187,4098,1459
2217,3313,7665,3814,3021,2790
2217,3313,7665,1522,8671,6015
2217,3313,7665,2945,2677,2562
2217,3313,7665,296,678,520
2217,3313,7665,6348,1362,1902
2217,3313,7665,7306,4668,6965
2217,3313,7665,7776,3888,3200
2217,3313,7665,9767,249,6123
2217,3313,7665,223,4521,6121
2217,3313,7665,1211,7435,8033
2217,3313,7665,9430,6688,1827
2217,3313,7665,3049,5348,6312
2217,3313,7665,3787,4053,1655
2217,3313,7665,9241,1708,2433
2217,3313,7665,5592,5698,39
2217,3313,7665,7341,1676,467
2217,3313,7665,3840,5974,2723
2217,3313,7665,9739,4505,4019
2217,3313,7665,1735,7989,2882
2217,3313,7665,6299,213,9777
2217,3313,7665,4894,8025,8318
2217,3313,7665,9615,6491,9944
2217,3313,7665,1074,7401,6220
2217,3313,7665,6956,4140,3581
2217,3313,7665,6095,389,633
2217,3313,7665,2502,5146,4851
2217,3313,7665,7557,8361,8241
2217,3313,7665,2712,578,4839
2217,3313,7665,5509,6355,1647
2217,3313,7665,1849,2897,8007
2217,3313,7665,1981,1170,5558
2217,3313,7665,5517,559,9731
2217,3313,7665,2231,3823,993
2217,3313,7665,5327,4308,5440
2217,3313,7665,3607,2454,5194
2217,3313,7665,4555,4990,4223
2217,3313,7665,7240,5239,4690
2217,3313,7665,5418,1362,933
2217,3313,7665,1496,3416,1598
2217,3313,7665,7846,9763,3204
2217,3313,7665,9662,616,760
2217,3313,7665,599,2754,827
2217,3313,7665,7172,2968,2094
2217,3313,7665,2022,8232,9450
2217,3313,7665,3945,5484,2847
2217,3313,7665,8809,1847,7534
2217,3313,7665,2765,880,7201
2217,3313,7665,909,9097,5598
2217,3313,7665,384,5848,3736
2217,3313,7665,7091,861,2757
2217,3313,7665,5263,791,9848
2217,3313,7665,7148,8815,1320
2217,3313,7665,8329,9925,2637
2217,3313,7665,7501,8510,1828
2217,3313,7665,1440,9822,9496
2217,3313,7665,8903,3748,741
2217,3313,7665,570,9440,6722
2217,3313,7665,7350,6595,5062
2217,3313,7665,1819,8997,4961
2217,3313,7665,7837,3294,8017
2217,3313,7665,5655,3448,2598
2217,3313,7665,3000,2368,6307
2217,3313,7665,7908,3397,2403
2217,3313,7665,5577,3883,4252
2217,3313,7665,7653,4997,4150
2217,3313,7665,8966,3252,3189
2217,3313,7665,568,9812,6704
2217,3313,7665,5111,1968,144
2217,3313,7665,2080,268,5458
2217,3313,7665,9315,3312,4369
2217,3313,7665,8360,3162,7778
2217,3313,7665,118,1875,8495
2217,3313,7665,3265,6046,6856
2217,3313,7665,3175,9174,6433
2217,3313,7665,534,5473,1261
2217,3313,7665,8791,4810,7723
2217,3313,7665,4651,9941,9010
2217,3313,7665,5395,266,1412
2217,3313,7665,7866,8619,7104
2217,3313,7665,4657,6171,8790
2217,3313,7665,4875,4320,6789
2217,3313,7665,2352,7900,6945
2217,3313,7665,892,7094,5281
2217,3313,7665,4750,9635,3099
2217,3313,7665,6361,8785,7870
2217,3313,7665,175,5789,6646
2217,3313,7665,1681,3668,2346
2217,3313,7665,2848,401,7607
2217,3313,7665,7410,6457,8010
2217,3313,7665,4832,1840,2337
2217,3313,7665,6200,1808,2686
2217,3313,7665,2370,5954,9637
2217,3313,7665,4577,4438,8749
2217,3313,7665,2405,9520,192
2217,3313,7665,1249,7643,7481
2217,3313,7665,9800,8019,6854
2217,3313,7665,3908,5065,1651
2217,3313,7665,8496,3885,2894
2217,3313,7665,4929,8418,4431
2217,3313,7665,2733,2458,5668
2217,3313,7665,5812,4669,8336
2217,3313,7665,602,3422,7159
2217,3313,7665,4822,1339,1833
2217,3313,7665,4358,8646,7463
2217,3313,7665,712,8552,1988
2217,3313,7665,4989,5890,6672
2217,3313,7665,6605,8458,8742
2217,3313,7665,427,7429,5804
2217,3313,7665,4712,5276,6446
2217,3313,7665,3503,8294,3728
2217,3313,7665,4009,7938,7672
2217,3313,7665,8216,4137,8255
2217,3313,7665,9324,8455,9199
2217,3313,7665,5873,4175,3598
2217,3313,7665,4427,743,4568
2217,3313,7665,4437,6996,5104
2217,3313,7665,7538,1847,2240
2217,3313,7665,6512,5049,5270
2217,3313,7665,818,7565,6142
2217,3313,7665,583,1218,5525
2217,3313,7665,4031,5826,6433
2217,3313,7665,4949,6593,19
2217,3313,7665,4396,1622,9928
2217,3313,7665,1307,7038,6416
2217,3313,7665,2327,8178,6605
2217,3313,7665,3820,8728,9622
2217,3313,7665,8046,2188,9622
2217,3313,7665,3874,7640,8073
2217,3313,7665,7460,8793,8688
2217,3313,7665,7767,5904,1741
2217,3313,7665,7982,8421,7584
2217,3313,7665,5072,7835,3315
2217,3313,7665,6212,7404,4126
2217,3313,7665,7265,9221,5984
2217,3313,7665,3980,1024,7482
2217,3313,7665,1600,2903,3215
2217,3313,7665,7967,3059,49
2217,3313,7665,7057,5480,8936
2217,3313,7665,8197,9393,5374
2217,3313,7665,3603,2863,9328
2217,3313,7665,6281,3326,9459
2217,3313,7665,6092,1186,2161
2217,3313,7665,5183,6129,2630
2217,3313,7665,9698,4411,520
2217,3313,7665,5830,3516,6215
2217,3313,7665,2397,8718,1447
2217,3313,7665,2899,7116,2998
2217,3313,7665,7448,68,9287
2217,3313,7665,500,4773,1394
2217,3313,7665,1033,2243,4523
2217,3313,7665,5164,3590,7562
2217,3313,7665,8517,9022,8065
2217,3313,7665,8518,5807,3677
2217,3313,7665,696,4965,8517
2217,3313,7665,6629,9747,1877
2217,3313,7665,7321,9245,9364
2217,3313,7665,4033,2208,5028
2217,3313,7665,1405,4895,7878
2217,3313,7665,4569,4977,2691
2217,3313,7665,1758,8769,8914
2217,3313,7665,5554,3642,8222
2217,3313,7665,5244,3110,9797
2217,3313,7665,7445,9254,2404
2217,3313,7665,5427,2962,8026
2217,3313,7665,745,1626,5675
2217,3313,7665,7235,6235,2592
2217,3313,7665,5361,6961,7292
2217,3313,7665,8795,3064,7605
2217,3313,7665,8214,552,6454
2217,3313,7665,5362,1814,3131
2217,3313,7665,2252,6803,899
2217,3313,7665,4978,7140,2269
2217,3313,7665,5431,9440,6952
2217,3313,7665,6712,1195,48
2217,3313,7665,4665,9323,2001
2217,3313,7665,460,7729,2841
2217,3313,7665,468,5005,3487
2217,3313,7665,4999,8486,4129
2217,3313,7665,3909,5814,6790
2217,3313,7665,346,5235,4261
2217,3313,7665,740,8056,4426
2217,3313,7665,3372,4094,2437
2217,3313,7665,9380,6711,4935
2217,3313,7665,4826,6733,5077
2217,3313,7665,5538,2999,3825
2217,3313,7665,1793,498,4754
2217,3313,7665,8102,3218,4088
2217,3313,7665,6105,2038,8438
2217,3313,7665,9919,7133,7288
2217,3313,7665,8200,4718,7070
2217,3313,7665,215,2077,8886
2217,3313,7665,2487,4729,6387
2217,3313,7665,323,2496,7343
2217,3313,7665,2627,4308,1392
2217,3313,7665,7616,9008,5988
2217,3313,7665,7427,4590,2824
2217,3313,7665,3676,8674,6072
2217,3313,7665,1882,1103,4777
2217,3313,7665,4457,8426,1385
2217,3313,7665,9394,777,8553
2217,3313,7665,5674,1953,3282
2217,3313,7665,786,7875,3928
2217,3313,7665,6933,1739,6735
2217,3313,7665,6143,5964,4082
2217,3313,7665,969,4719,9579
2217,3313,7665,2956,5330,3284
2217,3313,7665,5494,5630,810
2217,3313,7665,2693,4112,3235
2217,3313,7665,2659,9719,5305
2217,3313,7665,8671,9909,69
2217,3313,7665,1655,9164,3904
2217,3313,7665,7137,8238,4394
2217,3313,7665,2808,6731,3344
2217,3313,7665,7967,191,5263
2217,3313,7665,3274,3256,8365
2217,3313,7665,7015,8421,362
2217,3313,7665,4176,8100,4690
2217,3313,7665,2984,948,774
2217,3313,7665,9503,5553,4212
2217,3313,7665,5825,6877,6783
2217,3313,7665,3360,556,7005
2217,3313,7665,527,321,8625
2217,3313,7665,6512,1468,4103
2217,3313,7665,9641,5681,4819
2217,3313,7665,2788,3961,8928
2217,3313,7665,4291,4579,9512
2217,3313,7665,1739,3723,212
2217,3313,7665,8415,1230,2709
2217,3313,7665,4610,7042,1711
2217,3313,7665,72,9862,513
2217,3313,7665,8818,2035,1588
2217,3313,7665,7391,3103,1603
2217,3313,7665,2707,3612,5587
2217,3313,7665,2051,9829,638
2217,3313,7665,6488,3001,3604
2217,3313,7665,4331,9225,1849
2217,3313,7665,8397,5719,5439
2217,3313,7665,5660,3654,7164
2217,3313,7665,6594,9090,3718
2217,3313,7665,6180,7545,144
2217,3313,7665,433,9340,6604
2217,3313,7665,7020,355,2463
2217,3313,7665,9827,5066,6132
2217,3313,7665,9906,4387,8814
2217,3313,7665,6458,7557,1247
2217,3313,7665,7666,2532,9319
2217,3313,7665,1176,9732,2686
2217,3313,7665,595,4945,8194
2217,3313,7665,2322,6048,1686
2217,3313,7665,5755,3154,873
2217,3313,7665,7755,5394,590
2217,3313,7665,1855,5765,8159
2217,3313,7665,5223,9611,5121
2217,3313,7665,2019,3456,2171
2217,3313,7665,8933,2583,4145
2217,3313,7665,7068,2118,931
2217,3313,7665,1719,6793,1989
2217,3313,7665,7442,1999,4100
2217,3313,7665,1257,2745,6184
2217,3313,7665,6288,338,5861
2217,3313,7665,1606,9448,4652
2217,3313,7665,2416,7537,6461
2217,3313,7665,6048,8458,9043
2217,3313,7665,1745,184,6325
2217,3313,7665,6836,6738,3590
2217,3313,7665,3486,6386,5928
2217,3313,7665,6181,1674,1240
2217,3313,7665,6110,8663,2494
2217,3313,7665,4258,2828,8767
2217,3313,7665,3727,126,844
2217,3313,7665,3400,6972,2974
2217,3313,7665,6520,4413,4311
2217,3313,7665,3347,1181,7507
2217,3313,7665,7546,3205,2996
2217,3313,7665,8238,7019,675
2217,3313,7665,3241,7483,491
2217,3313,7665,7155,5192,2568
2217,3313,7665,818,7774,8332
2217,3313,7665,8416,7437,3126
2217,3313,7665,334,8699,8832
2217,3313,7665,7569,7186,6082
2217,3313,7665,5394,2750,2203
2217,3313,7665,2841,6158,4294
2217,3313,7665,2373,6030,5811
2217,3313,7665,2995,1680,8311
2217,3313,7665,2778,9906,5102
2217,3313,7665,5127,85,8397
2217,3313,7665,6683,9793,4982
2217,3313,7665,2116,7569,5184
2217,3313,7665,3394,6621,4461
2217,3313,7665,7554,3712,8000
2217,3313,7665,8566,498,5219
2217,3313,7665,4658,7050,7974
