2832,3206,7703,1337,9633,7483
2832,3206,7703,7656,946,4806
2832,3206,7703,6685,6232,7230
2832,3206,7703,5542,2979,9584
2832,3206,7703,3761,4520,4137
2832,3206,7703,575,9728,4012
2832,3206,7703,9798,3414,2659
2832,3206,7703,3048,9107,2231
2832,3206,7703,9103,2148,5315
2832,3206,7703,3440,7636,2295
2832,3206,7703,958,4721,2356
2832,3206,7703,4867,8349,6214
2832,3206,7703,2222,9317,4749
2832,3206,7703,2148,4402,4062
2832,3206,7703,7886,9982,584
2832,3206,7703,5726,5334,6533
2832,3206,7703,6052,3673,7714
2832,3206,7703,4312,588,6342
2832,3206,7703,975,1992,9192
2832,3206,7703,7410,4475,791
2832,3206,7703,8421,664,6665
2832,3206,7703,965,1239,4764
2832,3206,7703,2171,2500,4508
2832,3206,7703,4572,9920,4204
2832,3206,7703,219,4710,1754
2832,3206,7703,8685,2035,8066
2832,3206,7703,8807,5414,6095
2832,3206,7703,7988,7163,3049
2832,3206,7703,4626,8809,7620
2832,3206,7703,2978,3155,789
2832,3206,7703,2816,4699,8069
2832,3206,7703,641,5551,9334
2832,3206,7703,5408,495,1304
2832,3206,7703,2953,4203,9382
2832,3206,7703,1178,9275,3695
2832,3206,7703,4904,7287,5449
2832,3206,7703,694,516,2944
2832,3206,7703,1449,8493,4446
2832,3206,7703,2216,3842,9903
2832,3206,7703,475,8936,9320
2832,3206,7703,3308,6059,839
2832,3206,7703,1183,6604,9839
2832,3206,7703,1104,323,2087
2832,3206,7703,9513,2455,224
2832,3206,7703,3530,5922,6964
2832,3206,7703,6951,2616,102
2832,3206,7703,9150,1885,7574
2832,3206,7703,5270,9794,2046
2832,3206,7703,2939,7643,6496
2832,3206,7703,8841,1218,8147
2832,3206,7703,4579,8677,6191
2832,3206,7703,4936,2486,550
2832,3206,7703,6383,3287,9662
2832,3206,7703,7435,1829,6910
2832,3206,7703,1180,4341,1717
2832,3206,7703,1040,4481,1344
2832,3206,7703,5458,6877,8563
2832,3206,7703,4036,319,9224
2832,3206,7703,8460,7755,9287
2832,3206,7703,4231,5247,1483
2832,3206,7703,438,4446,2227
2832,3206,7703,7917,8993,3292
2832,3206,7703,3451,5394,3570
2832,3206,7703,5255,8619,706
2832,3206,7703,8123,3650,3530
2832,3206,7703,1171,7050,8714
2832,3206,7703,5399,8168,3249
2832,3206,7703,9003,5954,2246
2832,3206,7703,9661,6606,5816
2832,3206,7703,4466,735,7635
2832,3206,7703,1791,9483,7630
2832,3206,7703,7989,4865,5319
2832,3206,7703,4526,9269,9895
2832,3206,7703,8492,8315,222
2832,3206,7703,5956,5402,9693
2832,3206,7703,702,1460,5603
2832,3206,7703,9117,7045,9156
2832,3206,7703,9608,3963,3768
2832,3206,7703,2334,4345,6686
2832,3206,7703,1529,1924,2595
2832,3206,7703,5085,1301,9293
2832,3206,7703,8164,7997,1509
2832,3206,7703,9664,2407,5961
2832,3206,7703,9629,9071,4500
2832,3206,7703,838,4248,604
2832,3206,7703,5412,9169,5716
2832,3206,7703,2953,7690,7017
2832,3206,7703,6712,8050,2811
2832,3206,7703,6061,3749,9024
2832,3206,7703,6911,524,3547
2832,3206,7703,9813,7132,7916
2832,3206,7703,4969,4747,7760
2832,3206,7703,412,4352,2639
2832,3206,7703,1241,4415,4491
2832,3206,7703,946,5868,2995
2832,3206,7703,4709,889,6695
2832,3206,7703,626,4243,5116
2832,3206,7703,5674,9934,3669
2832,3206,7703,5616,5667,4574
2832,3206,7703,6353,412,6607
2832,3206,7703,3627,9895,8889
2832,3206,7703,2511,8156,9750
2832,3206,7703,2903,2139,4180
2832,3206,7703,6729,9231,4849
2832,3206,7703,5226,3537,8993
2832,3206,7703,2824,55,5816
2832,3206,7703,1671,2987,4875
2832,3206,7703,9183,5218,6302
2832,3206,7703,6394,54,3559
2832,3206,7703,9439,3887,8829
2832,3206,7703,1843,6358,4205
2832,3206,7703,7507,8886,513
2832,3206,7703,3412,5941,8861
2832,3206,7703,2558,8194,6685
2832,3206,7703,3886,3915,615
2832,3206,7703,1967,9809,831
2832,3206,7703,6884,1139,2791
2832,3206,7703,3715,9293,3692
2832,3206,7703,7946,1211,7771
2832,3206,7703,5039,7362,3794
2832,3206,7703,1976,1337,2675
2832,3206,7703,5932,9217,7112
2832,3206,7703,191,4064,3086
2832,3206,7703,7498,3848,1780
2832,3206,7703,7240,1284,9099
2832,3206,7703,7981,735,84
2832,3206,7703,3288,3192,3253
2832,3206,7703,3568,5131,7697
2832,3206,7703,8356,6637,7370
2832,3206,7703,2491,4780,1433
2832,3206,7703,6924,4668,1643
2832,3206,7703,9514,4478,4107
2832,3206,7703,8337,4937,98
2832,3206,7703,4353,9386,7073
2832,3206,7703,2128,5660,2072
2832,3206,7703,5105,2371,2889
2832,3206,7703,5713,1268,9172
2832,3206,7703,4348,3566,5226
2832,3206,7703,4749,4445,7937
2832,3206,7703,1797,9427,9996
2832,3206,7703,1756,7922,6462
2832,3206,7703,1275,2909,6456
2832,3206,7703,9011,7408,8175
2832,3206,7703,3258,8675,2483
2832,3206,7703,3663,6638,3230
2832,3206,7703,4509,6338,3737
2832,3206,7703,181,2466,5006
2832,3206,7703,3860,9827,793
2832,3206,7703,5708,3742,4632
2832,3206,7703,3705,1363,2560
2832,3206,7703,2652,9195,7442
2832,3206,7703,2737,5609,8907
2832,3206,7703,9177,9890,2117
2832,3206,7703,1507,7480,3962
2832,3206,7703,9482,7673,7146
2832,3206,7703,9755,4239,1446
2832,3206,7703,2955,7044,7724
2832,3206,7703,6727,9908,2512
2832,3206,7703,6958,9146,5381
2832,3206,7703,5239,6376,6617
2832,3206,7703,5726,6053,3746
2832,3206,7703,4807,9737,1591
2832,3206,7703,1950,7642,8859
2832,3206,7703,2792,9862,5964
2832,3206,7703,5042,6627,7742
2832,3206,7703,3518,4028,8057
2832,3206,7703,2804,6985,876
2832,3206,7703,6352,7009,4317
2832,3206,7703,7676,9933,1609
2832,3206,7703,9668,9577,4761
2832,3206,7703,6555,11,1310
2832,3206,7703,4129,9220,9578
2832,3206,7703,788,5975,4250
2832,3206,7703,6056,1066,7320
2832,3206,7703,9490,9462,445
2832,3206,7703,2857,2292,5418
2832,3206,7703,4347,9957,3731
2832,3206,7703,7081,6407,25
2832,3206,7703,2620,5804,9112
2832,3206,7703,1609,7804,4808
2832,3206,7703,5522,1258,8695
2832,3206,7703,965,8836,1351
2832,3206,7703,6200,205,6823
2832,3206,7703,7077,4087,550
2832,3206,7703,2166,5422,6951
2832,3206,7703,5931,7812,4058
2832,3206,7703,9293,3310,5707
2832,3206,7703,1918,606,2031
2832,3206,7703,6271,3266,427
2832,3206,7703,4431,3148,9863
2832,3206,7703,545,5334,4459
2832,3206,7703,8639,8270,1246
2832,3206,7703,6585,4141,3920
2832,3206,7703,6752,6160,8702
2832,3206,7703,5525,3991,3939
2832,3206,7703,6013,9258,115
2832,3206,7703,2395,1147,8641
2832,3206,7703,9396,2918,8701
2832,3206,7703,1012,7749,6609
2832,3206,7703,3846,719,4782
2832,3206,7703,7045,9503,3150
2832,3206,7703,3638,6284,8431
2832,3206,7703,1450,2017,3169
2832,3206,7703,1525,5444,8707
2832,3206,7703,6573,1493,7216
2832,3206,7703,5951,7505,2349
2832,3206,7703,4757,4288,8796
2832,3206,7703,8496,8907,5490
2832,3206,7703,1863,4308,290
2832,3206,7703,46,3140,5595
2832,3206,7703,2931,4004,1444
2832,3206,7703,7411,6790,3578
2832,3206,7703,2254,7152,1466
2832,3206,7703,5990,4511,587
2832,3206,7703,5470,9640,6233
2832,3206,7703,477,1470,3044
2832,3206,7703,1804,3506,5505
2832,3206,7703,5207,3394,6859
2832,3206,7703,9290,2910,9926
2832,3206,7703,3782,772,2376
2832,3206,7703,8912,1056,6150
2832,3206,7703,4474,9947,510
2832,3206,7703,1502,8841,6700
2832,3206,7703,5283,3829,3647
2832,3206,7703,1064,5378,8666
2832,3206,7703,3106,5074,9590
2832,3206,7703,9560,9792,9208
2832,3206,7703,9607,302,7916
2832,3206,7703,565,5932,3629
2832,3206,7703,9043,4461,4619
2832,3206,7703,6609,2259,2931
2832,3206,7703,4056,3381,9320
2832,3206,7703,1391,8723,6984
2832,3206,7703,788,5421,7707
2832,3206,7703,9471,2025,7887
2832,3206,7703,6204,2702,3915
2832,3206,7703,5424,597,2048
2832,3206,7703,4176,1072,3291
2832,3206,7703,5220,7611,661
2832,3206,7703,5606,8974,9396
2832,3206,7703,7526,3628,538
2832,3206,7703,5495,9616,9283
2832,3206,7703,6984,2020,5290
2832,3206,7703,4950,2977,1605
2832,3206,7703,3096,6836,1327
2832,3206,7703,5402,5234,8081
2832,3206,7703,2908,9273,9823
2832,3206,7703,9014,9462,204
2832,3206,7703,9360,1421,174
2832,3206,7703,6994,6671,8505
2832,3206,7703,4060,7705,1905
2832,3206,7703,9895,575,7971
2832,3206,7703,6177,7458,1397
2832,3206,7703,7306,8094,1413
2832,3206,7703,4823,7200,7374
2832,3206,7703,3973,3960,5597
2832,3206,7703,7401,6027,7593
2832,3206,7703,3415,4289,4406
2832,3206,7703,2008,8691,6032
2832,3206,7703,8996,7608,8746
2832,3206,7703,2360,934,9109
2832,3206,7703,3670,438,4556
2832,3206,7703,8918,4180,1616
2832,3206,7703,6167,9187,3680
2832,3206,7703,6641,9780,789
2832,3206,7703,8363,4423,5221
2832,3206,7703,7987,2524,4250
2832,3206,7703,5197,2250,4007
2832,3206,7703,8274,3085,8564
2832,3206,7703,2591,672,5167
2832,3206,7703,3691,2106,6644
2832,3206,7703,1588,9844,9840
2832,3206,7703,3907,2070,9414
2832,3206,7703,5500,2577,3022
2832,3206,7703,5462,2630,7338
2832,3206,7703,588,223,7368
2832,3206,7703,1965,8365,3221
2832,3206,7703,3568,1268,8955
2832,3206,7703,5809,3375,3014
2832,3206,7703,3326,4989,4096
2832,3206,7703,1566,395,5439
2832,3206,7703,7823,2162,4633
2832,3206,7703,5282,5030,6046
2832,3206,7703,6932,4009,8693
2832,3206,7703,7569,4786,4547
2832,3206,7703,1917,1143,5683
2832,3206,7703,5655,5270,7271
2832,3206,7703,7251,5277,9970
2832,3206,7703,3104,2848,3593
2832,3206,7703,9066,1173,2676
2832,3206,7703,6825,6265,5795
2832,3206,7703,8149,9779,4255
2832,3206,7703,6578,2427,528
2832,3206,7703,9064,5735,2458
2832,3206,7703,9122,3891,6961
2832,3206,7703,7173,7167,946
2832,3206,7703,8608,4254,8958
2832,3206,7703,4356,2659,4982
2832,3206,7703,3312,8220,2395
2832,3206,7703,6533,965,1695
2832,3206,7703,7040,4561,526
2832,3206,7703,3970,2009,4212
2832,3206,7703,971,3714,8863
2832,3206,7703,8298,7952,804
2832,3206,7703,8485,9053,9340
2832,3206,7703,641,7836,6575
2832,3206,7703,3409,3737,9925
2832,3206,7703,7568,660,218
2832,3206,7703,3504,4897,950
2832,3206,7703,6892,7759,9436
2832,3206,7703,3981,1032,3412
2832,3206,7703,1291,9079,2923
2832,3206,7703,1123,9463,4598
2832,3206,7703,8879,7510,1398
2832,3206,7703,126,9658,6462
2832,3206,7703,4534,9174,1561
2832,3206,7703,7060,3556,3773
2832,3206,7703,2611,9350,1637
2832,3206,7703,8440,5746,7558
2832,3206,7703,6550,6476,2500
2832,3206,7703,3553,3288,6104
2832,3206,7703,3406,5013,6659
2832,3206,7703,4775,4756,485
2832,3206,7703,2424,7446,816
2832,3206,7703,7270,5657,7631
2832,3206,7703,8226,4286,3156
2832,3206,7703,5663,244,3509
2832,3206,7703,9049,2744,1934
2832,3206,7703,8958,3953,9040
2832,3206,7703,8254,5131,9766
2832,3206,7703,4835,1881,3400
2832,3206,7703,5957,3013,4400
2832,3206,7703,8296,2485,6671
2832,3206,7703,9906,9495,7717
2832,3206,7703,9644,6796,7224
2832,3206,7703,4322,9982,2733
2832,3206,7703,4446,1798,6305
2832,3206,7703,302,8534,8296
2832,3206,7703,3689,1476,1361
2832,3206,7703,905,7218,6887
2832,3206,7703,9791,8296,8918
2832,3206,7703,3887,8715,5660
2832,3206,7703,248,8550,9948
2832,3206,7703,6914,8446,9002
2832,3206,7703,5460,768,4863
2832,3206,7703,4302,129,4287
2832,3206,7703,3284,9215,2009
2832,3206,7703,2977,8117,3263
2832,3206,7703,4496,3977,5498
2832,3206,7703,4951,2849,7610
2832,3206,7703,4592,5886,3162
2832,3206,7703,3427,2929,5153
2832,3206,7703,8847,4339,7858
2832,3206,7703,2673,7462,5874
2832,3206,7703,6321,5285,4137
2832,3206,7703,9506,3835,4844
2832,3206,7703,647,1414,2399
2832,3206,7703,3948,4351,9343
2832,3206,7703,7705,6234,452
2832,3206,7703,308,5644,9822
2832,3206,7703,888,1942,7670
2832,3206,7703,5688,8083,3949
2832,3206,7703,7991,3024,7296
2832,3206,7703,8953,4352,2181
2832,3206,7703,9485,9230,5520
2832,3206,7703,5543,6984,3665
2832,3206,7703,2706,9365,8077
2832,3206,7703,5627,7660,1018
2832,3206,7703,2334,6081,7874
2832,3206,7703,5178,9163,2011
2832,3206,7703,6366,4449,2322
2832,3206,7703,1277,7153,8811
2832,3206,7703,8021,9596,113
2832,3206,7703,399,1710,5459
2832,3206,7703,9042,8857,3924
2832,3206,7703,387,4058,4508
2832,3206,7703,2304,5119,1468
2832,3206,7703,6969,3954,2690
2832,3206,7703,7974,9524,2478
2832,3206,7703,9404,9550,5818
2832,3206,7703,6925,4257,4022
2832,3206,7703,529,3500,9609
2832,3206,7703,6421,1404,7004
2832,3206,7703,7324,9047,4198
2832,3206,7703,6712,3961,3387
2832,3206,7703,3481,1219,8145
2832,3206,7703,7804,7205,5266
2832,3206,7703,707,2333,5247
2832,3206,7703,2495,76,4457
2832,3206,7703,2221,1081,1570
2832,3206,7703,2686,1211,7965
2832,3206,7703,6403,1281,4235
2832,3206,7703,6776,1982,3153
2832,3206,7703,8233,7179,5678
2832,3206,7703,1938,9280,1583
2832,3206,7703,6538,9936,1306
2832,3206,7703,7535,2291,9339
2832,3206,7703,9944,9368,7957
2832,3206,7703,8766,1476,6189
2832,3206,7703,592,9073,5189
2832,3206,7703,8544,6607,4652
2832,3206,7703,8038,2737,4254
2832,3206,7703,6021,5112,3254
2832,3206,7703,7453,426,4969
2832,3206,7703,6599,1694,4629
2832,3206,7703,2749,8635,5153
2832,3206,7703,7833,6687,7715
2832,3206,7703,1153,1335,6521
2832,3206,7703,1370,4680,4160
2832,3206,7703,7865,1005,2552
2832,3206,7703,4888,1085,8086
2832,3206,7703,3640,836,1724
2832,3206,7703,7545,6403,3048
2832,3206,7703,2294,9758,6602
2832,3206,7703,951,6580,3550
2832,3206,7703,7257,2872,8817
2832,3206,7703,1815,1176,6995
2832,3206,7703,2995,8169,737
2832,3206,7703,4807,1988,4459
2832,3206,7703,5769,9818,9827
2832,3206,7703,1064,6326,2704
2832,3206,7703,7737,9784,7689
2832,3206,7703,5175,4875,8070
2832,3206,7703,3424,2530,3873
2832,3206,7703,8794,33,776
2832,3206,7703,9004,1410,6919
2832,3206,7703,1471,7857,3852
2832,3206,7703,6067,226,1424
2832,3206,7703,9521,8268,3248
2832,3206,7703,5448,7014,8189
2832,3206,7703,9909,7222,474
2832,3206,7703,3126,4697,8172
2832,3206,7703,1432,3455,2615
2832,3206,7703,5627,2061,2207
2832,3206,7703,969,645,300
2832,3206,7703,4959,4771,4753
2832,3206,7703,1904,9497,4714
2832,3206,7703,2501,6082,7974
2832,3206,7703,4786,2904,9964
2832,3206,7703,8099,4875,4153
2832,3206,7703,400,216,6227
2832,3206,7703,4026,7365,8023
2832,3206,7703,1986,1660,2583
2832,3206,7703,4434,6101,6862
2832,3206,7703,9962,3154,8379
2832,3206,7703,555,5604,7861
2832,3206,7703,8625,3686,4576
2832,3206,7703,6514,910,91
2832,3206,7703,830,9795,3266
2832,3206,7703,269,48,6647
2832,3206,7703,2635,2600,4040
2832,3206,7703,5068,4541,7728
2832,3206,7703,9119,4886,3026
2832,3206,7703,3753,1872,1771
2832,3206,7703,4419,5626,7432
2832,3206,7703,7128,5262,6447
2832,3206,7703,3937,1222,2336
2832,3206,7703,9065,7115,9319
2832,3206,7703,4982,1072,4624
2832,3206,7703,2861,6084,5429
2832,3206,7703,8966,7524,733
2832,3206,7703,783,275,6894
2832,3206,7703,6424,5279,7646
2832,3206,7703,464,7795,860
2832,3206,7703,7813,5997,5645
2832,3206,7703,3418,7967,3880
2832,3206,7703,7960,1271,97
2832,3206,7703,2806,5904,7702
2832,3206,7703,8071,3839,3297
2832,3206,7703,7289,420,7767
2832,3206,7703,7592,293,7655
2832,3206,7703,7853,6189,7135
2832,3206,7703,6523,1173,1597
2832,3206,7703,5756,9370,3341
2832,3206,7703,1734,9213,4756
2832,3206,7703,2034,4685,9625
2832,3206,7703,360,3767,4379
2832,3206,7703,7387,9568,9006
2832,3206,7703,7583,2955,6405
2832,3206,7703,485,5183,7002
2832,3206,7703,6352,8662,1649
2832,3206,7703,2711,6142,181
2832,3206,7703,1519,9849,3978
2832,3206,7703,7184,5461,5836
2832,3206,7703,1736,7705,84
2832,3206,7703,4055,5833,7084
2832,3206,7703,4265,1790,2234
2832,3206,7703,3105,5344,8222
2832,3206,7703,8490,7503,4348
2832,3206,7703,4252,6660,2271
2832,3206,7703,2078,4414,5649
2832,3206,7703,9008,7580,9403
2832,3206,7703,7129,8020,1369
2832,3206,7703,1521,6855,545
2832,3206,7703,9591,4137,9044
2832,3206,7703,8754,5202,2145
2832,3206,7703,7832,7178,5691
2832,3206,7703,9058,7044,2805
2832,3206,7703,5255,1567,2781
2832,3206,7703,8313,1680,1621
2832,3206,7703,6369,2101,4737
2832,3206,7703,7289,8472,9722
2832,3206,7703,4499,8503,861
2832,3206,7703,4830,268,5409
2832,3206,7703,3852,7064,5263
2832,3206,7703,4559,5581,8327
2832,3206,7703,5365,947,9530
2832,3206,7703,6894,616,6447
2832,3206,7703,3916,9575,8669
2832,3206,7703,7403,8578,905
