8948,3732,6261,9031,8910,8763
8948,3732,6261,6516,1387,4998
8948,3732,6261,9587,8141,4085
8948,3732,6261,7877,7207,5107
8948,3732,6261,8243,3135,1379
8948,3732,6261,789,5454,1848
8948,3732,6261,3085,3651,2858
8948,3732,6261,1597,554,3805
8948,3732,6261,6942,6077,455
8948,3732,6261,5583,3934,9312
8948,3732,6261,8790,9814,6493
8948,3732,6261,3755,4135,9461
8948,3732,6261,2208,1654,988
8948,3732,6261,757,8679,6325
8948,3732,6261,2197,9259,1967
8948,3732,6261,7269,9908,7894
8948,3732,6261,6946,2685,9104
8948,3732,6261,2238,506,4208
8948,3732,6261,3926,7101,9368
8948,3732,6261,8326,7402,3177
8948,3732,6261,6897,1833,9416
8948,3732,6261,3320,9058,7606
8948,3732,6261,8395,5795,3412
8948,3732,6261,4427,7718,2071
8948,3732,6261,3794,4270,6773
8948,3732,6261,1563,3780,5351
8948,3732,6261,384,1470,6397
8948,3732,6261,5419,6918,7405
8948,3732,6261,5446,8200,1982
8948,3732,6261,7325,1790,7006
8948,3732,6261,3272,9255,8286
8948,3732,6261,1321,567,1864
8948,3732,6261,4483,3049,6375
8948,3732,6261,5805,3082,6098
8948,3732,6261,7705,9179,8169
8948,3732,6261,2351,1174,6097
8948,3732,6261,7354,2869,6876
8948,3732,6261,237,4244,8951
8948,3732,6261,5210,5411,5865
8948,3732,6261,2356,823,3132
8948,3732,6261,1492,6750,5644
8948,3732,6261,9498,3297,6833
8948,3732,6261,4300,9372,5742
8948,3732,6261,5059,1717,6270
8948,3732,6261,490,2881,5188
8948,3732,6261,3353,8094,5685
8948,3732,6261,8539,4085,4455
8948,3732,6261,8986,4099,5090
8948,3732,6261,4583,634,1901
8948,3732,6261,3022,9376,1518
8948,3732,6261,9759,5346,346
8948,3732,6261,3123,3177,7386
8948,3732,6261,1585,9185,8731
8948,3732,6261,3476,6148,2689
8948,3732,6261,8620,1740,1436
8948,3732,6261,1207,5210,823
8948,3732,6261,9569,2651,3828
8948,3732,6261,3370,831,5036
8948,3732,6261,5274,3109,2641
8948,3732,6261,8936,8267,7005
8948,3732,6261,1942,9385,1521
8948,3732,6261,6385,4085,8847
8948,3732,6261,5357,7704,1794
8948,3732,6261,3029,9763,4504
8948,3732,6261,6583,3459,594
8948,3732,6261,5469,598,2734
8948,3732,6261,9891,4072,4238
8948,3732,6261,5300,690,2419
8948,3732,6261,5419,2331,7854
8948,3732,6261,9046,9426,7387
8948,3732,6261,9734,297,4860
8948,3732,6261,33,2583,9598
8948,3732,6261,6409,4538,915
8948,3732,6261,2891,6357,1146
8948,3732,6261,88,518,8473
8948,3732,6261,1966,6384,2378
8948,3732,6261,240,7738,1533
8948,3732,6261,4288,4454,7679
8948,3732,6261,6387,7632,5163
8948,3732,6261,9100,7508,105
8948,3732,6261,3664,9404,3510
8948,3732,6261,885,5531,5039
8948,3732,6261,6146,5610,7506
8948,3732,6261,3544,3426,9928
8948,3732,6261,6190,3742,142
8948,3732,6261,2614,7771,9820
8948,3732,6261,6412,8445,8878
8948,3732,6261,2125,9669,518
8948,3732,6261,4297,6856,7103
8948,3732,6261,4895,227,7525
8948,3732,6261,5873,9571,7671
8948,3732,6261,93,6939,6285
8948,3732,6261,5222,4682,920
8948,3732,6261,1820,8769,2075
8948,3732,6261,2348,6541,1631
8948,3732,6261,3985,3874,5197
8948,3732,6261,103,1165,4229
8948,3732,6261,1830,1986,1754
8948,3732,6261,7082,5672,5106
8948,3732,6261,5392,1037,417
8948,3732,6261,2650,4237,9304
8948,3732,6261,4514,2680,8129
8948,3732,6261,9431,1804,4437
8948,3732,6261,1533,5034,9197
8948,3732,6261,7618,8036,3684
8948,3732,6261,1473,536,6682
8948,3732,6261,5393,32,7204
8948,3732,6261,4929,5269,1795
8948,3732,6261,506,6053,8706
8948,3732,6261,4888,6180,2984
8948,3732,6261,5107,5524,8330
8948,3732,6261,9027,1381,5592
8948,3732,6261,9175,9722,8657
8948,3732,6261,7938,8998,5190
8948,3732,6261,1112,4089,9306
8948,3732,6261,9767,1491,5146
8948,3732,6261,6431,3199,444
8948,3732,6261,5000,5290,6968
8948,3732,6261,6771,2603,4633
8948,3732,6261,3266,8418,4003
8948,3732,6261,9698,1717,5406
8948,3732,6261,8568,3835,3501
8948,3732,6261,1818,2574,6681
8948,3732,6261,9429,8953,1259
8948,3732,6261,796,3105,2973
8948,3732,6261,1951,8038,1036
8948,3732,6261,9000,5462,4617
8948,3732,6261,2748,115,3374
8948,3732,6261,431,599,9910
8948,3732,6261,9518,6479,8237
8948,3732,6261,9781,8235,7572
8948,3732,6261,9690,9913,7558
8948,3732,6261,6543,7948,5602
8948,3732,6261,5997,5323,3338
8948,3732,6261,9659,1195,6027
8948,3732,6261,7472,1618,2839
8948,3732,6261,9397,3783,7055
8948,3732,6261,6173,7249,6399
8948,3732,6261,160,3491,9373
8948,3732,6261,4005,9866,4393
8948,3732,6261,3703,1021,3600
8948,3732,6261,2017,1453,6886
8948,3732,6261,342,8553,1759
8948,3732,6261,5987,3420,9935
8948,3732,6261,7924,3121,3525
8948,3732,6261,2754,7791,3892
8948,3732,6261,9312,2055,6387
8948,3732,6261,8182,4916,9296
8948,3732,6261,7738,1272,2566
8948,3732,6261,4342,9216,6601
8948,3732,6261,7507,125,2016
8948,3732,6261,7757,518,4475
8948,3732,6261,4651,3740,4385
8948,3732,6261,734,1002,4986
8948,3732,6261,8802,5789,8187
8948,3732,6261,9519,3672,8085
8948,3732,6261,9708,1191,1880
8948,3732,6261,4729,9242,8311
8948,3732,6261,5627,4702,7070
8948,3732,6261,2559,860,476
8948,3732,6261,2862,2275,3921
8948,3732,6261,4410,9444,2360
8948,3732,6261,2577,6326,8295
8948,3732,6261,6837,2481,2344
8948,3732,6261,516,9161,1939
8948,3732,6261,4765,7252,4235
8948,3732,6261,8760,2115,4982
8948,3732,6261,1165,3417,1226
8948,3732,6261,2080,9746,8361
8948,3732,6261,232,9744,4651
8948,3732,6261,1684,6351,847
8948,3732,6261,4538,3313,5882
8948,3732,6261,2197,767,1181
8948,3732,6261,8887,487,9169
8948,3732,6261,373,2529,940
8948,3732,6261,1377,4826,5658
8948,3732,6261,7715,3437,3175
8948,3732,6261,5662,8631,8088
8948,3732,6261,575,9733,6571
8948,3732,6261,8939,4539,6824
8948,3732,6261,2702,1741,2566
8948,3732,6261,5097,3551,6680
8948,3732,6261,624,9556,3097
8948,3732,6261,5709,4827,1292
8948,3732,6261,6465,7538,6492
8948,3732,6261,7272,1816,7646
8948,3732,6261,4152,8396,1118
8948,3732,6261,9946,1907,7213
8948,3732,6261,1934,4136,3570
8948,3732,6261,8586,7040,495
8948,3732,6261,2508,6319,7115
8948,3732,6261,4523,7028,550
8948,3732,6261,6566,2470,4281
8948,3732,6261,6823,1599,4042
8948,3732,6261,9987,1959,6063
8948,3732,6261,9120,506,8789
8948,3732,6261,9409,605,1208
8948,3732,6261,7993,2119,7816
8948,3732,6261,5339,2186,3282
8948,3732,6261,761,8945,5779
8948,3732,6261,4748,6238,8727
8948,3732,6261,6739,6397,8013
8948,3732,6261,6976,6936,8296
8948,3732,6261,2143,5030,6893
8948,3732,6261,2057,7052,5295
8948,3732,6261,9347,6789,6245
8948,3732,6261,6711,671,7994
8948,3732,6261,2171,330,7782
8948,3732,6261,446,6989,6270
8948,3732,6261,9503,162,1650
8948,3732,6261,6880,6065,5782
8948,3732,6261,798,7505,2104
8948,3732,6261,9524,1940,8107
8948,3732,6261,6917,1020,5412
8948,3732,6261,2854,4165,1149
8948,3732,6261,8706,9674,5882
8948,3732,6261,8527,3575,739
8948,3732,6261,4832,9362,7337
8948,3732,6261,5723,7671,8447
8948,3732,6261,6792,6575,3751
8948,3732,6261,5387,8699,1344
8948,3732,6261,9539,4860,2528
8948,3732,6261,1288,7852,9504
8948,3732,6261,108,5547,5725
8948,3732,6261,7417,844,1344
8948,3732,6261,5675,587,4724
8948,3732,6261,807,4713,2760
8948,3732,6261,2437,1397,8810
8948,3732,6261,881,2814,5740
8948,3732,6261,9227,3195,3055
8948,3732,6261,2059,7914,5541
8948,3732,6261,2219,476,3503
8948,3732,6261,3834,6327,5468
8948,3732,6261,8352,5781,9085
8948,3732,6261,2012,2284,7309
8948,3732,6261,9024,7993,5551
8948,3732,6261,9776,4999,516
8948,3732,6261,9333,3437,1058
8948,3732,6261,7692,7312,8842
8948,3732,6261,7913,8793,4695
8948,3732,6261,2818,2693,3724
8948,3732,6261,8157,7988,1519
8948,3732,6261,6274,134,8277
8948,3732,6261,996,9121,1096
8948,3732,6261,6394,9889,3451
8948,3732,6261,7204,4191,5320
8948,3732,6261,3801,6598,5916
8948,3732,6261,350,5077,4950
8948,3732,6261,1262,5992,5590
8948,3732,6261,4916,6828,256
8948,3732,6261,2098,9629,7677
8948,3732,6261,5428,9876,1621
8948,3732,6261,2542,3728,210
8948,3732,6261,5275,3359,9312
8948,3732,6261,3519,3288,8387
8948,3732,6261,1742,2901,1582
8948,3732,6261,4139,7802,6958
8948,3732,6261,2917,7882,473
8948,3732,6261,7042,6265,8558
8948,3732,6261,5422,6734,7614
8948,3732,6261,4761,4820,3425
8948,3732,6261,9442,3305,1915
8948,3732,6261,908,608,7089
8948,3732,6261,4069,1388,8702
8948,3732,6261,5365,4767,6864
8948,3732,6261,5881,7185,5298
8948,3732,6261,4277,6997,2629
8948,3732,6261,8794,7981,8576
8948,3732,6261,6948,9175,2809
8948,3732,6261,9140,4033,9048
8948,3732,6261,7670,3353,6795
8948,3732,6261,6721,5688,6038
8948,3732,6261,9585,4390,5733
8948,3732,6261,9756,33,2528
8948,3732,6261,5222,5239,4950
8948,3732,6261,7020,9723,4624
8948,3732,6261,7170,4399,6240
8948,3732,6261,4935,9925,8627
8948,3732,6261,7557,6516,1588
8948,3732,6261,5690,9814,2998
8948,3732,6261,1638,5251,4860
8948,3732,6261,5736,9302,8408
8948,3732,6261,2082,832,4626
8948,3732,6261,8324,1944,6367
8948,3732,6261,4833,2751,7904
8948,3732,6261,7635,347,4793
8948,3732,6261,6995,1800,6907
8948,3732,6261,7607,6283,7697
8948,3732,6261,1424,9500,3985
8948,3732,6261,3,206,9771
8948,3732,6261,1332,6041,9326
8948,3732,6261,2957,5306,4559
8948,3732,6261,4758,610,9755
8948,3732,6261,8909,1929,4162
8948,3732,6261,7926,3745,5375
8948,3732,6261,1928,8944,6754
8948,3732,6261,6642,6396,9491
8948,3732,6261,8498,4773,1496
8948,3732,6261,9219,4143,889
8948,3732,6261,4782,863,1850
8948,3732,6261,3616,7160,3372
8948,3732,6261,6865,826,507
8948,3732,6261,3242,1673,5720
8948,3732,6261,2292,8625,4971
8948,3732,6261,7646,8195,5966
8948,3732,6261,4145,6971,5084
8948,3732,6261,2234,1377,952
8948,3732,6261,4472,4994,4039
8948,3732,6261,1905,1274,5882
8948,3732,6261,436,5118,5473
8948,3732,6261,4382,2157,3007
8948,3732,6261,4523,8083,8905
8948,3732,6261,1357,5982,8925
8948,3732,6261,3678,4419,4064
8948,3732,6261,8446,6117,5445
8948,3732,6261,6460,1117,5015
8948,3732,6261,9275,1428,1368
8948,3732,6261,4241,5558,3760
8948,3732,6261,4906,4873,5045
8948,3732,6261,8062,2994,3171
8948,3732,6261,7463,9364,1156
8948,3732,6261,1390,8747,9379
8948,3732,6261,4644,7757,5836
8948,3732,6261,8844,1323,227
8948,3732,6261,2730,5216,9938
8948,3732,6261,3166,688,1308
8948,3732,6261,5385,5658,3736
8948,3732,6261,1867,4854,6600
8948,3732,6261,176,5521,2534
8948,3732,6261,8463,3176,6440
8948,3732,6261,2958,5355,5742
8948,3732,6261,4414,757,6282
8948,3732,6261,3864,7034,6692
8948,3732,6261,8084,744,1173
8948,3732,6261,7515,4276,3151
8948,3732,6261,2053,2298,6364
8948,3732,6261,2991,5599,1979
8948,3732,6261,9625,9744,2905
8948,3732,6261,7746,4426,9227
8948,3732,6261,379,5593,8794
8948,3732,6261,9456,3269,8631
8948,3732,6261,2614,6842,6988
8948,3732,6261,3396,9207,5936
8948,3732,6261,4671,9653,7998
8948,3732,6261,1735,1014,2460
8948,3732,6261,3621,5846,3076
8948,3732,6261,8807,7478,7021
8948,3732,6261,1433,3812,2121
8948,3732,6261,6088,4139,7475
8948,3732,6261,977,4717,6760
8948,3732,6261,2794,4723,7225
8948,3732,6261,8933,3125,4399
8948,3732,6261,3841,2935,437
8948,3732,6261,1162,6885,4900
8948,3732,6261,1096,3831,9496
8948,3732,6261,8536,5476,2516
8948,3732,6261,2090,5478,4486
8948,3732,6261,3041,9811,8963
8948,3732,6261,7747,3668,333
8948,3732,6261,9708,2079,5599
8948,3732,6261,8447,6637,5733
8948,3732,6261,8868,9951,6610
8948,3732,6261,8124,1115,4931
8948,3732,6261,9505,5173,4994
8948,3732,6261,4705,766,994
8948,3732,6261,1588,5658,7051
8948,3732,6261,7089,9686,9466
8948,3732,6261,7399,4317,749
8948,3732,6261,8184,806,7401
8948,3732,6261,6100,6737,3331
8948,3732,6261,4211,3219,5508
8948,3732,6261,137,5942,5807
8948,3732,6261,5237,5061,2902
8948,3732,6261,2715,2704,3049
8948,3732,6261,5340,5753,3108
8948,3732,6261,5907,5003,5249
8948,3732,6261,1587,4123,2882
8948,3732,6261,1015,6696,2572
8948,3732,6261,7527,1022,5920
8948,3732,6261,8721,9551,4533
8948,3732,6261,6396,9746,280
8948,3732,6261,3312,1702,9897
8948,3732,6261,8315,5431,9829
8948,3732,6261,6989,2649,2141
8948,3732,6261,5520,1093,4035
8948,3732,6261,3159,7400,1573
8948,3732,6261,2249,9614,9367
8948,3732,6261,5349,1744,5410
8948,3732,6261,4829,7510,564
8948,3732,6261,6621,7011,9386
8948,3732,6261,8014,8149,7317
8948,3732,6261,529,8610,6313
8948,3732,6261,4135,3972,5387
8948,3732,6261,3445,7026,2563
8948,3732,6261,6720,4834,3563
8948,3732,6261,6953,2084,3652
8948,3732,6261,7208,3101,459
8948,3732,6261,2144,9973,4221
8948,3732,6261,7874,718,2387
8948,3732,6261,7532,9386,3906
8948,3732,6261,5140,1079,4357
8948,3732,6261,2915,3176,4443
8948,3732,6261,8124,4108,7091
8948,3732,6261,3131,5538,5651
8948,3732,6261,3215,2279,6962
8948,3732,6261,4172,4527,9508
8948,3732,6261,960,3463,4358
8948,3732,6261,5985,9913,3954
8948,3732,6261,9342,1927,5320
8948,3732,6261,6353,2250,8870
8948,3732,6261,4747,7544,7871
8948,3732,6261,9477,6087,2837
8948,3732,6261,6321,801,6044
8948,3732,6261,9854,3238,4517
8948,3732,6261,4493,8595,5743
8948,3732,6261,6617,4110,9450
8948,3732,6261,6438,4736,9616
8948,3732,6261,4514,4366,5441
8948,3732,6261,7176,6278,8379
8948,3732,6261,3511,1382,2452
8948,3732,6261,8483,1775,3565
8948,3732,6261,663,5190,1378
8948,3732,6261,8441,2065,5447
8948,3732,6261,5205,6419,9990
8948,3732,6261,2277,8337,1836
8948,3732,6261,1545,5002,8276
8948,3732,6261,9657,7623,5792
8948,3732,6261,7796,2925,3496
8948,3732,6261,8469,953,5508
8948,3732,6261,4994,575,6135
5261,702,9731,2230,2822,9220
5261,702,9731,6967,6016,3899
5261,702,9731,9498,7394,5544
5261,702,9731,4002,1811,7105
5261,702,9731,1661,9835,8955
5261,702,9731,2407,7540,6915
5261,702,9731,9814,5542,4716
5261,702,9731,4146,6939,2077
5261,702,9731,8513,2105,3707
5261,702,9731,2381,4316,3196
5261,702,9731,4836,9414,2252
5261,702,9731,248,9589,2800
5261,702,9731,2080,4006,2166
5261,702,9731,4533,7227,3731
5261,702,9731,3210,5286,2212
5261,702,9731,3671,2496,4194
5261,702,9731,5940,7967,2878
5261,702,9731,1468,6979,9208
5261,702,9731,7350,8841,1469
5261,702,9731,2245,6459,1408
5261,702,9731,5893,2175,9193
5261,702,9731,8036,1955,7253
5261,702,9731,9589,3492,1555
5261,702,9731,1911,7493,8890
5261,702,9731,5241,2510,7325
5261,702,9731,3443,6824,8545
5261,702,9731,5726,85,5922
5261,702,9731,9661,1717,9761
5261,702,9731,9855,6316,8123
5261,702,9731,8925,3242,8585
5261,702,9731,6224,2503,3256
5261,702,9731,8502,3318,3561
5261,702,9731,5522,6339,8391
5261,702,9731,4703,5784,8412
5261,702,9731,4042,5445,8952
5261,702,9731,5889,4384,2177
5261,702,9731,4703,3753,5877
5261,702,9731,1832,7736,8400
5261,702,9731,5764,6446,4359
5261,702,9731,5201,8133,1167
5261,702,9731,1599,7009,7027
5261,702,9731,5130,6506,9733
5261,702,9731,1584,5345,127
5261,702,9731,8335,1280,5560
5261,702,9731,2142,8064,8759
5261,702,9731,1099,6311,3225
5261,702,9731,8318,8293,403
5261,702,9731,5086,8967,3951
5261,702,9731,9756,2428,9872
5261,702,9731,2736,6652,2219
5261,702,9731,7354,2364,1905
5261,702,9731,5811,4629,6291
5261,702,9731,2409,9412,1521
5261,702,9731,3316,6438,6980
5261,702,9731,8977,2583,4822
5261,702,9731,7395,6489,6609
5261,702,9731,1841,3830,6170
5261,702,9731,4711,8400,6753
5261,702,9731,4341,121,8403
5261,702,9731,295,4437,3452
5261,702,9731,3179,3367,9332
5261,702,9731,1074,3467,4483
5261,702,9731,7691,2189,6392
5261,702,9731,1486,7167,4570
5261,702,9731,3980,9883,3497
5261,702,9731,7978,6627,255
5261,702,9731,1736,9499,390
5261,702,9731,7022,7899,2504
5261,702,9731,8517,3674,4511
5261,702,9731,758,9085,1549
5261,702,9731,8695,3505,4644
5261,702,9731,3830,4212,6887
5261,702,9731,2710,9827,1444
5261,702,9731,5507,1238,6645
5261,702,9731,3878,1898,8871
5261,702,9731,2957,9015,1852
5261,702,9731,6526,2342,1414
5261,702,9731,8603,1433,9970
5261,702,9731,9951,8499,8033
5261,702,9731,8031,1244,4632
