585,8601,9876,5140,1079,4357
585,8601,9876,2915,3176,4443
585,8601,9876,8124,4108,7091
585,8601,9876,3131,5538,5651
585,8601,9876,3215,2279,6962
585,8601,9876,4172,4527,9508
585,8601,9876,960,3463,4358
585,8601,9876,5985,9913,3954
585,8601,9876,9342,1927,5320
585,8601,9876,6353,2250,8870
585,8601,9876,4747,7544,7871
585,8601,9876,9477,6087,2837
585,8601,9876,6321,801,6044
585,8601,9876,9854,3238,4517
585,8601,9876,4493,8595,5743
585,8601,9876,6617,4110,9450
585,8601,9876,6438,4736,9616
585,8601,9876,4514,4366,5441
585,8601,9876,7176,6278,8379
585,8601,9876,3511,1382,2452
585,8601,9876,8483,1775,3565
585,8601,9876,663,5190,1378
585,8601,9876,8441,2065,5447
585,8601,9876,5205,6419,9990
585,8601,9876,2277,8337,1836
585,8601,9876,1545,5002,8276
585,8601,9876,9657,7623,5792
585,8601,9876,7796,2925,3496
585,8601,9876,8469,953,5508
585,8601,9876,4994,575,6135
5066,8457,241,2230,2822,9220
5066,8457,241,6967,6016,3899
5066,8457,241,9498,7394,5544
5066,8457,241,4002,1811,7105
5066,8457,241,1661,9835,8955
5066,8457,241,2407,7540,6915
5066,8457,241,9814,5542,4716
5066,8457,241,4146,6939,2077
5066,8457,241,8513,2105,3707
5066,8457,241,2381,4316,3196
5066,8457,241,4836,9414,2252
5066,8457,241,248,9589,2800
5066,8457,241,2080,4006,2166
5066,8457,241,4533,7227,3731
5066,8457,241,3210,5286,2212
5066,8457,241,3671,2496,4194
5066,8457,241,5940,7967,2878
5066,8457,241,1468,6979,9208
5066,8457,241,7350,8841,1469
5066,8457,241,2245,6459,1408
5066,8457,241,5893,2175,9193
5066,8457,241,8036,1955,7253
5066,8457,241,9589,3492,1555
5066,8457,241,1911,7493,8890
5066,8457,241,5241,2510,7325
5066,8457,241,3443,6824,8545
5066,8457,241,5726,85,5922
5066,8457,241,9661,1717,9761
5066,8457,241,9855,6316,8123
5066,8457,241,8925,3242,8585
5066,8457,241,6224,2503,3256
5066,8457,241,8502,3318,3561
5066,8457,241,5522,6339,8391
5066,8457,241,4703,5784,8412
5066,8457,241,4042,5445,8952
5066,8457,241,5889,4384,2177
5066,8457,241,4703,3753,5877
5066,8457,241,1832,7736,8400
5066,8457,241,5764,6446,4359
5066,8457,241,5201,8133,1167
5066,8457,241,1599,7009,7027
5066,8457,241,5130,6506,9733
5066,8457,241,1584,5345,127
5066,8457,241,8335,1280,5560
5066,8457,241,2142,8064,8759
5066,8457,241,1099,6311,3225
5066,8457,241,8318,8293,403
5066,8457,241,5086,8967,3951
5066,8457,241,9756,2428,9872
5066,8457,241,2736,6652,2219
5066,8457,241,7354,2364,1905
5066,8457,241,5811,4629,6291
5066,8457,241,2409,9412,1521
5066,8457,241,3316,6438,6980
5066,8457,241,8977,2583,4822
5066,8457,241,7395,6489,6609
5066,8457,241,1841,3830,6170
5066,8457,241,4711,8400,6753
5066,8457,241,4341,121,8403
5066,8457,241,295,4437,3452
5066,8457,241,3179,3367,9332
5066,8457,241,1074,3467,4483
5066,8457,241,7691,2189,6392
5066,8457,241,1486,7167,4570
5066,8457,241,3980,9883,3497
5066,8457,241,7978,6627,255
5066,8457,241,1736,9499,390
5066,8457,241,7022,7899,2504
5066,8457,241,8517,3674,4511
5066,8457,241,758,9085,1549
5066,8457,241,8695,3505,4644
5066,8457,241,3830,4212,6887
5066,8457,241,2710,9827,1444
5066,8457,241,5507,1238,6645
5066,8457,241,3878,1898,8871
5066,8457,241,2957,9015,1852
5066,8457,241,6526,2342,1414
5066,8457,241,8603,1433,9970
5066,8457,241,9951,8499,8033
5066,8457,241,8031,1244,4632
5066,8457,241,6732,2753,67
5066,8457,241,4476,8067,689
5066,8457,241,2150,2079,2753
5066,8457,241,5504,9923,4608
5066,8457,241,2156,6899,6607
5066,8457,241,6828,3167,9083
5066,8457,241,9249,8529,5275
5066,8457,241,1783,9056,74
5066,8457,241,7290,3749,5983
5066,8457,241,4994,5720,2939
5066,8457,241,4797,4899,5972
5066,8457,241,1701,8060,6018
5066,8457,241,3065,4327,3249
5066,8457,241,4421,2265,5384
5066,8457,241,411,6205,1781
5066,8457,241,7761,8852,5390
5066,8457,241,4924,9447,6332
5066,8457,241,9217,2987,7810
5066,8457,241,8650,6681,2953
5066,8457,241,9637,2434,2606
5066,8457,241,3347,381,1838
5066,8457,241,264,3348,9913
5066,8457,241,2547,6276,2999
5066,8457,241,1900,4357,989
5066,8457,241,3663,6787,4296
5066,8457,241,8867,6944,9752
5066,8457,241,5872,1636,8306
5066,8457,241,5291,2971,8774
5066,8457,241,2604,7663,8850
5066,8457,241,734,5244,2251
5066,8457,241,167,7677,7249
5066,8457,241,3032,5446,555
5066,8457,241,5664,6845,4746
5066,8457,241,8996,323,1966
5066,8457,241,6701,198,3048
5066,8457,241,4590,6894,1068
5066,8457,241,5667,6422,5325
5066,8457,241,5535,7338,4795
5066,8457,241,6083,2087,6686
5066,8457,241,5094,2501,6480
5066,8457,241,327,9697,5280
5066,8457,241,2806,8440,8967
5066,8457,241,9974,8500,8190
5066,8457,241,6990,3654,6702
5066,8457,241,1415,4128,2835
5066,8457,241,7774,8396,6019
5066,8457,241,3680,6851,237
5066,8457,241,2783,19,4805
5066,8457,241,5397,7126,9407
5066,8457,241,2364,5504,3584
5066,8457,241,1930,4550,7320
5066,8457,241,6236,9510,6262
5066,8457,241,348,5946,1804
5066,8457,241,6206,2541,9481
5066,8457,241,7324,1649,8559
5066,8457,241,9027,9818,1238
5066,8457,241,272,6293,1975
5066,8457,241,2494,2671,252
5066,8457,241,249,7896,8351
5066,8457,241,2703,5151,4443
5066,8457,241,5209,84,4159
5066,8457,241,4507,7820,6277
5066,8457,241,4122,3439,5382
5066,8457,241,8883,2825,2959
5066,8457,241,8447,7348,9616
5066,8457,241,6865,608,5532
5066,8457,241,4146,1581,3554
5066,8457,241,6335,402,6479
5066,8457,241,4092,3085,1762
5066,8457,241,894,9905,9254
5066,8457,241,5687,8150,5932
5066,8457,241,2380,6196,1311
5066,8457,241,5045,1979,5553
5066,8457,241,3959,979,9531
5066,8457,241,275,9082,8982
5066,8457,241,7123,703,3388
5066,8457,241,1896,5819,5876
5066,8457,241,7749,3528,8884
5066,8457,241,4867,9389,5428
5066,8457,241,243,9501,9114
5066,8457,241,6570,6544,8099
5066,8457,241,8540,257,8066
5066,8457,241,7022,7234,9980
5066,8457,241,8929,6978,4053
5066,8457,241,3709,7787,7748
5066,8457,241,1112,1585,540
5066,8457,241,3053,1625,3052
5066,8457,241,6853,2620,9686
5066,8457,241,5160,1270,4189
5066,8457,241,9264,5247,3358
5066,8457,241,7553,1243,6712
5066,8457,241,9338,2513,5109
5066,8457,241,5940,671,2877
5066,8457,241,3864,2513,5430
5066,8457,241,8116,2425,2850
5066,8457,241,7372,1190,4128
5066,8457,241,372,6014,82
5066,8457,241,4295,2225,7326
5066,8457,241,5976,2836,7031
5066,8457,241,5234,6074,7957
5066,8457,241,3530,5230,6747
5066,8457,241,4927,290,9537
5066,8457,241,6026,3861,8990
5066,8457,241,9263,8177,8494
5066,8457,241,7736,4187,6641
5066,8457,241,7880,4973,2532
5066,8457,241,7141,5382,7753
5066,8457,241,4932,5684,5150
5066,8457,241,1738,6668,3224
5066,8457,241,6881,1679,2616
5066,8457,241,9194,9722,131
5066,8457,241,5005,8452,605
5066,8457,241,1903,9281,408
5066,8457,241,8841,6696,8721
5066,8457,241,6482,3041,1238
5066,8457,241,5449,5379,5322
5066,8457,241,9655,7563,7044
5066,8457,241,6166,4909,4222
5066,8457,241,1036,81,5155
5066,8457,241,3839,2824,4841
5066,8457,241,9247,4560,3184
5066,8457,241,794,3776,8995
5066,8457,241,7395,8648,2064
5066,8457,241,5391,1587,3586
5066,8457,241,8564,8101,2497
5066,8457,241,3822,5255,6059
5066,8457,241,1402,778,3455
5066,8457,241,3808,9476,4993
5066,8457,241,7253,5879,121
5066,8457,241,8305,1643,2797
5066,8457,241,1660,5358,4573
5066,8457,241,7672,9625,9840
5066,8457,241,2514,2770,9310
5066,8457,241,6401,2863,2324
5066,8457,241,5652,4194,6108
5066,8457,241,461,9814,6309
5066,8457,241,3031,9687,5225
5066,8457,241,9405,2092,5965
5066,8457,241,6305,7915,910
5066,8457,241,1970,79,2705
5066,8457,241,4565,9900,1756
5066,8457,241,6114,4076,8291
5066,8457,241,3892,5372,5496
5066,8457,241,1359,5451,6877
5066,8457,241,6476,4312,943
5066,8457,241,3390,860,3218
5066,8457,241,9664,6922,8049
5066,8457,241,9725,6217,1721
5066,8457,241,8419,8310,5386
5066,8457,241,8010,5256,6043
5066,8457,241,5960,8384,3839
5066,8457,241,5542,4148,5331
5066,8457,241,9316,8039,3685
5066,8457,241,497,7581,9053
5066,8457,241,8699,8727,4519
5066,8457,241,7381,4226,6212
5066,8457,241,8777,3205,2988
5066,8457,241,9314,6084,131
5066,8457,241,8405,6862,4282
5066,8457,241,1305,1795,5243
5066,8457,241,2159,3802,301
5066,8457,241,8713,1156,2624
5066,8457,241,8982,1965,4946
5066,8457,241,5319,5171,3280
5066,8457,241,7417,2203,1923
5066,8457,241,3527,4862,9183
5066,8457,241,4313,6689,1492
5066,8457,241,103,1642,8464
5066,8457,241,4288,3255,38
5066,8457,241,8652,9278,1371
5066,8457,241,9915,6572,2368
5066,8457,241,201,4958,959
5066,8457,241,8190,8952,8455
5066,8457,241,7211,2274,9174
5066,8457,241,135,9318,9434
5066,8457,241,1642,2551,4074
5066,8457,241,1449,4116,9765
5066,8457,241,5069,3475,6736
5066,8457,241,8305,5749,4462
5066,8457,241,2365,2474,9783
5066,8457,241,9846,2110,1115
5066,8457,241,4264,2912,6604
5066,8457,241,4227,2944,5488
5066,8457,241,9718,2457,8225
5066,8457,241,1524,8012,748
5066,8457,241,7488,2840,3485
5066,8457,241,1539,5676,7256
5066,8457,241,4661,2681,9270
5066,8457,241,1140,8806,2006
5066,8457,241,3482,5220,3325
5066,8457,241,4980,4505,1236
5066,8457,241,68,7386,2309
5066,8457,241,8408,7861,3742
5066,8457,241,5447,5155,8520
5066,8457,241,5976,5325,786
5066,8457,241,8249,1010,1149
5066,8457,241,9633,6018,2874
5066,8457,241,4120,3199,4985
5066,8457,241,1171,3638,7853
5066,8457,241,3951,2643,921
5066,8457,241,1883,9889,8060
5066,8457,241,5879,4935,579
5066,8457,241,567,3201,2306
5066,8457,241,552,6072,1628
5066,8457,241,7748,1974,9202
5066,8457,241,1410,7195,554
5066,8457,241,6903,7119,5580
5066,8457,241,9877,5609,4211
5066,8457,241,5090,268,3597
5066,8457,241,8707,2261,1033
5066,8457,241,3275,1406,5254
5066,8457,241,7071,3500,6157
5066,8457,241,7075,7071,2425
5066,8457,241,8198,5278,4676
5066,8457,241,4526,3279,2950
5066,8457,241,4751,6155,8080
5066,8457,241,188,8955,2929
5066,8457,241,9017,230,777
5066,8457,241,2608,1739,1923
5066,8457,241,8008,3657,7962
5066,8457,241,7924,2261,6798
5066,8457,241,3916,2439,3521
5066,8457,241,6167,2804,942
5066,8457,241,7213,1117,7178
5066,8457,241,9226,7279,1221
5066,8457,241,4863,7704,9270
5066,8457,241,4945,9668,8080
5066,8457,241,4023,2246,7023
5066,8457,241,9597,9857,9963
5066,8457,241,619,7608,5032
5066,8457,241,8028,9134,8413
5066,8457,241,3401,2849,4676
5066,8457,241,4682,4426,6340
5066,8457,241,6279,5087,1447
5066,8457,241,1738,7356,2750
5066,8457,241,8457,2275,3613
5066,8457,241,1648,9640,7335
5066,8457,241,7215,8070,1660
5066,8457,241,748,9060,4622
5066,8457,241,5481,2036,5337
5066,8457,241,5400,8951,1903
5066,8457,241,9275,7238,5451
5066,8457,241,4490,2388,8831
5066,8457,241,6659,7829,5106
5066,8457,241,8748,4836,7859
5066,8457,241,8075,9007,8514
5066,8457,241,785,8487,9722
5066,8457,241,7524,8063,3878
5066,8457,241,1445,1353,9053
5066,8457,241,245,5866,6196
5066,8457,241,2280,6691,4417
5066,8457,241,8266,3854,4046
5066,8457,241,811,6837,6182
5066,8457,241,7545,5306,5522
5066,8457,241,4461,1058,727
5066,8457,241,6977,2832,2594
5066,8457,241,9329,5043,6652
5066,8457,241,2735,2358,3613
5066,8457,241,4560,7827,1434
5066,8457,241,2972,7649,9467
5066,8457,241,7194,7302,267
5066,8457,241,401,6978,2880
5066,8457,241,6925,2183,8669
5066,8457,241,6013,4006,3501
5066,8457,241,2945,4824,9118
5066,8457,241,3000,3437,3079
5066,8457,241,3962,2413,4929
5066,8457,241,7634,5544,8859
5066,8457,241,5015,9948,5051
5066,8457,241,7661,5946,9027
5066,8457,241,9661,977,2165
5066,8457,241,9356,3119,6852
5066,8457,241,3126,829,3946
5066,8457,241,4163,2125,5364
5066,8457,241,4722,3482,4377
5066,8457,241,5317,1150,9754
5066,8457,241,5771,7414,5647
5066,8457,241,7522,49,6321
5066,8457,241,1193,3934,7154
5066,8457,241,4316,3812,6687
5066,8457,241,6501,5456,3534
5066,8457,241,6356,792,3041
5066,8457,241,9629,9378,4125
5066,8457,241,6485,3402,4673
5066,8457,241,9121,1476,5988
5066,8457,241,5342,5318,5380
5066,8457,241,5250,5944,2230
5066,8457,241,4701,8622,2428
5066,8457,241,9378,3843,353
5066,8457,241,5960,1130,2276
5066,8457,241,2947,5101,7732
5066,8457,241,4343,2263,2570
5066,8457,241,5477,5669,147
5066,8457,241,3410,8518,6061
5066,8457,241,8437,3898,7488
5066,8457,241,3204,6790,1956
5066,8457,241,3321,8700,5183
5066,8457,241,2558,4416,339
5066,8457,241,1419,2709,721
5066,8457,241,855,6479,1657
5066,8457,241,261,168,7504
5066,8457,241,1037,9251,5180
5066,8457,241,374,8243,8679
5066,8457,241,8369,8083,4445
5066,8457,241,3922,1647,3168
5066,8457,241,8292,99,5799
5066,8457,241,5216,5843,9087
5066,8457,241,1249,6820,5871
5066,8457,241,5522,5617,3603
5066,8457,241,7338,1952,343
5066,8457,241,8235,1262,3260
5066,8457,241,3587,1715,602
5066,8457,241,1913,4806,2852
5066,8457,241,3863,9473,4118
5066,8457,241,4717,3346,5719
5066,8457,241,8728,6179,3397
5066,8457,241,3830,183,2424
5066,8457,241,6767,2899,2817
5066,8457,241,7393,5693,147
5066,8457,241,4727,6622,174
5066,8457,241,1555,2836,4848
5066,8457,241,3398,298,88
5066,8457,241,3181,3534,3995
5066,8457,241,3746,745,9910
5066,8457,241,8611,2934,240
5066,8457,241,7239,8226,8988
5066,8457,241,7287,469,2560
5066,8457,241,7709,6094,5132
5066,8457,241,1470,2148,2685
5066,8457,241,6300,3876,4597
5066,8457,241,9964,4277,2934
5066,8457,241,815,9246,7735
5066,8457,241,8974,595,7892
5066,8457,241,5689,6368,5536
5066,8457,241,4390,4898,8142
5066,8457,241,8983,8108,3413
5066,8457,241,2764,3658,9325
5066,8457,241,6231,4279,5739
5066,8457,241,1952,1903,4232
5066,8457,241,162,446,209
5066,8457,241,6301,4653,5998
5066,8457,241,6171,9892,6090
5066,8457,241,4792,8309,3759
5066,8457,241,1798,1318,7947
5066,8457,241,7308,5684,5475
5066,8457,241,1044,7103,6224
5066,8457,241,7762,3935,382
5066,8457,241,1577,9396,238
5066,8457,241,4097,4405,4287
5066,8457,241,1073,5710,2471
5066,8457,241,1738,2195,4609
5066,8457,241,8831,4451,8622
5066,8457,241,6931,3125,3341
5066,8457,241,5415,8602,1854
5066,8457,241,2217,3313,7665
5066,8457,241,2832,3206,7703
5066,8457,241,2048,9995,2847
5066,8457,241,7075,9301,3756
5066,8457,241,8948,3732,6261
5066,8457,241,5261,702,9731
5066,8457,241,585,8601,9876
5066,8457,241,5066,8457,241
5066,8457,241,4480,128,1818
5066,8457,241,9650,5524,9238
5066,8457,241,1424,3560,2792
5066,8457,241,7194,7820,6022
5066,8457,241,5276,1331,4444
5066,8457,241,8498,1306,516
5066,8457,241,9176,3738,9799
5066,8457,241,3931,9332,3274
5066,8457,241,6959,9602,7004
5066,8457,241,4829,5934,9213
5066,8457,241,6476,4568,3139
5066,8457,241,2629,1887,4588
5066,8457,241,4787,2346,4429
5066,8457,241,1907,192,4511
5066,8457,241,8250,8488,5877
5066,8457,241,4315,4268,3760
5066,8457,241,2052,9747,4691
5066,8457,241,6335,2216,6864
5066,8457,241,4971,714,9864
5066,8457,241,9142,5009,4311
5066,8457,241,7237,388,2997
5066,8457,241,2596,3612,4062
5066,8457,241,7204,5145,7994
5066,8457,241,116,6600,5865
5066,8457,241,8986,4584,3240
5066,8457,241,8907,6376,318
5066,8457,241,6945,9747,3236
5066,8457,241,5547,7837,3818
5066,8457,241,3555,6445,3717
5066,8457,241,3293,5345,2280
5066,8457,241,7545,1316,6236
5066,8457,241,1262,4247,669
5066,8457,241,8757,4535,7190
5066,8457,241,4738,5165,5981
5066,8457,241,9848,4550,644
5066,8457,241,7177,1152,6738
5066,8457,241,1156,5260,2180
5066,8457,241,1618,4131,3146
