1424,3560,2792,8802,1645,7185
1424,3560,2792,5355,3167,451
1424,3560,2792,9933,90,8932
1424,3560,2792,9835,1639,1286
1424,3560,2792,4008,8655,7496
1424,3560,2792,7914,3895,6453
1424,3560,2792,6726,6010,9946
1424,3560,2792,179,7556,97
1424,3560,2792,5685,1193,9662
1424,3560,2792,3387,457,1447
1424,3560,2792,904,5262,9857
1424,3560,2792,5370,8316,3289
1424,3560,2792,9845,7471,5716
1424,3560,2792,5624,8615,7920
1424,3560,2792,7209,2035,9560
1424,3560,2792,1223,6294,7168
1424,3560,2792,474,6850,5063
1424,3560,2792,3554,8345,8078
1424,3560,2792,5027,8060,3688
1424,3560,2792,4263,6476,5175
1424,3560,2792,3147,8586,4649
1424,3560,2792,8075,9972,956
1424,3560,2792,4144,8987,8136
1424,3560,2792,215,1113,8359
1424,3560,2792,7744,6322,5105
1424,3560,2792,1688,6959,2983
1424,3560,2792,9220,9158,1458
1424,3560,2792,6027,3941,4198
1424,3560,2792,8223,9501,6601
1424,3560,2792,2539,9209,7866
1424,3560,2792,9256,259,3526
1424,3560,2792,3202,8418,9318
1424,3560,2792,6918,5212,6043
1424,3560,2792,3083,4531,7139
1424,3560,2792,7303,6493,1937
1424,3560,2792,5742,2343,8051
1424,3560,2792,1358,9913,4479
1424,3560,2792,8436,4088,4299
1424,3560,2792,2047,9325,4077
1424,3560,2792,4549,4523,5715
1424,3560,2792,1966,9101,9838
1424,3560,2792,7374,4202,7276
1424,3560,2792,3665,675,7786
1424,3560,2792,2524,10000,8960
1424,3560,2792,5263,1064,2649
1424,3560,2792,3417,770,3133
1424,3560,2792,2826,9562,1690
1424,3560,2792,9876,2703,1742
1424,3560,2792,888,330,3784
1424,3560,2792,167,814,8850
1424,3560,2792,5159,341,4961
1424,3560,2792,1710,2716,76
1424,3560,2792,3433,4534,4935
1424,3560,2792,9105,7772,3505
1424,3560,2792,2308,4192,6056
1424,3560,2792,7208,5916,8492
1424,3560,2792,6353,7289,3754
1424,3560,2792,9867,7119,214
1424,3560,2792,5616,7879,4780
1424,3560,2792,3973,1167,8699
1424,3560,2792,3230,8392,5799
1424,3560,2792,6869,6605,5868
1424,3560,2792,7183,5212,8536
1424,3560,2792,5920,8911,434
1424,3560,2792,2244,7393,9661
1424,3560,2792,5966,9009,1288
1424,3560,2792,8935,9908,1793
1424,3560,2792,2787,8726,5828
1424,3560,2792,2342,790,8825
1424,3560,2792,9053,7663,6847
1424,3560,2792,9800,2441,8483
1424,3560,2792,5208,1964,3892
1424,3560,2792,8314,1078,939
1424,3560,2792,660,7239,9916
1424,3560,2792,3522,608,9527
1424,3560,2792,5908,1919,6057
1424,3560,2792,6972,5709,8891
1424,3560,2792,2709,1007,2353
1424,3560,2792,9535,3643,6200
1424,3560,2792,4801,3265,4148
1424,3560,2792,7226,5650,5827
1424,3560,2792,4128,7100,8063
1424,3560,2792,9901,2657,962
1424,3560,2792,9348,7770,6858
1424,3560,2792,5245,8932,5596
1424,3560,2792,8512,3436,9519
1424,3560,2792,6055,7319,8585
1424,3560,2792,6900,6840,8113
1424,3560,2792,4886,4049,3587
1424,3560,2792,7317,6670,3683
1424,3560,2792,2434,521,6140
1424,3560,2792,2432,4540,3132
1424,3560,2792,3463,8592,663
1424,3560,2792,7349,1403,6879
1424,3560,2792,6681,1634,5264
1424,3560,2792,7323,2893,1828
1424,3560,2792,4664,7602,3839
1424,3560,2792,5138,9720,6414
1424,3560,2792,4462,2589,9084
1424,3560,2792,8536,3533,6619
1424,3560,2792,5931,8999,2006
1424,3560,2792,2036,1644,7579
1424,3560,2792,8869,6353,8347
1424,3560,2792,2451,3993,5911
1424,3560,2792,4603,4440,5903
1424,3560,2792,9898,7660,9779
1424,3560,2792,6848,5865,3788
1424,3560,2792,5321,8547,3131
1424,3560,2792,8828,5354,9495
1424,3560,2792,9824,6817,1663
1424,3560,2792,3306,7103,2903
1424,3560,2792,8410,7980,6414
1424,3560,2792,1037,2721,5203
1424,3560,2792,9497,5249,1304
1424,3560,2792,4851,4489,1246
1424,3560,2792,1078,2172,2604
1424,3560,2792,404,9183,7813
1424,3560,2792,6182,2042,94
1424,3560,2792,2967,6467,1933
1424,3560,2792,4695,9411,9781
1424,3560,2792,35,953,7756
1424,3560,2792,5284,8010,2658
1424,3560,2792,9371,4797,8351
1424,3560,2792,1251,4520,2423
1424,3560,2792,938,5513,5153
1424,3560,2792,5637,3402,2488
1424,3560,2792,3499,4607,7115
1424,3560,2792,1616,8278,9881
1424,3560,2792,1853,5857,7789
1424,3560,2792,3246,7209,5712
1424,3560,2792,5926,2514,5605
1424,3560,2792,8199,836,8054
1424,3560,2792,6778,7215,3447
1424,3560,2792,630,6144,6305
1424,3560,2792,8654,2729,9002
1424,3560,2792,6580,2766,1517
1424,3560,2792,3209,3792,9381
1424,3560,2792,4242,4693,8378
1424,3560,2792,4569,3145,8079
1424,3560,2792,5539,5617,8903
1424,3560,2792,9488,1696,993
1424,3560,2792,9087,7703,7025
1424,3560,2792,8474,4008,7534
1424,3560,2792,4645,6102,6933
1424,3560,2792,3863,2046,7573
1424,3560,2792,2026,556,2450
1424,3560,2792,4619,9505,1780
1424,3560,2792,1300,9104,9335
1424,3560,2792,3366,1912,837
1424,3560,2792,2545,6860,5157
1424,3560,2792,8594,6503,8094
1424,3560,2792,8981,9305,8592
1424,3560,2792,9543,8239,8903
1424,3560,2792,3319,7158,8121
1424,3560,2792,2315,5632,1338
1424,3560,2792,3199,435,1826
1424,3560,2792,1485,5818,3553
1424,3560,2792,7377,8186,5447
1424,3560,2792,8569,3083,9559
1424,3560,2792,2282,9075,724
1424,3560,2792,8693,6915,7626
1424,3560,2792,3303,5190,8976
1424,3560,2792,125,6325,238
1424,3560,2792,6030,8767,5224
1424,3560,2792,623,3770,1468
1424,3560,2792,9603,7755,3861
1424,3560,2792,3316,3201,6842
1424,3560,2792,8800,1730,8468
1424,3560,2792,511,7010,8445
1424,3560,2792,6071,377,6178
1424,3560,2792,3082,9087,3438
1424,3560,2792,8226,4643,2128
1424,3560,2792,9605,9501,3197
1424,3560,2792,2948,4519,5772
1424,3560,2792,8852,4041,1059
1424,3560,2792,7424,7638,5394
1424,3560,2792,6843,6722,4259
1424,3560,2792,3601,5014,2772
1424,3560,2792,5344,6697,3771
1424,3560,2792,5891,9766,9234
1424,3560,2792,361,2155,41
1424,3560,2792,3790,9552,6805
1424,3560,2792,6742,6848,9803
1424,3560,2792,2821,4246,5585
1424,3560,2792,523,2676,9093
1424,3560,2792,9285,6831,6664
1424,3560,2792,1217,6797,3227
1424,3560,2792,8819,94,9892
1424,3560,2792,2579,7833,2639
1424,3560,2792,5875,6651,718
1424,3560,2792,4380,8,1487
1424,3560,2792,2733,2019,6291
1424,3560,2792,8474,1387,5820
1424,3560,2792,8070,6943,2979
1424,3560,2792,5358,7757,5351
1424,3560,2792,681,5384,6753
1424,3560,2792,9135,7554,3069
1424,3560,2792,4498,3625,1816
1424,3560,2792,5479,7478,4320
1424,3560,2792,7402,4608,1046
1424,3560,2792,1580,9940,3636
1424,3560,2792,4545,6519,6238
1424,3560,2792,8303,4247,5708
1424,3560,2792,3122,6270,1064
1424,3560,2792,5995,8747,7409
1424,3560,2792,5861,560,3565
1424,3560,2792,6450,8025,5545
1424,3560,2792,6401,1669,9809
1424,3560,2792,9499,4993,2333
1424,3560,2792,2117,6084,2745
1424,3560,2792,4101,9787,8249
1424,3560,2792,4813,8682,8780
1424,3560,2792,3968,9823,1985
1424,3560,2792,7762,286,6911
1424,3560,2792,5222,2242,5876
1424,3560,2792,4503,5202,7718
1424,3560,2792,4335,3833,3099
1424,3560,2792,7709,6226,8628
1424,3560,2792,1115,153,3182
1424,3560,2792,1681,7188,5658
1424,3560,2792,7411,4516,3298
1424,3560,2792,3097,435,4179
1424,3560,2792,7127,8021,2654
1424,3560,2792,1160,8761,1672
1424,3560,2792,5233,2344,6240
1424,3560,2792,9530,7349,8111
1424,3560,2792,8684,6294,660
1424,3560,2792,7372,1561,3396
1424,3560,2792,1779,3761,5656
1424,3560,2792,6497,7914,5178
1424,3560,2792,3242,1230,7005
1424,3560,2792,4200,6650,3305
1424,3560,2792,8455,2996,8596
1424,3560,2792,1872,2975,1313
1424,3560,2792,8589,1015,2107
1424,3560,2792,260,8799,4240
1424,3560,2792,4832,5634,7448
1424,3560,2792,8233,2425,9106
1424,3560,2792,8132,9061,8075
1424,3560,2792,6166,6459,6829
1424,3560,2792,3492,7026,9244
1424,3560,2792,4529,2288,6409
1424,3560,2792,1587,5581,5988
1424,3560,2792,1580,1235,4136
1424,3560,2792,5628,9502,3096
1424,3560,2792,7942,4389,7539
1424,3560,2792,9353,362,7848
1424,3560,2792,2757,3187,507
1424,3560,2792,5063,3334,1424
1424,3560,2792,3328,3798,5707
1424,3560,2792,2154,4830,5562
1424,3560,2792,8001,3383,6702
1424,3560,2792,7489,3732,8534
1424,3560,2792,5675,9295,2139
1424,3560,2792,6326,798,9485
1424,3560,2792,7190,2333,8565
1424,3560,2792,2487,7810,3290
1424,3560,2792,4282,6375,4430
1424,3560,2792,8668,1881,5485
1424,3560,2792,4014,2404,2255
1424,3560,2792,657,8187,7597
1424,3560,2792,5967,4333,396
1424,3560,2792,5584,5766,1193
1424,3560,2792,8408,2709,9910
1424,3560,2792,5127,5999,1119
1424,3560,2792,8097,7706,1336
1424,3560,2792,4017,3413,8962
1424,3560,2792,4699,7685,540
1424,3560,2792,1821,9044,2784
1424,3560,2792,1701,3421,7255
1424,3560,2792,7716,4829,2001
1424,3560,2792,3548,5318,9843
1424,3560,2792,2317,857,9989
1424,3560,2792,2597,5973,5472
1424,3560,2792,5510,3832,3469
1424,3560,2792,7850,5740,3266
1424,3560,2792,5463,8324,3501
1424,3560,2792,9191,8616,4243
1424,3560,2792,9252,7232,1311
1424,3560,2792,2698,1851,7525
1424,3560,2792,1294,1891,4026
1424,3560,2792,4058,9194,5226
1424,3560,2792,2466,768,4456
1424,3560,2792,6657,3105,3569
1424,3560,2792,704,1363,3388
1424,3560,2792,6357,6538,8803
1424,3560,2792,6959,6463,6967
1424,3560,2792,577,4582,7090
1424,3560,2792,8499,7671,4180
1424,3560,2792,2850,2497,8306
1424,3560,2792,496,7133,2756
1424,3560,2792,9842,2430,7540
1424,3560,2792,5613,9127,1015
1424,3560,2792,3797,9998,4695
1424,3560,2792,5675,9914,9280
1424,3560,2792,7534,2474,9045
1424,3560,2792,2597,1869,9546
1424,3560,2792,2121,7351,4661
1424,3560,2792,8075,247,1201
1424,3560,2792,7963,4536,3838
1424,3560,2792,312,3699,6344
1424,3560,2792,166,6738,3442
1424,3560,2792,3860,3337,4097
1424,3560,2792,2973,1013,6833
1424,3560,2792,7844,9619,1285
1424,3560,2792,2381,7991,3819
1424,3560,2792,9914,5772,7414
1424,3560,2792,4882,973,6874
1424,3560,2792,3856,980,1231
1424,3560,2792,496,7494,3260
1424,3560,2792,2733,2512,4250
1424,3560,2792,3195,6750,7671
1424,3560,2792,1532,9338,4279
1424,3560,2792,2376,3870,3907
1424,3560,2792,1406,1129,3072
1424,3560,2792,6812,8697,743
1424,3560,2792,8713,354,7717
1424,3560,2792,7240,1313,3177
1424,3560,2792,463,449,3241
1424,3560,2792,3087,8160,155
1424,3560,2792,7932,2952,7456
1424,3560,2792,4612,6794,1708
1424,3560,2792,3638,3433,3589
1424,3560,2792,7987,2535,3710
1424,3560,2792,5530,9981,4205
1424,3560,2792,8173,3182,4529
1424,3560,2792,7678,5065,7826
1424,3560,2792,5720,863,4507
1424,3560,2792,7397,3454,5985
1424,3560,2792,6362,364,5864
1424,3560,2792,4331,9077,6250
1424,3560,2792,9553,5217,5062
1424,3560,2792,5320,2312,9319
1424,3560,2792,9976,1463,8926
1424,3560,2792,2021,6308,9041
1424,3560,2792,4225,9175,2781
1424,3560,2792,5235,6565,5037
1424,3560,2792,1833,9851,3627
1424,3560,2792,6855,7943,5367
1424,3560,2792,7692,703,5278
1424,3560,2792,5430,1438,5606
1424,3560,2792,7040,7127,5408
1424,3560,2792,1201,6608,841
1424,3560,2792,7424,8239,3902
1424,3560,2792,3678,4881,6077
1424,3560,2792,1544,573,1527
1424,3560,2792,7823,1232,266
1424,3560,2792,5933,8760,761
1424,3560,2792,5455,9364,6273
1424,3560,2792,7071,1904,688
1424,3560,2792,123,5538,6732
1424,3560,2792,2897,4586,7285
1424,3560,2792,46,6557,1427
1424,3560,2792,2041,8055,6685
1424,3560,2792,5114,9432,9290
1424,3560,2792,283,6403,4377
1424,3560,2792,9122,4848,7640
1424,3560,2792,1287,3489,3997
1424,3560,2792,8813,6455,8784
1424,3560,2792,9097,4789,6913
1424,3560,2792,9103,3834,5147
1424,3560,2792,5762,9899,833
1424,3560,2792,2571,2733,8902
1424,3560,2792,5454,8228,7446
1424,3560,2792,5475,3058,3601
1424,3560,2792,196,9142,2444
1424,3560,2792,3859,4144,7639
1424,3560,2792,2874,1321,2916
1424,3560,2792,2560,1380,4198
1424,3560,2792,8605,228,3252
1424,3560,2792,9425,9829,2689
1424,3560,2792,9574,4461,292
1424,3560,2792,7243,6119,4519
1424,3560,2792,3072,934,2213
1424,3560,2792,3015,5499,9322
1424,3560,2792,7789,4585,7868
1424,3560,2792,7652,2222,7950
1424,3560,2792,8656,5034,4075
1424,3560,2792,8383,8493,1629
1424,3560,2792,1094,7454,1341
1424,3560,2792,8532,5192,5172
1424,3560,2792,6013,4779,3165
1424,3560,2792,974,264,8716
1424,3560,2792,616,5003,3429
1424,3560,2792,7883,397,1292
1424,3560,2792,871,1509,6815
1424,3560,2792,694,5011,8529
1424,3560,2792,4136,1928,7612
1424,3560,2792,7016,1895,3931
1424,3560,2792,1516,6989,1298
1424,3560,2792,3244,2203,7246
1424,3560,2792,3974,2636,9487
1424,3560,2792,3470,7010,8657
1424,3560,2792,8281,6782,1950
1424,3560,2792,2867,8529,1369
1424,3560,2792,2114,1129,2455
1424,3560,2792,7369,1720,7974
1424,3560,2792,2035,8873,3014
1424,3560,2792,4443,8244,5621
1424,3560,2792,7436,7963,494
1424,3560,2792,8499,3501,2250
1424,3560,2792,7328,8369,9964
1424,3560,2792,1431,4909,8832
1424,3560,2792,6091,3147,5777
1424,3560,2792,7219,2988,3344
1424,3560,2792,303,990,3348
1424,3560,2792,5541,3072,2875
1424,3560,2792,1071,7323,3274
1424,3560,2792,1504,9502,6787
1424,3560,2792,6251,6514,4637
1424,3560,2792,7983,3513,4483
1424,3560,2792,6087,9140,5659
1424,3560,2792,8972,206,1356
1424,3560,2792,7723,7112,3527
1424,3560,2792,1963,2633,2464
1424,3560,2792,3223,7001,194
1424,3560,2792,7227,5363,9126
1424,3560,2792,8470,9147,1679
1424,3560,2792,4173,4702,5981
1424,3560,2792,251,9938,534
1424,3560,2792,6063,9418,5694
1424,3560,2792,4428,532,9757
1424,3560,2792,6920,6442,676
1424,3560,2792,3418,8253,1879
1424,3560,2792,6728,5882,3887
1424,3560,2792,1614,4409,1336
1424,3560,2792,5867,9230,7849
1424,3560,2792,7410,7525,7023
1424,3560,2792,1345,7007,2229
1424,3560,2792,1867,1865,6959
1424,3560,2792,725,7053,4020
1424,3560,2792,254,2694,1127
1424,3560,2792,1782,6131,5367
1424,3560,2792,6816,3505,132
1424,3560,2792,877,4137,4634
1424,3560,2792,6997,9020,8593
1424,3560,2792,3279,8581,7462
1424,3560,2792,628,9134,8752
1424,3560,2792,4666,1966,3493
1424,3560,2792,6598,6834,829
1424,3560,2792,959,6562,3176
1424,3560,2792,6464,5974,3779
1424,3560,2792,222,5414,6640
1424,3560,2792,717,6926,8080
1424,3560,2792,4441,7072,8138
1424,3560,2792,4576,3687,3161
1424,3560,2792,2624,7604,5664
1424,3560,2792,5797,608,2340
1424,3560,2792,4113,1992,9304
1424,3560,2792,1100,917,8317
1424,3560,2792,1027,2253,7494
1424,3560,2792,4891,8995,8162
1424,3560,2792,2202,6426,9806
1424,3560,2792,340,7524,8753
1424,3560,2792,4518,5588,6048
1424,3560,2792,4222,581,5339
1424,3560,2792,9012,9259,3954
1424,3560,2792,4917,1866,7725
1424,3560,2792,9156,4269,2102
1424,3560,2792,8166,421,9018
1424,3560,2792,5370,9169,140
1424,3560,2792,9892,3454,1476
1424,3560,2792,7825,6518,7958
1424,3560,2792,7578,4992,2414
1424,3560,2792,8442,3251,3586
1424,3560,2792,3791,9801,9664
1424,3560,2792,8723,8533,9688
1424,3560,2792,7613,9938,92
1424,3560,2792,7304,6336,7477
1424,3560,2792,42,942,2839
1424,3560,2792,6535,6809,2392
1424,3560,2792,3539,3696,47
1424,3560,2792,4598,2131,7437
1424,3560,2792,5375,8775,7673
1424,3560,2792,3988,7224,3107
1424,3560,2792,1606,6843,591
1424,3560,2792,7315,3869,8356
1424,3560,2792,1280,9723,762
1424,3560,2792,7393,2820,1857
1424,3560,2792,8516,355,3459
1424,3560,2792,8083,1824,6022
1424,3560,2792,5368,7821,8932
1424,3560,2792,5843,829,3489
1424,3560,2792,7292,7506,4764
1424,3560,2792,5850,1343,8495
1424,3560,2792,1803,6373,879
1424,3560,2792,3537,7922,7373
1424,3560,2792,7938,3503,6703
1424,3560,2792,2194,457,8719
1424,3560,2792,2435,1903,324
1424,3560,2792,332,7037,9263
1424,3560,2792,1428,3502,6176
1424,3560,2792,4381,7759,3889
1424,3560,2792,5631,7814,3521
1424,3560,2792,8431,8307,5652
1424,3560,2792,4148,2932,8263
1424,3560,2792,9720,5166,4663
1424,3560,2792,8403,9469,1875
1424,3560,2792,6054,2041,7773
1424,3560,2792,583,714,1837
1424,3560,2792,5188,7760,5119
1424,3560,2792,8765,3299,3698
1424,3560,2792,772,5683,664
1424,3560,2792,5838,4574,7754
1424,3560,2792,4641,6474,499
1424,3560,2792,2557,8525,1089
1424,3560,2792,6066,913,6545
1424,3560,2792,1647,1614,5776
1424,3560,2792,5896,5446,3615
1424,3560,2792,5951,4549,628
