9650,5524,9238,5505,6873,2417
9650,5524,9238,7215,3327,7927
9650,5524,9238,3354,7330,810
9650,5524,9238,4581,4766,9467
9650,5524,9238,1223,1078,5543
9650,5524,9238,4125,8944,2246
9650,5524,9238,6773,8304,2457
9650,5524,9238,7471,8170,8598
9650,5524,9238,9392,7649,9459
9650,5524,9238,663,5331,996
9650,5524,9238,6398,1058,7620
9650,5524,9238,47,8461,1818
9650,5524,9238,7653,662,8175
9650,5524,9238,6192,7724,1733
9650,5524,9238,8183,9800,1953
9650,5524,9238,8995,5370,7190
9650,5524,9238,4664,6847,9324
9650,5524,9238,7477,7189,6963
9650,5524,9238,6745,8292,7375
9650,5524,9238,4147,7967,6826
9650,5524,9238,4713,8627,682
9650,5524,9238,6682,6997,2029
9650,5524,9238,6439,2330,3575
9650,5524,9238,6997,9810,783
9650,5524,9238,8329,1754,1068
9650,5524,9238,4575,4386,2368
9650,5524,9238,795,5769,6157
9650,5524,9238,8763,9273,6877
9650,5524,9238,531,2027,9690
9650,5524,9238,5524,3860,5931
9650,5524,9238,7887,6933,5983
9650,5524,9238,334,9358,5779
9650,5524,9238,4866,4511,3215
9650,5524,9238,6554,8425,8403
9650,5524,9238,4167,4438,9672
9650,5524,9238,5583,753,3039
9650,5524,9238,7099,1688,7593
9650,5524,9238,2501,7453,2723
9650,5524,9238,8338,2822,4731
9650,5524,9238,9639,3040,45
9650,5524,9238,9373,3371,3305
9650,5524,9238,6835,9022,6363
9650,5524,9238,4335,7091,1393
9650,5524,9238,1318,8397,1648
9650,5524,9238,7392,3168,3916
9650,5524,9238,4116,4965,8009
9650,5524,9238,9959,7096,3707
9650,5524,9238,7464,916,682
9650,5524,9238,390,2492,2877
9650,5524,9238,5414,5830,2603
9650,5524,9238,5806,6275,2606
9650,5524,9238,5753,1106,8176
9650,5524,9238,8276,6160,164
9650,5524,9238,3459,438,6851
9650,5524,9238,8530,9148,3019
9650,5524,9238,3850,4560,5712
9650,5524,9238,4911,1670,610
9650,5524,9238,5110,4005,2003
9650,5524,9238,8237,8840,9408
9650,5524,9238,5193,3647,9114
9650,5524,9238,579,301,7021
9650,5524,9238,5565,9924,2861
9650,5524,9238,8363,3436,2993
9650,5524,9238,5744,3796,2572
9650,5524,9238,7164,296,8429
9650,5524,9238,5109,7707,4809
9650,5524,9238,7972,9178,7083
9650,5524,9238,6221,7602,4864
9650,5524,9238,7167,8814,1740
9650,5524,9238,7,1501,8347
9650,5524,9238,719,798,5743
9650,5524,9238,1635,7772,5516
9650,5524,9238,6632,9563,420
9650,5524,9238,1099,7257,8830
9650,5524,9238,1326,8756,7245
9650,5524,9238,83,902,374
9650,5524,9238,2893,9978,20
9650,5524,9238,5521,3246,2330
9650,5524,9238,8595,7962,890
9650,5524,9238,7314,7605,914
9650,5524,9238,7779,9270,1861
9650,5524,9238,38,4259,6221
9650,5524,9238,1013,7325,4493
9650,5524,9238,5386,616,9787
9650,5524,9238,2674,1578,2369
9650,5524,9238,8193,6488,1947
9650,5524,9238,6560,9485,4493
9650,5524,9238,5007,1343,3916
9650,5524,9238,5829,7613,2690
9650,5524,9238,8784,2595,843
9650,5524,9238,5304,8022,7734
9650,5524,9238,7183,7145,3909
9650,5524,9238,3306,9646,1772
9650,5524,9238,3698,3468,4344
9650,5524,9238,9897,9558,876
9650,5524,9238,4651,40,4387
9650,5524,9238,5576,3984,7684
9650,5524,9238,6468,680,5341
9650,5524,9238,2495,2560,7999
9650,5524,9238,6019,9181,6759
9650,5524,9238,6561,7834,7030
9650,5524,9238,3492,6179,5233
9650,5524,9238,1631,8046,4612
9650,5524,9238,2671,1102,5600
9650,5524,9238,4291,2501,8060
9650,5524,9238,8671,6216,8867
9650,5524,9238,8863,11,1980
9650,5524,9238,7492,2493,3314
9650,5524,9238,252,8676,7343
9650,5524,9238,8848,456,2689
9650,5524,9238,1131,2684,1759
9650,5524,9238,1671,5786,9072
9650,5524,9238,6441,5516,3209
9650,5524,9238,1160,6375,178
9650,5524,9238,4740,7694,672
9650,5524,9238,4416,3544,7492
9650,5524,9238,6405,2197,6904
9650,5524,9238,3603,2115,5871
9650,5524,9238,7490,8056,7661
9650,5524,9238,6566,6530,7327
9650,5524,9238,9960,1182,1201
9650,5524,9238,228,7280,2631
9650,5524,9238,8184,3431,3761
9650,5524,9238,1564,9281,8535
9650,5524,9238,6650,2968,5235
9650,5524,9238,4483,9895,8406
9650,5524,9238,8365,3267,8758
9650,5524,9238,3116,2610,483
9650,5524,9238,5540,388,9399
9650,5524,9238,931,2424,6113
9650,5524,9238,9477,1850,5354
9650,5524,9238,1569,9854,5803
9650,5524,9238,3550,2049,3767
9650,5524,9238,4984,5252,3833
9650,5524,9238,8911,9467,9417
9650,5524,9238,3349,5820,6516
9650,5524,9238,6838,6365,7268
9650,5524,9238,178,6521,7422
9650,5524,9238,9400,682,2654
9650,5524,9238,1852,3833,3101
9650,5524,9238,1409,8353,6152
9650,5524,9238,2000,2100,8735
9650,5524,9238,7167,9593,1160
9650,5524,9238,9338,6882,8149
9650,5524,9238,1920,9422,5974
9650,5524,9238,7240,7507,9544
9650,5524,9238,6392,6212,7203
9650,5524,9238,9964,679,6724
9650,5524,9238,1887,3292,7881
9650,5524,9238,3249,6300,3749
9650,5524,9238,7082,4023,9008
9650,5524,9238,7012,6306,1253
9650,5524,9238,7830,8312,2434
9650,5524,9238,5734,4685,1535
9650,5524,9238,163,7545,1856
9650,5524,9238,1552,8838,4397
9650,5524,9238,6064,2799,8006
9650,5524,9238,8859,5232,8457
9650,5524,9238,1865,2711,4791
9650,5524,9238,3347,5065,2173
9650,5524,9238,3120,3157,4608
9650,5524,9238,7858,3417,433
9650,5524,9238,9558,3230,430
9650,5524,9238,382,5209,3662
9650,5524,9238,3817,18,1169
9650,5524,9238,3187,9017,9751
9650,5524,9238,9972,6724,7459
9650,5524,9238,7360,6224,570
9650,5524,9238,9838,2574,331
9650,5524,9238,3858,5140,5221
9650,5524,9238,2272,4078,2569
9650,5524,9238,9890,235,1483
9650,5524,9238,5437,3875,5391
9650,5524,9238,482,3124,13
9650,5524,9238,1968,1051,3037
9650,5524,9238,2975,8172,9288
9650,5524,9238,3956,9798,5331
9650,5524,9238,5283,3216,8018
9650,5524,9238,1623,8673,348
9650,5524,9238,1107,3758,6793
9650,5524,9238,1619,5330,813
9650,5524,9238,4297,7039,8313
9650,5524,9238,2331,1029,2276
9650,5524,9238,7429,466,5679
9650,5524,9238,718,4192,1788
9650,5524,9238,6552,6137,5345
9650,5524,9238,956,6226,4771
9650,5524,9238,8982,8265,7935
9650,5524,9238,9550,9166,9448
9650,5524,9238,5831,929,336
9650,5524,9238,6165,878,6389
9650,5524,9238,3604,3429,6879
9650,5524,9238,1008,43,9307
9650,5524,9238,2981,6824,8330
9650,5524,9238,5854,2378,6366
9650,5524,9238,3440,1158,8726
9650,5524,9238,3883,4215,7063
9650,5524,9238,9356,8897,4351
9650,5524,9238,7515,9997,206
9650,5524,9238,8203,7197,3640
9650,5524,9238,1401,1840,6771
9650,5524,9238,5828,5262,7083
9650,5524,9238,4584,1892,5339
9650,5524,9238,8538,2405,3794
9650,5524,9238,8995,5946,9423
9650,5524,9238,6832,4894,9829
9650,5524,9238,4569,2626,4388
9650,5524,9238,8454,276,9113
9650,5524,9238,6210,8441,7593
9650,5524,9238,6836,465,3658
9650,5524,9238,7342,2621,7523
9650,5524,9238,7463,779,1541
9650,5524,9238,8101,967,5140
9650,5524,9238,4503,875,7003
9650,5524,9238,6440,4364,2526
9650,5524,9238,4392,1385,8300
9650,5524,9238,6651,6432,3955
9650,5524,9238,3361,926,4882
9650,5524,9238,7805,1988,8372
9650,5524,9238,1512,1077,7751
9650,5524,9238,6286,4443,7695
9650,5524,9238,4419,102,9134
9650,5524,9238,845,4019,5765
9650,5524,9238,9603,2652,3512
9650,5524,9238,3670,3308,5663
9650,5524,9238,7052,1410,1060
9650,5524,9238,7449,6076,4674
9650,5524,9238,9659,8508,4356
9650,5524,9238,5695,2206,1374
9650,5524,9238,7407,9764,8828
9650,5524,9238,4077,8271,7856
9650,5524,9238,585,2285,3639
9650,5524,9238,4670,5058,6940
9650,5524,9238,5655,1893,7368
9650,5524,9238,9581,7056,1968
9650,5524,9238,9588,4339,4598
9650,5524,9238,694,2776,4821
9650,5524,9238,5821,3461,5464
9650,5524,9238,114,9071,9161
9650,5524,9238,7958,1018,7920
9650,5524,9238,8989,1196,8523
9650,5524,9238,8342,9647,5879
9650,5524,9238,4789,4054,4292
9650,5524,9238,2919,2594,5926
9650,5524,9238,150,5971,4662
9650,5524,9238,5905,1274,7760
9650,5524,9238,6778,6993,9363
9650,5524,9238,7871,7209,8573
9650,5524,9238,9979,3842,7796
9650,5524,9238,651,7209,6433
9650,5524,9238,3878,2558,9510
9650,5524,9238,5163,4089,2453
9650,5524,9238,1354,3379,8948
9650,5524,9238,6587,4303,4839
9650,5524,9238,1982,8615,6016
9650,5524,9238,567,6805,9315
9650,5524,9238,2263,4058,8826
9650,5524,9238,3476,5144,5089
9650,5524,9238,1294,6617,1675
9650,5524,9238,7196,9137,7495
9650,5524,9238,3885,8859,8141
9650,5524,9238,6248,5751,8337
9650,5524,9238,3417,4010,2889
9650,5524,9238,660,1242,1682
9650,5524,9238,9897,5045,8481
9650,5524,9238,5408,6496,7981
9650,5524,9238,9709,8183,7077
9650,5524,9238,6241,976,9252
9650,5524,9238,9243,4599,4645
9650,5524,9238,5277,8097,2664
9650,5524,9238,3957,6732,5754
9650,5524,9238,4258,1983,7780
9650,5524,9238,8049,3570,9421
9650,5524,9238,2206,9757,7635
9650,5524,9238,6530,2662,8091
9650,5524,9238,2527,4366,1127
9650,5524,9238,5447,3438,1444
9650,5524,9238,4585,313,5205
9650,5524,9238,8631,6257,831
9650,5524,9238,1521,7270,1854
9650,5524,9238,8133,2655,363
9650,5524,9238,6581,3424,9309
9650,5524,9238,5215,299,7376
9650,5524,9238,2599,2651,2860
9650,5524,9238,828,6570,9177
9650,5524,9238,6407,5779,2082
9650,5524,9238,908,3178,3587
9650,5524,9238,4319,4758,6158
9650,5524,9238,861,649,2594
9650,5524,9238,6485,6867,765
9650,5524,9238,1076,188,3323
9650,5524,9238,7167,2257,438
9650,5524,9238,4987,3511,4841
9650,5524,9238,4977,8131,683
9650,5524,9238,9382,1756,1107
9650,5524,9238,3596,5782,3950
9650,5524,9238,6466,9272,9310
9650,5524,9238,1845,3831,8597
9650,5524,9238,8815,1182,581
9650,5524,9238,3301,8104,6913
9650,5524,9238,1957,5185,5714
9650,5524,9238,6982,2184,6481
9650,5524,9238,4616,8460,6911
9650,5524,9238,5205,379,5031
9650,5524,9238,2860,5322,8671
9650,5524,9238,9785,3654,2121
9650,5524,9238,5848,9770,154
9650,5524,9238,3482,8018,4518
9650,5524,9238,2687,577,7346
9650,5524,9238,964,4907,4132
9650,5524,9238,5170,4834,4336
9650,5524,9238,8272,7135,3749
9650,5524,9238,590,9170,8863
9650,5524,9238,9808,8421,1045
9650,5524,9238,9284,5084,5829
9650,5524,9238,281,4743,2749
9650,5524,9238,9730,3708,8648
9650,5524,9238,4222,7019,6262
9650,5524,9238,9509,3994,8044
9650,5524,9238,2424,8239,7222
9650,5524,9238,8147,9649,8230
9650,5524,9238,7232,820,5059
9650,5524,9238,2033,4828,6714
9650,5524,9238,2331,8749,6996
9650,5524,9238,3919,3865,6721
9650,5524,9238,8434,2343,1537
9650,5524,9238,8362,5419,4879
9650,5524,9238,4886,3135,5464
9650,5524,9238,8829,6682,8846
9650,5524,9238,6687,7341,2966
9650,5524,9238,6296,5703,1773
9650,5524,9238,6036,9858,7039
9650,5524,9238,3834,9437,408
9650,5524,9238,4561,1720,3132
9650,5524,9238,8186,4923,8602
9650,5524,9238,1841,7911,1313
9650,5524,9238,8791,2846,2139
9650,5524,9238,5349,9695,1715
9650,5524,9238,2196,8338,3376
9650,5524,9238,9531,8761,6784
9650,5524,9238,6743,8770,8216
9650,5524,9238,3719,7416,2602
9650,5524,9238,4579,4518,5773
9650,5524,9238,3995,3708,8081
9650,5524,9238,7471,5510,9595
9650,5524,9238,4737,1030,665
9650,5524,9238,9914,4480,9507
9650,5524,9238,3527,5134,4771
9650,5524,9238,44,286,2093
9650,5524,9238,7054,7148,4047
9650,5524,9238,2978,309,7156
9650,5524,9238,4948,9964,4997
9650,5524,9238,8241,4385,6740
9650,5524,9238,4440,5713,7932
9650,5524,9238,4914,2635,9988
9650,5524,9238,636,5580,9948
9650,5524,9238,1355,8867,1961
9650,5524,9238,3168,9263,5575
9650,5524,9238,4625,873,5233
9650,5524,9238,6835,1645,7792
9650,5524,9238,4824,6585,8224
9650,5524,9238,7578,470,4987
9650,5524,9238,9602,602,7766
9650,5524,9238,7285,5238,5160
9650,5524,9238,2382,3674,9318
9650,5524,9238,9001,5311,9305
9650,5524,9238,4057,3843,5913
9650,5524,9238,5364,8478,8982
9650,5524,9238,8757,5144,2557
9650,5524,9238,7395,3445,4379
9650,5524,9238,6898,7828,252
9650,5524,9238,7037,2321,952
9650,5524,9238,7746,3260,3574
9650,5524,9238,701,798,7747
9650,5524,9238,5550,3476,279
9650,5524,9238,1564,4280,2334
9650,5524,9238,1127,1021,2678
9650,5524,9238,515,1579,4483
9650,5524,9238,8178,5237,2487
9650,5524,9238,6106,544,582
9650,5524,9238,6221,7312,6306
9650,5524,9238,2134,8565,9192
9650,5524,9238,8813,8839,3592
9650,5524,9238,7934,7392,1037
9650,5524,9238,4553,1752,3225
9650,5524,9238,8951,4769,9236
9650,5524,9238,8325,2055,1070
9650,5524,9238,1000,9671,5044
9650,5524,9238,1596,3197,7245
9650,5524,9238,7002,8852,5231
9650,5524,9238,2773,3717,208
9650,5524,9238,2799,2786,826
9650,5524,9238,8696,5155,9824
9650,5524,9238,4978,56,5474
9650,5524,9238,2997,5920,4042
9650,5524,9238,791,73,4300
9650,5524,9238,4369,3074,2444
9650,5524,9238,9004,5593,1406
9650,5524,9238,2097,8068,6560
9650,5524,9238,8000,3972,4289
9650,5524,9238,8796,9449,8545
9650,5524,9238,6306,1179,137
9650,5524,9238,2751,2211,7039
9650,5524,9238,7708,8688,448
9650,5524,9238,7776,4470,4053
9650,5524,9238,1615,2750,96
9650,5524,9238,7502,4955,6616
9650,5524,9238,59,4559,7012
9650,5524,9238,3346,8357,236
9650,5524,9238,1960,3929,6445
9650,5524,9238,3161,2096,8072
9650,5524,9238,7475,8116,9674
9650,5524,9238,3170,2316,6617
9650,5524,9238,9628,1793,270
9650,5524,9238,2187,9104,6928
9650,5524,9238,1848,3315,1648
9650,5524,9238,1698,7384,7933
9650,5524,9238,1742,1116,609
9650,5524,9238,5610,9608,2655
9650,5524,9238,6393,5076,8175
9650,5524,9238,3774,2625,3072
9650,5524,9238,7137,1565,4004
9650,5524,9238,3064,5855,8012
9650,5524,9238,7983,8456,7415
9650,5524,9238,5718,484,1187
9650,5524,9238,4349,551,1923
9650,5524,9238,7921,5737,4280
9650,5524,9238,9541,1223,4608
9650,5524,9238,498,9647,3696
9650,5524,9238,3575,9986,5481
9650,5524,9238,9763,8041,5995
9650,5524,9238,8125,6447,3573
9650,5524,9238,3097,9652,5068
9650,5524,9238,7496,5889,4240
9650,5524,9238,9272,9599,7701
9650,5524,9238,8948,8725,9350
9650,5524,9238,5799,5982,2453
9650,5524,9238,3091,6252,8452
9650,5524,9238,2692,8385,9912
9650,5524,9238,827,8485,3827
9650,5524,9238,7412,96,1725
9650,5524,9238,2864,9748,6400
9650,5524,9238,1917,3276,4066
9650,5524,9238,5900,3808,6734
9650,5524,9238,1464,4456,6193
9650,5524,9238,9859,3814,496
9650,5524,9238,1090,8872,8642
9650,5524,9238,3040,3149,9341
9650,5524,9238,1794,2608,3689
9650,5524,9238,9885,908,5466
9650,5524,9238,4733,7873,7093
9650,5524,9238,2688,4719,3971
9650,5524,9238,8668,4496,1939
9650,5524,9238,5884,4321,8740
9650,5524,9238,6814,5883,3979
9650,5524,9238,3674,9598,4217
9650,5524,9238,3668,2007,2850
9650,5524,9238,739,810,7892
9650,5524,9238,9891,7535,6585
9650,5524,9238,8161,5942,9985
9650,5524,9238,3868,2753,6383
9650,5524,9238,1310,2580,6000
9650,5524,9238,965,8797,4765
9650,5524,9238,2526,830,9360
9650,5524,9238,800,9771,1378
9650,5524,9238,9541,768,6578
9650,5524,9238,6448,7164,6529
9650,5524,9238,1370,3778,5976
9650,5524,9238,3435,7391,1492
9650,5524,9238,1988,9396,839
9650,5524,9238,888,4095,4805
9650,5524,9238,3297,1634,6155
9650,5524,9238,9296,7907,9198
9650,5524,9238,6925,6248,7523
9650,5524,9238,2556,3582,7031
9650,5524,9238,9229,1942,6335
9650,5524,9238,1508,3063,4503
9650,5524,9238,2948,1372,8382
9650,5524,9238,5403,2872,1050
9650,5524,9238,8049,9067,515
9650,5524,9238,8539,8699,4944
9650,5524,9238,8405,3162,8574
9650,5524,9238,5636,5075,7526
9650,5524,9238,2363,1710,813
9650,5524,9238,3737,6926,280
9650,5524,9238,3067,9600,6471
9650,5524,9238,2000,3982,1277
9650,5524,9238,5574,6273,22
9650,5524,9238,3461,8472,4874
9650,5524,9238,7589,931,4309
9650,5524,9238,6711,2736,872
9650,5524,9238,4652,2990,197
9650,5524,9238,8021,8009,7112
9650,5524,9238,52,3213,2082
9650,5524,9238,5950,2429,8244
9650,5524,9238,2128,5096,5172
9650,5524,9238,8734,5921,1175
9650,5524,9238,6702,6792,5913
9650,5524,9238,7366,2022,550
9650,5524,9238,5605,6276,5159
9650,5524,9238,6034,1382,554
9650,5524,9238,7072,9463,4143
9650,5524,9238,3488,3943,1272
9650,5524,9238,1962,8284,5373
9650,5524,9238,4802,6245,2950
9650,5524,9238,9974,5378,6263
9650,5524,9238,8959,7431,6632
9650,5524,9238,8021,62,3210
9650,5524,9238,2249,1659,1849
9650,5524,9238,8362,3160,469
