5276,1331,4444,9356,1704,246
5276,1331,4444,5871,768,1107
5276,1331,4444,8539,9596,4203
5276,1331,4444,5389,4790,5442
5276,1331,4444,8042,6429,1475
5276,1331,4444,8023,6400,1467
5276,1331,4444,7517,8220,528
5276,1331,4444,2675,668,5377
5276,1331,4444,5760,1568,7075
5276,1331,4444,1576,2352,2907
5276,1331,4444,8611,9219,530
5276,1331,4444,8233,2143,5830
5276,1331,4444,5475,6450,1547
5276,1331,4444,2972,6943,5396
5276,1331,4444,7370,8946,7703
5276,1331,4444,2021,1449,4390
5276,1331,4444,6335,8558,9650
5276,1331,4444,5128,1913,5506
5276,1331,4444,4199,3240,3189
5276,1331,4444,1587,295,7205
5276,1331,4444,4396,7654,8704
5276,1331,4444,1283,5497,4556
5276,1331,4444,910,4105,6781
5276,1331,4444,8581,2559,5147
5276,1331,4444,1081,3977,7171
5276,1331,4444,1376,5654,1353
5276,1331,4444,320,2611,8948
5276,1331,4444,9213,9275,6368
5276,1331,4444,5584,6307,9242
5276,1331,4444,5692,5577,8461
5276,1331,4444,5034,9165,1089
5276,1331,4444,2121,1646,7713
5276,1331,4444,4976,7879,2969
5276,1331,4444,2020,7327,8422
5276,1331,4444,4386,8551,2779
5276,1331,4444,8749,7298,2834
5276,1331,4444,2260,126,4727
5276,1331,4444,7271,9818,6031
5276,1331,4444,9772,7039,4487
5276,1331,4444,2023,3941,6877
5276,1331,4444,6773,5992,8237
5276,1331,4444,8685,3319,5993
5276,1331,4444,6908,2381,7155
5276,1331,4444,2758,197,7463
5276,1331,4444,4130,344,7782
5276,1331,4444,2528,3546,1529
5276,1331,4444,6342,928,5141
5276,1331,4444,5379,3641,1328
5276,1331,4444,8384,486,8500
5276,1331,4444,4539,7607,5482
5276,1331,4444,1279,1001,9897
5276,1331,4444,7474,3211,9319
5276,1331,4444,697,7119,4149
5276,1331,4444,2233,9651,2146
5276,1331,4444,4928,8065,1233
5276,1331,4444,8437,4391,8906
5276,1331,4444,5875,4466,7452
5276,1331,4444,6116,6674,5002
5276,1331,4444,5419,9703,9807
5276,1331,4444,743,8595,8543
5276,1331,4444,2025,8472,4976
5276,1331,4444,6566,7147,6929
5276,1331,4444,4733,15,2184
5276,1331,4444,4609,7854,5069
5276,1331,4444,6803,3260,5141
5276,1331,4444,5521,2104,4707
5276,1331,4444,8395,7313,590
5276,1331,4444,4709,1173,6510
5276,1331,4444,6499,7039,8771
5276,1331,4444,9078,6742,7441
5276,1331,4444,6521,1514,1681
5276,1331,4444,1819,7796,1113
5276,1331,4444,9352,731,7009
5276,1331,4444,3813,3247,7546
5276,1331,4444,4487,1858,6556
5276,1331,4444,9225,6379,9829
5276,1331,4444,1352,1032,5922
5276,1331,4444,7681,8948,2679
5276,1331,4444,5150,6915,9641
5276,1331,4444,6735,5954,2420
5276,1331,4444,5980,6279,9851
5276,1331,4444,1766,1884,7543
5276,1331,4444,4064,2832,4253
5276,1331,4444,6245,3867,2288
5276,1331,4444,475,9776,3424
5276,1331,4444,9128,1295,7412
5276,1331,4444,2486,9776,6987
5276,1331,4444,903,5614,9568
5276,1331,4444,3988,4580,5423
5276,1331,4444,2707,7463,4141
5276,1331,4444,6366,1088,6067
5276,1331,4444,8861,5908,274
5276,1331,4444,2684,3397,5668
5276,1331,4444,232,218,8977
5276,1331,4444,3175,8872,577
5276,1331,4444,4928,3344,3432
5276,1331,4444,6118,6004,9056
5276,1331,4444,5795,7965,7065
5276,1331,4444,185,9722,466
5276,1331,4444,5763,8125,9321
5276,1331,4444,7489,9779,3437
5276,1331,4444,4886,7630,8695
5276,1331,4444,2008,4662,3094
5276,1331,4444,3019,2260,9754
5276,1331,4444,8968,5665,4268
5276,1331,4444,9288,6553,1820
5276,1331,4444,3472,501,2428
5276,1331,4444,4807,7557,4748
5276,1331,4444,3074,2183,4541
5276,1331,4444,5111,1306,5381
5276,1331,4444,6009,7374,8207
5276,1331,4444,7319,8973,789
5276,1331,4444,2533,7094,5484
5276,1331,4444,1243,6910,7397
5276,1331,4444,6034,4973,6678
5276,1331,4444,2067,9899,1647
5276,1331,4444,3913,3629,8430
5276,1331,4444,2952,827,3489
5276,1331,4444,6778,7866,5098
5276,1331,4444,2182,7329,5559
5276,1331,4444,8587,7595,763
5276,1331,4444,4465,7347,7563
5276,1331,4444,9140,5304,56
5276,1331,4444,1788,3926,6399
5276,1331,4444,8313,7021,8542
5276,1331,4444,5904,8716,6185
5276,1331,4444,6594,8273,4381
5276,1331,4444,6065,4391,6985
5276,1331,4444,7181,9474,8196
5276,1331,4444,1992,7691,445
5276,1331,4444,7970,1844,1852
5276,1331,4444,2398,6929,4278
5276,1331,4444,7302,1893,7114
5276,1331,4444,5203,7288,8689
5276,1331,4444,9045,1694,9551
5276,1331,4444,4883,2080,7446
5276,1331,4444,3819,1293,7371
5276,1331,4444,2857,3663,7166
5276,1331,4444,5337,7144,7183
5276,1331,4444,1886,1095,5062
5276,1331,4444,8321,77,5766
5276,1331,4444,2039,5559,2493
5276,1331,4444,6205,3935,1860
5276,1331,4444,4848,5210,24
5276,1331,4444,1438,949,2316
5276,1331,4444,5089,5759,4176
5276,1331,4444,9599,9293,6513
5276,1331,4444,9012,704,2305
5276,1331,4444,4534,7462,892
5276,1331,4444,1648,7049,5735
5276,1331,4444,8098,2426,3136
5276,1331,4444,3797,9075,4682
5276,1331,4444,615,3828,910
5276,1331,4444,22,8720,8053
5276,1331,4444,3391,9433,7173
5276,1331,4444,1188,6985,6692
5276,1331,4444,489,4674,6222
5276,1331,4444,1758,5447,18
5276,1331,4444,4796,7725,2136
5276,1331,4444,3622,4267,388
5276,1331,4444,550,482,5830
5276,1331,4444,6629,6533,2971
5276,1331,4444,7655,3423,1520
5276,1331,4444,7851,3519,1789
5276,1331,4444,3591,7876,6459
5276,1331,4444,2331,6924,7489
5276,1331,4444,4012,876,8081
5276,1331,4444,4114,2243,4927
5276,1331,4444,1046,9128,5448
5276,1331,4444,1966,6455,4921
5276,1331,4444,2569,540,9222
5276,1331,4444,225,3054,3431
5276,1331,4444,8320,1039,1832
5276,1331,4444,9581,6518,958
5276,1331,4444,5349,9781,1173
5276,1331,4444,2567,7347,9761
5276,1331,4444,7593,7148,6243
5276,1331,4444,4038,7326,1204
5276,1331,4444,1267,7247,1542
5276,1331,4444,3695,9728,4154
5276,1331,4444,8087,6427,4271
5276,1331,4444,7514,495,7190
5276,1331,4444,417,2355,5596
5276,1331,4444,9322,9159,9710
5276,1331,4444,123,770,7797
5276,1331,4444,8117,5271,4706
5276,1331,4444,2612,7391,9958
5276,1331,4444,7746,4663,8415
5276,1331,4444,2766,8235,8733
5276,1331,4444,3134,5853,9614
5276,1331,4444,3528,2140,9318
5276,1331,4444,7169,7684,1935
5276,1331,4444,666,4372,9817
5276,1331,4444,2403,8696,9369
5276,1331,4444,4650,5088,7582
5276,1331,4444,1251,1942,6524
5276,1331,4444,4978,6947,4031
5276,1331,4444,7198,9063,3222
5276,1331,4444,3941,7520,5915
5276,1331,4444,5313,981,2964
5276,1331,4444,530,1726,4928
5276,1331,4444,5972,8203,4229
5276,1331,4444,2268,3823,5493
5276,1331,4444,1803,4301,1214
5276,1331,4444,9975,3380,4990
5276,1331,4444,1122,2478,1924
5276,1331,4444,7171,9827,9737
5276,1331,4444,8466,5636,3339
5276,1331,4444,5155,3243,6537
5276,1331,4444,4122,7921,2052
5276,1331,4444,9324,4817,2492
5276,1331,4444,9670,6831,1725
5276,1331,4444,9039,8005,2030
5276,1331,4444,2816,235,6265
5276,1331,4444,1122,7241,2064
5276,1331,4444,2249,7692,4066
5276,1331,4444,1188,5140,9244
5276,1331,4444,1216,8292,5785
5276,1331,4444,6848,8280,2084
5276,1331,4444,812,9629,6307
5276,1331,4444,6483,3036,8949
5276,1331,4444,8317,4440,8421
5276,1331,4444,5700,9884,9356
5276,1331,4444,1526,4991,8027
5276,1331,4444,1642,16,5030
5276,1331,4444,2913,6512,2752
5276,1331,4444,5287,891,6949
5276,1331,4444,4204,6299,6511
5276,1331,4444,6808,1064,2136
5276,1331,4444,9611,849,6414
5276,1331,4444,3834,4205,2828
5276,1331,4444,2897,7452,9927
5276,1331,4444,954,167,3594
5276,1331,4444,269,4389,9864
5276,1331,4444,7190,3664,8296
5276,1331,4444,5438,3631,6510
5276,1331,4444,5422,203,5280
5276,1331,4444,6470,8318,5739
5276,1331,4444,10000,8661,5994
5276,1331,4444,5846,8136,5235
5276,1331,4444,4925,3926,7994
5276,1331,4444,8060,7554,853
5276,1331,4444,2513,6619,1312
5276,1331,4444,6074,3360,5330
5276,1331,4444,2388,5455,1389
5276,1331,4444,5650,9678,6521
5276,1331,4444,8978,8543,5928
5276,1331,4444,3493,12,5279
5276,1331,4444,5395,6726,8921
5276,1331,4444,5695,7680,6585
5276,1331,4444,5931,8964,6424
5276,1331,4444,2769,4952,6661
5276,1331,4444,1132,7016,3512
5276,1331,4444,9334,2975,3682
5276,1331,4444,2512,7533,5232
5276,1331,4444,3819,4929,477
5276,1331,4444,56,7049,1713
5276,1331,4444,5473,9534,5594
5276,1331,4444,9847,2290,2579
5276,1331,4444,1172,7081,8917
5276,1331,4444,1472,235,8633
5276,1331,4444,1238,5108,9965
5276,1331,4444,4195,7399,7600
5276,1331,4444,2473,9347,5881
5276,1331,4444,3459,7150,269
5276,1331,4444,9429,9901,7349
5276,1331,4444,3344,1825,1384
5276,1331,4444,9173,9583,111
5276,1331,4444,1051,9973,582
5276,1331,4444,1901,962,5776
5276,1331,4444,4718,6398,3025
5276,1331,4444,2702,7359,9188
5276,1331,4444,2561,1373,3334
5276,1331,4444,5626,8304,359
5276,1331,4444,9895,6390,4453
5276,1331,4444,2343,3284,7038
5276,1331,4444,2008,5161,2070
5276,1331,4444,5101,2894,5432
5276,1331,4444,4173,1790,2402
5276,1331,4444,27,6633,659
5276,1331,4444,9994,8743,2045
5276,1331,4444,6236,3475,9507
5276,1331,4444,3883,3968,2732
5276,1331,4444,2050,9957,8859
5276,1331,4444,2351,8247,2607
5276,1331,4444,4369,7851,1528
5276,1331,4444,5606,5612,4504
5276,1331,4444,2907,8219,3764
5276,1331,4444,8911,6558,8218
5276,1331,4444,9979,9548,5506
5276,1331,4444,8438,3133,7413
5276,1331,4444,9755,6340,6682
5276,1331,4444,6164,5004,9233
5276,1331,4444,5275,875,9026
5276,1331,4444,964,4609,8208
5276,1331,4444,6910,3821,319
5276,1331,4444,4310,5860,3022
5276,1331,4444,2246,1676,12
5276,1331,4444,6120,9549,3067
5276,1331,4444,1657,4942,2778
5276,1331,4444,3988,78,2102
5276,1331,4444,7550,6006,7413
5276,1331,4444,3082,5237,6685
5276,1331,4444,286,6800,6390
5276,1331,4444,3183,8587,122
5276,1331,4444,7663,908,4253
5276,1331,4444,1966,6933,7762
5276,1331,4444,7759,5940,5183
5276,1331,4444,4301,9305,4033
5276,1331,4444,3400,9956,4164
5276,1331,4444,4440,7002,2002
5276,1331,4444,7765,50,1053
5276,1331,4444,1371,2429,7192
5276,1331,4444,7074,5622,5319
5276,1331,4444,320,9905,4017
5276,1331,4444,5201,2305,980
5276,1331,4444,2581,2850,89
5276,1331,4444,9789,3814,7855
5276,1331,4444,6657,7808,7348
5276,1331,4444,6743,6757,8636
5276,1331,4444,733,3708,6417
5276,1331,4444,962,9530,518
5276,1331,4444,8497,2572,8366
5276,1331,4444,5064,5874,9692
5276,1331,4444,9501,7609,7450
5276,1331,4444,4781,313,7890
5276,1331,4444,5369,6060,1823
5276,1331,4444,1863,7550,8559
5276,1331,4444,5173,4765,8702
5276,1331,4444,416,1285,884
5276,1331,4444,4030,4328,472
5276,1331,4444,7777,242,1796
5276,1331,4444,5871,6023,6722
5276,1331,4444,6386,728,2331
5276,1331,4444,7529,6099,2767
5276,1331,4444,498,8204,1149
5276,1331,4444,2214,7449,3618
5276,1331,4444,2298,8826,4742
5276,1331,4444,4840,3995,6371
5276,1331,4444,7562,2412,2355
5276,1331,4444,8390,9989,1308
5276,1331,4444,8469,2206,7417
5276,1331,4444,14,3636,7646
5276,1331,4444,2048,3468,4375
5276,1331,4444,8598,2194,612
5276,1331,4444,6394,438,9076
5276,1331,4444,8995,6134,3610
5276,1331,4444,4362,4300,6113
5276,1331,4444,441,6682,7578
5276,1331,4444,544,4712,9715
5276,1331,4444,2897,8413,5597
5276,1331,4444,6420,1996,5667
5276,1331,4444,2148,1663,3686
5276,1331,4444,1379,1265,9946
5276,1331,4444,8365,4666,7822
5276,1331,4444,471,6702,2475
5276,1331,4444,983,3833,456
5276,1331,4444,6348,6466,2952
5276,1331,4444,6763,9861,1786
5276,1331,4444,6006,9810,7464
5276,1331,4444,3470,4933,4220
5276,1331,4444,7738,5892,7896
5276,1331,4444,3152,9229,1881
5276,1331,4444,7869,3966,2880
5276,1331,4444,7041,7920,5866
5276,1331,4444,7583,5023,9331
5276,1331,4444,9187,4098,1459
5276,1331,4444,3814,3021,2790
5276,1331,4444,1522,8671,6015
5276,1331,4444,2945,2677,2562
5276,1331,4444,296,678,520
5276,1331,4444,6348,1362,1902
5276,1331,4444,7306,4668,6965
5276,1331,4444,7776,3888,3200
5276,1331,4444,9767,249,6123
5276,1331,4444,223,4521,6121
5276,1331,4444,1211,7435,8033
5276,1331,4444,9430,6688,1827
5276,1331,4444,3049,5348,6312
5276,1331,4444,3787,4053,1655
5276,1331,4444,9241,1708,2433
5276,1331,4444,5592,5698,39
5276,1331,4444,7341,1676,467
5276,1331,4444,3840,5974,2723
5276,1331,4444,9739,4505,4019
5276,1331,4444,1735,7989,2882
5276,1331,4444,6299,213,9777
5276,1331,4444,4894,8025,8318
5276,1331,4444,9615,6491,9944
5276,1331,4444,1074,7401,6220
5276,1331,4444,6956,4140,3581
5276,1331,4444,6095,389,633
5276,1331,4444,2502,5146,4851
5276,1331,4444,7557,8361,8241
5276,1331,4444,2712,578,4839
5276,1331,4444,5509,6355,1647
5276,1331,4444,1849,2897,8007
5276,1331,4444,1981,1170,5558
5276,1331,4444,5517,559,9731
5276,1331,4444,2231,3823,993
5276,1331,4444,5327,4308,5440
5276,1331,4444,3607,2454,5194
5276,1331,4444,4555,4990,4223
5276,1331,4444,7240,5239,4690
5276,1331,4444,5418,1362,933
5276,1331,4444,1496,3416,1598
5276,1331,4444,7846,9763,3204
5276,1331,4444,9662,616,760
5276,1331,4444,599,2754,827
5276,1331,4444,7172,2968,2094
5276,1331,4444,2022,8232,9450
5276,1331,4444,3945,5484,2847
5276,1331,4444,8809,1847,7534
5276,1331,4444,2765,880,7201
5276,1331,4444,909,9097,5598
5276,1331,4444,384,5848,3736
5276,1331,4444,7091,861,2757
5276,1331,4444,5263,791,9848
5276,1331,4444,7148,8815,1320
5276,1331,4444,8329,9925,2637
5276,1331,4444,7501,8510,1828
5276,1331,4444,1440,9822,9496
5276,1331,4444,8903,3748,741
5276,1331,4444,570,9440,6722
5276,1331,4444,7350,6595,5062
5276,1331,4444,1819,8997,4961
5276,1331,4444,7837,3294,8017
5276,1331,4444,5655,3448,2598
5276,1331,4444,3000,2368,6307
5276,1331,4444,7908,3397,2403
5276,1331,4444,5577,3883,4252
5276,1331,4444,7653,4997,4150
5276,1331,4444,8966,3252,3189
5276,1331,4444,568,9812,6704
5276,1331,4444,5111,1968,144
5276,1331,4444,2080,268,5458
5276,1331,4444,9315,3312,4369
5276,1331,4444,8360,3162,7778
5276,1331,4444,118,1875,8495
5276,1331,4444,3265,6046,6856
5276,1331,4444,3175,9174,6433
5276,1331,4444,534,5473,1261
5276,1331,4444,8791,4810,7723
5276,1331,4444,4651,9941,9010
5276,1331,4444,5395,266,1412
5276,1331,4444,7866,8619,7104
5276,1331,4444,4657,6171,8790
5276,1331,4444,4875,4320,6789
5276,1331,4444,2352,7900,6945
5276,1331,4444,892,7094,5281
5276,1331,4444,4750,9635,3099
5276,1331,4444,6361,8785,7870
5276,1331,4444,175,5789,6646
5276,1331,4444,1681,3668,2346
5276,1331,4444,2848,401,7607
5276,1331,4444,7410,6457,8010
5276,1331,4444,4832,1840,2337
5276,1331,4444,6200,1808,2686
5276,1331,4444,2370,5954,9637
5276,1331,4444,4577,4438,8749
5276,1331,4444,2405,9520,192
5276,1331,4444,1249,7643,7481
5276,1331,4444,9800,8019,6854
5276,1331,4444,3908,5065,1651
5276,1331,4444,8496,3885,2894
5276,1331,4444,4929,8418,4431
5276,1331,4444,2733,2458,5668
5276,1331,4444,5812,4669,8336
5276,1331,4444,602,3422,7159
5276,1331,4444,4822,1339,1833
5276,1331,4444,4358,8646,7463
5276,1331,4444,712,8552,1988
5276,1331,4444,4989,5890,6672
5276,1331,4444,6605,8458,8742
5276,1331,4444,427,7429,5804
5276,1331,4444,4712,5276,6446
5276,1331,4444,3503,8294,3728
5276,1331,4444,4009,7938,7672
5276,1331,4444,8216,4137,8255
5276,1331,4444,9324,8455,9199
5276,1331,4444,5873,4175,3598
5276,1331,4444,4427,743,4568
5276,1331,4444,4437,6996,5104
5276,1331,4444,7538,1847,2240
5276,1331,4444,6512,5049,5270
5276,1331,4444,818,7565,6142
5276,1331,4444,583,1218,5525
5276,1331,4444,4031,5826,6433
5276,1331,4444,4949,6593,19
5276,1331,4444,4396,1622,9928
5276,1331,4444,1307,7038,6416
5276,1331,4444,2327,8178,6605
5276,1331,4444,3820,8728,9622
5276,1331,4444,8046,2188,9622
5276,1331,4444,3874,7640,8073
5276,1331,4444,7460,8793,8688
5276,1331,4444,7767,5904,1741
5276,1331,4444,7982,8421,7584
5276,1331,4444,5072,7835,3315
5276,1331,4444,6212,7404,4126
5276,1331,4444,7265,9221,5984
5276,1331,4444,3980,1024,7482
5276,1331,4444,1600,2903,3215
5276,1331,4444,7967,3059,49
5276,1331,4444,7057,5480,8936
5276,1331,4444,8197,9393,5374
5276,1331,4444,3603,2863,9328
5276,1331,4444,6281,3326,9459
5276,1331,4444,6092,1186,2161
5276,1331,4444,5183,6129,2630
