9176,3738,9799,6711,2736,872
9176,3738,9799,4652,2990,197
9176,3738,9799,8021,8009,7112
9176,3738,9799,52,3213,2082
9176,3738,9799,5950,2429,8244
9176,3738,9799,2128,5096,5172
9176,3738,9799,8734,5921,1175
9176,3738,9799,6702,6792,5913
9176,3738,9799,7366,2022,550
9176,3738,9799,5605,6276,5159
9176,3738,9799,6034,1382,554
9176,3738,9799,7072,9463,4143
9176,3738,9799,3488,3943,1272
9176,3738,9799,1962,8284,5373
9176,3738,9799,4802,6245,2950
9176,3738,9799,9974,5378,6263
9176,3738,9799,8959,7431,6632
9176,3738,9799,8021,62,3210
9176,3738,9799,2249,1659,1849
9176,3738,9799,8362,3160,469
9176,3738,9799,8184,541,307
9176,3738,9799,907,4055,8915
9176,3738,9799,9199,8288,9356
9176,3738,9799,9296,6747,5888
9176,3738,9799,4416,7981,7864
9176,3738,9799,1809,6004,9148
9176,3738,9799,8095,1756,3561
9176,3738,9799,370,1563,6712
9176,3738,9799,7293,4133,6483
9176,3738,9799,3426,3665,1375
9176,3738,9799,2319,5678,9752
9176,3738,9799,7932,1652,387
9176,3738,9799,5687,3458,6470
9176,3738,9799,1865,9690,9199
9176,3738,9799,8470,2252,6656
9176,3738,9799,5402,7952,4747
9176,3738,9799,8319,479,6449
9176,3738,9799,6727,8814,7009
9176,3738,9799,9434,5468,6226
9176,3738,9799,3220,5104,3600
9176,3738,9799,1515,5522,7069
9176,3738,9799,3811,874,9818
9176,3738,9799,9693,562,9131
9176,3738,9799,9702,9230,8447
9176,3738,9799,2642,6645,5164
9176,3738,9799,6360,2046,3774
9176,3738,9799,146,4587,4159
9176,3738,9799,1979,5104,78
9176,3738,9799,5100,7048,9747
9176,3738,9799,9848,5242,9857
9176,3738,9799,439,6207,8454
9176,3738,9799,682,2665,7079
9176,3738,9799,7361,8910,9031
9176,3738,9799,7910,9591,9617
9176,3738,9799,7607,8702,4537
9176,3738,9799,4783,4673,9377
9176,3738,9799,2525,2864,7909
9176,3738,9799,5651,342,5702
9176,3738,9799,3241,7592,2989
9176,3738,9799,9909,9616,6141
9176,3738,9799,4130,3797,5667
9176,3738,9799,5807,4149,3204
9176,3738,9799,700,9823,3714
9176,3738,9799,5500,9192,9707
9176,3738,9799,9681,9360,9501
9176,3738,9799,9376,9354,2451
9176,3738,9799,9228,5533,6772
9176,3738,9799,394,7553,4833
9176,3738,9799,1994,1008,3303
9176,3738,9799,8865,9950,2162
9176,3738,9799,5107,2241,840
9176,3738,9799,4136,6746,5363
9176,3738,9799,5087,6439,4536
9176,3738,9799,4794,9834,922
9176,3738,9799,4938,389,9270
9176,3738,9799,1825,5649,1129
9176,3738,9799,3074,8729,8476
9176,3738,9799,5744,9679,4451
9176,3738,9799,939,9598,7604
9176,3738,9799,1435,6750,7702
9176,3738,9799,7764,3023,1725
9176,3738,9799,279,5412,6986
9176,3738,9799,4725,4511,4215
9176,3738,9799,3631,961,7960
9176,3738,9799,717,6165,9759
9176,3738,9799,5377,7839,6640
9176,3738,9799,9390,1363,4094
9176,3738,9799,185,1997,221
9176,3738,9799,6036,5185,7032
9176,3738,9799,4679,2130,430
9176,3738,9799,792,3068,3996
9176,3738,9799,9631,6832,9041
9176,3738,9799,4263,3356,4273
9176,3738,9799,1903,4994,297
9176,3738,9799,7166,4634,1178
9176,3738,9799,9312,6186,1583
9176,3738,9799,7860,8553,495
9176,3738,9799,4826,645,6652
9176,3738,9799,6625,9163,7237
9176,3738,9799,1079,8428,6552
9176,3738,9799,1003,984,5386
9176,3738,9799,250,8186,4994
9176,3738,9799,121,3828,5189
9176,3738,9799,7897,2289,8241
9176,3738,9799,9215,3271,1785
9176,3738,9799,897,7079,5690
9176,3738,9799,7436,7548,5001
9176,3738,9799,6506,767,285
9176,3738,9799,2128,8312,5121
9176,3738,9799,3510,3277,8036
9176,3738,9799,1080,1209,3542
9176,3738,9799,5204,3357,710
9176,3738,9799,9940,1123,9276
9176,3738,9799,3952,1053,804
9176,3738,9799,1378,3381,868
9176,3738,9799,4926,1254,9879
9176,3738,9799,494,5483,4496
9176,3738,9799,9191,1499,4330
9176,3738,9799,8501,3907,6376
9176,3738,9799,3473,5347,2415
9176,3738,9799,2372,8701,3593
9176,3738,9799,9998,9702,728
9176,3738,9799,5687,5886,948
9176,3738,9799,5905,9061,5218
9176,3738,9799,1540,8708,7214
9176,3738,9799,8459,3505,9462
9176,3738,9799,237,8711,2197
9176,3738,9799,21,2378,8692
9176,3738,9799,4220,6442,7461
9176,3738,9799,3009,541,9828
9176,3738,9799,6468,2150,8037
9176,3738,9799,5415,9702,4950
9176,3738,9799,9205,907,422
9176,3738,9799,8112,8632,9763
9176,3738,9799,508,5718,4384
9176,3738,9799,4406,1553,8832
9176,3738,9799,8743,5727,9519
9176,3738,9799,7901,9430,4164
9176,3738,9799,8598,9800,6952
9176,3738,9799,4379,4724,5737
9176,3738,9799,6042,4511,4290
9176,3738,9799,8192,7012,5841
9176,3738,9799,6812,7859,4280
9176,3738,9799,7218,1644,4109
9176,3738,9799,5851,386,796
9176,3738,9799,9086,2211,9617
9176,3738,9799,6995,9890,3449
9176,3738,9799,9668,132,8430
9176,3738,9799,2076,3050,5107
9176,3738,9799,3021,7385,2644
9176,3738,9799,5974,6504,4975
9176,3738,9799,7371,6069,3355
9176,3738,9799,3578,8686,3403
9176,3738,9799,6968,1261,2985
9176,3738,9799,8531,995,3623
9176,3738,9799,768,2419,7218
9176,3738,9799,2683,3333,900
9176,3738,9799,4477,8873,2230
9176,3738,9799,7407,3428,5213
9176,3738,9799,1414,1399,5371
9176,3738,9799,4022,788,4566
9176,3738,9799,9229,7851,6265
9176,3738,9799,7700,3420,404
9176,3738,9799,3477,2485,5762
9176,3738,9799,390,1801,6644
9176,3738,9799,835,6376,6093
9176,3738,9799,912,6444,5029
9176,3738,9799,7015,5093,229
9176,3738,9799,5984,3651,1231
9176,3738,9799,8364,41,8633
9176,3738,9799,7828,1587,5313
9176,3738,9799,8335,3434,7993
9176,3738,9799,8771,3699,8212
9176,3738,9799,8811,5772,3668
9176,3738,9799,692,4265,7734
9176,3738,9799,4008,8517,1738
9176,3738,9799,6964,8545,4804
9176,3738,9799,7482,8810,8039
9176,3738,9799,9612,1762,6594
9176,3738,9799,4280,9196,1781
9176,3738,9799,2289,8502,5469
9176,3738,9799,1558,6566,5923
9176,3738,9799,7244,1963,3005
9176,3738,9799,6291,6355,5130
9176,3738,9799,5976,2428,3134
9176,3738,9799,9977,8531,5426
9176,3738,9799,486,2103,3160
9176,3738,9799,3420,2256,6384
9176,3738,9799,6911,8113,1953
9176,3738,9799,8167,9021,5030
9176,3738,9799,3005,5350,3602
9176,3738,9799,3372,2992,5692
9176,3738,9799,1541,4708,1986
9176,3738,9799,6372,5246,6938
9176,3738,9799,6158,4853,861
9176,3738,9799,7734,3093,3494
9176,3738,9799,9704,3070,1285
9176,3738,9799,4931,1442,5019
9176,3738,9799,2088,5254,766
9176,3738,9799,9964,7138,4280
9176,3738,9799,2269,1121,1004
9176,3738,9799,1210,9024,1142
9176,3738,9799,8978,6500,437
9176,3738,9799,9817,7279,2658
9176,3738,9799,9187,9522,8595
9176,3738,9799,7087,1589,8777
9176,3738,9799,1804,4050,2150
9176,3738,9799,8800,6869,7167
9176,3738,9799,1478,7366,4730
9176,3738,9799,2575,8737,1127
9176,3738,9799,2179,8632,2314
9176,3738,9799,2219,7211,8939
9176,3738,9799,3157,5256,4477
9176,3738,9799,4585,4726,4496
9176,3738,9799,2278,7609,8853
9176,3738,9799,7679,4385,8494
9176,3738,9799,961,1675,8466
9176,3738,9799,7292,8167,3190
9176,3738,9799,4848,3696,5454
9176,3738,9799,9033,8637,5472
9176,3738,9799,3180,2790,3529
9176,3738,9799,5953,6603,5571
9176,3738,9799,9980,8138,261
9176,3738,9799,9989,6720,7915
9176,3738,9799,5435,200,1355
9176,3738,9799,5190,181,8284
9176,3738,9799,9953,4432,4098
9176,3738,9799,8954,626,4053
9176,3738,9799,1894,7337,4865
9176,3738,9799,2065,8101,8472
9176,3738,9799,1234,5114,981
9176,3738,9799,5440,6782,3121
9176,3738,9799,2325,141,4748
9176,3738,9799,8783,4102,6297
9176,3738,9799,8440,9804,9057
9176,3738,9799,3052,9865,7382
9176,3738,9799,2198,6532,998
9176,3738,9799,5580,1685,179
9176,3738,9799,8038,8135,3520
9176,3738,9799,4880,7793,6179
9176,3738,9799,6175,9138,5331
9176,3738,9799,6204,318,5533
9176,3738,9799,3667,4283,1527
9176,3738,9799,7281,2070,2878
9176,3738,9799,2815,8645,6204
9176,3738,9799,3121,8000,6521
9176,3738,9799,5349,8770,3826
9176,3738,9799,636,7856,459
9176,3738,9799,5437,9909,5521
9176,3738,9799,759,322,5493
9176,3738,9799,1947,1783,2943
9176,3738,9799,3456,8688,6085
9176,3738,9799,9808,9776,4815
9176,3738,9799,4801,5393,9941
9176,3738,9799,1908,8969,6765
9176,3738,9799,2390,8960,2724
9176,3738,9799,2183,986,9922
9176,3738,9799,3393,8145,9997
9176,3738,9799,6592,1286,5628
9176,3738,9799,1391,3107,5899
9176,3738,9799,4425,1534,9995
9176,3738,9799,3095,9972,3926
9176,3738,9799,425,4984,8499
9176,3738,9799,8252,6298,4370
9176,3738,9799,6738,4892,8898
9176,3738,9799,6107,6017,3227
9176,3738,9799,6371,5980,4096
9176,3738,9799,2261,4562,4261
9176,3738,9799,5805,6215,9742
9176,3738,9799,7879,1342,7292
9176,3738,9799,298,1501,7379
9176,3738,9799,8615,7768,1509
9176,3738,9799,7151,2781,9511
9176,3738,9799,6665,2553,8694
9176,3738,9799,4393,8976,9218
9176,3738,9799,8390,324,657
9176,3738,9799,9734,7181,6593
9176,3738,9799,3659,5787,3741
9176,3738,9799,4872,4333,3444
9176,3738,9799,3558,6806,9206
9176,3738,9799,9845,2932,2214
9176,3738,9799,4808,676,1771
9176,3738,9799,252,1916,5717
9176,3738,9799,8497,1946,8058
9176,3738,9799,8178,4998,3815
9176,3738,9799,7697,3963,8077
9176,3738,9799,8628,1199,3811
9176,3738,9799,5913,1379,1377
9176,3738,9799,8532,1270,6298
9176,3738,9799,5287,2341,9819
9176,3738,9799,5750,5444,1905
9176,3738,9799,3317,2299,6818
9176,3738,9799,2804,2819,2720
9176,3738,9799,4341,2735,4663
9176,3738,9799,4940,2827,7208
9176,3738,9799,4432,7713,3736
9176,3738,9799,3722,2357,7676
9176,3738,9799,7635,723,1775
9176,3738,9799,6317,2492,6594
9176,3738,9799,47,1110,3417
9176,3738,9799,9906,8781,1039
9176,3738,9799,1986,563,3764
9176,3738,9799,8784,5449,2217
9176,3738,9799,9290,3624,9954
9176,3738,9799,9662,1108,1639
9176,3738,9799,6859,2975,2907
9176,3738,9799,6820,7078,4429
9176,3738,9799,3069,5438,551
9176,3738,9799,3011,3281,8392
9176,3738,9799,161,7973,4251
9176,3738,9799,7790,5781,3857
9176,3738,9799,5243,9140,6123
9176,3738,9799,8285,9697,3398
9176,3738,9799,2,9310,7776
9176,3738,9799,2657,5927,4826
9176,3738,9799,3860,5295,3666
9176,3738,9799,1277,5412,4379
9176,3738,9799,1356,8084,4539
9176,3738,9799,9942,181,8977
9176,3738,9799,7382,9469,9005
9176,3738,9799,4930,4885,5699
9176,3738,9799,5339,7882,3018
9176,3738,9799,7317,8118,6201
9176,3738,9799,5743,2754,8635
9176,3738,9799,1855,5346,5968
9176,3738,9799,6536,9685,877
9176,3738,9799,3993,9265,541
9176,3738,9799,4216,7291,4518
9176,3738,9799,7887,9175,4554
9176,3738,9799,5908,7700,6477
9176,3738,9799,3372,3472,6893
9176,3738,9799,4155,10000,5551
9176,3738,9799,4279,5483,2069
9176,3738,9799,3586,4186,9674
9176,3738,9799,5505,1740,4051
9176,3738,9799,6727,4362,7708
9176,3738,9799,4691,6624,5599
9176,3738,9799,9120,6806,1464
9176,3738,9799,5192,4771,9579
9176,3738,9799,8075,7647,7240
9176,3738,9799,4901,857,1536
9176,3738,9799,6894,4518,8873
9176,3738,9799,786,8291,2981
9176,3738,9799,2053,7615,3797
9176,3738,9799,4087,2111,7285
9176,3738,9799,8351,5502,1710
9176,3738,9799,2207,2419,3542
9176,3738,9799,4572,328,2697
9176,3738,9799,1721,8444,3294
9176,3738,9799,3854,8559,3073
9176,3738,9799,5099,3459,6253
9176,3738,9799,8620,7936,8613
9176,3738,9799,9361,3897,2166
9176,3738,9799,4442,2682,4267
9176,3738,9799,4007,3754,7037
9176,3738,9799,3257,3869,590
9176,3738,9799,8419,2657,7955
9176,3738,9799,8178,1059,706
9176,3738,9799,4610,8435,4777
9176,3738,9799,4639,6702,9911
9176,3738,9799,465,3501,1498
9176,3738,9799,9057,168,6121
9176,3738,9799,9643,7183,4409
9176,3738,9799,3533,8003,4588
9176,3738,9799,9698,4266,5029
9176,3738,9799,9567,8233,5662
9176,3738,9799,4560,1154,2591
9176,3738,9799,2210,4265,9953
9176,3738,9799,5428,7402,1200
9176,3738,9799,1205,9126,5630
9176,3738,9799,7396,3074,8914
9176,3738,9799,3313,4197,6469
9176,3738,9799,6966,507,691
9176,3738,9799,7053,7288,3758
9176,3738,9799,2219,212,7852
9176,3738,9799,6402,7363,8985
9176,3738,9799,2852,485,1353
9176,3738,9799,1000,8294,324
9176,3738,9799,2224,8429,5147
9176,3738,9799,5852,594,4510
9176,3738,9799,6751,4288,5935
9176,3738,9799,8795,4534,7537
9176,3738,9799,9567,1658,5342
9176,3738,9799,8474,7249,6996
9176,3738,9799,5400,7300,865
9176,3738,9799,394,6893,8808
9176,3738,9799,6804,5559,5906
9176,3738,9799,5215,1559,2509
9176,3738,9799,5092,2296,2700
9176,3738,9799,2632,6520,7800
9176,3738,9799,3585,8418,9674
9176,3738,9799,1904,2596,342
9176,3738,9799,2241,6634,2916
9176,3738,9799,231,7385,5719
9176,3738,9799,5021,2314,2368
9176,3738,9799,1408,3635,3626
9176,3738,9799,7910,8085,7122
9176,3738,9799,3002,1863,8669
9176,3738,9799,2968,8256,7215
9176,3738,9799,415,3948,7873
9176,3738,9799,5362,423,8059
9176,3738,9799,8981,1574,6933
9176,3738,9799,2928,8773,3050
9176,3738,9799,5870,4137,3951
9176,3738,9799,7667,6163,4722
9176,3738,9799,3902,4264,2005
9176,3738,9799,9026,6193,5899
9176,3738,9799,4240,5960,8286
9176,3738,9799,3102,4725,8163
9176,3738,9799,640,3753,9369
9176,3738,9799,3420,2672,4634
9176,3738,9799,8068,186,4484
9176,3738,9799,8701,2575,889
9176,3738,9799,7249,5194,4757
9176,3738,9799,1596,8078,4100
9176,3738,9799,2941,7333,3515
9176,3738,9799,7414,3767,308
9176,3738,9799,3234,8260,9547
9176,3738,9799,939,6306,8
9176,3738,9799,4715,5681,4187
9176,3738,9799,8940,8196,1992
9176,3738,9799,1795,1401,7430
9176,3738,9799,133,8859,3633
9176,3738,9799,4444,4232,7636
9176,3738,9799,1161,2874,9043
9176,3738,9799,5578,9638,2396
9176,3738,9799,5266,9150,5714
9176,3738,9799,6587,6220,4498
9176,3738,9799,9370,3319,8777
9176,3738,9799,49,184,6374
9176,3738,9799,8175,8411,5898
9176,3738,9799,9252,1621,9631
9176,3738,9799,7071,1457,3242
9176,3738,9799,4860,9126,7846
9176,3738,9799,6896,1747,1587
9176,3738,9799,1935,248,4321
9176,3738,9799,1141,3371,5770
9176,3738,9799,2313,9519,2567
9176,3738,9799,2182,328,1069
9176,3738,9799,7384,8626,2039
9176,3738,9799,9018,81,1727
9176,3738,9799,2267,7230,8601
9176,3738,9799,6487,2913,966
9176,3738,9799,1303,3294,8243
9176,3738,9799,5099,822,3147
9176,3738,9799,9473,6141,5617
9176,3738,9799,9613,4954,2616
9176,3738,9799,9209,9949,5391
9176,3738,9799,6483,8032,51
9176,3738,9799,188,6006,2860
9176,3738,9799,1965,4799,7205
9176,3738,9799,9815,1098,3790
9176,3738,9799,2599,6373,2964
9176,3738,9799,5963,8262,9440
9176,3738,9799,4765,8174,8936
9176,3738,9799,2517,6278,1258
9176,3738,9799,3719,5914,8345
9176,3738,9799,4430,1000,7506
9176,3738,9799,1852,8469,5852
9176,3738,9799,671,1348,2495
9176,3738,9799,6593,9791,4548
9176,3738,9799,3693,5602,6473
9176,3738,9799,7488,9933,3948
9176,3738,9799,9633,8761,7701
9176,3738,9799,9396,3779,4999
9176,3738,9799,7258,3252,6989
9176,3738,9799,132,8845,8260
9176,3738,9799,1281,3373,8344
9176,3738,9799,3093,9333,5647
9176,3738,9799,7616,7434,1706
9176,3738,9799,7932,3755,7111
9176,3738,9799,7298,2455,9845
9176,3738,9799,9696,813,3015
9176,3738,9799,2962,3383,93
9176,3738,9799,4129,896,5704
9176,3738,9799,3243,6175,1633
9176,3738,9799,3736,9409,7353
9176,3738,9799,8986,6316,1309
9176,3738,9799,3994,1362,6115
9176,3738,9799,8079,2563,6937
9176,3738,9799,2368,3182,6450
9176,3738,9799,3321,356,4137
9176,3738,9799,1574,4363,605
9176,3738,9799,6329,6650,3540
9176,3738,9799,5468,9466,2526
9176,3738,9799,5642,4373,4051
9176,3738,9799,7473,2542,7980
9176,3738,9799,8501,6131,1108
9176,3738,9799,6725,5627,153
9176,3738,9799,6968,8324,9128
9176,3738,9799,3749,2096,1023
9176,3738,9799,4601,9949,9618
9176,3738,9799,9294,1935,5498
9176,3738,9799,3726,6000,7109
9176,3738,9799,8215,1723,2181
9176,3738,9799,9638,8453,8292
9176,3738,9799,3143,4503,2716
9176,3738,9799,5809,4092,9202
9176,3738,9799,8289,2563,7709
9176,3738,9799,8266,4959,6957
9176,3738,9799,2191,1317,7527
9176,3738,9799,2199,6215,373
9176,3738,9799,1086,113,2465
9176,3738,9799,4511,7933,4308
9176,3738,9799,4809,8389,314
9176,3738,9799,8675,912,6467
9176,3738,9799,6115,5708,7571
9176,3738,9799,8039,6566,9566
9176,3738,9799,7077,8331,2049
9176,3738,9799,7521,5009,3795
