5276,1331,4444,9699,4795,4335
5276,1331,4444,9109,6546,3803
5276,1331,4444,5441,6321,9121
5276,1331,4444,1118,4942,1931
5276,1331,4444,7903,7552,9832
5276,1331,4444,4159,7798,6701
5276,1331,4444,7755,6926,4158
5276,1331,4444,1377,5642,7302
5276,1331,4444,9403,4138,9631
5276,1331,4444,1146,9755,7170
5276,1331,4444,3327,9004,1777
5276,1331,4444,6625,886,6501
5276,1331,4444,5869,6694,4186
5276,1331,4444,5967,6064,6666
5276,1331,4444,9259,5005,6932
5276,1331,4444,2445,447,7278
5276,1331,4444,4550,175,6785
5276,1331,4444,2780,7939,8485
5276,1331,4444,4980,2502,8263
5276,1331,4444,8679,4954,9807
5276,1331,4444,5958,8164,3559
5276,1331,4444,6439,2226,1994
5276,1331,4444,7505,2781,66
5276,1331,4444,1865,1107,9683
5276,1331,4444,7287,2137,3012
5276,1331,4444,7075,283,1855
5276,1331,4444,739,3527,5072
5276,1331,4444,1947,686,1145
5276,1331,4444,4637,7412,1973
5276,1331,4444,3754,2585,7993
5276,1331,4444,798,4842,1453
5276,1331,4444,1524,1592,6169
5276,1331,4444,8093,3430,4867
5276,1331,4444,9007,7123,3129
5276,1331,4444,192,2346,6234
5276,1331,4444,4275,8319,4894
5276,1331,4444,9556,1741,3452
5276,1331,4444,8167,6693,3098
5276,1331,4444,8482,3188,3459
5276,1331,4444,5123,6595,4861
5276,1331,4444,1434,8866,4771
5276,1331,4444,4081,1664,3963
5276,1331,4444,506,1494,4590
5276,1331,4444,7935,1433,6556
5276,1331,4444,3484,2839,1096
5276,1331,4444,1752,6064,2280
5276,1331,4444,3982,5279,9269
5276,1331,4444,882,6373,5182
5276,1331,4444,2015,7454,1902
5276,1331,4444,2076,4467,527
5276,1331,4444,7378,6905,5656
5276,1331,4444,9594,9299,3026
5276,1331,4444,1377,4570,4670
5276,1331,4444,6899,178,6312
5276,1331,4444,637,5582,5112
5276,1331,4444,9475,4387,3206
5276,1331,4444,8348,236,2454
5276,1331,4444,8503,8466,4321
5276,1331,4444,9363,1296,3103
5276,1331,4444,3892,6635,7000
5276,1331,4444,603,2099,2226
5276,1331,4444,4284,8173,7377
5276,1331,4444,9866,4886,7625
5276,1331,4444,5687,4947,7026
5276,1331,4444,6483,3838,1698
5276,1331,4444,1065,597,5772
5276,1331,4444,5028,2375,3715
5276,1331,4444,561,1836,7126
5276,1331,4444,401,8129,8391
5276,1331,4444,8527,4526,8876
5276,1331,4444,4691,7724,6842
5276,1331,4444,6495,3622,4354
5276,1331,4444,7265,1340,8742
5276,1331,4444,5158,3857,6934
5276,1331,4444,9241,7877,6445
5276,1331,4444,9741,7430,2023
5276,1331,4444,5910,6448,229
5276,1331,4444,1424,6246,5975
5276,1331,4444,9324,2782,9678
5276,1331,4444,2382,4560,9413
5276,1331,4444,2926,1218,2889
5276,1331,4444,1384,7421,4794
5276,1331,4444,4059,834,1622
5276,1331,4444,9622,8767,6285
5276,1331,4444,8513,3307,1716
5276,1331,4444,6865,1628,8318
5276,1331,4444,7824,5887,7971
5276,1331,4444,2949,1227,9085
5276,1331,4444,4414,3867,253
5276,1331,4444,2712,5305,1926
5276,1331,4444,3382,5885,827
5276,1331,4444,4923,3541,5501
5276,1331,4444,711,8969,487
5276,1331,4444,2392,9183,3157
5276,1331,4444,3988,3606,9971
5276,1331,4444,6436,6559,2628
5276,1331,4444,2069,7508,7395
5276,1331,4444,8468,7712,4556
5276,1331,4444,5613,6959,4417
5276,1331,4444,9189,3715,8067
5276,1331,4444,4165,7812,3643
5276,1331,4444,1112,4524,4258
5276,1331,4444,1525,2157,9213
5276,1331,4444,2723,5737,2040
5276,1331,4444,9099,316,3303
5276,1331,4444,5414,1875,8835
5276,1331,4444,1511,8315,3421
5276,1331,4444,9081,6146,8023
5276,1331,4444,6266,828,9570
5276,1331,4444,6809,339,4047
5276,1331,4444,4841,4910,7451
5276,1331,4444,7300,3283,8208
5276,1331,4444,3259,132,1926
5276,1331,4444,1630,8264,5516
5276,1331,4444,4344,4177,5336
5276,1331,4444,8215,169,8129
5276,1331,4444,1328,8859,2397
5276,1331,4444,2467,2030,897
5276,1331,4444,7232,8934,6327
5276,1331,4444,1484,9577,558
5276,1331,4444,3174,4462,5015
5276,1331,4444,230,9659,3745
5276,1331,4444,1055,5165,8967
5276,1331,4444,9795,3551,1799
5276,1331,4444,958,2320,8608
5276,1331,4444,8607,2036,276
5276,1331,4444,704,3123,4992
5276,1331,4444,8951,6361,4161
5276,1331,4444,5938,6184,8834
5276,1331,4444,3297,5571,8991
5276,1331,4444,8046,195,8846
5276,1331,4444,1168,2018,3383
5276,1331,4444,7039,8300,6847
5276,1331,4444,1247,8372,2432
5276,1331,4444,3796,5628,2865
5276,1331,4444,6561,3935,8969
5276,1331,4444,6192,5089,7864
5276,1331,4444,1899,6489,8904
5276,1331,4444,5301,7124,3032
5276,1331,4444,551,7831,5366
5276,1331,4444,4949,1822,6557
5276,1331,4444,1468,5370,5919
5276,1331,4444,8081,8724,1044
5276,1331,4444,1190,7499,694
5276,1331,4444,5656,7020,4799
5276,1331,4444,3637,1860,9885
5276,1331,4444,596,4131,8852
5276,1331,4444,2579,766,3216
5276,1331,4444,5444,2416,956
5276,1331,4444,4860,6197,9279
5276,1331,4444,2289,2536,2567
5276,1331,4444,3376,868,3170
5276,1331,4444,3338,757,28
5276,1331,4444,2600,7707,7562
5276,1331,4444,205,37,3174
5276,1331,4444,6854,5823,3092
5276,1331,4444,8847,7244,2619
5276,1331,4444,163,9023,4714
5276,1331,4444,5495,1513,5964
5276,1331,4444,7585,2361,3392
5276,1331,4444,9926,2330,3595
5276,1331,4444,1634,1658,1068
5276,1331,4444,6479,6685,7404
5276,1331,4444,3080,6259,8586
5276,1331,4444,4462,2602,7098
5276,1331,4444,3804,7042,4468
5276,1331,4444,8799,1087,4674
5276,1331,4444,8826,9066,966
5276,1331,4444,5038,9213,4568
5276,1331,4444,3246,3513,7161
5276,1331,4444,4443,2852,2862
5276,1331,4444,5326,2788,1740
5276,1331,4444,3552,1856,3011
5276,1331,4444,5731,2748,142
5276,1331,4444,2574,8940,1541
5276,1331,4444,6624,8193,8450
5276,1331,4444,9696,5397,9030
5276,1331,4444,4645,8221,2980
5276,1331,4444,783,8693,5379
5276,1331,4444,6708,1124,7481
5276,1331,4444,3095,7643,9486
5276,1331,4444,2369,7484,3645
5276,1331,4444,77,4483,9343
5276,1331,4444,5507,6702,7442
5276,1331,4444,7951,9349,242
5276,1331,4444,3227,4324,9731
5276,1331,4444,9350,1141,5176
5276,1331,4444,5259,405,4132
5276,1331,4444,9032,9228,9834
5276,1331,4444,3314,6959,8464
5276,1331,4444,7179,5765,735
5276,1331,4444,4311,6506,4892
5276,1331,4444,5418,308,6105
5276,1331,4444,5173,2537,556
5276,1331,4444,627,5807,2545
5276,1331,4444,5838,754,1010
5276,1331,4444,1338,6421,1529
5276,1331,4444,297,7848,6278
5276,1331,4444,8739,3182,6003
5276,1331,4444,102,2243,2574
5276,1331,4444,418,2151,395
5276,1331,4444,4092,3522,8633
5276,1331,4444,3786,3934,6966
5276,1331,4444,7017,996,1706
5276,1331,4444,6577,6064,6577
5276,1331,4444,6445,2346,1244
5276,1331,4444,7414,8464,790
5276,1331,4444,8420,9675,5299
5276,1331,4444,1973,4671,8821
5276,1331,4444,581,9550,8476
5276,1331,4444,9891,1865,4247
5276,1331,4444,7102,7600,7103
5276,1331,4444,2,4052,6863
5276,1331,4444,7302,4882,5714
5276,1331,4444,4082,8623,1185
5276,1331,4444,9869,5441,2663
5276,1331,4444,6229,3274,2249
5276,1331,4444,136,5465,979
5276,1331,4444,7209,1188,6602
5276,1331,4444,6103,1745,6197
5276,1331,4444,4923,9403,3570
5276,1331,4444,2329,7003,9776
5276,1331,4444,623,5733,6988
5276,1331,4444,9253,759,315
5276,1331,4444,4517,7629,4645
5276,1331,4444,4318,3874,2645
5276,1331,4444,3849,6373,1466
5276,1331,4444,1066,7616,6513
5276,1331,4444,4492,9551,4749
5276,1331,4444,1757,5907,3378
5276,1331,4444,6760,4853,7140
5276,1331,4444,5282,875,3508
5276,1331,4444,5901,7629,4565
5276,1331,4444,9558,1809,2255
5276,1331,4444,3356,2758,8517
5276,1331,4444,7157,5487,4795
5276,1331,4444,6760,4942,3938
5276,1331,4444,4309,808,1876
5276,1331,4444,7714,9451,8104
5276,1331,4444,3458,4456,6248
5276,1331,4444,5924,8968,2872
5276,1331,4444,2881,4913,9863
5276,1331,4444,3878,4987,1640
5276,1331,4444,5355,3203,6607
5276,1331,4444,6958,6598,846
5276,1331,4444,717,6504,2426
5276,1331,4444,2138,8110,2843
5276,1331,4444,2454,5835,9416
5276,1331,4444,279,5191,8031
5276,1331,4444,7732,8463,2898
5276,1331,4444,3982,5516,6732
5276,1331,4444,6244,2250,455
5276,1331,4444,4811,1242,4096
5276,1331,4444,3962,2539,8446
5276,1331,4444,7698,3552,6656
5276,1331,4444,2664,5119,8926
5276,1331,4444,2851,2876,5959
5276,1331,4444,7805,4365,6154
5276,1331,4444,8673,5359,6270
5276,1331,4444,329,1183,3450
5276,1331,4444,9661,3221,658
5276,1331,4444,7512,7802,8777
5276,1331,4444,1219,8759,118
5276,1331,4444,2348,6156,3962
5276,1331,4444,1966,6962,7550
5276,1331,4444,6906,3646,9715
5276,1331,4444,3516,9350,8062
5276,1331,4444,4288,6120,2439
5276,1331,4444,921,6629,9207
5276,1331,4444,4842,3632,111
5276,1331,4444,7730,1233,6241
5276,1331,4444,4697,2841,8967
5276,1331,4444,4189,9726,3341
5276,1331,4444,8624,8836,697
5276,1331,4444,9547,8416,4797
5276,1331,4444,8798,9151,2128
5276,1331,4444,8998,7980,2680
5276,1331,4444,8630,691,6819
5276,1331,4444,6560,8415,1515
5276,1331,4444,1908,1914,6741
5276,1331,4444,5232,8286,5250
5276,1331,4444,9101,2254,7414
5276,1331,4444,9624,5033,3721
5276,1331,4444,8199,6570,7243
5276,1331,4444,8538,7797,8280
5276,1331,4444,8606,6067,4215
5276,1331,4444,5815,9443,8886
5276,1331,4444,1157,4766,5584
5276,1331,4444,2886,3429,1023
5276,1331,4444,561,9605,7341
5276,1331,4444,4547,4869,5741
5276,1331,4444,598,4850,6761
5276,1331,4444,8269,5964,5264
5276,1331,4444,2982,3959,6504
5276,1331,4444,8959,4184,1460
5276,1331,4444,2140,9705,6464
5276,1331,4444,42,6643,6481
5276,1331,4444,797,867,7885
5276,1331,4444,8830,7263,1840
5276,1331,4444,7284,8189,9753
5276,1331,4444,6990,6800,3284
5276,1331,4444,4497,3642,7450
5276,1331,4444,7003,6616,3798
5276,1331,4444,3585,5209,4131
5276,1331,4444,7997,2206,4413
5276,1331,4444,8728,9963,9687
5276,1331,4444,6649,6377,6579
5276,1331,4444,7993,1285,2440
5276,1331,4444,4979,394,5662
5276,1331,4444,5372,2721,1423
5276,1331,4444,4083,7489,2558
5276,1331,4444,5654,3838,208
5276,1331,4444,3961,6959,4532
5276,1331,4444,848,7687,7753
5276,1331,4444,362,3862,7587
5276,1331,4444,5975,3476,5415
5276,1331,4444,851,4697,8690
5276,1331,4444,8287,633,6980
5276,1331,4444,7960,4343,4603
5276,1331,4444,6450,5633,4184
5276,1331,4444,1042,2010,7825
5276,1331,4444,4569,6631,7797
5276,1331,4444,7071,1791,569
5276,1331,4444,695,6588,5023
5276,1331,4444,7946,5717,1879
5276,1331,4444,3398,9705,2577
5276,1331,4444,4949,8771,6843
5276,1331,4444,2370,8134,3335
5276,1331,4444,8787,4142,7556
5276,1331,4444,3859,7273,9832
5276,1331,4444,8906,1261,6213
5276,1331,4444,3836,6815,3700
5276,1331,4444,5858,8476,551
5276,1331,4444,402,9214,3052
5276,1331,4444,5948,7477,1194
5276,1331,4444,2861,3902,6430
5276,1331,4444,9365,9026,2035
5276,1331,4444,2999,1499,1838
5276,1331,4444,3759,7280,7535
5276,1331,4444,932,992,8681
5276,1331,4444,7694,8143,2985
5276,1331,4444,1054,2372,4815
5276,1331,4444,930,6776,7735
5276,1331,4444,9019,6490,6778
5276,1331,4444,1993,2218,8685
5276,1331,4444,9558,3428,6698
5276,1331,4444,7118,1813,4795
5276,1331,4444,8045,4436,2718
5276,1331,4444,9926,4480,7094
5276,1331,4444,4295,4869,4422
5276,1331,4444,1397,1879,702
5276,1331,4444,8358,467,1792
5276,1331,4444,5012,9784,3730
5276,1331,4444,7170,5172,9803
5276,1331,4444,1594,8147,6373
5276,1331,4444,458,2542,9767
5276,1331,4444,7148,1231,9177
5276,1331,4444,1125,7493,9750
5276,1331,4444,8490,8957,6468
5276,1331,4444,3395,1085,5306
5276,1331,4444,7352,3938,8358
5276,1331,4444,2411,4280,782
5276,1331,4444,6570,1229,9198
5276,1331,4444,9461,8630,5329
5276,1331,4444,3628,5913,3010
5276,1331,4444,8775,9668,4640
5276,1331,4444,4453,615,1983
5276,1331,4444,6955,1046,2284
5276,1331,4444,9247,2186,7579
5276,1331,4444,6193,1417,7402
5276,1331,4444,5309,1016,6458
5276,1331,4444,3297,3935,7225
5276,1331,4444,6823,6148,5216
5276,1331,4444,4608,1415,101
5276,1331,4444,9353,5069,1537
5276,1331,4444,6734,9710,1930
5276,1331,4444,519,7429,2443
5276,1331,4444,8618,5197,4749
5276,1331,4444,790,4796,7568
5276,1331,4444,6552,7345,54
5276,1331,4444,7945,2658,6319
5276,1331,4444,6252,5808,9295
5276,1331,4444,4617,9617,4467
5276,1331,4444,1401,5474,4710
5276,1331,4444,5183,3982,4568
5276,1331,4444,1012,357,7437
5276,1331,4444,7519,7363,3682
5276,1331,4444,9808,8547,7764
5276,1331,4444,1075,5411,1925
5276,1331,4444,2140,7794,1272
5276,1331,4444,7938,7416,7249
5276,1331,4444,2063,3169,1136
5276,1331,4444,6584,5789,7190
5276,1331,4444,261,9431,3744
5276,1331,4444,6254,3839,2441
5276,1331,4444,9214,4631,3488
5276,1331,4444,1926,3810,2035
5276,1331,4444,5891,1504,9668
5276,1331,4444,5318,6426,5605
5276,1331,4444,3870,4597,1176
5276,1331,4444,366,9692,2932
5276,1331,4444,3355,3657,9325
5276,1331,4444,1301,3588,1683
5276,1331,4444,7569,4363,8027
5276,1331,4444,3808,8258,3526
5276,1331,4444,8467,2237,1466
5276,1331,4444,4396,757,4653
5276,1331,4444,7138,8428,3017
5276,1331,4444,6864,9561,8754
5276,1331,4444,3149,2759,8254
5276,1331,4444,3770,2219,3705
5276,1331,4444,2292,1257,1076
5276,1331,4444,7931,506,2988
5276,1331,4444,7580,6688,3051
5276,1331,4444,6190,3169,3594
5276,1331,4444,9167,6084,9834
5276,1331,4444,7337,4230,4097
5276,1331,4444,2521,9189,1330
5276,1331,4444,203,5841,1422
5276,1331,4444,8356,9408,6943
5276,1331,4444,5505,6873,2417
5276,1331,4444,7215,3327,7927
5276,1331,4444,3354,7330,810
5276,1331,4444,4581,4766,9467
5276,1331,4444,1223,1078,5543
5276,1331,4444,4125,8944,2246
5276,1331,4444,6773,8304,2457
5276,1331,4444,7471,8170,8598
5276,1331,4444,9392,7649,9459
5276,1331,4444,663,5331,996
5276,1331,4444,6398,1058,7620
5276,1331,4444,47,8461,1818
5276,1331,4444,7653,662,8175
5276,1331,4444,6192,7724,1733
5276,1331,4444,8183,9800,1953
5276,1331,4444,8995,5370,7190
5276,1331,4444,4664,6847,9324
5276,1331,4444,7477,7189,6963
5276,1331,4444,6745,8292,7375
5276,1331,4444,4147,7967,6826
5276,1331,4444,4713,8627,682
5276,1331,4444,6682,6997,2029
5276,1331,4444,6439,2330,3575
5276,1331,4444,6997,9810,783
5276,1331,4444,8329,1754,1068
5276,1331,4444,4575,4386,2368
5276,1331,4444,795,5769,6157
5276,1331,4444,8763,9273,6877
5276,1331,4444,531,2027,9690
5276,1331,4444,5524,3860,5931
5276,1331,4444,7887,6933,5983
5276,1331,4444,334,9358,5779
5276,1331,4444,4866,4511,3215
5276,1331,4444,6554,8425,8403
5276,1331,4444,4167,4438,9672
5276,1331,4444,5583,753,3039
5276,1331,4444,7099,1688,7593
5276,1331,4444,2501,7453,2723
5276,1331,4444,8338,2822,4731
5276,1331,4444,9639,3040,45
5276,1331,4444,9373,3371,3305
5276,1331,4444,6835,9022,6363
5276,1331,4444,4335,7091,1393
5276,1331,4444,1318,8397,1648
5276,1331,4444,7392,3168,3916
5276,1331,4444,4116,4965,8009
5276,1331,4444,9959,7096,3707
5276,1331,4444,7464,916,682
5276,1331,4444,390,2492,2877
5276,1331,4444,5414,5830,2603
5276,1331,4444,5806,6275,2606
5276,1331,4444,5753,1106,8176
5276,1331,4444,8276,6160,164
5276,1331,4444,3459,438,6851
5276,1331,4444,8530,9148,3019
5276,1331,4444,3850,4560,5712
5276,1331,4444,4911,1670,610
5276,1331,4444,5110,4005,2003
5276,1331,4444,8237,8840,9408
5276,1331,4444,5193,3647,9114
5276,1331,4444,579,301,7021
5276,1331,4444,5565,9924,2861
5276,1331,4444,8363,3436,2993
5276,1331,4444,5744,3796,2572
5276,1331,4444,7164,296,8429
5276,1331,4444,5109,7707,4809
5276,1331,4444,7972,9178,7083
5276,1331,4444,6221,7602,4864
5276,1331,4444,7167,8814,1740
5276,1331,4444,7,1501,8347
5276,1331,4444,719,798,5743
5276,1331,4444,1635,7772,5516
5276,1331,4444,6632,9563,420
5276,1331,4444,1099,7257,8830
5276,1331,4444,1326,8756,7245
5276,1331,4444,83,902,374
5276,1331,4444,2893,9978,20
5276,1331,4444,5521,3246,2330
5276,1331,4444,8595,7962,890
5276,1331,4444,7314,7605,914
5276,1331,4444,7779,9270,1861
5276,1331,4444,38,4259,6221
5276,1331,4444,1013,7325,4493
5276,1331,4444,5386,616,9787
5276,1331,4444,2674,1578,2369
5276,1331,4444,8193,6488,1947
5276,1331,4444,6560,9485,4493
5276,1331,4444,5007,1343,3916
5276,1331,4444,5829,7613,2690
5276,1331,4444,8784,2595,843
