1424,3560,2792,1401,1840,6771
1424,3560,2792,5828,5262,7083
1424,3560,2792,4584,1892,5339
1424,3560,2792,8538,2405,3794
1424,3560,2792,8995,5946,9423
1424,3560,2792,6832,4894,9829
1424,3560,2792,4569,2626,4388
1424,3560,2792,8454,276,9113
1424,3560,2792,6210,8441,7593
1424,3560,2792,6836,465,3658
1424,3560,2792,7342,2621,7523
1424,3560,2792,7463,779,1541
1424,3560,2792,8101,967,5140
1424,3560,2792,4503,875,7003
1424,3560,2792,6440,4364,2526
1424,3560,2792,4392,1385,8300
1424,3560,2792,6651,6432,3955
1424,3560,2792,3361,926,4882
1424,3560,2792,7805,1988,8372
1424,3560,2792,1512,1077,7751
1424,3560,2792,6286,4443,7695
1424,3560,2792,4419,102,9134
1424,3560,2792,845,4019,5765
1424,3560,2792,9603,2652,3512
1424,3560,2792,3670,3308,5663
1424,3560,2792,7052,1410,1060
1424,3560,2792,7449,6076,4674
1424,3560,2792,9659,8508,4356
1424,3560,2792,5695,2206,1374
1424,3560,2792,7407,9764,8828
1424,3560,2792,4077,8271,7856
1424,3560,2792,585,2285,3639
1424,3560,2792,4670,5058,6940
1424,3560,2792,5655,1893,7368
1424,3560,2792,9581,7056,1968
1424,3560,2792,9588,4339,4598
1424,3560,2792,694,2776,4821
1424,3560,2792,5821,3461,5464
1424,3560,2792,114,9071,9161
1424,3560,2792,7958,1018,7920
1424,3560,2792,8989,1196,8523
1424,3560,2792,8342,9647,5879
1424,3560,2792,4789,4054,4292
1424,3560,2792,2919,2594,5926
1424,3560,2792,150,5971,4662
1424,3560,2792,5905,1274,7760
1424,3560,2792,6778,6993,9363
1424,3560,2792,7871,7209,8573
1424,3560,2792,9979,3842,7796
1424,3560,2792,651,7209,6433
1424,3560,2792,3878,2558,9510
1424,3560,2792,5163,4089,2453
1424,3560,2792,1354,3379,8948
1424,3560,2792,6587,4303,4839
1424,3560,2792,1982,8615,6016
1424,3560,2792,567,6805,9315
1424,3560,2792,2263,4058,8826
1424,3560,2792,3476,5144,5089
1424,3560,2792,1294,6617,1675
1424,3560,2792,7196,9137,7495
1424,3560,2792,3885,8859,8141
1424,3560,2792,6248,5751,8337
1424,3560,2792,3417,4010,2889
1424,3560,2792,660,1242,1682
1424,3560,2792,9897,5045,8481
1424,3560,2792,5408,6496,7981
1424,3560,2792,9709,8183,7077
1424,3560,2792,6241,976,9252
1424,3560,2792,9243,4599,4645
1424,3560,2792,5277,8097,2664
1424,3560,2792,3957,6732,5754
1424,3560,2792,4258,1983,7780
1424,3560,2792,8049,3570,9421
1424,3560,2792,2206,9757,7635
1424,3560,2792,6530,2662,8091
1424,3560,2792,2527,4366,1127
1424,3560,2792,5447,3438,1444
1424,3560,2792,4585,313,5205
1424,3560,2792,8631,6257,831
1424,3560,2792,1521,7270,1854
1424,3560,2792,8133,2655,363
1424,3560,2792,6581,3424,9309
1424,3560,2792,5215,299,7376
1424,3560,2792,2599,2651,2860
1424,3560,2792,828,6570,9177
1424,3560,2792,6407,5779,2082
1424,3560,2792,908,3178,3587
1424,3560,2792,4319,4758,6158
1424,3560,2792,861,649,2594
1424,3560,2792,6485,6867,765
1424,3560,2792,1076,188,3323
1424,3560,2792,7167,2257,438
1424,3560,2792,4987,3511,4841
1424,3560,2792,4977,8131,683
1424,3560,2792,9382,1756,1107
1424,3560,2792,3596,5782,3950
1424,3560,2792,6466,9272,9310
1424,3560,2792,1845,3831,8597
1424,3560,2792,8815,1182,581
1424,3560,2792,3301,8104,6913
1424,3560,2792,1957,5185,5714
1424,3560,2792,6982,2184,6481
1424,3560,2792,4616,8460,6911
1424,3560,2792,5205,379,5031
1424,3560,2792,2860,5322,8671
1424,3560,2792,9785,3654,2121
1424,3560,2792,5848,9770,154
1424,3560,2792,3482,8018,4518
1424,3560,2792,2687,577,7346
1424,3560,2792,964,4907,4132
1424,3560,2792,5170,4834,4336
1424,3560,2792,8272,7135,3749
1424,3560,2792,590,9170,8863
1424,3560,2792,9808,8421,1045
1424,3560,2792,9284,5084,5829
1424,3560,2792,281,4743,2749
1424,3560,2792,9730,3708,8648
1424,3560,2792,4222,7019,6262
1424,3560,2792,9509,3994,8044
1424,3560,2792,2424,8239,7222
1424,3560,2792,8147,9649,8230
1424,3560,2792,7232,820,5059
1424,3560,2792,2033,4828,6714
1424,3560,2792,2331,8749,6996
1424,3560,2792,3919,3865,6721
1424,3560,2792,8434,2343,1537
1424,3560,2792,8362,5419,4879
1424,3560,2792,4886,3135,5464
1424,3560,2792,8829,6682,8846
1424,3560,2792,6687,7341,2966
1424,3560,2792,6296,5703,1773
1424,3560,2792,6036,9858,7039
1424,3560,2792,3834,9437,408
1424,3560,2792,4561,1720,3132
1424,3560,2792,8186,4923,8602
1424,3560,2792,1841,7911,1313
1424,3560,2792,8791,2846,2139
1424,3560,2792,5349,9695,1715
1424,3560,2792,2196,8338,3376
1424,3560,2792,9531,8761,6784
1424,3560,2792,6743,8770,8216
1424,3560,2792,3719,7416,2602
1424,3560,2792,4579,4518,5773
1424,3560,2792,3995,3708,8081
1424,3560,2792,7471,5510,9595
1424,3560,2792,4737,1030,665
1424,3560,2792,9914,4480,9507
1424,3560,2792,3527,5134,4771
1424,3560,2792,44,286,2093
1424,3560,2792,7054,7148,4047
1424,3560,2792,2978,309,7156
1424,3560,2792,4948,9964,4997
1424,3560,2792,8241,4385,6740
1424,3560,2792,4440,5713,7932
1424,3560,2792,4914,2635,9988
1424,3560,2792,636,5580,9948
1424,3560,2792,1355,8867,1961
1424,3560,2792,3168,9263,5575
1424,3560,2792,4625,873,5233
1424,3560,2792,6835,1645,7792
1424,3560,2792,4824,6585,8224
1424,3560,2792,7578,470,4987
1424,3560,2792,9602,602,7766
1424,3560,2792,7285,5238,5160
1424,3560,2792,2382,3674,9318
1424,3560,2792,9001,5311,9305
1424,3560,2792,4057,3843,5913
1424,3560,2792,5364,8478,8982
1424,3560,2792,8757,5144,2557
1424,3560,2792,7395,3445,4379
1424,3560,2792,6898,7828,252
1424,3560,2792,7037,2321,952
1424,3560,2792,7746,3260,3574
1424,3560,2792,701,798,7747
1424,3560,2792,5550,3476,279
1424,3560,2792,1564,4280,2334
1424,3560,2792,1127,1021,2678
1424,3560,2792,515,1579,4483
1424,3560,2792,8178,5237,2487
1424,3560,2792,6106,544,582
1424,3560,2792,6221,7312,6306
1424,3560,2792,2134,8565,9192
1424,3560,2792,8813,8839,3592
1424,3560,2792,7934,7392,1037
1424,3560,2792,4553,1752,3225
1424,3560,2792,8951,4769,9236
1424,3560,2792,8325,2055,1070
1424,3560,2792,1000,9671,5044
1424,3560,2792,1596,3197,7245
1424,3560,2792,7002,8852,5231
1424,3560,2792,2773,3717,208
1424,3560,2792,2799,2786,826
1424,3560,2792,8696,5155,9824
1424,3560,2792,4978,56,5474
1424,3560,2792,2997,5920,4042
1424,3560,2792,791,73,4300
1424,3560,2792,4369,3074,2444
1424,3560,2792,9004,5593,1406
1424,3560,2792,2097,8068,6560
1424,3560,2792,8000,3972,4289
1424,3560,2792,8796,9449,8545
1424,3560,2792,6306,1179,137
1424,3560,2792,2751,2211,7039
1424,3560,2792,7708,8688,448
1424,3560,2792,7776,4470,4053
1424,3560,2792,1615,2750,96
1424,3560,2792,7502,4955,6616
1424,3560,2792,59,4559,7012
1424,3560,2792,3346,8357,236
1424,3560,2792,1960,3929,6445
1424,3560,2792,3161,2096,8072
1424,3560,2792,7475,8116,9674
1424,3560,2792,3170,2316,6617
1424,3560,2792,9628,1793,270
1424,3560,2792,2187,9104,6928
1424,3560,2792,1848,3315,1648
1424,3560,2792,1698,7384,7933
1424,3560,2792,1742,1116,609
1424,3560,2792,5610,9608,2655
1424,3560,2792,6393,5076,8175
1424,3560,2792,3774,2625,3072
1424,3560,2792,7137,1565,4004
1424,3560,2792,3064,5855,8012
1424,3560,2792,7983,8456,7415
1424,3560,2792,5718,484,1187
1424,3560,2792,4349,551,1923
1424,3560,2792,7921,5737,4280
1424,3560,2792,9541,1223,4608
1424,3560,2792,498,9647,3696
1424,3560,2792,3575,9986,5481
1424,3560,2792,9763,8041,5995
1424,3560,2792,8125,6447,3573
1424,3560,2792,3097,9652,5068
1424,3560,2792,7496,5889,4240
1424,3560,2792,9272,9599,7701
1424,3560,2792,8948,8725,9350
1424,3560,2792,5799,5982,2453
1424,3560,2792,3091,6252,8452
1424,3560,2792,2692,8385,9912
1424,3560,2792,827,8485,3827
1424,3560,2792,7412,96,1725
1424,3560,2792,2864,9748,6400
1424,3560,2792,1917,3276,4066
1424,3560,2792,5900,3808,6734
1424,3560,2792,1464,4456,6193
1424,3560,2792,9859,3814,496
1424,3560,2792,1090,8872,8642
1424,3560,2792,3040,3149,9341
1424,3560,2792,1794,2608,3689
1424,3560,2792,9885,908,5466
1424,3560,2792,4733,7873,7093
1424,3560,2792,2688,4719,3971
1424,3560,2792,8668,4496,1939
1424,3560,2792,5884,4321,8740
1424,3560,2792,6814,5883,3979
1424,3560,2792,3674,9598,4217
1424,3560,2792,3668,2007,2850
1424,3560,2792,739,810,7892
1424,3560,2792,9891,7535,6585
1424,3560,2792,8161,5942,9985
1424,3560,2792,3868,2753,6383
1424,3560,2792,1310,2580,6000
1424,3560,2792,965,8797,4765
1424,3560,2792,2526,830,9360
1424,3560,2792,800,9771,1378
1424,3560,2792,9541,768,6578
1424,3560,2792,6448,7164,6529
1424,3560,2792,1370,3778,5976
1424,3560,2792,3435,7391,1492
1424,3560,2792,1988,9396,839
1424,3560,2792,888,4095,4805
1424,3560,2792,3297,1634,6155
1424,3560,2792,9296,7907,9198
1424,3560,2792,6925,6248,7523
1424,3560,2792,2556,3582,7031
1424,3560,2792,9229,1942,6335
1424,3560,2792,1508,3063,4503
1424,3560,2792,2948,1372,8382
1424,3560,2792,5403,2872,1050
1424,3560,2792,8049,9067,515
1424,3560,2792,8539,8699,4944
1424,3560,2792,8405,3162,8574
1424,3560,2792,5636,5075,7526
1424,3560,2792,2363,1710,813
1424,3560,2792,3737,6926,280
1424,3560,2792,3067,9600,6471
1424,3560,2792,2000,3982,1277
1424,3560,2792,5574,6273,22
1424,3560,2792,3461,8472,4874
1424,3560,2792,7589,931,4309
1424,3560,2792,6711,2736,872
1424,3560,2792,4652,2990,197
1424,3560,2792,8021,8009,7112
1424,3560,2792,52,3213,2082
1424,3560,2792,5950,2429,8244
1424,3560,2792,2128,5096,5172
1424,3560,2792,8734,5921,1175
1424,3560,2792,6702,6792,5913
1424,3560,2792,7366,2022,550
1424,3560,2792,5605,6276,5159
1424,3560,2792,6034,1382,554
1424,3560,2792,7072,9463,4143
1424,3560,2792,3488,3943,1272
1424,3560,2792,1962,8284,5373
1424,3560,2792,4802,6245,2950
1424,3560,2792,9974,5378,6263
1424,3560,2792,8959,7431,6632
1424,3560,2792,8021,62,3210
1424,3560,2792,2249,1659,1849
1424,3560,2792,8362,3160,469
1424,3560,2792,8184,541,307
1424,3560,2792,907,4055,8915
1424,3560,2792,9199,8288,9356
1424,3560,2792,9296,6747,5888
1424,3560,2792,4416,7981,7864
1424,3560,2792,1809,6004,9148
1424,3560,2792,8095,1756,3561
1424,3560,2792,370,1563,6712
1424,3560,2792,7293,4133,6483
1424,3560,2792,3426,3665,1375
1424,3560,2792,2319,5678,9752
1424,3560,2792,7932,1652,387
1424,3560,2792,5687,3458,6470
1424,3560,2792,1865,9690,9199
1424,3560,2792,8470,2252,6656
1424,3560,2792,5402,7952,4747
1424,3560,2792,8319,479,6449
1424,3560,2792,6727,8814,7009
1424,3560,2792,9434,5468,6226
1424,3560,2792,3220,5104,3600
1424,3560,2792,1515,5522,7069
1424,3560,2792,3811,874,9818
1424,3560,2792,9693,562,9131
1424,3560,2792,9702,9230,8447
1424,3560,2792,2642,6645,5164
1424,3560,2792,6360,2046,3774
1424,3560,2792,146,4587,4159
1424,3560,2792,1979,5104,78
1424,3560,2792,5100,7048,9747
1424,3560,2792,9848,5242,9857
1424,3560,2792,439,6207,8454
1424,3560,2792,682,2665,7079
1424,3560,2792,7361,8910,9031
1424,3560,2792,7910,9591,9617
1424,3560,2792,7607,8702,4537
1424,3560,2792,4783,4673,9377
1424,3560,2792,2525,2864,7909
1424,3560,2792,5651,342,5702
1424,3560,2792,3241,7592,2989
1424,3560,2792,9909,9616,6141
1424,3560,2792,4130,3797,5667
1424,3560,2792,5807,4149,3204
1424,3560,2792,700,9823,3714
1424,3560,2792,5500,9192,9707
1424,3560,2792,9681,9360,9501
1424,3560,2792,9376,9354,2451
1424,3560,2792,9228,5533,6772
1424,3560,2792,394,7553,4833
1424,3560,2792,1994,1008,3303
1424,3560,2792,8865,9950,2162
1424,3560,2792,5107,2241,840
1424,3560,2792,4136,6746,5363
1424,3560,2792,5087,6439,4536
1424,3560,2792,4794,9834,922
1424,3560,2792,4938,389,9270
1424,3560,2792,1825,5649,1129
1424,3560,2792,3074,8729,8476
1424,3560,2792,5744,9679,4451
1424,3560,2792,939,9598,7604
1424,3560,2792,1435,6750,7702
1424,3560,2792,7764,3023,1725
1424,3560,2792,279,5412,6986
1424,3560,2792,4725,4511,4215
1424,3560,2792,3631,961,7960
1424,3560,2792,717,6165,9759
1424,3560,2792,5377,7839,6640
1424,3560,2792,9390,1363,4094
1424,3560,2792,185,1997,221
1424,3560,2792,6036,5185,7032
1424,3560,2792,4679,2130,430
1424,3560,2792,792,3068,3996
1424,3560,2792,9631,6832,9041
1424,3560,2792,4263,3356,4273
1424,3560,2792,1903,4994,297
1424,3560,2792,7166,4634,1178
1424,3560,2792,9312,6186,1583
1424,3560,2792,7860,8553,495
1424,3560,2792,4826,645,6652
1424,3560,2792,6625,9163,7237
1424,3560,2792,1079,8428,6552
1424,3560,2792,1003,984,5386
1424,3560,2792,250,8186,4994
1424,3560,2792,121,3828,5189
1424,3560,2792,7897,2289,8241
1424,3560,2792,9215,3271,1785
1424,3560,2792,897,7079,5690
1424,3560,2792,7436,7548,5001
1424,3560,2792,6506,767,285
1424,3560,2792,2128,8312,5121
1424,3560,2792,3510,3277,8036
1424,3560,2792,1080,1209,3542
1424,3560,2792,5204,3357,710
1424,3560,2792,9940,1123,9276
1424,3560,2792,3952,1053,804
1424,3560,2792,1378,3381,868
1424,3560,2792,4926,1254,9879
1424,3560,2792,494,5483,4496
1424,3560,2792,9191,1499,4330
1424,3560,2792,8501,3907,6376
1424,3560,2792,3473,5347,2415
1424,3560,2792,2372,8701,3593
1424,3560,2792,9998,9702,728
1424,3560,2792,5687,5886,948
1424,3560,2792,5905,9061,5218
1424,3560,2792,1540,8708,7214
1424,3560,2792,8459,3505,9462
1424,3560,2792,237,8711,2197
1424,3560,2792,21,2378,8692
1424,3560,2792,4220,6442,7461
1424,3560,2792,3009,541,9828
1424,3560,2792,6468,2150,8037
1424,3560,2792,5415,9702,4950
1424,3560,2792,9205,907,422
1424,3560,2792,8112,8632,9763
1424,3560,2792,508,5718,4384
1424,3560,2792,4406,1553,8832
1424,3560,2792,8743,5727,9519
1424,3560,2792,7901,9430,4164
1424,3560,2792,8598,9800,6952
1424,3560,2792,4379,4724,5737
1424,3560,2792,6042,4511,4290
1424,3560,2792,8192,7012,5841
1424,3560,2792,6812,7859,4280
1424,3560,2792,7218,1644,4109
1424,3560,2792,5851,386,796
1424,3560,2792,9086,2211,9617
1424,3560,2792,6995,9890,3449
1424,3560,2792,9668,132,8430
1424,3560,2792,2076,3050,5107
1424,3560,2792,3021,7385,2644
1424,3560,2792,5974,6504,4975
1424,3560,2792,7371,6069,3355
1424,3560,2792,3578,8686,3403
1424,3560,2792,6968,1261,2985
1424,3560,2792,8531,995,3623
1424,3560,2792,768,2419,7218
1424,3560,2792,2683,3333,900
1424,3560,2792,4477,8873,2230
1424,3560,2792,7407,3428,5213
1424,3560,2792,1414,1399,5371
1424,3560,2792,4022,788,4566
1424,3560,2792,9229,7851,6265
1424,3560,2792,7700,3420,404
1424,3560,2792,3477,2485,5762
1424,3560,2792,390,1801,6644
1424,3560,2792,835,6376,6093
1424,3560,2792,912,6444,5029
1424,3560,2792,7015,5093,229
1424,3560,2792,5984,3651,1231
1424,3560,2792,8364,41,8633
1424,3560,2792,7828,1587,5313
1424,3560,2792,8335,3434,7993
1424,3560,2792,8771,3699,8212
1424,3560,2792,8811,5772,3668
1424,3560,2792,692,4265,7734
1424,3560,2792,4008,8517,1738
1424,3560,2792,6964,8545,4804
1424,3560,2792,7482,8810,8039
1424,3560,2792,9612,1762,6594
1424,3560,2792,4280,9196,1781
1424,3560,2792,2289,8502,5469
1424,3560,2792,1558,6566,5923
1424,3560,2792,7244,1963,3005
1424,3560,2792,6291,6355,5130
1424,3560,2792,5976,2428,3134
1424,3560,2792,9977,8531,5426
1424,3560,2792,486,2103,3160
1424,3560,2792,3420,2256,6384
1424,3560,2792,6911,8113,1953
1424,3560,2792,8167,9021,5030
1424,3560,2792,3005,5350,3602
1424,3560,2792,3372,2992,5692
1424,3560,2792,1541,4708,1986
1424,3560,2792,6372,5246,6938
1424,3560,2792,6158,4853,861
1424,3560,2792,7734,3093,3494
1424,3560,2792,9704,3070,1285
1424,3560,2792,4931,1442,5019
1424,3560,2792,2088,5254,766
1424,3560,2792,9964,7138,4280
1424,3560,2792,2269,1121,1004
1424,3560,2792,1210,9024,1142
1424,3560,2792,8978,6500,437
1424,3560,2792,9817,7279,2658
1424,3560,2792,9187,9522,8595
1424,3560,2792,7087,1589,8777
1424,3560,2792,1804,4050,2150
1424,3560,2792,8800,6869,7167
1424,3560,2792,1478,7366,4730
1424,3560,2792,2575,8737,1127
1424,3560,2792,2179,8632,2314
1424,3560,2792,2219,7211,8939
1424,3560,2792,3157,5256,4477
1424,3560,2792,4585,4726,4496
1424,3560,2792,2278,7609,8853
1424,3560,2792,7679,4385,8494
1424,3560,2792,961,1675,8466
1424,3560,2792,7292,8167,3190
1424,3560,2792,4848,3696,5454
1424,3560,2792,9033,8637,5472
