9176,3738,9799,9705,9277,1661
9176,3738,9799,404,2420,2065
9176,3738,9799,8087,3672,5713
9176,3738,9799,6450,2874,6972
9176,3738,9799,5930,9035,3085
9176,3738,9799,5122,8776,4961
9176,3738,9799,910,9650,8798
9176,3738,9799,9642,3332,9124
9176,3738,9799,591,2339,7873
9176,3738,9799,6755,7082,5240
9176,3738,9799,7021,2983,84
9176,3738,9799,9317,4763,8721
9176,3738,9799,4995,7700,5402
9176,3738,9799,2779,7548,3191
9176,3738,9799,9936,2228,7034
9176,3738,9799,2022,9413,5262
9176,3738,9799,493,2266,7249
9176,3738,9799,9101,4878,2785
9176,3738,9799,3159,2088,1786
9176,3738,9799,7448,7759,2595
9176,3738,9799,9065,5970,2708
9176,3738,9799,7512,3178,641
9176,3738,9799,6498,9244,4301
9176,3738,9799,1911,6291,730
9176,3738,9799,1480,7811,4567
9176,3738,9799,1697,5695,5580
9176,3738,9799,1199,2240,373
9176,3738,9799,4444,1018,8570
9176,3738,9799,2809,7496,6122
9176,3738,9799,9701,8375,2781
9176,3738,9799,8007,7092,8541
9176,3738,9799,5997,1485,1356
9176,3738,9799,1043,9805,3462
9176,3738,9799,666,2221,1446
9176,3738,9799,4885,2223,4618
9176,3738,9799,6586,2466,7553
9176,3738,9799,8,3868,6975
9176,3738,9799,1116,9698,5920
9176,3738,9799,6847,7773,1518
9176,3738,9799,6356,8796,4425
9176,3738,9799,2746,6841,5461
9176,3738,9799,6369,112,4869
9176,3738,9799,7166,8536,9826
9176,3738,9799,3304,4711,2425
9176,3738,9799,4614,7999,9316
9176,3738,9799,438,4493,3238
9176,3738,9799,7962,1713,7272
9176,3738,9799,6906,7433,8128
9176,3738,9799,3706,4011,3271
9176,3738,9799,6262,5191,2922
9176,3738,9799,6803,8038,6014
9176,3738,9799,8118,4171,6
9176,3738,9799,8691,1490,206
9176,3738,9799,3986,6525,9178
9176,3738,9799,3365,2281,2279
9176,3738,9799,1663,8059,6862
9176,3738,9799,215,8063,5411
9176,3738,9799,673,5503,7741
9176,3738,9799,8498,5417,6405
9176,3738,9799,4080,7467,5033
9176,3738,9799,5812,4747,1814
9176,3738,9799,6548,1983,2596
9176,3738,9799,3449,4055,4111
9176,3738,9799,6239,8508,3739
9176,3738,9799,1676,7581,6163
9176,3738,9799,8115,6770,1072
9176,3738,9799,3609,5317,8804
9176,3738,9799,5462,4850,5317
9176,3738,9799,4737,2744,3993
9176,3738,9799,962,8208,3860
9176,3738,9799,9742,9285,5318
9176,3738,9799,3549,2802,4903
9176,3738,9799,2135,5309,2319
9176,3738,9799,3826,5719,8848
9176,3738,9799,136,2716,1506
9176,3738,9799,9919,8134,2426
9176,3738,9799,8740,8980,6048
9176,3738,9799,562,4342,7557
9176,3738,9799,457,980,704
9176,3738,9799,1084,2883,7947
9176,3738,9799,2742,4151,6582
9176,3738,9799,8962,6454,4547
9176,3738,9799,6881,9753,9899
9176,3738,9799,9534,2332,2284
9176,3738,9799,2522,7300,881
9176,3738,9799,4288,9225,6975
9176,3738,9799,3069,2139,5448
9176,3738,9799,5026,6100,6784
9176,3738,9799,159,18,5418
9176,3738,9799,9263,5336,1943
9176,3738,9799,7472,189,8646
9176,3738,9799,9458,526,3977
9176,3738,9799,4,4005,1168
9176,3738,9799,8467,4866,4048
9176,3738,9799,10,4685,5770
9176,3738,9799,8158,8061,694
9176,3738,9799,403,3716,2053
9176,3738,9799,8942,7564,5327
9176,3738,9799,6717,8493,8445
9176,3738,9799,3983,5798,6557
9176,3738,9799,1236,9534,2939
9176,3738,9799,6155,7295,2056
9176,3738,9799,5055,9667,9638
9176,3738,9799,9189,2862,821
9176,3738,9799,1981,7536,1983
9176,3738,9799,7739,7884,5468
9176,3738,9799,1005,4439,9365
9176,3738,9799,1431,1316,7090
9176,3738,9799,2683,610,2278
9176,3738,9799,6716,9346,8813
9176,3738,9799,2474,7857,3565
9176,3738,9799,4781,1867,7149
9176,3738,9799,6601,5720,7389
9176,3738,9799,9868,4220,9768
9176,3738,9799,7108,6934,2536
9176,3738,9799,3707,3264,6394
9176,3738,9799,7341,8943,5159
9176,3738,9799,9171,3465,6854
9176,3738,9799,9527,6363,8429
9176,3738,9799,6272,7402,6508
9176,3738,9799,4280,5549,7466
9176,3738,9799,7284,1266,1865
9176,3738,9799,4996,8706,8581
9176,3738,9799,1786,5227,5912
9176,3738,9799,4209,5442,1993
9176,3738,9799,5424,9355,625
9176,3738,9799,3628,9164,8837
9176,3738,9799,2075,1192,474
9176,3738,9799,9182,2127,5185
9176,3738,9799,4337,9817,7753
9176,3738,9799,7686,9763,9804
9176,3738,9799,131,1559,9285
9176,3738,9799,2198,8684,7758
9176,3738,9799,4791,2707,5179
9176,3738,9799,312,2463,4723
9176,3738,9799,3357,7023,4877
9176,3738,9799,7014,9667,4962
9176,3738,9799,3524,467,2495
9176,3738,9799,4481,737,8251
9176,3738,9799,5786,6695,8711
9176,3738,9799,821,2730,1141
9176,3738,9799,3949,4,3780
9176,3738,9799,9570,3308,7892
9176,3738,9799,1389,5482,5189
9176,3738,9799,7923,2188,5938
9176,3738,9799,6524,8090,5271
9176,3738,9799,591,3074,9500
9176,3738,9799,5155,5641,8777
9176,3738,9799,518,4689,2064
9176,3738,9799,5800,4818,3793
9176,3738,9799,7439,8665,3432
9176,3738,9799,6968,468,3690
9176,3738,9799,7589,5594,6114
9176,3738,9799,1319,4071,9318
9176,3738,9799,8707,8162,7993
9176,3738,9799,5547,3438,3572
9176,3738,9799,4154,6960,6905
9176,3738,9799,4936,3183,1482
9176,3738,9799,5878,8981,187
9176,3738,9799,4970,6434,9507
9176,3738,9799,9123,9142,5389
9176,3738,9799,9502,1988,6977
9176,3738,9799,9561,5045,2127
9176,3738,9799,157,3328,7999
9176,3738,9799,5714,7520,8234
9176,3738,9799,605,5228,6375
9176,3738,9799,466,5801,54
9176,3738,9799,1393,3768,7437
9176,3738,9799,3416,9818,3332
9176,3738,9799,7667,8363,2051
9176,3738,9799,3564,1894,4336
9176,3738,9799,3965,8805,141
9176,3738,9799,8535,5844,6244
9176,3738,9799,9390,2377,4621
9176,3738,9799,6650,2115,9727
9176,3738,9799,9691,4893,1027
9176,3738,9799,5970,2339,404
9176,3738,9799,2870,2368,3368
9176,3738,9799,3355,9696,2422
9176,3738,9799,6910,5380,3700
9176,3738,9799,5577,9863,6407
9176,3738,9799,3131,8870,3443
9176,3738,9799,6761,2237,5329
9176,3738,9799,5291,6794,7545
9176,3738,9799,2830,289,3919
9176,3738,9799,8723,7848,9474
9176,3738,9799,5529,3844,2789
9176,3738,9799,4049,7097,7219
9176,3738,9799,6288,2224,1680
9176,3738,9799,8979,2963,741
9176,3738,9799,5960,4897,2953
9176,3738,9799,575,7523,6781
9176,3738,9799,6436,1926,1149
9176,3738,9799,5669,2179,890
9176,3738,9799,1585,8126,1880
9176,3738,9799,9084,4696,1453
9176,3738,9799,415,3547,6137
9176,3738,9799,9444,9808,6296
9176,3738,9799,1503,3754,2832
9176,3738,9799,1701,760,7548
9176,3738,9799,7622,5616,6918
9176,3738,9799,4370,916,3114
9176,3738,9799,5804,4202,3736
9176,3738,9799,8208,1069,8114
9176,3738,9799,4960,1659,7910
9176,3738,9799,5046,3141,9616
9176,3738,9799,2901,3180,4948
9176,3738,9799,7690,942,2322
9176,3738,9799,136,2138,8278
9176,3738,9799,1144,3102,6509
9176,3738,9799,8700,4057,8170
9176,3738,9799,283,6378,7366
9176,3738,9799,9365,6191,8817
9176,3738,9799,5048,4539,3500
9176,3738,9799,3579,9622,6800
9176,3738,9799,7116,4724,4643
9176,3738,9799,9467,3313,746
9176,3738,9799,8149,3444,3248
9176,3738,9799,8912,689,1040
9176,3738,9799,6150,7795,6139
9176,3738,9799,1649,9567,6770
9176,3738,9799,8243,6523,2266
9176,3738,9799,1033,4062,8396
9176,3738,9799,2500,8437,9969
9176,3738,9799,1664,6412,3321
9176,3738,9799,4498,737,7340
9176,3738,9799,9454,3326,9031
9176,3738,9799,9588,2756,1112
9176,3738,9799,9603,9833,2677
9176,3738,9799,2762,2295,501
9176,3738,9799,7809,6239,5801
9176,3738,9799,4881,893,5555
9176,3738,9799,4426,8738,7118
9176,3738,9799,6893,6473,6376
9176,3738,9799,1026,7260,2131
9176,3738,9799,7681,1446,4176
9176,3738,9799,4770,8648,9964
9176,3738,9799,5635,1964,6733
9176,3738,9799,1873,2530,8563
9176,3738,9799,8698,4905,5902
9176,3738,9799,7671,2663,570
9176,3738,9799,2166,8424,6478
9176,3738,9799,7169,7532,7953
9176,3738,9799,3325,699,2249
9176,3738,9799,3451,2590,624
9176,3738,9799,8196,6391,1607
9176,3738,9799,7518,1416,6193
9176,3738,9799,7648,2618,7427
9176,3738,9799,125,1076,9458
9176,3738,9799,786,1978,4514
9176,3738,9799,8436,6762,8810
9176,3738,9799,4572,8777,1628
9176,3738,9799,5850,4348,7203
9176,3738,9799,745,4257,8670
9176,3738,9799,7727,8573,7526
9176,3738,9799,2942,5583,5508
9176,3738,9799,4540,9419,3379
9176,3738,9799,9020,6189,4146
9176,3738,9799,5002,7311,3898
9176,3738,9799,5887,3852,1537
9176,3738,9799,7760,3215,4656
9176,3738,9799,3183,4108,9099
9176,3738,9799,9926,2381,5427
9176,3738,9799,474,9345,9334
9176,3738,9799,7466,3534,7713
9176,3738,9799,9907,5169,751
9176,3738,9799,8523,1342,9856
9176,3738,9799,3925,2442,7720
9176,3738,9799,5861,2741,3358
9176,3738,9799,3226,2420,6379
9176,3738,9799,4710,6239,833
9176,3738,9799,7154,3497,6038
9176,3738,9799,4594,2295,9804
9176,3738,9799,3852,5281,6764
9176,3738,9799,9228,9625,2501
9176,3738,9799,4609,9627,3686
9176,3738,9799,3621,4209,4040
9176,3738,9799,4047,2261,5032
9176,3738,9799,149,8289,1435
9176,3738,9799,7276,4409,1563
9176,3738,9799,831,3687,6469
9176,3738,9799,4578,8281,7714
9176,3738,9799,8416,9293,3727
9176,3738,9799,6475,1921,3744
9176,3738,9799,2630,1690,9169
9176,3738,9799,5914,4519,691
9176,3738,9799,1415,2906,7449
9176,3738,9799,3334,7290,9044
9176,3738,9799,7528,4100,2521
9176,3738,9799,7722,913,8878
9176,3738,9799,4623,4675,4984
9176,3738,9799,2481,6212,7144
9176,3738,9799,389,3848,8687
9176,3738,9799,9217,965,9071
9176,3738,9799,686,5649,8329
9176,3738,9799,1006,4708,5080
9176,3738,9799,5487,9403,364
9176,3738,9799,1436,1182,3328
9176,3738,9799,4924,9314,3676
9176,3738,9799,1603,6450,6902
9176,3738,9799,2041,6577,5730
9176,3738,9799,6914,5907,7269
9176,3738,9799,8235,4175,6879
9176,3738,9799,2398,7478,9378
9176,3738,9799,2190,7422,9456
9176,3738,9799,2426,5943,4218
9176,3738,9799,7850,3439,408
9176,3738,9799,6298,623,6970
9176,3738,9799,8185,8300,8273
9176,3738,9799,4583,9879,5800
9176,3738,9799,3472,7225,5264
9176,3738,9799,3656,4456,9831
9176,3738,9799,2522,1838,1124
9176,3738,9799,8070,9032,9234
9176,3738,9799,1830,3697,2040
9176,3738,9799,5619,2024,3047
9176,3738,9799,1370,228,2845
9176,3738,9799,2444,968,8364
9176,3738,9799,482,4953,982
9176,3738,9799,5998,5069,1486
9176,3738,9799,4997,6853,692
9176,3738,9799,4118,5550,3640
9176,3738,9799,8498,8067,8725
9176,3738,9799,334,5870,597
9176,3738,9799,527,2957,7349
9176,3738,9799,5290,940,2370
9176,3738,9799,7129,9516,3464
9176,3738,9799,3351,37,4455
9176,3738,9799,8832,1570,7894
9176,3738,9799,2298,285,3700
9176,3738,9799,3705,1842,1874
9176,3738,9799,8722,5465,9216
9176,3738,9799,270,6043,3483
9176,3738,9799,7939,9783,2551
9176,3738,9799,791,7410,8494
9176,3738,9799,8354,5870,9057
9176,3738,9799,6988,2001,1788
9176,3738,9799,4012,1178,5259
9176,3738,9799,7644,598,4995
9176,3738,9799,4689,1146,9933
9176,3738,9799,5470,4324,1713
9176,3738,9799,4658,963,838
9176,3738,9799,173,1090,1928
9176,3738,9799,4198,2641,4549
9176,3738,9799,8507,5467,7791
9176,3738,9799,485,7586,2406
9176,3738,9799,5693,7607,1744
9176,3738,9799,6785,5493,5042
9176,3738,9799,6815,8383,527
9176,3738,9799,5454,3680,9309
9176,3738,9799,9147,4050,6687
9176,3738,9799,162,1885,1629
9176,3738,9799,6758,3220,8912
9176,3738,9799,8670,4213,5005
9176,3738,9799,4231,2383,3183
9176,3738,9799,77,5140,7869
9176,3738,9799,2409,8979,2332
9176,3738,9799,3380,5200,2096
9176,3738,9799,1863,5677,8248
9176,3738,9799,7394,2295,5992
9176,3738,9799,9547,8864,3324
9176,3738,9799,504,9020,7922
9176,3738,9799,8592,1773,3569
9176,3738,9799,1370,7488,8886
9176,3738,9799,8572,761,6275
9176,3738,9799,5802,7433,5541
9176,3738,9799,7266,268,1598
9176,3738,9799,2820,2121,9497
9176,3738,9799,2490,6426,375
9176,3738,9799,1377,1850,5383
9176,3738,9799,4673,8421,7582
9176,3738,9799,9756,5917,3596
9176,3738,9799,3375,3835,3892
9176,3738,9799,9844,2446,1099
9176,3738,9799,8568,4866,1172
9176,3738,9799,1834,920,1939
9176,3738,9799,5070,787,3235
9176,3738,9799,1718,5639,6561
9176,3738,9799,663,7887,9775
9176,3738,9799,7471,4469,2846
9176,3738,9799,7347,8413,1294
9176,3738,9799,4962,622,9903
9176,3738,9799,2030,2324,1872
9176,3738,9799,6549,3567,4656
9176,3738,9799,1540,4489,150
9176,3738,9799,2656,7647,1408
9176,3738,9799,5326,9971,1499
9176,3738,9799,6966,6838,1404
9176,3738,9799,8003,8107,6283
9176,3738,9799,6434,508,8750
9176,3738,9799,1594,9560,6897
9176,3738,9799,2308,9549,2856
9176,3738,9799,8474,6935,6996
9176,3738,9799,3463,9950,9009
9176,3738,9799,2136,428,3799
9176,3738,9799,7944,3778,6338
9176,3738,9799,9580,5397,7561
9176,3738,9799,627,5496,7062
9176,3738,9799,9691,7111,9446
9176,3738,9799,6706,7244,4190
9176,3738,9799,2536,9855,2084
9176,3738,9799,9689,1781,7832
9176,3738,9799,8210,3294,4659
9176,3738,9799,296,3198,748
9176,3738,9799,2694,271,8892
9176,3738,9799,3409,7037,16
9176,3738,9799,9320,8438,7717
9176,3738,9799,6878,6870,9926
9176,3738,9799,9691,4485,9174
9176,3738,9799,7176,5912,494
9176,3738,9799,7505,2365,2831
9176,3738,9799,5076,9976,9321
9176,3738,9799,5483,546,2055
9176,3738,9799,8265,6927,46
9176,3738,9799,1902,9805,1707
9176,3738,9799,9845,460,5841
9176,3738,9799,5926,8366,3804
9176,3738,9799,4123,2305,1081
9176,3738,9799,1121,8824,6330
9176,3738,9799,8542,9681,8880
9176,3738,9799,7436,9190,7022
9176,3738,9799,154,7666,5942
9176,3738,9799,9409,9460,4086
9176,3738,9799,4150,2256,8403
9176,3738,9799,9998,9268,9155
9176,3738,9799,1625,210,1958
9176,3738,9799,6831,6583,1759
9176,3738,9799,1895,9274,8540
9176,3738,9799,5836,3825,7531
9176,3738,9799,3278,82,8876
9176,3738,9799,557,1317,367
9176,3738,9799,7475,6271,1732
9176,3738,9799,6123,1849,529
9176,3738,9799,2021,9034,176
9176,3738,9799,2393,6314,9615
9176,3738,9799,2104,219,7201
9176,3738,9799,58,6379,8231
9176,3738,9799,5540,8753,8485
9176,3738,9799,7925,6851,6155
9176,3738,9799,9426,6251,9732
9176,3738,9799,7494,2766,6581
9176,3738,9799,6862,3040,7839
9176,3738,9799,4539,2691,3340
9176,3738,9799,3,9901,4977
9176,3738,9799,4755,1949,3765
9176,3738,9799,9028,4521,8935
9176,3738,9799,9949,3923,1304
9176,3738,9799,1902,4381,435
9176,3738,9799,3502,4964,7350
9176,3738,9799,9574,4425,6373
9176,3738,9799,6959,3942,1318
9176,3738,9799,4051,2672,1426
9176,3738,9799,9368,9511,5083
9176,3738,9799,9805,7095,7263
9176,3738,9799,2851,1900,822
9176,3738,9799,9213,9861,6710
9176,3738,9799,7582,5798,6295
9176,3738,9799,7749,6920,2861
9176,3738,9799,8136,7391,5585
9176,3738,9799,6710,3062,8463
9176,3738,9799,6414,1685,9668
9176,3738,9799,6323,9065,7647
9176,3738,9799,5753,4687,2069
9176,3738,9799,373,4636,1312
9176,3738,9799,3055,3158,6812
9176,3738,9799,9565,7101,9761
9176,3738,9799,1980,4041,8068
9176,3738,9799,7720,7603,6066
9176,3738,9799,7113,1540,5514
9176,3738,9799,2480,5639,9759
9176,3738,9799,7888,8775,7823
9176,3738,9799,5982,1776,9842
9176,3738,9799,9938,7854,6235
9176,3738,9799,2052,3029,9287
9176,3738,9799,3028,9454,128
9176,3738,9799,4824,8754,7795
9176,3738,9799,8527,2237,9708
9176,3738,9799,3529,4170,902
9176,3738,9799,6275,2776,1743
9176,3738,9799,382,420,4141
9176,3738,9799,3501,9317,6193
9176,3738,9799,3150,2958,1839
9176,3738,9799,1498,4135,3837
9176,3738,9799,8724,5567,3640
9176,3738,9799,6818,4912,7935
9176,3738,9799,8915,6338,1230
9176,3738,9799,3893,7379,7495
9176,3738,9799,5152,9301,7680
9176,3738,9799,3436,7445,1904
9176,3738,9799,9787,3424,9010
9176,3738,9799,2512,5204,1668
9176,3738,9799,6977,949,7566
9176,3738,9799,6070,7469,9985
9176,3738,9799,5703,8465,4983
9176,3738,9799,1559,3643,9684
9176,3738,9799,9270,6791,2421
9176,3738,9799,6464,7673,370
9176,3738,9799,5610,9400,585
9176,3738,9799,1240,5836,4508
9176,3738,9799,3524,8337,2857
9176,3738,9799,2531,3202,8384
9176,3738,9799,1444,6373,9214
9176,3738,9799,2903,5376,635
9176,3738,9799,3387,9526,6200
9176,3738,9799,6331,6098,3490
9176,3738,9799,222,8763,6429
9176,3738,9799,1396,8426,2078
9176,3738,9799,6612,4412,5583
9176,3738,9799,2250,294,306
9176,3738,9799,9576,28,2274
