1099,6311,3225,9157,6343,5025
1099,6311,3225,3869,7283,7442
1099,6311,3225,6276,1181,4609
1099,6311,3225,7780,1217,740
1099,6311,3225,2043,4013,3837
1099,6311,3225,8932,6463,8632
1099,6311,3225,3821,8224,1474
1099,6311,3225,878,9067,1598
1099,6311,3225,7507,5801,1325
1099,6311,3225,1681,2074,2949
1099,6311,3225,5316,9124,7216
1099,6311,3225,1721,6333,3619
1099,6311,3225,516,2956,7074
1099,6311,3225,9838,8654,5963
1099,6311,3225,4469,651,940
1099,6311,3225,1064,9927,7297
1099,6311,3225,1516,2982,3495
1099,6311,3225,3433,5488,4603
1099,6311,3225,2405,531,1272
1099,6311,3225,1721,4109,5787
1099,6311,3225,7476,8845,3987
1099,6311,3225,7367,1524,5931
1099,6311,3225,8359,6580,9303
1099,6311,3225,7429,6183,5161
1099,6311,3225,241,4208,2286
1099,6311,3225,1233,2068,3585
1099,6311,3225,567,4310,4847
1099,6311,3225,6995,4460,3140
1099,6311,3225,1380,9373,865
1099,6311,3225,5810,9766,7675
1099,6311,3225,5320,5032,8627
1099,6311,3225,746,7777,8637
1099,6311,3225,4564,1994,472
1099,6311,3225,9930,8415,6377
1099,6311,3225,6602,4362,7381
1099,6311,3225,237,411,2656
1099,6311,3225,6870,2591,8067
1099,6311,3225,3590,2108,9307
1099,6311,3225,3337,8784,274
1099,6311,3225,794,3565,3562
1099,6311,3225,8725,6886,2768
1099,6311,3225,1170,2531,9129
1099,6311,3225,7834,8237,4004
1099,6311,3225,5049,5169,924
1099,6311,3225,2603,2124,477
1099,6311,3225,3389,662,1630
1099,6311,3225,3200,9969,3250
1099,6311,3225,2048,5269,664
1099,6311,3225,3935,5742,829
1099,6311,3225,2988,7946,6922
1099,6311,3225,6026,4192,6238
1099,6311,3225,4838,2967,1042
1099,6311,3225,1927,1112,210
1099,6311,3225,2150,1298,5278
1099,6311,3225,516,7434,3573
1099,6311,3225,7842,6478,5281
1099,6311,3225,2442,6786,5429
1099,6311,3225,1070,56,9532
1099,6311,3225,1624,4219,8134
1099,6311,3225,1832,6059,6296
1099,6311,3225,7214,8607,4956
1099,6311,3225,301,7354,9027
1099,6311,3225,3269,3030,4547
1099,6311,3225,7643,3683,3108
1099,6311,3225,1633,6476,6722
1099,6311,3225,1638,1645,4415
1099,6311,3225,1531,6843,3471
1099,6311,3225,6111,782,4873
1099,6311,3225,2049,7740,3963
1099,6311,3225,989,1032,7413
1099,6311,3225,7932,9971,3033
1099,6311,3225,125,5119,5570
1099,6311,3225,9049,6666,9784
1099,6311,3225,5261,4148,9033
1099,6311,3225,2232,4281,2989
1099,6311,3225,3917,8898,7038
1099,6311,3225,6279,9408,9433
1099,6311,3225,219,1150,835
1099,6311,3225,8254,1107,7605
1099,6311,3225,5928,2108,1485
1099,6311,3225,8133,982,3171
1099,6311,3225,5825,2891,7541
1099,6311,3225,9811,357,233
1099,6311,3225,1070,9365,5911
1099,6311,3225,5006,3357,3633
1099,6311,3225,9969,4693,1671
1099,6311,3225,2073,4306,9415
1099,6311,3225,2077,576,1137
1099,6311,3225,8172,968,7106
1099,6311,3225,8950,5541,340
1099,6311,3225,560,7486,2547
1099,6311,3225,3694,1383,4564
1099,6311,3225,6668,6546,5872
1099,6311,3225,4448,3483,7645
1099,6311,3225,8751,650,6023
1099,6311,3225,5079,252,4202
1099,6311,3225,9112,3251,3202
1099,6311,3225,1824,620,6182
1099,6311,3225,6411,8298,8767
1099,6311,3225,8730,2978,4059
1099,6311,3225,7122,3185,5814
1099,6311,3225,2529,3029,5561
1099,6311,3225,9239,7909,8566
1099,6311,3225,7761,2021,2490
1099,6311,3225,7497,4445,7478
1099,6311,3225,9244,5070,7602
1099,6311,3225,8703,370,954
1099,6311,3225,3860,2170,5851
1099,6311,3225,1822,8548,3638
1099,6311,3225,5632,730,1111
1099,6311,3225,2051,6591,2584
1099,6311,3225,6287,8957,651
1099,6311,3225,3024,9129,2759
1099,6311,3225,323,4980,5033
1099,6311,3225,6328,8737,7465
1099,6311,3225,2924,6870,77
1099,6311,3225,7248,4192,1113
1099,6311,3225,5813,8367,868
1099,6311,3225,5495,4291,7363
1099,6311,3225,5712,5589,2462
1099,6311,3225,9371,2245,9018
1099,6311,3225,5463,6360,5459
1099,6311,3225,3606,563,7161
1099,6311,3225,4001,595,5310
1099,6311,3225,113,115,3467
1099,6311,3225,8796,7813,7564
1099,6311,3225,8488,7373,149
1099,6311,3225,5772,2314,8219
1099,6311,3225,9465,6682,2253
1099,6311,3225,2546,118,1724
1099,6311,3225,3339,3292,6446
1099,6311,3225,4890,5553,5757
1099,6311,3225,6540,2772,4818
1099,6311,3225,2382,6306,5591
1099,6311,3225,8145,7275,5382
1099,6311,3225,8976,9265,683
1099,6311,3225,2580,7567,807
1099,6311,3225,8483,6277,3847
1099,6311,3225,1880,8373,946
1099,6311,3225,3076,1331,3761
1099,6311,3225,2951,9710,5088
1099,6311,3225,5507,730,2009
1099,6311,3225,1815,9131,9004
1099,6311,3225,916,1172,9822
1099,6311,3225,4673,6091,4522
1099,6311,3225,7972,6275,5850
1099,6311,3225,2573,6410,9246
1099,6311,3225,5846,2131,7105
1099,6311,3225,4918,591,4236
1099,6311,3225,9018,8338,6048
1099,6311,3225,1492,6042,2976
1099,6311,3225,7827,3901,9933
1099,6311,3225,2499,8279,5697
1099,6311,3225,8458,1974,4094
1099,6311,3225,3223,603,9024
1099,6311,3225,2621,9306,6856
1099,6311,3225,8974,1092,895
1099,6311,3225,2583,4786,6266
1099,6311,3225,3586,2275,1947
1099,6311,3225,7013,1471,3295
1099,6311,3225,1838,4006,8940
1099,6311,3225,2403,1159,2218
1099,6311,3225,7532,2545,5318
1099,6311,3225,9506,5394,8698
1099,6311,3225,5533,1292,7579
1099,6311,3225,7732,3932,3283
1099,6311,3225,3492,1187,4138
1099,6311,3225,1083,8252,2913
1099,6311,3225,592,9260,5408
1099,6311,3225,3270,4786,1811
1099,6311,3225,7447,7440,4086
1099,6311,3225,7855,6620,5837
1099,6311,3225,134,2496,8484
1099,6311,3225,7172,675,6590
1099,6311,3225,9739,922,6155
1099,6311,3225,9039,7054,6827
1099,6311,3225,8375,1752,2096
1099,6311,3225,6249,5856,2218
1099,6311,3225,8662,2965,3132
1099,6311,3225,2742,87,2443
1099,6311,3225,9890,9385,7064
1099,6311,3225,7081,9710,7634
1099,6311,3225,7005,4942,7639
1099,6311,3225,9322,3985,5813
1099,6311,3225,8557,2795,3996
1099,6311,3225,6109,2397,54
1099,6311,3225,8902,2164,3766
1099,6311,3225,3804,3416,5303
1099,6311,3225,6163,9904,6460
1099,6311,3225,6817,6708,3282
1099,6311,3225,364,5054,1859
1099,6311,3225,692,7613,3478
1099,6311,3225,4939,5386,6024
1099,6311,3225,6536,1106,5886
1099,6311,3225,4047,9668,3296
1099,6311,3225,4482,4510,701
1099,6311,3225,2662,1689,186
1099,6311,3225,4171,7921,2674
1099,6311,3225,2091,8866,7397
1099,6311,3225,6242,6557,9208
1099,6311,3225,9527,5002,1441
1099,6311,3225,562,2935,8954
1099,6311,3225,4497,5810,3304
1099,6311,3225,7020,8608,8057
1099,6311,3225,4944,8250,8363
1099,6311,3225,1597,6461,5147
1099,6311,3225,5570,8714,8419
1099,6311,3225,8588,4487,224
1099,6311,3225,8028,1740,8829
1099,6311,3225,212,2570,858
1099,6311,3225,6140,5266,8900
1099,6311,3225,4141,4508,621
1099,6311,3225,3022,7113,7657
1099,6311,3225,949,2482,4719
1099,6311,3225,5391,2326,5432
1099,6311,3225,1454,6676,5766
1099,6311,3225,8245,8609,6210
1099,6311,3225,3446,583,4353
1099,6311,3225,2498,5845,4142
1099,6311,3225,649,686,7738
1099,6311,3225,7089,9827,8464
1099,6311,3225,1419,6240,268
1099,6311,3225,4201,3131,3349
1099,6311,3225,9865,6988,1457
1099,6311,3225,5074,7266,3175
1099,6311,3225,8874,1545,466
1099,6311,3225,3676,4108,9420
1099,6311,3225,3057,314,50
1099,6311,3225,4892,4206,3960
1099,6311,3225,8883,9538,8762
1099,6311,3225,4505,7369,8223
1099,6311,3225,191,8091,63
1099,6311,3225,1189,7759,5506
1099,6311,3225,5458,648,9880
1099,6311,3225,9535,2423,1600
1099,6311,3225,8747,871,8697
1099,6311,3225,4770,6596,6293
1099,6311,3225,3509,3671,9930
1099,6311,3225,7721,3398,1213
1099,6311,3225,8506,8885,2240
1099,6311,3225,2373,2828,8724
1099,6311,3225,3701,6189,3962
1099,6311,3225,4694,5995,5531
1099,6311,3225,2549,9985,2041
1099,6311,3225,6335,3209,8911
1099,6311,3225,3000,6358,3822
1099,6311,3225,2724,6664,3468
1099,6311,3225,9839,1978,7652
1099,6311,3225,6456,2574,8632
1099,6311,3225,7874,2139,5401
1099,6311,3225,4709,7145,178
1099,6311,3225,2280,2958,2262
1099,6311,3225,2712,9564,5364
1099,6311,3225,4155,4091,3770
1099,6311,3225,371,6067,8093
1099,6311,3225,6140,2182,4630
1099,6311,3225,7648,571,9179
1099,6311,3225,2749,8692,6975
1099,6311,3225,7529,8200,8563
1099,6311,3225,4053,1486,5710
1099,6311,3225,920,1893,9521
1099,6311,3225,3872,4297,3357
1099,6311,3225,2444,8643,6881
1099,6311,3225,600,3025,1005
1099,6311,3225,810,8499,1259
1099,6311,3225,6606,7807,1815
1099,6311,3225,1132,5041,8707
1099,6311,3225,4222,6111,5797
1099,6311,3225,8851,9903,3993
1099,6311,3225,7417,8073,5022
1099,6311,3225,1681,4010,9756
1099,6311,3225,8639,9830,7623
1099,6311,3225,8223,3788,6990
1099,6311,3225,9526,5229,3454
1099,6311,3225,7673,7794,5333
1099,6311,3225,8930,5700,1687
1099,6311,3225,9469,8019,996
1099,6311,3225,8936,1931,9537
1099,6311,3225,610,9081,154
1099,6311,3225,9455,3498,1496
1099,6311,3225,9749,5857,8060
1099,6311,3225,1391,8788,8550
1099,6311,3225,1177,8328,6184
1099,6311,3225,4156,5887,593
1099,6311,3225,4534,2980,2938
1099,6311,3225,6083,2605,5127
1099,6311,3225,5740,654,5875
1099,6311,3225,9029,2491,4451
1099,6311,3225,9205,1926,5135
1099,6311,3225,6216,2961,5407
1099,6311,3225,7837,9343,1452
1099,6311,3225,9151,9476,78
1099,6311,3225,6252,8066,8987
1099,6311,3225,7768,729,7952
1099,6311,3225,7324,8790,6658
1099,6311,3225,3794,6254,9487
1099,6311,3225,7020,4506,242
1099,6311,3225,2163,7445,8939
1099,6311,3225,1316,9838,2268
1099,6311,3225,4771,9295,4562
1099,6311,3225,7916,5214,6525
1099,6311,3225,198,8007,5366
1099,6311,3225,3437,6250,3931
1099,6311,3225,2507,8710,7668
1099,6311,3225,8686,1251,2676
1099,6311,3225,4675,1801,2114
1099,6311,3225,5721,2272,7706
1099,6311,3225,9051,4190,3624
1099,6311,3225,6321,3356,5272
1099,6311,3225,7772,1655,1439
1099,6311,3225,8932,6532,8297
1099,6311,3225,6490,946,5362
1099,6311,3225,8839,9949,5900
1099,6311,3225,5046,2684,3523
1099,6311,3225,825,8055,3966
1099,6311,3225,7854,9625,8861
1099,6311,3225,4593,6139,7049
1099,6311,3225,3094,6201,8472
1099,6311,3225,9600,8728,2870
1099,6311,3225,3645,2367,4503
1099,6311,3225,1847,1071,2824
1099,6311,3225,5440,6463,2818
1099,6311,3225,695,6576,9536
1099,6311,3225,67,6379,9220
1099,6311,3225,6524,2277,8381
1099,6311,3225,5517,1694,8641
1099,6311,3225,429,9119,7788
1099,6311,3225,6187,9643,8825
1099,6311,3225,1745,5131,9273
1099,6311,3225,7507,3938,9553
1099,6311,3225,5467,9078,3123
1099,6311,3225,6616,8848,2202
1099,6311,3225,1903,3313,2189
1099,6311,3225,9895,9641,7418
1099,6311,3225,5580,7852,4600
1099,6311,3225,1195,7212,2003
1099,6311,3225,2711,3949,907
1099,6311,3225,7743,2054,8768
1099,6311,3225,3555,7840,3266
1099,6311,3225,6276,5410,2017
1099,6311,3225,8115,4374,1962
1099,6311,3225,1416,8560,3673
1099,6311,3225,206,6578,5046
1099,6311,3225,1187,8410,9157
1099,6311,3225,7596,3098,5899
1099,6311,3225,6837,2816,6865
1099,6311,3225,4106,3247,2912
1099,6311,3225,3698,5928,4203
1099,6311,3225,8759,1497,8036
1099,6311,3225,8295,6051,9109
1099,6311,3225,7814,248,9229
1099,6311,3225,2035,2708,1844
1099,6311,3225,9581,9155,4068
1099,6311,3225,5241,5326,4703
1099,6311,3225,5801,624,2996
1099,6311,3225,7975,128,6982
1099,6311,3225,2281,2844,100
1099,6311,3225,2336,9453,3764
1099,6311,3225,7778,8040,9122
1099,6311,3225,4393,9859,2032
1099,6311,3225,5892,4254,5589
1099,6311,3225,8104,5765,6418
1099,6311,3225,306,7321,484
1099,6311,3225,8589,1640,7334
1099,6311,3225,991,4976,1716
1099,6311,3225,7520,2760,15
1099,6311,3225,6270,6036,9539
1099,6311,3225,104,3867,445
1099,6311,3225,3935,4418,9670
1099,6311,3225,3819,3932,634
1099,6311,3225,6489,9170,2521
1099,6311,3225,5304,3040,9312
1099,6311,3225,2047,9359,9597
1099,6311,3225,4506,3384,8924
1099,6311,3225,7413,4696,6396
1099,6311,3225,2926,9321,2982
1099,6311,3225,1086,3870,547
1099,6311,3225,786,8237,1994
1099,6311,3225,5637,861,9230
1099,6311,3225,4230,2697,4966
1099,6311,3225,1793,2639,108
1099,6311,3225,770,9447,266
1099,6311,3225,4742,5575,1812
1099,6311,3225,5518,9156,612
1099,6311,3225,2124,5082,5238
1099,6311,3225,6338,2117,919
1099,6311,3225,8716,1071,4697
1099,6311,3225,1446,58,6319
1099,6311,3225,1221,59,2573
1099,6311,3225,7717,2201,3593
1099,6311,3225,4129,2096,4968
1099,6311,3225,8961,4315,1897
1099,6311,3225,2782,1270,2375
1099,6311,3225,2772,9234,5613
1099,6311,3225,5800,6781,9064
1099,6311,3225,1516,39,9748
1099,6311,3225,400,1107,6312
1099,6311,3225,6173,7249,419
1099,6311,3225,2257,727,9745
1099,6311,3225,8713,3324,174
1099,6311,3225,56,6932,1290
1099,6311,3225,9152,5635,7297
1099,6311,3225,613,3044,6772
1099,6311,3225,9402,6408,4954
1099,6311,3225,8812,6814,9003
1099,6311,3225,7069,1905,464
1099,6311,3225,1269,5363,8821
1099,6311,3225,4148,2879,5852
1099,6311,3225,7965,1872,7596
1099,6311,3225,2693,4459,7810
1099,6311,3225,7543,3771,5853
1099,6311,3225,3761,1693,508
1099,6311,3225,9740,4006,2960
1099,6311,3225,4894,5074,7794
1099,6311,3225,615,9792,7318
1099,6311,3225,145,770,7537
1099,6311,3225,3106,4117,1697
1099,6311,3225,8958,9566,3546
1099,6311,3225,3070,7799,511
1099,6311,3225,8806,7640,6946
1099,6311,3225,2960,9172,4586
1099,6311,3225,5836,7616,5973
1099,6311,3225,7383,1568,4783
1099,6311,3225,6494,247,1747
1099,6311,3225,9519,3388,1464
1099,6311,3225,7786,2451,6408
1099,6311,3225,1619,7694,1790
1099,6311,3225,8106,9025,7190
1099,6311,3225,6639,3601,8235
1099,6311,3225,5612,8253,7025
1099,6311,3225,2307,4466,9687
1099,6311,3225,2395,4744,7290
1099,6311,3225,1225,8288,9836
1099,6311,3225,4647,9522,8578
1099,6311,3225,5171,3960,3557
1099,6311,3225,164,2478,3722
1099,6311,3225,13,2347,5827
1099,6311,3225,9890,1755,6440
1099,6311,3225,8519,8910,7613
1099,6311,3225,7591,410,1117
1099,6311,3225,5717,8555,6608
1099,6311,3225,2729,3162,1364
1099,6311,3225,4238,2536,9069
1099,6311,3225,918,5853,787
1099,6311,3225,1129,1176,3774
1099,6311,3225,6315,3469,6454
1099,6311,3225,6996,2964,2411
1099,6311,3225,5056,4936,9988
1099,6311,3225,7088,1301,6309
1099,6311,3225,703,1429,6034
1099,6311,3225,3142,2002,5870
1099,6311,3225,2531,8961,190
1099,6311,3225,4511,1912,7370
1099,6311,3225,3868,7856,7248
1099,6311,3225,3213,3340,8303
1099,6311,3225,4610,7865,8140
1099,6311,3225,9657,481,5626
1099,6311,3225,8125,3223,1514
1099,6311,3225,4565,2451,3095
1099,6311,3225,7524,9108,3599
1099,6311,3225,5856,4106,9152
1099,6311,3225,595,8207,1858
1099,6311,3225,9005,2389,1158
1099,6311,3225,1572,1059,5049
1099,6311,3225,8970,2657,6734
1099,6311,3225,1004,9950,9740
1099,6311,3225,6715,5828,1093
1099,6311,3225,1352,2383,4602
1099,6311,3225,154,9598,3286
1099,6311,3225,2411,6996,6530
1099,6311,3225,1056,4294,7757
1099,6311,3225,3740,7783,4427
1099,6311,3225,8614,1162,2382
1099,6311,3225,132,9656,7225
1099,6311,3225,3303,190,3660
1099,6311,3225,2970,2225,4494
1099,6311,3225,5514,1811,1153
1099,6311,3225,8200,1223,1222
1099,6311,3225,916,8938,6993
1099,6311,3225,5018,8043,8889
1099,6311,3225,5000,6823,4341
1099,6311,3225,2934,3300,9199
1099,6311,3225,6362,2544,8402
1099,6311,3225,1296,6393,9892
1099,6311,3225,6915,6705,8336
1099,6311,3225,7784,4008,6197
1099,6311,3225,4390,2964,306
1099,6311,3225,6364,7441,5324
1099,6311,3225,2416,753,1564
1099,6311,3225,4968,8562,2181
1099,6311,3225,9192,3645,2394
1099,6311,3225,5308,9598,5420
1099,6311,3225,1775,8412,8870
1099,6311,3225,3611,5394,8384
1099,6311,3225,1241,1073,8126
1099,6311,3225,7523,4917,8663
1099,6311,3225,9808,7139,3103
1099,6311,3225,822,1961,1375
1099,6311,3225,5966,8034,1867
1099,6311,3225,3882,8810,9267
1099,6311,3225,368,3416,1006
1099,6311,3225,3633,306,8696
1099,6311,3225,2525,4425,6116
1099,6311,3225,4540,5306,5144
1099,6311,3225,6344,7538,6763
1099,6311,3225,1489,4738,618
1099,6311,3225,9968,8034,1231
1099,6311,3225,3136,6376,5079
1099,6311,3225,535,9025,5428
1099,6311,3225,7674,8505,8820
