1099,6311,3225,2512,5204,1668
1099,6311,3225,6977,949,7566
1099,6311,3225,6070,7469,9985
1099,6311,3225,5703,8465,4983
1099,6311,3225,1559,3643,9684
1099,6311,3225,9270,6791,2421
1099,6311,3225,6464,7673,370
1099,6311,3225,5610,9400,585
1099,6311,3225,1240,5836,4508
1099,6311,3225,3524,8337,2857
1099,6311,3225,2531,3202,8384
1099,6311,3225,1444,6373,9214
1099,6311,3225,2903,5376,635
1099,6311,3225,3387,9526,6200
1099,6311,3225,6331,6098,3490
1099,6311,3225,222,8763,6429
1099,6311,3225,1396,8426,2078
1099,6311,3225,6612,4412,5583
1099,6311,3225,2250,294,306
1099,6311,3225,9576,28,2274
1099,6311,3225,4797,6315,1241
1099,6311,3225,1929,2671,5159
1099,6311,3225,8867,6746,711
1099,6311,3225,9110,1317,96
1099,6311,3225,3977,8458,2600
1099,6311,3225,5491,4491,2259
1099,6311,3225,4599,6499,6440
1099,6311,3225,1629,8737,6613
1099,6311,3225,88,8809,523
1099,6311,3225,6808,3447,638
1099,6311,3225,4376,7967,951
1099,6311,3225,3988,3005,5544
1099,6311,3225,308,950,8356
1099,6311,3225,2740,2100,9278
1099,6311,3225,620,5522,8510
1099,6311,3225,2465,9820,465
1099,6311,3225,9119,3402,1440
1099,6311,3225,7717,3954,6967
1099,6311,3225,1542,1664,7405
1099,6311,3225,1289,6625,5827
1099,6311,3225,4775,3081,6874
1099,6311,3225,7042,6033,4692
1099,6311,3225,1342,2818,9786
1099,6311,3225,3296,4059,7552
1099,6311,3225,1099,7408,1467
1099,6311,3225,6685,8330,3412
1099,6311,3225,8373,799,1432
1099,6311,3225,819,1912,8135
1099,6311,3225,7376,9362,1096
1099,6311,3225,7808,6349,5351
1099,6311,3225,5207,5786,9726
1099,6311,3225,5520,916,1522
1099,6311,3225,5135,4227,2403
1099,6311,3225,4832,2948,2795
1099,6311,3225,8130,5847,7956
1099,6311,3225,4225,2022,70
1099,6311,3225,1056,3492,8426
1099,6311,3225,2357,8259,4475
1099,6311,3225,9770,2469,5848
1099,6311,3225,487,1854,7986
1099,6311,3225,4387,8190,7544
1099,6311,3225,8716,7928,3284
1099,6311,3225,4250,3886,4180
1099,6311,3225,8104,678,2018
1099,6311,3225,2859,5282,650
1099,6311,3225,1038,1592,9316
1099,6311,3225,4565,1610,4822
1099,6311,3225,3038,2707,2627
1099,6311,3225,2970,3271,5651
1099,6311,3225,7179,1658,8057
1099,6311,3225,364,9590,6962
1099,6311,3225,7246,2010,3657
1099,6311,3225,5808,658,2724
1099,6311,3225,9716,9607,7
1099,6311,3225,7107,8342,4387
1099,6311,3225,3149,3615,6718
1099,6311,3225,1230,8683,5539
1099,6311,3225,8896,6796,5707
1099,6311,3225,9981,9390,4731
1099,6311,3225,4167,911,6384
1099,6311,3225,7631,3183,9940
1099,6311,3225,3481,68,7968
1099,6311,3225,5690,590,1148
1099,6311,3225,877,3328,1802
1099,6311,3225,9180,4208,317
1099,6311,3225,4043,9898,8451
1099,6311,3225,1020,4321,2994
1099,6311,3225,2413,5823,8689
1099,6311,3225,9300,2994,4755
1099,6311,3225,3184,3368,2465
1099,6311,3225,6911,3568,1173
1099,6311,3225,1080,4135,300
1099,6311,3225,9366,1658,7767
1099,6311,3225,2311,3556,4840
1099,6311,3225,2566,8793,1826
1099,6311,3225,481,3816,897
1099,6311,3225,3071,85,4990
1099,6311,3225,5334,6759,2390
1099,6311,3225,7083,9609,2317
1099,6311,3225,9275,9054,8597
1099,6311,3225,9993,1567,7764
1099,6311,3225,2258,3969,109
1099,6311,3225,2626,7175,2441
1099,6311,3225,5697,9449,60
1099,6311,3225,9925,8946,7650
1099,6311,3225,3134,6451,9453
1099,6311,3225,3847,1731,8916
1099,6311,3225,893,168,2483
1099,6311,3225,1226,1487,8342
1099,6311,3225,5799,3311,5377
1099,6311,3225,2287,2870,7572
1099,6311,3225,936,714,37
1099,6311,3225,2348,5537,715
1099,6311,3225,2795,8404,612
1099,6311,3225,4592,4935,5216
1099,6311,3225,8413,1938,3269
1099,6311,3225,847,9369,9959
1099,6311,3225,4901,9733,2068
1099,6311,3225,2783,5951,7078
1099,6311,3225,2524,7261,2827
1099,6311,3225,8038,5646,1032
1099,6311,3225,595,4007,2160
1099,6311,3225,6731,6924,9274
1099,6311,3225,1061,8577,7211
1099,6311,3225,1197,8164,1463
1099,6311,3225,7666,1474,6983
1099,6311,3225,1838,7582,1747
1099,6311,3225,1420,862,3815
1099,6311,3225,512,7483,1492
1099,6311,3225,2115,7275,4386
1099,6311,3225,2723,2908,9744
1099,6311,3225,3810,3959,5221
1099,6311,3225,6241,1077,9804
1099,6311,3225,3065,1328,6419
1099,6311,3225,4921,7828,3203
1099,6311,3225,5477,1679,1728
1099,6311,3225,9511,1603,6083
1099,6311,3225,7192,8496,3761
1099,6311,3225,7010,3575,8430
1099,6311,3225,1804,8596,4360
1099,6311,3225,7604,3577,8093
1099,6311,3225,3718,3681,6661
1099,6311,3225,1776,686,9036
1099,6311,3225,141,2147,508
1099,6311,3225,1632,5206,7161
1099,6311,3225,5811,7960,2357
1099,6311,3225,9196,3738,1465
1099,6311,3225,6451,1854,6687
1099,6311,3225,7566,3289,3361
1099,6311,3225,5403,2258,8813
1099,6311,3225,1657,2589,4361
1099,6311,3225,509,7653,6548
1099,6311,3225,3531,6547,8008
1099,6311,3225,5542,453,2548
1099,6311,3225,2428,1044,6677
1099,6311,3225,9565,315,1932
1099,6311,3225,3730,4362,1090
1099,6311,3225,7468,651,9771
1099,6311,3225,9772,1837,9925
1099,6311,3225,434,7513,6528
1099,6311,3225,8623,2430,5493
1099,6311,3225,9429,7965,9059
1099,6311,3225,3716,8032,6376
1099,6311,3225,4109,9390,1801
1099,6311,3225,7417,6596,6357
1099,6311,3225,4600,1539,2941
1099,6311,3225,7012,4974,5629
1099,6311,3225,7176,7022,4574
1099,6311,3225,2571,2500,6005
1099,6311,3225,3087,7858,9557
1099,6311,3225,6921,9221,4646
1099,6311,3225,5212,1621,2971
1099,6311,3225,189,3293,8285
1099,6311,3225,146,3906,4946
1099,6311,3225,6815,310,4721
1099,6311,3225,3671,5211,1843
1099,6311,3225,5490,2137,7315
1099,6311,3225,8505,5646,2150
1099,6311,3225,770,7365,757
1099,6311,3225,1582,4336,3585
1099,6311,3225,330,187,6101
1099,6311,3225,8533,8513,9058
1099,6311,3225,4263,2669,4083
1099,6311,3225,2595,9404,259
1099,6311,3225,9218,6813,4021
1099,6311,3225,4666,4134,4901
1099,6311,3225,6436,4888,5978
1099,6311,3225,8232,6121,4811
1099,6311,3225,9849,2063,9092
1099,6311,3225,147,8105,5355
1099,6311,3225,1818,5144,6738
1099,6311,3225,1438,4793,5945
1099,6311,3225,5345,930,6257
1099,6311,3225,7762,7506,7757
1099,6311,3225,5888,2963,2802
1099,6311,3225,3190,5466,276
1099,6311,3225,5869,9766,4318
1099,6311,3225,4360,6243,329
1099,6311,3225,7436,4755,1333
1099,6311,3225,196,1564,6929
1099,6311,3225,3323,3332,7908
1099,6311,3225,2556,5655,777
1099,6311,3225,9905,8481,4525
1099,6311,3225,6190,9355,3948
1099,6311,3225,9360,6256,4286
1099,6311,3225,3052,4118,6812
1099,6311,3225,6257,4131,3374
1099,6311,3225,6899,6282,7020
1099,6311,3225,522,7087,9166
1099,6311,3225,3711,2803,7484
1099,6311,3225,9129,3670,8269
1099,6311,3225,2964,1515,7426
1099,6311,3225,6583,5972,2463
1099,6311,3225,9912,5284,7224
1099,6311,3225,1995,431,8353
1099,6311,3225,7445,2856,9198
1099,6311,3225,491,3377,2928
1099,6311,3225,5401,7273,6856
1099,6311,3225,328,9461,9358
1099,6311,3225,7545,9389,4799
1099,6311,3225,6762,2969,2245
1099,6311,3225,8766,2552,6969
1099,6311,3225,1520,6316,2387
1099,6311,3225,3560,2944,5854
1099,6311,3225,6164,2645,669
1099,6311,3225,3354,5538,9346
1099,6311,3225,1591,3080,2386
1099,6311,3225,7381,3535,2427
1099,6311,3225,6919,5993,1330
1099,6311,3225,1555,1120,1112
1099,6311,3225,9914,2212,5620
1099,6311,3225,1261,7745,2682
1099,6311,3225,1483,90,5504
1099,6311,3225,8424,4433,2639
1099,6311,3225,7286,3906,9530
1099,6311,3225,8840,6305,1456
1099,6311,3225,2618,3998,7889
1099,6311,3225,7069,9529,1073
1099,6311,3225,7515,2414,6802
1099,6311,3225,3384,9556,2473
1099,6311,3225,4225,6560,8866
1099,6311,3225,9989,5892,4375
1099,6311,3225,987,6897,8836
1099,6311,3225,1036,9202,6202
1099,6311,3225,7339,882,9925
1099,6311,3225,9825,5347,2066
1099,6311,3225,726,7058,793
1099,6311,3225,9031,2588,8431
1099,6311,3225,2034,6120,5159
1099,6311,3225,6716,9481,1014
1099,6311,3225,494,7513,659
1099,6311,3225,2613,5165,1945
1099,6311,3225,7997,8122,5624
1099,6311,3225,4153,9710,8945
1099,6311,3225,2308,9024,5633
1099,6311,3225,8011,3190,4724
1099,6311,3225,8914,6955,9792
1099,6311,3225,1710,9985,3158
1099,6311,3225,9778,5619,2682
1099,6311,3225,5651,9003,4221
1099,6311,3225,3074,1612,3382
1099,6311,3225,4268,1288,7559
1099,6311,3225,8801,1078,5534
1099,6311,3225,7783,7309,3705
1099,6311,3225,384,8846,9613
1099,6311,3225,9810,1902,424
1099,6311,3225,1566,4500,37
1099,6311,3225,5831,7389,4716
1099,6311,3225,453,3599,7765
1099,6311,3225,7561,8501,3907
1099,6311,3225,5621,1416,187
1099,6311,3225,8392,2106,701
1099,6311,3225,8444,4764,1619
1099,6311,3225,9646,2617,4805
1099,6311,3225,7456,1112,1784
1099,6311,3225,9209,51,6840
1099,6311,3225,3610,4378,4479
1099,6311,3225,2718,5364,9049
1099,6311,3225,4744,7410,6179
1099,6311,3225,2027,576,9338
1099,6311,3225,5661,9224,9633
1099,6311,3225,2995,14,564
1099,6311,3225,9425,370,2153
1099,6311,3225,9367,1756,9484
1099,6311,3225,2840,3568,8790
1099,6311,3225,3026,5333,2796
1099,6311,3225,8448,702,3840
1099,6311,3225,8133,2853,2489
1099,6311,3225,493,6940,4405
1099,6311,3225,8425,626,8622
1099,6311,3225,5229,9004,5054
1099,6311,3225,291,3787,9924
1099,6311,3225,513,4788,4634
1099,6311,3225,3896,5824,2248
1099,6311,3225,3195,9485,7085
1099,6311,3225,5148,9577,4365
1099,6311,3225,7812,974,3793
1099,6311,3225,5622,4746,9150
1099,6311,3225,9606,9368,9073
1099,6311,3225,8455,6012,7678
1099,6311,3225,2907,622,8161
1099,6311,3225,7265,6273,8209
1099,6311,3225,5294,7278,3255
1099,6311,3225,9438,9945,5423
1099,6311,3225,448,5177,1113
1099,6311,3225,8219,3547,1152
1099,6311,3225,2083,1560,7828
1099,6311,3225,4562,4531,3197
1099,6311,3225,6295,3778,6352
1099,6311,3225,7842,7062,8184
1099,6311,3225,3209,7028,3379
1099,6311,3225,8989,2033,2616
1099,6311,3225,421,4749,8521
1099,6311,3225,8161,5615,8049
1099,6311,3225,4922,6391,4456
1099,6311,3225,496,5600,170
1099,6311,3225,1710,4263,7287
1099,6311,3225,352,1275,302
1099,6311,3225,6074,6494,2322
1099,6311,3225,6581,7279,6681
1099,6311,3225,7213,5459,8329
1099,6311,3225,9636,7193,355
1099,6311,3225,4941,7468,6999
1099,6311,3225,6720,1775,5227
1099,6311,3225,9156,7455,706
1099,6311,3225,8914,6688,405
1099,6311,3225,1156,5758,8530
1099,6311,3225,7772,5170,6421
1099,6311,3225,1355,1712,994
1099,6311,3225,8694,2665,513
1099,6311,3225,318,8676,5495
1099,6311,3225,8616,5471,1694
1099,6311,3225,1595,6296,2431
1099,6311,3225,4831,6887,1927
1099,6311,3225,8012,753,2117
1099,6311,3225,7827,3374,4020
1099,6311,3225,7467,7260,8108
1099,6311,3225,5264,3464,7792
1099,6311,3225,3427,1639,6807
1099,6311,3225,6627,3325,1822
1099,6311,3225,9376,9465,3325
1099,6311,3225,8438,8802,3471
1099,6311,3225,6253,8262,1465
1099,6311,3225,3281,3801,4137
1099,6311,3225,6457,5832,9617
1099,6311,3225,8326,8897,4969
1099,6311,3225,6005,6262,7903
1099,6311,3225,6405,6251,2221
1099,6311,3225,4062,2814,7150
1099,6311,3225,2086,5767,9127
1099,6311,3225,3672,8157,7926
1099,6311,3225,7051,9714,6746
1099,6311,3225,289,2658,8275
1099,6311,3225,5764,2926,1023
1099,6311,3225,2579,9760,5622
1099,6311,3225,7368,7415,128
1099,6311,3225,7440,986,2045
1099,6311,3225,1025,1094,8463
1099,6311,3225,1506,4745,678
1099,6311,3225,5146,3684,6001
1099,6311,3225,7844,3850,581
1099,6311,3225,2790,8190,2086
1099,6311,3225,4783,8365,5717
1099,6311,3225,6737,7032,4580
1099,6311,3225,8426,5044,2352
1099,6311,3225,2993,2121,5747
1099,6311,3225,1299,1251,887
1099,6311,3225,3177,909,3610
1099,6311,3225,3444,1406,4018
1099,6311,3225,6608,1751,766
1099,6311,3225,7402,1331,3983
1099,6311,3225,4389,5667,9672
1099,6311,3225,7960,2755,2292
1099,6311,3225,9919,6618,6432
1099,6311,3225,1136,8018,2343
1099,6311,3225,5176,2181,4581
1099,6311,3225,9242,6129,8326
1099,6311,3225,3908,6354,3169
1099,6311,3225,6735,4533,1395
1099,6311,3225,6691,4346,7338
1099,6311,3225,3604,4307,9623
1099,6311,3225,6761,8856,3284
1099,6311,3225,2347,8008,3001
1099,6311,3225,3932,5541,2316
1099,6311,3225,4184,2054,7162
1099,6311,3225,3511,6685,2898
1099,6311,3225,6569,1765,7039
1099,6311,3225,1964,2715,45
1099,6311,3225,4712,3208,8591
1099,6311,3225,1998,2599,7623
1099,6311,3225,2501,4216,2176
1099,6311,3225,9219,9545,951
1099,6311,3225,1327,2582,5597
1099,6311,3225,5382,7495,1047
1099,6311,3225,9481,802,9204
1099,6311,3225,525,2402,4833
1099,6311,3225,3003,5683,7964
1099,6311,3225,7271,8360,2966
1099,6311,3225,3034,8176,2617
1099,6311,3225,9734,7087,5194
1099,6311,3225,1421,6895,9654
1099,6311,3225,65,8980,9525
1099,6311,3225,9242,4187,8539
1099,6311,3225,8137,4224,4469
1099,6311,3225,6401,3865,1657
1099,6311,3225,7672,250,7708
1099,6311,3225,4024,7592,1164
1099,6311,3225,6644,5185,8981
1099,6311,3225,531,6229,2655
1099,6311,3225,8603,2599,4610
1099,6311,3225,2422,1227,9166
1099,6311,3225,4489,9960,1570
1099,6311,3225,366,3820,1825
1099,6311,3225,3924,7767,1542
1099,6311,3225,4460,8907,665
1099,6311,3225,1116,159,8010
1099,6311,3225,4404,501,9359
1099,6311,3225,5753,9731,8260
1099,6311,3225,6541,7529,1842
1099,6311,3225,6501,1699,2867
1099,6311,3225,4304,7463,2071
1099,6311,3225,9655,230,3655
1099,6311,3225,5643,431,8571
1099,6311,3225,3809,3680,5972
1099,6311,3225,6508,3062,3628
1099,6311,3225,335,2973,6133
1099,6311,3225,7935,5658,7888
1099,6311,3225,2878,1517,3604
1099,6311,3225,3193,5419,9951
1099,6311,3225,1057,9375,9316
1099,6311,3225,7666,4829,5678
1099,6311,3225,8905,6685,8492
1099,6311,3225,2460,9145,811
1099,6311,3225,456,2819,9677
1099,6311,3225,3379,9587,4943
1099,6311,3225,2478,5115,2419
1099,6311,3225,8800,7937,8447
1099,6311,3225,8166,1094,4128
1099,6311,3225,2618,7655,6502
1099,6311,3225,9590,4514,5729
1099,6311,3225,6742,6014,6748
1099,6311,3225,8411,7744,6735
1099,6311,3225,2384,2127,8842
1099,6311,3225,4874,418,6115
1099,6311,3225,5749,1098,6551
1099,6311,3225,3874,2027,2027
1099,6311,3225,194,4959,1238
1099,6311,3225,4405,3376,1686
1099,6311,3225,6775,1043,8308
1099,6311,3225,9679,6453,4181
1099,6311,3225,5568,5561,9434
1099,6311,3225,3202,9232,9137
1099,6311,3225,2850,3610,976
1099,6311,3225,4251,3105,613
1099,6311,3225,9886,5157,1755
1099,6311,3225,1836,5553,5658
1099,6311,3225,3954,7242,2228
1099,6311,3225,2838,3286,8448
1099,6311,3225,8421,1622,5054
1099,6311,3225,7711,1766,8307
1099,6311,3225,7917,5642,6874
1099,6311,3225,5862,7332,8999
1099,6311,3225,6664,2048,7308
1099,6311,3225,633,4702,2398
1099,6311,3225,3707,6735,4699
1099,6311,3225,4855,5262,2127
1099,6311,3225,8340,3271,7322
1099,6311,3225,6648,7720,7207
1099,6311,3225,9592,3317,3304
1099,6311,3225,4290,4857,2766
1099,6311,3225,9002,4226,452
1099,6311,3225,6035,8727,3833
1099,6311,3225,3751,3710,3093
1099,6311,3225,7225,9641,257
1099,6311,3225,9689,9940,8213
1099,6311,3225,3664,7431,9865
1099,6311,3225,6598,1145,5074
1099,6311,3225,720,368,2324
1099,6311,3225,1902,9058,8897
1099,6311,3225,3870,6359,3254
1099,6311,3225,9997,9654,1765
1099,6311,3225,9314,7612,5079
1099,6311,3225,477,2472,7341
1099,6311,3225,253,7012,4631
1099,6311,3225,8131,4027,5311
1099,6311,3225,8627,6045,6172
1099,6311,3225,5299,2920,3189
1099,6311,3225,3213,9123,2100
1099,6311,3225,4295,5275,7944
1099,6311,3225,2095,3786,491
1099,6311,3225,3599,4528,5985
1099,6311,3225,8951,6858,1819
1099,6311,3225,2015,1017,7098
1099,6311,3225,9785,5115,3897
1099,6311,3225,1970,5488,5846
1099,6311,3225,715,8721,6131
1099,6311,3225,7321,2057,1065
1099,6311,3225,5773,8369,5968
1099,6311,3225,6304,6379,6183
1099,6311,3225,593,2847,9067
1099,6311,3225,2198,4659,7766
1099,6311,3225,5076,6123,9094
1099,6311,3225,5505,5209,3119
1099,6311,3225,8509,153,4531
1099,6311,3225,1287,1453,7604
1099,6311,3225,8951,6039,4984
1099,6311,3225,3134,9814,8694
1099,6311,3225,3818,437,817
1099,6311,3225,4411,2272,5269
1099,6311,3225,266,4166,2549
