2736,6652,2219,2564,2097,4462
2736,6652,2219,2097,8003,7057
2736,6652,2219,8144,3873,99
2736,6652,2219,2236,359,1430
2736,6652,2219,6326,7750,7011
2736,6652,2219,2641,3023,4877
2736,6652,2219,3646,1198,2631
2736,6652,2219,1689,1113,9861
2736,6652,2219,7621,5566,3818
2736,6652,2219,4938,5685,6832
2736,6652,2219,724,7733,2232
2736,6652,2219,3473,7845,2385
2736,6652,2219,464,3046,6241
2736,6652,2219,4656,3031,2506
2736,6652,2219,1417,6432,1760
2736,6652,2219,8633,6708,3002
2736,6652,2219,1202,6335,4968
2736,6652,2219,477,4982,3057
2736,6652,2219,5947,9996,2426
2736,6652,2219,7723,6920,8580
2736,6652,2219,5569,439,4073
2736,6652,2219,3125,7466,7499
2736,6652,2219,364,7541,5699
2736,6652,2219,8986,7656,1621
2736,6652,2219,6353,2524,2365
2736,6652,2219,1059,4836,374
2736,6652,2219,9251,6392,9279
2736,6652,2219,9281,5576,2693
2736,6652,2219,8982,4899,2232
2736,6652,2219,6731,2436,9203
2736,6652,2219,9860,90,9662
2736,6652,2219,4284,5692,8854
2736,6652,2219,8133,1828,1288
2736,6652,2219,487,1582,931
2736,6652,2219,4123,958,6641
2736,6652,2219,6094,6897,2765
2736,6652,2219,780,6615,8401
2736,6652,2219,1386,2111,3399
2736,6652,2219,5535,6561,5892
2736,6652,2219,9622,6979,1878
2736,6652,2219,9579,8049,457
2736,6652,2219,46,4649,9324
2736,6652,2219,5677,9795,1553
2736,6652,2219,2123,7073,3560
2736,6652,2219,5562,3278,6403
2736,6652,2219,9417,8085,2715
2736,6652,2219,1274,244,4357
2736,6652,2219,4465,9399,4315
2736,6652,2219,8933,2966,5197
2736,6652,2219,1562,5176,3955
2736,6652,2219,7846,2144,2428
2736,6652,2219,4222,4720,6716
2736,6652,2219,9663,1898,200
2736,6652,2219,3372,9356,2167
2736,6652,2219,7362,4004,9533
2736,6652,2219,9063,7325,9434
2736,6652,2219,808,2663,3365
2736,6652,2219,4180,6089,43
2736,6652,2219,7955,3187,217
2736,6652,2219,564,9243,9946
2736,6652,2219,2334,3753,8533
2736,6652,2219,8883,6563,7782
2736,6652,2219,2363,2357,9460
2736,6652,2219,229,4233,131
2736,6652,2219,377,6852,9060
2736,6652,2219,5698,1275,2474
2736,6652,2219,1216,6952,8499
2736,6652,2219,4428,1249,7442
2736,6652,2219,7627,5627,2230
2736,6652,2219,2437,9110,687
2736,6652,2219,342,4634,839
2736,6652,2219,9308,2873,7205
2736,6652,2219,6091,9303,2096
2736,6652,2219,5645,438,7617
2736,6652,2219,4191,4216,9667
2736,6652,2219,6600,1874,1576
2736,6652,2219,2106,8838,9569
2736,6652,2219,6682,420,9176
2736,6652,2219,410,5384,417
2736,6652,2219,8582,7070,9911
2736,6652,2219,4601,3309,4253
2736,6652,2219,2615,9363,3218
2736,6652,2219,5145,5727,7837
2736,6652,2219,1598,6219,9819
2736,6652,2219,7209,5701,6334
2736,6652,2219,2249,7552,6024
2736,6652,2219,2225,9040,6772
2736,6652,2219,3289,2005,5467
2736,6652,2219,8424,6196,7745
2736,6652,2219,1273,10000,9748
2736,6652,2219,3667,8698,7410
2736,6652,2219,3805,5332,8546
2736,6652,2219,940,4961,9382
2736,6652,2219,3522,2103,8588
2736,6652,2219,667,7244,1989
2736,6652,2219,6592,6965,3195
2736,6652,2219,8634,7764,1563
2736,6652,2219,5773,632,4753
2736,6652,2219,7014,4159,5880
2736,6652,2219,6740,3655,6426
2736,6652,2219,8994,7121,7181
2736,6652,2219,121,2710,9888
2736,6652,2219,9946,9524,3123
2736,6652,2219,9660,4311,6340
2736,6652,2219,8244,8412,5164
2736,6652,2219,1581,4562,6435
2736,6652,2219,5136,153,547
2736,6652,2219,55,5513,7765
2736,6652,2219,2335,779,9852
2736,6652,2219,7602,3778,5327
2736,6652,2219,1763,3024,7076
2736,6652,2219,3025,9488,8341
2736,6652,2219,3694,2463,7365
2736,6652,2219,9000,4369,2200
2736,6652,2219,6514,6005,2495
2736,6652,2219,5844,1256,3110
2736,6652,2219,743,6455,7447
2736,6652,2219,5007,496,8402
2736,6652,2219,6339,966,2685
2736,6652,2219,7971,8346,2045
2736,6652,2219,1193,2954,9928
2736,6652,2219,8409,6428,6866
2736,6652,2219,9093,715,6305
2736,6652,2219,5645,6096,1854
2736,6652,2219,9272,6620,8123
2736,6652,2219,3110,6022,2777
2736,6652,2219,2919,7354,4348
2736,6652,2219,3300,9382,6363
2736,6652,2219,474,6081,3787
2736,6652,2219,9476,3621,7292
2736,6652,2219,1259,7427,1836
2736,6652,2219,6707,7026,8812
2736,6652,2219,6028,297,4813
2736,6652,2219,564,9108,7453
2736,6652,2219,6619,6166,7871
2736,6652,2219,7601,3825,6410
2736,6652,2219,3051,4185,6615
2736,6652,2219,1179,1496,4701
2736,6652,2219,5490,7115,3495
2736,6652,2219,3358,6313,882
2736,6652,2219,5253,6337,9949
2736,6652,2219,3570,4686,4217
2736,6652,2219,1824,2117,7099
2736,6652,2219,3365,2302,1388
2736,6652,2219,3554,5363,2812
2736,6652,2219,2119,4587,1559
2736,6652,2219,8887,3363,3835
2736,6652,2219,2446,3417,7881
2736,6652,2219,7041,8736,8569
2736,6652,2219,7166,7727,3672
2736,6652,2219,2541,4609,1136
2736,6652,2219,4327,717,7996
2736,6652,2219,5308,1568,4374
2736,6652,2219,5750,932,900
2736,6652,2219,7581,8076,2325
2736,6652,2219,7928,8974,9474
2736,6652,2219,7213,127,9989
2736,6652,2219,3833,5253,5775
2736,6652,2219,5994,6203,9811
2736,6652,2219,4105,1991,6062
2736,6652,2219,8886,2543,3115
2736,6652,2219,7706,1613,4854
2736,6652,2219,8014,3343,6945
2736,6652,2219,9299,6265,1429
2736,6652,2219,3260,2057,174
2736,6652,2219,3891,8359,5567
2736,6652,2219,4176,12,3083
2736,6652,2219,7258,4939,6314
2736,6652,2219,6239,6387,6282
2736,6652,2219,6197,553,4010
2736,6652,2219,6434,5103,835
2736,6652,2219,2386,917,8750
2736,6652,2219,484,556,8326
2736,6652,2219,8281,7677,2912
2736,6652,2219,7714,7213,6400
2736,6652,2219,3617,1107,3091
2736,6652,2219,5190,7722,9773
2736,6652,2219,3160,5295,6844
2736,6652,2219,9514,4874,4377
2736,6652,2219,4929,5075,9312
2736,6652,2219,8122,2120,1131
2736,6652,2219,5044,6888,8171
2736,6652,2219,2459,5166,3574
2736,6652,2219,946,4924,5063
2736,6652,2219,600,428,278
2736,6652,2219,9641,1755,2916
2736,6652,2219,9120,4199,142
2736,6652,2219,3486,5877,6284
2736,6652,2219,720,451,7485
2736,6652,2219,8611,9485,35
2736,6652,2219,3084,9332,8636
2736,6652,2219,8614,3822,7598
2736,6652,2219,6572,3016,8723
2736,6652,2219,1893,2780,5694
2736,6652,2219,56,3822,368
2736,6652,2219,896,1800,5617
2736,6652,2219,7365,3462,2033
2736,6652,2219,3231,4504,7531
2736,6652,2219,9643,1993,7774
2736,6652,2219,3398,6988,4277
2736,6652,2219,3746,6595,8529
2736,6652,2219,7558,7211,6440
2736,6652,2219,6321,3602,157
2736,6652,2219,9238,6389,1022
2736,6652,2219,648,1846,6912
2736,6652,2219,5379,9207,8089
2736,6652,2219,494,1942,2560
2736,6652,2219,4775,3910,6223
2736,6652,2219,7641,5977,8991
2736,6652,2219,9529,5184,9860
2736,6652,2219,7632,8978,4530
2736,6652,2219,5621,7279,491
2736,6652,2219,6199,3058,5543
2736,6652,2219,1747,810,6082
2736,6652,2219,9301,4148,6115
2736,6652,2219,5427,6602,9201
2736,6652,2219,9311,2714,8038
2736,6652,2219,3510,1492,3548
2736,6652,2219,1948,3057,5651
2736,6652,2219,8928,564,207
2736,6652,2219,9157,6343,5025
2736,6652,2219,3869,7283,7442
2736,6652,2219,6276,1181,4609
2736,6652,2219,7780,1217,740
2736,6652,2219,2043,4013,3837
2736,6652,2219,8932,6463,8632
2736,6652,2219,3821,8224,1474
2736,6652,2219,878,9067,1598
2736,6652,2219,7507,5801,1325
2736,6652,2219,1681,2074,2949
2736,6652,2219,5316,9124,7216
2736,6652,2219,1721,6333,3619
2736,6652,2219,516,2956,7074
2736,6652,2219,9838,8654,5963
2736,6652,2219,4469,651,940
2736,6652,2219,1064,9927,7297
2736,6652,2219,1516,2982,3495
2736,6652,2219,3433,5488,4603
2736,6652,2219,2405,531,1272
2736,6652,2219,1721,4109,5787
2736,6652,2219,7476,8845,3987
2736,6652,2219,7367,1524,5931
2736,6652,2219,8359,6580,9303
2736,6652,2219,7429,6183,5161
2736,6652,2219,241,4208,2286
2736,6652,2219,1233,2068,3585
2736,6652,2219,567,4310,4847
2736,6652,2219,6995,4460,3140
2736,6652,2219,1380,9373,865
2736,6652,2219,5810,9766,7675
2736,6652,2219,5320,5032,8627
2736,6652,2219,746,7777,8637
2736,6652,2219,4564,1994,472
2736,6652,2219,9930,8415,6377
2736,6652,2219,6602,4362,7381
2736,6652,2219,237,411,2656
2736,6652,2219,6870,2591,8067
2736,6652,2219,3590,2108,9307
2736,6652,2219,3337,8784,274
2736,6652,2219,794,3565,3562
2736,6652,2219,8725,6886,2768
2736,6652,2219,1170,2531,9129
2736,6652,2219,7834,8237,4004
2736,6652,2219,5049,5169,924
2736,6652,2219,2603,2124,477
2736,6652,2219,3389,662,1630
2736,6652,2219,3200,9969,3250
2736,6652,2219,2048,5269,664
2736,6652,2219,3935,5742,829
2736,6652,2219,2988,7946,6922
2736,6652,2219,6026,4192,6238
2736,6652,2219,4838,2967,1042
2736,6652,2219,1927,1112,210
2736,6652,2219,2150,1298,5278
2736,6652,2219,516,7434,3573
2736,6652,2219,7842,6478,5281
2736,6652,2219,2442,6786,5429
2736,6652,2219,1070,56,9532
2736,6652,2219,1624,4219,8134
2736,6652,2219,1832,6059,6296
2736,6652,2219,7214,8607,4956
2736,6652,2219,301,7354,9027
2736,6652,2219,3269,3030,4547
2736,6652,2219,7643,3683,3108
2736,6652,2219,1633,6476,6722
2736,6652,2219,1638,1645,4415
2736,6652,2219,1531,6843,3471
2736,6652,2219,6111,782,4873
2736,6652,2219,2049,7740,3963
2736,6652,2219,989,1032,7413
2736,6652,2219,7932,9971,3033
2736,6652,2219,125,5119,5570
2736,6652,2219,9049,6666,9784
2736,6652,2219,5261,4148,9033
2736,6652,2219,2232,4281,2989
2736,6652,2219,3917,8898,7038
2736,6652,2219,6279,9408,9433
2736,6652,2219,219,1150,835
2736,6652,2219,8254,1107,7605
2736,6652,2219,5928,2108,1485
2736,6652,2219,8133,982,3171
2736,6652,2219,5825,2891,7541
2736,6652,2219,9811,357,233
2736,6652,2219,1070,9365,5911
2736,6652,2219,5006,3357,3633
2736,6652,2219,9969,4693,1671
2736,6652,2219,2073,4306,9415
2736,6652,2219,2077,576,1137
2736,6652,2219,8172,968,7106
2736,6652,2219,8950,5541,340
2736,6652,2219,560,7486,2547
2736,6652,2219,3694,1383,4564
2736,6652,2219,6668,6546,5872
2736,6652,2219,4448,3483,7645
2736,6652,2219,8751,650,6023
2736,6652,2219,5079,252,4202
2736,6652,2219,9112,3251,3202
2736,6652,2219,1824,620,6182
2736,6652,2219,6411,8298,8767
2736,6652,2219,8730,2978,4059
2736,6652,2219,7122,3185,5814
2736,6652,2219,2529,3029,5561
2736,6652,2219,9239,7909,8566
2736,6652,2219,7761,2021,2490
2736,6652,2219,7497,4445,7478
2736,6652,2219,9244,5070,7602
2736,6652,2219,8703,370,954
2736,6652,2219,3860,2170,5851
2736,6652,2219,1822,8548,3638
2736,6652,2219,5632,730,1111
2736,6652,2219,2051,6591,2584
2736,6652,2219,6287,8957,651
2736,6652,2219,3024,9129,2759
2736,6652,2219,323,4980,5033
2736,6652,2219,6328,8737,7465
2736,6652,2219,2924,6870,77
2736,6652,2219,7248,4192,1113
2736,6652,2219,5813,8367,868
2736,6652,2219,5495,4291,7363
2736,6652,2219,5712,5589,2462
2736,6652,2219,9371,2245,9018
2736,6652,2219,5463,6360,5459
2736,6652,2219,3606,563,7161
2736,6652,2219,4001,595,5310
2736,6652,2219,113,115,3467
2736,6652,2219,8796,7813,7564
2736,6652,2219,8488,7373,149
2736,6652,2219,5772,2314,8219
2736,6652,2219,9465,6682,2253
2736,6652,2219,2546,118,1724
2736,6652,2219,3339,3292,6446
2736,6652,2219,4890,5553,5757
2736,6652,2219,6540,2772,4818
2736,6652,2219,2382,6306,5591
2736,6652,2219,8145,7275,5382
2736,6652,2219,8976,9265,683
2736,6652,2219,2580,7567,807
2736,6652,2219,8483,6277,3847
2736,6652,2219,1880,8373,946
2736,6652,2219,3076,1331,3761
2736,6652,2219,2951,9710,5088
2736,6652,2219,5507,730,2009
2736,6652,2219,1815,9131,9004
2736,6652,2219,916,1172,9822
2736,6652,2219,4673,6091,4522
2736,6652,2219,7972,6275,5850
2736,6652,2219,2573,6410,9246
2736,6652,2219,5846,2131,7105
2736,6652,2219,4918,591,4236
2736,6652,2219,9018,8338,6048
2736,6652,2219,1492,6042,2976
2736,6652,2219,7827,3901,9933
2736,6652,2219,2499,8279,5697
2736,6652,2219,8458,1974,4094
2736,6652,2219,3223,603,9024
2736,6652,2219,2621,9306,6856
2736,6652,2219,8974,1092,895
2736,6652,2219,2583,4786,6266
2736,6652,2219,3586,2275,1947
2736,6652,2219,7013,1471,3295
2736,6652,2219,1838,4006,8940
2736,6652,2219,2403,1159,2218
2736,6652,2219,7532,2545,5318
2736,6652,2219,9506,5394,8698
2736,6652,2219,5533,1292,7579
2736,6652,2219,7732,3932,3283
2736,6652,2219,3492,1187,4138
2736,6652,2219,1083,8252,2913
2736,6652,2219,592,9260,5408
2736,6652,2219,3270,4786,1811
2736,6652,2219,7447,7440,4086
2736,6652,2219,7855,6620,5837
2736,6652,2219,134,2496,8484
2736,6652,2219,7172,675,6590
2736,6652,2219,9739,922,6155
2736,6652,2219,9039,7054,6827
2736,6652,2219,8375,1752,2096
2736,6652,2219,6249,5856,2218
2736,6652,2219,8662,2965,3132
2736,6652,2219,2742,87,2443
2736,6652,2219,9890,9385,7064
2736,6652,2219,7081,9710,7634
2736,6652,2219,7005,4942,7639
2736,6652,2219,9322,3985,5813
2736,6652,2219,8557,2795,3996
2736,6652,2219,6109,2397,54
2736,6652,2219,8902,2164,3766
2736,6652,2219,3804,3416,5303
2736,6652,2219,6163,9904,6460
2736,6652,2219,6817,6708,3282
2736,6652,2219,364,5054,1859
2736,6652,2219,692,7613,3478
2736,6652,2219,4939,5386,6024
2736,6652,2219,6536,1106,5886
2736,6652,2219,4047,9668,3296
2736,6652,2219,4482,4510,701
2736,6652,2219,2662,1689,186
2736,6652,2219,4171,7921,2674
2736,6652,2219,2091,8866,7397
2736,6652,2219,6242,6557,9208
2736,6652,2219,9527,5002,1441
2736,6652,2219,562,2935,8954
2736,6652,2219,4497,5810,3304
2736,6652,2219,7020,8608,8057
2736,6652,2219,4944,8250,8363
2736,6652,2219,1597,6461,5147
2736,6652,2219,5570,8714,8419
2736,6652,2219,8588,4487,224
2736,6652,2219,8028,1740,8829
2736,6652,2219,212,2570,858
2736,6652,2219,6140,5266,8900
2736,6652,2219,4141,4508,621
2736,6652,2219,3022,7113,7657
2736,6652,2219,949,2482,4719
2736,6652,2219,5391,2326,5432
2736,6652,2219,1454,6676,5766
2736,6652,2219,8245,8609,6210
2736,6652,2219,3446,583,4353
2736,6652,2219,2498,5845,4142
2736,6652,2219,649,686,7738
2736,6652,2219,7089,9827,8464
2736,6652,2219,1419,6240,268
2736,6652,2219,4201,3131,3349
2736,6652,2219,9865,6988,1457
2736,6652,2219,5074,7266,3175
2736,6652,2219,8874,1545,466
2736,6652,2219,3676,4108,9420
2736,6652,2219,3057,314,50
2736,6652,2219,4892,4206,3960
2736,6652,2219,8883,9538,8762
2736,6652,2219,4505,7369,8223
2736,6652,2219,191,8091,63
2736,6652,2219,1189,7759,5506
2736,6652,2219,5458,648,9880
2736,6652,2219,9535,2423,1600
2736,6652,2219,8747,871,8697
2736,6652,2219,4770,6596,6293
2736,6652,2219,3509,3671,9930
2736,6652,2219,7721,3398,1213
2736,6652,2219,8506,8885,2240
2736,6652,2219,2373,2828,8724
2736,6652,2219,3701,6189,3962
2736,6652,2219,4694,5995,5531
2736,6652,2219,2549,9985,2041
2736,6652,2219,6335,3209,8911
2736,6652,2219,3000,6358,3822
2736,6652,2219,2724,6664,3468
2736,6652,2219,9839,1978,7652
2736,6652,2219,6456,2574,8632
2736,6652,2219,7874,2139,5401
2736,6652,2219,4709,7145,178
2736,6652,2219,2280,2958,2262
2736,6652,2219,2712,9564,5364
2736,6652,2219,4155,4091,3770
2736,6652,2219,371,6067,8093
2736,6652,2219,6140,2182,4630
2736,6652,2219,7648,571,9179
2736,6652,2219,2749,8692,6975
2736,6652,2219,7529,8200,8563
2736,6652,2219,4053,1486,5710
2736,6652,2219,920,1893,9521
2736,6652,2219,3872,4297,3357
2736,6652,2219,2444,8643,6881
2736,6652,2219,600,3025,1005
2736,6652,2219,810,8499,1259
2736,6652,2219,6606,7807,1815
2736,6652,2219,1132,5041,8707
2736,6652,2219,4222,6111,5797
2736,6652,2219,8851,9903,3993
2736,6652,2219,7417,8073,5022
2736,6652,2219,1681,4010,9756
2736,6652,2219,8639,9830,7623
2736,6652,2219,8223,3788,6990
2736,6652,2219,9526,5229,3454
2736,6652,2219,7673,7794,5333
2736,6652,2219,8930,5700,1687
2736,6652,2219,9469,8019,996
2736,6652,2219,8936,1931,9537
2736,6652,2219,610,9081,154
2736,6652,2219,9455,3498,1496
2736,6652,2219,9749,5857,8060
2736,6652,2219,1391,8788,8550
2736,6652,2219,1177,8328,6184
2736,6652,2219,4156,5887,593
2736,6652,2219,4534,2980,2938
2736,6652,2219,6083,2605,5127
2736,6652,2219,5740,654,5875
2736,6652,2219,9029,2491,4451
2736,6652,2219,9205,1926,5135
2736,6652,2219,6216,2961,5407
