26,101,196,26,38,38,44,139
26,114,164,26,38,38,44,139
169,88,189,169,38,38,44,139
2,17,5,2,168,168,151,192
2,19,139,2,168,168,151,192
2,159,9,2,168,168,151,192
2,7,57,2,168,168,151,192
2,145,116,2,168,168,151,192
2,14,60,2,168,168,151,192
2,84,21,2,168,168,151,192
142,199,174,142,168,168,151,192
72,17,68,72,129,129,134,151
72,158,39,72,129,129,134,151
72,169,54,72,129,129,134,151
72,27,4,72,129,129,134,151
95,113,133,95,129,129,134,151
95,148,186,95,129,129,134,151
95,156,127,95,129,129,134,151
95,13,184,95,129,129,134,151
95,106,191,95,129,129,134,151
95,127,76,95,129,129,134,151
72,17,68,72,129,129,72,24
72,158,39,72,129,129,72,24
72,169,54,72,129,129,72,24
72,27,4,72,129,129,72,24
95,113,133,95,129,129,72,24
95,148,186,95,129,129,72,24
95,156,127,95,129,129,72,24
95,13,184,95,129,129,72,24
95,106,191,95,129,129,72,24
95,127,76,95,129,129,72,24
4,100,20,4,148,148,194,143
4,77,1,4,148,148,194,143
4,119,40,4,148,148,194,143
4,159,107,4,148,148,194,143
91,133,44,91,14,14,6,5
91,33,74,91,14,14,6,5
91,65,114,91,14,14,6,5
91,37,62,91,14,14,6,5
172,196,200,172,181,181,173,29
172,100,35,172,181,181,173,29
172,100,92,172,181,181,173,29
172,132,74,172,181,181,173,29
172,156,184,172,181,181,173,29
172,169,36,172,181,181,173,29
172,194,141,172,181,181,173,29
172,80,5,172,181,181,173,29
9,75,114,9,181,181,173,29
9,130,21,9,181,181,173,29
146,151,55,146,181,181,173,29
146,150,169,146,181,181,173,29
146,149,174,146,181,181,173,29
146,47,138,146,181,181,173,29
146,109,149,146,181,181,173,29
146,79,149,146,181,181,173,29
146,24,174,146,181,181,173,29
182,160,36,182,115,115,34,56
182,96,35,182,115,115,34,56
182,170,27,182,115,115,34,56
182,50,72,182,115,115,34,56
104,84,88,104,5,5,24,44
104,141,152,104,5,5,24,44
104,166,84,104,5,5,24,44
104,120,197,104,5,5,24,44
62,126,169,62,161,161,7,128
62,82,20,62,161,161,7,128
62,32,186,62,161,161,7,128
62,197,67,62,161,161,7,128
62,105,98,62,161,161,7,128
7,8,67,7,161,161,7,128
7,172,76,7,161,161,7,128
7,154,116,7,161,161,7,128
7,129,143,7,161,161,7,128
7,52,112,7,161,161,7,128
7,132,180,7,161,161,7,128
12,93,143,12,137,137,44,99
12,18,57,12,137,137,44,99
12,80,128,12,137,137,44,99
12,27,7,12,137,137,44,99
12,34,172,12,137,137,44,99
12,160,156,12,137,137,44,99
2,17,5,2,168,168,16,73
2,19,139,2,168,168,16,73
2,159,9,2,168,168,16,73
2,7,57,2,168,168,16,73
2,145,116,2,168,168,16,73
2,14,60,2,168,168,16,73
2,84,21,2,168,168,16,73
142,199,174,142,168,168,16,73
57,101,28,57,92,92,38,18
57,77,92,57,92,92,38,18
57,130,182,57,92,92,38,18
57,179,24,57,92,92,38,18
57,130,145,57,92,92,38,18
57,105,196,57,92,92,38,18
57,101,28,57,92,92,151,198
57,77,92,57,92,92,151,198
57,130,182,57,92,92,151,198
57,179,24,57,92,92,151,198
57,130,145,57,92,92,151,198
57,105,196,57,92,92,151,198
118,72,25,118,180,180,200,51
118,17,137,118,180,180,200,51
118,130,154,118,180,180,200,51
118,28,196,118,180,180,200,51
118,1,89,118,180,180,200,51
118,26,176,118,180,180,200,51
117,26,107,117,193,193,135,149
117,26,95,117,193,193,135,149
117,98,113,117,193,193,135,149
117,180,71,117,193,193,135,149
117,119,186,117,193,193,135,149
117,188,55,117,193,193,135,149
35,191,65,35,155,155,77,55
35,146,103,35,155,155,77,55
35,110,90,35,155,155,77,55
35,84,133,35,155,155,77,55
104,84,88,104,155,155,77,55
104,141,152,104,155,155,77,55
104,166,84,104,155,155,77,55
104,120,197,104,155,155,77,55
136,26,44,136,134,134,188,40
136,12,133,136,134,134,188,40
136,36,162,136,134,134,188,40
136,25,198,136,134,134,188,40
130,35,39,130,134,134,188,40
130,21,200,130,134,134,188,40
130,131,168,130,134,134,188,40
103,143,131,103,34,34,49,87
103,139,4,103,34,34,49,87
103,1,2,103,34,34,49,87
103,94,167,103,34,34,49,87
113,148,55,113,34,34,49,87
113,121,149,113,34,34,49,87
113,178,109,113,34,34,49,87
113,185,142,113,34,34,49,87
113,149,52,113,34,34,49,87
113,11,174,113,34,34,49,87
19,102,41,19,151,151,199,11
19,177,22,19,151,151,199,11
19,157,171,19,151,151,199,11
19,124,39,19,151,151,199,11
19,86,32,19,151,151,199,11
160,112,115,160,164,164,79,111
160,163,186,160,164,164,79,111
160,78,125,160,164,164,79,111
160,182,44,160,164,164,79,111
160,145,135,160,164,164,79,111
180,165,141,180,25,25,34,136
180,172,166,180,25,25,34,136
180,41,48,180,25,25,34,136
180,71,93,180,25,25,34,136
180,125,112,180,25,25,34,136
180,175,13,180,25,25,34,136
4,100,20,4,148,148,183,190
4,77,1,4,148,148,183,190
4,119,40,4,148,148,183,190
4,159,107,4,148,148,183,190
101,72,185,101,173,173,134,78
101,135,141,101,173,173,134,78
101,124,102,101,173,173,134,78
186,115,75,186,40,40,90,131
186,157,65,186,40,40,90,131
186,75,6,186,40,40,90,131
186,73,119,186,40,40,90,131
186,129,12,186,40,40,90,131
186,72,94,186,40,40,90,131
35,191,65,35,47,47,94,91
35,146,103,35,47,47,94,91
35,110,90,35,47,47,94,91
35,84,133,35,47,47,94,91
91,133,44,91,14,14,134,77
91,33,74,91,14,14,134,77
91,65,114,91,14,14,134,77
91,37,62,91,14,14,134,77
29,95,127,29,49,49,105,36
29,152,187,29,49,49,105,36
29,112,140,29,49,49,105,36
29,26,18,29,49,49,105,36
29,195,112,29,49,49,105,36
29,2,132,29,49,49,105,36
29,155,186,29,49,49,105,36
29,82,85,29,49,49,105,36
59,30,179,59,49,49,105,36
59,21,128,59,49,49,105,36
59,157,16,59,49,49,105,36
59,107,199,59,49,49,105,36
59,125,72,59,49,49,105,36
59,146,182,59,49,49,105,36
59,140,158,59,49,49,105,36
104,84,88,104,5,5,184,40
104,141,152,104,5,5,184,40
104,166,84,104,5,5,184,40
104,120,197,104,5,5,184,40
126,88,124,126,186,186,14,151
126,32,62,126,186,186,14,151
126,7,14,126,186,186,14,151
126,128,74,126,186,186,14,151
126,114,168,126,186,186,14,151
153,197,167,153,186,186,14,151
153,161,177,153,186,186,14,151
153,70,138,153,186,186,14,151
153,125,36,153,186,186,14,151
193,19,12,193,169,169,30,184
193,8,15,193,169,169,30,184
193,60,200,193,169,169,30,184
145,170,1,145,54,54,163,166
145,105,144,145,54,54,163,166
145,62,141,145,54,54,163,166
145,64,73,145,54,54,163,166
145,36,56,145,54,54,163,166
145,19,91,145,54,54,163,166
91,133,44,91,54,54,163,166
91,33,74,91,54,54,163,166
91,65,114,91,54,54,163,166
91,37,62,91,54,54,163,166
160,112,115,160,164,164,76,43
160,163,186,160,164,164,76,43
160,78,125,160,164,164,76,43
160,182,44,160,164,164,76,43
160,145,135,160,164,164,76,43
122,75,194,122,24,24,43,13
122,107,12,122,24,24,43,13
122,1,191,122,24,24,43,13
122,36,51,122,24,24,43,13
36,48,131,36,24,24,43,13
36,66,197,36,24,24,43,13
131,119,150,131,124,124,157,98
131,28,184,131,124,124,157,98
131,149,42,131,124,124,157,98
131,171,177,131,124,124,157,98
131,189,102,131,124,124,157,98
131,179,162,131,124,124,157,98
45,53,180,45,140,140,158,153
9,75,114,9,140,140,158,153
9,130,21,9,140,140,158,153
102,22,152,102,101,101,24,28
102,132,136,102,101,101,24,28
102,48,155,102,101,101,24,28
102,16,142,102,101,101,24,28
2,17,5,2,101,101,24,28
2,19,139,2,101,101,24,28
2,159,9,2,101,101,24,28
2,7,57,2,101,101,24,28
2,145,116,2,101,101,24,28
2,14,60,2,101,101,24,28
2,84,21,2,101,101,24,28
76,143,152,76,178,178,199,186
76,35,157,76,178,178,199,186
113,148,55,113,32,32,138,178
113,121,149,113,32,32,138,178
113,178,109,113,32,32,138,178
113,185,142,113,32,32,138,178
113,149,52,113,32,32,138,178
113,11,174,113,32,32,138,178
102,22,152,102,39,39,45,162
130,0,7,130,134,134,188,40
130,42,33,130,134,134,188,40
130,144,194,130,134,134,188,40
130,43,59,130,134,134,188,40
130,43,158,130,134,134,188,40
130,191,59,130,134,134,188,40
130,96,62,130,134,134,188,40
130,11,62,130,134,134,188,40
191,143,145,191,141,141,88,130
191,64,19,191,141,141,88,130
139,77,58,139,63,63,113,151
139,102,54,139,63,63,113,151
139,29,106,139,63,63,113,151
139,52,198,139,63,63,113,151
19,179,50,19,63,63,113,151
19,102,41,19,63,63,113,151
19,177,22,19,63,63,113,151
19,157,171,19,63,63,113,151
19,124,39,19,63,63,113,151
19,86,32,19,63,63,113,151
170,79,19,170,10,10,131,37
170,59,103,170,10,10,131,37
170,173,159,170,10,10,131,37
170,176,98,170,10,10,131,37
19,102,41,19,151,151,129,100
19,177,22,19,151,151,129,100
19,157,171,19,151,151,129,100
19,124,39,19,151,151,129,100
19,86,32,19,151,151,129,100
29,95,127,29,49,49,116,131
29,152,187,29,49,49,116,131
29,112,140,29,49,49,116,131
29,26,18,29,49,49,116,131
29,195,112,29,49,49,116,131
29,2,132,29,49,49,116,131
29,155,186,29,49,49,116,131
29,82,85,29,49,49,116,131
59,30,179,59,49,49,116,131
59,21,128,59,49,49,116,131
59,157,16,59,49,49,116,131
59,107,199,59,49,49,116,131
59,125,72,59,49,49,116,131
59,146,182,59,49,49,116,131
59,140,158,59,49,49,116,131
172,196,200,172,181,181,21,139
172,100,35,172,181,181,21,139
172,100,92,172,181,181,21,139
172,132,74,172,181,181,21,139
172,156,184,172,181,181,21,139
172,169,36,172,181,181,21,139
172,194,141,172,181,181,21,139
172,80,5,172,181,181,21,139
9,75,114,9,181,181,21,139
9,130,21,9,181,181,21,139
146,151,55,146,181,181,21,139
146,150,169,146,181,181,21,139
146,149,174,146,181,181,21,139
146,47,138,146,181,181,21,139
146,109,149,146,181,181,21,139
146,79,149,146,181,181,21,139
146,24,174,146,181,181,21,139
101,72,185,101,173,173,89,60
101,135,141,101,173,173,89,60
101,124,102,101,173,173,89,60
122,75,194,122,24,24,9,175
122,107,12,122,24,24,9,175
122,1,191,122,24,24,9,175
122,36,51,122,24,24,9,175
36,48,131,36,24,24,9,175
36,66,197,36,24,24,9,175
157,148,100,157,163,163,188,109
157,142,126,157,163,163,188,109
157,45,134,157,163,163,188,109
157,29,132,157,163,163,188,109
157,198,108,157,163,163,188,109
157,8,180,157,163,163,188,109
157,102,85,157,163,163,188,109
101,72,185,101,197,197,21,200
101,135,141,101,197,197,21,200
101,124,102,101,197,197,21,200
190,181,112,190,197,197,21,200
190,130,194,190,197,197,21,200
190,62,41,190,197,197,21,200
190,162,153,190,197,197,21,200
190,49,89,190,197,197,21,200
100,123,198,100,26,26,186,63
100,30,110,100,26,26,186,63
100,61,80,100,26,26,186,63
100,65,112,100,26,26,186,63
93,161,193,93,26,26,186,63
93,98,76,93,26,26,186,63
93,83,115,93,26,26,186,63
93,17,138,93,26,26,186,63
93,53,85,93,26,26,186,63
93,55,7,93,26,26,186,63
93,23,16,93,26,26,186,63
93,196,63,93,26,26,186,63
93,154,3,93,26,26,186,63
93,28,101,93,26,26,186,63
93,62,90,93,26,26,186,63
186,115,75,186,40,40,70,183
186,157,65,186,40,40,70,183
186,75,6,186,40,40,70,183
186,73,119,186,40,40,70,183
186,129,12,186,40,40,70,183
186,72,94,186,40,40,70,183
35,191,65,35,47,47,148,158
35,146,103,35,47,47,148,158
35,110,90,35,47,47,148,158
35,84,133,35,47,47,148,158
83,9,66,83,175,175,155,105
83,122,108,83,175,175,155,105
83,63,142,83,175,175,155,105
144,21,44,144,175,175,155,105
144,0,175,144,175,175,155,105
144,132,10,144,175,175,155,105
121,83,109,121,175,175,155,105
121,168,65,121,175,175,155,105
121,89,42,121,175,175,155,105
121,129,171,121,175,175,155,105
121,60,82,121,175,175,155,105
121,169,109,121,175,175,155,105
68,140,194,68,34,34,49,87
68,8,26,68,34,34,49,87
68,94,56,68,34,34,49,87
68,195,142,68,34,34,49,87
103,164,156,103,34,34,49,87
103,74,82,103,34,34,49,87
102,132,136,102,39,39,45,162
102,48,155,102,39,39,45,162
102,16,142,102,39,39,45,162
196,122,1,196,138,138,140,73
196,172,103,196,138,138,140,73
83,9,66,83,175,175,65,72
83,122,108,83,175,175,65,72
83,63,142,83,175,175,65,72
144,21,44,144,175,175,65,72
144,0,175,144,175,175,65,72
144,132,10,144,175,175,65,72
121,83,109,121,175,175,65,72
121,168,65,121,175,175,65,72
121,89,42,121,175,175,65,72
121,129,171,121,175,175,65,72
121,60,82,121,175,175,65,72
121,169,109,121,175,175,65,72
108,133,197,108,8,8,185,81
108,125,95,108,8,8,185,81
108,82,19,108,8,8,185,81
108,148,137,108,8,8,185,81
108,9,140,108,8,8,185,81
108,117,5,108,8,8,185,81
108,188,43,108,8,8,185,81
108,58,145,108,8,8,185,81
108,129,102,108,8,8,185,81
83,9,66,83,175,175,130,182
83,122,108,83,175,175,130,182
83,63,142,83,175,175,130,182
144,21,44,144,175,175,130,182
144,0,175,144,175,175,130,182
144,132,10,144,175,175,130,182
121,83,109,121,175,175,130,182
121,168,65,121,175,175,130,182
121,89,42,121,175,175,130,182
121,129,171,121,175,175,130,182
121,60,82,121,175,175,130,182
121,169,109,121,175,175,130,182
126,88,124,126,186,186,53,45
126,32,62,126,186,186,53,45
126,7,14,126,186,186,53,45
126,128,74,126,186,186,53,45
126,114,168,126,186,186,53,45
153,197,167,153,186,186,53,45
153,161,177,153,186,186,53,45
153,70,138,153,186,186,53,45
153,125,36,153,186,186,53,45
13,19,111,13,62,62,53,130
13,156,144,13,62,62,53,130
13,77,102,13,62,62,53,130
156,73,158,156,83,83,55,172
156,61,151,156,83,83,55,172
156,139,129,156,83,83,55,172
156,188,119,156,83,83,55,172
156,198,52,156,83,83,55,172
156,13,34,156,83,83,55,172
156,138,194,156,83,83,55,172
156,0,64,156,83,83,55,172
156,181,192,156,83,83,55,172
156,126,52,156,83,83,55,172
156,50,31,156,83,83,55,172
147,45,118,147,87,87,103,69
147,176,41,147,87,87,103,69
147,15,125,147,87,87,103,69
147,147,111,147,87,87,103,69
147,9,100,147,87,87,103,69
34,99,183,34,99,99,200,74
83,9,66,83,175,175,91,149
83,122,108,83,175,175,91,149
83,63,142,83,175,175,91,149
144,21,44,144,175,175,91,149
144,0,175,144,175,175,91,149
144,132,10,144,175,175,91,149
121,83,109,121,175,175,91,149
121,168,65,121,175,175,91,149
121,89,42,121,175,175,91,149
121,129,171,121,175,175,91,149
121,60,82,121,175,175,91,149
121,169,109,121,175,175,91,149
101,72,185,101,173,173,186,46
101,135,141,101,173,173,186,46
101,124,102,101,173,173,186,46
58,81,180,58,64,64,29,162
58,66,22,58,64,64,29,162
58,165,183,58,64,64,29,162
58,80,32,58,64,64,29,162
58,33,125,58,64,64,29,162
58,19,181,58,64,64,29,162
58,146,121,58,64,64,29,162
58,163,160,58,64,64,29,162
58,122,141,58,64,64,29,162
58,35,18,58,64,64,29,162
58,8,73,58,64,64,29,162
58,152,163,58,64,64,29,162
58,128,80,58,64,64,29,162
58,194,19,58,64,64,29,162
29,95,127,29,49,49,101,50
29,152,187,29,49,49,101,50
29,112,140,29,49,49,101,50
29,26,18,29,49,49,101,50
29,195,112,29,49,49,101,50
29,2,132,29,49,49,101,50
29,155,186,29,49,49,101,50
29,82,85,29,49,49,101,50
59,30,179,59,49,49,101,50
59,21,128,59,49,49,101,50
59,157,16,59,49,49,101,50
59,107,199,59,49,49,101,50
59,125,72,59,49,49,101,50
59,146,182,59,49,49,101,50
59,140,158,59,49,49,101,50
152,18,176,152,187,187,129,145
152,100,140,152,187,187,129,145
152,102,135,152,187,187,129,145
111,38,199,111,170,170,59,9
111,42,1,111,170,170,59,9
111,23,33,111,170,170,59,9
111,140,85,111,170,170,59,9
111,51,92,111,170,170,59,9
102,22,152,102,39,39,181,100
102,132,136,102,39,39,181,100
102,48,155,102,39,39,181,100
102,16,142,102,39,39,181,100
113,148,55,113,32,32,72,66
113,121,149,113,32,32,72,66
113,178,109,113,32,32,72,66
113,185,142,113,32,32,72,66
113,149,52,113,32,32,72,66
